531
766
425
624
600
249
701
490
360
432
539
285
233
381
242
674
736
447
415
284
731
597
620
493
403
627
719
615
533
776
459
642
708
492
538
442
863
331
255
264
569
542
675
537
457
622
379
282
712
759
170
548
437
419
464
690
703
324
473
430
439
545
626
673
351
393
483
245
340
633
423
469
652
598
657
887
631
724
396
786
438
709
726
283
705
666
269
556
619
237
495
218
780
587
638
460
528
402
344
355
376
798
502
839
552
684
803
519
748
225
370
259
567
319
335
485
783
566
777
190
526
740
817
398
315
847
760
676
802
346
555
751
343
640
186
147
104
311
300
188
236
293
749
480
689
373
661
718
864
220
745
874
145
435
756
289
