358
388
394
401
417
418
432
486
277
304
332
336
343
344
356
360
364
366
372
373
382
384
405
407
428
429
441
460
466
505
581
589
624
262
281
282
287
290
309
327
333
338
359
362
376
386
390
392
393
395
397
400
408
412
424
426
454
457
463
464
473
490
491
502
503
532
533
541
555
593
597
612
688
212
233
269
274
284
285
288
289
292
300
308
312
316
319
322
323
325
326
329
330
331
340
346
351
355
365
367
377
380
383
387
406
419
427
430
435
442
443
449
455
459
462
467
476
477
478
480
482
483
485
489
497
501
507
509
512
518
519
525
526
539
545
551
554
560
569
571
574
587
628
633
641
650
660
666
680
689
691
696
231
251
253
254
261
273
291
297
303
306
314
315
318
328
335
339
341
342
348
352
357
363
369
370
379
381
389
396
399
409
410
411
414
415
416
431
433
436
437
439
445
447
448
450
452
453
461
468
475
488
492
493
498
499
500
504
508
522
523
531
534
543
544
549
550
561
563
565
567
577
580
582
584
585
588
599
603
606
610
621
623
626
629
631
638
643
669
672
673
677
683
690
692
703
723
729
743
182
219
220
228
242
248
257
259
264
265
266
268
271
279
280
294
295
299
302
307
310
320
321
350
353
368
374
375
385
391
398
402
403
404
413
422
423
434
438
451
456
458
465
472
479
481
487
510
511
513
514
515
528
530
537
546
547
558
562
568
570
576
578
586
590
594
602
605
608
613
617
618
622
634
639
640
642
647
649
654
662
663
665
668
670
674
676
681
686
693
695
697
701
702
704
714
724
726
736
737
738
195
199
202
216
223
226
229
239
240
243
244
249
258
260
263
267
270
272
275
278
286
301
305
311
317
324
345
349
361
371
378
420
421
440
444
446
469
474
484
494
506
516
517
520
521
524
536
542
552
559
564
573
575
583
592
609
611
619
620
627
632
636
644
646
648
659
675
684
694
705
707
709
711
713
715
718
730
731
740
741
750
754
758
762
763
768
795
191
208
214
221
224
232
236
238
241
245
255
256
293
313
334
337
347
354
470
471
495
527
540
548
556
557
591
595
596
598
601
604
607
614
616
630
637
645
651
655
664
667
671
698
706
708
710
712
717
719
725
727
742
745
747
749
755
765
775
778
781
785
789
804
176
184
198
203
205
206
210
222
234
235
247
252
276
283
298
496
535
566
579
600
625
652
657
661
679
682
716
720
735
739
744
746
748
751
766
772
777
782
790
791
797
803
163
167
173
178
183
190
192
197
207
209
211
215
217
218
230
237
246
250
296
425
529
553
615
635
653
658
678
685
687
721
722
728
732
733
734
752
753
771
774
783
793
794
799
801
160
165
186
193
201
204
213
225
538
572
700
756
759
760
767
779
786
796
798
802
806
813
151
162
171
174
175
179
180
189
656
699
764
769
773
776
800
807
809
811
816
817
826
156
166
170
181
194
227
770
784
787
788
792
805
808
820
825
828
836
146
152
155
157
161
164
168
169
177
185
188
196
200
757
761
780
814
818
819
834
847
141
154
158
172
810
815
824
829
835
838
143
187
823
827
843
853
130
137
138
139
140
144
145
148
812
821
822
831
832
833
837
840
846
848
851
862
149
150
153
159
830
842
844
855
136
142
841
845
849
856
859
132
147
852
858
864
867
877
120
127
131
133
857
860
861
866
869
870
872
128
134
135
850
854
865
112
119
123
129
863
874
878
116
124
126
839
871
881
888
113
868
876
880
102
118
879
893
106
111
115
122
873
875
885
105
108
883
93
104
107
110
117
125
882
889
895
896
86
89
97
114
121
96
98
100
886
887
911
83
109
891
94
95
884
890
894
897
902
99
103
101
898
900
906
87
91
92
892
907
88
90
905
908
920
84
85
899
901
917
82
912
919
80
903
904
910
916
70
75
76
78
909
914
915
72
73
924
913
918
921
931
74
81
52
71
79
59
60
67
68
69
929
930
54
63
66
925
927
932
57
64
77
926
928
922
58
65
923
53
936
937
48
61
62
933
935
939
51
55
56
949
934
940
938
49
942
45
44
50
948
46
941
945
953
47
943
947
41
946
37
944
952
38
42
28
43
958
950
959
33
954
956
35
36
951
34
39
955
957
24
40
970
31
32
962
978
26
10
964
20
967
16
18
25
30
968
22
971
960
963
966
974
19
976
13
17
969
972
21
27
975
965
973
1
29
12
14
23
9
401
486
15
372
405
417
432
989
332
343
344
358
373
394
407
418
429
441
466
5
7
11
277
336
356
360
382
384
393
395
412
424
426
428
460
505
541
980
304
338
351
355
362
376
380
386
387
388
390
392
397
400
408
419
435
449
457
463
464
473
485
489
490
491
502
512
532
533
581
589
624
977
4
281
309
319
327
331
333
340
359
363
364
365
366
367
383
406
416
427
430
431
437
439
442
445
453
454
459
461
462
467
476
477
480
497
501
503
507
509
518
519
526
539
551
554
555
571
593
262
282
284
290
300
308
312
316
318
322
323
325
326
328
329
330
335
339
341
346
352
357
377
379
381
389
396
399
403
410
411
414
415
433
434
436
443
448
452
455
468
475
478
479
482
483
492
498
499
504
523
543
544
545
560
565
574
597
612
986
287
288
289
292
297
314
315
342
353
361
368
369
370
374
385
391
398
402
404
409
413
422
438
447
450
451
458
465
472
487
488
493
500
508
522
525
528
531
534
537
549
550
561
563
569
577
580
587
588
628
987
3
269
273
274
285
302
306
310
317
321
324
348
375
420
421
423
440
444
446
456
469
481
484
494
510
511
513
514
515
516
520
521
524
530
546
547
562
567
570
578
584
585
590
599
606
610
641
688
979
253
261
271
291
295
303
311
320
345
347
349
350
371
378
470
471
474
495
506
517
536
542
552
558
564
575
576
582
586
602
603
605
621
623
626
633
643
660
680
961
0
233
251
266
267
278
279
280
294
299
301
305
307
313
337
354
527
535
540
548
556
557
559
568
583
592
594
608
613
617
618
629
631
639
650
666
689
692
696
182
248
254
259
264
268
270
275
286
334
425
496
529
573
595
596
601
609
611
619
620
622
634
638
642
646
647
669
683
690
691
985
212
256
263
265
272
293
298
566
579
591
598
600
604
627
630
632
636
637
640
648
649
654
662
663
665
668
670
672
673
677
703
729
219
239
249
257
258
260
276
283
296
553
607
614
616
644
667
674
676
681
686
693
695
704
723
726
982
2
8
220
223
229
231
240
241
242
243
245
255
538
572
645
651
655
659
664
671
684
694
697
701
724
984
199
202
216
228
232
238
244
252
615
625
635
652
675
714
718
736
737
195
226
235
236
247
657
661
679
682
702
707
711
712
713
715
719
738
740
214
221
230
653
658
685
687
698
705
730
731
742
743
750
755
988
191
211
246
250
656
678
706
708
709
710
717
720
725
741
749
758
762
765
768
795
981
992
6
192
197
207
222
224
234
237
721
727
735
739
745
754
763
163
178
183
201
203
205
208
209
210
215
217
218
716
722
744
747
785
789
162
167
176
184
206
213
225
700
728
732
733
734
748
751
775
781
160
171
173
174
190
193
198
204
699
746
752
753
771
777
778
782
783
790
791
826
983
995
175
180
186
189
756
766
772
794
803
804
825
993
151
164
165
170
179
181
227
760
767
773
774
779
796
798
799
155
161
168
169
188
194
759
764
797
146
156
769
770
793
800
801
809
813
991
157
166
196
757
776
786
802
139
141
200
761
784
787
792
806
808
811
816
836
847
994
999
158
172
185
788
805
828
138
143
144
152
187
817
820
130
137
148
177
780
807
819
829
145
150
154
814
815
834
843
140
147
149
159
818
824
835
990
112
127
136
153
810
823
833
838
846
848
849
853
120
131
133
821
822
840
845
859
862
128
132
142
812
827
832
837
851
129
134
841
842
844
855
123
126
830
831
856
866
867
869
877
878
852
865
997
119
135
858
872
888
102
115
864
106
113
124
861
870
116
118
998
854
857
863
881
104
105
860
868
86
110
111
850
874
876
879
893
839
875
880
83
89
93
100
108
873
889
996
97
98
107
122
871
882
886
95
117
883
885
114
896
911
121
125
902
96
109
94
895
99
887
91
103
891
897
101
884
890
894
907
920
92
892
906
898
900
912
82
84
85
908
90
905
87
901
904
88
909
910
916
80
899
903
921
914
70
72
76
915
931
60
73
75
78
486
917
919
924
624
81
277
401
74
372
432
913
918
930
71
405
417
59
343
407
581
505
589
304
332
344
373
441
466
541
612
688
54
63
67
394
429
533
927
69
336
358
571
593
77
79
262
281
382
412
428
532
555
929
936
52
351
395
418
502
512
551
628
680
925
932
937
356
360
362
393
424
554
597
660
689
58
282
309
426
460
473
485
539
696
926
57
64
338
489
491
501
560
666
692
68
182
380
384
408
457
463
464
490
503
518
574
641
683
691
729
935
284
355
365
387
390
419
435
449
480
526
543
565
577
587
923
65
212
290
300
312
327
331
333
367
376
392
400
427
459
497
507
509
519
523
569
606
623
633
928
939
289
316
319
323
340
388
397
442
462
476
477
499
504
563
578
580
588
610
677
690
703
726
318
325
328
335
386
406
416
430
431
437
439
445
461
468
531
544
545
550
621
643
669
66
269
288
308
322
329
341
359
363
383
389
433
453
454
467
492
522
537
561
585
599
626
639
662
704
723
724
795
53
233
253
273
287
292
330
346
357
364
381
396
410
411
434
443
479
482
483
498
525
534
584
603
629
672
673
695
48
61
297
326
339
352
366
377
379
403
414
415
436
438
451
452
455
475
488
493
524
549
562
567
590
605
631
737
248
274
314
315
374
385
398
399
402
409
413
422
447
448
458
472
478
487
500
510
520
528
530
546
547
570
575
602
608
634
650
686
693
718
768
789
933
940
949
251
285
342
353
361
368
370
404
420
446
450
465
469
494
508
513
514
515
516
521
564
617
646
663
665
736
738
261
271
295
302
317
369
375
391
421
440
444
456
470
471
481
484
506
511
517
536
542
576
592
613
622
642
648
670
676
740
750
922
55
62
291
306
310
321
324
371
423
495
548
552
557
558
568
582
618
619
620
638
647
668
674
763
199
202
219
267
268
278
279
311
347
348
378
474
527
535
540
556
559
586
611
654
681
684
701
743
758
762
785
259
264
266
275
303
320
337
349
350
573
583
594
595
596
601
609
627
755
826
220
239
280
294
299
301
305
313
334
345
354
425
496
529
566
579
630
636
637
640
667
694
719
742
765
56
223
254
256
286
307
553
591
600
614
632
649
659
697
713
714
934
249
263
265
270
598
655
781
803
804
942
195
216
229
231
240
241
255
258
272
283
293
296
298
538
604
607
616
644
671
675
707
712
715
725
730
731
791
51
232
257
276
572
645
651
664
711
741
754
790
825
938
945
238
242
243
245
260
625
635
652
679
682
702
749
191
214
226
228
235
661
705
720
739
777
782
192
244
247
252
615
657
698
735
745
775
783
794
943
948
162
163
211
221
230
236
653
685
687
710
717
941
178
183
197
222
658
709
727
772
778
796
953
167
184
207
656
706
747
748
751
798
799
46
160
173
201
209
246
250
678
708
721
728
734
744
771
779
809
836
176
210
215
217
237
716
722
733
44
193
203
205
218
224
225
234
732
753
766
767
774
797
828
847
171
174
189
213
801
813
151
180
186
198
208
700
752
756
760
800
816
49
146
161
164
179
190
204
699
746
773
811
820
47
155
165
170
175
181
206
764
793
806
45
168
802
808
50
169
194
486
759
769
139
141
156
157
188
227
770
776
792
817
843
172
786
787
829
144
158
166
757
784
788
805
819
130
138
401
761
824
834
835
143
196
432
815
372
624
807
853
137
145
185
200
277
417
589
814
823
846
848
849
862
148
152
187
581
810
818
838
840
859
149
150
154
780
833
944
947
112
120
131
136
177
343
405
505
612
832
845
950
958
133
140
332
344
407
851
946
127
147
153
441
541
821
822
827
837
952
304
842
844
856
132
159
373
394
466
841
869
877
956
123
358
533
593
688
866
867
37
38
41
42
128
129
134
142
336
429
571
812
831
855
865
878
126
262
428
502
597
852
864
872
119
281
418
532
555
628
660
680
830
954
28
135
356
382
858
102
124
360
412
551
554
689
696
43
113
460
512
666
691
888
118
282
351
395
692
861
115
393
424
473
539
641
959
106
309
384
560
633
683
857
870
881
957
338
362
426
485
501
623
690
863
116
388
503
574
587
723
729
854
105
111
290
489
490
518
577
669
86
104
182
284
390
457
491
569
606
677
703
874
879
35
107
212
327
463
464
565
650
704
726
860
875
24
33
36
93
100
333
408
526
543
621
850
868
83
97
110
122
269
289
319
366
376
392
507
509
519
545
580
672
673
876
893
967
34
39
89
98
108
233
287
300
331
355
400
435
449
497
563
578
610
643
662
724
839
871
880
964
26
32
117
312
364
380
386
454
480
499
523
588
599
603
626
629
639
695
873
253
322
365
387
397
459
686
737
795
885
95
125
308
340
359
406
419
476
482
631
743
955
96
114
326
477
544
550
638
693
736
768
882
886
896
274
292
316
323
329
462
467
531
585
665
670
718
738
740
883
889
121
297
318
325
328
346
367
427
483
525
534
561
567
750
10
25
94
99
251
273
288
330
383
430
445
455
504
562
584
634
663
763
978
109
248
285
314
315
335
341
442
443
478
582
605
642
668
676
701
758
762
789
31
448
453
475
479
492
549
608
646
647
674
681
765
40
91
357
411
431
437
439
461
468
488
522
537
570
590
622
654
755
911
962
261
352
369
377
381
399
410
416
436
500
586
602
613
648
684
697
714
902
199
219
339
363
379
450
452
498
508
528
546
617
618
694
804
887
895
16
103
202
220
291
389
396
433
575
594
640
649
741
785
951
970
101
271
398
414
415
447
458
493
513
530
547
558
713
715
730
742
754
781
960
971
231
254
259
303
306
348
568
711
719
731
30
90
92
295
302
370
391
409
451
511
576
592
619
620
627
891
897
20
280
294
310
320
342
350
353
385
422
472
514
524
564
583
611
702
707
790
22
84
85
87
195
228
239
265
266
279
321
404
423
434
456
481
484
510
515
632
636
644
791
803
894
18
242
257
264
368
375
413
487
520
536
552
659
778
884
82
191
216
286
307
345
349
438
465
517
521
609
667
671
675
712
749
775
782
890
900
907
17
229
240
299
305
324
378
403
516
542
559
637
698
705
725
727
777
826
892
13
19
223
249
267
268
402
420
446
595
598
604
709
747
898
920
963
76
88
214
260
270
301
374
444
494
616
630
645
655
664
745
772
906
908
80
317
440
474
607
651
710
739
794
797
70
75
226
245
278
311
361
421
573
596
601
717
751
783
163
241
258
371
527
540
557
614
706
708
720
744
799
825
901
21
72
73
167
243
244
272
337
347
469
506
548
556
591
766
905
176
178
221
256
263
334
679
735
771
912
976
208
238
275
313
471
495
600
652
657
682
748
796
974
1
27
60
78
160
293
470
661
798
801
813
183
184
203
232
255
535
579
793
809
965
12
162
192
224
496
746
836
916
966
59
71
234
625
678
716
774
847
969
74
151
354
425
529
566
615
779
816
899
903
904
909
968
972
23
81
173
207
236
252
298
685
734
802
811
828
914
29
205
206
247
296
553
721
910
198
210
235
250
538
635
653
722
728
732
733
752
767
806
915
9
14
63
165
197
218
246
687
760
931
67
201
211
276
283
486
572
753
800
820
975
989
52
54
69
171
186
190
204
700
917
921
79
146
193
222
230
237
401
417
432
786
919
156
215
658
756
773
834
15
166
170
174
209
589
759
817
986
11
77
164
175
180
213
225
227
372
394
441
656
805
807
829
913
924
973
68
157
161
405
407
418
428
699
769
808
918
4
7
57
179
344
358
505
787
5
64
332
343
373
388
429
466
502
581
764
819
835
196
217
277
356
382
460
541
770
788
58
65
155
189
336
360
384
395
533
624
792
814
843
139
169
200
366
393
412
424
426
473
612
776
853
927
3
141
304
390
454
503
532
571
597
846
930
66
138
152
154
181
364
457
489
501
512
555
593
784
818
838
0
130
168
185
188
194
351
376
386
392
400
463
464
485
490
539
551
554
824
53
137
172
177
281
338
362
397
406
408
435
449
482
491
518
823
862
48
140
158
282
327
359
497
507
509
519
545
560
780
837
979
144
148
262
290
309
333
459
467
476
499
526
569
810
840
980
287
319
331
380
387
419
455
462
480
543
565
574
628
761
815
851
929
932
987
55
322
326
340
355
365
383
448
477
478
483
523
577
587
650
688
848
936
2
149
159
346
430
443
445
525
544
580
623
633
757
145
187
284
289
300
308
312
329
367
369
427
475
534
563
582
606
660
691
827
62
269
314
323
330
341
411
442
453
479
488
492
504
531
550
578
588
599
603
621
641
680
696
832
833
855
926
937
977
61
143
150
274
315
316
325
328
377
399
549
561
562
567
610
666
689
822
849
859
285
292
297
318
335
352
357
436
437
439
450
500
629
638
669
692
723
831
877
6
8
133
136
379
381
410
416
431
452
461
468
508
584
585
586
690
844
925
928
961
56
127
142
253
339
498
522
528
537
570
626
631
643
683
845
923
935
939
112
153
273
288
348
447
513
546
590
594
639
673
812
120
212
233
291
363
396
398
530
605
608
672
677
704
251
303
433
458
493
558
575
602
613
622
642
662
729
842
856
867
132
294
306
320
350
389
391
414
415
568
618
634
647
649
670
686
703
743
821
933
131
254
261
271
370
409
511
547
576
617
640
646
841
51
128
248
280
310
451
583
654
663
668
695
726
830
861
866
869
878
982
134
147
182
231
259
295
302
611
644
648
665
858
872
922
123
265
307
342
353
385
404
423
472
514
524
564
592
627
681
693
697
724
852
864
865
949
129
228
257
321
481
619
620
632
676
126
242
266
279
286
345
349
422
456
484
515
536
552
674
694
701
711
736
116
119
219
220
368
375
604
609
636
684
702
714
718
737
740
888
102
135
264
299
305
434
510
517
520
559
598
715
738
260
270
324
413
741
768
795
940
981
124
378
465
487
521
595
616
730
870
881
239
240
637
659
667
671
675
698
707
750
758
857
985
46
301
438
542
607
645
664
705
713
762
763
984
108
199
202
229
249
267
516
630
719
731
754
765
789
860
893
934
118
191
216
268
420
651
709
727
755
804
942
113
403
446
573
655
742
44
105
115
195
214
244
245
258
317
444
474
596
706
710
712
747
749
874
106
107
208
223
226
311
402
494
601
614
708
717
850
938
988
111
243
272
540
657
778
854
863
945
89
93
104
241
278
374
557
591
725
745
781
790
948
221
263
337
440
652
744
868
993
49
100
117
125
421
527
751
45
47
50
86
203
234
361
548
556
661
679
682
739
746
772
785
879
992
224
238
334
371
720
775
791
839
871
83
176
256
275
347
600
777
782
875
880
109
114
163
167
293
313
506
678
735
766
797
953
716
748
885
943
983
991
995
255
469
625
794
889
97
110
178
206
232
579
615
803
876
882
896
98
160
183
236
771
941
96
252
783
793
122
685
721
883
895
994
184
250
471
495
733
752
799
826
873
911
95
121
192
205
218
246
722
801
999
94
198
207
210
247
470
535
653
732
734
774
802
162
165
886
151
190
496
589
687
700
728
760
796
173
204
235
566
798
809
298
486
635
779
811
816
825
227
813
186
197
296
354
417
753
211
759
767
836
847
91
156
166
237
529
786
99
201
553
171
388
401
432
699
756
828
170
175
193
215
230
366
418
425
538
806
887
902
196
222
658
800
174
394
769
773
805
807
820
834
891
897
92
146
209
276
581
82
213
225
358
428
502
572
907
103
164
200
283
364
384
441
624
656
817
38
42
157
180
344
372
454
460
597
612
770
84
85
101
152
161
177
332
356
944
990
179
277
360
405
407
505
764
787
894
947
154
336
343
382
386
390
395
466
503
788
884
37
185
373
392
393
424
426
429
473
482
541
650
814
890
28
217
376
397
400
406
412
455
457
489
490
501
533
780
808
906
950
958
997
359
408
435
448
449
463
464
467
478
532
545
792
829
41
90
140
304
327
369
443
459
476
483
485
497
507
512
518
555
571
593
691
819
835
169
287
290
326
338
351
383
399
445
462
491
499
509
519
525
539
551
582
723
776
80
189
282
333
346
362
411
419
430
450
475
477
480
488
554
569
900
139
281
322
331
377
380
387
436
452
453
479
500
526
543
544
688
898
946
952
43
88
141
262
309
319
340
348
352
365
379
427
442
447
492
508
523
534
560
623
628
784
912
87
155
269
314
315
329
341
355
367
381
391
410
431
439
458
461
504
565
574
577
586
633
638
696
892
920
289
308
330
350
357
396
398
416
437
468
498
513
531
549
550
562
563
587
599
818
956
998
137
188
274
285
312
320
370
409
414
415
423
493
528
567
578
580
594
603
606
621
660
680
743
908
954
76
138
148
159
194
284
292
294
300
316
323
328
335
339
433
451
511
522
530
537
546
558
561
570
588
837
838
853
73
130
168
297
303
318
325
345
363
389
404
456
472
481
484
568
610
629
641
669
689
690
843
846
905
172
181
291
307
385
422
584
585
631
666
253
280
306
310
349
353
375
514
547
583
590
613
692
761
810
824
957
75
144
288
321
342
368
378
413
434
465
515
524
575
576
626
649
673
683
823
862
158
254
510
517
536
552
605
608
618
622
639
640
643
644
672
704
916
959
72
149
212
231
233
257
261
265
273
286
295
302
305
438
487
520
564
598
602
604
642
840
899
901
904
228
251
259
271
420
446
474
521
559
592
611
647
686
757
187
242
270
299
324
403
444
617
632
634
662
670
677
729
815
70
260
279
516
542
595
609
627
654
668
827
855
301
402
440
494
616
619
620
636
646
697
703
711
851
78
142
266
374
421
540
573
607
648
663
681
695
702
726
812
831
910
145
248
264
337
665
701
714
822
903
996
24
311
361
371
527
645
693
694
724
741
143
150
220
317
557
674
676
698
715
736
848
917
153
182
240
334
347
548
556
591
596
637
740
832
833
909
964
219
258
267
506
601
630
671
718
730
35
39
208
239
244
249
268
272
469
614
651
659
664
667
675
684
709
727
737
844
849
914
919
921
60
81
278
293
313
705
706
707
768
795
931
136
245
589
657
804
859
915
191
234
263
600
731
738
754
758
845
877
127
133
229
243
652
655
708
710
747
762
763
967
26
33
71
216
226
241
275
579
615
713
750
765
778
924
34
36
214
625
661
717
719
821
32
224
495
746
789
861
203
256
471
486
742
755
842
195
255
678
679
712
749
830
867
913
69
74
132
199
202
221
223
238
535
682
744
841
918
59
252
417
470
725
751
781
790
856
54
206
250
496
745
772
120
236
246
716
858
116
128
134
176
388
566
653
866
978
366
720
797
869
112
147
298
735
739
748
766
865
955
52
63
232
685
775
25
79
218
247
401
635
721
782
785
791
167
418
777
852
860
872
878
131
227
296
354
432
700
793
864
119
163
198
581
687
722
752
210
733
771
962
204
205
732
857
123
178
364
394
612
624
794
870
10
108
129
135
160
183
190
207
235
529
553
802
165
502
597
734
783
803
850
930
102
126
184
237
358
699
728
801
881
124
428
650
68
77
192
384
454
774
893
67
166
760
799
888
151
186
196
538
658
759
927
277
332
344
356
441
460
753
929
57
211
230
360
839
89
276
173
215
425
691
811
816
874
156
200
372
723
809
970
125
197
201
336
386
482
503
582
656
779
786
796
826
854
863
31
111
162
175
572
798
813
971
193
283
287
390
756
807
868
213
222
359
405
505
541
767
58
64
65
113
118
170
171
177
326
343
382
407
545
769
847
93
117
225
290
392
455
688
825
871
105
174
209
369
376
393
395
400
448
473
478
638
696
834
951
109
304
327
424
466
501
593
743
806
66
104
106
107
185
397
406
426
533
623
773
805
836
895
963
152
282
373
457
467
489
490
571
633
770
936
937
338
429
483
518
525
532
555
586
932
16
115
157
180
269
399
463
464
569
628
680
828
114
322
443
450
497
507
519
660
800
820
879
925
960
154
164
262
348
383
408
435
449
499
509
512
551
554
764
780
100
146
179
346
412
475
594
669
690
787
53
274
281
333
350
411
459
476
488
539
621
161
217
294
314
319
462
485
544
689
788
817
875
885
228
315
320
331
351
377
391
436
445
452
477
500
508
599
603
649
880
83
285
289
534
560
629
666
40
231
303
340
352
362
379
430
491
574
577
692
814
911
140
307
309
329
447
453
458
479
480
492
513
526
543
562
565
587
641
673
889
896
926
928
254
330
341
398
419
423
523
549
558
567
568
606
631
644
672
704
882
883
48
257
291
308
345
357
370
380
387
409
410
427
511
528
570
580
776
876
86
169
242
280
292
365
381
396
442
461
481
498
504
531
563
578
588
640
683
935
110
189
284
297
339
349
355
367
404
414
415
431
437
439
451
456
468
484
493
530
546
550
583
233
253
265
286
306
378
416
472
537
561
598
604
610
613
642
711
792
96
159
212
260
300
310
312
321
323
328
375
385
389
422
433
514
522
670
686
697
259
305
316
318
325
335
353
363
413
465
515
576
584
585
618
622
626
632
647
668
702
808
819
873
939
251
342
368
434
446
474
517
536
552
639
643
677
741
121
122
270
420
444
510
524
547
590
605
608
729
829
923
22
188
194
208
261
271
288
295
299
302
438
440
487
520
559
575
589
611
654
662
698
784
835
141
301
324
403
421
521
564
595
602
616
627
714
974
55
139
273
388
402
486
494
516
540
592
607
609
634
681
703
715
726
949
148
155
279
337
366
371
374
417
527
542
617
636
645
701
97
137
220
334
361
573
646
695
727
94
266
311
347
469
506
665
694
709
724
736
818
248
264
418
548
557
619
620
648
663
693
62
98
234
244
317
401
556
591
705
730
740
837
17
172
181
240
258
293
313
432
596
706
747
761
922
933
20
168
187
272
364
471
495
601
674
676
708
754
838
30
61
130
138
182
239
249
394
651
664
671
675
707
219
245
267
454
470
496
614
615
637
737
757
804
56
191
224
243
278
384
428
502
535
600
630
657
684
710
718
768
823
846
149
263
268
358
579
581
659
667
746
758
778
795
810
853
886
19
95
144
158
203
731
738
762
226
229
275
441
625
652
717
965
13
214
460
661
763
142
206
216
241
354
356
566
597
655
765
907
976
252
344
360
612
678
812
250
255
332
713
719
750
824
18
51
246
298
529
624
650
744
221
238
256
296
372
386
482
789
831
840
503
679
751
843
855
940
195
236
553
582
653
712
716
749
755
815
153
176
336
538
682
745
862
92
145
277
635
725
742
772
790
822
891
972
223
227
359
390
797
827
199
202
505
906
99
150
218
247
287
382
425
541
545
326
405
455
766
781
232
343
369
392
407
700
720
851
894
376
478
685
748
897
82
143
327
395
400
448
473
638
691
739
902
91
198
204
290
687
721
735
752
887
966
84
393
424
501
593
722
775
793
989
276
397
406
466
533
572
723
969
163
167
205
210
237
571
586
190
304
426
699
732
733
235
373
467
489
490
525
623
633
777
848
884
196
282
518
532
555
569
658
782
791
802
207
322
338
457
483
771
283
348
399
688
785
833
890
968
136
594
628
696
849
85
133
160
165
269
429
463
464
519
728
166
183
184
200
383
443
450
497
507
509
551
554
656
734
743
801
832
844
12
103
127
346
512
660
759
794
101
178
294
350
499
649
680
986
21
186
274
621
669
80
230
262
320
333
408
435
449
475
488
760
774
783
116
314
539
603
845
877
132
281
315
319
476
544
599
690
192
211
215
285
411
629
753
803
821
830
859
934
412
459
508
799
861
228
303
331
391
500
560
644
666
177
231
289
307
351
377
452
534
574
689
151
156
352
436
462
485
631
641
673
340
477
562
577
587
692
786
1
128
175
225
254
257
445
513
558
567
640
134
173
197
213
280
291
309
329
345
379
568
912
201
242
704
842
945
88
222
308
362
447
491
526
549
565
570
604
606
672
756
807
816
938
73
185
193
260
330
423
430
479
543
580
598
711
209
265
292
458
583
642
811
858
899
170
341
398
492
523
589
670
683
697
769
779
841
152
286
306
370
453
511
578
613
632
702
809
253
297
528
588
647
668
686
767
798
910
305
349
357
409
480
563
610
618
860
904
917
87
162
284
410
546
780
813
856
900
90
147
171
174
208
233
270
310
419
481
484
530
531
550
622
698
796
892
975
120
259
339
366
561
626
741
773
805
321
378
381
388
404
456
639
643
654
770
834
942
948
365
387
498
677
108
251
312
493
576
585
714
867
919
154
380
415
627
715
729
869
916
131
300
355
396
414
451
504
605
611
616
662
681
180
217
323
375
427
584
608
75
212
271
299
318
367
514
607
703
727
764
806
72
439
442
461
468
536
537
701
709
826
905
261
316
328
522
552
590
634
645
119
135
157
179
302
325
342
385
431
472
486
866
295
301
335
353
515
559
609
636
646
706
726
730
736
787
847
850
870
234
364
422
437
595
602
694
695
705
112
140
288
416
417
465
474
517
665
708
852
924
46
164
220
244
418
547
617
747
800
836
898
273
279
368
413
433
575
648
663
45
389
446
724
740
746
788
839
921
324
363
444
454
693
857
266
420
524
671
825
864
865
27
161
434
510
540
564
592
710
814
159
224
240
258
264
334
337
384
394
401
432
440
520
527
573
619
675
707
754
124
146
421
428
438
487
502
620
657
664
674
676
820
828
920
311
516
521
542
650
817
189
272
293
358
371
402
403
460
581
651
684
915
44
441
494
591
597
123
203
245
248
249
347
356
361
374
469
482
506
615
737
768
776
49
125
206
360
386
503
557
582
717
778
901
909
78
191
243
344
548
637
804
903
239
313
317
332
471
495
496
556
596
601
612
731
129
169
219
359
372
390
455
470
758
792
872
263
369
448
478
535
614
630
718
738
795
226
267
336
392
545
579
600
624
652
659
667
953
354
376
382
395
400
405
407
473
505
625
661
678
762
126
194
214
250
268
278
326
393
397
406
424
541
744
763
287
426
466
467
501
765
881
188
229
246
343
399
457
489
490
529
566
655
76
241
252
275
277
327
425
450
483
525
533
538
878
216
348
373
443
463
464
518
586
638
713
182
227
290
298
383
429
507
532
553
719
784
221
255
296
435
449
497
509
519
571
593
716
750
751
350
408
475
488
499
555
569
749
908
236
322
338
346
411
476
512
594
653
691
723
102
238
391
412
436
452
459
500
679
893
187
256
304
377
462
508
551
554
712
745
320
477
539
544
623
819
868
282
294
333
379
445
485
633
635
682
757
761
772
829
918
81
176
352
447
513
755
913
314
315
331
345
423
430
458
534
572
700
797
109
195
218
319
351
479
491
560
790
808
269
307
340
398
526
549
558
589
599
603
628
725
766
914
89
148
303
362
492
562
567
568
574
621
789
111
274
329
366
453
511
543
565
577
649
742
370
523
69
137
172
247
285
341
388
528
570
587
743
835
181
276
281
409
583
604
629
644
688
696
752
874
29
141
155
289
308
309
330
357
480
580
598
669
685
720
50
117
223
280
291
349
410
606
660
687
699
748
781
818
888
139
198
202
262
283
578
631
721
722
863
204
237
257
481
484
530
546
563
588
837
854
93
232
292
419
640
680
690
306
381
531
550
613
641
793
47
228
254
305
378
404
456
658
739
9
168
196
199
210
286
310
498
561
610
871
895
114
149
190
231
260
297
339
666
732
733
158
265
321
387
493
632
642
673
735
775
242
365
618
656
200
205
270
284
576
647
689
810
812
941
105
142
380
415
622
672
396
585
802
235
355
375
504
626
692
312
414
451
486
670
138
364
584
611
643
702
704
711
253
514
616
639
697
777
165
167
300
323
427
605
607
627
668
782
71
207
259
536
608
654
683
771
791
113
367
698
734
759
838
153
299
318
418
442
461
537
552
686
728
417
439
468
590
118
163
208
522
823
325
328
342
385
130
316
559
645
70
144
166
271
301
353
472
515
609
230
251
431
454
595
602
636
714
302
634
662
681
741
177
186
233
335
517
677
760
929
215
261
295
474
646
650
715
846
822
184
211
234
422
465
617
801
831
183
225
384
437
575
706
709
727
774
785
794
416
547
701
54
104
178
368
160
185
394
694
703
753
273
502
581
597
648
705
213
288
324
401
582
663
729
244
279
413
665
695
708
428
432
783
358
446
730
855
619
175
334
337
573
592
612
657
433
444
540
746
363
389
671
675
212
222
460
482
564
664
747
786
266
356
360
726
736
150
258
420
524
620
651
693
885
156
220
615
674
676
710
799
264
527
780
824
23
106
152
293
386
707
756
807
151
224
272
311
724
815
115
192
503
520
931
145
193
240
359
510
624
769
201
332
853
209
344
591
637
740
803
287
369
441
684
827
638
79
107
197
717
326
455
542
545
754
840
173
440
487
170
245
243
249
434
448
478
678
203
206
347
390
421
630
652
811
248
250
371
516
586
779
601
661
770
925
336
521
217
667
723
737
816
596
691
731
767
313
348
392
557
246
290
376
438
625
659
121
327
614
226
372
400
402
406
382
397
399
450
467
594
227
239
263
350
366
403
473
483
494
525
100
277
393
395
424
501
505
506
541
556
317
405
407
426
443
457
469
489
490
548
589
655
778
374
388
464
466
475
488
496
518
600
361
383
391
452
463
495
507
718
294
320
343
411
435
436
449
471
476
497
499
500
508
509
519
533
744
773
154
322
408
423
429
447
459
462
470
532
535
569
579
593
623
843
191
252
345
346
373
377
445
458
477
512
633
738
338
354
379
412
513
544
555
571
649
768
174
214
219
307
398
425
430
479
485
539
716
268
352
453
492
511
534
538
551
554
229
409
491
529
558
566
568
805
267
314
333
364
370
481
484
526
549
644
653
762
171
278
303
304
315
331
410
418
456
480
528
562
598
603
604
269
282
378
404
486
523
543
553
560
567
599
298
340
349
351
362
417
419
454
498
530
570
574
583
621
180
319
329
493
565
713
241
274
341
357
381
546
577
628
764
275
396
414
415
451
531
743
236
285
296
387
580
809
280
330
375
427
504
550
563
587
758
159
255
442
461
514
572
578
588
629
257
291
308
365
380
384
428
432
439
468
472
502
561
606
640
719
286
305
306
339
394
401
431
474
289
385
460
465
536
576
613
631
635
669
228
309
422
482
515
679
238
310
321
367
437
517
522
537
552
632
696
700
749
355
416
751
221
281
292
413
446
610
618
682
688
260
358
584
585
660
813
254
297
433
444
559
582
270
353
386
641
179
216
265
342
368
611
622
642
231
242
256
360
581
616
356
389
503
547
590
595
607
765
140
218
312
323
420
597
745
763
804
262
328
540
647
690
284
605
608
650
335
524
626
673
712
834
318
363
575
609
851
276
300
316
325
359
369
527
602
680
702
299
301
441
643
666
573
627
798
283
337
672
247
564
711
302
334
510
520
639
645
670
699
143
324
344
455
612
654
259
332
295
668
796
545
592
685
698
617
636
687
750
271
326
448
689
176
478
253
634
686
697
752
390
157
615
658
692
196
440
162
237
288
311
591
656
704
721
287
624
204
293
542
619
683
725
487
586
638
755
208
646
772
261
787
198
251
279
662
722
620
648
366
234
336
348
421
681
434
273
720
748
200
347
371
392
706
795
194
376
388
589
516
709
714
327
521
657
594
350
732
266
399
663
727
244
400
651
677
272
397
766
671
715
406
525
664
741
450
258
372
705
195
694
232
290
601
733
467
708
223
742
665
264
483
701
320
637
233
596
294
382
675
557
364
746
501
345
391
630
695
473
395
625
210
652
307
649
541
313
443
633
691
393
569
346
739
518
224
488
383
505
322
490
674
475
604
508
735
644
454
598
678
489
500
423
452
418
513
424
458
464
447
411
482
457
463
436
507
460
519
476
455
484
478
502
486
449
481
509
462
499
479
459
466
428
453
497
448
456
474
492
435
503
511
438
445
477
498
426
401
417
486
343
358
372
384
388
394
405
418
432
332
336
344
356
360
364
366
373
382
386
390
393
395
400
407
412
424
426
428
429
441
460
466
505
589
327
338
351
355
359
362
376
380
392
397
406
408
454
457
464
473
502
503
533
541
581
329
331
333
340
346
357
363
365
367
377
379
381
383
387
416
419
427
430
435
449
455
459
462
463
467
476
477
482
485
489
490
491
497
501
507
509
512
518
519
532
539
551
554
555
560
569
571
597
612
304
309
312
316
319
322
323
325
326
330
335
339
341
352
369
370
389
396
399
409
410
411
414
415
431
433
436
437
439
442
443
445
448
452
453
468
475
478
480
483
488
492
498
499
504
522
523
525
526
543
544
545
550
563
565
574
587
593
624
277
300
308
314
315
318
328
342
348
350
353
361
368
374
375
385
391
398
402
403
404
413
422
423
434
438
447
450
451
458
461
479
487
493
500
508
513
528
530
531
534
537
546
549
561
562
567
570
577
580
582
584
585
588
599
281
282
284
287
290
292
320
345
349
378
420
421
446
456
465
472
481
484
494
510
511
514
515
516
517
520
521
524
536
547
552
558
564
575
576
578
586
590
594
603
606
610
288
289
297
303
306
310
311
317
321
324
337
347
354
371
440
444
469
474
506
527
540
542
548
559
568
573
583
602
605
608
617
621
628
633
641
285
291
294
295
302
305
307
470
471
495
556
557
592
595
596
598
609
611
613
618
619
623
626
629
631
638
643
650
274
280
299
301
313
334
496
535
566
579
591
601
604
607
620
622
634
639
647
262
271
273
279
425
529
553
600
616
627
630
632
640
642
646
648
649
660
666
269
270
275
278
286
293
538
572
614
636
637
644
654
669
298
615
625
663
668
670
688
261
265
266
267
268
276
283
296
635
645
651
662
667
673
680
253
259
263
264
272
655
659
664
665
672
689
691
692
251
254
260
652
671
674
676
677
681
683
684
686
690
695
696
257
258
653
657
661
675
697
703
248
256
693
249
255
658
679
682
694
233
252
656
685
687
698
701
702
704
723
242
243
244
678
705
707
715
240
241
711
714
729
231
246
247
250
712
713
719
236
239
245
706
708
710
724
726
238
709
717
718
737
738
228
229
232
235
721
736
223
226
234
699
700
716
720
722
725
727
730
731
216
219
230
735
740
743
212
220
237
741
742
745
221
732
733
739
749
224
728
744
746
747
750
734
755
211
214
218
752
754
215
217
222
748
753
758
762
202
208
210
765
195
206
225
751
199
203
207
209
227
756
768
182
213
763
197
204
205
191
198
201
759
760
766
757
771
772
775
190
192
189
764
774
778
795
193
773
783
186
761
767
769
781
790
176
178
183
184
194
196
770
777
779
782
175
188
200
785
174
776
789
173
179
180
181
185
791
797
165
167
171
786
794
163
784
793
803
804
187
780
796
798
799
160
162
168
170
792
801
802
787
800
169
788
151
177
155
161
166
806
813
156
164
152
157
172
805
807
809
158
159
808
811
817
146
816
141
153
826
154
812
814
143
150
815
148
149
810
818
819
820
825
828
144
140
145
137
138
821
824
836
139
822
829
130
142
147
827
834
835
838
823
833
136
831
832
843
847
131
830
837
846
132
842
134
841
845
848
128
133
840
851
853
120
127
855
129
135
844
849
852
856
859
862
126
858
112
119
123
839
867
860
864
866
869
113
124
850
854
870
115
116
857
872
118
861
863
865
877
122
874
106
121
102
486
868
105
111
110
401
888
114
117
417
432
876
878
880
108
372
405
871
881
104
125
343
394
407
429
441
466
505
624
873
86
93
97
332
344
373
412
418
428
541
581
875
879
107
358
382
393
395
424
426
460
473
502
533
589
89
98
109
277
336
356
360
380
384
388
390
408
419
435
449
457
463
464
485
489
512
532
883
96
100
304
351
362
376
386
387
392
397
400
406
416
427
430
442
445
453
454
459
461
462
476
480
490
491
501
503
518
539
551
554
555
571
612
885
95
338
355
365
367
383
389
410
411
431
433
437
439
443
455
467
468
477
482
483
497
499
504
507
509
519
526
593
83
103
309
333
359
363
364
366
377
379
381
396
403
414
415
422
434
436
438
447
448
451
452
475
478
479
488
492
498
523
543
560
597
882
893
94
101
281
327
331
340
341
346
357
374
385
398
399
402
409
413
420
446
450
456
458
465
469
472
487
493
500
522
525
531
537
544
545
550
565
569
574
312
316
319
322
323
325
328
329
335
339
352
361
368
369
370
391
404
421
423
440
444
470
481
484
494
508
510
513
514
520
521
524
528
530
534
549
561
563
577
580
587
628
889
99
282
300
308
318
326
330
342
353
371
375
471
474
495
506
511
515
516
517
546
547
562
578
584
588
606
886
92
262
284
290
314
315
378
536
542
567
570
585
590
599
610
688
887
895
896
287
288
289
292
297
347
348
350
425
496
527
535
540
548
552
558
564
575
576
641
87
91
310
317
321
324
345
349
354
529
556
557
559
568
582
592
602
603
605
621
623
633
660
884
84
88
90
269
273
285
295
302
306
311
320
337
573
583
586
594
608
626
680
890
891
911
274
291
303
313
334
566
595
596
613
617
629
631
639
643
666
689
85
261
271
279
294
299
301
305
307
538
553
579
591
601
609
611
618
619
620
622
650
692
696
897
902
253
275
278
280
600
634
638
669
683
691
894
251
266
267
268
286
293
572
598
604
614
642
646
647
662
892
898
82
248
264
270
296
298
607
616
627
630
640
648
663
672
673
677
690
906
233
254
256
259
263
265
283
632
636
637
654
665
670
695
900
75
78
272
276
644
649
668
686
703
729
76
80
212
249
255
257
258
615
625
635
645
659
667
674
676
681
693
704
901
907
908
70
72
241
260
651
655
684
726
905
239
240
652
664
671
694
718
723
724
912
920
73
81
219
231
245
252
661
675
697
701
899
74
79
223
229
232
238
242
243
244
653
657
679
737
904
917
71
220
247
658
682
707
713
714
715
719
916
919
216
226
228
235
236
656
702
705
711
712
736
738
740
903
909
910
199
230
246
250
685
687
698
725
743
914
915
52
59
60
68
69
182
202
214
221
678
730
731
750
67
77
195
211
234
237
706
709
710
720
735
742
921
63
222
708
717
721
741
755
924
54
57
64
66
224
727
739
745
749
758
762
768
913
918
58
191
192
207
209
215
217
218
716
722
754
931
197
203
210
225
699
700
728
733
734
747
763
765
201
205
208
213
732
744
748
795
61
65
183
198
751
53
62
178
189
204
206
746
753
193
752
789
929
48
167
176
184
186
190
227
756
772
775
778
781
785
925
926
927
930
163
173
174
771
777
783
790
932
51
55
162
171
175
180
766
774
782
928
56
165
179
181
194
759
760
779
922
923
188
764
767
773
791
794
803
804
936
160
168
170
196
796
939
200
757
769
798
937
49
151
155
161
164
169
770
799
933
45
166
185
776
793
797
44
156
157
486
761
800
801
802
935
46
50
146
172
187
786
809
934
158
792
940
47
141
624
784
787
813
949
152
177
788
806
825
826
401
808
144
780
805
811
816
938
139
143
159
372
432
807
41
138
148
150
154
581
589
817
820
130
137
145
149
153
417
836
942
37
277
343
405
505
541
828
945
42
140
332
344
407
612
814
815
941
948
38
373
441
466
819
953
43
394
429
533
810
818
824
829
834
835
847
28
131
136
147
304
336
358
428
571
593
142
382
412
418
502
532
555
838
943
33
127
395
424
512
551
554
821
822
35
36
120
132
133
351
356
360
393
460
473
539
597
688
812
823
833
843
128
134
281
362
426
485
501
628
846
309
384
457
463
464
489
490
491
503
518
560
832
845
848
34
262
338
380
387
390
408
435
449
480
574
660
827
837
944
946
947
952
26
32
39
40
129
282
355
365
376
388
392
400
419
459
497
507
509
519
523
526
543
565
569
577
587
849
853
24
112
123
327
333
367
427
442
476
499
580
606
641
680
831
840
841
842
31
126
135
331
386
397
406
416
437
439
445
461
462
477
504
531
545
550
563
588
689
851
859
958
284
290
300
312
319
340
430
431
453
454
467
468
544
561
578
610
623
633
666
830
862
950
10
119
316
323
325
328
329
335
359
383
389
433
479
482
483
492
522
534
537
585
692
696
844
855
30
115
289
308
318
322
330
341
363
364
366
381
410
443
475
498
525
584
599
603
621
856
959
113
288
346
357
396
411
414
434
455
549
562
567
590
626
643
683
691
852
16
25
118
124
287
292
297
326
339
377
415
436
438
448
451
452
478
487
488
493
500
510
524
528
547
570
605
629
639
669
954
18
20
102
106
269
352
379
385
403
422
447
472
508
520
530
546
575
602
608
631
866
956
116
273
314
315
398
402
458
494
514
516
521
564
650
662
677
690
858
864
867
869
957
22
274
285
342
353
368
374
399
409
413
450
465
513
515
542
592
613
617
634
877
951
955
111
253
361
370
404
420
444
446
456
469
481
511
517
536
552
576
582
618
622
672
673
695
703
729
17
122
295
302
369
391
421
440
471
484
506
558
568
586
619
620
638
642
646
663
665
865
872
13
19
105
233
261
291
317
324
375
423
470
495
548
557
559
611
647
648
670
704
861
870
970
104
110
248
251
271
306
310
321
371
556
583
594
654
686
723
726
839
854
863
962
21
86
121
212
279
474
527
535
540
595
596
601
609
627
668
674
676
693
724
857
964
27
117
266
267
268
278
303
311
347
348
378
573
579
630
640
850
860
888
978
1
93
108
125
259
264
299
349
350
496
529
566
600
614
636
637
681
868
878
967
29
97
100
114
275
280
301
313
320
337
345
354
425
591
632
649
659
684
694
701
718
737
89
95
107
254
286
294
305
334
553
667
874
881
12
14
23
83
98
249
256
265
307
598
604
607
616
697
738
239
263
270
293
538
644
645
651
655
671
675
736
96
109
182
219
258
272
276
283
296
298
572
664
713
714
719
876
880
968
971
9
223
240
241
255
257
625
635
652
707
715
740
743
750
875
879
216
220
229
231
679
712
871
94
199
232
242
245
260
661
682
702
711
755
873
960
11
202
238
243
615
705
725
731
742
768
882
885
963
974
5
7
15
226
235
244
247
252
657
698
730
741
758
883
966
4
99
103
195
228
653
658
685
687
720
762
886
969
91
214
236
486
656
709
710
735
739
765
972
976
101
221
230
678
706
727
745
749
754
763
795
889
893
965
84
211
401
432
708
717
3
92
222
246
250
417
975
191
237
372
716
721
722
728
734
747
896
973
0
85
192
197
207
209
224
405
744
748
90
201
215
217
225
234
407
441
589
733
751
895
2
205
210
343
344
394
505
700
732
753
775
781
785
789
82
87
178
183
203
213
218
332
373
429
466
541
581
772
778
8
184
208
358
418
428
624
699
752
777
783
887
911
6
88
176
198
277
336
382
502
533
746
756
766
771
782
790
884
891
902
167
189
193
204
412
460
532
571
612
791
803
989
163
186
206
304
356
360
395
424
555
593
767
774
804
80
162
173
174
180
393
473
512
551
554
597
760
773
779
890
897
986
171
190
351
426
501
539
759
794
894
70
75
160
175
179
227
362
384
388
457
485
503
764
796
798
898
72
76
165
181
390
464
489
490
491
518
560
797
799
892
977
979
980
987
151
188
194
281
338
463
769
801
906
73
78
170
309
392
408
435
449
497
507
509
519
526
569
574
628
757
770
776
793
908
961
60
155
168
376
380
387
400
459
480
499
543
545
565
577
587
800
900
71
161
164
169
262
282
327
333
355
365
419
476
523
580
761
907
157
196
331
386
397
406
454
462
477
563
606
660
688
784
786
792
802
809
813
901
905
920
81
146
156
200
290
319
366
367
427
482
531
544
550
578
588
623
633
641
787
806
826
912
74
166
284
300
340
359
364
442
445
467
504
561
610
982
985
172
312
322
323
383
430
437
439
483
525
534
585
599
621
666
680
788
825
916
158
185
316
325
328
329
335
416
431
453
461
468
479
492
522
567
584
603
689
808
811
59
79
187
287
289
308
318
326
330
341
346
443
455
537
549
562
626
691
696
805
816
899
904
63
141
357
363
389
433
475
590
629
643
650
692
910
981
984
67
69
269
292
381
410
411
448
478
488
498
570
605
631
639
669
683
780
807
909
52
54
288
297
339
436
500
528
546
547
608
817
820
836
77
139
144
152
315
352
377
396
414
415
452
493
508
575
582
602
690
828
903
914
919
988
138
177
274
314
379
434
524
530
638
662
677
917
68
143
145
273
285
447
451
487
510
513
520
564
613
617
618
634
672
673
815
915
921
992
57
58
64
130
137
148
149
150
253
385
399
438
458
472
576
586
592
622
642
814
819
931
154
159
353
398
422
450
514
521
558
646
647
670
695
703
810
818
824
829
834
847
153
342
369
403
511
515
516
542
568
594
619
620
648
663
665
704
723
729
835
924
983
993
65
233
291
302
368
370
402
409
413
465
494
536
552
611
654
668
686
838
918
991
140
251
261
271
295
306
374
391
481
517
583
66
248
404
456
484
559
627
640
674
676
693
726
822
823
843
913
995
131
136
147
279
303
310
324
361
420
446
609
649
681
812
821
833
846
994
999
53
212
317
321
348
375
423
444
469
557
595
596
636
724
48
120
133
142
259
266
506
548
556
601
630
632
637
684
701
827
61
254
264
267
268
280
294
299
320
350
421
440
573
694
697
832
837
848
853
927
930
127
132
349
471
495
527
540
614
644
659
667
718
737
845
851
62
265
278
286
307
311
371
378
470
474
579
743
840
990
112
128
134
301
305
345
347
591
598
600
604
671
736
738
831
842
849
862
55
275
535
607
616
645
651
655
664
675
714
715
841
929
123
129
231
239
249
257
270
313
702
707
713
740
859
126
219
220
242
263
337
566
711
719
830
844
855
925
926
932
997
56
135
182
240
256
258
260
334
529
856
937
228
229
272
496
652
698
705
712
750
852
936
51
119
216
223
241
293
553
661
730
731
741
243
245
354
625
679
682
755
923
998
244
255
635
657
709
725
758
762
768
866
928
939
113
115
118
199
202
226
238
296
298
425
615
710
727
742
754
858
864
867
869
877
922
195
214
232
276
283
572
765
935
106
124
538
706
708
717
720
745
749
763
865
872
46
102
221
252
685
739
747
795
933
996
235
236
247
653
678
687
735
44
116
191
486
861
940
224
658
716
744
870
47
49
111
234
250
401
417
432
589
854
949
45
50
105
208
246
656
721
751
863
888
934
122
203
211
230
372
394
418
722
748
857
878
222
237
344
358
405
407
428
441
728
733
734
746
775
778
789
104
207
210
332
343
373
388
466
502
505
581
700
732
772
781
839
860
868
874
881
86
110
176
183
192
197
205
218
336
356
360
382
429
460
541
624
766
785
850
942
107
117
121
209
215
277
384
393
395
412
424
473
533
752
790
108
167
178
198
201
206
217
225
390
426
503
532
612
699
753
777
804
938
945
93
97
100
114
184
204
304
366
392
454
457
463
464
489
490
501
512
555
571
597
771
782
783
125
163
213
351
362
364
376
386
400
408
435
449
485
518
539
551
554
593
948
190
327
338
397
406
459
482
491
497
507
509
519
756
760
791
875
879
880
83
89
98
186
227
333
359
380
387
419
462
467
476
477
480
499
526
545
560
569
774
797
803
876
95
173
193
281
309
331
355
365
383
427
430
445
455
483
523
543
574
871
941
943
160
282
290
319
322
340
367
442
443
453
478
479
525
544
565
577
628
759
767
779
794
953
96
162
165
174
189
262
326
329
346
411
416
431
437
439
448
461
468
475
492
504
531
534
550
563
580
587
799
873
109
171
175
180
287
323
328
341
357
377
381
410
433
436
452
488
498
522
578
588
606
773
793
798
885
284
300
308
312
316
325
330
335
352
363
379
389
396
399
500
508
537
549
561
562
567
599
623
633
688
796
801
37
41
151
179
289
315
318
339
414
415
447
450
493
528
582
584
585
603
610
621
641
650
660
764
38
42
94
170
196
292
314
369
398
434
451
458
513
530
546
547
570
769
802
882
883
893
200
269
297
385
422
438
472
487
510
524
586
590
629
680
691
770
156
188
194
274
285
288
353
370
409
511
514
515
520
558
575
605
626
631
638
666
786
91
99
103
166
181
342
368
391
403
413
465
481
521
564
576
594
602
608
613
643
669
689
696
813
886
28
157
161
164
168
169
402
404
456
484
516
517
536
542
552
568
639
692
800
809
889
101
273
291
348
374
494
583
592
618
622
683
757
761
776
43
146
155
185
253
295
302
306
310
375
420
423
559
617
634
642
690
792
303
321
350
444
446
611
647
662
672
673
787
826
896
947
261
271
324
361
595
619
620
640
646
677
723
784
805
806
811
816
944
84
92
251
294
317
320
469
506
557
609
627
648
649
654
663
670
780
788
950
152
172
177
233
279
280
349
440
548
556
573
596
665
668
686
704
807
946
952
187
254
299
421
540
601
632
636
695
703
825
958
90
158
248
259
266
307
345
378
474
527
598
604
644
729
808
887
35
85
141
264
265
286
305
311
371
471
495
630
637
674
681
817
836
895
33
87
212
267
301
470
591
607
614
616
676
693
697
820
828
891
902
911
24
36
154
159
268
278
347
579
694
701
726
26
82
139
144
257
270
535
600
645
659
667
684
724
743
814
954
956
959
32
34
39
137
138
148
231
275
337
671
834
88
149
242
249
260
313
651
664
675
847
140
143
145
655
702
711
714
715
718
819
884
897
130
150
153
228
258
263
272
334
566
736
737
810
818
829
890
957
76
219
239
240
698
707
835
220
256
293
496
529
625
652
705
713
738
740
815
898
75
80
229
553
657
661
824
892
894
10
25
70
241
243
244
245
719
730
741
838
964
31
216
615
679
709
731
812
40
72
142
182
223
255
354
635
682
712
727
750
822
900
908
78
136
226
238
298
706
710
823
907
967
73
214
296
708
755
758
768
827
837
843
846
906
147
589
717
725
742
754
762
821
833
853
955
16
127
131
133
195
199
202
252
276
486
653
678
747
901
60
132
221
232
236
283
425
572
685
720
745
749
765
832
905
912
920
978
120
191
208
224
234
247
538
687
763
795
831
840
71
134
417
735
739
744
848
851
962
30
74
81
128
246
250
401
716
845
862
20
22
203
235
432
658
746
849
855
951
17
418
721
751
841
842
916
59
112
388
394
581
624
656
722
748
778
830
844
970
18
63
123
129
358
859
79
135
218
230
332
344
372
428
441
502
612
700
733
772
899
904
960
13
19
52
119
126
176
206
210
237
732
734
781
789
67
69
205
207
211
277
356
366
384
405
460
597
728
752
766
775
856
903
909
54
77
336
343
360
407
505
790
804
971
178
183
198
222
364
382
541
699
910
914
68
116
167
192
204
215
373
454
466
503
777
782
785
852
858
197
209
304
390
393
395
424
429
473
533
753
771
866
867
915
21
27
102
113
118
124
163
184
190
201
225
227
386
426
501
532
571
593
861
877
917
919
921
963
12
57
115
217
376
392
400
412
457
482
489
555
783
791
797
864
869
1
58
64
106
186
213
327
338
351
359
397
406
463
464
490
512
518
545
551
554
760
865
111
282
290
362
408
435
449
455
467
485
497
507
509
519
539
569
650
756
774
872
931
974
160
165
193
281
287
309
322
326
333
383
448
459
476
478
483
491
499
560
628
688
759
870
65
66
173
262
319
331
340
346
380
387
419
430
443
445
462
477
480
525
526
574
582
633
793
794
803
913
976
23
355
365
369
377
399
411
427
436
453
475
479
488
523
543
544
565
577
587
623
691
924
29
53
105
108
151
162
175
196
329
330
341
352
357
367
379
381
410
431
437
439
442
450
452
461
492
500
504
508
534
580
599
606
660
799
839
850
857
860
918
171
174
269
284
289
300
308
312
314
315
323
328
396
398
414
415
416
433
447
458
468
498
531
549
550
562
563
567
578
588
603
621
680
767
779
801
854
965
104
117
180
189
292
316
318
325
335
339
363
370
389
391
409
451
493
513
522
528
537
561
570
586
610
638
641
696
773
802
863
878
966
968
969
9
48
122
125
170
200
274
285
297
348
385
422
434
472
511
530
546
584
585
594
629
666
669
769
796
868
110
156
166
179
342
350
353
368
404
413
423
438
456
465
481
484
487
510
514
515
524
547
558
568
631
689
764
798
874
14
86
107
114
121
288
291
303
306
375
402
403
517
520
521
536
576
590
613
626
692
770
786
881
888
55
62
93
100
310
320
321
374
420
444
446
494
516
552
564
575
583
602
605
608
643
690
723
927
972
89
253
273
294
295
302
349
542
559
592
618
622
639
683
813
11
61
185
188
194
271
280
307
324
345
361
378
440
611
642
647
649
672
673
930
15
83
109
157
161
164
169
251
261
421
469
474
506
595
617
634
640
662
809
975
4
181
233
254
279
286
299
305
317
371
527
540
548
557
573
598
604
609
627
644
670
677
800
929
986
989
56
97
146
152
177
259
265
301
311
471
556
619
620
632
646
654
668
686
704
776
5
7
51
168
266
347
470
495
596
601
636
648
663
665
757
780
807
811
871
95
96
155
248
257
264
270
337
591
607
616
695
703
743
761
787
792
805
806
816
826
875
880
98
212
231
313
535
681
697
729
788
876
879
242
260
267
268
278
334
579
614
630
637
645
674
693
784
926
932
936
973
3
600
676
694
701
726
885
94
154
187
228
275
293
496
566
702
873
893
172
249
258
263
272
529
651
659
664
667
671
684
711
724
825
937
0
141
158
159
486
589
675
714
715
817
836
883
220
239
240
354
553
698
718
808
820
925
939
140
219
244
625
652
655
707
736
814
828
834
882
923
928
46
91
139
148
243
245
256
615
657
705
737
741
137
138
229
241
255
298
417
661
709
738
740
889
2
44
99
144
149
296
713
727
730
847
935
6
49
103
216
401
635
706
719
922
979
45
50
92
130
226
238
252
432
679
708
710
731
819
886
933
47
84
101
143
145
150
153
182
223
276
388
425
572
682
712
818
829
896
980
208
214
234
418
538
581
653
678
717
750
835
895
8
224
236
283
394
624
747
754
758
768
810
949
987
191
221
232
247
250
725
762
82
85
142
195
202
246
358
428
502
612
685
742
755
911
199
203
344
366
687
745
749
765
812
815
332
372
441
597
716
720
744
746
763
824
838
940
977
795
837
90
235
277
356
384
460
658
735
739
822
823
846
961
136
336
360
364
721
751
778
891
206
405
505
656
887
934
87
218
343
454
541
700
722
827
843
80
88
127
133
176
382
407
748
772
853
902
210
230
237
503
733
831
938
942
132
147
205
304
373
466
650
732
752
833
945
131
198
390
395
533
571
593
728
734
766
781
789
804
821
840
884
897
120
128
134
204
207
211
227
386
393
424
429
473
699
775
790
832
855
982
75
76
167
482
501
532
545
555
851
890
894
948
41
178
183
287
290
327
359
376
392
400
426
848
38
72
192
215
222
282
338
457
489
490
518
551
554
628
688
777
845
862
37
42
73
163
190
326
397
406
412
512
569
582
633
691
753
771
782
785
797
849
907
953
981
70
112
184
197
209
262
281
351
455
463
464
497
507
519
539
623
844
906
78
201
225
322
333
408
435
448
449
467
478
499
509
560
660
791
830
898
941
123
129
135
165
186
213
309
362
483
485
525
638
759
760
783
841
842
892
160
217
269
319
331
346
369
383
459
476
574
577
587
621
680
696
774
793
859
28
116
119
340
443
462
475
477
491
544
586
599
603
641
756
900
43
126
196
289
399
411
445
488
526
534
543
565
606
666
669
723
794
943
173
193
274
308
314
315
329
377
430
450
480
523
580
689
175
284
285
330
341
352
355
365
380
387
419
436
452
453
479
492
500
508
562
563
567
588
594
629
803
856
984
985
60
151
200
292
348
357
379
447
513
531
549
578
610
631
690
692
801
802
858
861
877
908
912
71
81
124
166
174
297
300
312
367
381
391
398
410
427
458
528
550
561
570
779
799
920
171
291
303
316
318
323
325
328
339
350
370
431
439
442
461
498
504
546
558
568
585
673
683
767
852
901
905
156
162
170
180
189
294
320
335
396
409
414
415
416
437
451
468
493
511
522
530
584
613
626
643
649
672
866
867
102
253
306
363
385
389
404
423
433
481
484
537
583
618
639
642
769
773
786
869
899
916
69
113
254
280
288
307
310
342
353
422
456
472
514
547
576
590
605
608
622
640
647
670
796
798
988
35
74
108
115
118
179
185
295
302
321
345
349
368
375
413
434
465
515
536
552
575
602
644
662
704
743
764
770
864
992
33
36
106
111
233
251
261
271
273
286
378
438
487
510
517
520
524
611
634
654
668
677
686
860
865
870
904
910
993
52
54
79
231
257
259
265
299
305
324
402
403
420
444
446
521
559
564
592
598
604
617
632
813
872
983
24
157
177
279
374
474
494
516
542
595
609
627
646
809
839
26
39
59
188
228
242
260
270
301
361
421
440
540
619
663
665
695
697
703
729
850
917
995
32
34
63
105
125
152
161
164
194
212
266
311
317
337
371
469
506
527
557
573
589
616
620
636
648
681
857
903
909
919
117
169
248
264
334
347
486
548
607
702
780
800
807
811
991
104
146
313
470
471
495
556
591
596
601
645
693
701
711
726
776
805
816
915
944
93
181
267
417
535
674
676
694
787
806
854
914
921
77
89
114
258
268
278
293
388
401
579
614
630
637
698
714
715
724
757
826
863
947
67
68
107
154
155
168
240
249
263
272
275
418
432
496
600
671
792
868
878
950
994
999
57
100
109
220
244
354
394
529
566
651
659
664
675
684
741
761
788
881
952
958
25
239
366
667
705
736
784
874
888
924
64
110
121
122
159
187
219
243
245
358
428
502
553
581
615
707
709
718
737
86
172
298
625
652
657
727
730
740
913
931
946
10
140
229
241
256
296
332
344
372
384
425
441
655
706
738
817
825
834
58
65
66
83
141
158
208
216
234
255
356
364
460
624
661
708
836
31
226
252
360
538
597
612
710
713
731
814
820
828
918
182
214
224
238
336
405
454
572
635
719
808
956
959
137
139
148
276
277
343
505
678
679
717
747
754
871
40
96
97
191
223
236
250
283
407
541
682
712
750
847
16
138
144
149
203
221
246
382
503
653
758
762
768
48
53
95
195
247
466
746
875
880
893
954
232
373
390
725
755
765
879
98
130
199
202
386
395
473
533
650
716
742
744
745
749
819
876
957
94
145
153
206
304
424
482
545
571
593
685
687
763
818
885
929
20
359
393
429
501
532
720
778
795
829
61
142
143
150
235
327
376
392
555
658
751
835
882
883
990
218
287
290
400
426
582
735
739
810
873
997
22
176
326
338
457
489
490
518
551
554
656
700
721
812
30
56
237
282
397
406
512
569
722
748
930
17
210
227
412
463
464
628
633
772
838
889
55
62
198
204
205
230
322
455
497
507
519
539
623
688
691
804
815
837
964
18
51
281
351
448
478
509
638
699
732
733
752
766
824
895
925
91
207
262
333
408
435
449
467
499
525
560
660
781
789
822
823
13
92
99
167
483
728
775
790
927
955
967
998
136
211
269
309
319
331
346
362
369
383
459
476
485
574
577
586
587
621
734
846
896
19
84
183
190
215
443
603
680
696
827
103
133
163
178
340
399
475
544
599
641
723
797
831
853
886
82
127
222
274
289
315
462
477
488
491
534
594
606
666
669
771
777
843
911
978
184
192
314
411
526
543
565
567
580
629
782
785
928
101
132
186
197
209
285
308
329
445
450
500
508
562
631
689
753
932
937
85
165
196
201
213
225
284
348
352
377
430
436
452
523
563
578
588
690
692
793
821
840
855
922
926
962
134
147
160
292
330
479
480
492
549
570
610
649
759
760
791
833
851
12
120
128
131
217
297
341
355
379
387
419
453
513
673
774
783
21
200
294
300
303
350
357
365
380
391
447
531
550
558
561
683
832
951
193
291
312
320
410
458
528
568
585
613
626
642
643
672
756
90
166
173
175
253
323
339
381
398
546
639
640
794
802
862
891
935
970
1
27
151
254
306
307
316
318
328
367
370
427
498
504
511
530
583
584
618
644
670
743
801
845
848
936
939
50
80
280
325
409
442
493
605
622
647
704
803
844
849
923
174
231
335
396
414
415
431
439
461
468
522
576
590
608
662
668
677
686
799
830
996
87
88
112
116
156
171
233
251
257
265
288
310
423
437
451
481
484
537
632
654
123
135
162
170
228
242
286
321
345
353
385
404
416
514
598
602
604
611
634
697
767
779
842
887
949
23
119
180
259
261
271
273
295
302
342
389
433
456
536
547
589
627
769
786
841
859
884
897
971
129
185
189
260
305
349
363
375
422
472
515
552
575
617
646
729
773
902
46
177
270
299
368
517
559
665
681
695
702
703
711
933
960
49
73
75
126
179
212
279
378
413
465
524
592
595
609
648
663
764
770
796
798
890
894
907
940
44
47
324
434
510
520
564
616
619
636
701
861
45
266
301
446
487
607
620
858
906
9
29
72
152
157
420
438
444
486
521
645
693
694
698
714
715
726
813
856
877
963
76
124
248
264
388
474
516
540
542
573
674
676
807
809
934
161
311
402
403
417
724
741
780
102
108
164
194
220
317
334
337
366
374
421
494
527
671
811
974
78
188
240
244
249
258
361
371
401
418
440
557
601
664
675
684
705
709
736
805
816
852
867
70
146
169
267
272
293
313
347
432
506
591
596
630
637
651
800
866
113
154
208
263
268
278
394
469
548
556
707
727
776
787
806
860
869
892
111
118
239
243
245
358
364
384
428
495
502
581
614
659
667
706
718
730
737
740
864
898
938
15
181
219
234
275
332
344
356
470
471
579
600
657
708
757
788
865
870
11
115
125
229
360
372
460
535
597
612
615
624
826
839
850
14
106
155
159
241
354
441
454
496
652
710
738
747
761
792
872
966
140
168
216
224
226
277
336
405
566
625
655
661
731
834
857
900
912
4
105
214
255
256
296
298
343
382
407
503
505
529
713
754
784
905
965
968
37
81
117
182
187
191
238
252
386
390
541
553
717
719
899
969
976
69
71
172
203
373
395
425
466
482
650
678
746
758
768
825
916
942
89
221
246
250
359
392
393
424
473
538
750
762
814
817
836
908
910
948
972
41
93
114
141
236
276
304
327
376
400
429
501
533
545
635
679
712
820
828
904
920
7
104
109
158
195
206
223
287
326
397
426
532
571
572
582
593
682
765
854
878
901
54
60
148
283
290
338
406
457
489
490
518
555
653
744
755
847
863
881
917
919
5
100
107
137
139
247
412
455
463
464
512
551
716
725
745
749
763
778
868
874
941
52
199
202
232
282
322
448
478
497
507
519
554
569
742
795
808
3
149
333
351
369
383
408
435
449
467
499
509
525
539
751
888
945
138
144
218
281
346
483
633
685
691
720
975
74
79
121
176
319
331
362
399
443
459
476
485
560
623
628
638
687
915
921
924
110
227
235
262
309
475
477
544
574
586
700
989
38
83
86
130
153
237
269
340
462
488
491
577
658
688
739
772
804
819
903
909
122
314
315
411
445
450
526
534
587
594
599
603
621
660
721
722
735
818
829
871
59
142
145
198
204
210
274
289
329
352
377
436
452
500
508
543
565
567
656
748
766
835
914
0
150
205
285
308
348
430
479
523
562
580
606
696
723
752
893
28
42
63
96
330
379
480
492
513
549
563
629
641
669
680
699
732
733
781
789
790
943
973
986
207
230
284
341
350
391
419
447
453
570
578
588
810
812
953
143
167
190
292
294
355
380
387
558
610
631
666
775
797
68
297
303
320
357
365
528
531
550
649
689
690
837
838
913
57
183
211
291
300
410
458
561
568
728
734
875
918
97
163
215
312
398
498
511
546
585
613
692
879
880
885
67
77
178
196
307
323
339
367
370
381
504
583
626
640
673
777
815
876
931
947
6
64
94
95
165
184
222
306
427
530
584
618
642
643
644
672
683
771
782
793
822
823
824
2
98
186
253
254
280
316
318
325
328
409
442
493
622
639
743
846
33
43
192
209
225
396
415
439
576
589
605
608
647
670
785
66
136
160
213
257
310
335
414
423
431
461
468
522
537
590
598
604
759
760
791
853
882
35
65
197
200
201
228
231
265
345
404
437
451
481
484
514
611
632
668
704
753
827
831
873
883
895
929
233
242
251
286
321
602
654
662
677
686
774
783
802
889
166
217
259
271
288
353
385
416
456
536
627
634
697
843
980
127
133
175
193
260
261
273
302
305
342
349
515
547
552
575
794
855
979
58
173
270
295
363
389
433
617
646
801
840
952
132
151
299
375
422
472
517
559
681
702
711
756
851
944
950
48
368
486
595
609
636
663
665
695
703
729
803
925
946
8
156
279
378
388
413
465
524
592
607
616
648
799
896
987
128
147
174
212
564
619
698
701
821
833
911
91
92
120
134
170
171
185
301
324
366
510
520
620
645
694
714
959
977
82
131
177
180
266
715
769
779
786
832
862
36
162
417
434
446
487
674
693
726
741
767
956
24
32
53
84
248
264
420
444
573
676
773
958
56
61
99
116
189
418
474
521
540
542
671
724
770
844
845
930
40
152
179
208
220
244
311
438
516
664
675
705
709
736
798
830
848
849
886
103
240
258
364
401
432
684
727
764
796
961
39
85
249
272
334
402
527
581
637
651
807
813
26
34
157
337
394
403
591
601
624
630
706
707
730
780
119
234
293
317
358
428
502
557
596
597
612
657
708
737
740
809
811
101
135
239
243
245
267
374
384
421
494
659
667
718
816
842
112
161
164
194
219
263
268
332
356
440
614
710
841
859
861
51
123
154
224
278
313
344
347
361
371
454
460
556
650
747
805
891
922
937
954
129
169
229
360
506
548
652
738
754
927
928
80
146
188
226
277
372
600
615
655
661
731
858
214
216
241
275
441
469
579
717
746
787
800
806
16
55
62
90
126
191
203
336
503
625
713
776
877
926
932
982
108
159
495
678
768
788
856
935
31
88
124
140
182
238
252
343
382
386
405
719
757
758
762
884
25
181
206
221
250
255
256
287
354
359
390
407
471
505
535
541
750
826
834
887
897
246
290
298
326
470
482
582
744
761
792
852
867
907
981
102
155
236
304
327
373
376
392
395
545
679
712
765
778
860
902
20
73
187
195
296
393
400
424
466
473
496
566
593
682
763
869
894
906
10
87
168
338
397
501
529
533
553
571
653
691
716
745
749
755
795
866
890
75
125
223
282
322
406
426
429
455
532
555
784
814
817
836
850
111
172
247
369
448
457
489
490
518
569
635
638
751
839
939
949
202
276
333
346
351
383
412
425
478
497
507
512
538
551
554
633
725
742
820
825
828
847
864
865
870
955
957
50
113
141
176
199
218
227
269
281
283
331
399
408
435
449
463
464
467
499
509
519
525
623
628
688
923
118
158
232
262
309
315
319
340
362
443
459
483
539
572
586
804
951
30
72
115
137
148
314
475
476
485
544
560
685
700
720
723
857
872
936
964
984
985
106
117
274
289
348
352
377
411
450
462
477
574
594
599
603
772
139
285
308
329
350
436
445
452
488
491
500
508
526
534
577
587
621
660
687
696
739
89
105
149
198
210
237
294
320
330
341
379
391
430
479
492
543
565
567
580
721
766
978
983
76
93
144
204
235
292
303
355
357
387
419
447
453
480
513
523
549
562
606
669
680
722
748
808
940
114
138
205
284
297
365
380
410
558
563
570
578
588
629
641
735
752
789
790
934
78
109
291
307
370
381
398
458
511
528
531
550
568
631
649
658
666
781
797
819
933
167
300
306
312
339
367
498
546
561
589
610
656
690
699
732
733
992
70
104
107
153
190
207
280
323
328
345
409
415
427
504
583
689
775
818
881
892
130
142
254
316
318
325
396
414
423
439
442
493
530
585
613
640
743
829
854
868
910
912
100
253
310
335
404
431
461
468
484
584
618
644
673
692
835
863
874
878
898
899
967
993
145
163
183
196
228
230
231
257
321
353
385
388
416
437
451
456
481
522
537
576
598
626
642
643
672
900
905
962
988
995
18
22
150
178
265
286
305
349
486
514
590
604
622
647
683
812
69
165
211
215
242
342
363
375
389
433
515
536
552
605
608
639
670
728
777
793
888
916
917
251
259
260
270
271
288
302
366
368
422
472
517
547
611
632
734
782
810
904
919
71
184
186
233
261
295
378
413
559
575
602
654
668
704
771
837
938
970
17
54
160
200
273
299
417
465
627
662
686
697
838
81
83
121
222
225
524
595
634
677
759
791
960
143
192
213
418
564
609
617
702
711
785
871
908
920
44
46
86
110
166
209
279
301
510
520
592
607
616
636
646
760
802
991
13
49
122
197
201
324
434
446
487
681
753
774
893
901
924
212
364
401
420
444
619
648
663
665
698
815
823
846
915
45
175
266
432
474
521
573
620
645
695
703
729
783
794
822
824
27
151
173
193
217
394
438
540
542
581
701
714
801
831
921
999
47
52
60
96
136
264
516
694
715
994
156
208
597
741
827
853
79
177
185
248
311
358
428
502
527
612
624
674
693
726
756
170
220
244
337
384
402
671
676
709
799
803
903
909
19
133
258
334
403
664
675
705
724
727
855
885
37
127
171
174
234
240
272
332
356
454
460
557
591
601
637
650
651
736
786
843
875
895
942
74
94
97
180
249
344
596
630
684
706
840
880
162
293
317
360
421
494
657
707
708
730
769
876
879
914
132
152
374
440
767
779
851
882
941
95
243
245
614
659
740
883
948
59
98
179
239
267
277
372
556
667
710
747
770
773
913
21
128
219
224
263
268
313
361
441
506
548
718
737
807
918
189
278
347
371
503
615
652
780
833
134
147
226
229
336
600
746
754
796
798
813
821
862
889
12
63
116
120
157
203
386
625
655
661
717
731
738
764
811
832
873
41
131
191
214
287
359
469
579
582
809
816
971
23
154
216
241
275
343
382
505
678
713
931
974
161
194
290
326
390
405
407
541
805
844
848
929
1
57
68
164
206
252
482
545
691
758
768
830
963
246
250
304
327
495
719
762
845
849
911
64
169
182
188
221
238
392
395
593
744
750
77
146
159
255
256
376
400
535
638
765
778
787
806
976
67
92
236
298
373
466
473
533
571
633
679
896
925
65
119
140
282
338
354
424
471
682
712
716
763
800
66
82
195
322
393
501
555
569
653
723
745
749
776
788
834
842
943
135
269
369
397
406
455
470
532
566
623
628
688
755
757
795
841
859
861
947
84
91
112
223
426
448
457
490
518
751
29
227
296
333
429
525
551
554
635
742
826
945
99
176
181
218
247
262
281
346
383
478
489
507
519
586
725
761
792
123
187
315
331
351
496
497
499
512
553
594
660
696
804
858
966
968
28
108
129
199
202
274
309
314
319
399
412
464
467
509
529
539
603
621
877
990
997
155
276
289
340
362
408
435
443
449
463
560
599
669
680
700
772
814
836
886
85
126
285
294
348
350
352
459
544
685
720
817
124
168
198
232
303
308
320
377
475
476
477
483
508
574
577
587
784
825
969
38
172
204
283
329
330
411
425
450
462
485
534
567
589
629
649
687
739
766
828
847
856
860
9
48
58
103
210
292
297
307
341
379
391
436
500
538
562
572
580
631
641
666
690
721
743
748
752
820
56
80
101
102
141
237
284
291
355
357
430
445
447
452
479
488
491
513
526
543
565
606
722
790
137
148
158
205
254
280
365
387
492
523
549
558
689
735
789
797
867
953
42
125
228
235
300
306
312
345
370
380
388
419
453
480
563
568
570
578
588
640
673
781
852
891
998
231
257
323
339
366
367
381
398
410
511
528
610
692
699
732
733
850
930
61
167
190
242
253
265
286
310
316
318
325
328
409
423
458
486
531
546
550
561
583
613
644
672
775
839
866
946
965
33
139
149
321
335
353
415
427
498
618
658
869
15
53
111
196
207
305
349
385
396
404
414
431
442
493
504
530
585
598
604
808
870
922
14
260
270
375
417
437
439
456
461
484
576
584
622
626
642
643
647
656
670
683
864
907
952
35
138
144
163
251
259
288
302
342
363
364
368
378
389
416
418
451
468
481
522
537
639
704
793
865
183
233
271
295
299
401
413
422
433
472
514
515
536
552
590
605
611
632
668
686
819
944
959
88
90
142
165
178
230
261
432
517
547
608
654
697
702
711
857
884
906
4
73
153
200
273
301
394
465
559
575
602
777
782
897
11
40
89
113
117
215
524
595
627
662
677
728
771
818
829
872
887
894
937
118
130
184
211
279
324
358
420
434
444
446
510
520
734
928
115
160
186
384
428
487
502
564
581
592
607
609
634
791
835
93
105
109
166
356
438
454
460
474
521
597
616
617
636
698
759
802
890
972
43
51
106
145
208
212
225
266
332
540
646
681
812
902
114
222
311
337
360
516
542
573
612
645
665
760
785
810
956
75
150
192
213
264
344
402
403
619
620
624
648
650
663
695
703
714
741
774
87
334
527
701
715
729
837
104
209
244
372
441
694
935
950
72
151
175
197
201
234
248
258
421
440
494
709
753
794
838
177
220
240
272
293
317
374
503
557
591
726
727
801
868
881
7
32
107
143
156
173
193
277
386
671
693
705
783
854
878
927
932
5
62
100
185
217
336
596
601
664
674
676
706
863
874
926
55
249
359
361
506
548
651
675
708
975
245
313
371
382
505
556
637
724
736
822
823
958
170
243
267
287
343
347
390
405
541
582
630
657
684
707
730
756
799
224
326
407
469
482
614
786
831
846
239
268
545
740
747
803
815
824
888
910
3
24
78
152
171
174
219
263
278
290
327
659
667
710
949
973
83
136
180
392
395
600
615
652
746
853
871
989
50
76
203
226
229
376
400
579
718
737
754
769
827
893
899
954
121
191
304
466
473
593
625
855
917
986
16
36
162
214
275
373
424
495
533
571
661
691
717
807
912
69
206
216
241
638
655
731
767
779
919
923
86
179
252
501
633
678
738
770
780
916
939
951
39
110
127
133
246
250
282
322
338
393
455
535
555
569
892
898
905
70
157
221
406
490
713
773
840
843
900
996
122
154
189
238
255
369
397
426
448
457
532
723
758
768
798
811
813
904
934
54
96
132
269
471
518
525
623
628
719
744
762
778
796
816
851
940
71
182
236
298
429
519
551
554
586
688
809
924
0
81
256
354
383
470
489
507
594
750
764
765
805
895
20
194
333
346
478
497
512
566
679
716
936
34
116
159
161
164
262
281
499
621
653
660
682
696
712
26
128
195
227
274
314
315
331
399
509
539
589
603
749
763
885
169
188
351
464
745
751
795
833
862
134
140
218
294
319
412
435
463
467
544
560
599
635
669
680
755
921
31
94
146
176
223
285
289
309
340
350
443
449
459
496
553
629
787
806
821
915
147
247
296
362
408
475
574
577
587
649
725
742
743
804
834
880
120
303
308
320
348
352
477
483
508
529
567
690
844
933
97
377
485
562
631
641
666
700
788
800
830
832
875
882
883
901
131
199
202
228
476
534
772
876
879
908
920
198
292
307
329
330
388
411
462
513
580
606
685
689
776
848
955
2
30
52
231
254
276
280
291
297
366
391
450
452
491
500
526
565
640
673
720
757
766
204
284
341
436
447
479
488
543
558
568
687
692
721
826
79
95
181
187
210
232
242
257
357
379
445
486
492
549
570
578
588
644
748
752
845
849
6
98
265
286
306
355
430
523
563
572
610
672
722
739
761
790
797
814
861
889
938
25
60
119
237
253
283
300
312
345
365
370
387
425
480
528
538
583
613
735
792
909
205
260
323
339
380
419
453
511
546
550
598
618
873
135
155
305
310
321
328
364
367
381
410
531
561
604
642
647
670
683
699
732
781
789
836
842
911
914
167
190
235
270
316
318
325
398
415
417
423
458
498
585
626
643
704
733
847
903
913
168
196
259
335
353
409
622
639
668
697
702
711
775
817
828
859
172
233
251
271
302
349
385
401
418
427
432
504
530
576
632
654
658
686
784
820
841
108
299
375
378
396
404
414
431
439
442
456
493
584
611
980
112
148
288
295
342
363
368
394
437
461
481
484
522
552
590
605
608
793
825
858
978
74
82
137
141
163
207
261
301
356
358
384
389
413
416
422
451
468
515
537
627
656
896
918
158
165
332
428
433
454
472
502
514
517
536
547
559
581
662
677
698
929
979
200
208
273
279
460
575
597
602
650
10
123
139
360
465
595
607
612
877
92
129
149
183
324
344
420
446
520
524
634
681
8
49
124
178
372
434
444
510
564
592
609
616
624
636
646
741
771
777
782
860
37
126
230
266
438
441
487
617
714
728
925
964
59
166
212
215
311
337
386
474
503
521
645
665
715
802
808
142
160
186
264
334
359
403
540
542
663
695
701
703
729
734
759
791
856
44
84
125
184
234
277
336
382
402
516
573
620
648
694
709
819
850
957
46
91
102
138
144
258
293
374
405
527
619
931
960
977
45
211
244
272
317
343
390
421
440
494
505
727
867
970
47
63
68
153
220
240
287
326
361
407
482
705
760
785
839
57
248
392
541
557
582
591
671
706
726
818
829
852
870
225
313
327
371
395
400
774
886
962
987
85
130
177
192
213
222
249
290
347
376
473
506
545
548
596
664
674
675
693
708
835
866
99
111
175
373
424
466
469
556
601
676
730
736
801
812
941
185
224
243
245
651
657
753
794
27
64
151
156
209
533
707
724
747
810
837
869
942
18
66
80
145
267
304
455
501
571
593
637
684
865
197
201
338
393
406
490
614
630
746
783
864
65
150
173
193
239
268
278
322
369
397
426
448
457
555
691
710
740
857
89
203
263
495
532
569
579
891
67
109
219
282
429
518
600
615
659
754
948
77
117
206
217
383
507
519
525
638
652
667
786
799
838
103
152
170
191
226
229
471
489
535
737
756
214
275
478
551
625
633
661
718
723
803
872
101
241
269
346
497
499
512
554
586
717
114
252
333
399
470
509
589
594
678
731
907
93
105
118
171
216
246
464
623
628
113
143
174
250
314
315
331
354
412
463
467
539
655
738
807
823
961
180
221
281
298
435
443
449
459
769
831
41
115
255
351
544
688
778
822
22
238
262
274
294
340
408
475
560
566
603
621
713
744
758
768
236
319
350
388
477
599
762
780
884
906
947
56
73
88
106
154
162
320
483
508
696
770
815
846
90
182
256
285
309
352
362
496
574
577
660
669
719
824
853
104
179
227
289
308
348
476
485
567
587
716
767
811
868
881
897
48
303
366
377
500
534
553
562
629
743
765
779
813
827
855
887
136
157
462
486
529
680
750
816
922
228
411
450
452
513
653
679
763
773
874
890
894
100
107
176
195
218
292
307
447
479
491
526
565
580
606
631
641
649
682
712
745
749
751
796
805
809
878
189
231
254
296
329
330
436
488
492
543
558
635
690
795
798
804
17
159
280
297
391
568
666
755
854
140
242
247
291
357
379
445
549
640
863
61
127
223
257
284
364
430
523
563
570
578
588
764
943
967
133
161
164
194
265
341
528
583
610
673
689
700
888
286
355
480
511
613
644
840
930
13
58
75
188
306
365
370
387
453
546
598
725
742
772
834
843
902
132
198
253
260
300
345
417
419
550
604
618
672
692
851
893
87
169
199
202
204
270
276
312
380
498
531
561
946
976
72
116
146
305
310
323
401
410
418
423
432
643
647
766
797
806
871
210
321
339
367
381
415
572
585
626
642
670
685
697
711
720
787
83
232
237
259
316
318
328
394
398
425
458
538
622
683
702
704
721
752
53
325
353
504
576
581
639
650
668
687
748
790
910
928
974
121
205
233
251
283
299
335
356
409
427
530
584
597
611
632
654
686
722
788
800
862
190
196
208
271
302
349
358
385
414
454
493
502
590
605
608
612
699
739
968
28
128
295
378
384
396
431
439
442
456
460
552
698
735
134
167
261
332
368
375
428
437
461
484
515
522
537
624
627
776
781
789
937
187
301
360
404
451
468
481
517
559
602
607
662
732
733
833
919
51
86
235
288
342
363
416
514
536
575
658
677
757
814
273
279
344
389
413
422
433
547
634
681
775
793
821
895
917
110
181
200
472
595
636
741
826
40
165
359
372
386
441
503
646
714
899
982
122
147
163
207
234
420
446
465
520
524
609
616
617
656
715
761
792
830
832
844
945
96
120
212
266
277
324
382
434
564
592
645
817
836
847
131
155
336
444
510
648
663
665
701
709
959
19
166
172
264
287
311
326
337
343
390
405
438
487
694
695
703
727
729
848
23
78
168
183
258
334
392
407
482
505
521
542
573
582
619
620
828
935
69
244
272
290
293
327
400
403
474
516
540
541
706
777
820
885
137
148
178
220
230
240
374
376
395
402
473
705
771
784
861
158
215
373
424
527
545
671
708
728
759
782
802
76
94
141
186
317
361
421
440
466
494
591
664
675
726
734
825
845
904
905
119
160
184
224
248
304
313
533
557
657
693
730
849
912
916
249
338
369
371
393
406
448
455
490
501
506
593
674
676
791
924
108
135
149
243
245
322
347
397
426
457
548
571
596
651
691
736
880
926
54
139
177
383
469
507
532
555
556
569
601
707
747
963
33
211
282
429
637
724
746
760
944
38
97
142
489
518
519
525
684
710
842
882
883
932
35
70
203
225
267
346
478
499
512
589
630
638
723
774
785
81
185
213
268
269
278
399
464
495
497
551
614
740
859
50
71
175
206
239
333
388
412
443
459
463
471
509
554
579
586
594
633
754
801
841
876
151
222
263
314
315
331
435
449
467
535
539
879
952
62
112
144
156
192
219
351
408
600
652
659
667
753
808
875
892
966
21
138
153
191
226
340
366
470
475
544
615
623
628
794
819
858
209
229
275
294
350
354
477
625
661
717
829
889
898
921
197
214
281
320
352
362
483
486
508
560
737
783
949
55
95
123
193
201
241
246
252
319
476
485
678
718
818
860
877
900
956
274
377
500
603
621
915
981
98
124
173
262
308
309
348
462
574
599
688
731
786
812
911
927
953
42
125
129
130
152
216
250
298
450
452
567
577
951
29
255
285
303
411
447
479
491
496
534
562
566
655
850
856
12
170
217
221
289
436
492
513
526
587
696
738
743
778
799
835
82
145
364
391
488
565
660
669
837
934
228
307
543
744
756
758
839
873
236
238
430
445
529
558
580
713
768
923
227
292
329
330
357
379
629
762
803
807
985
126
254
256
297
417
523
549
553
606
631
810
1
102
171
174
231
280
528
568
680
716
79
150
341
432
480
578
649
719
769
780
242
291
387
453
511
563
570
588
641
180
257
286
355
401
419
640
690
765
852
870
896
182
265
284
296
370
418
498
546
583
838
867
920
939
52
154
218
365
380
394
613
653
666
750
751
940
950
176
306
345
423
531
550
598
610
679
749
763
195
410
682
745
770
804
866
270
415
604
618
644
673
795
901
925
32
92
111
300
312
356
454
458
502
561
635
712
869
984
109
260
305
367
381
689
811
816
913
929
971
162
179
253
310
323
398
581
597
650
672
755
767
779
813
823
831
903
247
321
339
384
460
504
585
692
700
864
918
117
157
325
328
427
857
908
60
143
259
318
353
358
385
428
530
612
647
702
711
805
822
865
909
969
89
198
223
316
332
409
442
456
584
643
670
772
809
846
914
43
159
276
299
378
414
425
493
576
611
622
626
697
773
84
208
335
349
360
439
515
552
642
796
798
140
204
396
431
437
461
538
654
668
683
704
766
251
271
302
468
522
537
572
590
624
639
686
725
742
797
815
855
189
295
368
375
484
517
608
632
827
14
91
233
301
359
386
451
481
559
605
698
752
16
93
114
202
237
261
344
404
416
834
872
196
199
210
372
441
503
514
607
824
363
536
547
627
685
721
764
790
853
80
105
161
164
194
205
283
288
389
422
433
575
602
720
748
936
232
413
472
938
85
99
188
190
234
273
342
595
662
687
699
741
277
279
326
382
722
933
136
287
524
634
636
677
681
739
806
958
4
113
169
336
390
420
446
482
505
582
781
787
789
954
115
118
146
564
616
617
709
714
715
793
167
200
290
405
465
520
541
609
727
732
266
343
392
407
510
592
645
646
733
735
775
840
886
127
212
327
434
473
891
400
487
573
701
983
992
74
324
376
648
658
663
694
706
843
20
106
235
258
264
311
337
424
444
521
545
619
665
695
788
881
163
165
244
272
395
542
691
703
705
708
104
220
240
293
438
466
516
540
589
620
729
868
116
132
207
224
334
533
571
591
851
931
133
187
373
474
490
593
656
776
800
814
166
338
369
457
569
671
68
304
403
501
638
664
723
730
746
802
282
322
383
402
448
527
555
657
675
747
57
103
248
393
455
507
519
525
532
557
651
693
726
736
906
243
245
249
269
374
388
406
426
494
594
596
633
674
676
777
782
874
100
107
186
313
317
397
421
429
440
499
518
601
707
759
826
854
907
177
183
203
206
315
489
548
551
556
586
710
757
847
59
160
314
346
361
366
478
497
506
512
554
637
771
178
215
331
347
371
399
443
459
464
486
509
544
724
862
230
294
333
412
463
467
469
539
614
623
628
630
728
792
878
9
184
320
350
435
449
475
477
560
621
652
684
734
740
754
791
817
836
863
181
239
267
340
351
408
508
603
761
972
281
352
362
364
483
485
495
567
579
599
600
760
894
63
66
128
185
191
226
274
278
377
471
476
500
535
562
615
659
667
820
973
101
155
219
246
263
268
303
308
319
348
447
452
462
479
492
513
574
577
625
661
678
688
717
743
828
893
148
172
228
262
285
309
354
450
470
491
534
669
696
871
884
134
137
168
211
229
252
391
411
417
432
436
488
526
587
629
660
64
214
275
307
401
445
543
558
565
580
774
784
213
225
289
298
357
418
430
718
731
737
73
88
156
175
231
241
250
254
280
292
329
379
394
480
496
523
528
566
568
631
655
821
30
141
158
297
330
387
453
454
511
549
606
649
801
830
24
36
37
65
216
227
242
255
341
356
370
419
498
502
546
563
578
588
640
680
778
785
833
151
221
286
355
365
423
460
570
583
641
744
753
794
897
149
222
257
265
291
380
384
410
415
529
531
550
598
650
690
738
844
955
142
152
236
345
428
458
553
597
613
666
192
238
284
306
358
367
581
604
610
825
832
888
139
270
332
381
398
427
561
644
713
716
758
768
861
895
209
305
312
360
385
456
504
612
618
673
783
786
83
193
201
256
260
300
310
323
339
353
378
386
409
414
442
762
321
328
359
431
437
439
493
530
131
173
197
296
325
461
515
585
653
39
147
170
253
316
318
349
372
375
396
441
468
552
576
672
689
719
848
120
121
217
218
335
344
368
481
503
517
537
584
679
711
765
153
259
299
416
425
451
484
522
611
624
647
692
702
751
108
176
404
635
670
682
799
890
208
302
559
622
626
643
749
756
808
67
433
514
590
642
697
750
780
807
182
271
301
363
382
389
422
538
668
745
763
819
922
993
119
138
144
195
247
295
413
472
547
632
654
712
804
56
90
251
536
605
608
639
683
700
704
769
845
326
390
482
607
698
795
812
887
31
154
171
174
505
572
686
818
829
135
261
276
287
336
342
575
803
77
180
233
277
288
405
420
582
627
849
995
75
198
446
524
602
755
392
407
541
595
130
204
290
473
772
223
234
343
465
770
835
273
279
327
400
837
910
283
520
725
741
110
196
237
424
564
636
662
766
797
810
842
72
159
376
510
752
941
86
125
434
589
616
617
742
860
210
609
677
681
685
779
145
179
395
487
592
634
858
917
96
122
157
266
466
545
709
714
721
811
150
202
573
645
699
715
816
140
162
444
521
748
767
232
311
533
646
727
790
205
324
337
373
490
687
720
722
773
805
841
859
885
48
190
199
369
691
813
850
200
258
438
457
569
571
593
272
388
706
960
7
112
212
264
338
540
542
694
701
902
87
244
293
383
619
648
663
705
877
224
240
322
334
448
474
501
516
638
708
723
899
94
304
507
525
591
665
739
793
809
167
189
220
519
555
594
695
732
919
991
282
366
532
620
839
46
194
393
781
834
838
269
703
733
789
34
486
499
586
764
406
429
455
671
746
798
831
123
161
426
518
729
129
164
314
315
402
403
735
747
796
165
206
294
489
527
633
657
69
124
188
397
664
730
775
49
235
245
320
346
364
551
557
822
166
203
243
399
459
512
658
331
497
554
947
313
494
675
248
249
443
478
544
596
207
509
651
710
883
163
169
464
475
623
707
726
736
978
102
228
350
412
463
477
539
674
676
823
126
340
421
440
628
656
693
743
882
274
317
333
374
621
806
45
61
601
603
787
15
177
449
467
508
548
556
802
303
560
567
856
146
500
352
599
754
109
308
351
408
435
483
506
637
846
880
143
187
281
285
432
513
562
650
231
246
485
740
759
788
855
924
191
239
242
262
307
319
348
371
479
669
688
724
226
254
361
377
684
696
186
347
452
476
574
577
614
652
309
492
558
615
630
717
417
447
454
629
649
678
78
257
267
469
534
587
597
815
44
185
227
280
356
362
394
401
568
771
782
160
286
462
502
565
631
660
214
265
640
661
54
111
178
183
263
488
491
526
598
659
26
229
292
543
580
581
600
604
625
928
219
252
418
436
460
511
528
777
250
278
289
391
450
495
579
583
612
641
644
667
827
215
230
291
357
411
445
535
546
549
606
613
680
690
870
260
270
297
384
498
523
570
578
778
814
359
379
386
430
471
480
563
734
791
358
370
423
428
470
588
268
329
330
332
345
354
360
453
458
503
618
875
184
241
306
387
415
419
531
550
610
737
275
298
305
365
378
441
456
496
561
566
666
728
731
744
760
208
341
355
380
398
410
482
504
515
530
624
655
673
718
310
372
385
414
427
442
461
481
493
517
552
576
582
221
284
344
367
381
382
409
431
437
439
468
529
585
672
702
711
776
236
321
349
353
375
390
396
451
484
505
522
537
584
589
611
647
117
216
312
326
339
368
392
416
473
514
553
559
255
259
299
323
404
405
422
433
536
607
622
697
716
853
89
97
253
300
328
400
407
413
472
541
590
632
689
800
287
325
335
389
424
446
547
626
642
643
670
698
301
316
318
336
363
376
388
420
425
465
757
824
136
302
395
466
524
538
545
605
608
639
653
668
738
975
156
238
327
343
366
490
575
595
654
692
175
225
290
369
448
457
602
627
774
218
271
277
295
296
342
434
486
510
520
533
758
373
383
487
501
507
635
704
911
444
525
564
571
616
686
713
211
234
455
519
521
569
679
751
213
251
256
364
393
406
429
438
474
499
532
572
594
636
683
762
768
801
852
152
261
338
426
555
573
592
593
609
11
82
288
459
489
518
540
638
700
322
337
397
399
516
542
279
586
617
645
682
719
176
443
478
497
512
634
273
311
324
346
403
662
691
233
402
464
475
551
681
741
745
749
867
116
304
334
463
509
527
544
591
646
765
794
114
294
314
315
320
412
554
709
276
282
293
331
477
494
714
761
247
350
619
677
723
727
753
786
804
266
539
633
706
712
715
269
557
620
151
272
648
750
95
181
196
222
258
264
340
449
785
904
204
333
421
440
467
508
763
817
244
283
663
137
374
694
701
198
313
432
500
665
699
237
705
807
408
435
483
560
567
603
623
772
148
303
352
596
621
708
195
657
685
752
127
209
548
687
766
224
351
628
664
671
721
725
755
889
274
317
513
556
650
746
780
192
193
201
240
348
599
792
308
651
170
601
742
756
217
417
454
479
485
562
695
285
307
377
200
319
197
223
228
394
452
476
506
675
703
722
783
210
826
220
245
281
356
371
795
797
401
492
847
206
558
574
447
597
173
243
249
502
577
730
747
172
190
720
836
254
649
876
182
212
347
361
743
828
280
309
534
729
869
149
203
242
248
257
362
669
674
748
418
568
629
658
732
769
154
231
637
676
707
262
286
460
462
581
587
598
604
615
710
488
384
693
205
232
565
265
359
612
246
631
640
733
168
386
142
292
391
436
469
526
644
688
696
511
614
358
784
583
656
270
630
840
291
528
736
799
360
726
790
652
450
491
260
543
582
820
180
155
159
580
345
428
289
332
411
549
589
739
357
503
613
227
379
570
297
305
388
445
660
678
366
606
250
306
326
498
482
546
735
370
252
208
287
578
661
378
717
563
423
690
641
523
458
310
364
448
453
480
481
441
473
486
430
484
455
478
490
456
454
493
545
618
457
515
475
489
501
505
507
517
525
625
514
390
451
461
465
466
474
530
464
495
424
459
463
468
472
499
504
519
446
496
442
467
471
483
443
508
477
500
509
400
439
460
470
518
392
502
541
415
437
452
497
531
533
398
406
414
409
432
449
513
399
410
433
479
512
444
447
476
536
427
429
482
431
487
492
544
552
419
420
422
532
537
418
522
524
488
510
426
535
450
503
434
435
369
417
485
407
438
413
416
494
520
428
440
397
462
436
586
405
425
539
550
404
395
396
382
594
511
498
516
491
385
