4.5
5.9
5.9
6.0
6.1
6.1
6.1
6.3
6.3
6.3
6.4
6.4
6.5
6.6
6.7
6.7
6.7
6.9
6.9
7.0
7.0
7.1
7.1
7.1
7.1
7.1
7.2
7.2
7.3
7.3
7.3
7.4
7.5
7.6
7.7
7.7
7.7
7.8
7.9
8.1
8.1
8.1
8.1
8.2
8.2
8.3
8.3
8.3
8.3
8.4
8.4
8.4
8.4
8.5
8.5
8.5
8.6
8.6
8.7
8.7
8.7
8.7
8.8
8.8
8.8
8.9
8.9
9.0
9.0
9.0
9.1
9.1
9.1
9.2
9.2
9.2
9.2
9.2
9.2
9.3
9.3
9.4
9.4
9.5
9.5
9.5
9.5
9.5
9.6
9.6
9.6
9.6
9.6
9.7
9.7
9.7
9.7
9.7
9.7
9.8
9.8
9.8
9.8
9.8
9.8
9.8
9.9
9.9
9.9
10.0
10.0
10.0
10.0
10.0
10.1
10.1
10.1
10.1
10.1
10.1
10.2
10.2
10.2
10.3
10.3
10.3
10.3
10.3
10.4
10.4
10.4
10.4
10.4
10.4
10.4
10.5
10.5
10.5
10.5
10.5
10.5
10.5
10.5
10.5
10.5
10.5
10.6
10.6
10.6
10.6
10.6
10.6
10.7
10.7
10.7
10.7
10.7
10.8
10.8
10.8
10.8
10.8
10.8
10.9
10.9
10.9
10.9
10.9
10.9
10.9
10.9
11.0
11.0
11.0
11.0
11.1
11.1
11.1
11.1
11.1
11.1
11.1
11.1
11.2
11.2
11.2
11.2
11.2
11.2
11.3
11.3
11.3
11.3
11.4
11.4
11.4
11.4
11.4
11.5
11.5
11.5
11.5
11.5
11.5
11.6
11.6
11.6
11.6
11.6
11.6
11.6
11.6
11.7
11.7
11.7
11.7
11.7
11.7
11.8
11.8
11.8
11.8
11.8
11.8
11.8
11.9
11.9
11.9
11.9
11.9
11.9
12.0
12.0
12.0
12.0
12.0
12.0
12.0
12.0
12.0
12.0
12.0
12.0
12.1
12.1
12.1
12.1
12.1
12.1
12.2
12.2
12.2
12.2
12.3
12.3
12.3
12.4
12.4
12.4
12.4
12.4
12.4
12.4
12.4
12.5
12.5
12.6
12.6
12.6
12.6
12.6
12.6
12.7
12.7
12.7
12.7
12.7
12.7
12.7
12.8
12.8
12.8
12.8
12.8
12.8
12.8
12.9
12.9
12.9
12.9
12.9
13.0
13.0
13.0
13.0
13.0
13.0
13.0
13.0
13.0
13.0
13.0
13.0
13.0
13.1
13.1
13.1
13.1
13.1
13.2
13.2
13.2
13.2
13.2
13.2
13.2
13.2
13.2
13.3
13.3
13.3
13.3
13.3
13.3
13.3
13.4
13.4
13.4
13.4
13.4
13.4
13.4
13.5
13.5
13.5
13.5
13.5
13.5
13.5
13.5
13.5
13.5
13.5
13.5
13.5
13.6
13.6
13.6
13.6
13.7
13.7
13.7
13.7
13.7
13.7
13.7
13.8
13.8
13.8
13.8
13.8
13.8
13.9
13.9
13.9
13.9
13.9
13.9
13.9
13.9
13.9
13.9
14.0
14.0
14.0
14.0
14.0
14.0
14.1
14.1
14.1
14.1
14.1
14.1
14.1
14.1
14.1
14.1
14.1
14.2
14.2
14.2
14.2
14.2
14.2
14.2
14.3
14.3
14.3
14.3
14.3
14.3
14.3
14.4
14.4
14.4
14.4
14.4
14.4
14.4
14.4
14.4
14.4
14.5
14.5
14.5
14.5
14.5
14.5
14.5
14.5
14.5
14.6
14.6
14.6
14.6
14.6
14.6
14.6
14.6
14.6
14.7
14.7
14.7
14.7
14.7
14.7
14.7
14.7
14.8
14.8
14.8
14.8
14.8
14.8
14.8
14.9
14.9
14.9
14.9
15.0
15.0
15.0
15.0
15.0
15.0
15.0
15.0
15.1
15.1
15.1
15.1
15.1
15.1
15.1
15.1
15.1
15.2
15.2
15.2
15.2
15.2
15.2
15.2
15.2
15.3
15.3
15.3
15.3
15.3
15.3
15.4
15.4
15.4
15.4
15.4
15.4
15.4
15.4
15.4
15.4
15.4
15.5
15.5
15.5
15.5
15.5
15.5
15.5
15.5
15.5
15.6
15.6
15.6
15.6
15.6
15.6
15.6
15.6
15.6
15.7
15.7
15.7
15.7
15.7
15.7
15.7
15.7
15.7
15.7
15.7
15.7
15.7
15.7
15.7
15.8
15.8
15.8
15.8
15.9
15.9
15.9
15.9
15.9
15.9
15.9
15.9
15.9
15.9
15.9
16.0
16.0
16.0
16.0
16.0
16.0
16.0
16.0
16.0
16.0
16.0
16.1
16.1
16.1
16.1
16.1
16.2
16.2
16.2
16.3
16.3
16.3
16.3
16.4
16.4
16.5
16.5
16.5
16.5
16.5
16.6
16.6
16.6
16.6
16.6
16.6
16.6
16.6
16.6
16.6
16.7
16.7
16.7
16.7
16.7
16.7
16.7
16.7
16.7
16.8
16.8
16.8
16.8
16.9
16.9
16.9
16.9
16.9
16.9
16.9
16.9
16.9
17.0
17.0
17.0
17.0
17.0
17.0
17.1
17.1
17.1
17.1
17.1
17.2
17.2
17.2
17.2
17.2
17.2
17.2
17.2
17.3
17.3
17.3
17.3
17.3
17.3
17.3
17.3
17.3
17.3
17.4
17.4
17.4
17.4
17.4
17.4
17.4
17.4
17.4
17.5
17.5
17.5
17.5
17.5
17.5
17.5
17.6
17.6
17.6
17.6
17.6
17.6
17.6
17.7
17.7
17.7
17.7
17.7
17.7
17.7
17.7
17.7
17.7
17.7
17.7
17.8
17.8
17.8
17.8
17.8
17.8
17.8
17.8
17.8
17.9
17.9
17.9
17.9
17.9
17.9
17.9
17.9
17.9
17.9
17.9
17.9
18.0
18.0
18.0
18.0
18.0
18.0
18.0
18.0
18.0
18.0
18.1
18.1
18.1
18.1
18.1
18.2
18.2
18.2
18.2
18.2
18.2
18.2
18.2
18.2
18.2
18.3
18.3
18.3
18.3
18.3
18.3
18.3
18.4
18.4
18.4
18.4
18.4
18.4
18.4
18.4
18.4
18.4
18.4
18.4
18.4
18.4
18.5
18.5
18.5
18.5
18.5
18.5
18.5
18.6
18.6
18.6
18.6
18.6
18.6
18.6
18.6
18.7
18.7
18.7
18.8
18.8
18.8
18.8
18.8
18.8
18.8
18.8
18.8
18.8
18.8
18.8
18.8
18.8
18.9
18.9
18.9
18.9
18.9
18.9
18.9
18.9
18.9
19.0
19.0
19.0
19.0
19.0
19.0
19.0
19.0
19.1
19.1
19.1
19.1
19.1
19.1
19.1
19.2
19.2
19.2
19.2
19.2
19.2
19.3
19.3
19.3
19.3
19.3
19.3
19.3
19.3
19.4
19.4
19.4
19.4
19.4
19.5
19.5
19.5
19.5
19.5
19.5
19.6
19.6
19.6
19.6
19.7
19.7
19.7
19.7
19.7
19.7
19.7
19.7
19.7
19.7
19.7
19.7
19.7
19.7
19.7
19.8
19.8
19.8
19.8
19.8
19.8
19.8
19.9
19.9
19.9
19.9
19.9
19.9
19.9
19.9
20.0
20.0
20.0
20.0
20.0
20.0
20.0
20.0
20.0
20.0
20.0
20.0
20.0
20.1
20.1
20.1
20.2
20.2
20.2
20.2
20.2
20.3
20.3
20.3
20.3
20.3
20.3
20.4
20.4
20.4
20.4
20.4
20.5
20.5
20.5
20.6
20.6
20.6
20.6
20.6
20.6
20.6
20.6
20.6
20.6
20.7
20.7
20.7
20.7
20.7
20.7
20.7
20.7
20.7
20.8
20.8
20.8
20.8
20.8
20.8
20.8
20.9
20.9
20.9
20.9
20.9
20.9
20.9
20.9
20.9
21.0
21.0
21.0
21.0
21.0
21.0
21.0
21.0
21.1
21.1
21.1
21.1
21.1
21.1
21.1
21.1
21.2
21.2
21.2
21.2
21.2
21.2
21.2
21.2
21.2
21.3
21.3
21.3
21.3
21.3
21.3
21.3
21.3
21.4
21.4
21.4
21.4
21.4
21.4
21.4
21.4
21.5
21.5
21.5
21.5
21.5
21.6
21.6
21.6
21.6
21.6
21.6
21.6
21.7
21.7
21.7
21.7
21.7
21.7
21.7
21.7
21.8
21.8
21.8
21.8
21.8
21.9
21.9
21.9
21.9
21.9
21.9
21.9
21.9
21.9
21.9
21.9
22.0
22.0
22.0
22.0
22.0
22.0
22.0
22.0
22.0
22.1
22.1
22.1
22.1
22.1
22.1
22.1
22.1
22.2
22.2
22.2
22.2
22.2
22.2
22.2
22.2
22.3
22.3
22.3
22.3
22.4
22.4
22.4
22.4
22.4
22.4
22.5
22.5
22.5
22.5
22.6
22.6
22.6
22.6
22.6
22.6
22.6
22.7
22.7
22.8
22.8
22.8
22.8
22.8
22.8
22.9
22.9
22.9
22.9
23.0
23.0
23.0
23.1
23.1
23.1
23.2
23.2
23.2
23.2
23.2
23.2
23.3
23.3
23.3
23.3
23.4
23.4
23.4
23.4
23.4
23.4
23.5
23.5
23.5
23.5
23.5
23.6
23.6
23.6
23.6
23.6
23.7
23.7
23.7
23.7
23.7
23.7
23.7
23.7
23.7
23.7
23.8
23.8
23.8
23.8
23.8
23.9
23.9
23.9
23.9
23.9
23.9
23.9
23.9
23.9
23.9
24.0
24.0
24.0
24.0
24.1
24.1
24.1
24.1
24.1
24.1
24.2
24.2
24.2
24.2
24.2
24.3
24.3
24.3
24.3
24.3
24.3
24.3
24.3
24.3
24.4
24.4
24.4
24.4
24.4
24.4
24.5
24.5
24.5
24.6
24.6
24.6
24.6
24.6
24.6
24.6
24.7
24.7
24.7
24.7
24.7
24.7
24.7
24.7
24.7
24.7
24.8
24.8
24.8
24.8
24.9
24.9
24.9
24.9
24.9
24.9
24.9
24.9
24.9
25.0
25.0
25.0
25.0
25.0
25.0
25.1
25.1
25.1
25.1
25.1
25.2
25.2
25.2
25.2
25.2
25.2
25.2
25.3
25.3
25.3
25.3
25.4
25.4
25.4
25.4
25.4
25.4
25.4
25.4
25.4
25.4
25.4
25.4
25.4
25.5
25.5
25.5
25.5
25.5
25.5
25.5
25.5
25.6
25.6
25.6
25.6
25.6
25.7
25.7
25.7
25.7
25.7
25.7
25.7
25.8
25.8
25.8
25.8
25.8
25.9
25.9
25.9
25.9
25.9
25.9
25.9
25.9
25.9
25.9
25.9
25.9
26.0
26.0
26.1
26.1
26.1
26.1
26.2
26.2
26.2
26.2
26.2
26.2
26.2
26.2
26.3
26.3
26.3
26.3
26.3
26.3
26.3
26.4
26.4
26.4
26.4
26.4
26.5
26.5
26.5
26.5
26.5
26.5
26.5
26.5
26.5
26.5
26.6
26.6
26.6
26.6
26.6
26.6
26.7
26.7
26.7
26.7
26.7
26.7
26.7
26.7
26.7
26.7
26.8
26.8
26.8
26.8
26.8
26.8
26.8
26.8
26.9
26.9
26.9
26.9
26.9
26.9
26.9
26.9
26.9
27.0
27.1
27.1
27.1
27.1
27.1
27.1
27.1
27.2
27.2
27.2
27.3
27.3
27.3
27.3
27.3
27.3
27.3
27.4
27.4
27.4
27.4
27.4
27.4
27.4
27.5
27.5
27.5
27.5
27.5
27.5
27.5
27.6
27.6
27.6
27.6
27.6
27.7
27.8
27.8
27.8
27.8
27.8
27.9
27.9
27.9
27.9
27.9
27.9
27.9
27.9
28.0
28.0
28.0
28.0
28.0
28.0
28.0
28.0
28.1
28.1
28.1
28.2
28.2
28.2
28.2
28.2
28.2
28.2
28.2
28.2
28.2
28.3
28.3
28.3
28.3
28.4
28.4
28.4
28.4
28.5
28.5
28.5
28.5
28.5
28.5
28.5
28.5
28.5
28.6
28.6
28.6
28.6
28.7
28.7
28.7
28.7
28.7
28.7
28.7
28.8
28.8
28.8
28.8
28.8
28.8
28.8
28.8
28.9
28.9
28.9
29.0
29.0
29.0
29.0
29.0
29.0
29.1
29.1
29.1
29.1
29.1
29.1
29.1
29.1
29.2
29.2
29.2
29.2
29.2
29.2
29.3
29.3
29.3
29.4
29.4
29.4
29.4
29.4
29.4
29.5
29.5
29.5
29.5
29.5
29.5
29.5
29.5
29.5
29.5
29.5
29.5
29.6
29.6
29.7
29.7
29.7
29.7
29.8
29.8
29.8
29.8
29.8
29.9
29.9
29.9
29.9
29.9
30.0
30.0
30.0
30.0
30.0
30.0
30.1
30.1
30.1
30.1
30.2
30.2
30.2
30.2
30.2
30.2
30.2
30.2
30.3
30.3
30.3
30.3
30.3
30.3
30.3
30.3
30.3
30.4
30.4
30.4
30.4
30.4
30.4
30.4
30.4
30.4
30.4
30.5
30.5
30.5
30.5
30.5
30.6
30.6
30.6
30.6
30.6
30.6
30.6
30.6
30.6
30.7
30.7
30.7
30.8
30.8
30.8
30.8
30.8
30.9
30.9
30.9
30.9
30.9
30.9
31.0
31.0
31.0
31.0
31.0
31.0
31.0
31.0
31.0
31.0
31.1
31.1
31.2
31.2
31.2
31.2
31.3
31.3
31.3
31.3
31.4
31.5
31.5
31.6
31.6
31.6
31.6
31.6
31.6
31.6
31.6
31.6
31.7
31.7
31.7
31.7
31.8
31.8
31.8
31.8
31.8
31.9
31.9
31.9
31.9
31.9
32.0
32.0
32.0
32.0
32.0
32.0
32.0
32.0
32.0
32.1
32.1
32.1
32.1
32.2
32.2
32.2
32.2
32.2
32.3
32.3
32.3
32.3
32.3
32.3
32.3
32.3
32.3
32.4
32.4
32.4
32.4
32.4
32.5
32.5
32.5
32.5
32.6
32.6
32.6
32.6
32.6
32.7
32.7
32.7
32.7
32.7
32.7
32.7
32.8
32.8
32.8
32.8
32.8
32.8
32.8
32.9
32.9
32.9
32.9
32.9
32.9
32.9
33.0
33.0
33.0
33.0
33.0
33.1
33.1
33.1
33.1
33.2
33.2
33.2
33.2
33.3
33.3
33.3
33.3
33.4
33.4
33.5
33.5
33.5
33.5
33.6
33.7
33.7
33.7
33.7
33.8
33.8
33.8
33.8
33.9
33.9
33.9
34.0
34.0
34.0
34.0
34.0
34.0
34.0
34.0
34.0
34.1
34.1
34.1
34.1
34.1
34.2
34.2
34.2
34.2
34.2
34.2
34.2
34.3
34.3
34.3
34.3
34.3
34.3
34.4
34.4
34.4
34.4
34.5
34.5
34.5
34.5
34.5
34.5
34.6
34.6
34.6
34.6
34.6
34.6
34.7
34.7
34.7
34.7
34.7
34.8
34.8
34.8
34.8
34.9
34.9
34.9
34.9
34.9
35.0
35.0
35.0
35.0
35.1
35.1
35.1
35.1
35.1
35.1
35.2
35.2
35.2
35.2
35.2
35.2
35.3
35.3
35.4
35.4
35.4
35.4
35.5
35.5
35.5
35.5
35.5
35.5
35.6
35.6
35.6
35.6
35.6
35.6
35.7
35.7
35.7
35.7
35.7
35.8
35.8
35.8
35.8
35.8
35.8
35.8
35.8
35.9
35.9
35.9
35.9
35.9
36.0
36.0
36.0
36.0
36.0
36.0
36.1
36.1
36.1
36.1
36.2
36.2
36.2
36.2
36.3
36.3
36.3
36.3
36.4
36.4
36.4
36.5
36.5
36.5
36.5
36.5
36.5
36.5
36.6
36.6
36.6
36.7
36.7
36.7
36.7
36.7
36.7
36.8
36.8
36.8
36.8
36.8
36.9
36.9
37.0
37.0
37.1
37.1
37.2
37.2
37.3
37.3
37.3
37.3
37.3
37.4
37.4
37.4
37.4
37.4
37.5
37.5
37.5
37.6
37.6
37.6
37.6
37.7
37.7
37.7
37.8
37.8
37.9
37.9
37.9
37.9
37.9
38.0
38.0
38.0
38.0
38.1
38.1
38.1
38.1
38.1
38.1
38.1
38.2
38.2
38.2
38.2
38.2
38.2
38.2
38.2
38.3
38.4
38.4
38.4
38.4
38.4
38.4
38.5
38.6
38.6
38.6
38.6
38.6
38.7
38.7
38.8
38.8
38.8
38.8
38.8
38.9
38.9
38.9
38.9
39.0
39.0
39.1
39.1
39.1
39.2
39.2
39.2
39.2
39.2
39.2
39.3
39.3
39.3
39.4
39.4
39.4
39.4
39.4
39.5
39.6
39.7
39.7
39.7
39.7
39.7
39.8
39.8
39.8
39.8
39.8
39.8
39.8
39.9
39.9
39.9
39.9
40.0
40.0
40.0
40.0
40.1
40.1
40.1
40.1
40.2
40.2
40.2
40.2
40.2
40.2
40.3
40.3
40.3
40.3
40.3
40.4
40.4
40.4
40.4
40.5
40.5
40.5
40.5
40.5
40.6
40.6
40.6
40.7
40.7
40.7
40.8
40.8
40.8
40.8
40.8
40.9
40.9
40.9
40.9
41.0
41.1
41.1
41.1
41.1
41.1
41.1
41.1
41.2
41.2
41.3
41.3
41.3
41.3
41.4
41.4
41.4
41.4
41.5
41.6
41.6
41.6
41.7
41.7
41.8
41.8
41.8
42.0
42.0
42.1
42.1
42.1
42.2
42.2
42.2
42.2
42.3
42.3
42.3
42.3
42.3
42.3
42.4
42.4
42.5
42.5
42.5
42.5
42.5
42.5
42.6
42.6
42.7
42.7
42.8
42.8
42.9
42.9
42.9
42.9
43.0
43.0
43.0
43.0
43.0
43.1
43.1
43.1
43.2
43.2
43.3
43.3
43.3
43.3
43.4
43.4
43.5
43.5
43.5
43.5
43.5
43.5
43.5
43.6
43.6
43.6
43.6
43.7
43.7
43.8
43.8
43.8
43.8
43.8
43.9
43.9
43.9
43.9
43.9
44.0
44.0
44.0
44.1
44.1
44.1
44.1
44.2
44.2
44.3
44.3
44.3
44.3
44.4
44.4
44.4
44.4
44.4
44.4
44.4
44.5
44.5
44.5
44.5
44.6
44.6
44.6
44.7
44.7
44.8
44.8
44.8
44.8
44.8
44.9
45.0
45.0
45.1
45.1
45.2
45.2
45.3
45.3
45.3
45.4
45.4
45.5
45.5
45.5
45.5
45.6
45.6
45.6
45.7
45.7
45.8
45.8
45.8
45.8
45.9
45.9
45.9
45.9
46.0
46.0
46.1
46.1
46.2
46.2
46.3
46.3
46.3
46.3
46.4
46.4
46.4
46.4
46.4
46.4
46.4
46.5
46.5
46.5
46.5
46.6
46.6
46.6
46.6
46.6
46.6
46.7
46.7
46.7
46.8
46.8
46.8
46.8
46.9
46.9
46.9
46.9
47.0
47.0
47.0
47.1
47.1
47.1
47.1
47.2
47.2
47.2
47.3
47.3
47.3
47.3
47.3
47.4
47.4
47.5
47.5
47.5
47.5
47.5
47.6
47.6
47.6
47.6
47.7
47.7
47.7
47.8
47.9
47.9
47.9
47.9
47.9
48.0
48.0
48.0
48.0
48.0
48.0
48.1
48.2
48.2
48.3
48.3
48.3
48.4
48.4
48.5
48.5
48.5
48.5
48.6
48.6
48.6
48.7
48.8
48.8
48.8
48.9
48.9
49.0
49.0
49.0
49.2
49.2
49.2
49.3
49.3
49.3
49.3
49.4
49.4
49.4
49.4
49.5
49.5
49.5
49.5
49.5
49.5
49.6
49.6
49.7
49.7
49.7
49.8
49.9
50.0
50.0
50.1
50.1
50.2
50.2
50.2
50.2
50.2
50.2
50.3
50.3
50.3
50.4
50.4
50.5
50.6
50.6
50.7
50.7
50.7
50.7
50.8
50.8
50.9
50.9
51.0
51.0
51.0
51.0
51.0
51.1
51.1
51.1
51.1
51.2
51.2
51.2
51.2
51.3
51.3
51.3
51.4
51.5
51.5
51.5
51.6
51.6
51.6
51.6
51.7
51.7
51.7
51.7
51.7
51.7
51.8
51.8
51.8
51.9
51.9
51.9
51.9
52.0
52.0
52.1
52.1
52.1
52.1
52.1
52.2
52.3
52.3
52.3
52.3
52.3
52.4
52.5
52.5
52.5
52.5
52.6
52.6
52.7
52.7
52.7
52.7
52.8
52.9
53.0
53.1
53.1
53.1
53.1
53.1
53.2
53.2
53.2
53.2
53.3
53.3
53.4
53.4
53.5
53.5
53.5
53.5
53.5
53.6
53.6
53.6
53.6
53.6
53.6
53.7
53.8
53.8
53.9
53.9
53.9
53.9
54.0
54.0
54.0
54.0
54.1
54.3
54.4
54.4
54.5
54.5
54.6
54.6
54.7
54.7
54.7
54.7
54.7
54.8
54.9
55.0
55.0
55.0
55.0
55.1
55.1
55.1
55.1
55.2
55.2
55.2
55.2
55.2
55.3
55.3
55.4
55.4
55.4
55.5
55.5
55.5
55.5
55.6
55.6
55.6
55.7
55.7
55.7
55.7
55.8
55.8
55.9
55.9
55.9
55.9
56.0
56.0
56.0
56.1
56.1
56.2
56.2
56.2
56.3
56.4
56.5
56.5
56.5
56.5
56.6
56.6
56.7
56.7
56.7
56.8
56.8
56.9
57.0
57.0
57.0
57.0
57.0
57.0
57.1
57.1
57.1
57.1
57.1
57.2
57.2
57.3
57.3
57.3
57.3
57.5
57.5
57.5
57.5
57.5
57.6
57.6
57.7
57.7
57.7
57.7
57.8
57.8
57.8
57.9
57.9
58.0
58.0
58.0
58.0
58.1
58.1
58.3
58.4
58.4
58.4
58.4
58.5
58.5
58.5
58.5
58.5
58.5
58.6
58.6
58.6
58.6
58.7
58.7
58.7
58.7
58.8
58.8
58.9
59.0
59.0
59.1
59.1
59.1
59.1
59.1
59.1
59.2
59.3
59.3
59.3
59.3
59.4
59.4
59.4
59.4
59.5
59.6
59.6
59.6
59.6
59.7
59.8
59.8
59.8
59.8
59.8
59.9
59.9
60.0
60.1
60.1
60.2
60.2
60.2
60.3
60.4
60.4
60.5
60.5
60.6
60.6
60.7
60.8
60.8
60.8
60.8
60.8
60.9
61.0
61.0
61.0
61.2
61.2
61.3
61.4
61.4
61.6
61.6
61.7
61.7
61.7
61.7
61.8
61.8
61.8
61.8
61.8
61.9
61.9
61.9
61.9
61.9
61.9
62.0
62.0
62.0
62.1
62.1
62.1
62.1
62.1
62.2
62.3
62.3
62.4
62.4
62.5
62.5
62.5
62.5
62.6
62.6
62.7
62.7
62.7
62.8
62.8
62.8
62.8
62.9
63.1
63.2
63.3
63.3
63.3
63.3
63.3
63.3
63.5
63.7
63.8
63.8
63.8
63.8
63.9
63.9
64.0
64.0
64.0
64.2
64.4
64.4
64.4
64.4
64.4
64.4
64.6
64.6
64.6
64.6
64.6
64.8
64.9
65.0
65.0
65.1
65.1
65.1
65.2
65.2
65.2
65.2
65.3
65.3
65.4
65.4
65.4
65.4
65.7
65.7
65.8
65.8
65.8
65.9
65.9
65.9
65.9
66.0
66.1
66.2
66.2
66.2
66.3
66.4
66.4
66.5
66.5
66.5
66.5
66.5
66.5
66.6
66.7
66.7
66.8
66.9
66.9
66.9
67.0
67.1
67.1
67.1
67.2
67.2
67.3
67.3
67.4
67.5
67.5
67.6
67.6
67.6
67.6
67.7
67.7
67.8
67.8
67.9
67.9
67.9
67.9
68.0
68.0
68.0
68.1
68.1
68.1
68.1
68.2
68.3
68.4
68.4
68.4
68.5
68.5
68.6
68.6
68.7
68.7
68.7
68.7
68.7
68.7
68.8
68.8
68.8
68.8
68.8
68.8
68.8
68.9
69.1
69.1
69.3
69.4
69.4
69.5
69.6
69.7
69.9
70.1
70.1
70.1
70.3
70.3
70.4
70.5
70.5
70.6
70.6
70.6
70.6
70.7
70.7
70.8
70.8
70.9
70.9
70.9
71.0
71.1
71.1
71.2
71.2
71.3
71.3
71.3
71.5
71.5
71.5
71.5
71.5
71.6
71.6
71.6
71.7
71.7
71.7
71.7
71.7
71.7
71.8
71.9
71.9
71.9
71.9
72.1
72.1
72.1
72.2
72.3
72.3
72.3
72.3
72.4
72.4
72.4
72.4
72.4
72.5
72.5
72.5
72.5
72.6
72.8
72.8
72.9
72.9
73.0
73.1
73.1
73.1
73.1
73.1
73.3
73.3
73.3
73.3
73.4
73.4
73.4
73.4
73.5
73.6
73.6
73.6
73.7
73.7
73.8
73.8
73.8
73.8
73.8
74.0
74.0
74.0
74.0
74.1
74.1
74.2
74.2
74.3
74.3
74.3
74.3
74.3
74.4
74.4
74.6
74.6
74.7
74.7
74.7
74.7
74.8
74.8
74.8
74.8
74.9
74.9
75.2
75.3
75.4
75.5
75.5
75.7
75.9
76.0
76.0
76.1
76.1
76.1
76.2
76.2
76.4
76.4
76.5
76.6
76.6
76.8
76.9
76.9
76.9
77.0
77.1
77.2
77.3
77.3
77.4
77.5
77.5
77.5
77.5
77.6
77.6
77.6
77.7
77.7
77.7
77.9
78.1
78.2
78.2
78.3
78.3
78.4
78.4
78.6
78.6
78.6
78.7
78.9
79.0
79.1
79.1
79.2
79.3
79.5
79.5
79.7
79.8
79.9
79.9
80.1
80.1
80.2
80.3
80.4
80.5
80.5
80.6
80.6
80.6
80.6
80.6
80.7
80.7
80.8
80.8
80.8
81.0
81.3
81.3
81.3
81.4
81.4
81.4
81.5
81.6
81.7
81.9
81.9
81.9
81.9
82.0
82.0
82.0
82.0
82.1
82.2
82.2
82.2
82.3
82.3
82.3
82.4
82.5
82.6
82.6
82.7
83.2
83.2
83.2
83.2
83.2
83.4
83.4
83.5
83.5
83.7
83.7
83.7
83.8
83.9
83.9
84.0
84.0
84.0
84.2
84.3
84.5
84.6
84.6
84.7
84.7
84.8
84.8
84.9
84.9
85.1
85.2
85.2
85.2
85.2
85.3
85.3
85.3
85.5
85.5
85.6
85.6
85.7
85.8
85.9
86.0
86.1
86.1
86.3
86.3
86.4
86.4
86.4
86.4
86.5
86.5
86.7
86.7
86.8
86.8
86.9
87.0
87.0
87.1
87.3
87.5
87.7
87.7
87.7
87.7
87.8
88.1
88.1
88.2
88.2
88.3
88.4
88.5
88.6
88.6
88.7
88.7
88.8
88.9
89.1
89.1
89.1
89.2
89.3
89.3
89.4
89.6
89.8
89.9
89.9
90.0
90.1
90.3
90.4
90.5
90.5
90.6
90.6
90.6
90.8
90.9
91.0
91.0
91.0
91.1
91.2
91.3
91.3
91.4
91.4
91.5
91.5
91.5
91.6
91.6
91.7
91.8
91.8
91.9
92.1
92.2
92.2
92.4
92.4
92.4
92.4
92.5
92.5
92.6
92.7
92.8
92.8
92.9
93.0
93.0
93.1
93.3
93.3
93.3
93.3
93.3
93.4
93.4
93.5
93.7
93.7
93.8
93.8
93.9
93.9
93.9
93.9
94.0
94.0
94.1
94.3
94.4
94.5
94.7
94.7
94.8
94.8
94.9
94.9
95.4
95.5
95.8
95.8
95.8
95.9
95.9
95.9
96.0
96.1
96.1
96.1
96.1
96.2
96.2
96.2
96.3
96.4
96.4
96.5
96.5
96.5
96.5
96.5
96.6
96.6
96.6
96.6
96.7
96.9
97.0
97.0
97.0
97.1
97.3
97.3
97.4
97.5
97.6
97.6
97.6
97.7
97.7
97.7
97.7
97.9
98.0
98.0
98.0
98.1
98.2
98.3
98.3
98.3
98.3
98.3
98.4
98.5
98.5
98.6
98.7
98.7
98.7
98.9
98.9
99.1
99.1
99.3
99.4
99.4
99.5
99.6
99.8
99.8
99.8
99.9
99.9
100.0
100.0
100.1
100.1
100.2
100.2
100.2
100.3
100.3
100.4
100.4
100.4
100.4
100.5
100.5
100.5
100.6
100.6
100.6
100.6
100.6
100.8
101.0
101.0
101.0
101.2
101.4
101.5
101.5
101.6
101.9
102.0
102.1
102.2
102.3
102.3
102.3
102.3
102.5
102.7
102.8
103.0
103.0
103.0
103.3
103.4
103.4
103.4
103.4
103.5
103.6
103.6
103.8
103.8
103.9
103.9
103.9
103.9
104.1
104.1
104.1
104.2
104.3
104.3
104.3
104.4
104.4
104.5
104.6
104.7
104.8
104.9
105.0
105.0
105.1
105.2
105.2
105.3
105.3
105.3
105.4
105.4
105.4
105.5
105.6
105.6
105.9
106.2
106.3
106.3
106.6
106.6
106.8
106.8
106.8
106.8
106.9
107.0
107.0
107.0
107.1
107.2
107.4
107.5
107.6
107.7
107.8
107.8
107.9
108.0
108.0
108.0
108.1
108.2
108.3
108.3
108.3
108.3
108.5
108.5
108.5
108.8
108.8
109.0
109.0
109.0
109.2
109.2
109.3
109.4
109.5
109.8
109.9
110.1
110.2
110.3
110.4
110.4
110.4
110.5
110.5
110.5
110.7
110.9
110.9
111.0
111.0
111.2
111.3
111.3
111.4
111.5
111.6
111.6
111.6
111.7
111.7
111.8
111.8
111.8
111.9
112.1
112.1
112.4
112.5
112.6
112.6
112.8
112.8
112.9
113.0
113.1
113.1
113.2
113.2
113.4
113.4
113.4
113.5
113.6
113.7
113.7
113.8
113.8
114.1
114.2
114.3
114.4
114.5
114.6
114.6
114.7
114.7
114.8
114.8
115.0
115.1
115.1
115.2
115.4
115.6
115.6
115.7
115.9
116.0
116.1
116.1
116.2
116.3
116.3
116.3
116.5
116.6
116.6
116.6
116.7
116.8
117.0
117.0
117.1
117.2
117.4
117.4
117.6
117.6
117.6
117.7
117.9
118.0
118.0
118.1
118.3
118.5
118.5
118.6
118.9
119.0
119.1
119.1
119.1
119.1
119.1
119.1
119.2
119.2
119.4
119.5
119.6
119.8
119.8
119.8
119.8
119.9
120.0
120.3
120.3
120.4
120.4
120.5
120.5
120.6
120.6
120.7
120.8
120.9
120.9
121.0
121.0
121.4
121.5
121.6
121.6
121.7
121.7
121.8
121.8
121.8
122.0
122.1
122.1
122.2
122.3
122.4
122.4
122.4
122.5
122.5
122.6
122.7
122.7
122.7
122.8
122.8
122.8
123.0
123.3
123.3
123.6
123.7
123.9
124.0
124.5
124.5
124.8
125.0
125.0
125.1
125.1
125.1
125.2
125.4
125.7
125.7
125.8
125.8
125.9
126.2
126.2
126.5
126.6
126.6
126.6
126.8
126.9
126.9
126.9
127.2
127.2
127.2
127.3
127.5
127.7
127.7
127.9
127.9
127.9
128.0
128.1
128.1
128.2
128.4
128.6
128.7
128.8
128.8
129.3
129.3
129.3
129.4
129.4
129.5
129.7
129.7
129.8
129.8
129.9
129.9
130.0
130.2
130.3
130.3
130.4
130.5
130.6
130.6
130.7
130.7
131.3
131.4
131.5
131.5
131.5
131.6
131.7
131.9
132.0
132.1
132.3
132.3
132.4
132.4
132.5
132.9
133.1
133.3
133.4
133.4
133.5
133.5
133.6
133.6
133.7
133.7
133.8
133.9
133.9
133.9
134.0
134.1
134.1
134.1
134.2
134.2
134.3
134.3
134.5
134.9
135.0
135.1
135.1
135.1
135.1
135.2
135.2
135.3
135.3
135.4
135.4
135.5
135.6
135.6
135.7
135.8
135.8
135.8
135.9
136.0
136.3
136.3
136.6
136.7
136.7
136.7
137.0
137.1
137.2
137.3
137.4
137.6
137.8
137.8
137.9
138.1
138.1
138.2
138.2
138.4
138.4
138.4
138.4
138.5
138.6
138.9
138.9
139.1
139.2
139.2
139.2
139.4
139.5
139.6
139.6
139.7
139.7
139.8
139.8
139.8
139.9
140.0
140.2
140.4
140.4
140.4
140.4
140.7
140.8
140.8
140.9
141.0
141.1
141.2
141.4
141.5
141.7
142.2
142.3
142.4
142.5
142.6
142.6
142.7
142.8
142.8
142.8
142.9
142.9
143.0
143.1
143.1
143.1
143.2
143.3
143.6
143.7
143.7
143.7
143.7
144.0
144.1
144.1
144.1
144.2
144.5
144.6
144.7
144.9
145.2
145.2
145.4
145.4
145.5
145.6
145.7
145.8
145.8
146.1
146.2
146.3
146.3
146.4
146.5
146.5
146.6
146.7
146.8
146.9
146.9
147.1
147.1
147.1
147.3
147.3
147.4
147.5
147.6
147.6
147.6
147.7
147.7
147.8
147.8
147.9
147.9
148.0
148.0
148.2
148.2
148.2
148.7
148.8
148.9
149.2
149.3
149.9
150.1
150.3
150.7
150.8
150.8
150.9
151.1
151.1
151.2
151.2
151.3
151.3
151.4
151.6
151.6
151.7
151.7
151.8
151.8
151.9
152.1
152.2
152.3
152.5
152.6
152.6
153.0
153.1
153.1
153.2
153.2
153.3
153.3
153.5
153.9
154.0
154.9
155.0
155.2
155.4
155.5
155.6
155.6
155.6
155.9
155.9
156.0
156.1
156.2
156.4
156.7
156.7
156.7
156.8
156.8
156.9
156.9
157.0
157.0
157.0
157.1
157.2
157.2
157.2
157.3
157.3
157.4
157.5
157.6
157.6
157.7
157.7
157.8
157.9
157.9
157.9
157.9
157.9
157.9
158.0
158.0
158.0
158.0
158.1
158.1
158.2
158.2
158.3
158.3
158.6
158.7
158.8
158.9
159.0
159.1
159.1
159.2
159.3
159.3
159.4
159.4
159.6
159.6
159.7
159.7
159.9
159.9
160.2
160.3
160.3
160.3
160.4
160.4
160.5
160.5
160.8
160.9
160.9
161.0
161.0
161.1
161.1
161.2
161.2
161.5
161.7
161.8
162.1
162.3
162.4
162.5
162.6
162.8
163.0
163.1
163.1
163.1
163.1
163.2
163.3
163.4
163.5
163.5
163.5
163.5
163.6
163.7
163.9
164.1
164.1
164.2
164.3
164.5
165.0
165.0
165.1
165.1
165.2
165.3
165.3
165.3
165.5
165.5
165.6
165.6
165.6
165.8
165.8
165.8
165.9
166.0
166.0
166.1
166.2
166.3
166.3
166.4
166.4
166.5
166.6
166.8
166.8
166.8
166.9
167.3
167.4
167.4
167.4
167.6
167.7
167.9
167.9
168.0
168.0
168.1
168.2
168.6
168.7
168.7
168.9
169.0
169.1
169.2
169.3
169.4
169.4
169.6
169.7
169.8
169.9
170.1
170.2
170.2
170.3
170.3
170.5
170.6
170.6
170.9
171.1
171.2
171.5
171.5
171.6
172.2
172.2
172.5
172.8
172.8
172.8
172.8
172.9
172.9
172.9
172.9
173.0
173.0
173.1
173.2
173.3
173.3
173.4
173.6
173.6
173.7
173.8
173.9
174.0
174.1
174.1
174.2
174.7
175.3
175.4
175.5
175.5
175.5
175.6
175.6
175.8
175.9
176.4
176.4
176.5
176.7
176.8
177.2
177.4
177.5
177.6
177.7
177.7
177.9
178.1
178.3
178.3
178.4
178.6
178.6
178.6
178.9
179.0
179.1
179.1
179.3
179.6
179.6
179.7
179.8
180.0
180.0
180.1
180.1
180.3
180.7
180.7
180.8
180.8
180.9
180.9
181.1
181.1
181.1
181.2
181.3
181.4
181.7
181.8
181.9
182.0
182.2
182.3
182.4
182.5
182.6
182.7
182.8
182.8
182.8
182.9
183.0
183.2
183.4
183.5
183.8
184.0
184.2
184.3
184.4
184.4
184.5
184.7
184.8
184.9
185.0
185.0
185.1
185.3
185.3
185.3
185.4
185.7
185.7
185.8
185.8
186.0
186.2
186.3
186.3
186.4
186.4
186.5
186.6
186.6
186.6
187.1
187.1
187.2
187.2
187.2
187.3
187.3
187.4
187.5
187.5
187.6
187.7
187.8
187.9
188.0
188.0
188.1
188.2
188.2
188.2
188.2
188.3
188.6
188.7
188.7
188.7
188.8
189.2
189.3
189.7
189.7
189.9
189.9
190.0
190.2
190.3
190.4
190.4
190.4
190.6
190.6
190.7
190.7
190.8
190.9
191.1
191.2
191.3
191.5
191.6
191.7
191.9
192.0
192.0
192.0
192.1
192.4
192.5
192.6
192.7
192.7
192.7
193.1
193.3
193.4
193.5
193.5
193.6
193.7
193.7
193.9
193.9
194.0
194.2
194.8
194.8
195.0
195.0
195.2
195.3
195.3
195.5
195.5
195.6
195.9
196.2
196.4
196.5
196.8
196.9
197.0
197.1
197.1
197.2
197.2
197.4
197.6
197.6
197.7
197.7
197.7
197.8
197.9
198.0
198.1
198.2
198.4
198.6
198.6
198.6
198.8
199.1
199.2
199.2
199.2
199.2
199.2
199.3
199.3
199.4
199.5
199.7
199.7
199.8
199.8
200.0
200.0
200.1
200.4
200.6
200.8
201.0
201.1
201.2
201.2
201.4
201.6
201.6
202.1
202.2
202.4
202.4
202.5
202.5
202.6
202.6
202.8
203.0
203.1
203.1
203.4
203.6
203.7
203.8
204.4
204.5
204.6
204.6
204.7
205.2
205.5
205.6
205.7
205.7
205.8
205.9
205.9
206.0
206.1
206.2
206.2
206.3
206.3
206.3
206.6
206.9
206.9
207.1
207.3
207.4
207.6
207.6
207.7
207.7
207.8
207.9
208.1
208.1
208.2
208.4
208.5
208.7
208.8
208.9
209.1
209.2
209.4
209.4
209.5
209.5
209.5
209.6
209.6
209.7
209.7
209.8
209.8
209.9
210.0
210.0
210.1
210.1
210.3
210.4
210.5
210.7
210.8
210.9
210.9
210.9
211.0
211.1
211.1
211.6
211.7
211.8
211.9
212.0
212.1
212.1
212.5
212.8
213.0
213.2
213.3
213.5
213.6
213.8
213.8
213.8
213.9
213.9
214.0
214.2
214.3
214.4
214.5
214.7
214.8
215.0
215.3
215.4
215.4
215.4
215.6
215.6
215.7
216.0
216.1
216.1
216.3
216.4
216.5
216.6
216.7
216.9
216.9
216.9
217.1
217.2
217.2
217.2
217.2
217.3
217.3
217.4
217.5
217.9
217.9
218.1
218.1
218.2
218.2
218.3
218.3
219.0
219.3
219.4
219.4
220.0
220.3
220.3
220.4
220.5
220.5
220.7
220.8
220.8
220.9
221.2
221.3
221.5
221.5
221.8
221.8
222.0
222.0
222.1
222.2
222.3
222.3
222.3
222.3
222.4
222.5
222.8
222.9
223.0
223.2
223.5
223.6
223.6
223.8
223.9
223.9
223.9
223.9
224.0
224.0
224.1
224.2
224.2
224.4
224.7
225.0
225.0
225.2
225.4
225.8
226.0
226.1
226.2
226.3
226.3
226.4
226.5
226.6
227.5
227.9
227.9
228.0
228.0
228.1
228.2
228.3
228.4
228.4
228.5
228.5
228.6
228.7
228.8
228.9
229.0
229.2
229.2
229.2
229.3
229.3
229.4
229.5
229.6
229.7
229.9
229.9
230.0
230.1
230.3
230.4
230.5
230.7
230.8
231.3
231.5
231.6
231.8
232.0
232.3
232.5
232.6
232.6
232.7
232.8
233.0
233.1
233.2
233.2
233.2
233.2
233.3
233.3
233.5
233.5
233.5
233.8
234.0
234.0
234.1
234.1
234.1
234.2
234.3
234.4
234.5
234.5
234.5
234.8
234.9
235.0
235.1
235.2
235.4
235.7
235.8
235.8
236.2
236.3
236.3
236.4
236.5
236.5
236.7
237.1
237.1
237.2
237.3
237.4
237.6
237.8
237.8
237.9
238.4
238.4
238.5
238.5
238.7
238.8
238.8
239.2
239.3
239.6
239.6
239.7
239.9
240.1
240.2
240.4
240.6
240.7
240.7
240.8
240.9
240.9
241.0
241.0
241.3
241.3
241.3
241.5
241.5
241.6
241.8
241.9
241.9
242.1
242.1
242.2
242.4
242.5
242.6
242.8
242.9
243.0
243.2
243.2
243.5
243.6
243.7
243.8
243.8
244.0
244.1
244.1
244.1
244.2
244.6
244.7
244.7
244.8
244.9
245.0
245.2
245.3
245.3
245.5
245.6
245.7
245.7
245.7
245.7
245.7
245.8
245.8
245.9
246.0
246.3
246.3
246.4
246.5
247.3
247.4
247.6
248.5
248.5
248.6
248.6
248.9
248.9
249.0
249.0
249.1
249.1
249.3
249.4
249.4
249.5
249.6
249.8
250.1
250.2
250.4
250.7
250.8
250.8
251.0
251.0
251.3
251.4
251.4
251.6
251.9
252.0
252.0
252.1
252.1
252.4
252.5
252.5
252.9
252.9
252.9
253.0
253.0
253.1
253.2
253.3
253.4
253.5
253.7
253.8
253.8
253.9
253.9
254.0
254.2
254.2
254.3
254.3
254.8
254.9
255.1
255.4
255.4
255.5
255.5
255.5
255.8
255.8
256.6
256.7
256.8
256.8
256.8
256.9
257.0
257.1
257.5
257.6
257.7
258.0
258.2
258.3
258.3
258.5
258.6
258.8
259.1
259.1
259.5
259.6
259.6
259.7
259.8
260.0
260.0
260.2
260.2
260.3
260.3
260.4
260.4
260.5
260.5
260.5
260.6
260.8
260.9
260.9
261.1
261.1
261.3
261.3
261.4
262.0
262.1
262.1
262.1
262.8
263.0
263.2
263.3
263.5
263.7
263.7
263.8
263.8
263.9
264.0
264.1
264.1
264.3
264.4
265.0
265.4
265.9
266.1
266.1
266.3
266.3
266.4
266.6
266.6
266.7
266.7
266.9
267.1
267.1
267.2
267.2
267.3
267.4
267.4
267.4
267.5
267.5
267.7
268.2
268.3
268.3
268.3
268.4
268.4
268.5
268.5
268.8
268.9
269.0
269.2
269.2
269.3
269.3
269.4
269.4
269.9
269.9
269.9
270.0
270.1
270.7
270.7
270.8
270.9
271.0
271.3
271.8
272.0
272.1
272.1
272.2
272.7
272.8
272.9
273.0
273.0
273.1
273.3
273.6
273.7
273.8
273.9
273.9
274.3
274.4
274.5
274.7
274.7
274.9
274.9
275.0
275.1
275.2
275.3
275.4
275.4
275.5
275.6
275.8
276.0
276.4
276.4
276.7
276.8
277.0
277.3
277.4
277.5
277.5
277.6
277.7
278.4
278.5
278.5
278.9
278.9
279.3
279.4
279.5
279.5
279.6
280.0
280.1
280.6
280.7
280.9
281.0
281.1
281.4
281.8
281.9
282.0
282.2
282.3
282.4
282.6
282.7
282.8
283.2
283.2
283.3
283.4
283.4
283.6
283.6
283.7
283.8
283.9
284.0
284.0
284.1
284.1
284.2
284.4
284.4
284.5
284.6
284.7
284.9
285.0
285.1
285.5
285.7
285.8
286.1
286.7
286.7
286.8
286.8
286.8
287.0
287.2
287.2
287.3
287.5
287.8
287.8
287.9
287.9
288.1
288.2
288.6
288.6
288.7
288.9
289.0
289.1
289.1
289.4
289.4
289.5
289.6
289.7
289.7
289.8
289.8
290.2
290.4
290.5
290.6
290.7
290.8
290.9
291.2
291.4
291.5
291.6
291.7
291.8
292.0
292.1
292.2
292.3
292.3
292.4
292.5
292.5
292.9
293.1
293.1
293.3
293.5
293.5
293.6
293.7
294.2
294.3
294.4
294.7
294.7
294.7
295.0
295.0
295.0
295.1
295.2
295.4
295.5
295.5
295.6
295.6
295.6
295.6
295.7
295.9
295.9
296.3
296.6
296.8
296.8
296.9
296.9
297.1
297.3
297.5
297.6
297.6
297.9
297.9
298.2
298.2
298.3
298.3
298.3
298.4
298.5
298.6
298.7
298.8
298.9
298.9
299.0
299.2
299.6
299.6
299.8
299.9
300.0
300.2
300.2
300.3
300.6
300.7
300.8
301.0
301.2
301.3
301.5
301.5
301.6
301.6
301.9
301.9
301.9
302.0
302.2
302.2
302.3
302.4
302.5
302.7
302.8
303.0
303.2
303.2
303.5
303.7
304.0
304.1
304.2
304.3
304.4
305.0
305.1
305.4
305.5
305.6
305.9
306.1
306.2
306.2
306.4
306.6
306.8
306.8
307.0
307.2
307.2
307.4
307.8
307.8
307.8
308.0
308.2
308.2
308.4
308.4
308.4
308.5
308.6
309.1
309.2
309.2
309.3
309.4
309.4
309.6
309.6
309.6
309.7
309.7
309.7
309.8
310.0
310.0
310.0
310.3
310.6
310.6
310.7
311.1
311.3
311.3
311.3
311.4
311.8
311.9
311.9
312.1
312.1
312.2
312.3
312.4
312.5
312.7
312.9
313.1
313.4
313.5
313.5
313.6
313.6
313.7
313.7
313.8
314.0
314.0
314.1
314.5
314.6
314.9
314.9
314.9
315.2
315.2
315.2
315.5
315.6
315.7
315.7
315.7
316.0
316.1
316.3
316.5
316.6
316.6
316.9
317.0
317.2
317.4
317.5
317.6
317.8
317.8
318.1
318.3
318.3
318.3
318.4
318.5
318.6
318.6
318.7
318.8
319.0
319.0
319.1
319.1
319.4
319.4
319.6
319.6
319.6
319.7
319.9
319.9
319.9
320.1
320.2
320.3
320.4
320.5
320.6
320.6
320.7
320.7
321.1
321.1
321.1
321.1
321.4
321.4
321.5
321.5
321.6
321.9
322.0
322.0
322.0
322.4
322.5
322.5
322.6
322.6
322.7
322.7
322.7
322.7
323.1
323.2
323.3
323.3
323.5
323.5
323.6
323.6
323.9
323.9
324.3
324.4
324.6
324.8
325.0
325.0
325.2
325.2
325.3
325.3
325.4
325.5
325.6
325.7
325.7
325.7
325.8
326.5
326.5
326.8
326.8
326.9
327.0
327.0
327.1
327.1
327.1
327.1
327.2
327.2
327.2
327.4
327.6
327.7
327.7
327.9
328.0
328.3
328.6
328.7
328.7
329.0
329.5
329.5
329.5
329.6
329.8
329.8
330.3
330.7
331.7
331.7
331.8
331.9
332.1
332.1
332.2
332.4
332.4
332.5
332.6
332.6
332.6
332.9
332.9
333.0
333.1
333.3
333.3
333.3
333.4
333.4
333.5
333.5
333.5
333.7
333.9
334.1
334.2
334.2
334.3
334.3
334.6
334.7
334.8
334.9
334.9
334.9
334.9
334.9
335.0
335.0
335.0
335.3
335.3
335.5
335.6
335.7
335.8
336.2
336.4
336.4
336.7
336.8
336.9
337.1
337.4
337.8
338.1
338.1
338.2
338.2
338.3
338.4
338.5
338.5
338.6
338.6
338.8
338.8
338.8
338.9
339.0
339.1
339.1
339.5
339.7
339.7
339.7
339.8
339.9
340.0
340.0
340.1
340.5
340.5
340.6
341.1
341.1
341.1
341.2
341.3
341.6
341.7
341.7
341.8
341.9
341.9
342.0
342.0
342.1
342.2
342.4
342.5
342.5
342.6
342.6
342.7
342.7
342.8
342.9
342.9
342.9
343.0
343.1
343.2
343.4
343.5
343.5
343.6
343.7
344.0
344.3
344.6
344.6
344.6
344.7
344.7
345.1
345.1
345.2
345.2
345.3
345.7
345.8
345.8
345.8
345.9
346.0
346.2
346.3
346.4
346.5
346.6
346.6
346.6
346.8
346.8
347.1
347.3
347.3
347.5
347.5
347.7
347.9
347.9
347.9
347.9
348.1
348.2
348.2
348.2
348.3
348.3
348.4
348.6
348.6
348.7
348.7
348.9
348.9
349.0
349.4
349.5
349.6
349.7
349.7
349.8
349.9
349.9
350.2
350.2
350.3
350.3
350.5
350.8
350.8
350.9
351.0
351.1
351.2
351.4
351.4
351.4
351.6
351.6
351.6
351.8
352.0
352.2
352.2
352.3
352.3
352.4
352.4
352.5
352.6
352.6
352.7
352.7
353.0
353.1
353.2
353.6
353.7
353.8
353.8
353.9
354.0
354.0
354.2
354.2
354.3
354.3
354.4
354.5
354.5
354.5
354.6
354.6
354.6
354.7
354.8
355.0
355.0
355.3
355.3
355.6
355.7
355.7
355.8
355.8
356.0
356.2
356.4
356.4
356.4
356.6
357.1
357.1
357.1
357.1
357.2
357.3
357.4
357.5
357.6
357.6
357.7
357.9
357.9
357.9
358.0
358.1
358.2
358.4
358.8
358.9
358.9
359.0
359.1
359.2
359.3
359.4
359.4
359.7
359.7
359.7
359.8
359.8
359.9
360.1
360.1
360.1
360.3
360.3
360.6
360.6
360.7
360.9
361.0
361.1
361.4
361.5
361.8
361.8
361.9
362.0
362.4
362.4
362.6
362.6
362.9
363.1
363.1
363.3
363.4
363.5
363.6
363.7
363.7
363.8
363.8
363.9
364.0
364.4
364.4
364.5
364.6
364.7
364.8
364.8
365.0
365.1
365.2
365.2
365.3
365.3
365.5
365.6
365.6
365.7
365.7
365.8
365.9
365.9
366.0
366.4
366.4
366.5
366.6
366.7
366.8
366.9
367.0
367.1
367.1
367.2
367.3
367.4
367.4
367.6
367.6
368.2
368.4
368.8
369.1
369.1
369.1
369.2
369.5
369.5
369.6
369.6
369.7
370.0
370.3
370.7
370.7
370.8
371.0
371.0
371.4
371.6
371.6
371.7
371.7
372.2
372.2
372.2
372.2
372.3
372.5
372.7
373.1
373.1
373.1
373.5
373.5
373.6
373.6
373.8
373.8
373.8
373.9
374.0
374.0
374.1
374.1
374.2
374.2
374.2
374.2
374.5
374.5
374.6
374.7
374.9
375.1
375.2
375.6
375.8
375.9
376.1
376.5
376.8
376.8
376.8
376.9
377.1
377.3
377.4
377.5
377.5
377.6
377.7
377.7
377.7
377.7
377.8
378.1
378.2
378.2
378.4
378.4
378.4
378.5
378.5
378.6
378.6
378.8
379.0
379.1
379.2
379.3
379.3
379.4
379.4
379.5
379.5
379.8
379.9
380.0
380.0
380.0
380.0
380.1
380.2
380.4
380.5
380.6
380.8
380.9
380.9
381.0
381.1
381.4
381.6
381.6
381.7
381.7
381.8
381.9
382.4
382.4
382.4
382.5
382.6
382.8
382.8
383.2
383.3
383.5
383.5
383.7
383.8
384.0
384.1
384.5
384.6
384.6
384.6
385.0
385.3
385.4
385.5
385.9
386.0
386.1
386.2
386.2
386.6
386.7
386.9
387.1
387.3
387.3
387.3
387.4
387.5
387.5
387.8
388.0
388.0
388.0
388.0
388.2
388.2
388.2
388.3
388.4
388.4
388.5
388.5
388.6
388.6
388.7
388.7
388.7
389.2
389.4
389.5
389.5
389.7
389.8
389.9
389.9
390.1
390.5
390.6
390.6
390.7
390.8
390.8
390.9
391.0
391.1
391.2
391.3
391.3
391.4
391.5
391.5
391.6
391.7
391.8
392.0
392.0
392.0
392.1
392.2
392.3
392.4
392.6
392.6
392.7
392.9
393.1
393.2
393.2
393.5
393.5
393.5
393.6
393.7
394.0
394.1
394.2
394.4
394.6
394.7
394.7
394.7
394.8
394.8
395.5
395.9
396.0
396.0
396.1
396.3
396.4
396.5
396.6
396.9
397.0
397.0
397.1
397.2
397.4
397.5
397.6
397.8
398.0
398.0
398.3
398.4
398.5
398.6
398.9
399.0
399.0
399.1
399.1
399.3
399.3
399.3
399.3
399.4
399.5
399.5
399.6
399.6
399.7
399.8
399.8
400.0
400.0
400.3
400.4
400.6
400.6
400.7
400.7
400.8
401.0
401.0
401.2
401.4
401.5
401.5
401.7
401.7
402.3
402.3
402.6
402.6
402.6
402.6
402.6
402.8
402.9
403.1
403.2
403.2
403.2
403.8
403.9
403.9
404.2
404.2
404.4
404.4
404.6
404.9
404.9
405.0
405.2
405.6
405.9
406.0
406.2
406.3
406.3
406.3
406.4
406.6
407.0
407.0
407.1
407.1
407.1
407.3
407.4
407.4
407.8
407.9
408.3
409.1
409.1
409.2
409.3
409.4
409.4
409.4
409.6
409.6
409.7
409.7
409.7
409.8
410.0
410.0
410.1
410.1
410.2
410.2
410.3
410.3
410.4
410.6
410.8
411.0
411.0
411.0
411.1
411.2
411.2
411.5
411.5
411.7
411.7
411.7
411.8
411.9
412.0
412.4
412.5
412.6
412.7
412.7
412.8
412.8
412.9
413.0
413.4
413.7
413.8
413.8
413.8
413.8
413.9
414.0
414.0
414.4
414.6
414.6
414.7
414.8
414.8
414.9
415.0
415.3
415.3
415.3
415.6
415.6
415.6
415.6
416.0
416.2
416.2
416.3
416.5
416.5
416.6
416.8
416.8
417.0
417.3
417.4
417.6
417.8
417.8
417.8
418.1
418.1
418.3
418.3
418.3
418.6
418.7
418.7
418.8
418.8
418.8
418.9
419.2
419.3
419.4
419.5
419.6
419.7
419.7
419.8
420.0
420.1
420.1
420.1
420.3
420.4
420.4
420.5
420.5
420.6
420.6
420.6
420.8
420.9
420.9
421.3
421.8
421.9
421.9
422.1
422.1
422.2
422.5
422.6
422.6
422.6
422.7
422.8
422.8
423.2
423.2
423.7
423.8
423.9
423.9
423.9
424.0
424.1
424.1
424.3
424.5
424.5
424.5
424.6
424.8
425.1
425.1
425.2
425.3
425.4
426.2
426.5
426.7
426.7
426.8
426.8
426.8
427.0
427.1
427.1
427.3
427.3
427.5
427.9
428.1
428.2
428.2
428.2
428.3
428.4
428.4
428.8
429.0
429.0
429.2
429.4
429.4
429.5
429.6
429.6
429.8
429.8
430.0
430.0
430.0
430.1
430.1
430.3
430.7
430.7
431.0
431.0
431.2
431.5
431.5
431.6
431.8
432.0
432.0
432.1
432.3
432.3
432.4
432.6
432.8
433.2
433.5
433.7
433.8
433.9
434.2
434.3
434.4
435.0
435.1
435.3
435.3
435.4
435.4
435.5
435.7
435.7
435.8
436.0
436.2
436.3
436.6
436.7
436.7
436.9
437.2
437.4
437.7
437.8
437.8
437.9
437.9
438.3
438.3
438.4
438.6
438.7
439.0
439.1
439.2
439.4
439.4
439.4
439.5
439.7
439.7
439.7
439.8
440.1
440.1
440.2
440.3
440.8
441.1
441.3
441.5
441.6
441.7
441.7
441.7
441.7
441.8
441.8
441.9
442.0
442.1
442.3
442.4
442.5
442.6
442.7
442.8
443.2
443.4
443.4
443.5
443.5
443.6
443.6
443.7
443.9
444.0
444.1
444.2
444.3
444.7
444.7
444.8
445.0
445.0
445.3
445.4
445.5
445.5
445.7
445.7
445.7
445.9
445.9
446.0
446.0
446.1
446.2
446.2
446.3
446.3
446.4
446.5
446.5
446.5
446.5
446.6
446.9
446.9
447.1
447.1
447.2
447.2
447.2
447.3
447.5
447.6
447.7
447.9
447.9
448.0
448.0
448.0
448.2
448.3
448.3
448.4
448.6
448.7
449.0
449.0
449.0
449.1
449.2
449.3
449.4
449.7
449.7
449.8
449.9
450.1
450.2
450.5
450.7
450.7
450.8
450.8
450.8
450.8
450.9
451.3
451.4
451.9
452.0
452.0
452.1
452.3
452.3
452.4
452.6
452.7
452.7
452.7
452.8
453.3
453.3
453.7
453.7
453.8
453.9
454.0
454.4
454.5
454.8
454.8
454.9
454.9
455.0
455.3
455.5
455.6
455.8
455.9
455.9
456.1
456.1
456.4
456.4
456.5
456.7
456.8
456.8
456.9
456.9
457.1
457.4
457.4
457.5
457.5
457.6
457.8
457.8
457.8
457.9
457.9
458.0
458.1
458.2
458.3
458.3
458.4
458.6
458.6
458.9
458.9
459.1
459.1
459.2
459.3
459.4
459.5
459.5
459.5
460.0
460.0
460.0
460.2
460.2
460.5
460.6
460.7
460.8
460.9
461.0
461.1
461.1
461.3
461.7
461.8
461.9
462.1
462.2
462.6
462.7
462.7
462.7
463.0
463.0
463.3
463.4
463.6
463.6
463.8
463.9
464.0
464.2
464.3
464.3
464.3
464.4
464.4
464.4
464.5
464.6
464.7
464.7
464.8
465.1
465.2
465.4
465.5
465.7
465.8
465.8
465.9
466.0
466.0
466.1
466.2
466.2
466.5
466.6
466.6
466.8
467.2
467.2
467.3
467.4
467.4
467.4
467.6
467.9
468.0
468.1
468.2
468.2
468.3
468.4
468.4
468.5
468.5
468.5
468.7
468.8
468.8
468.8
468.8
469.0
469.1
469.2
469.5
469.5
469.8
470.0
470.0
470.0
470.1
470.3
470.4
470.7
471.1
471.3
471.3
471.6
471.7
471.8
471.8
471.9
471.9
471.9
472.0
472.0
472.1
472.3
473.2
473.3
473.3
473.5
473.6
473.6
473.7
474.1
474.1
474.7
474.7
474.8
474.8
475.2
475.2
475.5
475.5
475.5
475.5
475.5
475.9
476.0
476.1
476.2
476.2
476.3
476.4
476.9
477.1
477.2
477.3
477.4
477.7
477.7
477.7
477.9
478.3
478.3
478.4
478.6
478.6
478.7
478.8
478.8
478.8
479.6
479.7
479.8
479.8
479.9
479.9
480.0
480.0
480.5
480.5
480.6
480.8
480.9
481.5
481.7
481.7
481.9
482.0
482.2
482.5
482.5
482.6
482.6
482.7
482.7
482.8
482.8
482.9
483.0
483.5
483.7
483.9
484.0
484.0
484.1
484.2
484.5
485.0
485.1
485.2
485.5
485.5
485.9
486.1
486.1
486.4
486.7
486.8
486.8
486.8
486.9
486.9
486.9
486.9
487.0
487.3
487.3
487.8
487.8
487.8
487.9
487.9
488.1
488.2
488.3
488.4
488.7
488.9
488.9
489.3
489.4
489.4
489.5
489.6
489.7
489.8
490.0
490.0
490.0
490.3
490.5
490.5
490.8
490.9
491.0
491.1
491.2
491.4
491.4
491.5
491.5
491.6
491.7
491.8
491.9
492.0
492.4
492.5
492.5
492.5
492.8
492.9
493.1
493.2
493.2
493.4
493.9
493.9
494.4
494.4
494.5
494.7
494.8
494.8
495.3
495.5
495.5
495.6
495.9
496.1
496.2
496.7
496.8
497.3
497.6
497.7
497.7
497.9
498.0
498.1
498.3
498.3
498.7
498.9
499.0
499.1
499.2
499.2
499.3
499.4
499.6
499.6
499.6
499.6
500.1
500.3
500.3
500.5
500.6
500.8
500.8
501.1
501.2
501.2
501.2
501.3
501.4
501.5
501.7
501.7
502.0
502.1
502.2
502.2
502.2
502.3
502.5
502.6
502.6
502.6
502.7
502.7
502.8
503.0
503.0
503.1
503.2
503.3
503.5
503.9
504.2
504.5
504.6
504.7
504.7
504.7
504.9
505.3
505.4
505.4
505.5
505.6
505.7
505.9
506.1
506.4
506.5
506.6
506.7
506.7
506.7
507.0
507.4
507.5
507.6
507.6
507.7
507.9
508.0
508.0
508.0
508.1
508.2
508.2
508.3
508.3
508.4
508.5
508.6
508.6
508.7
508.8
508.8
509.0
509.2
509.3
509.4
509.5
509.6
509.6
509.6
509.7
509.7
509.7
509.8
509.9
510.0
510.0
510.0
510.1
510.1
510.4
510.4
510.6
510.7
510.9
511.2
511.4
511.5
511.5
511.7
511.7
511.7
512.0
512.2
512.2
512.3
512.5
512.6
512.9
513.0
513.2
513.2
513.3
513.3
513.5
513.6
513.7
513.7
513.8
513.9
514.3
514.3
514.3
514.4
514.5
514.6
514.7
514.7
514.8
515.4
515.5
515.6
515.7
515.7
515.8
515.9
515.9
515.9
516.0
516.0
516.1
516.1
516.3
516.3
516.7
516.7
516.8
516.9
517.1
517.1
517.1
517.2
517.3
517.4
517.4
517.6
517.7
517.8
517.9
518.0
518.0
518.2
518.2
518.3
518.6
518.7
518.7
518.9
519.3
519.3
519.4
519.8
519.8
520.0
520.1
520.1
520.2
520.2
520.2
520.3
520.7
520.7
520.9
521.0
521.2
521.2
521.3
521.3
521.4
521.4
521.5
521.7
521.8
522.0
522.0
522.0
522.1
522.1
522.1
522.1
522.2
522.3
522.5
522.5
522.6
522.7
522.7
522.9
523.0
523.0
523.1
523.1
523.1
523.2
523.2
523.3
523.3
523.3
523.4
523.7
523.7
523.9
523.9
524.1
524.1
524.2
524.2
524.2
524.3
524.5
524.5
524.5
524.6
524.7
524.7
525.0
525.1
525.4
525.6
525.8
525.8
525.9
525.9
525.9
526.0
526.0
526.1
526.1
526.4
526.4
526.4
526.5
526.6
526.6
526.9
526.9
526.9
527.5
527.5
527.5
527.8
528.1
528.4
528.7
528.8
528.8
528.9
529.2
529.4
529.5
529.6
529.7
529.8
529.8
529.9
529.9
530.0
530.0
530.1
530.3
530.4
530.4
530.5
530.6
530.7
530.9
531.1
531.4
531.8
531.8
532.0
532.0
532.5
533.0
533.2
533.2
533.3
533.4
533.6
533.6
533.6
533.6
533.8
533.8
533.8
533.9
533.9
534.0
534.2
534.4
534.5
534.5
534.7
535.0
535.0
535.2
535.2
535.4
535.4
535.5
535.5
535.7
535.8
535.8
535.9
536.1
536.2
536.2
536.3
536.4
536.7
536.8
537.2
537.2
537.4
537.7
537.7
537.8
538.2
538.3
538.3
538.3
538.3
538.7
538.7
539.0
539.0
539.2
539.3
539.4
539.4
539.4
539.4
539.5
539.6
539.6
539.7
539.9
540.3
540.6
540.8
540.9
541.0
541.1
541.2
541.5
541.5
541.6
541.7
541.8
542.2
542.4
542.5
542.5
542.6
542.7
542.7
543.0
543.1
543.2
543.3
543.3
543.4
543.4
543.4
543.4
543.5
543.6
543.8
543.8
543.9
544.2
544.4
544.4
544.4
544.5
544.5
544.8
545.2
545.4
545.5
545.6
546.0
546.3
546.4
547.2
547.2
547.3
547.3
547.4
547.4
547.5
547.6
547.7
548.1
548.2
548.3
548.3
548.5
548.5
548.6
548.7
548.7
548.8
548.9
549.2
549.5
549.6
549.6
549.9
550.0
550.2
550.3
550.3
550.4
550.5
550.9
550.9
551.0
551.1
551.1
551.5
551.7
551.9
552.0
552.1
552.2
552.4
552.5
552.5
552.5
552.6
552.6
552.7
552.7
552.9
552.9
553.0
553.2
553.3
553.6
553.6
553.6
553.8
553.8
553.8
554.2
554.2
554.4
554.4
554.5
554.6
554.7
554.8
554.9
555.1
555.2
555.3
555.5
555.6
555.6
555.6
555.7
556.2
556.2
556.3
556.4
556.4
556.5
556.5
556.7
557.0
557.0
557.0
557.2
557.3
557.3
557.4
557.6
557.7
557.7
558.0
558.0
558.0
558.2
558.3
558.7
558.7
559.0
559.1
559.2
559.2
559.2
559.3
559.4
559.6
559.7
559.7
559.9
559.9
560.0
560.0
560.1
560.2
560.2
560.2
560.2
560.3
560.3
560.3
560.6
560.6
560.7
560.8
560.8
560.9
561.0
561.1
561.2
561.4
561.6
561.7
561.8
562.6
562.7
562.7
562.8
562.9
563.0
563.1
563.2
563.3
563.3
563.5
563.9
563.9
563.9
564.0
564.0
564.0
564.2
564.3
564.4
564.9
564.9
565.0
565.2
565.3
565.7
565.8
565.8
566.0
566.1
566.1
566.2
566.5
566.6
566.7
566.8
567.0
567.2
567.2
567.3
567.3
567.4
567.4
567.4
567.6
567.7
567.7
567.9
567.9
568.0
568.1
568.3
568.4
568.7
568.7
568.7
568.8
569.3
569.3
569.4
569.4
569.5
569.5
569.8
569.8
570.0
570.2
570.2
570.2
570.3
570.4
570.4
570.4
570.7
570.7
570.7
570.7
570.8
571.0
571.2
571.3
571.3
571.5
571.7
571.7
571.7
571.7
572.2
572.4
572.5
572.5
572.5
572.5
572.8
573.0
573.0
573.1
573.1
573.4
573.7
573.8
573.9
573.9
574.1
574.2
574.4
574.4
574.4
574.6
574.7
575.0
575.0
575.1
575.4
575.5
575.6
575.6
575.7
575.9
576.0
576.1
576.3
576.3
576.6
576.8
576.9
576.9
576.9
577.1
577.4
577.5
577.6
577.7
577.7
577.8
577.9
578.5
578.7
578.7
579.1
579.1
579.2
579.2
579.2
579.3
579.3
579.5
579.8
579.8
579.8
579.9
579.9
579.9
580.2
580.3
580.4
580.6
580.8
580.9
581.0
581.2
581.3
581.5
581.7
581.7
581.8
581.9
582.1
582.2
582.4
582.5
582.5
582.7
583.0
583.1
583.2
583.3
583.3
583.5
583.5
583.8
583.8
583.9
583.9
584.1
584.3
584.4
584.6
584.8
584.8
584.9
584.9
584.9
585.2
585.3
585.4
585.5
585.7
585.8
585.9
586.0
586.0
586.1
586.2
586.2
586.3
586.4
586.4
586.5
586.7
586.8
586.8
586.8
587.4
587.5
587.6
587.6
587.7
587.7
587.9
588.0
588.0
588.0
588.2
588.4
588.4
588.5
588.6
588.7
588.8
588.8
589.0
589.1
589.2
589.2
589.4
589.4
589.8
589.8
590.0
590.1
590.2
590.3
590.4
590.5
590.5
590.8
590.9
591.3
591.5
591.6
591.7
591.8
591.8
592.1
592.1
592.1
592.3
592.4
592.5
592.8
592.9
593.0
593.2
593.2
593.3
593.4
593.6
593.7
593.9
594.0
594.0
594.2
594.3
594.4
594.6
594.6
594.8
594.8
595.0
595.1
595.1
595.1
595.1
595.2
595.3
595.3
595.5
595.6
595.6
595.7
595.8
596.1
596.1
596.3
596.4
596.5
596.5
596.7
596.7
596.9
597.3
597.4
597.5
598.1
598.3
598.3
598.5
598.6
599.0
599.0
599.1
599.4
599.4
599.6
599.7
599.7
599.8
599.8
600.0
600.3
600.6
600.6
600.7
601.2
601.2
601.3
601.4
601.5
601.5
601.7
601.7
601.9
602.1
602.2
602.2
602.4
602.4
602.4
602.5
602.5
602.8
602.9
602.9
603.0
603.0
603.1
603.2
603.2
603.4
603.4
603.5
603.7
603.7
603.9
604.1
604.1
604.3
604.3
604.3
604.4
604.4
604.4
604.5
604.6
604.7
604.9
605.2
605.5
605.5
605.8
605.9
606.0
606.1
606.1
606.2
606.2
606.2
606.3
606.6
607.0
607.2
607.4
607.4
607.5
607.6
608.0
608.2
608.2
608.3
608.3
608.4
608.5
608.5
608.6
608.7
608.8
608.8
608.9
609.0
609.0
609.1
609.2
609.8
609.8
610.0
610.2
610.3
610.3
610.3
610.4
610.4
610.5
610.6
610.8
611.1
611.1
611.2
611.2
611.3
611.4
611.4
611.5
611.5
611.6
611.7
611.8
611.8
611.8
611.9
612.2
612.3
612.8
613.1
613.2
613.4
613.6
613.7
613.7
614.1
614.1
614.1
614.2
614.3
614.5
614.5
614.6
614.6
614.8
614.8
615.0
615.0
615.1
615.1
615.2
615.2
615.2
615.7
615.7
615.8
615.8
615.8
616.0
616.1
616.1
616.1
616.3
616.3
616.3
616.3
616.3
616.4
616.4
616.8
616.8
617.0
617.0
617.1
617.1
617.2
617.6
617.7
617.7
617.8
617.9
618.1
618.2
618.2
618.4
618.5
618.5
618.6
618.8
618.9
618.9
619.1
619.2
619.2
619.3
619.4
619.4
619.6
619.6
619.8
620.0
620.1
620.2
620.4
620.6
620.6
620.7
620.8
621.0
621.0
621.0
621.1
621.2
621.2
621.3
621.3
621.3
621.6
621.7
622.0
622.0
622.1
622.1
622.1
622.2
622.4
622.6
622.9
623.0
623.0
623.1
623.2
623.2
623.2
623.4
623.6
623.7
623.7
623.9
624.1
624.2
624.4
624.5
624.7
624.8
625.0
625.0
625.1
625.3
625.3
625.3
625.3
625.4
625.5
625.9
626.0
626.3
626.5
626.7
626.8
626.9
627.1
627.2
627.4
627.5
627.6
627.6
627.7
627.7
628.1
628.1
628.2
628.2
628.2
628.3
628.4
628.6
628.7
629.2
629.2
629.5
629.7
629.9
629.9
629.9
629.9
630.2
630.2
630.5
630.6
630.6
630.7
630.8
630.9
630.9
631.2
631.2
631.4
631.5
631.6
631.8
631.8
631.9
631.9
632.0
632.1
632.4
632.7
632.7
632.7
632.9
633.0
633.5
633.5
633.5
633.6
633.8
634.1
634.1
634.4
634.4
634.6
634.6
634.7
634.7
634.8
634.9
635.0
635.4
635.5
635.5
635.6
635.8
635.8
635.9
636.1
636.1
636.2
636.2
636.2
636.2
636.3
636.4
636.4
636.4
636.5
636.8
636.9
637.1
637.3
637.3
637.3
637.3
637.4
637.4
637.5
637.7
637.8
637.8
637.8
637.8
638.1
638.1
638.3
638.3
638.5
638.7
639.0
639.0
639.2
639.2
639.4
639.4
639.4
639.4
639.4
639.7
639.8
640.0
640.0
640.0
640.2
640.5
640.7
641.1
641.1
641.2
641.2
641.2
641.5
641.6
641.6
641.6
641.7
641.8
642.0
642.3
642.3
642.6
642.8
643.3
643.5
643.6
643.8
643.9
644.1
644.2
644.2
644.3
644.3
644.3
644.4
644.7
644.7
644.9
645.1
645.1
645.2
645.2
645.2
645.3
645.3
645.7
645.8
646.0
646.2
646.4
646.4
646.4
646.5
646.6
646.7
646.7
646.7
646.7
646.7
646.8
646.9
647.0
647.0
647.1
647.2
647.3
647.8
648.0
648.0
648.1
648.3
648.4
648.5
648.5
648.7
648.9
649.0
649.3
649.4
649.4
649.4
649.4
649.5
649.6
649.6
649.7
649.8
649.9
650.1
650.2
650.3
650.4
650.5
650.6
650.8
651.0
651.2
651.2
651.3
651.3
651.4
651.4
651.5
651.5
651.5
651.7
651.9
652.1
652.2
652.4
652.5
652.7
652.8
652.9
652.9
653.3
653.6
653.9
654.0
654.3
654.3
654.3
654.4
654.4
654.5
654.5
654.7
655.1
655.3
655.4
655.5
655.8
656.0
656.0
656.0
656.1
656.2
656.2
656.3
656.5
656.6
656.7
656.7
656.7
656.8
656.8
656.9
656.9
656.9
657.1
657.2
657.4
657.4
657.5
657.6
657.8
657.9
658.2
658.3
658.3
658.4
658.4
658.4
658.8
658.8
658.8
659.1
659.3
659.3
659.4
659.5
659.5
659.8
659.8
659.8
659.9
660.0
660.2
660.3
660.6
660.7
660.7
661.0
661.0
661.1
661.1
661.3
661.4
661.4
661.4
661.4
661.5
661.8
661.8
661.9
662.1
662.1
662.2
662.2
662.3
662.6
662.8
662.8
662.8
662.9
663.2
663.5
663.5
663.7
663.7
664.0
664.1
664.1
664.3
664.4
664.4
664.4
664.4
664.5
664.5
664.7
664.8
664.8
664.8
664.9
665.0
665.1
665.1
665.2
665.5
665.5
666.0
666.0
666.1
666.1
666.2
666.2
666.2
666.4
666.4
666.4
666.5
666.6
666.8
666.8
666.8
666.9
667.0
667.0
667.2
667.4
667.4
667.6
667.9
668.0
668.2
668.2
668.6
668.6
669.0
669.1
669.2
669.2
669.4
669.5
669.7
669.8
669.8
670.0
670.3
670.3
670.3
670.4
670.4
670.6
670.6
670.7
670.8
671.0
671.1
671.4
671.5
672.0
672.1
672.2
672.3
672.5
672.9
673.0
673.0
673.2
673.3
673.3
673.4
673.4
673.6
673.6
673.7
673.7
673.9
674.0
674.1
674.4
674.4
674.4
674.5
674.6
674.8
675.0
675.2
675.4
675.6
675.7
675.7
675.7
675.7
675.7
675.8
675.9
676.0
676.3
676.6
676.6
676.6
676.6
676.8
677.1
677.2
677.2
677.3
677.3
677.5
677.6
677.7
677.7
677.9
677.9
678.0
678.1
678.1
678.2
678.3
678.3
678.3
678.4
678.4
678.5
678.5
678.6
678.6
678.7
678.8
679.0
679.1
679.5
679.6
679.6
679.7
679.7
679.7
679.8
679.9
680.0
680.0
680.1
680.3
680.5
680.5
680.7
680.8
680.9
680.9
680.9
681.0
681.0
681.0
681.1
681.3
681.4
681.4
681.7
681.7
681.7
681.8
681.8
681.8
681.8
682.0
682.1
682.2
682.2
682.2
682.3
682.6
682.7
682.7
682.8
682.9
682.9
683.0
683.1
683.1
683.2
683.3
683.3
683.4
683.7
683.7
683.8
683.8
683.9
684.1
684.2
684.9
684.9
685.1
685.1
685.1
685.2
685.4
685.6
685.6
685.6
685.7
685.7
685.9
686.1
686.1
686.2
686.3
686.4
686.5
686.7
687.0
687.1
687.1
687.2
687.4
687.4
687.6
687.8
687.8
687.8
687.8
688.2
688.3
688.3
688.5
688.7
688.8
689.0
689.1
689.1
689.4
689.4
689.5
689.6
690.0
690.0
690.0
690.1
690.2
690.2
690.3
690.3
690.4
690.6
690.8
690.8
690.9
690.9
691.1
691.3
691.5
691.6
691.6
691.7
692.2
692.3
692.7
692.7
692.8
692.8
692.8
693.3
693.3
693.4
693.5
693.9
693.9
693.9
694.0
694.1
694.1
694.2
694.3
694.4
694.4
694.6
694.6
695.0
695.1
695.2
695.3
695.3
695.5
695.5
695.7
695.7
695.8
695.8
695.9
696.1
696.1
696.3
696.3
696.3
696.7
696.8
696.8
696.8
696.9
696.9
696.9
697.2
697.2
697.3
697.4
697.7
697.8
697.9
697.9
698.0
698.0
698.0
698.2
698.6
698.7
698.8
698.9
698.9
699.1
699.2
699.2
699.3
699.7
699.7
699.8
699.9
700.0
700.3
700.4
700.5
700.5
700.6
700.7
700.7
700.8
700.8
701.0
701.0
701.0
701.2
701.2
701.3
701.3
701.4
701.4
701.9
702.0
702.1
702.2
702.3
702.3
702.4
702.5
702.7
702.7
702.7
702.8
702.8
702.8
703.0
703.0
703.1
703.2
703.2
703.3
703.3
703.7
703.9
704.1
704.1
704.2
704.3
704.5
704.5
704.7
705.2
705.4
705.4
705.7
705.8
705.9
706.0
706.1
706.1
706.1
706.4
706.6
706.7
706.7
707.0
707.0
707.1
707.2
707.3
707.3
707.3
707.6
707.6
707.7
708.0
708.3
708.4
708.8
708.8
709.0
709.0
709.2
709.4
709.6
709.7
709.8
710.0
710.3
710.4
710.8
710.9
711.1
711.1
711.3
711.6
711.6
712.0
712.0
712.0
712.0
712.1
712.1
712.3
712.4
712.5
712.6
712.6
712.7
712.8
712.8
712.9
713.0
713.0
713.1
713.2
713.5
713.5
713.6
713.8
714.0
714.1
714.1
714.2
714.2
714.4
714.5
714.6
714.6
714.6
714.9
715.1
715.1
715.2
715.3
715.4
715.5
715.6
715.6
715.6
715.9
715.9
715.9
716.0
716.0
716.1
716.2
716.2
716.2
716.4
716.5
716.6
716.8
716.8
717.1
717.3
717.4
717.4
717.4
717.5
717.7
717.8
717.8
717.8
717.9
717.9
717.9
717.9
718.0
718.0
718.0
718.1
718.2
718.2
718.3
718.4
718.7
718.8
718.8
718.9
718.9
718.9
718.9
719.0
719.2
719.3
719.4
719.4
719.6
719.6
719.6
719.6
719.7
719.7
719.9
719.9
719.9
720.0
720.2
720.3
720.5
720.6
720.7
720.7
720.7
720.8
720.9
720.9
721.3
721.4
721.4
721.4
721.5
721.6
721.6
721.6
721.7
721.8
721.8
722.4
722.4
722.5
722.6
722.7
722.7
722.7
722.7
722.7
722.8
722.8
723.0
723.0
723.3
723.4
723.4
723.5
723.6
723.8
723.8
723.9
724.0
724.1
724.6
724.7
724.9
724.9
725.0
725.1
725.3
725.3
725.5
725.5
725.5
725.7
725.7
725.8
725.9
725.9
726.0
726.2
726.7
726.8
726.8
727.1
727.3
727.4
727.6
728.0
728.1
728.1
728.2
728.3
728.3
728.5
728.8
728.9
729.1
729.3
729.4
729.8
729.9
729.9
730.0
730.1
730.1
730.2
730.2
730.2
730.2
730.3
730.3
730.6
730.7
730.8
731.0
731.1
731.1
731.1
731.3
731.6
731.7
731.8
731.9
732.0
732.1
732.2
732.2
732.2
732.3
732.3
732.3
732.5
732.5
732.6
732.6
732.6
732.7
732.8
732.8
732.9
733.2
733.3
733.5
733.6
733.6
734.0
734.5
734.6
734.6
734.6
734.8
734.8
734.9
734.9
735.1
735.2
735.3
735.4
735.4
735.5
735.5
735.6
735.8
736.1
736.1
736.5
736.5
736.6
736.7
736.7
736.9
737.1
737.2
737.2
737.3
737.3
737.5
737.6
737.7
737.7
737.8
737.8
737.9
738.0
738.0
738.1
738.2
738.5
738.5
738.7
738.7
738.8
738.8
738.8
739.0
739.1
739.4
739.4
739.5
739.7
739.8
739.8
739.8
739.8
739.9
740.1
740.1
740.1
740.2
740.2
740.3
740.4
740.5
740.5
740.7
740.7
740.7
741.2
741.5
741.5
741.8
742.0
742.1
742.2
742.4
742.5
742.5
742.6
742.8
742.8
743.0
743.1
743.1
743.2
743.3
743.4
743.5
743.5
743.6
743.7
743.8
744.0
744.1
744.1
744.3
744.4
744.5
744.5
744.7
744.7
744.9
745.1
745.2
745.2
745.3
746.0
746.2
746.2
746.6
746.7
746.7
746.8
746.8
747.0
747.1
747.1
747.1
747.1
747.7
747.8
748.0
748.1
748.2
748.2
748.3
748.3
748.4
748.5
748.9
749.0
749.2
749.2
749.3
749.5
749.7
749.8
749.8
749.8
749.9
750.0
750.0
750.1
750.3
750.5
750.6
750.7
750.8
750.9
751.0
751.3
751.5
751.5
751.6
751.6
751.9
751.9
752.0
752.0
752.1
752.1
752.2
752.2
752.3
752.6
752.8
753.0
753.0
753.5
753.5
753.7
753.7
753.8
753.9
753.9
754.0
754.4
754.4
754.4
754.4
754.8
754.8
754.8
754.9
755.0
755.1
755.3
755.3
755.4
755.6
756.0
756.4
756.5
756.5
756.6
756.6
756.8
757.0
757.1
757.1
757.2
757.4
757.5
757.7
757.7
757.8
757.8
757.8
758.3
758.3
758.5
758.6
758.6
758.7
758.8
758.9
758.9
759.0
759.1
759.2
759.2
759.4
759.7
760.0
760.0
760.1
760.2
760.5
760.5
760.6
760.7
760.7
760.8
760.9
761.1
761.2
761.2
761.2
761.2
761.2
761.3
761.3
761.6
761.6
761.7
761.8
761.8
762.0
762.0
762.3
762.3
762.4
762.5
762.7
762.7
762.9
763.3
763.7
763.7
763.7
763.8
763.8
763.9
763.9
764.0
764.3
764.4
764.6
764.7
764.7
765.2
765.2
765.5
765.5
765.6
765.7
765.8
765.9
766.1
766.1
766.3
766.4
766.4
766.6
766.6
766.8
766.8
767.0
767.2
767.2
767.2
767.3
767.3
767.3
767.5
767.5
767.5
767.5
768.1
768.2
768.3
768.3
768.4
768.6
768.7
768.8
769.2
769.2
769.4
769.5
769.5
769.6
769.8
769.9
769.9
769.9
770.0
770.5
770.5
771.0
771.1
771.2
771.3
771.3
771.4
771.4
771.5
771.6
771.7
771.8
771.9
771.9
771.9
771.9
772.0
772.1
772.1
772.3
772.4
772.5
772.5
772.5
772.6
772.9
773.0
773.3
773.4
773.4
773.7
773.7
773.8
774.0
774.2
774.3
774.5
774.7
774.7
775.2
775.2
775.3
775.3
775.4
775.5
775.7
775.8
775.8
776.0
776.1
776.2
776.2
776.3
776.6
776.6
776.6
776.7
776.8
776.9
777.0
777.0
777.0
777.2
777.3
777.3
777.5
777.6
777.6
777.8
777.9
777.9
777.9
777.9
778.1
778.2
778.2
778.4
778.6
778.6
778.7
778.8
778.9
779.0
779.1
779.4
779.4
779.5
779.5
779.6
779.6
779.9
779.9
780.0
780.0
780.0
780.1
780.2
780.2
780.4
780.6
780.6
780.8
780.9
781.0
781.0
781.1
781.2
781.2
781.2
781.3
781.3
781.4
781.5
781.5
781.6
782.0
782.0
782.0
782.2
782.3
782.3
782.3
782.4
782.4
782.6
782.7
782.7
782.8
782.8
782.9
783.0
783.0
783.1
783.1
783.2
783.3
783.5
783.6
784.3
784.4
784.5
784.5
784.7
784.7
784.9
785.0
785.1
785.4
785.4
785.5
785.5
785.5
785.6
785.7
785.8
786.1
786.3
786.3
786.5
786.5
786.6
787.0
787.1
787.1
787.2
787.4
787.6
787.7
787.8
787.8
787.8
788.0
788.0
788.1
788.1
788.2
788.3
788.4
788.5
788.5
788.6
788.7
788.7
788.7
788.9
789.0
789.0
789.1
789.2
789.3
789.4
789.4
789.4
789.6
789.7
789.7
789.9
790.1
790.2
790.2
790.5
790.8
790.9
791.1
791.3
791.5
791.6
791.7
791.8
792.1
792.2
792.3
792.3
792.4
792.4
792.6
792.6
792.6
792.8
792.9
793.0
793.0
793.3
793.4
793.4
793.6
793.8
793.9
793.9
793.9
794.0
794.0
794.1
794.3
794.3
794.4
794.4
794.6
794.8
795.0
795.0
795.1
795.2
795.3
795.4
795.4
795.6
796.0
796.0
796.0
796.1
796.3
796.3
796.4
796.6
796.6
796.6
796.7
796.7
796.7
796.7
796.8
796.8
796.8
797.1
797.1
797.2
797.3
797.3
797.5
798.1
798.1
798.1
798.2
798.2
798.2
798.4
798.7
798.8
798.8
798.9
799.0
799.0
799.1
799.1
799.2
799.2
799.3
799.4
799.4
799.5
799.5
799.6
799.7
799.9
800.0
800.1
800.2
800.2
800.4
800.4
800.6
800.6
800.8
800.9
800.9
801.0
801.1
801.1
801.1
801.1
801.2
801.3
801.3
801.5
801.6
801.7
801.8
801.9
801.9
802.2
802.5
802.5
802.5
802.6
802.7
803.1
803.1
803.2
803.3
803.4
803.4
803.6
803.7
803.7
804.3
804.3
804.6
804.6
804.7
804.7
804.8
804.9
805.0
805.1
805.4
805.5
805.6
805.7
805.7
806.0
806.0
806.0
806.1
806.1
806.2
806.2
806.2
806.3
806.6
806.7
806.7
806.8
806.9
807.0
807.0
807.0
807.5
807.6
807.6
807.9
807.9
808.0
808.1
808.1
808.3
808.6
808.6
808.9
808.9
808.9
809.0
809.0
809.1
809.5
809.6
809.6
809.6
809.7
809.7
810.0
810.3
810.5
810.6
810.7
810.8
810.9
810.9
811.0
811.3
811.3
811.3
811.5
811.5
811.7
811.9
811.9
812.0
812.1
812.4
812.4
812.5
812.7
812.7
812.8
813.0
813.0
813.1
813.1
813.3
813.3
813.4
813.7
813.7
813.7
813.8
813.9
814.0
814.2
814.2
814.4
814.5
814.5
814.8
814.9
814.9
814.9
815.3
815.4
815.5
815.5
815.6
815.6
815.9
816.1
816.2
816.3
816.3
816.4
816.4
816.5
816.9
817.0
817.2
817.3
817.3
817.3
817.4
817.4
817.5
817.6
817.8
817.9
817.9
818.2
818.3
818.4
818.5
818.5
818.5
818.5
818.6
818.7
818.9
819.0
819.2
819.2
819.4
819.4
819.5
819.5
819.5
819.6
819.6
819.6
819.9
819.9
820.1
820.1
820.2
820.3
820.3
820.4
820.5
820.5
820.6
820.7
820.7
820.8
821.1
821.1
821.4
821.5
821.6
821.7
821.7
821.8
822.1
822.1
822.1
822.5
822.7
822.8
822.8
823.0
823.2
823.3
823.3
823.4
823.6
823.6
823.7
823.8
823.9
823.9
824.0
824.2
824.2
824.4
824.5
824.5
824.6
824.6
824.6
825.2
825.4
825.4
825.4
825.5
825.5
825.5
825.8
826.1
826.3
826.3
826.4
826.4
826.4
826.4
826.5
826.7
826.9
827.0
827.0
827.1
827.2
827.3
827.3
827.3
827.4
827.6
827.7
827.7
827.8
827.8
828.3
828.4
828.4
828.7
828.8
828.8
828.9
828.9
829.0
829.1
829.1
829.2
829.3
829.4
829.5
829.7
829.9
830.1
830.2
830.2
830.3
830.3
830.3
830.4
830.8
830.8
831.0
831.0
831.2
831.3
831.4
831.4
831.6
831.6
831.9
831.9
832.2
832.5
832.5
832.8
833.2
833.2
833.3
833.4
833.4
833.4
833.7
833.7
833.8
833.8
833.8
833.8
834.2
834.3
834.4
834.5
834.5
834.8
834.8
834.8
835.1
835.2
835.2
835.3
835.4
835.4
835.8
835.8
836.0
836.2
836.2
836.3
836.6
836.6
836.7
836.9
836.9
837.0
837.0
837.2
837.3
837.5
837.6
837.6
838.0
838.1
838.1
838.2
838.6
838.6
838.9
839.2
839.3
839.5
839.5
839.5
839.6
839.6
839.9
840.0
840.1
840.5
840.6
840.7
841.0
841.2
841.2
841.2
841.3
841.5
841.6
841.8
841.9
841.9
842.1
842.1
842.1
842.2
842.5
842.8
842.8
843.1
843.2
843.4
843.4
843.5
843.6
843.7
843.7
843.9
844.0
844.1
844.1
844.2
844.2
844.3
844.5
844.6
844.6
844.7
844.9
844.9
845.0
845.3
845.3
845.7
845.7
845.8
845.9
846.0
846.0
846.0
846.0
846.0
846.0
846.1
846.1
846.2
846.3
846.4
846.6
846.9
847.0
847.1
847.2
847.3
847.3
847.4
847.4
847.5
847.6
847.6
847.7
847.8
848.0
848.1
848.2
848.3
848.3
848.4
848.6
849.0
849.1
849.2
849.2
849.5
849.5
849.5
850.0
850.0
850.5
850.5
850.6
850.8
850.8
850.9
851.3
851.3
851.4
851.5
851.5
851.8
851.8
852.0
852.4
852.5
852.6
852.7
852.8
853.0
853.2
853.2
853.3
853.5
853.6
853.6
853.6
853.6
853.7
854.3
854.4
854.4
854.5
854.5
854.7
854.8
854.9
855.1
855.1
855.1
855.2
855.3
855.5
855.8
855.9
855.9
856.0
856.1
856.2
856.4
856.8
856.9
856.9
856.9
857.1
857.2
857.5
857.5
857.8
857.8
857.8
858.0
858.1
858.1
858.1
858.2
858.5
858.6
858.7
858.8
858.9
858.9
859.0
859.0
859.3
859.3
859.4
859.9
860.0
860.0
860.0
860.0
860.2
860.3
860.4
860.6
861.0
861.2
861.2
861.2
861.2
861.3
861.5
861.6
861.8
862.3
862.4
862.5
862.6
862.6
862.6
862.6
862.7
862.9
863.0
863.1
863.1
863.2
863.3
863.4
863.4
863.5
863.5
863.5
863.7
863.8
863.8
863.8
863.9
864.0
864.0
864.1
864.2
864.3
864.3
864.4
864.4
864.4
864.5
864.7
864.7
864.8
864.8
865.0
865.3
865.4
865.5
865.7
865.9
866.0
866.4
866.5
866.6
866.7
866.9
866.9
867.0
867.2
867.6
867.7
867.8
867.9
867.9
868.0
868.1
868.1
868.2
868.4
868.6
868.7
868.8
868.9
868.9
869.1
869.4
869.7
869.8
869.8
870.1
870.1
870.2
870.2
870.3
870.3
870.5
870.6
870.9
871.0
871.0
871.3
871.4
871.4
871.5
871.5
871.5
871.6
871.7
872.6
872.8
872.8
873.0
873.0
873.5
873.6
873.7
873.8
874.0
874.0
874.3
874.3
875.0
875.0
875.0
875.1
875.1
875.1
875.2
875.3
875.6
875.6
876.0
876.1
876.1
876.3
876.3
876.4
876.5
876.7
876.7
876.7
876.9
877.0
877.1
877.2
877.2
877.2
877.3
877.4
877.4
877.5
877.5
877.6
877.6
878.0
878.1
878.2
878.4
878.5
878.8
878.8
879.0
879.1
879.1
879.4
879.4
879.6
879.9
880.0
880.0
880.1
880.3
880.5
880.7
880.7
880.7
880.7
880.8
880.9
881.0
881.0
881.3
881.3
881.6
881.6
881.6
881.7
881.8
881.9
882.0
882.0
882.2
882.2
882.2
882.2
882.5
882.5
882.6
882.7
882.8
882.8
882.9
883.0
883.2
883.5
883.6
883.6
883.7
883.7
883.7
883.8
883.8
883.9
883.9
884.0
884.0
884.0
884.1
884.1
884.1
884.3
884.3
884.8
884.8
884.9
885.0
885.1
885.2
885.2
885.3
885.4
885.5
885.5
885.6
885.7
885.7
885.8
885.8
885.9
885.9
886.0
886.1
886.2
886.4
886.5
886.6
886.7
886.8
886.9
887.0
887.0
887.1
887.1
887.2
887.3
887.3
887.5
887.6
887.6
887.7
887.7
887.8
887.9
888.0
888.1
888.1
888.6
888.6
888.8
888.9
889.0
889.0
889.1
889.1
889.2
889.3
889.3
889.5
889.8
890.0
890.0
890.1
890.2
890.3
890.3
890.4
890.4
890.5
890.5
890.6
890.6
890.7
890.7
891.0
891.1
891.4
891.4
891.5
891.7
891.8
891.9
892.0
892.0
892.1
892.1
892.4
892.4
892.4
892.8
892.8
892.9
892.9
893.1
893.4
893.5
893.6
893.6
893.9
893.9
894.0
894.0
894.1
894.3
894.4
894.5
894.6
894.6
894.8
895.0
895.2
895.7
896.0
896.0
896.0
896.0
896.1
896.3
896.4
896.5
896.8
896.8
897.0
897.0
897.0
897.4
897.4
897.6
897.7
897.7
897.8
898.0
898.1
898.2
898.5
898.7
898.8
898.8
898.8
898.9
898.9
899.0
899.0
899.1
899.3
899.4
899.4
899.4
899.7
900.0
900.2
900.2
900.2
900.3
900.3
900.4
900.5
900.6
900.8
900.8
900.9
901.1
901.1
901.1
901.1
901.3
901.4
901.5
901.5
901.6
901.7
901.8
902.0
902.1
902.1
902.2
902.2
902.3
902.5
902.5
902.6
902.6
902.7
902.7
902.8
903.0
903.1
903.5
903.5
903.6
903.6
903.7
904.0
904.0
904.2
904.4
904.4
904.4
904.5
904.5
904.6
904.6
904.9
904.9
905.0
905.1
905.1
905.7
906.0
906.0
906.0
906.1
906.3
906.3
906.4
906.9
907.1
907.2
907.3
907.4
907.8
908.0
908.0
908.3
908.4
908.6
909.0
909.4
909.5
909.5
909.7
909.8
909.8
910.1
910.1
910.6
910.8
910.8
910.8
911.0
911.1
911.2
911.3
911.3
911.5
911.5
911.5
911.9
911.9
912.2
912.4
912.4
912.5
912.7
912.9
912.9
912.9
913.2
913.4
913.8
913.8
913.9
913.9
914.0
914.0
914.1
914.3
914.3
914.5
914.8
914.8
914.9
915.0
915.3
915.3
915.5
915.5
915.8
915.8
915.9
916.1
916.2
916.2
916.2
916.2
916.2
916.3
916.3
916.3
916.4
916.4
916.7
916.8
916.9
917.0
917.0
917.2
917.3
917.3
917.4
917.5
917.5
917.6
917.6
917.8
917.9
918.0
918.1
918.1
918.4
918.4
918.4
918.6
918.7
918.8
918.8
918.8
919.0
919.0
919.2
919.5
919.6
919.6
919.7
919.7
919.7
919.8
920.1
920.1
920.1
920.2
920.2
920.2
920.2
920.2
920.5
920.6
920.6
920.6
920.8
920.8
920.8
920.9
921.2
921.4
921.7
922.0
922.1
922.1
922.2
922.7
922.7
922.8
922.8
922.8
922.9
923.0
923.1
923.1
923.1
923.4
923.4
923.4
923.4
923.7
924.0
924.0
924.2
924.2
924.5
924.7
924.8
924.9
924.9
924.9
925.0
925.2
925.2
925.3
925.4
925.4
925.4
925.6
925.6
925.6
925.8
926.0
926.0
926.0
926.5
926.6
926.7
926.7
926.7
926.7
926.8
926.9
927.0
927.3
927.4
927.7
927.7
927.8
927.8
927.8
927.9
928.0
928.7
928.9
929.1
929.1
929.2
929.2
929.3
929.5
929.6
929.9
929.9
930.0
930.0
930.2
930.4
930.5
930.6
930.6
930.7
930.8
930.9
930.9
931.0
932.1
932.1
932.3
932.5
932.7
933.0
933.1
933.1
933.2
933.4
933.5
933.5
933.5
933.7
934.5
935.0
935.1
935.2
935.3
935.4
935.4
935.5
935.5
935.6
935.8
935.8
936.0
936.1
936.4
936.6
936.7
936.9
936.9
937.1
937.2
937.2
937.3
937.5
937.6
937.8
938.0
938.1
938.1
938.2
938.3
938.4
938.4
938.4
938.6
938.8
938.9
939.0
939.2
939.2
939.4
939.4
939.5
939.6
939.7
939.7
940.4
940.7
940.7
940.8
940.8
941.0
941.6
941.7
941.7
941.9
942.2
942.3
942.3
942.3
942.4
942.6
942.8
942.8
942.9
942.9
943.1
943.1
943.3
943.3
943.3
943.3
943.4
943.4
943.4
943.5
943.5
943.7
943.8
943.8
943.9
943.9
943.9
944.0
944.0
944.1
944.1
944.3
944.4
944.5
944.7
945.0
945.2
945.2
945.2
945.4
945.4
945.5
945.5
945.7
945.7
945.9
945.9
945.9
946.1
946.1
946.1
946.3
946.5
946.7
946.8
946.9
947.0
947.4
947.5
947.6
947.6
948.0
948.0
948.1
948.3
948.4
948.6
948.7
948.8
949.0
949.2
949.6
949.6
949.7
949.8
949.9
950.1
950.1
950.1
950.3
950.4
950.5
950.5
950.7
951.2
951.2
951.3
951.3
951.4
951.5
951.6
951.7
951.9
952.2
952.4
952.6
952.6
952.6
952.6
952.8
952.8
953.0
953.2
953.2
953.3
953.4
953.5
953.7
953.9
954.0
954.0
954.1
954.2
954.2
954.2
954.3
954.4
954.4
954.4
954.6
954.9
954.9
954.9
955.0
955.0
955.5
955.7
955.7
955.8
955.9
955.9
956.0
956.1
956.6
956.6
956.6
956.7
956.7
956.8
957.0
957.1
957.2
957.3
957.3
957.5
957.5
957.6
957.7
957.7
957.8
957.9
958.0
958.3
958.6
958.8
959.1
959.2
959.2
959.3
959.5
959.6
959.6
959.6
959.9
960.1
960.3
960.5
960.6
960.6
960.7
960.7
960.8
960.8
960.9
961.0
961.2
961.2
961.2
961.3
961.5
961.8
961.9
962.0
962.1
962.3
962.6
962.6
962.9
963.0
963.1
963.2
963.3
963.4
963.7
963.9
964.0
964.1
964.1
964.2
964.3
964.4
964.5
964.5
964.6
964.6
964.6
964.8
964.9
964.9
965.1
965.1
965.1
965.4
965.5
965.6
965.8
966.0
966.3
966.5
966.7
966.8
966.8
967.1
967.6
967.8
967.9
967.9
968.4
968.4
968.5
968.5
968.5
968.6
968.8
968.8
968.9
968.9
969.3
969.3
969.4
969.5
969.7
970.0
970.0
970.1
970.2
970.2
970.3
970.4
970.4
970.7
970.9
970.9
971.1
971.1
971.3
971.6
971.7
971.7
972.0
972.0
972.2
972.3
972.5
972.6
972.8
972.9
973.0
973.0
973.1
973.4
973.4
973.4
973.4
973.5
973.7
973.7
973.7
973.8
974.1
974.2
974.3
974.5
974.6
974.6
974.9
975.0
975.2
975.5
975.5
975.5
975.6
975.7
975.9
975.9
976.0
976.1
976.3
976.3
976.4
976.4
976.5
976.5
976.5
976.8
976.8
976.8
976.9
977.1
977.1
977.2
977.4
977.5
977.5
977.6
977.7
977.7
977.8
977.9
978.2
978.2
978.4
978.8
978.8
978.8
978.8
979.0
979.0
979.1
979.1
979.2
979.2
979.2
979.3
979.4
979.4
979.6
979.7
979.8
979.8
979.8
980.0
980.0
980.1
980.1
980.1
980.3
981.0
981.0
981.2
981.4
981.7
981.9
982.2
982.2
982.3
982.5
982.7
982.8
982.8
982.8
983.1
983.3
983.4
983.4
983.5
983.6
983.6
983.7
983.8
983.8
984.0
984.0
984.2
984.6
984.6
984.8
984.8
985.0
985.0
985.1
985.2
985.3
985.6
985.6
985.7
985.7
985.8
985.9
986.1
986.4
986.4
986.4
986.5
986.5
986.8
986.8
986.8
986.9
986.9
987.0
987.1
987.1
987.4
987.4
987.5
987.5
987.9
988.1
988.2
988.4
988.5
988.6
988.7
988.7
988.8
989.0
989.0
989.0
989.1
989.1
989.1
989.1
989.3
989.5
989.7
989.8
989.9
990.0
990.0
990.2
990.4
990.4
990.5
990.5
990.5
990.7
990.8
990.8
990.9
990.9
991.0
991.4
991.4
991.5
991.7
992.0
992.1
992.1
992.2
992.3
992.4
992.6
992.9
993.0
993.1
993.1
993.1
993.6
993.6
994.1
994.2
994.2
994.3
994.4
994.4
994.7
994.7
995.1
995.1
995.1
995.4
995.4
995.4
995.7
995.7
995.8
996.1
996.1
996.1
996.2
996.2
996.2
996.3
996.3
996.5
996.6
996.6
996.7
996.8
996.8
996.9
997.1
997.3
997.4
997.5
998.1
998.1
998.1
998.2
998.4
998.5
998.6
998.8
998.9
998.9
999.1
999.1
999.3
999.4
999.5
999.5
999.6
999.6
