426.4
426.4
426.4
426.4
426.4
426.4
426.4
426.4
426.4
426.4
426.4
426.4
426.5
426.5
426.5
426.5
426.5
426.5
426.5
426.5
426.5
426.5
426.5
426.5
426.5
426.5
426.5
426.5
426.5
426.5
426.5
426.5
426.5
426.5
426.5
426.5
426.5
426.6
426.6
426.6
426.6
426.6
426.6
426.6
426.6
426.6
426.6
426.6
426.6
426.6
426.6
426.6
426.6
426.6
426.6
426.6
426.6
426.7
426.7
426.7
426.7
426.7
426.7
426.7
426.7
426.7
426.7
426.7
426.7
426.7
426.7
426.7
426.7
426.7
426.7
426.7
426.7
426.7
426.8
427.0
427.0
427.0
427.0
427.1
427.1
427.1
427.2
427.2
427.2
427.3
427.3
427.4
427.5
427.5
427.6
427.7
427.7
427.8
427.8
428.1
433.7
433.8
433.8
433.8
433.8
433.8
433.9
433.9
433.9
433.9
434.0
434.1
434.1
434.1
434.1
434.1
434.1
434.2
434.2
434.2
434.2
434.2
434.2
434.2
434.2
434.3
434.3
434.3
434.3
434.3
434.3
434.3
434.3
434.4
434.4
434.4
434.4
434.5
434.5
434.6
434.6
434.6
434.6
434.6
434.6
434.6
434.7
434.7
434.7
434.8
434.8
434.9
434.9
434.9
434.9
435.0
435.0
435.0
435.0
435.1
435.1
435.1
435.1
435.1
435.2
435.2
435.2
435.2
435.2
435.2
435.3
435.3
435.3
435.4
435.4
435.5
435.7
435.7
436.0
437.3
437.5
438.0
438.4
438.4
438.6
439.2
440.1
440.3
440.8
440.8
441.0
442.2
442.3
442.9
442.9
442.9
442.9
443.0
443.0
443.1
443.1
443.1
443.1
443.1
443.1
443.1
443.2
443.2
443.2
443.2
443.2
443.2
443.3
443.3
443.3
443.3
443.3
443.3
443.4
443.4
443.4
443.4
443.5
443.6
443.6
443.6
443.6
443.6
443.7
443.8
443.8
443.9
444.0
444.0
444.0
444.3
444.4
444.5
444.5
444.5
444.6
444.8
445.0
445.0
445.2
445.3
445.4
445.4
445.5
445.5
445.7
445.7
445.9
446.0
446.0
446.3
446.5
446.5
446.5
446.6
446.7
446.8
447.4
447.7
447.8
447.9
447.9
447.9
448.1
448.7
448.9
449.0
449.2
449.3
449.5
449.6
449.7
449.7
449.7
449.8
449.9
450.1
450.1
450.1
450.1
450.2
450.2
450.5
450.6
450.6
450.6
450.6
450.7
450.7
450.7
450.8
450.8
451.0
451.1
451.1
451.2
451.3
451.3
451.6
451.7
451.7
451.7
451.7
452.1
452.1
452.2
452.2
452.3
452.6
452.9
452.9
453.0
453.0
453.2
453.3
453.4
453.5
453.7
453.8
453.8
453.9
454.3
454.3
454.9
455.0
455.0
455.4
455.5
456.0
456.1
456.2
456.3
456.7
456.9
457.2
457.2
457.2
457.7
457.8
458.0
458.2
458.8
458.9
459.2
459.6
460.0
460.0
461.0
461.1
461.2
461.5
461.5
462.1
462.8
463.0
464.4
464.5
465.0
465.8
467.1
467.4
467.5
468.0
468.3
468.8
468.8
469.8
470.2
470.3
470.4
470.6
470.6
470.9
471.0
471.2
471.3
472.4
473.2
473.3
474.1
476.4
476.8
478.3
481.1
484.2
490.1
501.8
586.2
586.3
586.3
586.3
586.3
586.3
586.3
586.3
586.3
586.3
586.3
586.3
586.3
586.3
586.3
586.3
586.3
586.3
586.3
586.3
586.3
586.3
586.3
586.3
586.3
586.3
586.3
586.3
586.3
586.3
586.4
586.4
586.4
586.4
586.4
586.4
586.4
586.4
586.4
586.4
586.4
586.4
586.4
586.4
586.4
586.4
586.4
586.4
586.4
586.5
586.5
586.5
586.5
586.5
586.5
586.5
586.5
586.5
586.5
586.5
586.5
586.5
586.5
586.5
586.5
586.5
586.5
586.5
586.5
586.5
586.5
586.6
586.6
586.6
586.6
586.6
586.6
586.6
586.6
586.8
586.9
586.9
586.9
587.0
587.0
587.0
587.1
587.1
587.1
587.2
587.2
587.4
587.4
587.4
587.6
587.6
587.7
587.7
587.8
588.1
593.4
593.5
593.5
593.5
593.5
593.5
593.6
593.6
593.6
593.6
593.7
593.8
593.8
593.8
593.8
593.8
593.8
593.8
593.9
593.9
593.9
593.9
593.9
593.9
593.9
593.9
594.0
594.0
594.0
594.0
594.0
594.0
594.0
594.0
594.1
594.1
594.1
594.2
594.2
594.3
594.3
594.3
594.3
594.3
594.3
594.3
594.4
594.4
594.4
594.4
594.5
594.5
594.6
594.6
594.6
594.6
594.6
594.7
594.7
594.8
594.8
594.8
594.8
594.8
594.8
594.8
594.9
594.9
594.9
594.9
594.9
594.9
595.0
595.1
595.1
595.2
595.3
595.3
595.6
597.0
597.1
597.6
598.0
598.0
598.2
598.8
599.7
599.8
600.3
600.6
601.0
604.3
604.5
604.8
610.4
613.0
618.2
640.2
705.2
705.2
705.2
705.2
705.2
705.2
705.2
705.2
705.2
705.2
705.2
705.2
705.2
705.2
705.2
705.2
705.2
705.2
705.2
705.3
705.3
705.3
705.3
705.3
705.3
705.3
705.3
705.3
705.3
705.3
705.3
705.3
705.3
705.3
705.3
705.3
705.3
705.3
705.3
705.3
705.3
705.3
705.3
705.3
705.3
705.3
705.3
705.3
705.3
705.3
705.4
705.4
705.4
705.4
705.4
705.4
705.4
705.4
705.4
705.4
705.4
705.4
705.4
705.4
705.4
705.4
705.4
705.4
705.4
705.4
705.4
705.4
705.4
705.4
705.4
705.4
705.5
705.5
705.5
705.7
705.7
705.7
705.8
705.8
705.8
705.8
705.9
705.9
705.9
705.9
706.0
706.1
706.2
706.2
706.3
706.4
706.4
706.5
706.5
706.8
712.7
712.8
712.8
712.8
712.8
712.8
712.9
712.9
713.0
713.0
713.0
713.1
713.1
713.1
713.1
713.2
713.2
713.2
713.2
713.2
713.2
713.2
713.2
713.2
713.3
713.3
713.3
713.3
713.3
713.3
713.3
713.3
713.3
713.4
713.4
713.4
713.4
713.5
713.5
713.6
713.6
713.6
713.6
713.6
713.6
713.6
713.6
713.7
713.7
713.7
713.9
713.9
713.9
713.9
713.9
713.9
714.0
714.0
714.0
714.1
714.1
714.1
714.1
714.1
714.1
714.2
714.2
714.2
714.2
714.2
714.3
714.3
714.3
714.4
714.4
714.5
714.7
714.7
715.0
716.3
716.5
717.1
717.4
717.5
717.7
718.3
719.1
719.4
719.7
719.9
719.9
721.0
721.1
721.8
721.9
721.9
721.9
721.9
722.0
722.0
722.0
722.0
722.1
722.1
722.1
722.1
722.1
722.2
722.2
722.2
722.2
722.2
722.2
722.3
722.3
722.4
722.4
722.4
722.4
722.4
722.5
722.5
722.5
722.5
722.6
722.6
722.6
722.7
722.7
722.7
722.8
723.0
723.2
723.2
723.3
723.3
723.5
723.6
723.9
724.0
724.1
724.4
724.6
724.6
724.6
724.8
724.9
725.1
725.1
725.2
725.4
725.6
725.9
726.0
726.0
726.3
726.5
726.7
726.7
726.9
727.0
727.1
728.1
728.2
728.4
728.5
728.6
728.7
728.7
728.7
728.7
728.8
729.0
729.1
729.1
729.2
729.2
729.2
729.3
729.3
729.6
729.6
729.7
729.8
729.9
729.9
729.9
729.9
730.2
730.2
730.2
730.3
730.4
730.4
730.6
730.8
731.1
731.1
731.3
731.3
731.4
731.5
731.6
731.7
731.8
731.9
732.0
732.0
732.4
732.8
733.0
733.2
733.2
733.3
733.5
733.7
733.8
733.8
733.9
734.3
735.0
735.1
735.6
736.1
736.6
736.8
738.1
738.3
739.2
739.9
740.1
740.3
740.8
743.2
743.9
744.2
744.6
744.9
745.5
747.1
748.9
749.6
754.9
754.9
755.3
755.4
755.5
755.6
755.6
755.6
755.7
755.7
755.8
755.8
755.8
755.8
755.8
755.8
755.8
755.9
755.9
755.9
755.9
755.9
755.9
756.0
756.0
756.0
756.0
756.0
756.0
756.0
756.0
756.0
756.1
756.1
756.1
756.1
756.1
756.1
756.1
756.1
756.1
756.1
756.1
756.1
756.1
756.2
756.2
756.2
756.2
756.2
756.2
756.2
756.2
756.2
756.2
756.3
756.3
756.3
756.3
756.3
756.4
756.4
756.4
756.4
756.4
756.4
756.4
756.4
756.4
756.4
756.4
756.4
756.5
756.5
756.5
756.5
756.5
756.6
756.6
756.6
756.6
756.6
756.6
756.6
756.7
756.7
756.7
756.7
756.8
756.9
757.0
757.0
757.0
757.0
757.0
757.1
757.2
757.3
757.4
757.5
760.7
760.8
761.6
761.6
762.1
762.2
762.2
762.2
762.4
762.5
762.5
762.5
762.6
762.6
762.6
762.7
762.7
762.7
762.7
762.7
762.7
762.7
762.7
762.7
762.8
762.8
762.8
762.9
762.9
762.9
762.9
762.9
762.9
762.9
762.9
763.0
763.0
763.0
763.0
763.0
763.0
763.0
763.1
763.1
763.1
763.2
763.2
763.2
763.2
763.2
763.2
763.2
763.2
763.2
763.2
763.2
763.2
763.2
763.2
763.3
763.3
763.3
763.4
763.4
763.4
763.4
763.4
763.4
763.4
763.4
763.5
763.5
763.6
763.6
763.6
763.7
763.8
763.8
763.8
763.9
764.1
764.1
764.2
764.4
764.6
765.0
765.2
765.6
765.8
765.9
766.2
766.3
766.9
767.0
767.0
767.2
767.2
768.5
768.7
768.7
768.7
769.1
769.1
769.3
769.3
769.5
769.8
769.9
770.0
770.1
770.2
770.3
770.4
770.5
770.5
770.5
770.7
770.8
770.8
770.9
771.0
771.0
771.0
771.1
771.1
771.1
771.1
771.2
771.2
771.2
771.6
771.7
771.7
771.8
771.8
771.8
771.9
772.1
772.2
772.3
772.5
772.6
772.9
773.0
773.1
773.1
773.2
773.6
773.9
774.0
774.0
774.3
774.6
774.8
774.9
775.0
775.2
775.5
775.7
775.8
775.9
776.2
776.5
777.2
777.5
777.5
778.3
778.3
778.3
778.8
779.0
779.2
779.2
779.9
780.1
780.3
780.6
780.9
781.1
781.3
781.7
781.7
782.0
783.0
784.3
784.4
784.7
785.1
787.7
789.7
791.9
794.8
794.8
800.8
806.3
869.6
869.6
869.6
869.6
869.6
869.6
869.6
869.6
869.6
869.6
869.6
869.6
869.6
869.6
869.6
869.6
869.6
869.6
869.6
869.6
869.6
869.6
869.6
869.6
869.7
869.7
869.7
869.7
869.7
869.7
869.7
869.7
869.7
869.7
869.7
869.7
869.7
869.7
869.7
869.7
869.7
869.7
869.7
869.7
869.7
869.7
869.7
869.7
869.7
869.7
869.7
869.7
869.7
869.7
869.7
869.7
869.7
869.8
869.8
869.8
869.8
869.8
869.8
869.8
869.8
869.8
869.8
869.8
869.8
869.8
869.8
869.8
869.8
869.8
869.8
869.8
869.8
869.8
869.9
870.0
870.0
870.1
870.1
870.1
870.1
870.2
870.3
870.3
870.3
870.3
870.3
870.5
870.5
870.5
870.7
870.7
870.8
870.8
870.8
871.1
877.1
877.2
877.2
877.2
877.2
877.3
877.3
877.4
877.4
877.4
877.5
877.5
877.5
877.5
877.6
877.6
877.6
877.6
877.6
877.6
877.6
877.6
877.6
877.7
877.7
877.7
877.7
877.7
877.7
877.7
877.7
877.8
877.8
877.8
877.8
877.8
877.8
877.9
877.9
877.9
878.0
878.0
878.0
878.0
878.0
878.0
878.1
878.1
878.1
878.1
878.3
878.3
878.3
878.3
878.3
878.3
878.4
878.4
878.4
878.4
878.5
878.5
878.5
878.5
878.5
878.6
878.6
878.6
878.6
878.6
878.7
878.7
878.7
878.8
878.8
878.9
879.1
879.1
879.4
880.7
880.9
881.5
881.8
881.9
882.1
882.7
883.7
883.8
884.3
884.6
885.1
888.7
888.9
889.4
896.1
900.2
910.4
934.2
934.2
934.2
934.2
934.2
934.2
934.2
934.2
934.2
934.2
934.2
934.2
934.2
934.2
934.2
934.2
934.2
934.2
934.2
934.2
934.3
934.3
934.3
934.3
934.3
934.3
934.3
934.3
934.3
934.3
934.3
934.3
934.3
934.3
934.3
934.3
934.3
934.3
934.3
934.3
934.3
934.3
934.3
934.3
934.3
934.3
934.3
934.3
934.3
934.4
934.4
934.4
934.4
934.4
934.4
934.4
934.4
934.4
934.4
934.4
934.4
934.4
934.4
934.4
934.4
934.4
934.4
934.4
934.4
934.4
934.4
934.4
934.4
934.4
934.5
934.5
934.5
934.5
934.5
934.7
934.7
934.7
934.8
934.8
934.8
934.9
934.9
935.0
935.0
935.0
935.0
935.2
935.2
935.2
935.3
935.3
935.4
935.5
935.6
935.7
941.5
941.6
941.6
941.6
941.7
941.7
941.7
941.8
941.8
941.8
941.9
941.9
941.9
942.0
942.0
942.0
942.0
942.0
942.0
942.0
942.0
942.1
942.1
942.1
942.1
942.1
942.1
942.1
942.1
942.1
942.2
942.2
942.2
942.2
942.2
942.2
942.3
942.3
942.4
942.4
942.4
942.4
942.4
942.4
942.5
942.5
942.5
942.5
942.6
942.6
942.7
942.7
942.7
942.7
942.7
942.8
942.8
942.8
942.9
942.9
942.9
942.9
942.9
943.0
943.0
943.0
943.0
943.0
943.0
943.1
943.1
943.1
943.1
943.2
943.3
943.4
943.5
943.5
943.8
945.1
945.2
945.2
945.4
945.7
945.8
945.9
946.2
946.4
946.6
946.6
946.7
946.8
946.9
946.9
947.0
947.0
947.0
947.0
947.0
947.0
947.0
947.1
947.1
947.1
947.1
947.1
947.1
947.1
947.2
947.2
947.2
947.2
947.2
947.2
947.3
947.3
947.3
947.3
947.3
947.3
947.4
947.4
947.5
947.5
947.5
947.5
947.6
947.7
947.7
947.9
947.9
947.9
948.0
948.0
948.1
948.2
948.3
948.4
948.4
948.4
948.4
948.5
948.5
948.8
948.8
948.9
949.1
949.2
949.4
949.4
949.5
949.5
949.6
949.6
949.7
949.8
950.1
950.4
950.5
950.7
950.8
950.9
951.0
951.0
951.0
951.2
951.4
951.4
951.7
951.8
952.6
952.6
952.7
952.7
952.9
953.0
953.0
953.2
953.2
953.2
953.2
953.3
953.4
953.4
953.4
953.6
953.6
953.6
953.7
953.7
953.9
954.0
954.0
954.1
954.1
954.1
954.1
954.2
954.3
954.3
954.4
954.5
954.5
954.5
954.5
954.5
954.7
954.8
955.0
955.0
955.1
955.1
955.1
955.4
955.5
955.6
955.8
955.9
955.9
955.9
956.0
956.0
956.2
956.2
956.2
956.6
956.7
956.8
956.9
956.9
957.0
957.1
957.1
957.1
957.3
957.4
957.6
957.9
958.3
958.3
958.4
958.4
958.8
958.8
959.3
959.6
959.8
959.9
959.9
960.1
960.4
960.7
960.7
960.9
961.0
961.6
963.1
964.5
965.8
965.9
966.3
966.5
966.6
967.0
967.3
969.0
969.2
969.6
970.5
971.1
972.5
973.0
973.4
973.9
974.8
975.1
975.3
975.4
977.5
977.8
978.3
982.2
988.4
989.2
992.9
997.3
1047.2
1047.2
1047.2
1047.2
1047.2
1047.2
1047.2
1047.2
1047.2
1047.2
1047.2
1047.2
1047.3
1047.3
1047.3
1047.3
1047.3
1047.3
1047.3
1047.3
1047.3
1047.3
1047.3
1047.3
1047.3
1047.3
1047.3
1047.3
1047.3
1047.3
1047.3
1047.3
1047.3
1047.3
1047.3
1047.3
1047.3
1047.3
1047.3
1047.3
1047.3
1047.3
1047.3
1047.3
1047.3
1047.3
1047.3
1047.3
1047.3
1047.3
1047.4
1047.4
1047.4
1047.4
1047.4
1047.4
1047.4
1047.4
1047.4
1047.4
1047.4
1047.4
1047.4
1047.4
1047.4
1047.4
1047.4
1047.4
1047.4
1047.4
1047.4
1047.4
1047.4
1047.4
1047.4
1047.4
1047.5
1047.5
1047.5
1047.7
1047.7
1047.7
1047.8
1047.8
1047.8
1047.8
1047.9
1047.9
1047.9
1048.0
1048.0
1048.1
1048.2
1048.2
1048.3
1048.3
1048.4
1048.5
1048.5
1048.8
1054.8
1054.8
1054.8
1054.9
1054.9
1054.9
1054.9
1055.0
1055.0
1055.0
1055.1
1055.1
1055.1
1055.2
1055.2
1055.2
1055.2
1055.2
1055.2
1055.2
1055.2
1055.2
1055.2
1055.3
1055.3
1055.3
1055.3
1055.3
1055.3
1055.3
1055.4
1055.4
1055.4
1055.4
1055.4
1055.4
1055.5
1055.5
1055.6
1055.6
1055.6
1055.6
1055.6
1055.7
1055.7
1055.7
1055.7
1055.7
1055.7
1055.8
1055.9
1055.9
1055.9
1055.9
1055.9
1055.9
1056.0
1056.0
1056.0
1056.1
1056.1
1056.1
1056.1
1056.1
1056.2
1056.2
1056.2
1056.2
1056.2
1056.3
1056.3
1056.3
1056.3
1056.4
1056.5
1056.5
1056.6
1056.7
1057.0
1058.4
1058.5
1059.1
1059.4
1059.5
1059.7
1060.3
1061.3
1061.4
1061.9
1062.3
1062.8
1066.1
1066.6
1066.9
1073.3
1076.8
1087.6
1208.8
1208.8
1208.8
1208.8
1208.8
1208.8
1208.8
1208.9
1208.9
1208.9
1208.9
1208.9
1208.9
1208.9
1208.9
1208.9
1208.9
1208.9
1208.9
1208.9
1208.9
1208.9
1208.9
1208.9
1208.9
1208.9
1208.9
1208.9
1208.9
1208.9
1208.9
1208.9
1208.9
1208.9
1208.9
1208.9
1208.9
1208.9
1208.9
1208.9
1208.9
1208.9
1208.9
1209.0
1209.0
1209.0
1209.0
1209.0
1209.0
1209.0
1209.0
1209.0
1209.0
1209.0
1209.0
1209.0
1209.0
1209.0
1209.0
1209.0
1209.0
1209.0
1209.0
1209.0
1209.0
1209.0
1209.0
1209.0
1209.0
1209.0
1209.0
1209.0
1209.0
1209.1
1209.1
1209.1
1209.1
1209.1
1209.1
1209.3
1209.3
1209.3
1209.4
1209.4
1209.4
1209.4
1209.5
1209.5
1209.6
1209.6
1209.6
1209.8
1209.8
1209.8
1209.9
1210.0
1210.0
1210.1
1210.1
1210.4
1216.4
1216.4
1216.4
1216.5
1216.5
1216.5
1216.6
1216.6
1216.6
1216.6
1216.7
1216.8
1216.8
1216.8
1216.8
1216.8
1216.8
1216.8
1216.8
1216.9
1216.9
1216.9
1216.9
1216.9
1216.9
1216.9
1216.9
1217.0
1217.0
1217.0
1217.0
1217.0
1217.0
1217.0
1217.0
1217.1
1217.1
1217.2
1217.2
1217.2
1217.2
1217.2
1217.3
1217.3
1217.3
1217.3
1217.3
1217.3
1217.4
1217.4
1217.5
1217.5
1217.5
1217.6
1217.6
1217.6
1217.6
1217.7
1217.7
1217.7
1217.7
1217.7
1217.8
1217.8
1217.8
1217.8
1217.8
1217.8
1217.9
1217.9
1217.9
1217.9
1218.0
1218.0
1218.1
1218.2
1218.3
1218.3
1218.7
1220.0
1220.2
1220.7
1221.0
1221.1
1221.3
1222.0
1222.9
1223.0
1223.5
1223.9
1224.4
1227.9
1228.2
1228.6
1235.4
1239.1
1250.3
1376.1
1376.1
1376.1
1376.1
1376.1
1376.1
1376.2
1376.2
1376.2
1376.2
1376.2
1376.2
1376.2
1376.2
1376.2
1376.2
1376.2
1376.2
1376.2
1376.2
1376.2
1376.2
1376.2
1376.2
1376.2
1376.2
1376.2
1376.2
1376.2
1376.2
1376.2
1376.2
1376.2
1376.2
1376.2
1376.2
1376.2
1376.2
1376.2
1376.2
1376.2
1376.3
1376.3
1376.3
1376.3
1376.3
1376.3
1376.3
1376.3
1376.3
1376.3
1376.3
1376.3
1376.3
1376.3
1376.3
1376.3
1376.3
1376.3
1376.3
1376.3
1376.3
1376.3
1376.3
1376.3
1376.3
1376.3
1376.3
1376.3
1376.3
1376.3
1376.3
1376.4
1376.4
1376.4
1376.4
1376.4
1376.4
1376.4
1376.6
1376.6
1376.7
1376.7
1376.7
1376.7
1376.8
1376.8
1376.8
1376.9
1376.9
1376.9
1377.1
1377.1
1377.1
1377.2
1377.3
1377.3
1377.4
1377.4
1377.7
1383.7
1383.7
1383.8
1383.8
1383.8
1383.8
1383.9
1383.9
1383.9
1383.9
1384.0
1384.1
1384.1
1384.1
1384.1
1384.1
1384.1
1384.2
1384.2
1384.2
1384.2
1384.2
1384.2
1384.2
1384.2
1384.2
1384.2
1384.3
1384.3
1384.3
1384.3
1384.3
1384.3
1384.3
1384.4
1384.4
1384.4
1384.5
1384.5
1384.5
1384.5
1384.6
1384.6
1384.6
1384.6
1384.6
1384.6
1384.7
1384.7
1384.7
1384.8
1384.9
1384.9
1384.9
1384.9
1384.9
1384.9
1385.0
1385.0
1385.0
1385.0
1385.1
1385.1
1385.1
1385.1
1385.1
1385.1
1385.2
1385.2
1385.2
1385.2
1385.3
1385.3
1385.3
1385.4
1385.5
1385.6
1385.6
1386.0
1387.3
1387.5
1388.0
1388.4
1388.4
1388.7
1389.3
1390.2
1390.3
1390.9
1391.2
1391.7
1395.2
1395.5
1395.9
1399.5
1399.9
1400.6
1400.9
1400.9
1401.7
1401.8
1401.8
1401.8
1401.9
1402.1
1402.1
1402.3
1402.4
1402.5
1402.5
1402.6
1402.6
1402.7
1402.7
1402.8
1402.8
1403.1
1403.1
1403.2
1403.2
1403.3
1403.6
1403.6
1403.6
1403.9
1404.1
1404.2
1404.3
1404.4
1404.7
1404.8
1405.2
1405.3
1405.4
1405.5
1405.6
1406.2
1406.4
1406.7
1407.1
1407.3
1407.6
1408.0
1408.4
1408.7
1410.4
1411.6
1412.5
1413.1
1413.5
1413.5
1413.9
1415.5
1416.3
1416.5
1417.4
1417.8
1417.9
1418.1
1418.4
1419.2
1420.0
1420.4
1420.9
1421.0
1421.7
1422.4
1422.7
1425.2
1426.3
1427.4
1427.7
1428.2
1428.3
1428.4
1431.6
1439.8
1453.9
1544.5
1544.5
1544.5
1544.5
1544.5
1544.5
1544.6
1544.6
1544.6
1544.6
1544.6
1544.6
1544.6
1544.6
1544.6
1544.6
1544.6
1544.6
1544.6
1544.6
1544.6
1544.6
1544.6
1544.6
1544.6
1544.6
1544.6
1544.6
1544.6
1544.6
1544.6
1544.6
1544.6
1544.6
1544.6
1544.6
1544.6
1544.6
1544.6
1544.6
1544.6
1544.7
1544.7
1544.7
1544.7
1544.7
1544.7
1544.7
1544.7
1544.7
1544.7
1544.7
1544.7
1544.7
1544.7
1544.7
1544.7
1544.7
1544.7
1544.7
1544.7
1544.7
1544.7
1544.7
1544.7
1544.7
1544.7
1544.7
1544.7
1544.7
1544.7
1544.7
1544.8
1544.8
1544.8
1544.8
1544.8
1544.8
1544.8
1545.0
1545.0
1545.1
1545.1
1545.1
1545.1
1545.2
1545.2
1545.2
1545.3
1545.3
1545.3
1545.5
1545.5
1545.5
1545.6
1545.7
1545.7
1545.8
1545.8
1546.1
1552.1
1552.1
1552.2
1552.2
1552.2
1552.2
1552.3
1552.3
1552.3
1552.3
1552.4
1552.5
1552.5
1552.5
1552.5
1552.5
1552.5
1552.5
1552.6
1552.6
1552.6
1552.6
1552.6
1552.6
1552.6
1552.6
1552.6
1552.7
1552.7
1552.7
1552.7
1552.7
1552.7
1552.7
1552.8
1552.8
1552.8
1552.9
1552.9
1552.9
1552.9
1553.0
1553.0
1553.0
1553.0
1553.0
1553.0
1553.1
1553.1
1553.1
1553.2
1553.3
1553.3
1553.3
1553.3
1553.3
1553.3
1553.4
1553.4
1553.4
1553.4
1553.5
1553.5
1553.5
1553.5
1553.5
1553.5
1553.6
1553.6
1553.6
1553.6
1553.7
1553.7
1553.7
1553.8
1553.9
1554.0
1554.0
1554.4
1555.7
1555.9
1556.4
1556.8
1556.8
1557.1
1557.7
1558.6
1558.7
1559.3
1559.6
1560.1
1563.6
1563.9
1564.3
1570.3
1574.8
1585.9
1712.8
1712.8
1712.8
1712.8
1712.8
1712.8
1712.9
1712.9
1712.9
1712.9
1712.9
1712.9
1712.9
1712.9
1712.9
1712.9
1712.9
1712.9
1712.9
1712.9
1712.9
1712.9
1712.9
1712.9
1712.9
1712.9
1712.9
1712.9
1712.9
1712.9
1712.9
1712.9
1712.9
1712.9
1712.9
1712.9
1712.9
1712.9
1712.9
1712.9
1712.9
1713.0
1713.0
1713.0
1713.0
1713.0
1713.0
1713.0
1713.0
1713.0
1713.0
1713.0
1713.0
1713.0
1713.0
1713.0
1713.0
1713.0
1713.0
1713.0
1713.0
1713.0
1713.0
1713.0
1713.0
1713.0
1713.0
1713.0
1713.0
1713.0
1713.0
1713.0
1713.1
1713.1
1713.1
1713.1
1713.1
1713.1
1713.1
1713.3
1713.3
1713.4
1713.4
1713.4
1713.4
1713.5
1713.5
1713.5
1713.6
1713.6
1713.6
1713.8
1713.8
1713.8
1713.9
1714.0
1714.0
1714.1
1714.1
1714.4
1720.4
1720.4
1720.5
1720.5
1720.5
1720.5
1720.6
1720.6
1720.6
1720.6
1720.7
1720.8
1720.8
1720.8
1720.8
1720.8
1720.8
1720.9
1720.9
1720.9
1720.9
1720.9
1720.9
1720.9
1720.9
1720.9
1720.9
1721.0
1721.0
1721.0
1721.0
1721.0
1721.0
1721.0
1721.1
1721.1
1721.1
1721.2
1721.2
1721.2
1721.2
1721.3
1721.3
1721.3
1721.3
1721.3
1721.3
1721.4
1721.4
1721.4
1721.5
1721.6
1721.6
1721.6
1721.6
1721.6
1721.6
1721.7
1721.7
1721.7
1721.7
1721.8
1721.8
1721.8
1721.8
1721.8
1721.8
1721.9
1721.9
1721.9
1721.9
1722.0
1722.0
1722.0
1722.1
1722.2
1722.3
1722.3
1722.7
1724.0
1724.2
1724.7
1725.1
1725.1
1725.4
1726.0
1726.9
1727.0
1727.6
1727.9
1728.4
1731.7
1732.1
1732.6
1735.4
1736.0
1736.4
1736.7
1736.8
1737.7
1737.7
1737.7
1737.8
1737.9
1738.1
1738.1
1738.3
1738.5
1738.6
1738.7
1738.7
1738.7
1738.7
1738.8
1739.1
1739.1
1739.2
1739.3
1739.3
1739.5
1739.6
1739.7
1739.9
1740.0
1740.3
1740.5
1740.6
1740.6
1740.7
1741.2
1741.5
1742.0
1742.0
1742.0
1742.1
1742.4
1743.0
1743.3
1744.1
1744.2
1744.8
1745.2
1745.3
1746.2
1746.9
1749.3
1751.5
1752.5
1753.3
1753.8
1755.7
1756.6
1758.6
1761.5
1762.1
1766.5
1776.3
1776.7
1880.8
1880.8
1880.8
1880.8
1880.8
1880.8
1880.9
1880.9
1880.9
1880.9
1880.9
1880.9
1880.9
1880.9
1880.9
1880.9
1880.9
1880.9
1880.9
1880.9
1880.9
1880.9
1880.9
1880.9
1880.9
1880.9
1880.9
1880.9
1880.9
1880.9
1880.9
1880.9
1880.9
1880.9
1880.9
1880.9
1880.9
1880.9
1880.9
1880.9
1880.9
1881.0
1881.0
1881.0
1881.0
1881.0
1881.0
1881.0
1881.0
1881.0
1881.0
1881.0
1881.0
1881.0
1881.0
1881.0
1881.0
1881.0
1881.0
1881.0
1881.0
1881.0
1881.0
1881.0
1881.0
1881.0
1881.0
1881.0
1881.0
1881.0
1881.0
1881.0
1881.1
1881.1
1881.1
1881.1
1881.1
1881.1
1881.1
1881.3
1881.3
1881.4
1881.4
1881.4
1881.4
1881.5
1881.5
1881.5
1881.6
1881.6
1881.6
1881.8
1881.8
1881.8
1881.9
1882.0
1882.0
1882.1
1882.1
1882.4
1888.4
1888.4
1888.5
1888.5
1888.5
1888.5
1888.6
1888.6
1888.6
1888.6
1888.7
1888.8
1888.8
1888.8
1888.8
1888.8
1888.8
1888.8
1888.8
1888.9
1888.9
1888.9
1888.9
1888.9
1888.9
1888.9
1888.9
1889.0
1889.0
1889.0
1889.0
1889.0
1889.0
1889.0
1889.1
1889.1
1889.1
1889.2
1889.2
1889.2
1889.2
1889.3
1889.3
1889.3
1889.3
1889.3
1889.3
1889.3
1889.4
1889.4
1889.5
1889.6
1889.6
1889.6
1889.6
1889.6
1889.6
1889.7
1889.7
1889.7
1889.7
1889.8
1889.8
1889.8
1889.8
1889.8
1889.8
1889.9
1889.9
1889.9
1889.9
1890.0
1890.0
1890.0
1890.1
1890.2
1890.3
1890.3
1890.7
1892.0
1892.2
1892.7
1893.1
1893.1
1893.4
1894.0
1894.9
1895.0
1895.6
1895.9
1896.4
1899.9
1900.2
1900.6
1906.4
1911.1
1922.2
2049.1
2049.1
2049.1
2049.1
2049.1
2049.1
2049.2
2049.2
2049.2
2049.2
2049.2
2049.2
2049.2
2049.2
2049.2
2049.2
2049.2
2049.2
2049.2
2049.2
2049.2
2049.2
2049.2
2049.2
2049.2
2049.2
2049.2
2049.2
2049.2
2049.2
2049.2
2049.2
2049.2
2049.2
2049.2
2049.2
2049.2
2049.2
2049.2
2049.2
2049.2
2049.3
2049.3
2049.3
2049.3
2049.3
2049.3
2049.3
2049.3
2049.3
2049.3
2049.3
2049.3
2049.3
2049.3
2049.3
2049.3
2049.3
2049.3
2049.3
2049.3
2049.3
2049.3
2049.3
2049.3
2049.3
2049.3
2049.3
2049.3
2049.3
2049.3
2049.3
2049.4
2049.4
2049.4
2049.4
2049.4
2049.4
2049.4
2049.6
2049.6
2049.7
2049.7
2049.7
2049.7
2049.8
2049.8
2049.8
2049.9
2049.9
2049.9
2050.1
2050.1
2050.1
2050.2
2050.3
2050.3
2050.4
2050.4
2050.7
2056.7
2056.7
2056.8
2056.8
2056.8
2056.8
2056.9
2056.9
2056.9
2056.9
2057.0
2057.1
2057.1
2057.1
2057.1
2057.1
2057.1
2057.1
2057.2
2057.2
2057.2
2057.2
2057.2
2057.2
2057.2
2057.2
2057.2
2057.3
2057.3
2057.3
2057.3
2057.3
2057.3
2057.3
2057.4
2057.4
2057.4
2057.5
2057.5
2057.5
2057.5
2057.6
2057.6
2057.6
2057.6
2057.6
2057.6
2057.6
2057.7
2057.7
2057.8
2057.9
2057.9
2057.9
2057.9
2057.9
2057.9
2058.0
2058.0
2058.0
2058.0
2058.1
2058.1
2058.1
2058.1
2058.1
2058.1
2058.2
2058.2
2058.2
2058.2
2058.3
2058.3
2058.3
2058.4
2058.5
2058.6
2058.6
2059.0
2060.3
2060.5
2061.0
2061.4
2061.4
2061.7
2062.3
2063.2
2063.3
2063.9
2064.2
2064.7
2068.0
2068.3
2068.9
2071.6
2072.3
2072.6
2072.9
2073.0
2074.0
2074.0
2074.0
2074.1
2074.2
2074.4
2074.4
2074.6
2074.8
2074.9
2075.0
2075.0
2075.0
2075.0
2075.1
2075.4
2075.4
2075.5
2075.6
2075.7
2075.8
2075.9
2076.1
2076.2
2076.4
2076.6
2076.9
2076.9
2077.0
2077.0
2077.7
2077.9
2078.4
2078.5
2078.5
2078.6
2078.9
2079.5
2079.8
2080.6
2081.2
2082.0
2082.0
2082.4
2083.2
2083.9
2087.5
2090.0
2090.8
2093.5
2095.0
2100.0
2106.4
2112.4
2217.3
2217.3
2217.3
2217.3
2217.3
2217.3
2217.4
2217.4
2217.4
2217.4
2217.4
2217.4
2217.4
2217.4
2217.4
2217.4
2217.4
2217.4
2217.4
2217.4
2217.4
2217.4
2217.4
2217.4
2217.4
2217.4
2217.4
2217.4
2217.4
2217.4
2217.4
2217.4
2217.4
2217.4
2217.4
2217.4
2217.4
2217.4
2217.4
2217.4
2217.4
2217.5
2217.5
2217.5
2217.5
2217.5
2217.5
2217.5
2217.5
2217.5
2217.5
2217.5
2217.5
2217.5
2217.5
2217.5
2217.5
2217.5
2217.5
2217.5
2217.5
2217.5
2217.5
2217.5
2217.5
2217.5
2217.5
2217.5
2217.5
2217.5
2217.5
2217.5
2217.6
2217.6
2217.6
2217.6
2217.6
2217.6
2217.6
2217.8
2217.8
2217.9
2217.9
2217.9
2217.9
2218.0
2218.0
2218.0
2218.1
2218.1
2218.1
2218.3
2218.3
2218.3
2218.4
2218.5
2218.5
2218.6
2218.6
2218.9
2224.9
2224.9
2225.0
2225.0
2225.0
2225.0
2225.1
2225.1
2225.1
2225.1
2225.2
2225.3
2225.3
2225.3
2225.3
2225.3
2225.3
2225.4
2225.4
2225.4
2225.4
2225.4
2225.4
2225.4
2225.4
2225.4
2225.4
2225.5
2225.5
2225.5
2225.5
2225.5
2225.5
2225.5
2225.6
2225.6
2225.6
2225.7
2225.7
2225.7
2225.7
2225.8
2225.8
2225.8
2225.8
2225.8
2225.8
2225.8
2225.9
2225.9
2226.0
2226.1
2226.1
2226.1
2226.1
2226.1
2226.1
2226.2
2226.2
2226.2
2226.2
2226.3
2226.3
2226.3
2226.3
2226.3
2226.3
2226.4
2226.4
2226.4
2226.4
2226.5
2226.5
2226.5
2226.6
2226.7
2226.8
2226.8
2227.2
2228.5
2228.7
2229.2
2229.6
2229.6
2229.9
2230.5
2231.4
2231.5
2232.1
2232.4
2232.9
2236.4
2236.7
2237.1
2242.9
2247.6
2256.2
2385.4
2385.4
2385.4
2385.4
2385.4
2385.4
2385.5
2385.5
2385.5
2385.5
2385.5
2385.5
2385.5
2385.5
2385.5
2385.5
2385.5
2385.5
2385.5
2385.5
2385.5
2385.5
2385.5
2385.5
2385.5
2385.5
2385.5
2385.5
2385.5
2385.5
2385.5
2385.5
2385.5
2385.5
2385.5
2385.5
2385.5
2385.5
2385.5
2385.5
2385.5
2385.6
2385.6
2385.6
2385.6
2385.6
2385.6
2385.6
2385.6
2385.6
2385.6
2385.6
2385.6
2385.6
2385.6
2385.6
2385.6
2385.6
2385.6
2385.6
2385.6
2385.6
2385.6
2385.6
2385.6
2385.6
2385.6
2385.6
2385.6
2385.6
2385.6
2385.6
2385.7
2385.7
2385.7
2385.7
2385.7
2385.7
2385.7
2385.9
2385.9
2386.0
2386.0
2386.0
2386.0
2386.1
2386.1
2386.1
2386.2
2386.2
2386.2
2386.4
2386.4
2386.4
2386.5
2386.6
2386.6
2386.7
2386.7
2387.0
2393.0
2393.0
2393.1
2393.1
2393.1
2393.1
2393.2
2393.2
2393.2
2393.2
2393.3
2393.4
2393.4
2393.4
2393.4
2393.4
2393.4
2393.5
2393.5
2393.5
2393.5
2393.5
2393.5
2393.5
2393.5
2393.5
2393.5
2393.6
2393.6
2393.6
2393.6
2393.6
2393.6
2393.6
2393.7
2393.7
2393.7
2393.8
2393.8
2393.8
2393.8
2393.9
2393.9
2393.9
2393.9
2393.9
2393.9
2394.0
2394.0
2394.0
2394.1
2394.2
2394.2
2394.2
2394.2
2394.2
2394.2
2394.3
2394.3
2394.3
2394.3
2394.4
2394.4
2394.4
2394.4
2394.4
2394.4
2394.5
2394.5
2394.5
2394.5
2394.6
2394.6
2394.6
2394.7
2394.8
2394.9
2394.9
2395.3
2396.6
2396.8
2397.3
2397.7
2397.7
2398.0
2398.6
2399.5
2399.6
2400.2
2400.5
2401.0
2404.3
2404.6
2405.2
2407.9
2408.6
2408.9
2409.2
2409.3
2410.3
2410.3
2410.3
2410.4
2410.5
2410.7
2410.7
2411.0
2411.1
2411.2
2411.3
2411.3
2411.3
2411.4
2411.4
2411.7
2411.7
2411.8
2411.9
2412.0
2412.2
2412.3
2412.4
2412.5
2412.8
2413.0
2413.2
2413.3
2413.3
2413.4
2414.1
2414.3
2414.7
2414.9
2414.9
2415.1
2415.3
2415.9
2416.3
2417.0
2417.6
2418.4
2418.5
2419.0
2419.7
2420.4
2423.9
2426.9
2427.3
2433.7
2436.2
2439.0
2439.8
2444.8
2553.7
2553.7
2553.7
2553.7
2553.7
2553.7
2553.8
2553.8
2553.8
2553.8
2553.8
2553.8
2553.8
2553.8
2553.8
2553.8
2553.8
2553.8
2553.8
2553.8
2553.8
2553.8
2553.8
2553.8
2553.8
2553.8
2553.8
2553.8
2553.8
2553.8
2553.8
2553.8
2553.8
2553.8
2553.8
2553.8
2553.8
2553.8
2553.8
2553.8
2553.8
2553.9
2553.9
2553.9
2553.9
2553.9
2553.9
2553.9
2553.9
2553.9
2553.9
2553.9
2553.9
2553.9
2553.9
2553.9
2553.9
2553.9
2553.9
2553.9
2553.9
2553.9
2553.9
2553.9
2553.9
2553.9
2553.9
2553.9
2553.9
2553.9
2553.9
2553.9
2554.0
2554.0
2554.0
2554.0
2554.0
2554.0
2554.0
2554.2
2554.2
2554.3
2554.3
2554.3
2554.3
2554.4
2554.4
2554.4
2554.5
2554.5
2554.5
2554.7
2554.7
2554.7
2554.8
2554.9
2554.9
2555.0
2555.0
2555.3
2561.3
2561.3
2561.4
2561.4
2561.4
2561.4
2561.5
2561.5
2561.5
2561.5
2561.6
2561.7
2561.7
2561.7
2561.7
2561.7
2561.7
2561.8
2561.8
2561.8
2561.8
2561.8
2561.8
2561.8
2561.8
2561.8
2561.8
2561.9
2561.9
2561.9
2561.9
2561.9
2561.9
2561.9
2562.0
2562.0
2562.0
2562.1
2562.1
2562.1
2562.1
2562.2
2562.2
2562.2
2562.2
2562.2
2562.2
2562.2
2562.3
2562.3
2562.4
2562.5
2562.5
2562.5
2562.5
2562.5
2562.5
2562.6
2562.6
2562.6
2562.6
2562.7
2562.7
2562.7
2562.7
2562.7
2562.7
2562.8
2562.8
2562.8
2562.8
2562.9
2562.9
2562.9
2563.0
2563.1
2563.2
2563.2
2563.6
2564.9
2565.1
2565.6
2566.0
2566.0
2566.3
2566.9
2567.8
2567.9
2568.5
2568.8
2569.3
2572.8
2573.1
2573.5
2579.3
2584.0
2595.1
2721.8
2721.8
2721.8
2721.8
2721.8
2721.8
2721.9
2721.9
2721.9
2721.9
2721.9
2721.9
2721.9
2721.9
2721.9
2721.9
2721.9
2721.9
2721.9
2721.9
2721.9
2721.9
2721.9
2721.9
2721.9
2721.9
2721.9
2721.9
2721.9
2721.9
2721.9
2721.9
2721.9
2721.9
2721.9
2721.9
2721.9
2721.9
2721.9
2721.9
2721.9
2722.0
2722.0
2722.0
2722.0
2722.0
2722.0
2722.0
2722.0
2722.0
2722.0
2722.0
2722.0
2722.0
2722.0
2722.0
2722.0
2722.0
2722.0
2722.0
2722.0
2722.0
2722.0
2722.0
2722.0
2722.0
2722.0
2722.0
2722.0
2722.0
2722.0
2722.0
2722.1
2722.1
2722.1
2722.1
2722.1
2722.1
2722.1
2722.3
2722.3
2722.4
2722.4
2722.4
2722.4
2722.5
2722.5
2722.5
2722.6
2722.6
2722.6
2722.8
2722.8
2722.8
2722.9
2723.0
2723.0
2723.1
2723.1
2723.4
2729.4
2729.4
2729.5
2729.5
2729.5
2729.5
2729.6
2729.6
2729.6
2729.6
2729.7
2729.8
2729.8
2729.8
2729.8
2729.8
2729.8
2729.9
2729.9
2729.9
2729.9
2729.9
2729.9
2729.9
2729.9
2729.9
2729.9
2730.0
2730.0
2730.0
2730.0
2730.0
2730.0
2730.0
2730.1
2730.1
2730.1
2730.2
2730.2
2730.2
2730.2
2730.3
2730.3
2730.3
2730.3
2730.3
2730.3
2730.4
2730.4
2730.4
2730.5
2730.6
2730.6
2730.6
2730.6
2730.6
2730.6
2730.7
2730.7
2730.7
2730.7
2730.8
2730.8
2730.8
2730.8
2730.8
2730.8
2730.9
2730.9
2730.9
2730.9
2731.0
2731.0
2731.0
2731.1
2731.2
2731.3
2731.3
2731.7
2733.0
2733.2
2733.7
2734.1
2734.1
2734.4
2735.0
2735.9
2736.0
2736.6
2736.9
2737.4
2740.7
2741.0
2741.6
2744.3
2745.0
2745.3
2745.6
2745.7
2746.7
2746.7
2746.7
2746.8
2746.9
2747.1
2747.1
2747.4
2747.5
2747.7
2747.7
2747.7
2747.7
2747.8
2747.8
2748.1
2748.2
2748.2
2748.3
2748.5
2748.6
2748.7
2748.8
2749.0
2749.2
2749.4
2749.6
2749.7
2749.8
2749.8
2750.5
2750.7
2751.2
2751.3
2751.4
2751.5
2751.8
2752.4
2752.8
2753.5
2754.3
2755.0
2755.5
2755.5
2756.4
2757.3
2764.3
2764.3
2767.4
2779.5
2889.9
2889.9
2889.9
2889.9
2889.9
2889.9
2890.0
2890.0
2890.0
2890.0
2890.0
2890.0
2890.0
2890.0
2890.0
2890.0
2890.0
2890.0
2890.0
2890.0
2890.0
2890.0
2890.0
2890.0
2890.0
2890.0
2890.0
2890.0
2890.0
2890.0
2890.0
2890.0
2890.0
2890.0
2890.0
2890.0
2890.0
2890.0
2890.0
2890.0
2890.0
2890.1
2890.1
2890.1
2890.1
2890.1
2890.1
2890.1
2890.1
2890.1
2890.1
2890.1
2890.1
2890.1
2890.1
2890.1
2890.1
2890.1
2890.1
2890.1
2890.1
2890.1
2890.1
2890.1
2890.1
2890.1
2890.1
2890.1
2890.1
2890.1
2890.1
2890.1
2890.2
2890.2
2890.2
2890.2
2890.2
2890.2
2890.2
2890.4
2890.4
2890.5
2890.5
2890.5
2890.5
2890.6
2890.6
2890.6
2890.7
2890.7
2890.7
2890.9
2890.9
2890.9
2891.0
2891.1
2891.1
2891.2
2891.2
2891.5
2897.5
2897.5
2897.6
2897.6
2897.6
2897.6
2897.7
2897.7
2897.7
2897.7
2897.8
2897.9
2897.9
2897.9
2897.9
2897.9
2897.9
2898.0
2898.0
2898.0
2898.0
2898.0
2898.0
2898.0
2898.0
2898.0
2898.0
2898.1
2898.1
2898.1
2898.1
2898.1
2898.1
2898.1
2898.2
2898.2
2898.2
2898.3
2898.3
2898.3
2898.3
2898.4
2898.4
2898.4
2898.4
2898.4
2898.4
2898.4
2898.5
2898.5
2898.6
2898.7
2898.7
2898.7
2898.7
2898.7
2898.7
2898.8
2898.8
2898.8
2898.8
2898.9
2898.9
2898.9
2898.9
2898.9
2898.9
2899.0
2899.0
2899.0
2899.0
2899.1
2899.1
2899.1
2899.2
2899.3
2899.4
2899.4
2899.8
2901.1
2901.3
2901.8
2902.2
2902.2
2902.5
2903.1
2904.0
2904.1
2904.7
2905.0
2905.5
2909.0
2909.3
2909.7
2915.5
2920.2
2931.4
