426.3
426.3
426.3
426.3
426.3
426.3
426.3
426.3
426.3
426.3
426.3
426.3
426.3
426.3
426.3
426.3
426.3
426.3
426.3
426.3
426.3
426.4
426.4
426.4
426.4
426.4
426.4
426.4
426.4
426.4
426.4
426.4
426.4
426.4
426.4
426.4
426.4
426.4
426.4
426.4
426.4
426.4
426.4
426.5
426.5
426.5
426.5
426.5
426.5
426.5
426.5
426.5
426.5
426.5
426.5
426.5
426.5
426.5
426.5
426.5
426.5
426.5
426.5
426.5
426.5
426.5
426.5
426.5
426.5
426.6
426.6
426.6
426.6
426.6
426.6
426.6
426.6
426.7
426.7
426.9
426.9
426.9
426.9
427.0
427.0
427.0
427.1
427.1
427.1
427.1
427.2
427.3
427.3
427.4
427.5
427.6
427.6
427.6
427.7
427.9
433.2
433.2
433.2
433.3
433.3
433.3
433.3
433.3
433.3
433.4
433.4
433.4
433.4
433.4
433.5
433.5
433.5
433.5
433.5
433.5
433.5
433.5
433.5
433.5
433.5
433.6
433.6
433.6
433.6
433.6
433.6
433.6
433.6
433.7
433.7
433.8
433.8
433.8
433.8
433.9
433.9
433.9
433.9
433.9
434.0
434.0
434.0
434.0
434.1
434.1
434.1
434.1
434.1
434.1
434.2
434.2
434.2
434.3
434.3
434.3
434.3
434.3
434.3
434.4
434.4
434.4
434.4
434.5
434.5
434.5
434.5
434.6
434.7
434.8
434.8
434.8
434.9
435.2
435.3
436.8
436.8
437.0
437.4
437.6
437.9
438.1
438.5
438.6
438.7
438.8
439.0
439.5
439.9
439.9
439.9
439.9
440.0
440.0
440.0
440.0
440.0
440.0
440.1
440.1
440.1
440.1
440.2
440.2
440.2
440.2
440.2
440.2
440.2
440.2
440.2
440.3
440.3
440.3
440.3
440.3
440.4
440.4
440.4
440.5
440.5
440.5
440.5
440.7
440.7
440.8
440.8
440.8
440.8
440.9
440.9
440.9
441.0
441.0
441.1
441.2
441.2
441.3
441.4
441.4
441.4
441.4
441.5
441.7
441.7
441.7
441.8
441.8
441.9
442.0
442.0
442.0
442.1
442.2
442.2
442.4
442.6
442.7
442.7
442.7
442.8
442.8
442.8
443.1
443.3
443.3
443.8
444.0
444.1
444.2
444.2
444.5
444.6
445.1
445.2
445.4
445.6
445.8
445.8
446.0
446.0
446.0
446.1
446.1
446.1
446.3
446.3
446.4
446.4
446.5
446.5
446.7
446.7
446.7
446.8
446.8
446.8
446.9
447.0
447.0
447.0
447.1
447.1
447.2
447.2
447.2
447.3
447.3
447.3
447.4
447.5
447.5
447.5
447.6
447.7
447.7
447.8
447.9
447.9
448.0
448.0
448.3
448.3
448.4
448.5
448.6
448.6
448.7
448.8
448.9
448.9
448.9
449.0
449.1
449.2
449.3
449.4
449.6
449.8
449.9
450.1
450.1
450.3
450.5
450.7
451.0
451.0
451.1
451.6
451.7
451.7
452.7
453.1
454.3
454.4
454.7
455.0
455.0
455.2
455.9
456.6
457.2
457.8
458.7
459.0
459.0
459.1
459.2
459.8
461.6
462.5
463.0
463.1
463.3
465.6
466.0
466.0
466.4
466.6
466.8
467.0
467.1
467.2
467.9
468.0
468.4
470.4
471.4
472.7
474.9
476.6
481.1
484.1
493.5
586.1
586.1
586.1
586.1
586.1
586.2
586.2
586.2
586.2
586.2
586.2
586.2
586.2
586.2
586.2
586.2
586.2
586.2
586.2
586.2
586.2
586.2
586.2
586.2
586.2
586.2
586.2
586.2
586.2
586.2
586.2
586.2
586.2
586.2
586.2
586.3
586.3
586.3
586.3
586.3
586.3
586.3
586.3
586.3
586.3
586.3
586.3
586.3
586.3
586.3
586.4
586.4
586.4
586.4
586.4
586.4
586.4
586.4
586.4
586.4
586.4
586.4
586.4
586.4
586.4
586.4
586.4
586.4
586.4
586.4
586.4
586.4
586.4
586.4
586.4
586.5
586.5
586.5
586.5
586.8
586.8
586.8
586.8
586.9
586.9
586.9
587.0
587.0
587.0
587.0
587.0
587.2
587.2
587.3
587.4
587.5
587.5
587.6
587.6
587.9
592.9
592.9
592.9
592.9
592.9
593.0
593.0
593.0
593.0
593.0
593.1
593.1
593.1
593.1
593.2
593.2
593.2
593.2
593.2
593.2
593.2
593.2
593.2
593.2
593.2
593.3
593.3
593.3
593.3
593.3
593.3
593.3
593.3
593.4
593.4
593.5
593.5
593.5
593.5
593.5
593.6
593.6
593.6
593.6
593.7
593.7
593.7
593.7
593.8
593.8
593.8
593.8
593.8
593.8
593.9
593.9
593.9
593.9
593.9
594.0
594.0
594.0
594.0
594.1
594.1
594.1
594.1
594.2
594.2
594.2
594.2
594.2
594.3
594.4
594.5
594.5
594.6
594.9
595.0
596.4
596.4
596.6
597.0
597.3
597.5
597.7
598.3
598.5
598.6
598.8
599.2
601.7
602.1
602.5
605.7
606.9
608.4
611.2
612.1
705.1
705.1
705.1
705.1
705.1
705.1
705.1
705.1
705.1
705.1
705.1
705.1
705.1
705.1
705.1
705.1
705.1
705.1
705.1
705.1
705.1
705.1
705.1
705.2
705.2
705.2
705.2
705.2
705.2
705.2
705.2
705.2
705.2
705.2
705.2
705.2
705.2
705.2
705.2
705.2
705.2
705.2
705.2
705.2
705.2
705.2
705.2
705.2
705.2
705.2
705.2
705.2
705.2
705.3
705.3
705.3
705.3
705.3
705.3
705.3
705.3
705.3
705.3
705.3
705.3
705.3
705.3
705.3
705.3
705.3
705.3
705.3
705.3
705.3
705.3
705.3
705.4
705.4
705.4
705.6
705.6
705.6
705.7
705.7
705.7
705.7
705.8
705.8
705.8
705.8
705.9
706.0
706.0
706.1
706.2
706.2
706.3
706.3
706.3
706.6
712.2
712.2
712.3
712.3
712.3
712.3
712.3
712.3
712.3
712.4
712.4
712.4
712.5
712.5
712.5
712.5
712.5
712.5
712.5
712.5
712.5
712.5
712.5
712.5
712.6
712.6
712.6
712.6
712.6
712.6
712.6
712.6
712.7
712.7
712.7
712.8
712.8
712.8
712.8
712.8
712.8
712.9
712.9
712.9
712.9
713.0
713.0
713.0
713.0
713.0
713.1
713.1
713.1
713.1
713.2
713.2
713.2
713.2
713.2
713.2
713.3
713.3
713.3
713.4
713.4
713.5
713.5
713.5
713.5
713.5
713.6
713.6
713.7
713.8
713.8
713.8
713.9
714.3
714.3
715.8
715.8
715.9
716.3
716.6
716.9
717.1
717.2
717.3
717.4
717.7
718.0
718.1
718.4
718.4
718.4
718.4
718.5
718.5
718.5
718.5
718.5
718.6
718.6
718.6
718.7
718.7
718.7
718.7
718.7
718.7
718.7
718.8
718.8
718.8
718.8
718.8
718.8
718.8
718.8
718.9
718.9
718.9
719.0
719.0
719.0
719.0
719.1
719.2
719.3
719.3
719.4
719.4
719.4
719.4
719.5
719.5
719.6
719.6
719.7
719.8
719.9
719.9
720.0
720.1
720.1
720.1
720.2
720.3
720.3
720.4
720.5
720.5
720.6
720.7
720.7
720.7
720.8
721.0
721.1
721.2
721.4
721.5
721.5
721.5
721.6
721.7
721.7
722.0
722.1
722.2
722.8
723.1
723.2
723.2
723.3
723.7
724.2
724.2
724.4
724.4
724.4
724.5
724.6
724.6
724.7
724.7
724.7
724.8
724.9
725.0
725.0
725.1
725.2
725.2
725.3
725.4
725.5
725.5
725.7
725.8
725.9
725.9
725.9
725.9
725.9
726.0
726.0
726.1
726.2
726.2
726.3
726.3
726.3
726.3
726.4
726.4
726.4
726.6
726.7
726.7
726.9
727.0
727.0
727.2
727.2
727.4
727.4
727.7
727.7
727.9
727.9
727.9
728.0
728.0
728.1
728.2
728.2
728.3
728.5
728.5
728.8
728.8
728.9
729.0
729.0
729.2
729.5
729.6
730.3
730.4
730.5
730.9
731.0
731.3
731.4
732.8
732.9
734.2
734.8
735.1
735.7
736.3
737.3
737.8
738.5
738.6
738.8
739.9
740.7
740.9
742.4
742.5
743.8
744.5
745.3
745.4
745.4
746.3
747.6
748.8
749.1
749.9
751.0
751.6
752.8
753.1
753.3
754.3
754.8
755.3
755.3
755.4
755.4
755.5
755.6
755.6
755.6
755.6
755.6
755.7
755.8
755.8
755.8
755.8
755.8
755.8
755.8
755.8
755.9
755.9
755.9
755.9
755.9
755.9
755.9
755.9
755.9
755.9
755.9
755.9
756.0
756.0
756.0
756.0
756.0
756.0
756.0
756.0
756.0
756.1
756.1
756.1
756.1
756.1
756.1
756.1
756.2
756.2
756.2
756.2
756.2
756.2
756.2
756.2
756.3
756.3
756.3
756.3
756.3
756.3
756.3
756.3
756.3
756.4
756.4
756.4
756.4
756.4
756.4
756.4
756.4
756.4
756.5
756.5
756.5
756.5
756.5
756.5
756.6
756.6
756.6
756.6
756.7
756.7
756.8
756.8
756.8
756.9
756.9
757.0
757.1
757.4
757.4
757.5
757.7
758.1
758.2
759.6
760.5
761.5
761.6
761.6
761.7
761.8
761.9
762.0
762.2
762.2
762.2
762.3
762.5
762.5
762.5
762.5
762.5
762.6
762.6
762.6
762.6
762.7
762.7
762.7
762.7
762.7
762.8
762.8
762.8
762.8
762.8
762.9
762.9
762.9
762.9
762.9
763.0
763.0
763.0
763.1
763.1
763.2
763.2
763.2
763.3
763.3
763.3
763.3
763.4
763.4
763.4
763.5
763.5
763.5
763.5
763.6
763.6
763.7
763.7
763.8
763.8
763.8
763.8
763.9
763.9
764.0
764.0
764.0
764.1
764.2
764.2
764.2
764.4
764.4
764.5
764.6
764.7
764.7
764.8
765.0
765.3
765.3
765.3
765.5
765.8
765.8
766.0
766.2
766.2
766.5
766.5
766.5
766.6
767.9
767.9
768.0
768.2
768.6
768.9
769.3
771.8
772.4
772.4
772.6
772.9
773.7
773.9
774.1
774.5
774.8
774.9
775.0
775.8
775.9
776.2
776.5
776.6
776.7
776.8
776.9
777.0
777.0
777.1
777.1
777.2
777.5
777.5
777.5
777.9
778.0
778.1
778.1
778.2
778.2
778.2
778.4
778.5
778.5
778.5
778.7
778.8
778.9
778.9
779.2
779.3
779.3
779.4
779.9
780.3
780.4
780.5
780.7
780.9
781.2
781.3
781.3
781.6
783.2
785.0
787.3
788.9
788.9
789.0
789.1
789.9
791.5
791.8
794.3
799.3
800.7
869.5
869.5
869.5
869.5
869.5
869.5
869.5
869.5
869.5
869.5
869.5
869.5
869.5
869.5
869.5
869.5
869.5
869.5
869.5
869.5
869.5
869.5
869.5
869.5
869.5
869.5
869.5
869.5
869.5
869.6
869.6
869.6
869.6
869.6
869.6
869.6
869.6
869.6
869.6
869.6
869.6
869.6
869.6
869.6
869.6
869.6
869.6
869.6
869.6
869.6
869.6
869.6
869.6
869.6
869.6
869.6
869.6
869.6
869.6
869.7
869.7
869.7
869.7
869.7
869.7
869.7
869.7
869.7
869.7
869.7
869.7
869.7
869.7
869.7
869.7
869.7
869.7
869.8
869.8
870.0
870.0
870.0
870.0
870.1
870.1
870.1
870.2
870.2
870.2
870.2
870.2
870.4
870.4
870.4
870.6
870.6
870.6
870.7
870.7
871.0
876.6
876.6
876.7
876.7
876.7
876.7
876.7
876.8
876.8
876.8
876.8
876.8
876.9
876.9
876.9
876.9
876.9
876.9
876.9
876.9
876.9
877.0
877.0
877.0
877.0
877.0
877.0
877.0
877.0
877.0
877.0
877.1
877.1
877.1
877.1
877.2
877.2
877.2
877.2
877.2
877.2
877.3
877.3
877.4
877.4
877.4
877.4
877.4
877.4
877.4
877.5
877.5
877.5
877.5
877.6
877.6
877.6
877.6
877.6
877.6
877.7
877.7
877.7
877.8
877.8
877.9
877.9
877.9
877.9
877.9
878.0
878.0
878.1
878.2
878.2
878.2
878.3
878.7
878.7
880.2
880.2
880.3
880.9
881.0
881.3
881.5
882.1
882.3
882.4
882.6
883.1
885.8
886.2
886.7
890.2
891.7
893.5
897.2
898.4
934.1
934.1
934.1
934.1
934.1
934.1
934.1
934.1
934.1
934.1
934.1
934.1
934.1
934.1
934.1
934.1
934.1
934.1
934.1
934.1
934.1
934.1
934.1
934.1
934.1
934.1
934.1
934.1
934.1
934.1
934.1
934.2
934.2
934.2
934.2
934.2
934.2
934.2
934.2
934.2
934.2
934.2
934.2
934.2
934.2
934.2
934.2
934.2
934.2
934.2
934.2
934.2
934.2
934.2
934.3
934.3
934.3
934.3
934.3
934.3
934.3
934.3
934.3
934.3
934.3
934.3
934.3
934.3
934.3
934.3
934.3
934.3
934.3
934.3
934.3
934.4
934.4
934.4
934.4
934.6
934.6
934.6
934.7
934.7
934.8
934.8
934.8
934.8
934.8
934.9
934.9
935.1
935.1
935.1
935.3
935.3
935.4
935.4
935.5
935.5
941.0
941.0
941.1
941.1
941.1
941.1
941.1
941.2
941.2
941.2
941.3
941.3
941.3
941.3
941.3
941.3
941.3
941.3
941.3
941.3
941.3
941.4
941.4
941.4
941.4
941.4
941.4
941.4
941.4
941.4
941.4
941.5
941.5
941.5
941.6
941.6
941.6
941.6
941.7
941.7
941.7
941.7
941.7
941.8
941.8
941.8
941.8
941.8
941.9
941.9
941.9
941.9
941.9
941.9
942.0
942.0
942.1
942.1
942.1
942.1
942.1
942.1
942.2
942.2
942.2
942.2
942.3
942.3
942.3
942.3
942.3
942.4
942.5
942.5
942.5
942.6
942.7
942.8
943.1
943.6
943.6
944.1
944.1
944.1
944.5
944.5
944.5
945.0
945.1
945.2
945.3
945.3
945.3
945.4
945.5
945.5
945.5
945.6
945.6
945.7
945.7
945.7
945.7
945.7
945.7
945.7
945.7
945.8
945.8
945.8
945.8
945.8
945.8
945.9
945.9
946.0
946.0
946.0
946.0
946.1
946.1
946.1
946.1
946.1
946.1
946.2
946.2
946.2
946.2
946.2
946.2
946.3
946.3
946.3
946.3
946.4
946.4
946.4
946.4
946.4
946.4
946.5
946.6
946.7
946.7
946.8
946.9
946.9
946.9
946.9
947.0
947.0
947.1
947.2
947.2
947.2
947.2
947.3
947.4
947.6
947.6
947.8
947.8
947.9
948.2
948.2
948.5
948.6
948.6
948.7
948.9
949.0
949.1
949.2
949.4
949.6
949.9
949.9
951.0
951.5
951.5
951.6
951.7
951.7
951.9
951.9
952.0
952.1
952.1
952.2
952.3
952.4
952.4
952.4
952.5
952.5
952.5
952.5
952.6
952.7
952.7
952.8
952.9
952.9
953.0
953.1
953.1
953.2
953.3
953.4
953.4
953.5
953.5
953.6
953.6
953.7
953.8
953.8
953.8
953.9
954.0
954.0
954.0
954.3
954.4
954.4
954.4
954.4
954.5
954.5
954.5
954.6
954.7
954.7
954.7
954.9
955.0
955.1
955.2
955.3
955.6
955.8
955.9
955.9
956.2
956.3
956.6
956.6
956.6
956.8
957.4
957.6
958.2
958.4
959.3
960.0
960.4
961.2
961.6
961.9
962.2
962.3
963.3
966.4
967.3
968.6
968.7
969.6
970.6
970.8
973.9
979.8
983.8
984.8
999.2
1047.1
1047.1
1047.1
1047.1
1047.1
1047.1
1047.1
1047.1
1047.1
1047.1
1047.1
1047.2
1047.2
1047.2
1047.2
1047.2
1047.2
1047.2
1047.2
1047.2
1047.2
1047.2
1047.2
1047.2
1047.2
1047.2
1047.2
1047.2
1047.2
1047.2
1047.2
1047.2
1047.2
1047.2
1047.2
1047.2
1047.2
1047.2
1047.2
1047.2
1047.2
1047.2
1047.2
1047.2
1047.2
1047.2
1047.2
1047.2
1047.2
1047.3
1047.3
1047.3
1047.3
1047.3
1047.3
1047.3
1047.3
1047.3
1047.3
1047.3
1047.3
1047.3
1047.3
1047.3
1047.3
1047.3
1047.3
1047.3
1047.3
1047.3
1047.3
1047.3
1047.3
1047.4
1047.4
1047.4
1047.4
1047.4
1047.4
1047.6
1047.6
1047.6
1047.7
1047.7
1047.7
1047.7
1047.8
1047.8
1047.8
1047.8
1047.9
1048.0
1048.0
1048.1
1048.2
1048.2
1048.3
1048.3
1048.4
1048.6
1054.2
1054.2
1054.3
1054.3
1054.3
1054.3
1054.3
1054.4
1054.4
1054.4
1054.5
1054.5
1054.5
1054.5
1054.5
1054.5
1054.5
1054.5
1054.5
1054.6
1054.6
1054.6
1054.6
1054.6
1054.6
1054.6
1054.6
1054.6
1054.6
1054.6
1054.7
1054.7
1054.7
1054.7
1054.7
1054.8
1054.8
1054.8
1054.9
1054.9
1054.9
1054.9
1054.9
1055.0
1055.0
1055.0
1055.0
1055.0
1055.1
1055.1
1055.1
1055.1
1055.1
1055.1
1055.2
1055.3
1055.3
1055.3
1055.3
1055.3
1055.3
1055.4
1055.4
1055.4
1055.5
1055.5
1055.5
1055.5
1055.5
1055.5
1055.6
1055.6
1055.7
1055.8
1055.8
1055.9
1055.9
1056.3
1056.4
1057.8
1057.8
1058.0
1058.5
1058.7
1059.0
1059.1
1059.8
1060.0
1060.1
1060.3
1060.8
1063.5
1063.9
1064.2
1067.9
1069.3
1070.9
1074.9
1076.2
1208.7
1208.7
1208.7
1208.7
1208.7
1208.7
1208.8
1208.8
1208.8
1208.8
1208.8
1208.8
1208.8
1208.8
1208.8
1208.8
1208.8
1208.8
1208.8
1208.8
1208.8
1208.8
1208.8
1208.8
1208.8
1208.8
1208.8
1208.8
1208.8
1208.8
1208.8
1208.8
1208.8
1208.8
1208.8
1208.8
1208.8
1208.8
1208.8
1208.8
1208.8
1208.8
1208.8
1208.9
1208.9
1208.9
1208.9
1208.9
1208.9
1208.9
1208.9
1208.9
1208.9
1208.9
1208.9
1208.9
1208.9
1208.9
1208.9
1208.9
1208.9
1208.9
1208.9
1208.9
1208.9
1208.9
1208.9
1208.9
1208.9
1208.9
1208.9
1208.9
1209.0
1209.0
1209.0
1209.0
1209.0
1209.0
1209.0
1209.2
1209.2
1209.2
1209.3
1209.3
1209.3
1209.3
1209.4
1209.4
1209.4
1209.4
1209.5
1209.6
1209.7
1209.7
1209.8
1209.9
1209.9
1210.0
1210.0
1210.2
1215.8
1215.9
1215.9
1215.9
1216.0
1216.0
1216.0
1216.0
1216.0
1216.1
1216.1
1216.1
1216.1
1216.1
1216.1
1216.1
1216.2
1216.2
1216.2
1216.2
1216.2
1216.2
1216.2
1216.2
1216.2
1216.2
1216.3
1216.3
1216.3
1216.3
1216.3
1216.3
1216.3
1216.4
1216.4
1216.4
1216.4
1216.5
1216.5
1216.5
1216.5
1216.5
1216.5
1216.6
1216.6
1216.6
1216.6
1216.6
1216.7
1216.7
1216.7
1216.7
1216.7
1216.8
1216.9
1216.9
1216.9
1216.9
1216.9
1216.9
1216.9
1217.0
1217.0
1217.1
1217.1
1217.1
1217.1
1217.1
1217.1
1217.2
1217.2
1217.2
1217.3
1217.4
1217.5
1217.5
1217.5
1217.9
1218.0
1219.4
1219.4
1219.7
1220.1
1220.3
1220.6
1220.8
1221.4
1221.6
1221.7
1221.9
1222.4
1225.1
1225.5
1225.9
1228.8
1229.3
1230.1
1230.4
1230.6
1231.0
1231.1
1231.5
1231.5
1231.6
1231.6
1231.6
1231.7
1231.7
1231.8
1231.8
1231.8
1231.8
1231.9
1231.9
1231.9
1232.0
1232.0
1232.1
1232.1
1232.2
1232.3
1232.4
1232.5
1232.5
1232.5
1232.7
1232.7
1232.7
1232.8
1232.9
1233.3
1233.4
1233.6
1233.6
1233.6
1233.8
1234.3
1234.5
1234.5
1235.3
1235.4
1235.8
1236.2
1236.6
1236.7
1236.8
1236.9
1236.9
1237.1
1237.2
1237.3
1238.7
1239.6
1239.9
1240.3
1240.6
1240.8
1240.9
1240.9
1241.0
1241.1
1241.3
1242.0
1242.1
1242.2
1242.4
1242.6
1242.8
1242.8
1242.9
1242.9
1243.1
1243.2
1243.3
1243.4
1244.4
1244.5
1244.6
1244.8
1244.9
1245.2
1245.2
1246.0
1246.3
1246.4
1247.3
1247.5
1247.8
1247.8
1250.3
1250.7
1251.0
1251.5
1258.4
1261.2
1263.7
1265.4
1273.8
1275.7
1376.0
1376.0
1376.1
1376.1
1376.1
1376.1
1376.1
1376.1
1376.1
1376.1
1376.1
1376.1
1376.1
1376.1
1376.1
1376.1
1376.1
1376.1
1376.1
1376.1
1376.1
1376.1
1376.1
1376.1
1376.1
1376.1
1376.1
1376.1
1376.1
1376.1
1376.1
1376.1
1376.1
1376.1
1376.1
1376.1
1376.1
1376.1
1376.1
1376.1
1376.1
1376.1
1376.1
1376.2
1376.2
1376.2
1376.2
1376.2
1376.2
1376.2
1376.2
1376.2
1376.2
1376.2
1376.2
1376.2
1376.2
1376.2
1376.2
1376.2
1376.2
1376.2
1376.2
1376.2
1376.2
1376.2
1376.2
1376.2
1376.2
1376.2
1376.3
1376.3
1376.3
1376.3
1376.3
1376.3
1376.3
1376.3
1376.4
1376.5
1376.5
1376.5
1376.6
1376.6
1376.6
1376.7
1376.7
1376.7
1376.7
1376.8
1376.8
1377.0
1377.0
1377.0
1377.1
1377.2
1377.2
1377.3
1377.3
1377.5
1383.1
1383.2
1383.2
1383.3
1383.3
1383.3
1383.3
1383.3
1383.3
1383.4
1383.4
1383.4
1383.4
1383.4
1383.4
1383.5
1383.5
1383.5
1383.5
1383.5
1383.5
1383.5
1383.5
1383.5
1383.5
1383.5
1383.6
1383.6
1383.6
1383.6
1383.6
1383.6
1383.6
1383.7
1383.7
1383.7
1383.8
1383.8
1383.8
1383.8
1383.8
1383.8
1383.8
1383.9
1383.9
1383.9
1383.9
1384.0
1384.0
1384.0
1384.0
1384.0
1384.0
1384.1
1384.2
1384.2
1384.2
1384.2
1384.2
1384.2
1384.2
1384.3
1384.3
1384.4
1384.4
1384.4
1384.4
1384.4
1384.4
1384.5
1384.5
1384.5
1384.6
1384.7
1384.8
1384.8
1384.8
1385.2
1385.3
1386.7
1386.7
1387.0
1387.4
1387.6
1387.9
1388.1
1388.7
1388.9
1389.1
1389.2
1389.7
1392.4
1392.8
1393.2
1396.5
1397.6
1397.8
1397.9
1397.9
1398.0
1398.1
1398.1
1398.1
1398.2
1398.3
1398.3
1398.3
1398.3
1398.3
1398.4
1398.5
1398.5
1398.6
1398.6
1398.6
1398.6
1398.6
1398.6
1398.7
1398.8
1398.9
1399.0
1399.1
1399.1
1399.2
1399.2
1399.3
1399.3
1399.5
1399.7
1399.7
1399.8
1399.8
1399.8
1399.8
1399.9
1400.0
1400.1
1400.2
1400.3
1400.4
1400.5
1400.6
1400.6
1400.7
1400.8
1400.8
1401.0
1401.1
1401.2
1401.4
1402.2
1402.2
1402.3
1402.4
1402.5
1402.6
1402.8
1403.0
1403.1
1403.5
1403.6
1403.6
1405.8
1406.2
1406.3
1406.7
1406.7
1406.8
1407.0
1407.3
1407.9
1408.0
1408.7
1408.7
1409.7
1409.9
1410.0
1410.1
1411.1
1411.1
1411.2
1411.4
1411.5
1411.5
1411.8
1411.9
1412.0
1412.0
1412.2
1413.5
1413.8
1414.0
1415.1
1415.2
1415.9
1416.0
1416.1
1416.8
1416.8
1417.1
1418.0
1418.7
1418.7
1419.2
1419.6
1419.8
1420.3
1420.8
1425.8
1428.3
1432.0
1544.4
1544.4
1544.5
1544.5
1544.5
1544.5
1544.5
1544.5
1544.5
1544.5
1544.5
1544.5
1544.5
1544.5
1544.5
1544.5
1544.5
1544.5
1544.5
1544.5
1544.5
1544.5
1544.5
1544.5
1544.5
1544.5
1544.5
1544.5
1544.5
1544.5
1544.5
1544.5
1544.5
1544.5
1544.5
1544.5
1544.5
1544.5
1544.5
1544.5
1544.5
1544.5
1544.5
1544.6
1544.6
1544.6
1544.6
1544.6
1544.6
1544.6
1544.6
1544.6
1544.6
1544.6
1544.6
1544.6
1544.6
1544.6
1544.6
1544.6
1544.6
1544.6
1544.6
1544.6
1544.6
1544.6
1544.6
1544.6
1544.6
1544.6
1544.7
1544.7
1544.7
1544.7
1544.7
1544.7
1544.7
1544.7
1544.8
1544.9
1544.9
1544.9
1545.0
1545.0
1545.0
1545.1
1545.1
1545.1
1545.1
1545.2
1545.2
1545.4
1545.4
1545.4
1545.5
1545.6
1545.6
1545.7
1545.7
1545.9
1551.5
1551.6
1551.6
1551.7
1551.7
1551.7
1551.7
1551.7
1551.7
1551.8
1551.8
1551.8
1551.8
1551.8
1551.8
1551.9
1551.9
1551.9
1551.9
1551.9
1551.9
1551.9
1551.9
1551.9
1551.9
1551.9
1552.0
1552.0
1552.0
1552.0
1552.0
1552.0
1552.0
1552.1
1552.1
1552.1
1552.2
1552.2
1552.2
1552.2
1552.2
1552.2
1552.2
1552.3
1552.3
1552.3
1552.3
1552.4
1552.4
1552.4
1552.4
1552.4
1552.4
1552.5
1552.6
1552.6
1552.6
1552.6
1552.6
1552.6
1552.6
1552.7
1552.7
1552.8
1552.8
1552.8
1552.8
1552.8
1552.8
1552.9
1552.9
1552.9
1553.0
1553.1
1553.2
1553.2
1553.2
1553.6
1553.7
1555.1
1555.1
1555.4
1555.8
1556.0
1556.3
1556.5
1557.1
1557.3
1557.5
1557.6
1558.1
1559.9
1560.2
1561.3
1561.4
1561.4
1561.5
1561.5
1561.5
1561.6
1561.6
1561.6
1561.7
1561.7
1561.7
1561.7
1561.7
1561.7
1561.8
1561.8
1561.8
1561.8
1561.8
1561.8
1561.9
1561.9
1561.9
1561.9
1561.9
1561.9
1562.0
1562.0
1562.0
1562.1
1562.1
1562.3
1562.3
1562.3
1562.3
1562.3
1562.5
1562.7
1562.7
1562.8
1563.1
1563.2
1563.4
1563.4
1563.4
1564.1
1564.5
1564.6
1564.6
1564.8
1565.0
1565.1
1565.3
1565.5
1566.6
1566.7
1566.9
1567.4
1567.8
1568.0
1568.3
1568.4
1569.1
1570.6
1570.7
1571.0
1571.8
1572.6
1572.7
1572.7
1573.1
1573.4
1573.8
1574.3
1574.4
1575.0
1575.0
1575.1
1575.1
1575.2
1575.4
1575.7
1575.8
1576.1
1576.4
1576.4
1577.1
1577.3
1577.6
1578.1
1578.3
1578.5
1579.0
1579.1
1581.6
1581.9
1582.1
1582.1
1585.0
1587.9
1589.4
1589.8
1599.7
1712.7
1712.7
1712.8
1712.8
1712.8
1712.8
1712.8
1712.8
1712.8
1712.8
1712.8
1712.8
1712.8
1712.8
1712.8
1712.8
1712.8
1712.8
1712.8
1712.8
1712.8
1712.8
1712.8
1712.8
1712.8
1712.8
1712.8
1712.8
1712.8
1712.8
1712.8
1712.8
1712.8
1712.8
1712.8
1712.8
1712.8
1712.8
1712.8
1712.8
1712.8
1712.8
1712.8
1712.9
1712.9
1712.9
1712.9
1712.9
1712.9
1712.9
1712.9
1712.9
1712.9
1712.9
1712.9
1712.9
1712.9
1712.9
1712.9
1712.9
1712.9
1712.9
1712.9
1712.9
1712.9
1712.9
1712.9
1712.9
1712.9
1712.9
1713.0
1713.0
1713.0
1713.0
1713.0
1713.0
1713.0
1713.0
1713.1
1713.2
1713.2
1713.2
1713.3
1713.3
1713.3
1713.4
1713.4
1713.4
1713.4
1713.5
1713.5
1713.7
1713.7
1713.7
1713.8
1713.9
1713.9
1714.0
1714.0
1714.2
1719.8
1719.9
1719.9
1720.0
1720.0
1720.0
1720.0
1720.0
1720.0
1720.1
1720.1
1720.1
1720.1
1720.1
1720.1
1720.2
1720.2
1720.2
1720.2
1720.2
1720.2
1720.2
1720.2
1720.2
1720.2
1720.2
1720.3
1720.3
1720.3
1720.3
1720.3
1720.3
1720.3
1720.4
1720.4
1720.4
1720.5
1720.5
1720.5
1720.5
1720.5
1720.5
1720.5
1720.6
1720.6
1720.6
1720.6
1720.7
1720.7
1720.7
1720.7
1720.7
1720.7
1720.8
1720.9
1720.9
1720.9
1720.9
1720.9
1720.9
1720.9
1721.0
1721.0
1721.1
1721.1
1721.1
1721.1
1721.1
1721.1
1721.2
1721.2
1721.2
1721.3
1721.4
1721.5
1721.5
1721.5
1721.9
1722.0
1723.4
1723.4
1723.7
1724.1
1724.3
1724.6
1724.8
1725.4
1725.6
1725.8
1725.9
1726.4
1729.1
1729.5
1729.9
1732.8
1733.4
1733.5
1733.6
1733.6
1733.7
1733.7
1733.8
1733.8
1733.8
1733.9
1733.9
1734.0
1734.0
1734.0
1734.1
1734.2
1734.2
1734.2
1734.2
1734.2
1734.2
1734.3
1734.4
1734.4
1734.5
1734.6
1734.6
1734.8
1734.9
1734.9
1734.9
1735.1
1735.2
1735.3
1735.3
1735.4
1735.4
1735.5
1735.6
1735.6
1735.6
1735.7
1735.8
1735.9
1735.9
1736.0
1736.1
1736.2
1736.3
1736.4
1736.6
1736.7
1736.9
1737.0
1737.0
1737.1
1737.7
1737.8
1737.8
1738.0
1738.2
1738.6
1738.8
1738.8
1739.0
1739.4
1739.5
1739.6
1741.2
1742.0
1742.6
1742.6
1742.7
1742.7
1743.2
1743.3
1744.3
1744.4
1744.9
1744.9
1745.7
1746.2
1746.4
1746.7
1747.6
1747.8
1747.8
1748.8
1748.8
1749.3
1749.4
1749.6
1749.6
1749.8
1750.5
1752.2
1752.4
1752.7
1753.9
1755.9
1756.6
1756.6
1757.3
1758.4
1758.5
1758.5
1758.6
1760.2
1761.0
1764.7
1765.6
1765.6
1766.7
1780.4
1880.7
1880.7
1880.8
1880.8
1880.8
1880.8
1880.8
1880.8
1880.8
1880.8
1880.8
1880.8
1880.8
1880.8
1880.8
1880.8
1880.8
1880.8
1880.8
1880.8
1880.8
1880.8
1880.8
1880.8
1880.8
1880.8
1880.8
1880.8
1880.8
1880.8
1880.8
1880.8
1880.8
1880.8
1880.8
1880.8
1880.8
1880.8
1880.8
1880.8
1880.8
1880.8
1880.8
1880.9
1880.9
1880.9
1880.9
1880.9
1880.9
1880.9
1880.9
1880.9
1880.9
1880.9
1880.9
1880.9
1880.9
1880.9
1880.9
1880.9
1880.9
1880.9
1880.9
1880.9
1880.9
1880.9
1880.9
1880.9
1880.9
1880.9
1881.0
1881.0
1881.0
1881.0
1881.0
1881.0
1881.0
1881.0
1881.1
1881.2
1881.2
1881.2
1881.3
1881.3
1881.3
1881.4
1881.4
1881.4
1881.4
1881.5
1881.5
1881.7
1881.7
1881.7
1881.8
1881.9
1881.9
1882.0
1882.0
1882.2
1887.8
1887.9
1887.9
1888.0
1888.0
1888.0
1888.0
1888.0
1888.0
1888.1
1888.1
1888.1
1888.1
1888.1
1888.1
1888.2
1888.2
1888.2
1888.2
1888.2
1888.2
1888.2
1888.2
1888.2
1888.2
1888.2
1888.3
1888.3
1888.3
1888.3
1888.3
1888.3
1888.3
1888.4
1888.4
1888.4
1888.5
1888.5
1888.5
1888.5
1888.5
1888.5
1888.5
1888.6
1888.6
1888.6
1888.6
1888.7
1888.7
1888.7
1888.7
1888.7
1888.7
1888.8
1888.9
1888.9
1888.9
1888.9
1888.9
1888.9
1888.9
1889.0
1889.0
1889.1
1889.1
1889.1
1889.1
1889.1
1889.1
1889.2
1889.2
1889.2
1889.3
1889.4
1889.5
1889.5
1889.5
1889.9
1890.0
1891.4
1891.4
1891.7
1892.1
1892.3
1892.6
1892.8
1893.4
1893.6
1893.8
1893.9
1894.4
1896.1
1896.4
1897.3
1897.4
1897.4
1897.4
1897.5
1897.5
1897.6
1897.6
1897.6
1897.7
1897.7
1897.7
1897.7
1897.7
1897.7
1897.7
1897.7
1897.7
1897.8
1897.8
1897.8
1897.8
1897.8
1897.8
1897.9
1897.9
1897.9
1897.9
1898.0
1898.0
1898.0
1898.0
1898.1
1898.2
1898.2
1898.2
1898.2
1898.4
1898.6
1898.6
1898.7
1899.0
1899.0
1899.2
1899.3
1899.4
1899.9
1900.2
1900.3
1900.6
1900.7
1900.9
1901.0
1901.2
1901.5
1902.3
1902.4
1902.6
1903.3
1904.0
1904.1
1904.5
1904.8
1904.9
1907.0
1907.0
1907.1
1908.1
1908.4
1908.8
1909.0
1909.2
1909.4
1909.8
1910.2
1910.8
1911.1
1911.1
1911.2
1911.3
1911.7
1911.8
1911.9
1912.0
1912.2
1912.8
1913.0
1913.1
1913.6
1913.7
1913.9
1914.8
1914.8
1915.0
1915.9
1917.2
1918.8
1918.8
1919.3
1922.8
1927.9
1928.0
1934.4
2049.0
2049.0
2049.1
2049.1
2049.1
2049.1
2049.1
2049.1
2049.1
2049.1
2049.1
2049.1
2049.1
2049.1
2049.1
2049.1
2049.1
2049.1
2049.1
2049.1
2049.1
2049.1
2049.1
2049.1
2049.1
2049.1
2049.1
2049.1
2049.1
2049.1
2049.1
2049.1
2049.1
2049.1
2049.1
2049.1
2049.1
2049.1
2049.1
2049.1
2049.1
2049.1
2049.1
2049.2
2049.2
2049.2
2049.2
2049.2
2049.2
2049.2
2049.2
2049.2
2049.2
2049.2
2049.2
2049.2
2049.2
2049.2
2049.2
2049.2
2049.2
2049.2
2049.2
2049.2
2049.2
2049.2
2049.2
2049.2
2049.2
2049.2
2049.3
2049.3
2049.3
2049.3
2049.3
2049.3
2049.3
2049.3
2049.4
2049.5
2049.5
2049.5
2049.6
2049.6
2049.6
2049.7
2049.7
2049.7
2049.7
2049.8
2049.8
2050.0
2050.0
2050.0
2050.1
2050.2
2050.2
2050.3
2050.3
2050.5
2056.1
2056.2
2056.2
2056.3
2056.3
2056.3
2056.3
2056.3
2056.3
2056.4
2056.4
2056.4
2056.4
2056.4
2056.4
2056.5
2056.5
2056.5
2056.5
2056.5
2056.5
2056.5
2056.5
2056.5
2056.5
2056.5
2056.6
2056.6
2056.6
2056.6
2056.6
2056.6
2056.6
2056.7
2056.7
2056.7
2056.8
2056.8
2056.8
2056.8
2056.8
2056.8
2056.8
2056.9
2056.9
2056.9
2056.9
2057.0
2057.0
2057.0
2057.0
2057.0
2057.0
2057.1
2057.2
2057.2
2057.2
2057.2
2057.2
2057.2
2057.2
2057.3
2057.3
2057.4
2057.4
2057.4
2057.4
2057.4
2057.4
2057.5
2057.5
2057.5
2057.6
2057.7
2057.8
2057.8
2057.8
2058.2
2058.3
2059.7
2059.7
2060.0
2060.4
2060.6
2060.9
2061.1
2061.7
2061.9
2062.1
2062.2
2062.7
2065.4
2065.8
2066.2
2069.0
2069.7
2069.7
2069.8
2069.9
2069.9
2070.0
2070.0
2070.1
2070.1
2070.1
2070.2
2070.2
2070.2
2070.3
2070.4
2070.4
2070.4
2070.5
2070.5
2070.5
2070.5
2070.5
2070.6
2070.6
2070.7
2070.8
2070.9
2071.1
2071.1
2071.1
2071.2
2071.3
2071.5
2071.5
2071.6
2071.7
2071.7
2071.8
2071.8
2071.9
2071.9
2071.9
2072.0
2072.2
2072.2
2072.3
2072.4
2072.5
2072.6
2072.6
2072.8
2073.0
2073.1
2073.2
2073.3
2073.3
2073.9
2074.0
2074.0
2074.2
2074.5
2074.9
2075.0
2075.1
2075.3
2075.7
2075.8
2075.9
2077.4
2078.2
2078.9
2078.9
2079.1
2079.3
2079.6
2079.8
2080.6
2080.9
2081.3
2081.7
2082.0
2082.7
2083.0
2083.4
2084.2
2084.2
2084.3
2085.3
2085.8
2086.3
2086.5
2086.5
2087.0
2087.4
2087.4
2089.2
2090.3
2092.7
2093.1
2096.8
2098.5
2099.1
2099.4
2102.6
2102.6
2107.5
2113.4
2217.2
2217.2
2217.3
2217.3
2217.3
2217.3
2217.3
2217.3
2217.3
2217.3
2217.3
2217.3
2217.3
2217.3
2217.3
2217.3
2217.3
2217.3
2217.3
2217.3
2217.3
2217.3
2217.3
2217.3
2217.3
2217.3
2217.3
2217.3
2217.3
2217.3
2217.3
2217.3
2217.3
2217.3
2217.3
2217.3
2217.3
2217.3
2217.3
2217.3
2217.3
2217.3
2217.3
2217.4
2217.4
2217.4
2217.4
2217.4
2217.4
2217.4
2217.4
2217.4
2217.4
2217.4
2217.4
2217.4
2217.4
2217.4
2217.4
2217.4
2217.4
2217.4
2217.4
2217.4
2217.4
2217.4
2217.4
2217.4
2217.4
2217.4
2217.5
2217.5
2217.5
2217.5
2217.5
2217.5
2217.5
2217.5
2217.6
2217.7
2217.7
2217.7
2217.8
2217.8
2217.8
2217.9
2217.9
2217.9
2217.9
2218.0
2218.0
2218.2
2218.2
2218.2
2218.3
2218.4
2218.4
2218.5
2218.5
2218.7
2224.3
2224.4
2224.4
2224.5
2224.5
2224.5
2224.5
2224.5
2224.5
2224.6
2224.6
2224.6
2224.6
2224.6
2224.6
2224.7
2224.7
2224.7
2224.7
2224.7
2224.7
2224.7
2224.7
2224.7
2224.7
2224.7
2224.8
2224.8
2224.8
2224.8
2224.8
2224.8
2224.8
2224.9
2224.9
2224.9
2225.0
2225.0
2225.0
2225.0
2225.0
2225.0
2225.0
2225.1
2225.1
2225.1
2225.1
2225.2
2225.2
2225.2
2225.2
2225.2
2225.2
2225.3
2225.4
2225.4
2225.4
2225.4
2225.4
2225.4
2225.4
2225.5
2225.5
2225.6
2225.6
2225.6
2225.6
2225.6
2225.6
2225.7
2225.7
2225.7
2225.8
2225.9
2226.0
2226.0
2226.0
2226.4
2226.5
2227.9
2227.9
2228.2
2228.6
2228.8
2229.1
2229.3
2229.9
2230.1
2230.3
2230.4
2230.9
2232.6
2232.9
2233.8
2233.9
2233.9
2233.9
2234.0
2234.0
2234.1
2234.1
2234.1
2234.2
2234.2
2234.2
2234.2
2234.2
2234.2
2234.2
2234.2
2234.2
2234.3
2234.3
2234.3
2234.3
2234.3
2234.4
2234.4
2234.4
2234.4
2234.4
2234.5
2234.5
2234.5
2234.5
2234.6
2234.7
2234.7
2234.7
2234.7
2234.9
2235.1
2235.1
2235.2
2235.5
2235.5
2235.7
2235.8
2235.9
2236.4
2236.7
2236.8
2237.1
2237.2
2237.4
2237.5
2237.7
2238.0
2238.8
2238.9
2239.1
2239.8
2240.5
2240.6
2241.0
2241.3
2241.4
2243.5
2243.6
2243.6
2244.7
2244.9
2245.4
2245.5
2245.7
2245.9
2246.3
2246.7
2247.3
2247.7
2247.8
2247.9
2248.0
2248.2
2248.2
2248.4
2248.5
2248.8
2249.3
2249.5
2249.6
2250.2
2250.4
2250.8
2251.3
2251.3
2252.0
2252.4
2253.3
2254.7
2255.3
2255.8
2259.3
2264.5
2264.7
2300.7
2385.3
2385.3
2385.4
2385.4
2385.4
2385.4
2385.4
2385.4
2385.4
2385.4
2385.4
2385.4
2385.4
2385.4
2385.4
2385.4
2385.4
2385.4
2385.4
2385.4
2385.4
2385.4
2385.4
2385.4
2385.4
2385.4
2385.4
2385.4
2385.4
2385.4
2385.4
2385.4
2385.4
2385.4
2385.4
2385.4
2385.4
2385.4
2385.4
2385.4
2385.4
2385.4
2385.4
2385.5
2385.5
2385.5
2385.5
2385.5
2385.5
2385.5
2385.5
2385.5
2385.5
2385.5
2385.5
2385.5
2385.5
2385.5
2385.5
2385.5
2385.5
2385.5
2385.5
2385.5
2385.5
2385.5
2385.5
2385.5
2385.5
2385.5
2385.6
2385.6
2385.6
2385.6
2385.6
2385.6
2385.6
2385.6
2385.7
2385.8
2385.8
2385.8
2385.9
2385.9
2385.9
2386.0
2386.0
2386.0
2386.0
2386.1
2386.1
2386.3
2386.3
2386.3
2386.4
2386.5
2386.5
2386.6
2386.6
2386.8
2392.4
2392.5
2392.5
2392.6
2392.6
2392.6
2392.6
2392.6
2392.6
2392.7
2392.7
2392.7
2392.7
2392.7
2392.7
2392.8
2392.8
2392.8
2392.8
2392.8
2392.8
2392.8
2392.8
2392.8
2392.8
2392.8
2392.9
2392.9
2392.9
2392.9
2392.9
2392.9
2392.9
2393.0
2393.0
2393.0
2393.1
2393.1
2393.1
2393.1
2393.1
2393.1
2393.1
2393.2
2393.2
2393.2
2393.2
2393.3
2393.3
2393.3
2393.3
2393.3
2393.3
2393.4
2393.5
2393.5
2393.5
2393.5
2393.5
2393.5
2393.5
2393.6
2393.6
2393.7
2393.7
2393.7
2393.7
2393.7
2393.7
2393.8
2393.8
2393.8
2393.9
2394.0
2394.1
2394.1
2394.1
2394.5
2394.6
2396.0
2396.0
2396.3
2396.7
2396.9
2397.2
2397.4
2398.0
2398.2
2398.4
2398.5
2399.0
2401.7
2402.1
2402.5
2405.3
2406.0
2406.0
2406.1
2406.2
2406.2
2406.3
2406.3
2406.4
2406.4
2406.4
2406.5
2406.5
2406.5
2406.6
2406.7
2406.7
2406.7
2406.8
2406.8
2406.8
2406.8
2406.8
2406.9
2406.9
2407.0
2407.1
2407.2
2407.4
2407.4
2407.4
2407.5
2407.6
2407.8
2407.8
2407.9
2408.0
2408.0
2408.1
2408.1
2408.2
2408.2
2408.2
2408.3
2408.5
2408.5
2408.6
2408.7
2408.8
2408.9
2408.9
2409.1
2409.3
2409.4
2409.5
2409.6
2409.7
2410.2
2410.3
2410.3
2410.5
2410.8
2411.2
2411.3
2411.4
2411.7
2412.0
2412.1
2412.3
2413.7
2414.5
2414.8
2415.3
2415.4
2415.8
2416.0
2416.2
2416.9
2417.3
2417.6
2418.3
2418.3
2419.1
2419.5
2419.5
2420.0
2420.6
2420.6
2421.7
2422.3
2422.7
2423.2
2423.3
2423.5
2424.6
2424.7
2426.4
2427.4
2429.5
2430.2
2430.6
2434.2
2435.0
2437.0
2438.7
2441.3
2441.5
2441.9
2553.6
2553.6
2553.7
2553.7
2553.7
2553.7
2553.7
2553.7
2553.7
2553.7
2553.7
2553.7
2553.7
2553.7
2553.7
2553.7
2553.7
2553.7
2553.7
2553.7
2553.7
2553.7
2553.7
2553.7
2553.7
2553.7
2553.7
2553.7
2553.7
2553.7
2553.7
2553.7
2553.7
2553.7
2553.7
2553.7
2553.7
2553.7
2553.7
2553.7
2553.7
2553.7
2553.7
2553.8
2553.8
2553.8
2553.8
2553.8
2553.8
2553.8
2553.8
2553.8
2553.8
2553.8
2553.8
2553.8
2553.8
2553.8
2553.8
2553.8
2553.8
2553.8
2553.8
2553.8
2553.8
2553.8
2553.8
2553.8
2553.8
2553.8
2553.9
2553.9
2553.9
2553.9
2553.9
2553.9
2553.9
2553.9
2554.0
2554.1
2554.1
2554.1
2554.2
2554.2
2554.2
2554.3
2554.3
2554.3
2554.3
2554.4
2554.4
2554.6
2554.6
2554.6
2554.7
2554.8
2554.8
2554.9
2554.9
2555.1
2560.7
2560.8
2560.8
2560.9
2560.9
2560.9
2560.9
2560.9
2560.9
2561.0
2561.0
2561.0
2561.0
2561.0
2561.0
2561.1
2561.1
2561.1
2561.1
2561.1
2561.1
2561.1
2561.1
2561.1
2561.1
2561.1
2561.2
2561.2
2561.2
2561.2
2561.2
2561.2
2561.2
2561.3
2561.3
2561.3
2561.4
2561.4
2561.4
2561.4
2561.4
2561.4
2561.4
2561.5
2561.5
2561.5
2561.5
2561.6
2561.6
2561.6
2561.6
2561.6
2561.6
2561.7
2561.8
2561.8
2561.8
2561.8
2561.8
2561.8
2561.8
2561.9
2561.9
2562.0
2562.0
2562.0
2562.0
2562.0
2562.0
2562.1
2562.1
2562.1
2562.2
2562.3
2562.4
2562.4
2562.4
2562.8
2562.9
2564.3
2564.3
2564.6
2565.0
2565.2
2565.5
2565.7
2566.3
2566.5
2566.7
2566.8
2567.3
2569.0
2569.3
2570.2
2570.3
2570.3
2570.3
2570.4
2570.4
2570.5
2570.5
2570.6
2570.6
2570.6
2570.6
2570.6
2570.6
2570.6
2570.6
2570.7
2570.7
2570.7
2570.7
2570.7
2570.7
2570.7
2570.8
2570.8
2570.8
2570.8
2570.9
2570.9
2570.9
2570.9
2570.9
2571.0
2571.1
2571.1
2571.1
2571.1
2571.3
2571.5
2571.5
2571.7
2571.9
2572.0
2572.1
2572.2
2572.3
2572.9
2573.1
2573.3
2573.6
2573.6
2573.9
2573.9
2574.1
2574.4
2575.2
2575.3
2575.5
2576.3
2576.9
2577.0
2577.4
2577.8
2577.8
2579.9
2580.0
2580.0
2581.1
2581.3
2581.8
2582.0
2582.1
2582.3
2582.7
2583.1
2583.7
2584.2
2584.2
2584.3
2584.4
2584.6
2584.7
2584.8
2584.9
2585.2
2585.7
2585.9
2586.0
2586.6
2586.8
2587.2
2587.2
2587.8
2588.8
2588.9
2590.1
2591.3
2591.8
2592.2
2595.7
2600.9
2601.1
2637.8
2721.7
2721.7
2721.8
2721.8
2721.8
2721.8
2721.8
2721.8
2721.8
2721.8
2721.8
2721.8
2721.8
2721.8
2721.8
2721.8
2721.8
2721.8
2721.8
2721.8
2721.8
2721.8
2721.8
2721.8
2721.8
2721.8
2721.8
2721.8
2721.8
2721.8
2721.8
2721.8
2721.8
2721.8
2721.8
2721.8
2721.8
2721.8
2721.8
2721.8
2721.8
2721.8
2721.8
2721.9
2721.9
2721.9
2721.9
2721.9
2721.9
2721.9
2721.9
2721.9
2721.9
2721.9
2721.9
2721.9
2721.9
2721.9
2721.9
2721.9
2721.9
2721.9
2721.9
2721.9
2721.9
2721.9
2721.9
2721.9
2721.9
2721.9
2722.0
2722.0
2722.0
2722.0
2722.0
2722.0
2722.0
2722.0
2722.1
2722.2
2722.2
2722.2
2722.3
2722.3
2722.3
2722.4
2722.4
2722.4
2722.4
2722.5
2722.5
2722.7
2722.7
2722.7
2722.8
2722.9
2722.9
2723.0
2723.0
2723.2
2728.8
2728.9
2728.9
2729.0
2729.0
2729.0
2729.0
2729.0
2729.0
2729.1
2729.1
2729.1
2729.1
2729.1
2729.1
2729.2
2729.2
2729.2
2729.2
2729.2
2729.2
2729.2
2729.2
2729.2
2729.2
2729.2
2729.3
2729.3
2729.3
2729.3
2729.3
2729.3
2729.3
2729.4
2729.4
2729.4
2729.5
2729.5
2729.5
2729.5
2729.5
2729.5
2729.5
2729.6
2729.6
2729.6
2729.6
2729.7
2729.7
2729.7
2729.7
2729.7
2729.7
2729.8
2729.9
2729.9
2729.9
2729.9
2729.9
2729.9
2729.9
2730.0
2730.0
2730.1
2730.1
2730.1
2730.1
2730.1
2730.1
2730.2
2730.2
2730.2
2730.3
2730.4
2730.5
2730.5
2730.5
2730.9
2731.0
2732.4
2732.4
2732.7
2733.1
2733.3
2733.6
2733.8
2734.4
2734.6
2734.8
2734.9
2735.4
2738.1
2738.5
2738.9
2741.7
2742.4
2742.4
2742.5
2742.6
2742.6
2742.7
2742.7
2742.8
2742.8
2742.8
2742.9
2742.9
2742.9
2743.0
2743.1
2743.1
2743.1
2743.2
2743.2
2743.2
2743.2
2743.2
2743.3
2743.3
2743.4
2743.5
2743.6
2743.8
2743.8
2743.8
2743.9
2744.0
2744.2
2744.2
2744.3
2744.4
2744.4
2744.5
2744.5
2744.6
2744.6
2744.7
2744.7
2744.9
2744.9
2745.0
2745.1
2745.2
2745.3
2745.3
2745.5
2745.7
2745.8
2745.9
2746.0
2746.1
2746.6
2746.7
2746.7
2746.9
2747.2
2747.6
2747.7
2747.8
2748.1
2748.4
2748.5
2748.7
2750.1
2750.9
2751.6
2751.7
2751.9
2752.2
2752.5
2752.8
2753.3
2753.8
2754.1
2754.6
2754.8
2755.6
2756.0
2756.8
2757.0
2757.2
2757.2
2758.3
2759.0
2759.1
2759.9
2760.6
2761.3
2761.9
2762.2
2763.6
2764.2
2766.2
2767.0
2769.5
2771.1
2771.4
2776.4
2889.8
2889.8
2889.9
2889.9
2889.9
2889.9
2889.9
2889.9
2889.9
2889.9
2889.9
2889.9
2889.9
2889.9
2889.9
2889.9
2889.9
2889.9
2889.9
2889.9
2889.9
2889.9
2889.9
2889.9
2889.9
2889.9
2889.9
2889.9
2889.9
2889.9
2889.9
2889.9
2889.9
2889.9
2889.9
2889.9
2889.9
2889.9
2889.9
2889.9
2889.9
2889.9
2889.9
2890.0
2890.0
2890.0
2890.0
2890.0
2890.0
2890.0
2890.0
2890.0
2890.0
2890.0
2890.0
2890.0
2890.0
2890.0
2890.0
2890.0
2890.0
2890.0
2890.0
2890.0
2890.0
2890.0
2890.0
2890.0
2890.0
2890.0
2890.1
2890.1
2890.1
2890.1
2890.1
2890.1
2890.1
2890.1
2890.2
2890.3
2890.3
2890.3
2890.4
2890.4
2890.4
2890.5
2890.5
2890.5
2890.5
2890.6
2890.6
2890.8
2890.8
2890.8
2890.9
2891.0
2891.0
2891.1
2891.1
2891.3
2896.9
2897.0
2897.0
2897.1
2897.1
2897.1
2897.1
2897.1
2897.1
2897.2
2897.2
2897.2
2897.2
2897.2
2897.2
2897.3
2897.3
2897.3
2897.3
2897.3
2897.3
2897.3
2897.3
2897.3
2897.3
2897.3
2897.4
2897.4
2897.4
2897.4
2897.4
2897.4
2897.4
2897.5
2897.5
2897.5
2897.6
2897.6
2897.6
2897.6
2897.6
2897.6
2897.6
2897.7
2897.7
2897.7
2897.7
2897.8
2897.8
2897.8
2897.8
2897.8
2897.8
2897.9
2898.0
2898.0
2898.0
2898.0
2898.0
2898.0
2898.0
2898.1
2898.1
2898.2
2898.2
2898.2
2898.2
2898.2
2898.2
2898.3
2898.3
2898.3
2898.4
2898.5
2898.6
2898.6
2898.6
2899.0
2899.1
2900.5
2900.5
2900.8
2901.2
2901.4
2901.7
2901.9
2902.5
2902.7
2902.9
2903.0
2903.5
2905.2
2905.5
2906.4
2906.5
2906.5
2906.5
2906.6
2906.6
2906.7
2906.7
2906.8
2906.8
2906.8
2906.8
2906.8
2906.8
2906.8
2906.8
2906.8
2906.9
2906.9
2906.9
2906.9
2906.9
2906.9
2907.0
2907.0
2907.0
2907.0
2907.1
2907.1
2907.1
2907.1
2907.1
2907.2
2907.3
2907.3
2907.3
2907.3
2907.5
2907.7
2907.7
2907.9
2908.1
2908.1
2908.3
2908.4
2908.5
2909.1
2909.3
2909.5
2909.8
2909.8
2910.0
2910.1
2910.3
2910.6
2911.4
2911.5
2911.7
2912.5
2913.1
2913.2
2913.6
2914.0
2914.0
2916.1
2916.2
2916.2
2917.3
2917.5
2918.0
2918.2
2918.3
2918.5
2918.9
2919.3
2919.9
2920.4
2920.4
2920.4
2920.5
2920.8
2920.8
2921.0
2921.1
2921.4
2921.9
2922.1
2922.2
2922.8
2923.0
2923.4
2923.9
2923.9
2925.0
2925.1
2926.3
2927.9
2928.0
2928.4
2931.9
2937.1
2937.3
2972.6
