388.3
388.6
390.3
390.6
392.0
392.3
392.4
392.7
392.8
392.9
393.2
393.7
393.8
393.8
394.2
394.4
394.6
394.8
394.8
395.1
395.2
395.5
395.7
396.1
396.1
396.4
396.6
396.9
397.1
397.3
397.4
398.8
399.6
399.8
399.9
400.6
402.0
402.0
402.1
402.8
403.2
403.3
403.6
403.9
404.1
404.6
404.7
405.0
405.1
405.4
405.7
406.3
407.9
408.1
408.1
408.5
408.6
409.1
411.2
420.0
559.6
560.2
563.8
563.9
566.6
568.1
568.3
569.1
569.3
571.8
572.0
572.8
573.1
573.6
573.9
574.4
574.6
576.2
577.3
577.6
578.6
581.9
582.4
583.9
589.8
594.5
676.0
676.1
676.8
677.2
677.9
678.0
678.1
678.4
678.4
678.7
678.7
678.7
678.8
678.8
678.9
679.0
679.3
679.3
679.4
679.4
679.4
679.6
679.8
679.9
679.9
680.2
680.2
680.2
680.3
680.4
680.6
680.7
681.1
681.1
681.3
681.3
681.7
681.9
681.9
682.0
682.1
682.1
682.3
682.3
682.6
682.6
682.7
682.7
682.7
682.7
682.8
683.0
683.4
683.4
683.4
683.5
683.6
683.6
683.7
684.3
684.7
684.9
685.0
685.3
685.5
685.6
685.6
686.1
686.8
686.8
687.0
687.1
687.3
688.7
689.0
689.2
689.4
690.2
690.4
690.8
690.9
691.7
691.9
695.7
696.3
699.2
706.1
726.8
728.8
736.5
837.6
837.7
838.5
839.1
839.1
839.2
839.4
839.4
839.6
839.8
840.3
840.4
840.5
840.5
840.6
840.7
840.9
840.9
840.9
841.0
841.1
841.2
841.3
841.3
841.3
841.4
841.6
841.7
841.8
842.0
842.6
842.7
842.8
842.8
843.1
843.2
843.4
843.5
843.6
843.8
843.9
844.0
844.1
844.1
844.3
844.3
844.3
844.3
844.4
844.5
844.5
844.6
845.0
845.0
845.1
845.2
845.3
845.4
845.5
845.7
846.0
846.1
846.1
846.3
847.0
847.3
847.4
848.2
848.2
848.2
848.5
848.5
848.8
849.9
850.6
850.8
851.3
851.4
851.8
851.8
853.3
853.4
853.6
857.4
857.7
860.5
868.8
888.0
889.3
894.9
904.4
906.6
1011.8
1012.1
1012.2
1012.7
1012.9
1012.9
1013.0
1013.1
1013.3
1013.3
1013.8
1013.8
1014.0
1014.0
1014.0
1014.1
1014.3
1014.4
1014.4
1014.4
1014.6
1014.8
1014.8
1014.8
1014.9
1015.1
1015.4
1015.4
1015.4
1015.5
1015.9
1015.9
1015.9
1015.9
1016.1
1016.5
1016.7
1016.7
1016.8
1016.9
1016.9
1017.0
1017.0
1017.2
1017.2
1017.3
1017.3
1017.5
1017.6
1017.9
1017.9
1017.9
1018.1
1018.1
1018.2
1018.4
1018.5
1018.5
1018.5
1018.9
1019.1
1019.3
1019.3
1019.6
1019.7
1020.1
1020.1
1020.6
1020.6
1020.9
1021.0
1021.5
1021.9
1021.9
1022.8
1023.0
1023.1
1023.2
1023.5
1023.6
1024.3
1024.3
1025.4
1026.8
1028.2
1028.2
1032.3
1041.1
1055.2
1175.7
1176.0
1176.3
1176.8
1176.8
1176.9
1177.0
1177.1
1177.2
1177.2
1177.7
1177.7
1177.8
1177.8
1178.0
1178.0
1178.3
1178.3
1178.3
1178.3
1178.4
1178.4
1178.5
1178.5
1178.7
1178.7
1179.0
1179.0
1179.2
1179.2
1179.5
1179.5
1179.5
1179.6
1179.7
1180.0
1180.1
1180.3
1180.3
1180.3
1180.5
1180.5
1180.5
1180.7
1180.7
1180.7
1180.7
1180.9
1180.9
1181.1
1181.1
1181.1
1181.3
1181.3
1181.3
1181.6
1181.6
1181.6
1181.6
1182.1
1182.2
1182.4
1182.4
1182.7
1182.7
1183.0
1183.0
1183.3
1183.3
1183.6
1183.6
1183.9
1184.3
1184.3
1185.1
1185.1
1185.1
1185.1
1185.5
1185.6
1186.0
1186.0
1186.5
1187.6
1188.2
1188.9
1190.5
1193.8
1195.4
1197.1
1203.3
1344.0
1344.3
1344.6
1345.1
1345.1
1345.2
1345.3
1345.4
1345.5
1345.5
1346.0
1346.0
1346.1
1346.1
1346.3
1346.3
1346.5
1346.5
1346.5
1346.6
1346.7
1346.7
1346.8
1346.8
1347.0
1347.0
1347.3
1347.3
1347.5
1347.5
1347.8
1347.8
1347.8
1347.8
1348.0
1348.3
1348.3
1348.5
1348.5
1348.6
1348.8
1348.8
1348.8
1349.0
1349.0
1349.0
1349.0
1349.2
1349.2
1349.4
1349.4
1349.4
1349.6
1349.6
1349.6
1349.9
1349.9
1349.9
1349.9
1350.4
1350.4
1350.6
1350.6
1350.9
1350.9
1351.2
1351.2
1351.6
1351.6
1351.9
1351.9
1352.2
1352.6
1352.6
1353.4
1353.4
1353.4
1353.4
1353.8
1353.8
1354.3
1354.3
1354.8
1355.9
1356.5
1357.2
1358.8
1362.1
1363.6
1365.5
1371.7
1512.4
1512.7
1512.9
1513.4
1513.4
1513.6
1513.7
1513.8
1513.9
1513.9
1514.4
1514.4
1514.5
1514.5
1514.6
1514.6
1514.9
1514.9
1514.9
1514.9
1515.0
1515.1
1515.2
1515.2
1515.3
1515.3
1515.7
1515.7
1515.8
1515.8
1516.2
1516.2
1516.2
1516.2
1516.4
1516.7
1516.7
1516.9
1516.9
1516.9
1517.1
1517.1
1517.1
1517.3
1517.3
1517.3
1517.3
1517.5
1517.5
1517.8
1517.8
1517.8
1518.0
1518.0
1518.0
1518.2
1518.2
1518.2
1518.2
1518.7
1518.8
1519.0
1519.0
1519.3
1519.3
1519.6
1519.6
1519.9
1519.9
1520.3
1520.3
1520.6
1521.0
1521.0
1521.7
1521.8
1521.8
1521.8
1522.2
1522.2
1522.6
1522.6
1523.1
1524.3
1524.9
1525.6
1527.2
1530.5
1532.0
1533.9
1540.0
1662.6
1662.6
1662.8
1663.0
1663.0
1663.0
1663.1
1663.1
1663.1
1663.1
1663.2
1663.2
1663.2
1663.3
1663.3
1663.3
1663.3
1663.3
1663.3
1663.4
1663.4
1663.4
1663.4
1663.4
1663.5
1663.5
1663.5
1663.5
1663.5
1663.5
1663.6
1663.6
1663.6
1663.6
1663.7
1663.7
1663.8
1663.8
1663.8
1663.9
1663.9
1664.0
1664.0
1664.0
1664.0
1664.0
1664.0
1664.0
1664.0
1664.0
1664.0
1664.0
1664.0
1664.1
1664.1
1664.2
1664.2
1664.2
1664.3
1664.3
1664.3
1664.3
1664.4
1664.4
1664.4
1664.4
1664.4
1664.5
1664.5
1664.5
1664.5
1664.6
1664.6
1664.6
1664.6
1664.6
1664.7
1664.8
1664.8
1664.8
1664.9
1664.9
1665.0
1665.1
1665.4
1665.4
1665.5
1666.5
1666.9
1667.1
1667.1
1667.3
1667.6
1668.9
1669.5
1674.0
1674.1
1679.2
1679.5
1679.9
1681.0
1681.2
1682.9
1683.9
1684.0
1684.6
1684.9
1685.1
1685.6
1685.7
1685.7
1686.5
1687.9
1688.2
1688.3
1688.6
1688.8
1689.1
1689.2
1690.1
1690.1
1690.1
1690.8
1691.1
1691.3
1691.6
1691.9
1692.9
1693.0
1693.1
1693.8
1695.0
1695.4
1695.6
1697.5
1701.6
1702.4
1702.9
1702.9
1705.5
1706.4
1707.2
1834.2
1834.4
1834.4
1834.5
1834.5
1834.5
1834.7
1834.7
1834.7
1834.8
1834.8
1834.8
1834.9
1834.9
1834.9
1834.9
1835.0
1835.0
1835.0
1835.1
1835.1
1835.1
1835.1
1835.2
1835.2
1835.2
1835.2
1835.2
1835.3
1835.3
1835.3
1835.3
1835.3
1835.3
1835.4
1835.4
1835.4
1835.4
1835.4
1835.4
1835.5
1835.5
1835.5
1835.5
1835.5
1835.6
1835.6
1835.6
1835.6
1835.6
1835.6
1835.7
1835.7
1835.7
1835.7
1835.7
1835.8
1835.8
1835.9
1835.9
1835.9
1836.0
1836.0
1836.0
1836.1
1836.1
1836.2
1836.2
1836.2
1836.2
1836.2
1836.3
1836.3
1836.3
1836.3
1836.3
1836.3
1836.4
1836.4
1836.4
1836.4
1836.4
1836.5
1836.6
1836.9
1837.2
1837.3
1838.0
1838.1
1838.4
1838.5
1838.7
1839.3
1840.2
1841.3
1845.7
1846.0
1848.6
1848.7
1848.7
1848.8
1848.9
1848.9
1849.0
1849.0
1849.1
1849.2
1849.3
1849.3
1849.3
1849.4
1849.5
1849.5
1849.5
1849.6
1849.7
1849.7
1849.8
1849.8
1849.9
1849.9
1849.9
1849.9
1850.0
1850.0
1850.1
1850.1
1850.2
1850.3
1850.3
1850.4
1850.5
1850.5
1850.5
1850.6
1850.6
1850.6
1850.6
1850.7
1850.7
1850.7
1850.8
1850.8
1850.9
1850.9
1851.0
1851.0
1851.0
1851.1
1851.1
1851.1
1851.2
1851.2
1851.2
1851.2
1851.3
1851.5
1851.5
1851.6
1851.6
1851.7
1851.8
1851.9
1851.9
1851.9
1852.0
1852.0
1852.1
1852.1
1852.2
1852.2
1852.2
1852.2
1852.3
1852.3
1852.4
1852.4
1852.5
1852.6
1852.7
1852.8
1853.0
1853.3
1853.6
1854.5
1854.5
1854.6
1856.9
1856.9
1856.9
1857.0
1857.0
1857.1
1857.1
1857.1
1857.2
1857.2
1857.3
1857.3
1857.3
1857.3
1857.4
1857.4
1857.4
1857.5
1857.5
1857.6
1857.6
1857.7
1857.7
1857.8
1857.8
1857.8
1857.8
1857.8
1857.8
1857.9
1857.9
1857.9
1858.0
1858.0
1858.1
1858.1
1858.2
1858.2
1858.2
1858.2
1858.4
1858.4
1858.4
1858.4
1858.4
1858.5
1858.5
1858.6
1858.6
1858.7
1858.7
1858.9
1858.9
1858.9
1859.0
1859.1
1859.1
1859.3
1859.3
1859.4
1859.4
1859.5
1859.5
1859.5
1859.7
1859.8
1859.8
1859.8
1860.0
1860.1
1860.1
1860.1
1860.1
1860.2
1860.4
1860.4
1860.4
1860.5
1860.5
1860.5
1860.6
1860.6
1860.6
1860.6
1860.7
1860.7
1860.7
1860.7
1860.7
1860.8
1860.9
1861.0
1861.0
1861.1
1861.1
1861.1
1861.1
1861.1
1861.2
1861.2
1861.2
1861.2
1861.3
1861.3
1861.4
1861.4
1861.4
1861.5
1861.5
1861.6
1861.6
1861.6
1861.6
1861.7
1861.8
1861.8
1861.8
1861.8
1861.8
1862.0
1862.0
1862.1
1862.1
1862.1
1862.1
1862.1
1862.2
1862.2
1862.3
1862.4
1862.4
1862.4
1862.5
1862.6
1862.6
1862.7
1862.9
1862.9
1863.0
1863.0
1863.1
1863.1
1863.3
1863.4
1863.7
1863.7
1863.9
1863.9
1864.0
1864.0
1864.0
1864.1
1864.2
1864.3
1864.4
1864.4
1864.4
1864.4
1864.4
1864.5
1864.5
1864.5
1864.5
1864.5
1864.6
1864.7
1864.7
1864.8
1864.8
1864.8
1864.8
1864.9
1864.9
1865.0
1865.0
1865.0
1865.0
1865.0
1865.0
1865.0
1865.0
1865.0
1865.0
1865.1
1865.1
1865.2
1865.3
1865.3
1865.4
1865.4
1865.4
1865.5
1865.5
1865.6
1865.6
1865.6
1865.6
1865.7
1865.7
1865.7
1865.8
1865.8
1865.9
1866.0
1866.0
1866.1
1866.1
1866.1
1866.2
1866.2
1866.3
1866.4
1866.5
1866.5
1866.5
1866.6
1866.6
1866.6
1866.6
1866.9
1866.9
1866.9
1867.2
1867.2
1867.3
1867.4
1867.5
1867.6
1867.9
1867.9
1868.0
1868.1
1868.3
1868.3
1868.4
1868.5
1868.5
1868.5
1868.5
1868.5
1868.5
1868.6
1868.6
1868.7
1868.7
1868.8
1868.8
1868.9
1869.0
1869.0
1869.1
1869.1
1869.1
1869.2
1869.2
1869.2
1869.2
1869.2
1869.3
1869.3
1869.3
1869.4
1869.5
1869.5
1869.6
1869.7
1869.7
1869.7
1869.7
1869.7
1869.7
1869.8
1869.8
1869.8
1869.8
1869.8
1869.8
1869.8
1869.9
1869.9
1870.0
1870.1
1870.2
1870.3
1870.3
1870.4
1870.5
1870.5
1870.6
1870.7
1870.8
1870.8
1870.8
1870.8
1870.9
1870.9
1870.9
1871.0
1871.0
1871.0
1871.1
1871.3
1871.3
1871.3
1871.4
1871.4
1871.4
1871.8
1871.9
1871.9
1871.9
1872.0
1872.2
1872.3
1872.5
1872.6
1872.6
1872.7
1872.8
1873.0
1873.0
1873.1
1873.1
1873.1
1873.2
1873.4
1873.4
1873.4
1873.5
1873.5
1873.5
1873.5
1873.5
1873.6
1873.6
1873.6
1873.6
1873.7
1873.7
1873.8
1873.8
1873.8
1873.8
1874.0
1874.1
1874.1
1874.3
1874.4
1874.4
1874.4
1874.4
1874.5
1874.5
1874.5
1874.5
1874.6
1874.7
1874.7
1874.8
1874.8
1874.9
1874.9
1875.0
1875.0
1875.0
1875.0
1875.2
1875.2
1875.2
1875.2
1875.3
1875.3
1875.4
1875.5
1875.6
1875.7
1875.7
1875.7
1875.7
1875.8
1875.8
1875.9
1876.0
1876.0
1876.1
1876.2
1876.3
1876.4
1876.4
1876.7
1876.7
1876.8
1876.8
1876.9
1876.9
1876.9
1876.9
1877.0
1877.5
1877.6
1877.7
1877.8
1877.9
1878.2
1878.2
1878.3
1878.4
1878.6
1878.6
1878.7
1878.7
1878.8
1878.8
1878.8
1879.0
1879.0
1879.0
1879.1
1879.2
1879.3
1879.3
1879.3
1879.4
1879.4
1879.4
1879.5
1879.5
1879.5
1879.6
1879.7
1880.0
1880.1
1880.2
1880.4
1880.5
1880.5
1880.6
1880.6
1880.6
1880.7
1880.7
1880.7
1880.8
1880.8
1880.8
1881.2
1881.2
1881.3
1881.4
1881.4
1881.4
1881.4
1881.5
1881.6
1881.6
1881.6
1881.6
1881.9
1882.0
1882.0
1882.0
1882.1
1882.1
1882.1
1882.2
1882.6
1882.6
1882.7
1882.8
1882.8
1882.9
1883.1
1883.2
1883.3
1883.3
1883.5
1883.7
1883.9
1883.9
1884.0
1884.1
1884.3
1884.3
1884.3
1884.3
1884.3
1884.6
1884.7
1884.8
1884.9
1885.1
1885.2
1885.2
1885.5
1885.6
1885.7
1885.8
1885.9
1886.1
1886.4
1886.6
1886.7
1886.9
1886.9
1886.9
1887.0
1887.3
1887.3
1887.4
1887.5
1887.7
1887.8
1887.8
1887.9
1887.9
1888.0
1888.1
1888.1
1888.2
1888.3
1888.3
1888.4
1888.4
1888.5
1888.5
1888.8
1888.9
1889.0
1889.1
1889.1
1889.3
1889.4
1889.5
1889.6
1889.8
1890.0
1890.1
1890.5
1890.5
1891.0
1891.0
1891.0
1891.2
1891.3
1891.3
1891.5
1891.6
1891.6
1891.7
1891.9
1891.9
1892.0
1892.3
1892.4
1892.4
1892.6
1892.6
1893.2
1893.3
1893.5
1894.0
1894.5
1894.5
1894.5
1894.6
1894.6
1894.8
1894.8
1895.7
1895.7
1895.8
1896.0
1896.1
1896.4
1897.2
1898.1
1898.3
1898.5
1898.7
1898.7
1899.0
1899.0
1899.3
1899.4
1899.7
1900.6
1900.7
1900.8
1900.8
1902.0
1902.2
1902.9
1903.1
1903.4
1903.9
1904.1
1905.5
1905.7
1905.8
1906.1
1907.3
1908.0
1908.4
1908.6
1910.2
1911.9
1913.2
1913.9
1916.9
1918.4
1918.7
1919.0
1923.0
1928.6
1937.1
2023.8
2024.4
2024.4
2024.6
2024.6
2024.7
2024.7
2024.7
2024.7
2024.7
2024.7
2024.7
2024.8
2024.9
2025.0
2025.0
2025.1
2025.1
2025.1
2025.1
2025.2
2025.2
2025.2
2025.2
2025.2
2025.2
2025.3
2025.4
2025.4
2025.4
2025.4
2025.4
2025.4
2025.4
2025.4
2025.5
2025.5
2025.5
2025.5
2025.5
2025.6
2025.6
2025.6
2025.6
2025.6
2025.6
2025.7
2025.7
2025.7
2025.7
2025.7
2025.7
2025.7
2025.8
2025.8
2025.8
2025.8
2025.8
2025.9
2025.9
2026.0
2026.0
2026.1
2026.1
2026.1
2026.1
2026.2
2026.2
2026.2
2026.2
2026.3
2026.3
2026.3
2026.4
2026.4
2026.4
2026.4
2026.5
2026.5
2026.5
2026.5
2026.6
2026.6
2026.6
2026.7
2026.7
2026.8
2026.8
2026.9
2026.9
2027.2
2027.2
2027.9
2028.2
2029.7
2035.3
2037.5
2045.4
2045.9
2045.9
2046.0
2046.1
2046.2
2046.2
2046.3
2046.3
2046.3
2046.3
2046.4
2046.4
2046.4
2046.4
2046.5
2046.5
2046.5
2046.6
2046.6
2046.7
2046.7
2046.7
2046.8
2046.8
2046.8
2046.8
2046.8
2046.9
2046.9
2046.9
2047.0
2047.0
2047.0
2047.0
2047.1
2047.1
2047.2
2047.2
2047.2
2047.3
2047.3
2047.3
2047.3
2047.4
2047.5
2047.5
2047.6
2047.6
2047.6
2047.9
2047.9
2048.0
2048.0
2048.1
2048.2
2048.2
2048.4
2048.4
2048.4
2048.5
2048.5
2048.6
2048.6
2048.6
2048.7
2048.7
2048.7
2048.8
2048.8
2048.8
2048.9
2048.9
2048.9
2049.0
2049.0
2049.0
2049.0
2049.0
2049.1
2049.2
2049.3
2049.6
2049.6
2049.6
2049.6
2049.6
2049.6
2049.7
2049.7
2049.8
2049.8
2049.8
2050.2
2050.2
2050.5
2051.6
2052.5
2058.5
2062.6
2062.8
2062.8
2063.0
2063.2
2063.2
2063.2
2063.2
2063.2
2063.3
2063.3
2063.3
2063.3
2063.3
2063.4
2063.4
2063.4
2063.5
2063.5
2063.6
2063.6
2063.6
2063.7
2063.7
2063.7
2063.7
2063.8
2063.8
2063.8
2063.8
2063.8
2063.9
2063.9
2063.9
2064.0
2064.0
2064.0
2064.0
2064.0
2064.0
2064.0
2064.0
2064.0
2064.1
2064.1
2064.1
2064.2
2064.2
2064.3
2064.3
2064.4
2064.4
2064.4
2064.5
2064.5
2064.5
2064.6
2064.7
2064.7
2064.8
2064.8
2064.8
2064.9
2065.0
2065.0
2065.1
2065.6
2065.8
2065.9
2065.9
2065.9
2065.9
2066.1
2066.2
2066.2
2066.3
2066.4
2066.4
2066.4
2066.5
2066.5
2066.5
2066.6
2066.6
2066.7
2066.7
2066.8
2066.8
2066.8
2066.8
2066.9
2066.9
2066.9
2066.9
2066.9
2067.0
2067.0
2067.0
2067.0
2067.0
2067.2
2067.2
2067.2
2067.3
2067.3
2067.4
2067.4
2067.4
2067.5
2067.7
2067.7
2067.7
2067.8
2067.8
2067.9
2068.0
2068.0
2068.0
2068.1
2068.1
2068.1
2068.2
2068.3
2068.3
2068.3
2068.3
2068.4
2068.5
2068.5
2068.5
2068.6
2068.6
2068.6
2068.7
2068.7
2068.8
2068.9
2069.0
2069.0
2069.1
2069.2
2069.2
2069.2
2069.3
2069.3
2069.3
2069.4
2069.4
2069.4
2069.5
2069.5
2069.5
2069.6
2069.6
2069.6
2069.7
2069.7
2069.8
2069.8
2069.8
2069.8
2069.8
2069.9
2069.9
2069.9
2070.0
2070.0
2070.0
2070.0
2070.0
2070.1
2070.2
2070.2
2070.2
2070.2
2070.3
2070.3
2070.3
2070.4
2070.5
2070.5
2070.5
2070.5
2070.5
2070.5
2070.8
2070.8
2070.8
2070.8
2070.8
2070.9
2071.0
2071.1
2071.1
2071.1
2071.1
2071.1
2071.1
2071.2
2071.2
2071.3
2071.3
2071.5
2071.5
2071.5
2071.5
2071.5
2071.5
2071.5
2071.6
2071.6
2071.6
2071.7
2071.7
2071.7
2071.7
2071.7
2071.8
2071.9
2071.9
2071.9
2072.1
2072.2
2072.2
2072.2
2072.3
2072.4
2072.4
2072.4
2072.5
2072.6
2072.7
2072.7
2072.7
2072.8
2072.8
2072.8
2072.9
2072.9
2072.9
2072.9
2072.9
2073.0
2073.0
2073.0
2073.1
2073.1
2073.2
2073.2
2073.2
2073.2
2073.2
2073.4
2073.4
2073.4
2073.4
2073.5
2073.5
2073.6
2073.6
2073.7
2073.7
2073.7
2073.8
2073.8
2073.8
2073.9
2073.9
2073.9
2074.0
2074.0
2074.0
2074.0
2074.0
2074.1
2074.1
2074.2
2074.2
2074.2
2074.2
2074.2
2074.3
2074.4
2074.4
2074.4
2074.4
2074.5
2074.5
2074.6
2074.8
2074.8
2074.8
2074.8
2074.9
2074.9
2074.9
2074.9
2074.9
2075.0
2075.1
2075.1
2075.1
2075.1
2075.1
2075.1
2075.3
2075.3
2075.3
2075.4
2075.6
2075.7
2075.8
2075.8
2075.9
2075.9
2075.9
2076.0
2076.0
2076.2
2076.2
2076.4
2076.4
2076.4
2076.5
2076.5
2076.5
2076.6
2076.7
2076.7
2076.7
2076.7
2076.8
2076.8
2076.8
2076.8
2076.8
2076.9
2076.9
2077.0
2077.0
2077.0
2077.1
2077.1
2077.1
2077.2
2077.3
2077.4
2077.4
2077.4
2077.4
2077.5
2077.5
2077.5
2077.5
2077.6
2077.7
2077.7
2077.7
2077.7
2077.7
2077.8
2077.8
2077.8
2077.8
2077.9
2077.9
2078.0
2078.1
2078.1
2078.1
2078.1
2078.2
2078.2
2078.3
2078.4
2078.4
2078.4
2078.5
2078.5
2078.6
2078.6
2078.6
2078.7
2078.8
2078.8
2078.8
2078.9
2078.9
2078.9
2078.9
2078.9
2078.9
2078.9
2079.0
2079.0
2079.1
2079.2
2079.2
2079.3
2079.4
2079.5
2079.7
2079.7
2079.8
2079.8
2080.0
2080.1
2080.1
2080.2
2080.2
2080.3
2080.4
2080.4
2080.6
2080.6
2080.6
2080.7
2080.7
2080.7
2080.9
2081.2
2081.3
2081.5
2081.6
2081.6
2081.6
2081.6
2081.6
2081.7
2081.7
2081.7
2081.8
2081.9
2081.9
2082.0
2082.0
2082.0
2082.0
2082.2
2082.2
2082.2
2082.2
2082.4
2082.4
2082.4
2082.6
2082.6
2082.6
2082.6
2082.6
2082.7
2082.9
2082.9
2082.9
2082.9
2083.0
2083.0
2083.0
2083.1
2083.1
2083.1
2083.1
2083.1
2083.1
2083.3
2083.3
2083.3
2083.3
2083.4
2083.4
2083.4
2083.4
2083.5
2083.5
2083.5
2083.6
2083.7
2083.7
2083.8
2083.8
2083.8
2083.8
2083.8
2083.8
2083.8
2083.9
2083.9
2083.9
2084.1
2084.1
2084.2
2084.3
2084.4
2084.6
2084.9
2084.9
2085.0
2085.1
2085.2
2085.3
2085.3
2085.6
2085.7
2085.8
2085.9
2085.9
2086.0
2086.0
2086.1
2086.1
2087.0
2087.1
2087.3
2087.6
2087.7
2088.1
2088.1
2088.3
2088.3
2088.6
2088.8
2088.9
2089.0
2089.1
2089.2
2089.2
2089.6
2089.6
2089.6
2089.7
2089.7
2090.0
2090.0
2090.2
2090.3
2090.3
2090.3
2090.5
2090.6
2090.6
2090.7
2090.8
2090.9
2090.9
2091.1
2091.1
2091.2
2091.2
2091.4
2091.6
2091.6
2091.6
2091.7
2091.7
2091.7
2091.8
2091.9
2092.0
2092.0
2092.0
2092.0
2092.1
2092.1
2092.3
2092.4
2092.6
2092.9
2093.1
2093.2
2093.2
2093.3
2093.3
2093.4
2093.5
2093.5
2093.5
2093.8
2093.9
2093.9
2094.0
2094.0
2094.0
2094.0
2094.1
2094.3
2094.3
2094.3
2094.4
2094.4
2094.7
2094.7
2094.8
2095.0
2095.1
2095.2
2095.3
2095.6
2095.7
2095.7
2095.7
2096.1
2096.2
2096.5
2096.5
2096.5
2096.7
2096.8
2097.6
2098.4
2098.8
2100.0
2100.0
2101.0
2101.2
2101.3
2103.4
2103.7
2104.7
2105.2
2109.8
2110.8
2113.6
2117.7
2229.1
2229.4
2229.5
2229.5
2229.5
2229.6
2229.6
2229.8
2229.8
2229.8
2229.8
2229.8
2229.9
2229.9
2229.9
2229.9
2229.9
2230.0
2230.0
2230.0
2230.0
2230.0
2230.0
2230.0
2230.0
2230.1
2230.1
2230.1
2230.1
2230.2
2230.2
2230.2
2230.3
2230.3
2230.3
2230.3
2230.3
2230.4
2230.4
2230.4
2230.4
2230.4
2230.5
2230.5
2230.5
2230.5
2230.6
2230.7
2230.7
2230.7
2230.7
2230.7
2230.7
2230.8
2230.8
2230.8
2230.9
2230.9
2231.0
2231.0
2231.0
2231.0
2231.1
2231.1
2231.1
2231.1
2231.1
2231.1
2231.2
2231.2
2231.2
2231.2
2231.4
2231.4
2231.4
2231.5
2231.5
2231.5
2231.5
2231.8
2231.8
2231.8
2231.8
2231.8
2232.0
2232.0
2232.0
2232.0
2232.1
2232.4
2232.6
2232.8
2233.2
2234.6
2235.3
2241.7
2243.8
2386.4
2386.8
2386.8
2386.8
2387.1
2387.1
2387.1
2387.1
2387.1
2387.1
2387.2
2387.2
2387.3
2387.3
2387.3
2387.3
2387.3
2387.3
2387.3
2387.3
2387.3
2387.3
2387.3
2387.4
2387.4
2387.4
2387.5
2387.5
2387.5
2387.5
2387.5
2387.6
2387.6
2387.6
2387.6
2387.7
2387.7
2387.7
2387.7
2387.7
2387.8
2387.8
2387.9
2387.9
2387.9
2387.9
2387.9
2387.9
2388.0
2388.0
2388.0
2388.0
2388.0
2388.0
2388.1
2388.1
2388.1
2388.1
2388.2
2388.2
2388.2
2388.2
2388.3
2388.3
2388.4
2388.4
2388.4
2388.5
2388.5
2388.5
2388.5
2388.5
2388.6
2388.6
2388.6
2388.7
2388.7
2388.7
2388.7
2388.8
2388.8
2388.8
2389.0
2389.0
2389.0
2389.0
2389.3
2389.6
2389.9
2390.1
2390.4
2390.4
2390.7
2392.4
2392.9
2398.4
2399.8
2552.1
2552.4
2552.5
2552.6
2552.6
2552.7
2552.7
2552.7
2552.7
2552.8
2552.8
2552.9
2552.9
2552.9
2552.9
2552.9
2552.9
2552.9
2552.9
2552.9
2553.0
2553.0
2553.0
2553.0
2553.1
2553.1
2553.1
2553.1
2553.1
2553.1
2553.2
2553.2
2553.2
2553.3
2553.3
2553.3
2553.3
2553.4
2553.4
2553.4
2553.4
2553.5
2553.5
2553.5
2553.5
2553.6
2553.6
2553.6
2553.6
2553.7
2553.7
2553.7
2553.7
2553.7
2553.7
2553.7
2553.7
2553.8
2553.8
2553.8
2553.9
2553.9
2553.9
2553.9
2554.0
2554.0
2554.0
2554.1
2554.1
2554.1
2554.1
2554.1
2554.2
2554.2
2554.2
2554.2
2554.3
2554.3
2554.3
2554.3
2554.4
2554.4
2554.6
2554.7
2554.7
2554.8
2555.0
2555.4
2555.8
2555.9
2556.1
2556.3
2556.5
2558.1
2558.7
2564.2
2565.4
2592.7
2592.8
2593.8
2594.2
2594.4
2596.2
2596.4
2596.8
2597.2
2597.2
2597.3
2599.7
2599.9
2600.3
2600.9
2601.2
2601.9
2602.1
2603.0
2604.2
2604.2
2604.8
2610.0
2613.4
2614.1
2615.6
2630.4
2720.3
2720.5
2720.6
2720.7
2720.7
2720.8
2720.9
2720.9
2720.9
2720.9
2721.0
2721.0
2721.0
2721.0
2721.0
2721.0
2721.0
2721.1
2721.1
2721.1
2721.1
2721.1
2721.2
2721.2
2721.2
2721.2
2721.3
2721.3
2721.3
2721.3
2721.3
2721.4
2721.4
2721.4
2721.4
2721.4
2721.4
2721.5
2721.6
2721.6
2721.6
2721.6
2721.6
2721.6
2721.7
2721.7
2721.7
2721.7
2721.7
2721.8
2721.8
2721.8
2721.8
2721.8
2721.8
2721.9
2721.9
2721.9
2721.9
2722.0
2722.0
2722.0
2722.0
2722.1
2722.1
2722.2
2722.2
2722.2
2722.2
2722.3
2722.3
2722.3
2722.3
2722.3
2722.3
2722.3
2722.4
2722.4
2722.4
2722.4
2722.5
2722.5
2722.7
2722.8
2722.9
2722.9
2723.2
2723.5
2723.9
2724.0
2724.2
2724.4
2724.6
2726.1
2726.8
2732.3
2733.5
2888.5
2888.7
2888.8
2888.9
2889.0
2889.0
2889.1
2889.1
2889.1
2889.1
2889.2
2889.2
2889.2
2889.2
2889.2
2889.2
2889.2
2889.3
2889.3
2889.3
2889.3
2889.4
2889.4
2889.4
2889.4
2889.4
2889.5
2889.5
2889.5
2889.5
2889.5
2889.5
2889.6
2889.6
2889.6
2889.6
2889.6
2889.7
2889.8
2889.8
2889.8
2889.8
2889.8
2889.8
2889.9
2889.9
2889.9
2889.9
2889.9
2890.0
2890.0
2890.0
2890.0
2890.0
2890.0
2890.1
2890.1
2890.1
2890.2
2890.2
2890.2
2890.2
2890.3
2890.3
2890.3
2890.4
2890.4
2890.4
2890.4
2890.4
2890.5
2890.5
2890.5
2890.5
2890.6
2890.6
2890.6
2890.6
2890.6
2890.7
2890.7
2890.8
2890.9
2891.0
2891.1
2891.2
2891.4
2891.7
2892.1
2892.2
2892.4
2892.6
2892.8
2894.4
2895.0
2900.5
2901.7
