374.8
375.0
375.0
375.1
375.1
375.2
375.2
375.2
375.3
375.4
375.5
375.5
375.6
375.6
375.6
375.7
375.7
375.8
375.8
375.8
375.8
375.9
375.9
375.9
376.0
376.0
376.0
376.0
376.0
376.0
376.0
376.1
376.1
376.2
376.2
376.2
376.2
376.2
376.3
376.3
376.3
376.3
376.3
376.4
376.4
376.4
376.5
376.5
376.5
376.5
376.5
376.6
376.6
376.6
376.7
376.7
376.7
376.7
376.7
376.7
376.7
376.8
376.9
377.0
377.0
377.0
377.1
377.1
377.1
377.2
377.2
377.2
377.3
377.3
377.4
377.4
377.5
377.5
377.5
377.5
377.5
377.6
377.6
377.7
377.7
377.8
378.0
378.3
378.4
378.4
378.5
378.6
378.8
379.1
379.7
381.3
381.5
382.1
382.8
385.4
541.5
541.7
541.7
541.8
541.8
541.9
541.9
541.9
542.0
542.1
542.2
542.2
542.3
542.3
542.3
542.4
542.4
542.5
542.5
542.5
542.6
542.6
542.6
542.7
542.7
542.7
542.7
542.7
542.7
542.7
542.7
542.8
542.8
542.9
543.0
543.0
543.0
543.0
543.0
543.1
543.1
543.1
543.1
543.2
543.2
543.2
543.2
543.2
543.3
543.3
543.3
543.4
543.4
543.4
543.4
543.5
543.5
543.5
543.5
543.5
543.6
543.6
543.7
543.8
543.8
543.9
543.9
543.9
543.9
544.0
544.0
544.1
544.2
544.2
544.3
544.3
544.4
544.4
544.4
544.4
544.5
544.5
544.6
544.7
544.7
544.8
545.1
545.4
545.5
545.5
545.6
545.6
546.1
546.5
547.0
549.3
549.3
550.1
551.4
555.6
667.4
667.4
667.4
667.4
667.4
667.5
667.5
667.5
667.6
667.6
667.6
667.7
667.7
667.8
667.8
667.8
667.8
667.8
667.8
667.8
667.8
667.8
667.9
667.9
667.9
667.9
667.9
667.9
667.9
667.9
667.9
667.9
668.0
668.0
668.0
668.0
668.0
668.0
668.0
668.0
668.0
668.0
668.1
668.1
668.1
668.1
668.1
668.1
668.1
668.1
668.2
668.2
668.2
668.2
668.2
668.2
668.2
668.2
668.2
668.3
668.3
668.3
668.3
668.3
668.3
668.3
668.3
668.3
668.3
668.4
668.4
668.4
668.4
668.4
668.4
668.4
668.5
668.5
668.5
668.5
668.6
668.6
668.6
668.7
668.7
668.7
668.8
668.8
668.8
669.1
669.3
669.3
669.6
669.7
670.3
671.0
671.4
671.9
672.0
673.3
717.7
717.9
718.0
718.0
718.1
718.1
718.2
718.2
718.2
718.3
718.5
718.5
718.5
718.5
718.5
718.7
718.7
718.7
718.7
718.7
718.7
718.8
718.8
718.8
718.9
718.9
718.9
718.9
718.9
718.9
719.0
719.1
719.1
719.2
719.2
719.2
719.2
719.2
719.2
719.2
719.3
719.3
719.3
719.3
719.4
719.4
719.4
719.5
719.5
719.5
719.6
719.6
719.6
719.7
719.7
719.7
719.7
719.7
719.7
719.7
719.8
719.8
719.9
720.0
720.0
720.1
720.1
720.1
720.2
720.2
720.3
720.3
720.4
720.4
720.5
720.6
720.6
720.6
720.7
720.7
720.7
720.8
720.8
720.9
720.9
721.0
721.3
721.9
721.9
722.0
722.1
722.2
722.7
723.3
723.9
726.9
727.0
728.3
730.6
742.6
829.2
829.2
829.4
829.4
829.5
829.5
829.5
829.5
829.5
829.5
829.5
829.6
829.6
829.6
829.6
829.6
829.6
829.6
829.6
829.7
829.7
829.7
829.7
829.7
829.7
829.7
829.8
829.8
829.8
829.8
829.8
829.8
829.8
829.8
829.9
829.9
829.9
829.9
829.9
829.9
829.9
829.9
829.9
830.0
830.0
830.0
830.0
830.0
830.0
830.0
830.0
830.0
830.0
830.0
830.0
830.0
830.1
830.1
830.1
830.1
830.1
830.1
830.1
830.1
830.1
830.1
830.2
830.2
830.2
830.2
830.3
830.3
830.3
830.3
830.3
830.4
830.4
830.4
830.4
830.4
830.4
830.5
830.6
830.6
830.6
830.7
830.7
830.7
830.7
830.9
831.2
831.3
831.4
831.4
832.4
832.8
833.2
833.7
833.9
835.0
881.1
881.2
881.4
881.4
881.5
881.5
881.5
881.5
881.5
881.6
881.6
881.6
881.6
881.6
881.7
881.7
881.7
881.7
881.8
881.8
881.8
881.9
881.9
881.9
881.9
881.9
881.9
882.0
882.0
882.0
882.0
882.0
882.0
882.0
882.1
882.1
882.2
882.2
882.2
882.2
882.2
882.2
882.2
882.2
882.2
882.3
882.3
882.3
882.3
882.4
882.4
882.4
882.4
882.4
882.4
882.4
882.5
882.5
882.5
882.5
882.5
882.5
882.5
882.5
882.6
882.6
882.6
882.7
882.7
882.7
882.8
882.8
882.8
882.8
882.8
882.9
882.9
882.9
882.9
883.0
883.1
883.2
883.3
883.3
883.3
883.3
883.4
883.9
884.0
884.0
884.2
884.2
884.3
884.7
886.1
886.8
887.3
888.6
888.7
897.2
1003.6
1003.7
1003.7
1003.7
1003.7
1003.7
1003.7
1003.8
1003.8
1003.8
1003.8
1003.8
1003.8
1003.8
1003.9
1003.9
1003.9
1003.9
1003.9
1003.9
1003.9
1003.9
1003.9
1004.0
1004.0
1004.0
1004.0
1004.0
1004.0
1004.0
1004.0
1004.0
1004.0
1004.0
1004.1
1004.1
1004.1
1004.1
1004.1
1004.1
1004.1
1004.1
1004.1
1004.1
1004.1
1004.1
1004.1
1004.1
1004.1
1004.1
1004.2
1004.2
1004.2
1004.2
1004.2
1004.2
1004.2
1004.2
1004.2
1004.2
1004.2
1004.2
1004.2
1004.2
1004.2
1004.3
1004.3
1004.3
1004.3
1004.3
1004.3
1004.4
1004.4
1004.4
1004.4
1004.4
1004.4
1004.4
1004.4
1004.4
1004.5
1004.5
1004.5
1004.5
1004.5
1004.6
1004.7
1004.9
1004.9
1004.9
1005.1
1005.4
1005.7
1005.8
1006.6
1006.8
1007.5
1007.5
1008.3
1008.4
1168.2
1168.2
1168.2
1168.2
1168.3
1168.3
1168.3
1168.3
1168.3
1168.4
1168.4
1168.4
1168.4
1168.4
1168.4
1168.4
1168.4
1168.4
1168.5
1168.5
1168.5
1168.5
1168.5
1168.5
1168.5
1168.5
1168.5
1168.5
1168.5
1168.5
1168.5
1168.5
1168.5
1168.5
1168.6
1168.6
1168.6
1168.6
1168.6
1168.6
1168.6
1168.6
1168.6
1168.6
1168.6
1168.6
1168.7
1168.7
1168.7
1168.7
1168.7
1168.7
1168.7
1168.7
1168.7
1168.7
1168.7
1168.8
1168.8
1168.8
1168.8
1168.8
1168.8
1168.8
1168.8
1168.8
1168.8
1168.8
1168.8
1168.9
1168.9
1168.9
1168.9
1168.9
1168.9
1168.9
1168.9
1168.9
1169.0
1169.0
1169.0
1169.0
1169.1
1169.1
1169.1
1169.1
1169.1
1169.3
1169.3
1169.4
1169.7
1169.8
1170.0
1170.1
1170.9
1171.1
1171.7
1171.8
1172.4
1172.9
1336.5
1336.5
1336.5
1336.5
1336.5
1336.5
1336.6
1336.6
1336.6
1336.7
1336.7
1336.7
1336.7
1336.7
1336.7
1336.7
1336.7
1336.7
1336.7
1336.8
1336.8
1336.8
1336.8
1336.8
1336.8
1336.8
1336.8
1336.8
1336.8
1336.8
1336.8
1336.8
1336.8
1336.8
1336.8
1336.8
1336.9
1336.9
1336.9
1336.9
1336.9
1336.9
1336.9
1336.9
1336.9
1336.9
1336.9
1336.9
1337.0
1337.0
1337.0
1337.0
1337.0
1337.0
1337.0
1337.0
1337.0
1337.0
1337.0
1337.1
1337.1
1337.1
1337.1
1337.1
1337.1
1337.1
1337.1
1337.1
1337.1
1337.1
1337.1
1337.2
1337.2
1337.2
1337.2
1337.2
1337.2
1337.2
1337.2
1337.2
1337.3
1337.3
1337.4
1337.4
1337.4
1337.4
1337.4
1337.6
1337.6
1337.7
1338.0
1338.1
1338.3
1338.4
1339.2
1339.4
1340.0
1340.1
1340.7
1341.1
1504.9
1504.9
1504.9
1504.9
1504.9
1504.9
1504.9
1505.0
1505.0
1505.0
1505.0
1505.0
1505.0
1505.0
1505.1
1505.1
1505.1
1505.1
1505.1
1505.1
1505.1
1505.1
1505.1
1505.1
1505.2
1505.2
1505.2
1505.2
1505.2
1505.2
1505.2
1505.2
1505.2
1505.2
1505.2
1505.2
1505.2
1505.3
1505.3
1505.3
1505.3
1505.3
1505.3
1505.3
1505.3
1505.3
1505.3
1505.3
1505.3
1505.3
1505.3
1505.3
1505.3
1505.3
1505.4
1505.4
1505.4
1505.4
1505.4
1505.4
1505.4
1505.4
1505.4
1505.5
1505.5
1505.5
1505.5
1505.5
1505.5
1505.5
1505.5
1505.5
1505.5
1505.5
1505.5
1505.6
1505.6
1505.6
1505.6
1505.6
1505.6
1505.7
1505.7
1505.7
1505.7
1505.7
1505.8
1506.0
1506.0
1506.1
1506.3
1506.5
1506.7
1506.8
1507.5
1507.8
1508.3
1508.5
1509.1
1509.5
1658.5
1658.5
1658.5
1658.6
1658.6
1658.6
1658.6
1658.6
1658.6
1658.6
1658.6
1658.6
1658.6
1658.6
1658.7
1658.7
1658.7
1658.7
1658.7
1658.7
1658.7
1658.7
1658.7
1658.7
1658.7
1658.7
1658.7
1658.7
1658.7
1658.7
1658.7
1658.8
1658.8
1658.8
1658.8
1658.8
1658.8
1658.8
1658.8
1658.8
1658.8
1658.8
1658.8
1658.8
1658.8
1658.8
1658.8
1658.8
1658.8
1658.8
1658.8
1658.8
1658.8
1658.9
1658.9
1658.9
1658.9
1658.9
1658.9
1658.9
1658.9
1658.9
1658.9
1658.9
1658.9
1658.9
1658.9
1658.9
1658.9
1658.9
1658.9
1659.0
1659.0
1659.0
1659.0
1659.0
1659.0
1659.1
1659.1
1659.1
1659.1
1659.1
1659.2
1659.3
1659.4
1659.5
1659.5
1659.6
1659.9
1660.0
1660.0
1660.2
1660.5
1660.6
1661.3
1661.4
1661.8
1661.8
1662.0
1662.2
1669.4
1669.5
1669.6
1669.6
1669.6
1669.6
1669.7
1669.7
1669.7
1669.8
1669.8
1669.8
1669.8
1669.8
1669.8
1669.8
1669.8
1669.8
1669.8
1669.8
1669.8
1669.8
1669.9
1669.9
1669.9
1669.9
1669.9
1670.0
1670.0
1670.0
1670.0
1670.0
1670.0
1670.0
1670.0
1670.1
1670.1
1670.1
1670.1
1670.1
1670.1
1670.1
1670.1
1670.2
1670.2
1670.2
1670.2
1670.2
1670.2
1670.3
1670.3
1670.3
1670.3
1670.3
1670.3
1670.3
1670.3
1670.4
1670.4
1670.4
1670.4
1670.4
1670.4
1670.4
1670.5
1670.5
1670.6
1670.7
1670.7
1670.8
1670.8
1670.9
1671.2
1671.3
1671.6
1671.6
1671.6
1671.6
1671.7
1671.7
1671.7
1672.0
1672.1
1672.8
1673.0
1673.4
1674.1
1674.4
1675.6
1676.6
1676.6
1678.2
1679.7
1680.0
1684.3
1685.2
1686.5
1687.6
1690.1
1690.4
1829.9
1829.9
1830.0
1830.0
1830.0
1830.0
1830.0
1830.0
1830.0
1830.0
1830.0
1830.0
1830.0
1830.0
1830.0
1830.0
1830.1
1830.1
1830.1
1830.1
1830.1
1830.1
1830.1
1830.1
1830.1
1830.1
1830.1
1830.1
1830.1
1830.2
1830.2
1830.2
1830.2
1830.2
1830.2
1830.2
1830.2
1830.2
1830.2
1830.2
1830.2
1830.3
1830.3
1830.3
1830.3
1830.3
1830.3
1830.3
1830.3
1830.3
1830.3
1830.3
1830.3
1830.3
1830.3
1830.3
1830.3
1830.3
1830.3
1830.3
1830.3
1830.4
1830.4
1830.4
1830.4
1830.4
1830.4
1830.4
1830.4
1830.4
1830.4
1830.4
1830.4
1830.4
1830.4
1830.5
1830.5
1830.5
1830.5
1830.5
1830.5
1830.6
1830.6
1830.6
1830.6
1830.8
1830.9
1830.9
1831.1
1831.2
1831.3
1831.5
1831.8
1831.8
1832.6
1832.6
1832.8
1833.0
1833.0
1833.2
1842.7
1842.8
1842.9
1842.9
1842.9
1842.9
1842.9
1842.9
1842.9
1842.9
1843.0
1843.0
1843.0
1843.0
1843.0
1843.1
1843.1
1843.1
1843.1
1843.1
1843.1
1843.1
1843.1
1843.1
1843.1
1843.1
1843.1
1843.1
1843.2
1843.2
1843.2
1843.2
1843.2
1843.2
1843.2
1843.2
1843.2
1843.2
1843.3
1843.3
1843.3
1843.3
1843.3
1843.3
1843.3
1843.3
1843.4
1843.4
1843.4
1843.4
1843.4
1843.4
1843.4
1843.5
1843.5
1843.5
1843.5
1843.6
1843.6
1843.6
1843.6
1843.6
1843.7
1843.7
1843.7
1843.7
1843.7
1843.8
1843.8
1843.9
1844.0
1844.0
1844.2
1844.2
1844.2
1844.4
1844.4
1844.4
1844.5
1844.5
1844.5
1844.6
1844.7
1844.9
1845.1
1845.2
1845.6
1845.9
1845.9
1846.5
1846.6
1846.9
1847.5
1847.5
1848.7
1848.8
1848.9
1849.0
1849.4
1849.7
1857.3
1857.4
1857.5
1857.5
1857.6
1857.7
1857.7
1857.7
1857.9
1857.9
1858.0
1858.1
1858.1
1858.1
1858.2
1858.2
1858.3
1858.3
1858.4
1858.4
1858.5
1858.5
1858.5
1858.5
1858.5
1858.5
1858.6
1858.6
1858.6
1858.7
1858.8
1858.8
1858.8
1858.8
1858.8
1858.9
1859.0
1859.0
1859.1
1859.1
1859.1
1859.1
1859.3
1859.3
1859.3
1859.4
1859.4
1859.4
1859.5
1859.5
1859.5
1859.5
1859.5
1859.6
1859.6
1859.7
1859.8
1859.8
1859.8
1860.0
1860.1
1860.1
1860.1
1860.2
1860.3
1860.4
1860.4
1860.5
1860.6
1860.7
1860.7
1860.7
1860.8
1860.8
1861.0
1861.1
1861.3
1861.6
1861.7
1861.7
1862.1
1862.5
1862.6
1862.9
1863.0
1863.4
1864.3
1864.3
1864.4
1864.4
1864.6
1864.7
1864.7
1865.0
1865.1
1865.1
1865.1
1865.3
1865.3
1865.3
1865.4
1865.5
1865.5
1865.6
1865.6
1865.6
1865.7
1866.0
1866.0
1866.0
1866.1
1866.1
1866.2
1866.3
1866.4
1866.4
1866.5
1866.5
1866.6
1866.6
1866.6
1866.6
1866.7
1866.7
1866.9
1866.9
1867.1
1867.1
1867.2
1867.4
1867.4
1867.5
1867.6
1867.7
1867.7
1867.8
1867.8
1868.2
1868.3
1868.3
1868.4
1868.4
1868.6
1868.7
1868.8
1868.9
1868.9
1869.1
1869.2
1869.4
1869.4
1869.4
1869.6
1869.9
1870.0
1870.0
1870.2
1870.2
1870.5
1870.9
1871.3
1871.7
1871.7
1871.7
1871.8
1872.0
1872.1
1872.5
1872.5
1872.5
1872.5
1872.7
1873.1
1873.1
1873.2
1873.3
1873.4
1873.4
1873.5
1873.5
1873.6
1873.6
1874.0
1874.0
1874.0
1874.2
1874.4
1874.4
1874.4
1874.5
1874.6
1874.6
1874.7
1874.7
1874.9
1875.0
1875.0
1875.3
1875.4
1875.6
1875.6
1875.6
1875.7
1875.7
1876.0
1876.1
1876.2
1876.2
1876.3
1876.4
1876.4
1876.6
1876.7
1876.8
1876.8
1877.0
1877.0
1877.3
1877.3
1877.5
1877.8
1877.8
1878.3
1878.4
1878.4
1878.6
1878.8
1879.2
1879.4
1879.5
1879.6
1879.6
1879.6
1880.4
1880.7
1880.8
1880.8
1880.9
1880.9
1880.9
1881.1
1881.2
1881.5
1881.7
1881.7
1882.1
1882.9
1883.7
1883.7
1884.1
1884.7
1885.2
1885.6
1885.8
1885.9
1885.9
1886.4
1886.4
1886.6
1886.8
1887.3
1887.3
1887.3
1887.3
1888.0
1888.1
1888.3
1888.3
1888.4
1888.5
1888.7
1889.9
1890.2
1890.4
1890.7
1890.8
1891.0
1891.0
1891.3
1891.5
1891.7
1891.7
1891.7
1891.8
1891.9
1891.9
1892.1
1892.2
1893.0
1894.0
1894.6
1894.9
1895.3
1895.8
1895.8
1896.1
1896.2
1896.5
1896.9
1897.6
1898.6
1899.1
1900.5
1901.4
1902.7
1903.8
1904.0
1904.9
1905.6
1906.3
1911.9
1928.1
2018.2
2018.3
2018.3
2018.4
2018.4
2018.4
2018.4
2018.4
2018.5
2018.6
2018.7
2018.7
2018.7
2018.7
2018.7
2018.8
2018.9
2018.9
2018.9
2018.9
2018.9
2019.1
2019.2
2019.3
2019.3
2019.3
2019.3
2019.3
2019.4
2019.4
2019.4
2019.5
2019.6
2019.6
2019.6
2019.6
2019.6
2019.6
2019.7
2019.7
2019.7
2019.7
2019.7
2019.7
2019.7
2019.7
2019.7
2019.8
2019.8
2019.8
2019.9
2019.9
2019.9
2019.9
2019.9
2019.9
2019.9
2019.9
2020.0
2020.0
2020.0
2020.0
2020.0
2020.0
2020.0
2020.0
2020.0
2020.0
2020.0
2020.0
2020.1
2020.1
2020.1
2020.2
2020.2
2020.2
2020.2
2020.2
2020.2
2020.3
2020.3
2020.3
2020.3
2020.3
2020.3
2020.3
2020.4
2020.4
2020.4
2020.4
2020.4
2020.4
2020.4
2020.4
2020.5
2020.5
2020.5
2020.5
2020.6
2020.6
2041.5
2041.6
2041.8
2041.8
2041.8
2041.8
2042.0
2042.0
2042.0
2042.0
2042.1
2042.1
2042.1
2042.1
2042.1
2042.1
2042.2
2042.2
2042.2
2042.3
2042.3
2042.3
2042.3
2042.3
2042.4
2042.5
2042.5
2042.5
2042.5
2042.5
2042.6
2042.6
2042.6
2042.6
2042.6
2042.6
2042.6
2042.6
2042.7
2042.7
2042.7
2042.7
2042.8
2042.8
2042.8
2042.9
2042.9
2042.9
2042.9
2042.9
2042.9
2043.0
2043.0
2043.0
2043.0
2043.0
2043.1
2043.2
2043.2
2043.3
2043.3
2043.3
2043.4
2043.4
2043.5
2043.5
2043.6
2043.6
2043.7
2043.7
2043.8
2043.8
2043.8
2043.8
2043.9
2043.9
2043.9
2043.9
2043.9
2043.9
2044.0
2044.1
2044.1
2044.1
2044.2
2044.3
2044.3
2044.3
2044.6
2044.6
2044.7
2045.1
2045.7
2045.7
2047.1
2047.1
2047.4
2047.7
2047.8
2048.1
2053.7
2054.9
2056.1
2056.3
2057.0
2057.0
2057.1
2057.1
2057.2
2057.2
2057.3
2057.4
2057.5
2057.5
2057.6
2057.7
2057.7
2057.8
2057.9
2057.9
2057.9
2058.1
2058.1
2058.2
2058.2
2058.3
2058.4
2058.4
2058.4
2058.4
2058.4
2058.4
2058.4
2058.4
2058.5
2058.5
2058.5
2058.5
2058.6
2058.6
2058.6
2058.6
2058.6
2058.6
2058.7
2058.7
2058.7
2058.7
2058.8
2058.8
2058.8
2058.8
2058.8
2058.8
2058.8
2058.9
2058.9
2058.9
2058.9
2059.0
2059.0
2059.0
2059.0
2059.0
2059.1
2059.1
2059.2
2059.2
2059.2
2059.2
2059.3
2059.4
2059.4
2059.5
2059.5
2059.5
2059.6
2059.6
2059.7
2059.9
2060.4
2060.8
2060.8
2061.8
2061.9
2062.1
2062.8
2063.6
2063.8
2064.6
2065.0
2065.1
2065.7
2066.5
2066.5
2066.6
2066.6
2066.6
2066.6
2066.7
2066.7
2066.7
2066.9
2066.9
2067.0
2067.0
2067.1
2067.1
2067.1
2067.2
2067.2
2067.2
2067.2
2067.2
2067.2
2067.3
2067.3
2067.3
2067.4
2067.4
2067.5
2067.5
2067.5
2067.5
2067.6
2067.6
2067.6
2067.6
2067.7
2067.7
2067.7
2067.7
2067.7
2067.8
2067.8
2067.9
2067.9
2067.9
2067.9
2068.0
2068.0
2068.0
2068.0
2068.0
2068.0
2068.1
2068.1
2068.2
2068.3
2068.3
2068.5
2068.5
2068.5
2068.6
2068.7
2068.7
2068.9
2068.9
2068.9
2069.0
2069.0
2069.2
2069.2
2069.3
2069.3
2069.4
2069.6
2069.6
2069.6
2069.6
2069.7
2069.9
2069.9
2070.1
2070.2
2070.4
2070.8
2070.9
2070.9
2071.4
2071.7
2071.8
2071.9
2071.9
2072.0
2072.1
2072.1
2072.1
2072.2
2072.3
2072.3
2072.4
2072.4
2072.4
2072.4
2072.5
2072.6
2072.6
2072.7
2072.7
2072.7
2072.8
2072.8
2072.8
2072.8
2072.9
2072.9
2072.9
2073.0
2073.1
2073.1
2073.1
2073.3
2073.3
2073.3
2073.4
2073.5
2073.5
2073.6
2073.6
2073.6
2073.7
2073.7
2073.8
2073.8
2073.8
2073.9
2073.9
2073.9
2073.9
2074.3
2074.5
2074.5
2074.6
2074.6
2074.6
2074.6
2074.7
2074.7
2074.8
2074.8
2074.8
2075.1
2075.1
2075.1
2075.2
2075.4
2075.5
2075.5
2075.6
2075.6
2076.1
2076.3
2076.3
2076.4
2076.4
2076.4
2076.6
2076.6
2076.7
2077.3
2077.4
2077.8
2077.8
2077.8
2077.9
2077.9
2078.3
2078.4
2078.4
2078.5
2078.6
2078.9
2079.4
2079.9
2080.0
2080.1
2080.3
2080.6
2080.7
2080.8
2080.9
2081.0
2081.2
2081.2
2081.4
2081.6
2081.6
2081.7
2081.9
2082.0
2082.1
2082.2
2082.2
2082.3
2082.3
2082.4
2082.6
2082.6
2082.8
2083.0
2083.3
2083.4
2083.5
2083.5
2083.6
2083.7
2083.9
2084.0
2084.4
2084.4
2084.6
2085.1
2085.3
2085.3
2085.3
2085.4
2085.6
2086.2
2086.2
2086.3
2086.3
2086.5
2086.6
2086.8
2087.0
2087.1
2087.4
2087.5
2088.0
2088.3
2089.1
2089.3
2089.3
2089.4
2089.5
2089.6
2090.3
2090.7
2090.8
2091.1
2091.3
2093.5
2094.0
2094.1
2094.9
2095.2
2097.4
2099.3
2100.7
2103.2
2103.4
2105.8
2107.6
2112.0
2224.3
2224.4
2224.5
2224.5
2224.6
2224.6
2224.6
2224.6
2224.6
2224.6
2224.6
2224.6
2224.7
2224.7
2224.7
2224.7
2224.7
2224.7
2224.7
2224.7
2224.7
2224.7
2224.8
2224.8
2224.8
2224.8
2224.8
2224.9
2224.9
2224.9
2224.9
2224.9
2224.9
2224.9
2224.9
2224.9
2224.9
2224.9
2225.0
2225.0
2225.0
2225.0
2225.0
2225.0
2225.0
2225.0
2225.0
2225.0
2225.0
2225.0
2225.0
2225.0
2225.0
2225.0
2225.0
2225.1
2225.1
2225.1
2225.1
2225.1
2225.1
2225.1
2225.1
2225.1
2225.1
2225.1
2225.1
2225.2
2225.2
2225.2
2225.2
2225.2
2225.2
2225.3
2225.3
2225.3
2225.3
2225.3
2225.3
2225.3
2225.3
2225.3
2225.4
2225.4
2225.4
2225.4
2225.4
2225.4
2225.5
2225.5
2225.5
2225.6
2225.6
2225.6
2225.8
2225.9
2226.2
2226.3
2226.6
2226.7
2264.1
2382.3
2382.3
2382.4
2382.4
2382.4
2382.4
2382.4
2382.4
2382.4
2382.4
2382.4
2382.4
2382.4
2382.4
2382.4
2382.4
2382.5
2382.5
2382.5
2382.5
2382.5
2382.5
2382.5
2382.5
2382.5
2382.5
2382.5
2382.5
2382.5
2382.5
2382.5
2382.6
2382.6
2382.6
2382.6
2382.6
2382.6
2382.6
2382.6
2382.6
2382.6
2382.6
2382.6
2382.6
2382.6
2382.6
2382.6
2382.6
2382.6
2382.6
2382.7
2382.7
2382.7
2382.7
2382.7
2382.7
2382.7
2382.7
2382.7
2382.7
2382.7
2382.7
2382.7
2382.7
2382.7
2382.7
2382.7
2382.7
2382.7
2382.7
2382.7
2382.7
2382.7
2382.8
2382.8
2382.8
2382.8
2382.8
2382.8
2382.8
2382.8
2382.8
2382.8
2382.8
2382.8
2382.8
2382.9
2383.0
2383.1
2383.1
2383.2
2383.4
2383.5
2383.5
2384.1
2384.2
2384.5
2384.5
2384.8
2384.9
2548.0
2548.1
2548.1
2548.1
2548.1
2548.1
2548.1
2548.1
2548.1
2548.2
2548.2
2548.2
2548.2
2548.2
2548.2
2548.2
2548.2
2548.2
2548.2
2548.2
2548.2
2548.2
2548.2
2548.2
2548.2
2548.2
2548.3
2548.3
2548.3
2548.3
2548.3
2548.3
2548.3
2548.3
2548.3
2548.3
2548.3
2548.3
2548.3
2548.3
2548.3
2548.3
2548.3
2548.3
2548.3
2548.3
2548.3
2548.3
2548.3
2548.4
2548.4
2548.4
2548.4
2548.4
2548.4
2548.4
2548.4
2548.4
2548.4
2548.4
2548.4
2548.4
2548.4
2548.4
2548.4
2548.4
2548.4
2548.4
2548.4
2548.4
2548.5
2548.5
2548.5
2548.5
2548.5
2548.5
2548.5
2548.5
2548.5
2548.5
2548.5
2548.5
2548.5
2548.5
2548.6
2548.6
2548.6
2548.8
2548.9
2548.9
2549.0
2549.2
2549.5
2549.5
2550.1
2550.2
2550.5
2550.5
2550.8
2550.8
2716.2
2716.3
2716.3
2716.3
2716.3
2716.3
2716.3
2716.3
2716.4
2716.4
2716.4
2716.4
2716.4
2716.4
2716.4
2716.4
2716.4
2716.4
2716.4
2716.4
2716.4
2716.4
2716.4
2716.4
2716.4
2716.5
2716.5
2716.5
2716.5
2716.5
2716.5
2716.5
2716.5
2716.5
2716.5
2716.5
2716.5
2716.5
2716.5
2716.5
2716.5
2716.5
2716.5
2716.5
2716.5
2716.5
2716.5
2716.5
2716.5
2716.5
2716.5
2716.5
2716.5
2716.5
2716.5
2716.5
2716.5
2716.5
2716.5
2716.6
2716.6
2716.6
2716.6
2716.6
2716.6
2716.6
2716.6
2716.6
2716.6
2716.6
2716.6
2716.6
2716.6
2716.6
2716.7
2716.7
2716.7
2716.7
2716.7
2716.7
2716.7
2716.7
2716.7
2716.8
2716.8
2716.8
2716.8
2717.0
2717.1
2717.1
2717.1
2717.4
2717.6
2717.7
2718.3
2718.4
2718.6
2718.7
2718.9
2719.0
2884.5
2884.5
2884.5
2884.5
2884.5
2884.5
2884.5
2884.5
2884.6
2884.6
2884.6
2884.6
2884.6
2884.6
2884.6
2884.6
2884.6
2884.6
2884.6
2884.6
2884.6
2884.6
2884.6
2884.6
2884.6
2884.6
2884.7
2884.7
2884.7
2884.7
2884.7
2884.7
2884.7
2884.7
2884.7
2884.7
2884.7
2884.7
2884.7
2884.7
2884.7
2884.7
2884.7
2884.7
2884.7
2884.7
2884.7
2884.7
2884.7
2884.7
2884.7
2884.7
2884.7
2884.7
2884.7
2884.7
2884.8
2884.8
2884.8
2884.8
2884.8
2884.8
2884.8
2884.8
2884.8
2884.8
2884.8
2884.8
2884.8
2884.8
2884.8
2884.8
2884.8
2884.8
2884.9
2884.9
2884.9
2884.9
2884.9
2884.9
2884.9
2884.9
2884.9
2885.0
2885.0
2885.0
2885.0
2885.2
2885.3
2885.3
2885.3
2885.6
2885.9
2885.9
2886.5
2886.6
2886.8
2886.9
2887.1
2887.2
