53
74
68
18
45
60
70
6
49
46
7
55
5
57
13
10
77
69
73
41
59
83
4
33
67
78
42
79
27
47
51
88
71
58
15
17
3
9
52
12
19
11
62
24
89
50
61
23
82
84
66
26
48
25
56
43
81
80
36
63
53
74
18
68
70
45
60
7
6
5
55
13
49
46
69
77
10
73
59
41
57
83
79
4
67
33
53
74
68
18
45
60
6
7
46
5
13
49
55
70
10
57
73
77
4
59
69
83
27
33
78
41
42
47
67
51
88
79
15
58
17
71
3
9
12
24
19
52
11
62
23
82
26
61
84
89
66
50
25
36
56
48
43
81
80
63
37
44
75
28
8
22
65
72
16
94
85
29
31
38
30
21
76
14
35
87
90
54
64
92
93
86
40
39
91
20
74
53
68
18
46
49
45
57
60
6
55
7
10
70
5
42
33
73
77
4
13
78
41
59
83
27
69
67
47
51
79
88
15
58
71
17
3
52
9
89
50
84
19
62
23
24
43
61
11
12
48
66
81
82
56
44
26
80
25
36
63
37
75
65
28
8
22
31
72
85
16
94
29
38
76
21
30
87
14
35
54
90
64
86
92
93
40
39
91
20
74
53
53
74
68
46
18
45
49
57
6
60
10
13
4
5
7
55
27
42
73
83
33
59
70
77
78
69
41
67
88
47
15
51
58
71
17
3
19
79
9
43
52
23
24
50
66
61
84
89
26
12
25
62
11
48
36
81
56
80
82
44
75
37
63
65
28
8
22
16
85
31
72
29
38
94
87
21
14
30
90
76
35
54
64
92
86
93
40
39
91
53
74
68
18
46
45
49
57
6
60
10
13
5
7
4
55
27
42
73
83
33
70
59
77
69
78
41
67
47
88
15
51
71
58
17
79
3
9
19
52
23
24
43
50
61
66
84
26
89
12
25
62
11
36
48
56
80
81
82
44
75
37
63
28
65
8
22
16
85
31
72
29
38
94
14
21
30
87
90
76
35
54
64
92
93
86
40
39
91
20
32
53
74
68
18
46
45
49
57
6
60
10
13
5
7
4
55
42
73
83
27
33
70
59
77
69
78
41
67
47
88
15
51
58
71
17
3
79
9
52
19
23
24
43
50
61
66
84
26
89
12
25
62
11
36
48
56
80
81
82
44
75
37
63
28
65
8
22
16
85
31
72
29
38
94
14
21
30
87
76
90
35
54
64
92
93
86
40
39
91
20
32
53
74
68
18
46
45
49
57
6
60
10
13
5
7
4
55
27
42
73
83
70
33
59
77
69
78
41
67
47
88
15
51
58
71
17
3
79
9
19
52
23
24
43
50
61
66
84
26
89
12
25
62
11
36
48
56
80
81
82
44
75
37
63
28
65
8
22
16
85
31
72
29
38
94
87
14
21
30
76
90
35
54
64
92
93
86
40
39
91
20
32
53
74
46
33
55
24
45
57
18
23
49
67
73
22
41
59
60
27
28
58
68
69
10
42
43
51
66
6
7
17
47
70
13
77
26
52
78
4
83
15
19
25
31
36
37
61
63
65
9
11
38
81
5
40
44
71
80
16
29
50
21
48
62
79
82
12
34
56
30
54
64
72
75
84
14
20
32
35
88
89
8
39
3
86
76
85
87
90
2
93
94
91
92
1
0
96
95
53
74
46
45
57
68
49
60
97
55
99
18
33
98
73
59
27
42
67
69
41
70
47
24
51
58
77
23
78
17
43
13
66
52
71
26
28
19
22
6
7
25
61
15
10
36
83
50
37
48
4
79
62
63
44
65
80
31
56
81
5
9
75
38
74
24
33
46
53
22
23
28
55
67
73
18
41
45
10
57
59
69
6
49
7
17
43
51
58
60
66
27
42
47
70
4
13
77
78
9
11
26
40
68
81
31
37
38
52
63
65
83
89
15
25
34
36
19
61
80
5
16
29
44
21
82
71
79
12
20
30
84
88
32
48
50
54
62
64
72
14
35
56
75
86
3
8
39
87
85
76
2
90
94
93
91
92
1
0
96
95
53
74
46
33
24
97
99
55
98
45
22
23
28
41
57
67
73
49
18
59
27
43
60
69
42
58
47
51
66
17
10
68
70
26
6
7
52
77
13
31
38
78
25
36
37
40
63
65
4
9
15
19
61
11
44
29
34
81
83
16
21
71
80
5
48
30
50
62
79
54
56
82
12
20
64
72
32
35
75
89
14
84
39
88
8
3
86
76
85
87
46
43
41
44
45
42
47
49
90
2
48
51
53
52
55
37
40
50
38
39
36
35
28
33
34
54
25
26
27
31
23
24
32
29
57
94
30
17
20
22
58
56
93
15
18
19
21
59
61
91
16
60
10
12
14
13
11
64
7
9
62
67
63
65
6
8
66
69
74
92
4
5
68
72
71
1
43
44
77
41
42
46
70
73
75
80
3
45
47
49
48
78
40
51
52
53
55
76
37
39
50
35
38
79
36
81
82
33
34
54
28
31
84
26
32
0
23
24
25
27
29
20
30
57
22
83
17
56
85
58
18
19
21
15
61
59
16
87
14
60
12
86
10
13
11
62
9
7
63
64
43
67
41
42
44
65
2
45
46
47
66
8
48
6
49
69
37
39
50
53
72
74
40
51
52
55
71
35
68
88
75
77
89
5
34
38
70
73
36
54
4
33
28
31
80
26
32
24
25
78
23
27
76
29
20
22
57
79
30
17
81
3
56
58
18
19
21
61
82
15
59
90
16
14
60
84
12
83
10
85
43
13
42
47
62
41
44
45
46
63
48
49
11
64
67
9
65
39
50
53
37
52
55
66
40
51
7
35
87
34
69
54
72
8
33
36
38
71
74
86
6
26
28
31
1
32
68
70
73
24
75
77
25
23
27
29
57
22
20
30
78
5
17
56
58
91
61
76
80
4
18
19
21
59
79
92
15
81
0
60
2
16
94
82
14
12
42
43
47
62
45
41
44
63
46
88
93
3
48
53
49
55
10
50
52
39
64
13
37
51
65
66
67
95
35
54
84
40
34
11
69
72
83
9
33
26
31
71
85
28
36
38
57
70
74
89
32
73
24
68
25
27
56
77
58
61
23
29
75
7
8
22
6
59
20
30
78
90
17
60
19
21
76
18
80
87
62
79
86
47
15
63
42
53
96
81
16
43
5
52
55
41
45
46
49
50
97
64
66
44
65
82
4
48
51
67
37
54
14
39
12
35
10
13
69
57
34
61
72
40
56
71
33
99
70
31
58
68
73
74
28
26
36
59
24
27
38
25
11
32
75
77
60
23
29
84
9
22
62
30
83
2
85
3
20
63
78
76
17
19
21
6
18
53
47
65
66
8
64
88
55
67
52
54
80
7
50
79
42
49
51
46
41
45
92
1
43
16
37
61
15
44
81
69
57
48
56
82
59
91
58
68
39
71
72
35
70
14
73
74
0
34
60
98
89
87
12
33
13
62
75
26
28
86
40
31
25
63
5
24
27
36
38
77
10
32
66
65
78
64
67
53
29
30
76
23
4
55
11
22
54
61
47
83
21
50
84
20
69
79
52
80
9
90
57
68
51
59
71
18
58
37
19
85
70
46
72
93
42
73
45
74
56
17
49
89
24
6
22
74
10
33
46
4
7
23
28
88
43
45
53
73
55
9
13
17
57
83
18
41
66
5
27
49
67
36
42
58
59
60
69
81
82
86
15
26
31
77
84
3
11
19
38
40
47
37
51
68
78
94
25
52
70
80
16
21
34
65
87
14
44
61
8
12
29
63
79
32
71
75
64
72
90
20
30
50
54
91
48
85
39
56
62
35
93
92
2
76
1
0
96
95
74
97
83
18
82
99
78
81
17
73
77
80
84
7
22
6
10
13
75
23
24
79
69
9
15
16
33
70
86
4
11
85
88
89
98
19
28
5
25
71
76
12
20
21
26
27
68
8
72
87
14
31
46
67
36
66
3
45
29
41
53
57
65
30
40
42
32
37
55
58
59
63
34
43
90
35
38
47
49
60
64
51
62
61
52
48
91
93
44
92
39
94
2
50
56
54
1
0
96
95
46
53
45
57
33
41
49
55
58
23
24
51
59
28
47
74
22
26
27
42
67
18
31
36
43
60
61
17
37
38
52
25
44
69
29
48
54
56
62
66
30
34
50
65
68
64
73
21
40
63
70
19
35
39
13
20
32
15
16
71
75
77
10
72
78
14
9
12
7
6
11
53
80
55
76
46
51
57
8
45
49
58
47
79
41
59
42
43
52
61
44
48
50
54
56
60
81
4
5
62
67
83
82
64
65
66
37
38
63
36
39
40
34
84
33
35
69
31
68
28
70
74
27
73
85
24
25
26
29
30
32
71
23
72
75
3
22
20
53
77
17
21
18
19
55
46
51
57
78
45
49
58
86
87
47
41
59
15
42
43
52
16
61
76
50
54
56
60
88
13
14
44
48
62
67
12
80
66
10
37
63
64
65
79
38
39
36
40
89
9
11
34
35
33
7
81
69
2
28
31
68
6
70
82
8
26
27
32
71
24
25
29
30
73
74
90
23
83
72
4
5
53
84
22
75
20
55
77
21
57
91
17
19
46
51
85
18
45
47
49
58
41
59
78
42
61
43
52
54
92
15
60
76
44
48
50
56
1
16
62
67
14
37
66
63
64
13
39
65
80
0
3
12
36
38
34
35
40
79
93
33
86
87
10
94
69
28
31
68
11
26
27
32
70
81
9
24
29
71
25
30
73
74
7
23
82
72
88
6
8
22
20
75
53
77
21
83
55
84
17
19
89
18
57
78
46
47
5
41
45
58
4
42
51
59
61
49
43
85
2
15
52
76
54
95
97
16
56
60
67
14
37
44
50
62
66
48
90
39
64
12
13
34
36
63
65
80
33
35
38
79
40
28
10
31
69
68
26
27
32
81
24
71
96
98
99
3
11
25
29
70
86
87
30
73
74
9
23
82
7
72
22
91
20
6
8
75
92
21
77
19
1
17
18
83
78
53
84
88
0
15
55
5
4
16
41
47
76
46
57
42
45
61
85
58
14
59
37
43
89
12
51
80
79
93
34
49
66
67
13
54
33
52
62
35
39
44
10
28
36
56
60
38
63
31
48
50
64
26
65
81
94
2
69
27
40
68
90
11
24
32
25
71
73
29
74
9
23
30
82
86
70
87
7
22
3
20
72
6
8
75
77
21
18
19
17
78
83
84
15
16
95
76
5
4
14
88
85
79
80
12
92
53
91
41
10
13
37
47
81
42
46
34
55
61
33
28
45
11
57
58
89
26
35
82
97
31
59
24
43
27
36
86
0
39
67
9
66
69
87
71
25
32
1
23
90
96
73
68
38
74
29
62
51
7
30
44
6
20
54
2
8
22
63
64
70
49
65
77
18
40
56
48
60
52
99
3
19
72
75
93
17
21
83
50
84
78
15
98
94
16
85
5
4
14
79
88
76
12
80
10
81
13
82
11
91
87
74
33
6
10
24
18
46
89
7
23
27
73
45
53
83
4
5
17
22
68
69
77
78
9
13
28
41
81
88
42
55
67
70
11
49
57
26
47
80
15
25
43
60
82
84
19
36
37
31
51
59
79
3
38
58
86
12
40
71
21
29
30
34
65
66
16
44
52
72
75
87
14
63
8
48
61
20
85
35
32
39
56
62
64
50
76
54
94
90
93
91
2
92
1
0
96
95
74
33
46
53
73
10
18
24
45
55
41
68
6
7
22
23
27
42
49
57
60
67
69
28
59
77
78
4
70
83
13
17
43
47
58
5
9
51
81
89
26
66
11
15
36
37
80
19
25
31
38
52
65
82
88
63
71
79
84
40
61
3
29
44
12
16
48
21
30
34
50
72
75
8
56
62
86
14
64
20
35
54
32
39
85
87
76
90
94
93
2
91
92
1
0
96
95
74
53
33
46
10
55
18
45
73
24
41
6
7
22
23
49
57
60
67
68
69
27
28
42
59
77
4
13
58
70
78
17
51
83
9
43
47
66
5
81
89
11
15
19
26
52
36
37
38
65
80
25
31
61
63
71
82
16
79
88
29
40
44
84
3
12
21
50
48
62
72
75
8
30
34
56
64
14
20
54
35
86
32
39
85
87
76
90
94
93
2
91
92
1
0
96
95
41
42
46
47
45
48
58
51
59
33
38
62
34
37
61
54
57
64
65
39
53
44
74
53
46
33
55
10
18
24
45
73
22
23
41
49
57
60
67
6
7
28
59
69
27
42
58
68
4
13
43
51
70
77
78
9
17
47
66
83
5
15
26
52
81
89
11
19
36
37
38
65
25
31
61
63
80
16
40
71
82
88
79
84
29
44
50
3
12
21
48
8
34
54
56
62
64
72
75
14
20
30
35
86
32
39
85
87
76
90
94
93
2
91
92
1
0
96
95
74
53
46
33
55
10
18
24
45
73
22
23
41
49
57
60
67
6
7
28
59
68
69
27
42
58
4
13
51
70
77
78
9
17
43
47
66
83
5
15
26
52
81
89
11
19
37
38
65
25
31
36
61
63
80
16
71
82
88
40
44
79
84
29
50
3
12
21
48
62
8
34
54
64
72
75
14
30
56
20
86
35
32
39
85
87
76
90
94
93
2
91
92
1
0
96
95
