47
68
84
70
73
79
80
85
77
74
71
83
40
41
67
58
69
44
57
60
65
34
45
76
26
37
48
66
78
81
82
46
61
15
49
50
63
88
11
32
43
56
64
51
53
86
14
38
42
59
89
12
62
75
4
17
19
36
39
52
54
72
55
16
23
30
21
28
29
13
87
91
24
27
9
22
5
10
18
20
92
25
33
6
8
35
31
7
2
94
90
93
3
1
95
97
99
98
96
0
47
68
84
70
73
79
80
85
77
74
71
83
40
41
67
58
69
44
60
65
34
45
57
26
37
48
66
76
78
81
82
46
61
49
15
43
50
63
88
11
32
56
64
38
51
53
86
89
14
42
59
12
36
62
75
17
19
39
52
54
4
72
55
16
30
21
23
28
29
13
91
87
24
27
9
22
10
18
20
92
5
33
25
6
35
8
31
94
7
93
2
90
3
1
95
97
99
98
96
0
47
68
70
73
79
77
80
84
71
74
85
26
67
11
37
41
45
57
58
60
69
83
15
34
40
44
48
65
76
78
81
82
4
14
38
43
46
49
56
61
63
66
12
19
50
51
52
53
64
86
13
17
23
27
32
42
54
62
89
8
16
28
29
36
39
55
59
75
88
9
10
18
21
30
72
87
5
6
22
24
7
20
33
25
35
91
2
31
92
3
1
90
94
93
95
97
99
96
98
0
47
68
70
84
73
85
77
79
80
74
40
41
67
71
83
34
44
45
58
65
69
37
57
60
26
48
76
78
81
82
66
46
61
11
15
43
49
50
63
88
32
38
56
64
51
53
86
14
42
89
12
59
62
4
17
36
39
52
54
75
19
55
72
23
30
16
21
28
13
29
27
87
24
91
9
10
20
22
5
18
92
25
33
8
35
6
31
7
94
93
2
90
3
1
95
97
99
98
96
0
47
68
44
45
34
37
41
67
70
77
79
38
40
58
73
74
80
84
85
11
60
66
71
76
81
82
43
53
63
64
65
78
83
86
12
23
49
50
54
55
56
57
69
4
8
14
15
26
27
36
42
46
48
51
61
88
5
10
17
28
32
39
52
59
62
89
13
21
35
87
9
16
19
29
30
18
24
31
33
72
75
6
22
25
91
2
7
20
92
3
90
1
93
94
95
97
99
96
98
0
47
68
44
45
34
37
40
67
77
41
70
74
80
85
58
73
79
84
38
60
81
66
71
76
78
82
86
11
43
53
63
64
65
83
69
88
23
46
48
49
50
54
55
56
57
12
26
36
61
14
15
27
32
42
51
89
4
10
17
28
39
52
59
62
5
8
21
30
35
87
13
16
19
29
75
9
31
33
72
24
91
25
6
18
22
92
20
2
3
7
93
94
90
1
95
97
99
98
96
0
11
8
37
45
70
77
79
4
15
27
38
47
67
68
14
23
26
34
43
73
74
80
85
12
13
41
44
58
60
78
81
82
84
86
5
10
17
28
40
48
49
51
52
53
55
56
57
63
71
76
6
7
9
18
19
21
29
35
46
54
64
65
66
69
83
32
36
39
42
62
87
16
22
24
30
31
33
50
61
89
2
20
25
59
88
75
72
3
91
92
1
90
94
93
95
97
96
99
98
0
47
68
77
79
11
37
45
67
70
34
38
41
44
73
74
80
84
85
4
8
14
15
23
26
27
40
43
58
60
71
78
81
82
86
12
48
49
51
53
56
57
63
65
69
76
83
10
13
17
19
28
46
52
54
55
64
66
5
9
21
29
32
36
39
42
50
61
62
87
6
7
16
18
24
30
35
88
89
22
31
33
59
2
20
25
72
75
91
92
3
1
90
94
93
95
97
99
96
98
0
11
47
68
70
77
79
37
45
67
15
34
38
41
44
73
74
80
84
85
4
8
12
14
23
26
27
40
43
58
60
71
76
78
81
82
86
46
48
49
51
53
56
57
63
65
66
69
83
5
10
13
17
19
28
42
52
54
55
64
9
21
29
32
35
36
39
50
61
62
87
88
6
7
16
18
24
30
33
59
89
22
31
2
20
25
72
75
91
92
3
1
90
94
93
95
97
99
96
98
0
11
45
47
68
70
77
79
34
37
67
73
74
80
85
4
8
15
26
38
41
44
60
81
84
12
14
23
27
40
43
58
63
71
76
78
82
86
13
17
28
46
48
49
51
52
53
54
55
56
57
65
66
69
83
5
10
19
21
36
39
42
61
64
6
9
18
29
30
32
35
50
62
87
88
89
7
16
24
31
33
59
20
22
25
72
75
2
91
92
3
1
90
94
93
95
97
99
96
98
0
47
34
37
41
44
45
67
68
11
14
15
23
26
27
38
40
43
48
49
53
56
57
60
70
73
77
17
18
19
21
28
29
30
32
36
42
46
50
51
52
54
55
58
63
65
69
71
74
79
12
13
22
24
25
31
33
35
39
59
61
62
64
66
76
78
80
10
16
20
81
8
9
72
82
84
85
4
7
75
83
86
5
6
87
2
88
3
89
1
91
92
90
94
93
95
97
96
99
0
98
47
45
49
53
44
48
41
50
51
52
55
56
37
54
57
27
40
46
67
15
23
26
34
38
43
60
68
17
42
58
63
70
11
14
21
73
18
19
28
32
36
65
69
24
29
30
61
62
64
66
71
20
31
33
39
59
13
22
25
35
74
12
16
10
77
72
79
78
9
76
80
81
8
75
7
4
5
82
84
6
83
85
86
2
3
87
88
89
1
91
92
90
94
93
95
97
96
99
0
98
27
37
15
17
18
21
26
30
40
41
53
14
23
25
29
32
33
34
44
45
67
78
11
19
20
24
31
36
38
42
47
48
49
50
56
63
69
79
13
22
28
35
43
55
57
59
60
65
68
70
73
77
81
84
5
7
9
10
12
39
46
51
52
54
58
61
62
71
74
76
80
83
85
4
16
64
66
72
82
6
8
75
86
2
87
88
3
89
1
91
92
90
93
94
95
97
96
0
99
98
37
26
27
41
45
23
34
38
40
44
47
21
29
30
32
33
36
43
49
53
15
17
18
24
25
28
31
35
42
48
50
56
67
14
19
20
22
39
46
52
55
57
63
51
54
58
60
68
70
11
59
61
65
69
73
13
62
64
66
71
12
16
74
10
72
77
78
79
9
76
80
81
7
8
75
4
5
84
82
83
85
6
86
2
87
3
88
1
89
91
92
90
94
93
95
97
0
96
99
98
27
37
40
26
38
41
44
45
15
23
47
17
30
33
11
29
39
43
42
14
19
32
34
50
53
18
48
49
21
28
22
46
67
31
35
24
25
54
20
55
10
36
13
52
56
57
5
51
12
60
65
9
59
63
79
69
70
4
62
73
8
16
71
78
58
82
64
7
77
61
84
68
81
74
80
76
6
2
85
66
83
72
86
3
75
87
44
37
45
89
27
41
40
1
38
39
42
47
30
26
48
43
50
23
31
33
19
29
49
92
32
35
46
51
24
28
34
54
18
22
17
53
88
21
52
55
15
56
57
91
10
59
36
11
20
25
65
60
62
63
12
0
14
70
67
94
58
73
79
90
16
69
68
13
9
71
5
64
61
66
78
7
8
74
4
45
82
44
81
37
76
80
72
41
42
48
84
40
47
6
39
75
27
49
30
43
50
77
51
83
93
33
46
31
38
2
23
54
55
96
19
26
53
29
24
52
32
22
34
98
35
28
56
59
3
21
57
86
65
18
63
62
87
58
15
17
60
70
10
20
67
25
36
73
11
68
12
64
71
85
66
61
95
69
79
13
45
14
99
97
44
16
74
78
48
42
89
37
72
41
40
39
47
9
1
49
27
76
51
33
5
75
31
46
30
52
43
80
50
82
38
53
55
26
83
92
59
88
34
56
63
65
23
81
35
19
77
29
8
7
22
58
4
57
32
54
84
89
88
91
92
4
85
87
82
1
5
90
2
83
86
93
6
7
8
3
94
79
11
77
78
81
27
37
95
97
80
9
14
18
26
29
33
96
10
15
23
30
31
34
76
99
13
17
21
25
35
38
41
12
24
28
32
36
40
45
67
0
19
20
39
42
44
53
74
22
43
63
75
98
50
68
70
73
16
47
48
49
55
56
60
69
71
46
54
57
58
62
51
52
59
64
65
72
61
66
79
11
78
14
15
77
37
17
26
27
81
84
18
23
80
13
21
76
85
10
12
82
83
9
19
34
74
20
24
25
29
73
86
4
8
16
22
28
30
38
5
7
31
33
40
67
70
75
32
41
36
68
69
71
35
44
45
87
6
39
42
43
72
63
47
2
65
66
46
60
88
53
64
3
48
49
58
61
62
56
59
89
50
57
51
52
54
55
1
91
92
90
93
94
95
97
96
99
0
98
37
79
27
11
84
14
15
26
78
67
77
45
23
34
41
44
47
17
40
38
53
21
18
68
49
48
50
56
4
29
30
43
55
70
73
36
51
57
63
33
42
52
54
69
28
32
46
60
19
24
31
58
81
8
25
39
65
71
74
85
13
20
35
80
22
62
10
59
61
64
66
12
76
9
82
5
16
72
83
7
75
6
86
87
2
37
3
88
89
79
27
1
11
26
45
40
41
44
67
15
47
91
92
34
38
48
53
14
23
43
49
50
56
78
54
55
77
42
51
30
46
65
39
52
33
35
57
59
63
32
60
70
73
17
29
62
69
84
21
28
31
36
58
68
71
18
61
90
64
19
24
25
74
66
22
81
13
80
20
37
76
10
72
82
12
4
94
9
16
93
75
83
85
8
86
5
27
87
7
45
6
41
44
95
79
2
40
0
97
26
47
48
96
98
99
38
43
49
50
53
11
55
39
42
56
67
89
3
34
51
30
52
23
54
46
59
65
33
35
63
31
88
32
70
29
57
58
60
62
73
28
15
78
17
19
21
18
24
64
68
36
71
14
22
69
37
66
25
61
74
91
1
20
10
84
80
92
12
76
77
82
4
16
72
83
13
81
9
27
75
45
5
90
86
40
44
94
41
7
26
8
48
39
79
85
42
6
47
38
87
30
43
50
33
53
55
49
51
93
23
67
11
52
59
35
56
2
63
31
34
3
65
24
19
29
54
32
58
18
89
28
73
98
21
46
62
17
0
96
60
22
68
70
37
71
74
95
97
15
64
57
66
78
88
10
76
25
69
82
12
91
99
83
84
14
4
36
80
92
84
85
78
79
82
83
86
89
4
11
15
26
76
77
80
81
87
88
5
8
14
17
23
27
37
70
74
7
29
34
38
41
68
73
6
9
12
13
19
20
21
28
32
35
40
67
71
91
92
2
10
16
18
22
24
25
30
31
33
36
39
43
44
45
69
75
1
3
42
47
60
63
46
58
61
64
65
66
72
90
94
48
53
56
57
59
93
49
50
52
55
62
51
54
95
97
96
99
98
0
37
37
79
11
15
26
34
45
47
67
68
70
77
78
80
84
85
4
14
17
23
27
38
40
41
44
73
74
81
83
8
12
13
18
21
28
29
30
32
36
43
48
53
58
60
63
65
69
71
76
82
86
5
7
9
10
19
24
31
33
35
39
42
46
49
50
51
52
55
56
57
64
66
87
88
6
16
20
22
25
54
59
61
62
72
75
89
2
3
91
92
1
90
94
93
95
97
96
99
98
0
79
11
15
27
37
45
47
67
68
70
77
78
4
13
14
17
23
26
34
38
40
41
44
73
74
80
81
84
85
8
9
10
12
18
21
28
36
42
43
48
49
50
53
55
56
57
58
60
63
65
69
71
76
82
83
86
5
7
19
24
29
30
31
32
33
39
46
51
52
54
61
62
64
66
87
6
16
20
22
25
35
59
72
75
88
2
89
3
1
91
92
90
93
94
95
97
96
99
0
98
37
11
27
44
45
47
67
77
79
4
14
15
17
23
26
34
38
40
41
53
68
70
78
80
84
85
5
7
8
9
10
12
13
18
21
28
30
36
42
43
48
49
50
51
54
55
56
57
58
60
63
65
69
71
73
74
76
81
82
83
86
6
19
24
25
29
31
32
33
35
39
46
52
62
87
16
20
22
59
61
64
66
88
2
72
75
89
3
1
91
92
90
93
94
95
97
96
99
0
98
37
11
15
27
45
47
67
68
77
79
4
14
17
23
26
34
38
40
41
44
53
56
63
70
73
74
78
80
81
84
85
5
7
8
9
10
12
13
18
21
28
30
36
42
43
48
49
50
51
54
55
57
58
60
65
69
71
76
82
83
86
6
19
22
24
29
31
32
33
35
39
46
52
61
62
64
66
87
16
20
25
59
72
88
2
75
89
3
1
91
92
90
93
94
95
97
96
99
0
98
