15
16
17
18
31
32
33
34
35
37
39
40
41
42
43
44
45
46
47
48
51
52
54
58
59
63
64
66
67
69
71
74
75
13
14
19
20
21
22
23
24
25
26
27
28
29
30
36
38
49
50
53
55
56
57
60
61
62
65
68
70
72
73
76
77
78
79
80
81
82
83
84
85
86
87
88
89
8
9
10
11
12
90
91
7
92
6
4
5
93
94
3
95
96
1
2
0
97
98
99
15
16
17
18
19
20
21
22
24
25
32
33
34
35
37
38
39
40
41
42
43
44
45
46
47
48
50
51
52
53
54
56
58
59
61
62
63
64
67
74
75
23
26
27
28
29
30
31
36
49
55
57
60
65
66
68
69
70
71
72
73
13
14
76
77
78
79
80
82
81
83
84
85
86
87
88
89
11
8
9
10
12
90
91
7
6
92
4
5
93
94
3
95
96
2
1
0
97
98
48
51
39
40
42
45
52
61
62
66
74
30
31
32
33
34
36
41
43
46
47
54
55
56
57
58
59
60
63
67
70
71
99
17
25
35
37
44
49
50
53
64
65
68
69
73
15
16
21
22
23
24
28
38
72
75
18
26
27
29
76
77
19
20
78
79
80
81
82
84
85
14
83
87
13
86
88
89
12
91
11
90
8
9
10
92
7
6
5
4
94
93
96
3
48
51
61
66
42
52
62
74
40
45
71
95
31
36
39
56
57
2
30
32
33
43
47
60
70
73
17
34
55
59
67
1
41
46
53
58
63
25
49
54
65
68
69
72
15
16
22
23
24
38
50
64
76
21
28
35
37
77
81
27
29
44
75
18
26
79
80
19
20
78
0
84
87
85
14
82
83
86
97
13
88
98
89
99
90
91
12
11
9
8
92
10
94
5
6
7
66
48
61
51
42
62
40
71
74
52
31
96
30
36
45
33
39
17
73
56
57
60
70
93
4
32
34
43
47
59
55
67
16
77
81
63
68
69
15
41
46
58
72
76
25
22
23
65
21
49
53
28
37
54
38
87
24
84
95
80
50
64
79
27
85
29
35
75
78
26
18
19
3
44
82
14
83
2
88
86
20
89
97
1
13
0
99
98
90
15
16
17
18
33
34
35
37
39
40
41
42
43
44
45
46
47
48
51
52
54
58
59
63
64
67
69
71
74
75
13
14
19
20
21
22
23
24
25
26
27
28
29
30
31
32
36
38
49
50
53
55
56
57
60
61
62
65
66
68
70
72
73
76
77
78
79
80
81
82
83
84
85
86
87
88
89
11
8
9
10
12
90
91
6
7
92
4
5
93
94
2
3
95
96
1
0
97
98
99
35
39
42
43
44
48
51
52
54
15
16
17
18
32
33
34
37
38
40
41
45
46
47
50
53
56
58
59
61
63
64
74
75
19
20
21
22
23
24
25
26
27
28
29
30
31
36
49
55
57
60
62
65
66
67
68
69
70
71
73
72
76
78
79
13
14
77
80
81
82
83
84
85
86
87
89
88
8
9
10
11
12
90
91
7
6
92
4
5
93
94
95
96
2
3
1
0
48
33
39
40
42
43
45
47
51
52
30
31
32
34
36
38
41
44
46
49
50
53
54
55
56
57
58
59
60
61
62
66
97
17
22
24
25
28
35
37
63
64
65
67
71
15
16
18
21
23
26
27
29
68
69
70
73
74
19
20
72
75
76
77
78
79
81
98
14
80
13
82
84
83
85
86
87
99
88
89
12
9
11
10
90
91
8
92
6
7
5
4
94
93
42
48
51
52
61
62
40
45
66
31
36
39
56
57
30
32
33
34
43
47
60
71
74
96
46
55
59
70
41
49
53
54
58
63
73
95
50
67
3
17
25
38
65
68
69
24
28
35
37
64
72
15
16
21
22
44
2
23
27
26
29
18
75
76
77
81
1
19
79
20
80
78
14
84
85
82
87
83
86
13
0
88
97
89
12
91
11
90
98
8
9
99
10
92
61
66
42
48
51
62
40
52
5
31
74
36
39
45
71
30
57
94
7
33
56
60
73
32
6
34
43
47
70
55
59
17
4
46
58
63
67
41
49
25
53
54
72
65
68
69
16
22
38
50
15
23
24
64
93
21
28
35
76
77
81
37
29
27
44
75
26
79
80
96
19
18
78
20
84
85
87
95
82
3
14
83
86
2
13
88
1
89
91
0
12
90
66
61
15
16
17
18
32
33
34
35
37
39
40
41
42
43
44
45
46
47
48
51
52
54
58
59
64
13
14
19
20
21
22
23
24
25
26
27
28
29
30
31
36
38
49
50
53
55
56
57
60
61
62
63
65
66
67
68
69
70
71
72
73
74
75
76
77
78
79
80
81
82
83
84
85
86
87
88
89
8
9
10
11
12
90
91
7
6
92
4
5
93
94
3
95
96
2
1
0
97
98
99
39
43
15
16
17
18
32
33
34
35
37
38
40
41
42
44
45
46
47
48
50
51
52
53
54
58
19
20
21
22
23
24
25
26
27
28
29
30
31
36
49
55
56
57
59
60
61
62
63
64
66
67
69
74
75
65
68
70
71
72
73
76
13
14
77
78
79
80
81
82
83
84
85
86
87
88
89
9
10
11
12
8
90
91
7
92
6
4
5
93
94
95
96
2
3
1
0
97
33
39
40
42
43
45
48
51
52
30
31
32
34
36
38
41
46
47
49
50
53
54
56
57
61
62
16
17
18
21
22
23
24
25
27
28
35
37
44
55
58
59
60
63
66
67
15
19
26
29
64
65
69
70
71
73
74
20
68
72
75
76
98
14
77
78
79
80
81
13
82
84
99
83
85
86
87
88
89
12
9
11
91
8
10
90
92
7
6
5
4
94
93
42
48
51
40
45
52
61
62
66
96
31
36
39
57
30
32
33
43
47
56
60
34
46
55
59
71
74
95
41
49
53
54
58
63
70
73
3
25
38
50
67
17
65
68
69
16
21
22
24
28
35
37
44
64
72
2
15
23
27
29
18
26
76
75
77
81
1
19
20
79
80
78
14
84
82
85
87
83
86
13
0
88
97
89
12
91
98
9
11
90
99
8
10
92
5
7
66
51
61
94
48
62
6
40
42
52
71
4
31
74
30
39
36
45
57
33
56
60
73
17
32
70
34
43
47
55
59
25
67
41
58
63
93
16
96
46
49
72
15
69
23
24
53
68
21
54
22
38
65
81
28
76
77
37
50
29
64
18
26
35
27
75
3
19
80
79
87
95
85
14
84
44
20
2
78
86
83
82
13
88
1
89
91
0
90
97
98
92
11
12
99
9
94
8
32
33
34
35
36
37
38
39
40
41
42
43
44
45
46
47
48
50
51
52
53
54
56
58
59
60
61
62
63
64
65
66
67
69
15
16
17
18
19
20
21
22
23
24
25
26
27
28
29
30
31
49
55
57
68
70
71
72
73
74
75
76
77
78
79
13
14
80
81
82
83
84
85
86
87
89
88
11
8
9
10
12
90
91
6
7
92
4
5
93
94
3
95
96
1
2
0
97
98
99
35
39
41
42
43
44
45
46
48
51
52
54
18
31
32
33
34
36
37
38
40
47
49
50
53
55
56
58
59
60
61
62
63
64
65
66
67
74
16
17
19
20
21
22
23
24
25
26
27
28
29
30
57
68
69
70
71
73
75
15
72
76
77
78
79
80
81
14
82
83
84
13
85
86
87
88
89
11
8
9
10
12
90
91
7
6
92
4
5
93
94
95
96
2
3
1
48
0
39
40
42
43
45
46
47
51
52
30
31
32
33
34
36
38
41
44
49
50
53
54
55
56
57
58
59
60
61
62
63
66
28
35
37
64
65
67
71
16
17
18
21
22
23
24
25
26
27
29
68
69
70
73
74
15
19
20
72
75
76
77
78
79
97
80
81
14
82
84
13
83
85
98
86
87
88
89
99
12
9
11
8
10
91
90
7
92
6
5
4
42
48
51
61
52
62
66
36
40
45
56
57
94
31
39
43
47
60
93
30
32
33
34
46
49
55
58
59
71
74
41
53
54
63
67
70
73
50
25
38
64
65
68
69
72
28
35
37
44
17
21
22
24
16
23
27
29
15
26
76
75
96
18
77
81
19
79
95
3
20
78
80
2
84
14
82
85
1
83
87
86
13
88
89
0
97
12
91
11
8
9
90
98
10
61
66
99
51
62
42
48
40
52
36
71
74
92
31
57
30
39
45
56
60
73
32
33
70
34
47
43
55
59
7
5
17
6
63
67
46
49
58
72
25
41
53
65
68
54
69
94
22
16
15
23
28
50
76
21
24
38
64
77
4
29
81
35
27
37
75
26
79
80
44
19
93
78
18
20
85
84
87
96
14
83
82
86
3
13
95
88
2
1
15
18
13
14
16
17
19
20
21
22
23
24
25
26
27
28
29
30
31
32
33
34
35
36
37
38
39
40
41
42
43
44
45
46
47
48
49
50
51
52
53
54
55
56
57
58
59
60
61
62
63
64
65
66
67
68
69
70
71
72
73
74
75
76
77
78
79
80
81
82
83
84
85
86
87
88
89
90
91
8
9
10
11
12
92
6
7
4
5
93
94
95
96
2
3
1
0
97
98
99
15
16
17
18
35
39
43
44
19
20
21
22
23
24
32
33
34
37
38
40
41
42
45
46
47
48
50
51
52
53
54
58
74
75
14
25
26
27
28
29
30
31
36
49
55
56
57
59
60
61
62
63
64
65
66
67
69
70
71
73
76
77
78
79
80
81
82
83
84
85
86
87
13
68
72
88
89
90
91
9
10
11
12
8
92
7
6
4
5
93
94
95
96
2
3
1
0
97
33
39
40
42
43
45
48
51
52
30
31
32
34
36
38
41
46
47
49
53
54
56
57
58
61
62
66
98
15
16
17
18
21
22
23
24
25
26
27
28
35
37
44
50
55
59
60
63
64
67
71
74
19
20
29
65
68
69
70
72
73
75
76
77
78
79
80
81
99
13
14
82
84
83
85
86
87
88
89
12
91
9
11
90
8
10
92
6
7
5
94
4
93
96
95
42
48
51
52
61
66
39
40
45
62
30
31
32
33
36
43
47
56
57
74
3
34
46
55
59
60
71
41
49
53
54
58
63
67
70
73
17
25
38
50
68
69
2
16
21
22
24
28
35
37
44
64
65
72
15
23
27
26
29
75
76
77
81
18
79
80
1
19
20
78
84
82
85
87
14
83
86
13
88
97
0
89
98
12
91
99
90
9
11
8
10
92
7
94
6
5
61
66
48
51
4
40
42
62
52
31
71
74
30
36
39
45
93
33
57
60
73
56
17
32
47
70
34
43
55
96
59
67
25
41
46
58
63
16
49
68
72
53
54
69
15
23
24
65
81
21
22
38
76
77
28
37
50
29
64
27
35
26
75
80
18
95
19
79
44
84
87
3
85
20
14
78
82
83
86
2
88
13
89
1
97
90
0
91
12
11
9
8
98
92
94
5
15
16
17
18
33
34
35
37
39
40
41
42
43
44
45
46
47
48
51
52
54
58
59
63
64
66
67
69
71
74
75
13
14
19
20
21
22
23
24
25
26
27
28
29
30
31
32
36
38
49
50
53
55
56
57
60
61
62
65
68
70
72
73
76
77
78
79
80
81
82
83
84
85
86
87
88
89
11
8
9
10
12
90
91
6
7
92
4
5
93
94
3
95
96
1
2
0
97
98
99
18
33
35
39
41
42
43
44
45
46
48
51
52
54
15
16
17
19
20
21
22
24
26
31
32
34
37
38
40
47
50
53
56
58
59
61
62
63
64
66
67
74
75
23
25
27
28
29
30
36
49
55
57
60
65
68
69
70
71
73
72
76
77
78
79
80
13
14
81
82
84
85
87
83
86
88
89
10
11
8
9
12
90
91
7
6
92
4
5
93
94
95
96
3
2
1
0
48
51
31
32
33
34
36
39
40
42
43
45
46
47
52
54
56
61
62
97
17
24
25
28
30
35
37
38
41
44
49
50
53
55
57
58
59
60
63
66
15
16
18
21
22
23
26
27
29
64
65
67
69
71
73
74
19
20
68
70
72
75
14
76
77
78
79
13
80
81
98
82
84
83
85
86
87
99
88
89
12
9
11
8
10
91
90
7
92
6
5
4
93
94
48
51
42
52
61
62
45
66
31
36
39
40
47
56
57
95
96
30
32
33
34
43
55
59
60
71
74
41
46
49
53
54
58
63
70
3
67
73
25
38
50
65
68
69
