766
668
649
290
519
539
330
587
460
859
437
627
274
295
420
507
590
810
758
659
379
669
795
825
409
408
619
373
441
253
292
432
721
311
459
463
497
576
478
338
464
467
554
422
152
400
731
237
713
154
496
719
855
827
535
875
304
425
230
411
378
561
794
537
358
492
612
673
178
435
142
224
723
235
329
448
481
515
525
169
324
524
661
319
393
512
584
596
310
433
455
446
469
498
732
442
647
443
516
776
472
555
667
696
260
372
710
804
194
404
468
643
698
306
357
637
236
598
607
640
602
215
414
471
530
753
266
349
489
832
258
283
568
578
815
332
488
711
818
316
641
736
193
217
518
557
738
790
245
606
644
709
728
257
529
354
391
485
577
817
254
293
527
697
127
586
654
767
252
739
765
111
180
415
192
392
533
688
896
923
336
591
187
282
445
800
813
202
313
450
339
579
256
288
390
407
551
918
439
544
706
775
93
141
229
594
599
611
281
430
628
501
101
251
345
384
413
772
157
416
651
834
902
556
597
210
410
563
603
633
657
693
760
877
322
383
503
773
453
613
695
724
177
616
275
452
571
742
558
588
797
318
458
714
729
100
399
583
369
526
343
543
783
225
398
560
566
655
666
851
153
362
567
745
287
899
575
532
690
789
824
107
188
626
740
161
203
440
618
645
249
347
605
708
255
370
396
552
730
397
559
663
796
865
939
418
807
173
534
913
233
479
857
200
387
401
406
704
97
549
155
211
726
805
854
705
299
656
930
493
547
218
382
553
565
635
835
361
916
961
158
175
389
658
799
412
806
839
179
610
672
784
133
402
419
486
495
146
298
348
514
787
212
423
456
595
117
240
509
757
499
135
508
792
148
222
388
513
725
870
748
321
143
632
92
334
737
366
609
145
328
466
793
546
268
297
717
646
76
780
144
170
264
562
958
569
630
664
689
674
105
831
276
871
881
900
280
375
528
84
371
523
205
801
904
184
858
933
186
457
296
777
675
90
289
634
648
335
809
680
216
593
679
779
951
160
884
538
340
172
906
948
380
385
886
350
427
494
682
323
451
677
162
337
771
294
734
782
701
164
344
405
700
300
98
617
761
190
112
317
828
239
363
781
213
476
752
763
692
94
269
620
139
816
823
949
844
208
431
545
751
843
924
174
197
291
473
694
69
589
621
244
484
542
837
940
922
932
238
614
359
623
685
447
702
301
531
86
785
454
755
601
681
386
341
520
662
307
365
209
691
189
653
168
191
140
866
353
660
171
733
183
309
720
480
652
72
957
582
879
138
449
980
477
272
615
811
482
87
214
185
928
487
502
622
883
234
67
522
978
830
351
821
962
325
852
368
263
221
284
864
741
808
228
403
134
131
320
231
436
302
580
106
715
678
346
267
47
762
136
838
997
541
976
540
511
703
364
911
625
377
167
887
128
42
303
665
917
727
950
206
376
219
271
889
8
699
639
109
676
956
461
510
993
331
897
604
243
506
