49
51
44
45
57
41
55
60
30
38
42
46
52
58
39
47
31
37
48
53
54
67
43
50
56
63
21
27
28
29
36
40
61
74
16
59
68
69
22
25
26
32
33
62
77
79
17
24
34
35
66
71
20
64
70
13
14
18
23
11
72
75
81
65
73
78
80
12
19
9
82
8
10
15
76
83
84
5
6
7
86
85
4
90
3
91
88
87
92
89
2
93
95
1
98
97
96
94
0
99
44
49
45
57
51
58
30
31
41
42
53
33
39
55
40
46
52
60
29
38
56
25
28
32
47
48
62
21
27
67
36
37
50
59
22
34
61
63
26
43
35
54
16
23
24
64
69
66
68
70
74
20
14
17
18
77
13
71
75
72
11
65
73
12
19
79
78
80
9
81
15
10
76
82
8
5
7
83
6
84
4
86
85
3
90
88
87
91
2
92
89
1
93
42
31
39
44
49
38
41
45
46
53
95
34
51
33
43
48
56
32
35
36
40
30
37
47
50
52
54
57
29
55
58
60
98
27
28
21
59
61
94
97
25
96
62
20
22
24
26
66
67
63
64
23
65
17
68
16
18
19
69
14
0
12
15
70
72
13
11
73
71
74
9
75
8
10
76
77
39
44
31
38
41
42
49
53
45
46
79
80
7
5
51
54
56
78
32
34
35
36
48
33
40
43
57
47
52
55
30
50
58
37
21
28
27
29
60
6
81
59
99
25
82
61
26
20
62
84
83
24
4
22
63
67
64
66
17
23
19
65
18
16
85
3
12
14
15
68
69
13
72
70
11
39
44
86
53
73
31
42
49
71
38
41
74
2
35
54
9
46
51
45
56
76
34
36
48
75
40
47
55
77
32
43
52
10
30
58
57
33
50
21
37
27
29
87
8
28
60
88
91
59
1
25
26
61
80
20
62
90
64
79
22
24
63
78
67
17
19
89
66
23
65
18
7
5
81
92
16
6
82
14
12
13
69
15
83
39
68
53
72
11
44
54
70
49
31
42
84
38
41
51
56
36
4
48
55
34
46
58
52
35
43
47
73
40
57
45
32
85
9
30
50
71
60
76
0
21
29
27
28
94
33
77
37
59
74
75
93
96
61
3
64
95
25
63
10
26
20
17
62
22
24
65
67
23
80
66
97
19
8
79
18
78
98
86
16
14
81
53
39
54
13
68
69
2
12
36
44
15
38
42
31
72
49
51
41
47
11
83
48
52
70
46
5
7
58
34
43
56
57
87
82
40
55
60
84
45
73
51
57
60
67
30
49
55
16
21
31
38
41
42
44
45
52
58
63
68
74
17
39
62
69
77
81
22
24
25
27
28
29
46
47
53
61
79
20
32
37
40
43
50
56
59
66
71
9
13
14
18
23
26
35
36
48
54
64
75
78
80
82
11
33
70
72
84
5
6
8
12
65
73
86
19
34
83
10
15
76
7
90
91
88
85
87
4
3
92
89
93
2
95
97
98
96
1
94
0
99
57
60
67
30
49
51
16
31
58
63
21
38
41
42
44
45
52
55
68
74
39
53
61
69
77
17
22
24
25
27
29
46
62
79
28
40
43
47
50
56
66
71
81
9
13
20
26
32
37
59
64
75
11
14
18
23
35
36
48
54
70
78
8
72
73
80
82
5
33
84
6
12
65
10
19
34
86
15
76
83
7
90
91
4
85
87
88
3
92
89
93
2
95
98
97
96
1
94
0
42
51
59
43
46
53
55
47
49
58
21
34
39
26
38
40
45
56
44
54
60
25
29
35
57
63
27
30
52
67
24
41
62
18
19
22
31
33
36
37
50
66
69
28
61
64
16
20
23
68
74
99
17
48
65
32
70
14
15
72
11
13
71
73
12
77
80
76
10
75
78
81
79
9
8
82
7
83
5
84
4
6
53
85
47
51
43
59
46
49
56
42
55
58
38
45
54
34
39
44
21
26
35
36
37
40
52
57
86
25
30
41
33
48
63
27
29
50
60
61
28
62
66
67
3
16
19
20
22
23
31
64
18
24
32
69
17
70
65
88
14
68
74
87
2
90
13
71
72
73
15
75
77
76
11
91
80
92
12
89
81
78
79
10
1
82
8
9
83
51
7
46
53
47
42
38
43
49
54
56
59
45
55
58
34
36
39
84
93
44
35
37
40
48
95
5
41
52
21
26
30
57
94
27
29
62
25
33
50
61
60
63
28
31
32
64
67
85
66
6
16
23
69
19
20
22
70
24
65
68
96
97
18
4
98
14
17
74
71
72
75
77
73
86
0
13
15
76
80
11
12
78
81
79
10
82
3
87
9
51
88
46
53
8
42
47
38
43
54
90
45
49
59
83
2
56
58
34
36
39
44
48
55
37
40
35
41
52
57
62
27
30
50
61
91
99
21
26
29
33
89
60
63
64
25
28
31
66
67
92
32
70
84
69
7
22
65
16
20
23
19
68
18
24
72
74
75
14
17
71
73
85
77
5
1
6
13
76
15
78
80
11
12
81
79
86
4
42
46
51
53
82
54
10
38
43
47
93
45
48
49
59
94
95
36
39
44
58
9
34
56
37
55
35
40
83
41
52
50
57
62
96
8
27
33
21
26
29
30
61
64
31
60
63
28
67
70
87
25
66
3
32
69
65
22
88
20
23
84
97
19
68
16
72
18
24
74
90
73
75
0
2
17
77
7
14
71
89
98
76
85
91
13
15
92
78
80
11
81
12
79
6
5
53
42
46
51
54
82
38
43
45
47
48
49
86
39
44
34
36
58
59
55
56
10
35
37
40
41
83
1
9
50
52
57
62
21
26
27
29
33
64
4
30
31
60
61
63
28
70
67
8
25
32
66
69
65
20
22
23
19
72
16
68
18
24
74
84
73
75
87
17
77
94
99
3
14
71
93
95
88
76
7
15
85
13
78
90
11
80
81
12
79
96
53
2
42
46
54
48
51
6
38
39
82
89
91
43
44
45
49
34
36
47
59
5
55
58
92
35
56
37
40
41
50
52
62
83
0
10
21
26
27
29
57
64
86
60
70
9
31
33
61
63
97
28
30
67
65
66
25
32
69
20
8
22
72
98
23
19
74
4
68
16
24
75
18
73
17
84
77
1
14
71
76
78
87
15
13
80
85
11
79
81
88
3
7
53
12
54
42
48
39
46
94
38
82
90
43
44
49
51
34
45
55
47
58
59
6
35
36
56
93
5
83
64
70
21
37
40
60
62
89
27
95
52
57
63
2
61
26
29
41
50
67
10
30
31
91
9
28
33
65
66
86
20
92
25
69
96
32
72
74
17
22
23
8
19
75
68
16
24
73
18
84
99
14
78
77
15
76
4
71
11
97
13
85
80
53
54
79
0
81
12
87
98
7
42
88
48
39
51
58
49
55
44
34
82
16
21
17
30
31
51
57
9
24
44
45
49
55
58
60
67
5
6
8
13
14
20
22
25
27
28
38
41
42
52
77
79
81
11
23
26
29
37
39
43
46
47
53
63
68
69
74
84
12
32
40
56
59
61
62
82
86
10
15
18
19
33
35
36
48
50
75
78
80
7
54
66
71
64
70
73
83
34
65
72
91
76
90
4
85
3
87
88
92
89
2
93
95
97
1
98
96
94
0
99
16
51
57
60
21
30
31
44
49
17
38
45
58
67
5
25
39
41
42
52
55
6
8
9
13
20
22
24
27
28
46
63
68
74
77
81
11
14
26
29
37
40
43
47
53
69
79
18
23
50
56
61
62
84
12
32
35
36
48
59
66
10
33
54
71
75
80
82
86
64
78
7
15
19
70
34
72
73
65
83
91
4
76
90
3
85
87
88
92
89
93
2
95
97
1
98
96
94
0
99
47
49
36
58
57
44
52
55
59
29
39
45
67
31
40
43
53
46
51
60
56
20
42
17
21
32
37
16
30
35
68
18
26
27
54
65
13
22
38
50
74
33
41
48
24
62
72
64
69
61
66
81
19
25
28
80
14
34
63
79
12
8
23
15
70
77
11
71
78
75
9
10
82
6
84
76
5
73
7
85
83
86
4
87
88
90
91
3
92
89
93
2
49
47
58
36
44
45
57
52
1
39
55
29
42
46
53
56
59
40
43
51
38
60
30
37
48
54
97
27
35
41
94
95
98
32
50
67
31
33
65
21
26
34
17
61
62
22
28
24
63
96
20
25
66
69
64
68
16
18
19
72
74
81
13
79
23
12
14
70
75
77
80
71
11
15
73
78
76
82
8
83
84
9
10
49
0
47
45
44
58
36
39
53
55
57
6
42
46
52
85
7
38
43
5
51
56
59
86
37
40
48
54
41
99
60
29
30
32
35
50
31
27
33
34
67
61
65
26
62
87
21
28
63
64
3
4
17
20
22
25
66
24
69
89
68
16
19
18
23
72
88
91
70
74
90
13
14
75
79
12
77
81
92
71
11
73
80
15
47
49
45
78
44
76
58
53
2
36
39
46
55
57
38
42
43
82
48
51
54
56
59
83
52
40
8
9
37
41
93
10
50
32
35
60
84
1
29
30
31
34
33
67
61
65
27
26
62
64
21
63
28
94
17
25
85
7
20
66
22
69
6
24
5
68
16
19
23
95
70
18
72
86
14
74
13
75
45
12
47
44
71
77
79
97
49
73
96
11
53
58
15
39
36
81
38
42
46
48
55
43
80
51
54
56
57
59
4
76
87
52
78
3
37
41
98
40
50
60
35
31
32
29
30
34
33
61
67
83
65
27
82
10
26
62
64
89
9
21
8
63
0
28
25
90
20
66
92
17
91
84
22
88
24
69
19
23
16
68
70
2
18
72
45
47
14
44
7
85
74
12
13
49
53
58
75
42
39
36
46
48
38
11
71
55
59
73
77
6
15
43
54
56
57
51
41
79
5
37
40
50
52
31
60
34
81
29
76
80
30
32
35
78
33
61
1
67
86
26
27
21
65
64
62
93
99
63
83
20
25
28
66
9
10
82
17
22
23
94
8
95
24
3
16
4
19
70
18
69
72
45
84
68
44
47
87
48
42
49
39
58
36
53
46
54
14
59
38
12
56
55
75
11
74
43
15
77
51
57
71
13
73
34
37
41
32
92
31
50
85
29
60
79
40
96
52
78
89
91
61
63
64
67
45
62
51
59
58
49
57
44
60
65
46
53
55
42
35
38
56
33
66
50
48
41
47
39
37
43
54
52
30
16
77
79
81
11
14
17
13
21
22
74
80
9
23
82
8
12
18
78
84
5
75
90
6
10
24
25
83
20
7
15
19
26
27
76
86
73
85
88
4
91
28
29
31
68
87
3
69
92
71
89
40
36
70
32
72
93
2
95
97
34
96
94
98
1
35
67
33
0
42
51
44
55
43
57
41
38
39
49
47
60
58
48
61
45
62
37
46
53
66
56
63
99
52
64
50
54
59
65
30
68
31
40
16
79
81
74
21
27
69
77
13
17
5
9
14
22
25
75
6
11
29
78
84
8
28
80
24
26
12
18
23
82
10
20
71
86
90
7
73
36
4
83
15
19
76
88
91
72
85
3
70
32
87
92
89
34
2
93
95
98
1
97
94
96
30
35
67
44
41
33
42
43
38
39
55
51
57
49
60
47
58
37
48
52
66
0
46
62
45
61
56
63
54
50
53
64
59
99
65
40
31
68
27
36
28
21
32
25
29
17
42
69
22
34
20
39
24
30
16
17
21
31
57
25
30
49
51
60
5
8
9
13
20
22
24
44
55
58
67
77
79
81
6
11
14
23
27
28
38
41
42
45
52
69
74
10
12
18
26
29
39
43
46
47
53
63
68
84
7
15
19
32
35
37
40
50
56
59
61
62
66
71
75
78
80
82
86
33
36
48
54
64
70
73
83
72
34
65
76
90
91
4
3
85
87
88
89
92
2
93
95
97
96
98
1
94
0
99
16
21
57
17
30
31
51
60
67
9
25
49
58
74
77
5
8
13
14
22
41
42
44
45
52
55
63
68
69
11
20
24
27
28
38
39
46
53
79
81
6
18
23
29
47
12
26
37
40
43
61
62
66
75
82
10
36
48
50
56
59
71
80
84
7
15
19
32
33
35
54
78
86
64
70
72
73
34
65
4
76
83
90
91
3
85
87
88
92
89
2
93
95
97
1
98
96
94
0
99
21
51
39
45
17
24
25
27
32
38
41
42
46
53
18
35
37
40
43
47
57
60
14
44
49
54
55
22
31
33
36
67
13
23
30
52
59
28
29
11
19
48
64
16
26
50
56
20
58
63
12
34
65
15
66
61
74
69
62
10
72
71
9
68
81
82
75
79
70
73
78
8
77
80
76
83
5
7
84
6
85
4
51
21
46
44
86
38
41
37
39
42
45
31
32
54
27
47
49
25
35
36
40
30
43
24
28
33
17
60
23
52
55
13
18
22
34
53
20
48
56
57
59
64
67
11
19
29
58
3
14
87
26
50
12
63
16
65
61
62
90
66
72
15
69
88
68
74
1
71
2
9
70
10
91
79
75
78
73
77
8
89
82
92
80
81
76
83
5
46
7
94
84
21
44
51
93
38
41
42
27
37
39
45
95
35
36
49
30
97
25
31
34
47
54
24
28
40
43
6
22
32
33
0
48
53
17
20
23
29
56
96
98
18
52
55
59
64
26
14
50
57
60
19
58
67
13
63
11
16
12
61
62
65
4
15
66
72
69
85
68
71
70
74
10
86
9
73
75
79
77
78
3
8
76
80
46
81
21
38
44
82
37
51
27
39
41
42
87
36
45
49
30
34
35
31
43
54
83
25
28
32
47
40
48
24
33
53
20
22
29
1
2
7
17
26
23
56
59
5
18
52
55
57
88
90
50
58
64
14
19
60
84
16
67
13
63
11
62
91
99
61
65
6
89
12
15
66
69
72
68
71
92
70
73
74
75
4
9
10
77
79
78
85
46
76
38
44
21
8
37
42
51
34
36
39
41
80
27
45
81
30
35
43
49
54
86
31
48
25
47
0
32
40
53
82
28
29
22
20
24
26
33
83
17
59
93
94
3
56
57
58
95
23
52
55
18
50
64
60
14
19
7
16
13
63
67
97
61
62
65
96
11
15
66
87
5
12
84
69
72
70
68
71
98
6
2
73
74
75
77
88
1
38
9
10
42
44
46
79
21
76
78
90
36
37
39
34
41
45
48
49
51
89
35
27
43
54
30
31
47
53
80
81
85
25
32
40
91
8
28
29
26
33
4
22
59
92
20
55
56
24
50
58
17
57
82
52
23
60
64
83
18
14
19
16
62
63
67
86
61
65
13
66
11
15
69
70
72
7
12
3
68
71
84
73
74
75
5
77
38
42
44
46
39
48
21
36
37
49
51
34
45
53
76
78
79
87
35
43
54
6
9
41
10
27
47
0
30
31
40
94
26
25
29
55
80
81
28
32
33
59
93
95
56
58
50
60
20
52
57
85
22
64
17
99
2
8
24
88
62
23
63
67
14
18
65
82
97
61
19
83
16
89
70
66
1
90
13
72
69
11
15
4
96
12
68
86
91
73
77
71
75
42
92
74
84
48
98
44
53
38
46
39
7
51
54
49
34
45
78
43
76
37
36
35
79
3
21
55
47
56
59
40
41
80
81
27
33
30
5
9
31
50
26
60
29
58
57
10
64
52
28
25
32
62
61
67
63
6
87
65
85
22
20
82
83
70
24
23
66
72
14
19
17
18
8
16
69
73
75
88
77
71
74
68
84
15
16
21
31
30
42
44
49
51
57
17
25
38
41
45
55
60
67
9
22
24
27
29
39
52
58
5
8
11
13
14
20
23
26
28
37
40
43
46
47
53
63
68
74
79
81
6
12
32
35
36
50
61
62
69
77
18
33
48
54
56
59
66
78
82
84
86
10
19
34
71
75
80
7
15
64
65
70
73
90
91
72
83
4
76
88
85
87
3
89
92
93
2
95
97
98
96
1
94
0
99
