8.3
8.9
12.7
13.5
14.7
14.8
16.5
16.9
17.0
17.6
18.2
18.5
18.9
20.0
20.9
21.4
21.8
22.0
22.3
22.7
22.8
22.9
24.2
24.5
24.5
24.5
24.6
25.2
25.3
25.6
28.1
28.3
28.3
28.4
28.4
28.7
29.0
29.0
29.4
29.7
30.2
30.8
31.1
31.5
32.5
32.5
33.1
33.2
33.3
34.0
34.3
34.3
34.4
34.5
35.0
35.2
35.3
35.9
36.1
36.3
36.8
37.1
37.2
37.3
37.5
39.3
39.8
40.3
40.7
41.2
41.3
41.3
41.9
42.3
42.6
43.6
44.1
44.2
44.6
44.9
45.3
45.5
46.0
46.3
48.2
50.1
50.2
50.5
51.0
51.4
51.5
52.0
52.0
53.0
53.1
53.5
54.7
54.7
55.0
55.1
56.4
57.8
58.0
58.9
59.8
60.8
62.2
62.8
62.8
63.9
64.4
66.1
71.5
72.0
73.1
75.0
75.8
76.1
76.8
78.7
79.1
79.6
81.2
81.5
81.8
81.9
82.1
82.5
83.8
84.8
88.4
88.9
91.1
91.4
91.6
91.8
93.6
93.9
94.0
94.1
94.6
95.8
99.3
100.8
101.5
101.8
102.9
103.9
105.0
105.8
107.3
108.8
109.8
109.8
109.9
110.3
110.7
111.7
113.1
113.4
114.7
114.8
117.3
118.3
119.5
119.6
120.4
120.7
121.2
121.6
121.7
121.9
122.9
123.0
123.2
123.5
123.6
124.0
124.2
124.7
124.9
125.1
125.2
125.3
125.5
125.7
125.9
126.0
126.1
126.5
126.5
126.7
126.8
126.9
127.5
127.5
127.9
128.1
128.1
128.3
128.8
128.9
129.2
129.5
129.5
129.8
129.9
129.9
130.2
130.7
131.5
131.6
131.9
132.4
132.6
132.7
132.9
133.3
133.3
133.4
133.5
133.6
133.8
134.1
134.8
135.4
135.8
135.8
135.9
135.9
136.3
136.4
136.4
136.7
136.8
137.5
137.6
137.8
137.9
137.9
138.4
138.6
138.8
139.1
139.2
139.3
139.7
140.5
140.6
141.1
141.4
142.7
143.0
143.4
143.5
143.8
144.0
144.3
144.5
147.9
148.3
148.6
148.7
148.9
149.5
149.5
150.1
150.2
150.2
150.6
150.9
151.5
151.7
151.8
151.9
153.8
154.0
154.1
154.1
155.0
155.6
156.2
156.5
156.8
157.0
157.2
157.4
158.1
158.2
158.4
158.8
159.0
159.2
159.3
159.5
159.6
159.8
159.9
160.0
160.1
160.1
160.4
160.5
160.8
160.9
161.6
161.6
161.6
161.7
161.8
162.2
162.2
163.1
163.1
163.3
163.3
163.6
163.8
164.1
164.4
164.5
164.5
164.6
164.9
165.1
165.5
165.5
165.5
165.8
165.9
166.0
166.0
166.1
166.2
166.2
166.2
166.2
166.3
166.5
166.5
166.6
166.7
166.8
166.9
167.0
167.1
167.1
167.1
167.2
167.4
167.4
167.6
167.7
167.7
168.1
168.1
168.3
168.4
168.5
168.5
168.6
168.6
168.7
168.7
168.7
168.7
168.8
168.8
168.8
168.8
169.0
169.0
169.0
169.2
169.3
169.4
169.4
169.5
169.5
169.5
169.6
169.6
169.6
169.6
169.6
169.6
169.7
169.7
169.7
169.8
169.9
170.0
170.2
170.2
170.2
170.2
170.2
170.3
170.3
170.3
170.3
170.4
170.4
170.5
170.5
170.6
170.6
170.6
170.7
170.7
170.7
170.7
170.8
170.8
170.8
170.8
170.9
170.9
171.0
171.0
171.0
171.0
171.0
171.1
171.1
171.2
171.2
171.2
171.2
171.2
171.3
171.3
171.4
171.4
171.4
171.4
171.5
171.6
171.6
171.6
171.7
171.8
171.8
171.8
171.9
171.9
171.9
171.9
171.9
172.0
172.0
172.0
172.0
172.0
172.1
172.1
172.1
172.1
172.1
172.1
172.1
172.2
172.2
172.2
172.2
172.3
172.3
172.3
172.3
172.3
172.3
172.3
172.4
172.4
172.5
172.5
172.5
172.5
172.5
172.5
172.5
172.5
172.6
172.6
172.7
172.7
172.7
172.8
172.8
172.8
172.8
172.8
172.9
172.9
172.9
172.9
172.9
172.9
172.9
172.9
172.9
173.0
173.0
173.0
173.0
173.0
173.0
173.0
173.1
173.1
173.1
173.1
173.2
173.2
173.2
173.2
173.2
173.3
173.3
173.3
173.3
173.3
173.4
173.4
173.4
173.4
173.4
173.4
173.4
173.4
173.5
173.5
173.6
173.6
173.6
173.6
173.7
173.7
173.7
173.7
173.7
173.8
173.8
173.8
173.8
173.8
173.8
173.8
173.9
173.9
173.9
173.9
173.9
173.9
173.9
173.9
174.0
174.0
174.0
174.0
174.0
174.0
174.0
174.0
174.1
174.2
174.3
174.3
174.3
174.3
174.3
174.3
174.3
174.3
174.3
174.4
174.4
174.4
174.4
174.5
174.5
174.5
174.5
174.6
174.6
174.7
174.7
174.7
174.7
174.7
174.8
174.8
174.9
174.9
174.9
175.0
175.0
175.0
175.0
175.0
175.1
175.1
175.1
175.1
175.1
175.2
175.2
175.2
175.2
175.3
175.3
175.3
175.3
175.3
175.3
175.4
175.4
175.5
175.5
175.5
175.5
175.5
175.5
175.5
175.6
175.6
175.6
175.6
175.6
175.6
175.6
175.6
175.6
175.6
175.7
175.7
175.7
175.8
175.8
175.8
175.8
175.8
175.8
175.9
175.9
175.9
175.9
175.9
175.9
175.9
176.0
176.0
176.0
176.0
176.0
176.0
176.1
176.1
176.1
176.1
176.2
176.2
176.2
176.2
176.2
176.2
176.3
176.3
176.3
176.3
176.3
176.3
176.4
176.4
176.4
176.4
176.4
176.5
176.5
176.5
176.5
176.5
176.5
176.6
176.6
176.6
176.6
176.6
176.7
176.7
176.7
176.8
176.8
176.8
176.8
176.8
176.9
176.9
176.9
176.9
177.0
177.0
177.0
177.0
177.0
177.0
177.1
177.1
177.1
177.1
177.2
177.2
177.2
177.2
177.2
177.3
177.3
177.3
177.3
177.4
177.4
177.4
177.4
177.4
177.4
177.5
177.5
177.5
177.5
177.5
177.6
177.6
177.6
177.6
177.6
177.6
177.7
177.7
177.7
177.7
177.7
177.7
177.8
177.8
177.8
177.8
177.8
177.8
177.9
177.9
177.9
177.9
177.9
177.9
177.9
178.0
178.0
178.0
178.0
178.1
178.2
178.2
178.2
178.2
178.2
178.3
178.3
178.3
178.3
178.4
178.4
178.4
178.4
178.4
178.4
178.5
178.5
178.5
178.5
178.5
178.5
178.5
178.6
178.6
178.6
178.6
178.6
178.6
178.7
178.7
178.7
178.7
178.8
178.8
178.8
178.8
178.8
178.8
178.9
178.9
178.9
179.0
179.0
179.0
179.0
179.0
179.1
179.1
179.1
179.1
179.1
179.2
179.2
179.2
179.2
179.2
179.2
179.3
179.3
179.3
179.4
179.4
179.4
179.5
179.5
179.5
179.5
179.5
179.5
179.5
179.5
179.6
179.6
179.6
179.7
179.7
179.7
179.7
179.7
179.8
179.8
179.8
179.9
179.9
179.9
179.9
179.9
179.9
180.0
180.0
180.0
180.0
180.0
180.0
180.1
180.1
180.1
180.1
180.1
180.1
180.1
180.2
180.2
180.2
180.2
180.3
180.3
180.3
180.3
180.3
180.3
180.3
180.3
180.3
180.4
180.4
180.4
180.4
180.4
180.4
180.4
180.4
180.5
180.5
180.5
180.5
180.5
180.5
180.6
180.6
180.6
180.6
180.6
180.6
180.7
180.7
180.7
180.7
180.9
180.9
180.9
180.9
181.0
181.0
181.0
181.1
181.1
181.1
181.1
181.1
181.1
181.1
181.2
181.2
181.2
181.2
181.2
181.2
181.3
181.3
181.3
181.3
181.3
181.3
181.4
181.4
181.4
181.4
181.4
181.5
181.5
181.5
181.5
181.6
181.7
181.7
181.7
181.8
181.8
181.8
181.9
181.9
181.9
181.9
181.9
182.0
182.1
182.1
182.1
182.2
182.2
182.2
182.2
182.3
182.3
182.3
182.4
182.4
182.4
182.4
182.5
182.6
182.6
182.6
182.6
182.6
182.7
182.7
182.7
182.7
182.7
182.7
182.8
182.8
182.9
182.9
182.9
182.9
182.9
183.0
183.0
183.0
183.0
183.1
183.1
183.1
183.2
183.2
183.3
183.3
183.3
183.5
183.5
183.5
183.5
183.5
183.6
183.6
183.6
183.6
183.6
183.7
183.7
183.8
183.8
183.8
183.8
183.9
184.0
184.0
184.0
184.0
184.0
184.0
184.0
184.0
184.1
184.1
184.2
184.2
184.3
184.3
184.4
184.4
184.4
184.4
184.5
184.5
184.6
184.6
184.7
184.7
184.7
184.8
184.8
184.9
184.9
184.9
185.1
185.1
185.1
185.2
185.2
185.3
185.3
185.3
185.3
185.4
185.4
185.5
185.5
185.6
185.6
185.6
185.7
185.8
185.8
185.8
185.9
185.9
185.9
185.9
186.0
186.0
186.0
186.1
186.1
186.1
186.1
186.1
186.2
186.2
186.2
186.2
186.2
186.2
186.3
186.3
186.3
186.4
186.4
186.5
186.5
186.5
186.5
186.5
186.6
186.7
186.7
186.7
186.7
186.8
186.9
186.9
186.9
186.9
186.9
187.0
187.0
187.1
187.1
187.1
187.2
187.2
187.3
187.3
187.3
187.4
187.4
187.4
187.4
187.5
187.5
187.5
187.5
187.5
187.5
187.7
187.7
187.8
187.8
187.9
187.9
187.9
187.9
187.9
188.0
188.1
188.1
188.1
188.1
188.2
188.2
188.2
188.3
188.3
188.5
188.5
188.6
188.7
188.8
188.8
188.8
188.8
188.9
188.9
189.0
189.1
189.1
189.1
189.2
189.2
189.2
189.2
189.3
189.3
189.4
189.4
189.4
189.5
189.5
189.5
189.5
189.5
189.6
189.6
189.6
189.9
189.9
190.0
190.0
190.1
190.1
190.1
190.2
190.2
190.3
190.4
190.4
190.5
190.5
190.7
190.7
190.8
190.9
190.9
190.9
190.9
191.2
191.2
191.2
191.2
191.2
191.2
191.3
191.4
191.4
191.4
191.4
191.5
191.5
191.6
191.6
191.6
191.7
191.9
191.9
192.0
192.0
192.0
192.0
192.1
192.2
192.3
192.3
192.3
192.4
192.4
192.5
192.6
193.2
193.2
193.3
193.3
193.3
193.5
193.6
193.6
193.7
193.7
193.9
194.0
194.0
194.1
194.5
194.6
194.9
195.1
195.1
195.2
195.2
195.3
195.4
195.5
195.5
195.6
195.6
195.7
195.8
195.9
195.9
195.9
196.0
196.1
196.1
196.1
196.3
196.3
196.5
196.7
196.9
196.9
197.0
197.0
197.0
197.0
197.2
197.3
197.3
197.3
197.4
197.9
198.0
198.1
198.1
198.1
198.3
198.5
198.5
198.7
198.9
199.0
199.8
200.6
200.7
200.8
201.2
201.2
201.2
201.3
201.3
201.3
201.5
202.4
202.8
203.0
203.0
203.0
203.7
204.4
204.4
204.5
205.1
205.7
206.8
207.8
208.9
209.4
210.0
211.1
211.5
212.0
212.1
212.3
212.4
213.4
214.3
214.3
215.4
216.3
217.1
218.1
218.7
220.6
221.4
222.0
222.3
224.4
225.4
227.7
229.4
229.4
233.1
238.0
240.0
240.5
241.7
242.0
246.1
249.2
252.2
269.4
271.2
271.5
274.0
276.8
277.8
280.3
286.2
307.6
309.3
309.5
310.5
311.4
313.6
313.9
314.1
315.9
316.8
319.4
320.3
320.7
320.7
320.9
321.9
322.2
323.3
323.3
326.9
327.5
327.7
328.3
328.8
329.6
330.3
330.4
331.2
331.3
331.3
331.4
331.4
331.7
331.7
332.5
332.6
332.7
332.8
332.8
332.8
333.2
333.6
333.9
334.0
334.2
334.7
334.7
335.1
335.3
335.4
335.4
335.4
335.7
336.0
336.0
336.1
336.3
336.3
336.6
337.4
337.5
337.6
337.7
337.7
337.7
337.8
337.8
338.0
338.1
338.3
338.6
338.7
339.1
339.1
339.2
339.3
339.8
339.8
339.9
339.9
340.4
340.7
340.7
340.8
340.8
340.8
341.1
341.2
341.4
341.5
341.6
341.6
341.8
341.9
341.9
341.9
342.0
342.2
342.3
342.4
342.4
342.6
342.6
342.7
342.8
342.8
342.8
342.9
343.0
343.0
343.1
343.2
343.2
343.2
343.2
343.3
343.3
343.4
343.4
343.4
343.4
343.5
343.5
343.6
343.6
343.7
343.7
343.7
343.7
343.7
343.8
343.8
343.8
343.9
343.9
343.9
343.9
344.0
344.0
344.0
344.1
344.1
344.2
344.2
344.2
344.3
344.4
344.5
344.5
344.5
344.5
344.6
344.6
344.6
344.6
344.8
344.8
344.8
344.8
344.9
345.0
345.0
345.0
345.1
345.1
345.1
345.1
345.2
345.2
345.2
345.2
345.3
345.3
345.5
345.5
345.5
345.5
345.5
345.5
345.6
345.7
345.7
345.7
345.7
345.8
345.8
345.8
345.8
345.8
345.8
346.0
346.1
346.2
346.2
346.2
346.2
346.3
346.3
346.4
346.4
346.4
346.4
346.5
346.5
346.5
346.5
346.5
346.6
346.6
346.6
346.6
346.7
346.7
346.7
346.7
346.8
346.8
346.8
346.8
346.8
346.8
346.9
346.9
347.0
347.0
347.0
347.1
347.1
347.1
347.1
347.1
347.1
347.1
347.2
347.2
347.2
347.3
347.3
347.3
347.3
347.3
347.4
347.4
347.4
347.4
347.5
347.5
347.5
347.5
347.5
347.5
347.5
347.6
347.6
347.6
347.6
347.6
347.7
347.7
347.7
347.7
347.7
347.7
347.8
347.8
347.8
347.8
347.9
347.9
347.9
347.9
347.9
347.9
347.9
347.9
347.9
348.0
348.0
348.0
348.0
348.0
348.1
348.1
348.1
348.1
348.1
348.1
348.2
348.2
348.2
348.2
348.3
348.3
348.3
348.3
348.3
348.3
348.3
348.4
348.4
348.4
348.5
348.5
348.5
348.6
348.6
348.6
348.6
348.6
348.6
348.6
348.7
348.7
348.7
348.7
348.8
348.8
348.8
348.8
348.8
348.8
348.9
348.9
348.9
348.9
348.9
348.9
348.9
349.0
349.0
349.1
349.1
349.1
349.1
349.2
349.2
349.2
349.2
349.3
349.3
349.3
349.3
349.3
349.3
349.3
349.4
349.4
349.4
349.4
349.4
349.4
349.5
349.5
349.5
349.5
349.5
349.5
349.6
349.6
349.6
349.6
349.6
349.7
349.7
349.7
349.7
349.7
349.8
349.8
349.8
349.8
349.8
349.8
349.8
349.8
349.8
349.9
349.9
349.9
349.9
349.9
349.9
349.9
349.9
350.0
350.0
350.0
350.0
350.0
350.0
350.0
350.0
350.0
350.0
350.0
350.0
350.0
350.0
350.0
350.1
350.1
350.1
350.1
350.1
350.1
350.2
350.2
350.2
350.2
350.2
350.2
350.2
350.2
350.2
350.2
350.2
350.3
350.3
350.3
350.3
350.3
350.4
350.4
350.4
350.4
350.4
350.4
350.5
350.5
350.5
350.5
350.5
350.6
350.6
350.6
350.7
350.7
350.7
350.7
350.7
350.7
350.7
350.7
350.7
350.8
350.8
350.8
350.8
350.8
350.8
350.8
350.8
350.8
350.8
350.9
350.9
350.9
350.9
350.9
350.9
350.9
351.0
351.0
351.0
351.0
351.0
351.0
351.0
351.0
351.0
351.0
351.0
351.0
351.0
351.1
351.1
351.1
351.1
351.1
351.1
351.1
351.1
351.2
351.2
351.2
351.2
351.2
351.2
351.2
351.2
351.2
351.3
351.3
351.3
351.4
351.4
351.4
351.4
351.4
351.4
351.4
351.4
351.4
351.4
351.5
351.5
351.5
351.5
351.5
351.5
351.5
351.5
351.6
351.6
351.6
351.6
351.6
351.6
351.7
351.7
351.7
351.7
351.7
351.7
351.7
351.7
351.7
351.7
351.7
351.8
351.8
351.8
351.8
351.8
351.8
351.8
351.8
351.8
351.9
351.9
351.9
351.9
351.9
351.9
352.0
352.0
352.0
352.0
352.1
352.1
352.1
352.1
352.2
352.2
352.2
352.2
352.2
352.2
352.2
352.2
352.2
352.3
352.3
352.3
352.3
352.3
352.3
352.3
352.3
352.3
352.4
352.4
352.4
352.4
352.4
352.4
352.5
352.5
352.5
352.5
352.5
352.5
352.5
352.6
352.6
352.6
352.6
352.7
352.7
352.7
352.7
352.7
352.7
352.7
352.7
352.7
352.7
352.8
352.8
352.8
352.8
352.8
352.8
352.8
352.8
352.9
352.9
352.9
352.9
352.9
353.0
353.0
353.1
353.1
353.1
353.1
353.1
353.1
353.1
353.1
353.1
353.1
353.2
353.2
353.2
353.2
353.2
353.2
353.2
353.2
353.2
353.3
353.3
353.3
353.3
353.3
353.3
353.4
353.4
353.4
353.4
353.4
353.4
353.4
353.5
353.5
353.5
353.5
353.5
353.5
353.5
353.5
353.5
353.6
353.6
353.6
353.6
353.6
353.6
353.7
353.7
353.7
353.7
353.7
353.7
353.8
353.8
353.8
353.8
353.8
353.8
353.8
353.9
354.0
354.0
354.0
354.0
354.0
354.0
354.0
354.1
354.1
354.1
354.1
354.1
354.1
354.1
354.1
354.1
354.1
354.2
354.2
354.2
354.2
354.2
354.3
354.3
354.3
354.3
354.3
354.3
354.3
354.3
354.3
354.4
354.4
354.4
354.4
354.4
354.4
354.4
354.5
354.5
354.5
354.5
354.5
354.5
354.5
354.5
354.5
354.5
354.6
354.6
354.6
354.6
354.7
354.7
354.7
354.7
354.7
354.7
354.8
354.8
354.8
354.8
354.8
354.9
355.0
355.0
355.0
355.0
355.0
355.0
355.0
355.0
355.1
355.1
355.1
355.2
355.2
355.2
355.2
355.3
355.3
355.3
355.4
355.4
355.4
355.4
355.4
355.4
355.4
355.4
355.5
355.5
355.5
355.5
355.5
355.5
355.5
355.5
355.5
355.6
355.6
355.6
355.7
355.7
355.8
355.8
355.8
355.9
355.9
355.9
355.9
355.9
355.9
355.9
355.9
355.9
356.0
356.0
356.0
356.0
356.1
356.1
356.1
356.1
356.2
356.2
356.2
356.2
356.2
356.2
356.2
356.2
356.3
356.3
356.3
356.3
356.3
356.3
356.4
356.4
356.5
356.5
356.5
356.5
356.5
356.5
356.6
356.6
356.6
356.6
356.6
356.6
356.6
356.6
356.6
356.6
356.6
356.7
356.7
356.7
356.7
356.8
356.8
356.8
356.8
356.8
356.8
356.8
356.9
356.9
356.9
356.9
356.9
356.9
357.0
357.0
357.0
357.0
357.0
357.0
357.0
357.0
357.1
357.1
357.1
357.1
357.1
357.1
357.1
357.1
357.1
357.1
357.1
357.2
357.2
357.2
357.2
357.2
357.3
357.3
357.3
357.3
357.3
357.3
357.3
357.3
357.4
357.4
357.4
357.4
357.4
357.4
357.4
357.4
357.4
357.4
357.4
357.4
357.4
357.4
357.5
357.5
357.5
357.5
357.6
357.6
357.6
357.6
357.7
357.7
357.7
357.7
357.7
357.7
357.7
357.7
357.7
357.8
357.8
357.8
357.8
357.8
357.8
357.8
357.8
357.8
357.8
357.8
357.8
357.9
357.9
357.9
357.9
357.9
357.9
358.0
358.0
358.0
358.0
358.0
358.0
358.0
358.0
358.0
358.0
358.1
358.1
358.1
358.1
358.1
358.1
358.1
358.1
358.2
358.2
358.2
358.2
358.3
358.3
358.3
358.3
358.3
358.3
358.3
358.3
358.3
358.4
358.4
358.4
358.4
358.4
358.4
358.4
358.4
358.5
358.5
358.5
358.5
358.5
358.5
358.5
358.5
358.5
358.6
358.6
358.6
358.6
358.6
358.6
358.6
358.6
358.6
358.7
358.7
358.7
358.7
358.7
358.7
358.7
358.7
358.8
358.8
358.8
358.8
358.8
358.8
358.8
358.8
358.8
358.8
358.8
358.8
358.8
358.8
358.9
358.9
358.9
358.9
358.9
358.9
358.9
358.9
358.9
358.9
358.9
358.9
358.9
358.9
358.9
358.9
358.9
358.9
359.0
359.0
359.0
359.0
359.0
359.0
359.0
359.0
359.0
359.0
359.0
359.0
359.0
359.1
359.1
359.1
359.1
359.1
359.1
359.1
359.2
359.2
359.2
359.2
359.2
359.2
359.3
359.3
359.3
359.3
359.3
359.3
359.3
359.3
359.3
359.3
359.3
359.3
359.4
359.4
359.4
359.4
359.4
359.4
359.4
359.4
359.4
359.4
359.4
359.4
359.4
359.4
359.4
359.4
359.4
359.4
359.5
359.5
359.5
359.5
359.5
359.5
359.5
359.5
359.5
359.5
359.5
359.5
359.5
359.5
359.5
359.5
359.5
359.6
359.6
359.6
359.6
359.6
359.6
359.6
359.6
359.6
359.6
359.6
359.6
359.6
359.7
359.7
359.7
359.7
359.7
359.7
359.7
359.7
359.7
359.8
359.8
359.8
359.8
359.8
359.8
359.8
359.8
359.8
359.8
359.8
359.8
359.8
359.8
359.8
359.8
359.8
359.9
359.9
359.9
359.9
359.9
359.9
359.9
359.9
359.9
359.9
359.9
359.9
359.9
359.9
359.9
360.0
360.0
360.0
360.0
360.0
360.0
360.0
360.0
360.0
360.0
360.0
360.0
360.0
360.0
360.0
360.0
360.1
360.1
360.1
360.1
360.1
360.1
360.1
360.1
360.1
360.1
360.1
360.1
360.2
360.2
360.2
360.2
360.2
360.2
360.2
360.2
360.3
360.3
360.3
360.3
360.3
360.3
360.3
360.3
360.3
360.3
360.3
360.3
360.3
360.3
360.3
360.3
360.4
360.4
360.4
360.4
360.4
360.4
360.4
360.4
360.4
360.4
360.4
360.4
360.4
360.4
360.4
360.4
360.4
360.4
360.5
360.5
360.5
360.5
360.5
360.5
360.5
360.5
360.5
360.5
360.5
360.5
360.5
360.5
360.5
360.5
360.5
360.5
360.5
360.5
360.5
360.6
360.6
360.6
360.6
360.6
360.6
360.6
360.6
360.6
360.6
360.6
360.6
360.6
360.6
360.7
360.7
360.7
360.7
360.7
360.7
360.7
360.7
360.7
360.7
360.7
360.7
360.7
360.7
360.7
360.8
360.8
360.8
360.8
360.8
360.8
360.8
360.8
360.8
360.8
360.8
360.8
360.8
360.9
360.9
360.9
360.9
360.9
360.9
360.9
360.9
360.9
360.9
360.9
360.9
360.9
360.9
360.9
360.9
360.9
360.9
361.0
361.0
361.0
361.0
361.0
361.0
361.0
361.0
361.0
361.0
361.0
361.0
361.0
361.0
361.0
361.1
361.1
361.1
361.1
361.1
361.1
361.1
361.1
361.1
361.1
361.1
361.1
361.1
361.1
361.1
361.2
361.2
361.2
361.2
361.2
361.2
361.2
361.2
361.2
361.2
361.2
361.2
361.3
361.3
361.3
361.3
361.3
361.3
361.3
361.3
361.3
361.3
361.3
361.3
361.3
361.3
361.3
361.3
361.3
361.4
361.4
361.4
361.4
361.4
361.4
361.4
361.4
361.4
361.4
361.4
361.5
361.5
361.5
361.5
361.5
361.5
361.5
361.5
361.5
361.5
361.5
361.5
361.5
361.5
361.5
361.6
361.6
361.6
361.6
361.6
361.6
361.6
361.6
361.6
361.6
361.6
361.6
361.6
361.6
361.6
361.6
361.6
361.6
361.7
361.7
361.7
361.7
361.7
361.7
361.7
361.7
361.7
361.7
361.7
361.7
361.7
361.7
361.7
361.7
361.8
361.8
361.8
361.8
361.8
361.8
361.8
361.8
361.8
361.8
361.8
361.8
361.8
361.8
361.8
361.9
361.9
361.9
361.9
361.9
361.9
361.9
361.9
361.9
361.9
361.9
362.0
362.0
362.0
362.0
362.0
362.0
362.0
362.0
362.0
362.0
362.0
362.0
362.1
362.1
362.1
362.1
362.1
362.1
362.1
362.1
362.1
362.1
362.2
362.2
362.2
362.2
362.2
362.2
362.2
362.2
362.2
362.2
362.2
362.2
362.2
362.2
362.3
362.3
362.3
362.3
362.4
362.4
362.4
362.4
362.4
362.4
362.4
362.4
362.4
362.4
362.5
362.5
362.5
362.5
362.5
362.5
362.5
362.5
362.5
362.5
362.5
362.5
362.5
362.5
362.5
362.6
362.6
362.6
362.6
362.6
362.6
362.6
362.6
362.7
362.7
362.7
362.7
362.7
362.7
362.7
362.7
362.7
362.7
362.8
362.8
362.8
362.8
362.8
362.8
362.8
362.8
362.8
362.8
362.8
362.9
362.9
362.9
362.9
362.9
362.9
362.9
362.9
362.9
363.0
363.0
363.0
363.0
363.0
363.0
363.0
363.0
363.0
363.0
363.0
363.0
363.0
363.0
363.0
363.1
363.1
363.1
363.1
363.1
363.1
363.1
363.1
363.2
363.2
363.2
363.2
363.3
363.3
363.3
363.3
363.3
363.3
363.3
363.3
363.3
363.3
363.3
363.4
363.4
363.4
363.4
363.4
363.4
363.4
363.4
363.4
363.4
363.4
363.4
363.4
363.4
363.4
363.5
363.5
363.5
363.5
363.5
363.5
363.5
363.5
363.5
363.5
363.5
363.5
363.6
363.6
363.6
363.6
363.6
363.6
363.6
363.7
363.7
363.7
363.7
363.7
363.7
363.7
363.7
363.7
363.7
363.8
363.8
363.8
363.8
363.8
363.8
363.8
363.8
363.8
363.8
363.8
363.9
363.9
363.9
363.9
363.9
363.9
364.0
364.0
364.0
364.0
364.0
364.0
364.0
364.0
364.0
364.0
364.0
364.1
364.1
364.1
364.1
364.1
364.1
364.1
364.1
364.1
364.1
364.1
364.1
364.1
364.1
364.2
364.2
364.2
364.2
364.2
364.2
364.2
364.2
364.2
364.2
364.3
364.3
364.3
364.3
364.3
364.3
364.3
364.3
364.3
364.3
364.3
364.4
364.4
364.4
364.4
364.4
364.4
364.4
364.4
364.5
364.5
364.5
364.5
364.5
364.5
364.5
364.5
364.5
364.5
364.5
364.6
364.6
364.6
364.6
364.6
364.6
364.6
364.6
364.6
364.6
364.7
364.8
364.8
364.8
364.8
364.8
364.8
364.8
364.8
364.9
364.9
364.9
364.9
364.9
364.9
364.9
364.9
364.9
364.9
364.9
364.9
364.9
364.9
364.9
365.0
365.0
365.0
365.0
365.0
365.0
365.1
365.1
365.1
365.1
365.1
365.2
365.2
365.2
365.2
365.2
365.2
365.2
365.2
365.3
365.3
365.3
365.3
365.3
365.3
365.3
365.3
365.4
365.4
365.4
365.4
365.4
365.4
365.4
365.4
365.4
365.5
365.5
365.5
365.5
365.5
365.5
365.6
365.6
365.6
365.6
365.6
365.6
365.6
365.6
365.6
365.6
365.6
365.6
365.6
365.7
365.7
365.7
365.7
365.7
365.7
365.8
365.8
365.8
365.8
365.8
365.8
365.8
365.8
365.8
365.8
365.8
365.8
365.9
365.9
365.9
365.9
366.0
366.0
366.0
366.0
366.0
366.0
366.0
366.0
366.1
366.1
366.1
366.1
366.1
366.1
366.2
366.2
366.2
366.2
366.2
366.2
366.2
366.2
366.2
366.2
366.2
366.3
366.3
366.3
366.3
366.3
366.3
366.3
366.3
366.4
366.4
366.4
366.4
366.4
366.4
366.4
366.4
366.4
366.5
366.5
366.5
366.5
366.5
366.5
366.5
366.5
366.5
366.5
366.5
366.6
366.6
366.6
366.6
366.6
366.6
366.6
366.6
366.6
366.6
366.6
366.7
366.7
366.7
366.7
366.7
366.7
366.7
366.7
366.7
366.7
366.7
366.7
366.7
366.7
366.8
366.8
366.8
366.8
366.8
366.8
366.8
366.8
366.8
366.8
366.9
366.9
366.9
366.9
366.9
366.9
366.9
366.9
366.9
366.9
367.0
367.0
367.0
367.0
367.0
367.0
367.0
367.0
367.0
367.1
367.1
367.1
367.1
367.1
367.1
367.1
367.1
367.1
367.1
367.1
367.1
367.1
367.1
367.2
367.2
367.2
367.2
367.2
367.2
367.2
367.2
367.2
367.2
367.3
367.3
367.3
367.3
367.3
367.3
367.3
367.3
367.3
367.3
367.3
367.4
367.4
367.4
367.4
367.4
367.4
367.4
367.4
367.5
367.5
367.5
367.5
367.5
367.5
367.5
367.5
367.5
367.5
367.6
367.6
367.6
367.6
367.6
367.6
367.6
367.6
367.6
367.6
367.7
367.7
367.7
367.7
367.7
367.7
367.7
367.7
367.7
367.7
367.7
367.7
367.7
367.8
367.8
367.8
367.8
367.8
367.9
367.9
367.9
367.9
367.9
367.9
367.9
367.9
367.9
367.9
367.9
367.9
367.9
368.0
368.0
368.0
368.0
368.0
368.0
368.0
368.0
368.0
368.0
368.0
368.0
368.0
368.1
368.1
368.1
368.1
368.1
368.1
368.1
368.1
368.1
368.1
368.2
368.2
368.2
368.2
368.2
368.3
368.3
368.3
368.3
368.3
368.3
368.3
368.3
368.3
368.3
368.3
368.4
368.4
368.4
368.4
368.4
368.4
368.4
368.5
368.5
368.5
368.5
368.5
368.5
368.5
368.5
368.5
368.5
368.6
368.6
368.6
368.6
368.6
368.6
368.6
368.6
368.6
368.6
368.7
368.7
368.7
368.7
368.7
368.7
368.7
368.7
368.7
368.7
368.7
368.8
368.8
368.8
368.8
368.8
368.8
368.8
368.8
368.8
368.8
368.8
368.8
368.8
368.8
368.9
368.9
368.9
368.9
368.9
368.9
368.9
368.9
368.9
369.0
369.0
369.0
369.0
369.0
369.0
369.0
369.0
369.0
369.0
369.0
369.1
369.1
369.1
369.1
369.1
369.1
369.2
369.2
369.2
369.2
369.2
369.2
369.2
369.2
369.2
369.3
369.3
369.3
369.3
369.3
369.3
369.3
369.3
369.3
369.3
369.3
369.3
369.3
369.3
369.4
369.4
369.4
369.4
369.4
369.4
369.4
369.4
369.4
369.4
369.4
369.5
369.5
369.5
369.5
369.5
369.5
369.5
369.5
369.5
369.6
369.6
369.6
369.6
369.6
369.6
369.6
369.7
369.7
369.7
369.7
369.7
369.7
369.7
369.7
369.7
369.8
369.8
369.8
369.8
369.8
369.8
369.9
369.9
369.9
369.9
369.9
369.9
369.9
369.9
369.9
370.0
370.0
370.0
370.0
370.0
370.0
370.0
370.0
370.0
370.0
370.0
370.0
370.1
370.1
370.1
370.1
370.1
370.1
370.1
370.1
370.2
370.2
370.2
370.2
370.2
370.2
370.2
370.2
370.2
370.2
370.2
370.2
370.2
370.3
370.3
370.3
370.3
370.3
370.3
370.3
370.3
370.4
370.4
370.4
370.4
370.4
370.5
370.5
370.5
370.5
370.5
370.5
370.5
370.5
370.5
370.6
370.6
370.6
370.6
370.6
370.6
370.6
370.6
370.6
370.7
370.7
370.7
370.7
370.7
370.7
370.7
370.7
370.8
370.8
370.8
370.8
370.8
370.8
370.9
370.9
370.9
370.9
370.9
370.9
370.9
370.9
371.0
371.0
371.0
371.0
371.0
371.0
371.1
371.1
371.1
371.1
371.1
371.1
371.2
371.2
371.2
371.2
371.2
371.2
371.2
371.3
371.3
371.3
371.3
371.3
371.4
371.4
371.4
371.4
371.4
371.4
371.4
371.5
371.5
371.5
371.6
371.6
371.6
371.6
371.7
371.7
371.7
371.7
371.7
371.7
371.7
371.7
371.8
371.8
371.8
371.8
371.8
371.8
371.9
371.9
371.9
371.9
371.9
372.0
372.0
372.0
372.0
372.1
372.1
372.1
372.1
372.2
372.2
372.2
372.2
372.2
372.2
372.2
372.2
372.3
372.3
372.3
372.3
372.3
372.4
372.4
372.4
372.4
372.5
372.5
372.6
372.7
372.7
372.7
372.7
372.7
372.8
372.8
372.8
372.8
372.8
372.8
372.8
372.8
372.9
372.9
372.9
372.9
373.0
373.0
373.0
373.0
373.0
373.0
373.1
373.1
373.1
373.1
373.1
373.2
373.2
373.2
373.2
373.3
373.3
373.3
373.3
373.3
373.3
373.3
373.3
373.3
373.4
373.4
373.5
373.5
373.5
373.6
373.6
373.6
373.6
373.6
373.6
373.6
373.6
373.6
373.7
373.7
373.7
373.7
373.7
373.8
373.8
373.8
373.9
373.9
373.9
373.9
373.9
374.0
374.0
374.0
374.1
374.1
374.1
374.2
374.2
374.2
374.2
374.3
374.3
374.3
374.4
374.5
374.5
374.6
374.6
374.6
374.6
374.6
374.6
374.6
374.8
374.8
374.8
374.9
374.9
374.9
374.9
374.9
374.9
375.0
375.0
375.1
375.1
375.1
375.2
375.2
375.2
375.4
375.4
375.5
375.5
375.6
375.6
375.7
375.7
375.7
375.7
375.8
375.8
375.8
375.8
375.8
375.9
376.1
376.1
376.1
376.1
376.2
376.2
376.2
376.3
376.3
376.4
376.5
376.5
376.5
376.5
376.6
376.6
376.6
376.6
376.7
376.7
376.7
376.7
376.8
376.8
376.8
376.8
376.9
376.9
376.9
376.9
376.9
377.0
377.1
377.1
377.1
377.2
377.2
377.3
377.4
377.4
377.4
377.5
377.7
377.7
377.7
377.8
377.8
377.8
377.8
377.9
378.0
378.0
378.0
378.1
378.1
378.1
378.1
378.1
378.2
378.3
378.3
378.3
378.3
378.5
378.6
378.6
378.6
378.6
378.7
378.7
378.8
378.8
378.9
378.9
378.9
379.1
379.2
379.2
379.2
379.4
379.6
379.6
379.8
379.8
379.9
380.1
380.3
380.3
380.3
380.8
380.8
380.9
381.1
381.1
381.2
381.2
381.2
381.3
381.3
381.4
381.6
382.0
382.1
382.1
382.1
382.2
382.3
382.4
382.4
382.5
382.6
382.7
382.8
382.9
382.9
383.0
383.2
383.2
383.3
383.5
383.6
383.8
384.0
384.2
384.2
384.3
384.5
384.7
384.9
384.9
385.4
385.6
385.8
386.2
386.3
386.4
387.2
387.7
388.3
388.4
388.5
389.9
391.3
391.6
392.0
392.4
392.6
392.8
393.7
393.9
398.3
399.3
404.4
406.6
407.7
435.1
496.8
499.0
505.2
505.8
506.9
510.5
510.6
510.9
510.9
512.1
512.8
513.4
513.8
514.4
514.4
514.5
514.9
515.3
515.7
515.8
519.2
519.8
520.5
520.6
520.6
521.2
522.4
524.0
524.1
524.2
524.5
525.3
525.6
525.7
525.9
526.3
527.1
527.4
527.6
527.7
528.3
528.6
528.7
529.0
529.0
529.4
529.6
529.7
529.8
529.9
530.0
530.2
530.3
530.8
530.8
531.1
531.2
531.5
531.9
532.0
532.0
532.1
532.2
532.4
532.4
532.5
532.5
532.5
532.5
532.6
532.8
532.9
532.9
533.1
533.1
533.2
533.2
533.2
533.3
533.3
533.3
533.4
533.5
533.5
533.5
533.6
533.7
533.8
533.8
533.8
533.8
533.9
533.9
533.9
534.0
534.0
534.2
534.2
534.2
534.2
534.3
534.3
534.3
534.4
534.4
534.4
534.5
534.5
534.6
534.6
534.6
534.6
534.7
534.8
534.8
534.8
534.8
534.8
534.8
534.9
535.0
535.1
535.1
535.1
535.2
535.2
535.2
535.3
535.3
535.4
535.4
535.5
535.5
535.5
535.6
535.6
535.6
535.6
535.6
535.7
535.7
535.7
535.7
535.7
535.8
535.8
535.8
535.8
535.8
535.8
535.8
535.9
535.9
536.0
536.0
536.0
536.0
536.0
536.0
536.0
536.0
536.0
536.1
536.1
536.1
536.1
536.1
536.1
536.1
536.2
536.2
536.2
536.2
536.2
536.3
536.3
536.3
536.3
536.3
536.4
536.4
536.4
536.4
536.4
536.4
536.5
536.5
536.5
536.5
536.6
536.6
536.6
536.6
536.6
536.6
536.6
536.7
536.7
536.7
536.7
536.7
536.7
536.8
536.8
536.8
536.8
536.8
536.8
536.9
536.9
536.9
536.9
536.9
536.9
536.9
536.9
536.9
536.9
537.0
537.0
537.0
537.1
537.1
537.1
537.1
537.1
537.1
537.1
537.1
537.2
537.2
537.2
537.2
537.2
537.2
537.2
537.2
537.2
537.2
537.2
537.2
537.3
537.3
537.3
537.3
537.3
537.4
537.4
537.4
537.4
537.4
537.4
537.4
537.4
537.5
537.5
537.5
537.5
537.5
537.5
537.5
537.6
537.6
537.6
537.6
537.6
537.6
537.6
537.6
537.7
537.7
537.7
537.7
537.7
537.7
537.7
537.7
537.7
537.7
537.7
537.8
537.8
537.8
537.9
537.9
537.9
537.9
537.9
537.9
537.9
537.9
537.9
537.9
537.9
537.9
537.9
537.9
537.9
538.0
538.0
538.0
538.0
538.0
538.0
538.0
538.0
538.0
538.0
538.0
538.0
538.0
538.1
538.1
538.1
538.1
538.1
538.1
538.1
538.1
538.1
538.1
538.1
538.1
538.2
538.2
538.2
538.2
538.2
538.2
538.3
538.3
538.3
538.3
538.3
538.3
538.3
538.3
538.3
538.3
538.3
538.3
538.4
538.4
538.4
538.4
538.5
538.5
538.5
538.5
538.5
538.5
538.5
538.5
538.5
538.5
538.5
538.5
538.5
538.5
538.5
538.5
538.5
538.5
538.5
538.5
538.6
538.6
538.6
538.6
538.6
538.6
538.6
538.6
538.6
538.6
538.6
538.6
538.6
538.6
538.6
538.7
538.7
538.7
538.7
538.7
538.7
538.7
538.7
538.7
538.7
538.8
538.8
538.8
538.8
538.8
538.8
538.8
538.8
538.8
538.8
538.8
538.8
538.8
538.8
538.8
538.8
538.9
538.9
538.9
538.9
538.9
538.9
538.9
538.9
538.9
538.9
538.9
538.9
538.9
538.9
538.9
539.0
539.0
539.0
539.0
539.0
539.0
539.0
539.0
539.0
539.0
539.0
539.0
539.0
539.0
539.0
539.1
539.1
539.1
539.1
539.1
539.1
539.1
539.1
539.1
539.1
539.1
539.1
539.1
539.1
539.2
539.2
539.2
539.2
539.2
539.2
539.2
539.2
539.2
539.2
539.2
539.2
539.2
539.2
539.2
539.2
539.2
539.2
539.2
539.3
539.3
539.3
539.3
539.3
539.3
539.3
539.3
539.4
539.4
539.4
539.4
539.4
539.4
539.4
539.4
539.4
539.4
539.5
539.5
539.5
539.5
539.5
539.5
539.5
539.5
539.5
539.5
539.5
539.6
539.6
539.6
539.6
539.6
539.6
539.6
539.6
539.6
539.7
539.7
539.7
539.7
539.7
539.7
539.7
539.7
539.7
539.7
539.8
539.8
539.8
539.8
539.8
539.8
539.8
539.8
539.9
539.9
539.9
539.9
539.9
539.9
539.9
539.9
539.9
539.9
539.9
540.0
540.0
540.0
540.0
540.0
540.0
540.0
540.0
540.0
540.0
540.0
540.1
540.1
540.1
540.1
540.2
540.2
540.2
540.2
540.2
540.2
540.2
540.2
540.2
540.2
540.2
540.3
540.3
540.3
540.3
540.3
540.3
540.3
540.3
540.3
540.3
540.3
540.3
540.3
540.3
540.4
540.4
540.4
540.4
540.4
540.4
540.4
540.4
540.4
540.4
540.5
540.5
540.5
540.5
540.5
540.5
540.5
540.5
540.5
540.5
540.5
540.5
540.6
540.6
540.6
540.6
540.6
540.6
540.7
540.7
540.7
540.7
540.7
540.7
540.7
540.7
540.7
540.7
540.7
540.7
540.7
540.7
540.7
540.8
540.8
540.8
540.8
540.8
540.8
540.8
540.8
540.8
540.8
540.9
540.9
540.9
540.9
540.9
540.9
540.9
540.9
540.9
540.9
541.0
541.0
541.0
541.0
541.0
541.0
541.0
541.0
541.0
541.0
541.0
541.1
541.1
541.1
541.1
541.1
541.1
541.1
541.2
541.2
541.2
541.2
541.2
541.3
541.3
541.3
541.3
541.3
541.3
541.3
541.3
541.3
541.3
541.3
541.4
541.4
541.4
541.4
541.4
541.4
541.4
541.4
541.4
541.4
541.4
541.4
541.4
541.4
541.5
541.5
541.5
541.5
541.5
541.5
541.5
541.5
541.5
541.5
541.6
541.6
541.6
541.6
541.6
541.6
541.7
541.7
541.7
541.7
541.7
541.7
541.7
541.7
541.7
541.7
541.7
541.8
541.8
541.8
541.8
541.8
541.9
541.9
541.9
541.9
541.9
541.9
541.9
542.0
542.0
542.0
542.0
542.0
542.0
542.1
542.1
542.1
542.1
542.1
542.1
542.1
542.1
542.1
542.1
542.1
542.2
542.2
542.3
542.3
542.3
542.3
542.3
542.3
542.3
542.3
542.4
542.4
542.4
542.5
542.5
542.5
542.5
542.5
542.6
542.6
542.6
542.6
542.6
542.6
542.6
542.6
542.6
542.6
542.6
542.6
542.6
542.6
542.6
542.6
542.7
542.7
542.7
542.7
542.7
542.7
542.7
542.7
542.7
542.7
542.7
542.7
542.8
542.8
542.8
542.8
542.8
542.8
542.8
542.8
542.8
542.8
542.9
542.9
542.9
542.9
542.9
542.9
542.9
543.0
543.0
543.0
543.0
543.0
543.0
543.0
543.0
543.0
543.0
543.1
543.1
543.1
543.1
543.1
543.1
543.1
543.1
543.2
543.2
543.2
543.2
543.2
543.2
543.2
543.2
543.2
543.2
543.3
543.3
543.3
543.3
543.3
543.3
543.3
543.4
543.4
543.4
543.4
543.4
543.5
543.5
543.5
543.5
543.5
543.5
543.5
543.5
543.6
543.6
543.6
543.6
543.7
543.7
543.7
543.7
543.7
543.8
543.8
543.8
543.8
543.8
543.8
543.8
543.8
543.8
543.9
543.9
543.9
543.9
543.9
543.9
544.0
544.0
544.0
544.0
544.0
544.0
544.0
544.0
544.1
544.1
544.1
544.1
544.1
544.1
544.1
544.1
544.1
544.1
544.2
544.2
544.2
544.2
544.2
544.2
544.3
544.3
544.4
544.4
544.4
544.4
544.4
544.4
544.4
544.4
544.4
544.5
544.5
544.5
544.5
544.5
544.5
544.6
544.6
544.6
544.6
544.6
544.6
544.6
544.6
544.6
544.6
544.6
544.6
544.7
544.7
544.7
544.7
544.7
544.7
544.7
544.7
544.8
544.8
544.8
544.8
544.8
544.8
544.8
544.8
544.8
544.8
544.8
544.9
544.9
544.9
544.9
544.9
544.9
544.9
545.0
545.0
545.0
545.0
545.0
545.0
545.0
545.0
545.0
545.1
545.1
545.1
545.1
545.1
545.1
545.2
545.2
545.2
545.2
545.2
545.2
545.2
545.2
545.2
545.3
545.3
545.3
545.3
545.3
545.3
545.3
545.3
545.3
545.3
545.3
545.4
545.4
545.4
545.4
545.4
545.4
545.4
545.5
545.5
545.5
545.5
545.5
545.5
545.6
545.6
545.6
545.6
545.6
545.6
545.6
545.6
545.6
545.7
545.7
545.7
545.7
545.7
545.7
545.7
545.8
545.8
545.8
545.8
545.8
545.8
545.8
545.8
545.8
545.8
545.9
545.9
545.9
545.9
545.9
545.9
545.9
545.9
545.9
545.9
546.0
546.0
546.0
546.0
546.0
546.0
546.0
546.1
546.1
546.1
546.1
546.1
546.1
546.1
546.1
546.1
546.1
546.2
546.2
546.2
546.2
546.2
546.3
546.3
546.3
546.3
546.3
546.3
546.3
546.3
546.4
546.4
546.4
546.4
546.4
546.5
546.5
546.5
546.5
546.5
546.5
546.6
546.6
546.6
546.6
546.6
546.6
546.7
546.7
546.7
546.7
546.7
546.7
546.7
546.7
546.8
546.8
546.8
546.8
546.8
546.8
546.8
546.9
546.9
547.0
547.0
547.0
547.0
547.0
547.0
547.0
547.0
547.1
547.1
547.1
547.1
547.1
547.1
547.2
547.2
547.2
547.2
547.2
547.2
547.2
547.3
547.3
547.3
547.3
547.3
547.3
547.3
547.3
547.3
547.3
547.3
547.4
547.4
547.4
547.4
547.4
547.4
547.5
547.5
547.5
547.5
547.5
547.5
547.6
547.6
547.6
547.6
547.6
547.6
547.6
547.7
547.7
547.7
547.7
547.7
547.7
547.7
547.7
547.8
547.8
547.9
547.9
547.9
547.9
547.9
547.9
547.9
547.9
548.0
548.0
548.0
548.1
548.1
548.1
548.1
548.2
548.2
548.3
548.3
548.3
548.3
548.3
548.3
548.3
548.4
548.4
548.4
548.4
548.4
548.5
548.5
548.5
548.5
548.5
548.5
548.6
548.6
548.6
548.6
548.6
548.6
548.6
548.6
548.6
548.6
548.6
548.6
548.6
548.7
548.7
548.7
548.7
548.7
548.7
548.7
548.7
548.8
548.8
548.8
548.8
548.8
548.8
548.9
548.9
548.9
548.9
548.9
548.9
549.0
549.0
549.0
549.0
549.0
549.1
549.1
549.1
549.2
549.2
549.2
549.2
549.2
549.2
549.2
549.3
549.3
549.3
549.3
549.3
549.3
549.3
549.3
549.4
549.4
549.4
549.4
549.5
549.5
549.5
549.5
549.5
549.5
549.6
549.6
549.6
549.6
549.7
549.7
549.7
549.7
549.7
549.8
549.8
549.8
549.8
549.8
549.9
549.9
549.9
549.9
549.9
550.0
550.0
550.0
550.0
550.0
550.1
550.1
550.1
550.1
550.2
550.2
550.2
550.2
550.3
550.3
550.3
550.3
550.4
550.5
550.5
550.6
550.6
550.6
550.6
550.6
550.6
550.7
550.7
550.7
550.7
550.7
550.8
550.8
550.8
550.8
550.8
550.9
550.9
550.9
550.9
551.0
551.0
551.0
551.0
551.0
551.1
551.1
551.1
551.1
551.1
551.2
551.2
551.2
551.2
551.2
551.2
551.2
551.2
551.3
551.3
551.3
551.3
551.3
551.4
551.4
551.4
551.5
551.6
551.6
551.6
551.6
551.6
551.6
551.7
551.7
551.7
551.7
551.8
551.8
551.8
551.8
551.8
551.8
551.9
551.9
551.9
551.9
551.9
552.0
552.0
552.0
552.1
552.1
552.1
552.1
552.1
552.2
552.2
552.2
552.3
552.3
552.4
552.4
552.4
552.4
552.5
552.5
552.5
552.5
552.6
552.6
552.6
552.6
552.7
552.7
552.7
552.8
552.8
552.8
552.8
552.8
552.9
552.9
552.9
553.0
553.0
553.0
553.1
553.1
553.1
553.2
553.3
553.3
553.3
553.3
553.4
553.4
553.5
553.5
553.5
553.6
553.6
553.6
553.6
553.7
553.7
553.8
553.9
553.9
553.9
553.9
553.9
553.9
554.0
554.1
554.2
554.3
554.3
554.4
554.4
554.5
554.5
554.6
554.6
554.7
554.7
554.7
554.8
554.8
554.8
554.8
554.8
554.8
554.8
554.8
554.9
554.9
555.0
555.0
555.0
555.0
555.1
555.2
555.2
555.2
555.3
555.4
555.4
555.4
555.5
555.6
555.6
555.7
555.7
555.7
555.8
555.8
555.8
555.9
555.9
556.0
556.0
556.1
556.1
556.2
556.2
556.2
556.4
556.4
556.4
556.4
556.4
556.5
556.5
556.6
556.6
556.7
556.7
556.8
556.8
556.8
556.9
556.9
556.9
557.0
557.0
557.1
557.1
557.2
557.2
557.2
557.3
557.5
557.5
557.5
557.5
557.6
557.6
557.6
557.7
557.7
558.0
558.0
558.0
558.0
558.2
558.4
558.4
558.5
558.5
558.7
558.8
559.0
559.0
559.1
559.2
559.2
559.3
559.4
559.5
559.7
559.8
559.9
559.9
560.0
560.2
560.3
560.5
560.6
560.7
560.9
560.9
561.1
561.1
561.2
561.2
561.3
561.5
561.6
561.7
562.2
562.3
562.6
563.5
564.0
564.0
564.4
564.4
564.5
564.6
564.7
565.3
565.6
565.6
565.7
565.9
566.3
566.4
566.5
566.6
566.8
568.2
570.1
571.8
572.2
572.5
572.6
574.3
576.4
577.5
579.8
582.0
584.2
598.1
623.9
659.3
661.1
664.4
665.5
666.7
667.2
667.3
667.9
669.2
671.4
678.1
679.6
679.9
681.5
681.9
683.1
683.6
683.7
683.8
683.8
686.1
686.1
686.6
687.4
688.6
689.0
690.0
692.0
692.4
693.1
694.2
694.8
695.1
696.8
697.6
698.4
700.2
701.0
701.3
702.8
704.2
706.0
706.0
706.1
707.5
709.5
714.1
716.0
718.4
718.9
720.4
722.9
723.9
724.3
726.7
730.9
740.5
741.3
753.2
757.0
762.7
763.6
775.7
780.7
784.5
787.8
788.9
789.4
791.4
793.6
795.6
802.0
802.7
805.3
810.6
812.8
816.6
817.5
818.6
819.0
819.2
819.3
819.4
819.7
819.8
819.8
821.0
821.5
822.7
823.2
823.4
823.9
824.3
824.5
824.6
825.2
825.2
825.8
826.1
826.8
826.8
827.3
828.4
828.8
831.1
832.2
832.3
833.4
833.6
833.6
833.7
834.3
834.4
834.4
834.8
835.0
835.1
835.1
835.2
835.6
836.1
836.1
836.1
836.1
836.2
836.3
836.3
836.6
837.0
837.1
837.2
837.3
837.4
837.6
837.7
837.8
837.9
838.3
838.5
838.7
838.8
838.8
838.9
839.1
839.3
839.3
839.5
839.8
839.9
839.9
839.9
840.1
840.1
840.1
840.3
840.5
840.7
840.8
840.9
841.0
841.0
841.0
841.1
841.3
841.4
841.4
841.7
841.9
841.9
841.9
842.0
842.0
842.1
842.3
842.3
842.4
842.8
842.9
842.9
843.1
843.1
843.3
843.4
843.5
843.7
843.7
843.7
843.8
843.8
843.8
843.9
844.0
844.1
844.1
844.7
844.8
845.2
845.3
845.3
845.3
845.4
845.4
845.4
845.4
845.5
845.6
845.6
846.0
846.0
846.2
846.3
846.3
846.5
846.5
846.6
846.6
846.7
846.8
846.8
846.9
847.0
847.0
847.1
847.1
847.2
847.2
847.2
847.3
847.6
847.6
847.7
847.7
847.8
847.8
847.8
848.0
848.0
848.0
848.0
848.0
848.1
848.1
848.1
848.2
848.3
848.3
848.3
848.4
848.4
848.4
848.4
848.6
848.6
848.6
848.7
848.7
848.9
848.9
848.9
849.0
849.2
849.2
849.2
849.4
849.4
849.4
849.4
849.5
849.5
849.6
849.6
849.6
849.6
849.7
849.7
849.8
849.9
849.9
849.9
849.9
850.0
850.1
850.1
850.1
850.1
850.2
850.2
850.3
850.3
850.4
850.4
850.4
850.4
850.4
850.5
850.5
850.6
850.6
850.6
850.6
850.6
850.7
850.7
850.7
850.8
850.8
850.8
850.8
850.8
850.8
850.9
850.9
850.9
851.0
851.1
851.1
851.2
851.2
851.2
851.2
851.2
851.3
851.3
851.3
851.3
851.3
851.3
851.3
851.3
851.3
851.4
851.4
851.4
851.4
851.5
851.5
851.5
851.5
851.5
851.6
851.6
851.6
851.6
851.7
851.7
851.7
851.8
851.8
851.8
851.8
851.8
851.9
852.0
852.0
852.0
852.0
852.1
852.1
852.1
852.2
852.2
852.3
852.3
852.3
852.3
852.3
852.4
852.4
852.4
852.4
852.5
852.5
852.5
852.5
852.6
852.6
852.6
852.7
852.7
852.7
852.7
852.8
852.8
852.8
852.8
852.8
852.9
852.9
852.9
852.9
853.0
853.0
853.0
853.0
853.0
853.0
853.1
853.1
853.2
853.2
853.2
853.2
853.2
853.2
853.3
853.3
853.3
853.3
853.3
853.4
853.4
853.4
853.4
853.5
853.5
853.5
853.5
853.6
853.6
853.6
853.6
853.6
853.6
853.6
853.6
853.6
853.6
853.7
853.7
853.7
853.7
853.8
853.8
853.8
853.8
853.8
853.9
853.9
853.9
854.0
854.0
854.0
854.0
854.1
854.1
854.1
854.1
854.1
854.1
854.1
854.2
854.2
854.2
854.3
854.3
854.3
854.3
854.3
854.3
854.4
854.4
854.4
854.4
854.4
854.4
854.5
854.5
854.5
854.6
854.6
854.6
854.6
854.7
854.7
854.7
854.8
854.8
854.8
854.8
854.8
854.8
854.9
854.9
854.9
854.9
855.0
855.0
855.1
855.1
855.1
855.1
855.1
855.2
855.2
855.2
855.2
855.2
855.3
855.3
855.3
855.4
855.4
855.4
855.4
855.5
855.5
855.5
855.5
855.5
855.6
855.6
855.6
855.6
855.6
855.7
855.7
855.7
855.7
855.7
855.7
855.8
855.8
855.8
855.8
855.9
855.9
855.9
855.9
855.9
855.9
855.9
855.9
856.0
856.0
856.0
856.0
856.1
856.1
856.2
856.2
856.2
856.2
856.2
856.3
856.3
856.3
856.4
856.4
856.4
856.4
856.4
856.4
856.4
856.5
856.5
856.5
856.5
856.5
856.6
856.6
856.6
856.6
856.6
856.6
856.7
856.7
856.7
856.7
856.7
856.7
856.7
856.7
856.8
856.8
856.8
856.8
856.8
856.8
856.8
856.8
856.8
856.9
856.9
856.9
856.9
856.9
856.9
856.9
857.0
857.0
857.0
857.0
857.0
857.1
857.1
857.1
857.1
857.1
857.1
857.2
857.3
857.3
857.3
857.3
857.4
857.4
857.4
857.4
857.4
857.4
857.4
857.4
857.5
857.6
857.6
857.6
857.6
857.6
857.6
857.6
857.6
857.6
857.6
857.6
857.6
857.7
857.7
857.7
857.7
857.7
857.8
857.8
857.8
857.8
857.8
857.9
857.9
857.9
858.0
858.0
858.0
858.0
858.0
858.0
858.0
858.0
858.1
858.1
858.1
858.1
858.1
858.2
858.2
858.2
858.2
858.2
858.3
858.3
858.3
858.3
858.3
858.3
858.3
858.3
858.4
858.4
858.4
858.4
858.5
858.5
858.5
858.5
858.6
858.6
858.6
858.6
858.7
858.7
858.8
858.8
858.8
858.8
858.9
858.9
858.9
858.9
858.9
858.9
858.9
858.9
859.0
859.0
859.0
859.0
859.0
859.0
859.0
859.1
859.1
859.1
859.1
859.1
859.2
859.2
859.2
859.2
859.2
859.2
859.2
859.2
859.2
859.2
859.2
859.3
859.3
859.3
859.3
859.4
859.4
859.4
859.4
859.4
859.4
859.4
859.4
859.4
859.4
859.4
859.5
859.5
859.5
859.5
859.5
859.5
859.6
859.6
859.6
859.6
859.6
859.6
859.6
859.7
859.7
859.7
859.7
859.7
859.7
859.7
859.7
859.8
859.8
859.8
859.8
859.8
859.8
859.8
859.8
859.8
859.9
859.9
859.9
859.9
860.0
860.0
860.0
860.0
860.0
860.0
860.0
860.1
860.1
860.1
860.1
860.1
860.1
860.2
860.2
860.2
860.2
860.2
860.2
860.2
860.2
860.3
860.3
860.3
860.3
860.3
860.4
860.4
860.4
860.4
860.4
860.4
860.4
860.4
860.4
860.5
860.5
860.5
860.6
860.6
860.6
860.6
860.6
860.6
860.6
860.7
860.7
860.7
860.7
860.7
860.7
860.7
860.7
860.8
860.8
860.8
860.8
860.8
860.9
860.9
860.9
860.9
860.9
860.9
860.9
861.0
861.0
861.0
861.0
861.0
861.0
861.0
861.1
861.1
861.1
861.1
861.1
861.1
861.2
861.2
861.2
861.2
861.2
861.2
861.2
861.3
861.3
861.3
861.3
861.3
861.3
861.3
861.3
861.3
861.3
861.3
861.4
861.4
861.4
861.4
861.4
861.4
861.4
861.4
861.5
861.5
861.5
861.5
861.5
861.5
861.5
861.5
861.5
861.5
861.6
861.6
861.6
861.6
861.6
861.6
861.6
861.6
861.6
861.6
861.6
861.6
861.7
861.7
861.7
861.7
861.8
861.8
861.8
861.8
861.8
861.8
861.8
861.9
861.9
861.9
861.9
861.9
862.0
862.0
862.0
862.0
862.0
862.0
862.0
862.1
862.1
862.1
862.1
862.1
862.1
862.1
862.1
862.2
862.2
862.2
862.2
862.2
862.2
862.2
862.2
862.2
862.2
862.2
862.3
862.3
862.3
862.3
862.3
862.3
862.3
862.4
862.4
862.4
862.4
862.4
862.4
862.4
862.4
862.5
862.5
862.5
862.5
862.5
862.5
862.6
862.6
862.6
862.6
862.6
862.6
862.6
862.7
862.7
862.7
862.7
862.7
862.7
862.7
862.7
862.7
862.7
862.7
862.7
862.7
862.7
862.8
862.8
862.8
862.8
862.8
862.8
862.8
862.8
862.8
862.8
862.8
862.8
862.9
862.9
862.9
862.9
862.9
862.9
862.9
862.9
862.9
862.9
862.9
862.9
862.9
862.9
863.0
863.0
863.0
863.0
863.0
863.0
863.0
863.0
863.0
863.0
863.0
863.0
863.0
863.0
863.0
863.1
863.1
863.1
863.1
863.1
863.1
863.1
863.1
863.1
863.1
863.1
863.1
863.1
863.1
863.1
863.2
863.2
863.2
863.2
863.2
863.2
863.2
863.2
863.2
863.2
863.3
863.3
863.3
863.3
863.3
863.3
863.3
863.3
863.3
863.3
863.3
863.3
863.3
863.3
863.3
863.4
863.4
863.4
863.4
863.4
863.4
863.4
863.4
863.4
863.4
863.4
863.4
863.4
863.4
863.5
863.5
863.5
863.5
863.5
863.5
863.5
863.5
863.5
863.6
863.6
863.6
863.6
863.6
863.6
863.6
863.7
863.7
863.7
863.7
863.7
863.7
863.7
863.7
863.8
863.8
863.8
863.8
863.8
863.8
863.8
863.8
863.8
863.8
863.9
863.9
863.9
863.9
863.9
863.9
863.9
863.9
863.9
863.9
863.9
863.9
863.9
863.9
863.9
863.9
863.9
864.0
864.0
864.0
864.0
864.0
864.0
864.0
864.0
864.1
864.1
864.1
864.1
864.1
864.1
864.1
864.1
864.1
864.1
864.1
864.2
864.2
864.2
864.2
864.2
864.2
864.2
864.2
864.2
864.2
864.2
864.2
864.3
864.3
864.3
864.3
864.3
864.3
864.3
864.3
864.3
864.3
864.3
864.4
864.4
864.4
864.4
864.4
864.4
864.4
864.4
864.4
864.4
864.4
864.4
864.4
864.4
864.4
864.5
864.5
864.5
864.5
864.5
864.5
864.6
864.6
864.6
864.6
864.6
864.6
864.6
864.6
864.6
864.6
864.6
864.6
864.7
864.7
864.7
864.7
864.7
864.7
864.7
864.7
864.7
864.7
864.7
864.8
864.8
864.8
864.8
864.8
864.8
864.8
864.8
864.8
864.8
864.8
864.9
864.9
864.9
864.9
864.9
864.9
864.9
864.9
864.9
864.9
864.9
864.9
864.9
864.9
865.0
865.0
865.0
865.0
865.0
865.0
865.0
865.0
865.0
865.0
865.0
865.1
865.1
865.1
865.1
865.1
865.1
865.1
865.1
865.1
865.2
865.2
865.2
865.2
865.2
865.2
865.2
865.2
865.2
865.2
865.2
865.2
865.2
865.2
865.2
865.2
865.3
865.3
865.3
865.3
865.3
865.3
865.3
865.3
865.3
865.3
865.3
865.3
865.3
865.3
865.3
865.3
865.4
865.4
865.4
865.4
865.4
865.4
865.4
865.4
865.4
865.4
865.4
865.4
865.4
865.5
865.5
865.5
865.5
865.5
865.5
865.5
865.5
865.5
865.5
865.5
865.5
865.5
865.5
865.5
865.5
865.5
865.5
865.5
865.6
865.6
865.6
865.6
865.6
865.6
865.6
865.6
865.6
865.6
865.6
865.6
865.6
865.6
865.6
865.7
865.7
865.7
865.7
865.7
865.7
865.7
865.7
865.7
865.7
865.7
865.7
865.7
865.7
865.7
865.8
865.8
865.8
865.8
865.8
865.8
865.8
865.8
865.8
865.9
865.9
865.9
865.9
865.9
865.9
865.9
865.9
865.9
866.0
866.0
866.0
866.0
866.0
866.0
866.0
866.1
866.1
866.1
866.1
866.1
866.1
866.1
866.1
866.2
866.2
866.2
866.2
866.2
866.2
866.2
866.2
866.2
866.2
866.2
866.2
866.3
866.3
866.3
866.3
866.3
866.3
866.3
866.3
866.3
866.3
866.3
866.3
866.4
866.4
866.4
866.4
866.4
866.4
866.4
866.4
866.5
866.5
866.5
866.5
866.5
866.5
866.5
866.5
866.5
866.5
866.5
866.6
866.6
866.6
866.6
866.6
866.6
866.6
866.7
866.7
866.7
866.7
866.7
866.7
866.7
866.7
866.7
866.7
866.7
866.7
866.7
866.7
866.8
866.8
866.8
866.8
866.8
866.8
866.9
866.9
866.9
866.9
866.9
866.9
866.9
866.9
866.9
866.9
866.9
866.9
866.9
866.9
866.9
867.0
867.0
867.0
867.0
867.0
867.0
867.0
867.0
867.0
867.0
867.1
867.1
867.1
867.1
867.1
867.1
867.1
867.1
867.1
867.1
867.2
867.2
867.2
867.2
867.2
867.2
867.2
867.2
867.2
867.2
867.2
867.2
867.3
867.3
867.3
867.3
867.3
867.3
867.3
867.3
867.3
867.3
867.3
867.3
867.3
867.3
867.4
867.4
867.4
867.4
867.4
867.4
867.4
867.4
867.4
867.4
867.4
867.4
867.4
867.4
867.5
867.5
867.5
867.5
867.5
867.5
867.5
867.5
867.5
867.6
867.6
867.6
867.6
867.6
867.6
867.6
867.6
867.6
867.6
867.6
867.7
867.7
867.7
867.7
867.7
867.7
867.7
867.7
867.7
867.7
867.7
867.7
867.7
867.8
867.8
867.8
867.8
867.8
867.8
867.8
867.8
867.8
867.8
867.8
867.9
867.9
867.9
867.9
867.9
867.9
867.9
867.9
867.9
867.9
867.9
867.9
867.9
868.0
868.0
868.0
868.0
868.0
868.0
868.1
868.1
868.1
868.1
868.1
868.1
868.1
868.1
868.1
868.1
868.1
868.2
868.2
868.2
868.2
868.2
868.2
868.3
868.3
868.3
868.3
868.3
868.3
868.3
868.3
868.3
868.4
868.4
868.4
868.4
868.4
868.4
868.4
868.4
868.4
868.4
868.5
868.5
868.5
868.5
868.5
868.5
868.5
868.5
868.5
868.5
868.5
868.5
868.6
868.6
868.6
868.6
868.6
868.6
868.6
868.6
868.6
868.6
868.7
868.7
868.7
868.7
868.7
868.7
868.7
868.7
868.7
868.7
868.7
868.7
868.7
868.7
868.8
868.8
868.8
868.8
868.8
868.8
868.8
868.8
868.8
868.8
868.9
868.9
868.9
868.9
868.9
868.9
868.9
868.9
868.9
869.0
869.0
869.0
869.0
869.0
869.0
869.1
869.1
869.1
869.1
869.1
869.1
869.1
869.1
869.1
869.2
869.2
869.2
869.2
869.2
869.2
869.2
869.2
869.2
869.2
869.2
869.2
869.3
869.3
869.3
869.3
869.3
869.3
869.3
869.3
869.3
869.3
869.3
869.3
869.4
869.4
869.4
869.4
869.4
869.4
869.4
869.4
869.4
869.4
869.4
869.4
869.4
869.5
869.5
869.5
869.5
869.5
869.5
869.5
869.5
869.5
869.5
869.5
869.5
869.6
869.6
869.6
869.6
869.6
869.6
869.6
869.6
869.6
869.6
869.6
869.6
869.7
869.7
869.7
869.7
869.7
869.7
869.7
869.7
869.7
869.7
869.7
869.7
869.7
869.7
869.7
869.7
869.8
869.8
869.8
869.8
869.8
869.8
869.8
869.8
869.8
869.8
869.9
869.9
869.9
869.9
869.9
869.9
869.9
869.9
869.9
869.9
869.9
869.9
869.9
870.0
870.0
870.0
870.0
870.0
870.0
870.0
870.0
870.1
870.1
870.1
870.1
870.1
870.1
870.1
870.1
870.1
870.1
870.1
870.2
870.2
870.2
870.2
870.2
870.2
870.2
870.2
870.2
870.3
870.3
870.3
870.3
870.3
870.3
870.3
870.3
870.3
870.3
870.3
870.4
870.4
870.4
870.4
870.4
870.4
870.4
870.4
870.5
870.5
870.5
870.5
870.5
870.5
870.5
870.5
870.5
870.5
870.6
870.6
870.6
870.6
870.6
870.6
870.6
870.6
870.6
870.6
870.6
870.6
870.6
870.7
870.7
870.7
870.7
870.7
870.7
870.7
870.7
870.7
870.7
870.8
870.8
870.8
870.8
870.8
870.8
870.8
870.8
870.8
870.8
870.8
870.8
870.9
870.9
870.9
870.9
870.9
870.9
870.9
870.9
870.9
870.9
870.9
870.9
870.9
871.0
871.0
871.0
871.0
871.0
871.0
871.0
871.1
871.1
871.1
871.1
871.1
871.1
871.1
871.1
871.1
871.2
871.2
871.2
871.2
871.2
871.2
871.2
871.2
871.2
871.2
871.2
871.3
871.3
871.3
871.3
871.3
871.3
871.3
871.3
871.3
871.3
871.4
871.4
871.4
871.4
871.4
871.4
871.4
871.4
871.4
871.4
871.5
871.5
871.5
871.5
871.5
871.5
871.5
871.5
871.5
871.5
871.6
871.6
871.6
871.6
871.6
871.6
871.6
871.6
871.6
871.6
871.6
871.6
871.7
871.7
871.7
871.7
871.7
871.7
871.7
871.7
871.7
871.7
871.7
871.7
871.7
871.8
871.8
871.8
871.8
871.8
871.8
871.8
871.8
871.8
871.8
871.8
871.8
871.9
871.9
871.9
871.9
871.9
871.9
871.9
871.9
871.9
871.9
871.9
871.9
872.0
872.0
872.0
872.0
872.0
872.0
872.0
872.0
872.1
872.1
872.1
872.1
872.1
872.1
872.1
872.1
872.1
872.2
872.2
872.2
872.2
872.2
872.2
872.2
872.2
872.3
872.3
872.3
872.3
872.3
872.3
872.3
872.3
872.4
872.4
872.4
872.4
872.4
872.4
872.4
872.5
872.5
872.5
872.5
872.5
872.5
872.5
872.5
872.5
872.5
872.5
872.6
872.6
872.6
872.6
872.6
872.6
872.6
872.6
872.6
872.7
872.7
872.7
872.7
872.7
872.7
872.7
872.7
872.7
872.7
872.7
872.8
872.8
872.8
872.8
872.8
872.8
872.8
872.8
872.8
872.8
872.8
872.9
872.9
872.9
872.9
872.9
872.9
872.9
873.0
873.0
873.0
873.0
873.0
873.0
873.1
873.1
873.1
873.1
873.1
873.1
873.1
873.2
873.2
873.2
873.2
873.2
873.2
873.2
873.2
873.3
873.3
873.3
873.3
873.3
873.3
873.4
873.4
873.5
873.5
873.5
873.5
873.5
873.5
873.5
873.5
873.5
873.6
873.6
873.6
873.6
873.6
873.6
873.6
873.6
873.6
873.7
873.7
873.7
873.7
873.7
873.7
873.7
873.7
873.7
873.7
873.7
873.8
873.8
873.8
873.8
873.8
873.8
873.8
873.8
873.8
873.8
873.9
873.9
873.9
873.9
873.9
873.9
873.9
873.9
873.9
874.0
874.0
874.0
874.0
874.0
874.0
874.0
874.0
874.0
874.1
874.1
874.1
874.1
874.1
874.2
874.2
874.2
874.2
874.2
874.2
874.2
874.2
874.2
874.2
874.2
874.3
874.3
874.3
874.3
874.3
874.3
874.3
874.3
874.3
874.3
874.4
874.4
874.4
874.4
874.4
874.4
874.4
874.4
874.4
874.4
874.4
874.5
874.5
874.5
874.5
874.5
874.5
874.5
874.5
874.5
874.5
874.5
874.5
874.6
874.6
874.6
874.6
874.6
874.6
874.7
874.7
874.7
874.7
874.7
874.7
874.7
874.8
874.8
874.8
874.8
874.8
874.8
874.8
874.8
874.8
874.8
874.8
874.9
874.9
874.9
875.0
875.0
875.0
875.0
875.0
875.1
875.1
875.1
875.1
875.1
875.1
875.1
875.2
875.2
875.2
875.2
875.2
875.2
875.2
875.2
875.3
875.3
875.3
875.3
875.3
875.4
875.4
875.4
875.4
875.5
875.5
875.5
875.5
875.5
875.6
875.6
875.6
875.6
875.6
875.6
875.7
875.7
875.7
875.7
875.7
875.8
875.8
875.8
875.8
875.8
875.8
875.9
875.9
875.9
875.9
875.9
875.9
875.9
875.9
875.9
875.9
875.9
876.0
876.0
876.0
876.1
876.1
876.1
876.1
876.1
876.2
876.2
876.2
876.2
876.2
876.2
876.3
876.3
876.3
876.4
876.4
876.4
876.4
876.4
876.4
876.4
876.5
876.5
876.6
876.6
876.6
876.6
876.7
876.7
876.7
876.7
876.7
876.8
876.8
876.8
876.8
876.8
876.9
876.9
876.9
876.9
876.9
876.9
877.0
877.0
877.0
877.0
877.1
877.1
877.2
877.2
877.2
877.2
877.2
877.2
877.2
877.2
877.3
877.3
877.3
877.3
877.4
877.4
877.4
877.4
877.4
877.4
877.4
877.4
877.4
877.4
877.5
877.5
877.5
877.5
877.5
877.5
877.5
877.5
877.6
877.6
877.6
877.6
877.6
877.6
877.7
877.7
877.7
877.8
877.8
877.8
877.8
877.8
877.8
877.8
877.8
877.9
877.9
877.9
877.9
877.9
878.0
878.0
878.0
878.1
878.2
878.2
878.3
878.3
878.3
878.3
878.3
878.4
878.4
878.5
878.5
878.5
878.6
878.6
878.6
878.6
878.6
878.6
878.6
878.7
878.7
878.7
878.8
878.8
878.8
878.8
878.9
878.9
878.9
879.0
879.0
879.0
879.0
879.0
879.0
879.1
879.1
879.1
879.2
879.2
879.2
879.2
879.2
879.2
879.2
879.2
879.3
879.3
879.3
879.3
879.3
879.3
879.3
879.3
879.3
879.3
879.3
879.4
879.4
879.4
879.4
879.4
879.4
879.5
879.5
879.5
879.5
879.6
879.6
879.6
879.6
879.6
879.6
879.7
879.7
879.7
879.7
879.7
879.8
879.8
879.9
879.9
879.9
879.9
879.9
879.9
879.9
879.9
879.9
880.0
880.0
880.0
880.0
880.1
880.1
880.1
880.2
880.2
880.2
880.2
880.2
880.3
880.3
880.4
880.4
880.5
880.5
880.5
880.5
880.5
880.6
880.6
880.6
880.7
880.7
880.7
880.7
880.7
880.8
880.8
880.8
880.8
880.9
880.9
881.0
881.0
881.1
881.2
881.3
881.4
881.4
881.4
881.4
881.5
881.5
881.5
881.5
881.6
881.6
881.7
881.7
881.7
881.7
881.8
881.8
881.8
881.8
881.9
881.9
881.9
881.9
882.0
882.0
882.0
882.1
882.1
882.2
882.2
882.2
882.2
882.3
882.3
882.3
882.4
882.5
882.5
882.6
882.6
882.6
882.8
882.8
882.9
883.0
883.0
883.1
883.1
883.1
883.2
883.2
883.3
883.3
883.3
883.3
883.3
883.4
883.4
883.5
883.5
883.6
883.6
883.6
883.7
883.7
883.8
883.8
883.9
883.9
884.0
884.0
884.0
884.1
884.1
884.1
884.1
884.2
884.2
884.3
884.3
884.4
884.4
884.4
884.5
884.5
884.5
884.6
884.7
884.7
884.8
885.0
885.0
885.1
885.1
885.2
885.2
885.2
885.2
885.3
885.4
885.4
885.5
885.7
885.8
886.1
886.4
886.4
886.8
886.8
886.8
887.1
887.2
887.2
887.2
887.3
887.4
887.5
887.6
887.7
888.0
888.0
888.1
888.2
888.4
888.6
888.8
888.9
889.0
889.0
889.0
889.2
889.4
889.4
889.6
890.2
890.4
890.4
890.6
890.6
890.8
890.9
891.4
891.6
891.6
892.1
893.8
894.0
894.1
894.5
894.8
894.8
894.9
896.0
896.5
897.8
898.8
899.1
908.7
921.0
957.2
974.9
991.2
