736
552
258
531
578
433
627
674
264
504
766
233
490
249
256
381
719
721
237
321
351
492
598
722
738
415
457
668
672
302
360
393
620
558
836
179
533
447
545
615
642
670
726
343
454
665
391
403
240
289
341
423
242
500
619
628
285
795
439
609
419
464
569
573
600
678
376
469
586
590
386
438
587
740
209
234
437
626
597
727
400
690
566
608
798
269
425
778
170
284
383
495
542
498
634
783
331
357
398
435
479
595
633
673
72
299
693
472
503
618
695
729
867
298
411
432
697
761
280
560
701
712
791
324
344
359
371
372
405
442
444
493
519
546
624
803
825
340
431
460
580
323
370
646
369
410
471
539
548
703
122
165
253
318
392
422
430
448
481
630
666
142
295
378
426
513
652
818
108
293
421
517
658
850
181
202
206
243
468
477
714
731
870
147
325
396
485
506
554
725
246
480
520
530
537
553
571
596
347
397
406
532
824
245
306
402
507
563
585
638
871
186
212
259
283
315
319
734
748
260
281
526
544
551
621
623
650
676
728
756
54
88
104
229
346
534
708
226
515
661
806
322
445
404
606
704
863
191
300
483
509
594
769
776
215
328
458
653
659
675
743
752
765
55
266
412
443
514
631
887
361
373
428
491
644
250
255
276
309
320
379
496
629
698
707
216
275
277
294
297
311
349
505
613
131
218
314
348
355
459
476
536
129
272
417
522
547
671
188
463
685
718
99
177
190
241
427
446
474
579
694
724
794
799
841
847
57
86
145
222
296
388
535
543
601
802
232
326
335
363
424
199
200
308
310
312
452
478
497
622
635
660
750
811
846
220
292
749
117
193
267
408
511
541
617
715
184
390
486
499
759
126
164
178
377
502
567
696
786
70
198
450
455
616
705
205
334
603
643
817
109
235
680
745
112
140
354
389
465
852
873
90
146
213
219
559
583
684
751
282
333
362
774
820
924
173
223
244
278
329
353
461
591
169
380
556
610
612
640
884
895
97
221
254
508
516
648
858
65
151
155
162
225
274
467
538
576
829
114
152
413
436
494
669
711
118
210
307
394
819
130
385
859
160
217
368
387
581
801
63
116
401
657
688
773
780
73
87
137
588
833
757
777
815
204
691
716
150
182
575
732
892
931
115
189
236
268
356
473
760
80
647
822
111
832
837
382
943
76
157
227
263
301
441
805
337
842
876
134
171
257
562
656
775
839
861
52
83
175
482
568
831
265
27
138
105
287
637
664
692
823
864
865
874
271
332
747
303
687
855
106
908
121
605
737
364
475
487
5
176
350
501
561
785
790
814
34
339
593
67
128
316
466
183
197
262
273
689
742
935
144
384
853
882
94
133
163
407
527
174
290
488
71
100
156
161
172
872
19
194
270
555
2
238
141
929
969
25
196
208
720
416
881
651
800
827
888
98
153
211
313
649
857
915
21
682
772
982
247
753
878
434
700
148
792
845
912
69
107
812
898
907
110
848
914
192
510
523
762
788
826
834
896
900
906
3
166
330
540
919
923
979
50
84
429
125
709
928
95
168
717
201
564
625
922
252
851
763
58
449
843
456
529
917
962
409
85
809
862
868
61
866
903
32
79
894
261
787
835
860
988
784
956
167
796
934
143
955
11
119
47
577
810
304
925
24
139
136
901
886
828
549
893
662
840
124
963
885
101
932
62
420
135
528
51
214
29
904
972
574
869
936
342
966
948
45
462
744
938
550
8
28
103
10
954
23
149
844
961
965
960
991
1
0
584
679
899
56
582
767
951
838
926
891
944
854
699
39
524
636
702
451
807
976
916
46
789
484
730
414
902
994
918
984
557
910
33
286
41
37
987
998
978
981
22
997
641
968
7
983
53
35
920
677
975
49
367
395
375
808
992
315
489
635
16
768
756
718
533
447
336
344
734
539
403
464
460
659
362
765
713
480
547
323
370
177
802
289
302
352
736
