401
417
486
277
332
343
344
358
372
384
388
394
405
407
418
428
429
432
441
589
304
327
336
356
360
364
366
373
376
382
386
390
393
395
400
412
424
426
460
464
466
473
502
505
533
541
581
624
262
281
282
284
287
289
290
300
309
316
319
322
326
329
331
333
338
340
346
351
355
359
362
365
380
383
387
392
397
406
408
419
430
435
449
454
457
459
462
463
467
476
477
482
485
489
490
491
501
503
507
512
518
519
532
539
551
554
555
571
593
597
612
212
233
253
269
274
285
288
292
297
308
312
314
315
318
323
325
328
330
335
339
341
352
357
363
367
369
377
379
381
389
396
399
411
414
415
416
427
431
433
436
439
442
443
445
448
450
452
453
455
468
475
478
480
483
488
497
498
499
504
509
523
525
526
543
544
545
560
563
565
569
574
587
588
599
606
628
633
641
650
688
182
219
220
228
231
248
251
254
261
271
273
291
294
295
302
303
306
310
320
321
342
348
353
368
370
374
375
385
391
398
403
404
409
410
413
422
423
434
437
438
447
451
456
458
461
465
472
479
492
493
500
508
511
513
522
528
530
531
534
537
546
549
550
561
562
567
570
577
578
580
582
584
585
586
590
603
610
621
623
626
629
631
638
660
666
669
680
689
691
692
696
195
199
202
216
223
239
240
242
257
259
264
265
266
268
279
280
286
299
305
307
311
317
324
345
349
350
361
378
402
420
421
440
446
469
481
484
487
494
510
514
515
516
517
520
521
524
536
547
552
558
564
568
575
576
583
594
602
605
608
611
613
617
618
619
622
634
639
642
643
647
649
662
668
670
672
673
677
683
686
690
695
703
723
729
191
208
214
221
226
229
232
241
243
244
245
249
256
258
260
263
267
270
272
275
278
301
313
337
347
371
444
470
471
474
495
506
527
540
542
548
559
573
592
595
598
609
620
627
630
632
636
637
640
644
646
648
654
663
665
674
676
681
684
693
694
697
701
702
704
714
715
724
726
736
743
163
176
178
184
198
203
205
206
210
224
235
236
238
247
255
293
334
354
496
535
556
557
579
591
596
600
601
604
607
614
616
645
651
655
659
664
667
671
675
705
707
711
718
730
737
738
740
741
768
160
167
173
183
190
192
197
207
211
215
218
222
230
234
252
276
283
296
298
425
529
553
566
625
652
657
661
682
698
706
708
709
710
712
713
717
719
725
727
731
742
747
749
750
754
755
758
762
763
765
795
804
151
162
165
171
175
179
186
193
201
204
209
213
217
225
237
246
250
572
615
635
678
679
685
716
720
735
739
744
745
751
772
775
778
781
785
789
790
174
180
181
189
538
653
658
687
721
722
732
733
734
746
748
752
753
766
771
777
782
791
797
803
146
155
156
157
161
164
166
170
194
196
227
656
700
728
760
767
774
779
783
793
794
796
798
799
801
141
152
154
168
169
172
177
185
188
200
699
756
759
764
773
786
802
806
809
813
826
143
158
769
770
776
784
787
800
805
807
811
816
817
130
138
139
140
144
145
148
187
757
761
788
792
808
820
825
828
836
137
149
150
153
159
780
814
818
819
824
829
834
847
136
142
810
815
835
838
132
147
812
823
827
837
843
853
131
133
821
822
831
832
833
840
846
848
851
862
120
127
128
134
135
830
841
842
844
855
856
859
112
129
845
849
119
123
124
126
852
858
864
866
867
869
877
113
116
854
857
860
861
870
872
118
850
865
102
115
863
874
878
105
106
108
111
122
839
871
881
888
868
876
880
93
107
110
114
117
121
879
86
89
97
104
125
873
875
885
893
98
100
883
96
109
882
889
896
95
895
83
94
103
886
887
99
911
101
891
897
92
884
890
894
902
87
88
90
91
892
898
900
906
84
85
907
82
905
901
908
920
78
899
912
917
76
80
904
916
919
70
75
72
903
909
910
914
915
73
81
74
79
921
924
913
918
71
931
52
60
59
67
68
69
66
77
929
930
54
57
63
925
926
927
932
58
64
928
922
923
61
65
936
53
937
939
62
933
48
935
51
934
940
949
56
55
938
49
45
942
945
44
46
941
948
953
50
47
943
41
946
947
944
952
37
950
958
42
38
28
43
959
956
954
33
36
951
955
957
970
35
34
962
39
31
32
40
978
24
964
967
26
10
971
968
20
30
18
16
25
960
969
22
963
19
976
972
974
17
966
965
13
21
973
975
27
624
1
14
29
12
989
986
7
987
9
11
23
486
979
977
961
980
277
4
5
15
688
3
0
982
981
985
372
2
6
993
984
8
991
988
995
417
401
388
394
405
418
429
432
441
344
358
373
384
395
407
412
424
428
336
343
356
360
364
366
380
382
386
390
393
400
408
426
460
473
486
327
332
355
362
372
376
383
387
392
397
406
430
457
463
464
466
541
277
304
316
322
331
333
338
340
341
346
351
359
367
427
435
436
443
449
454
455
459
462
477
489
490
491
501
502
505
533
589
282
287
289
300
308
309
319
329
352
363
365
369
377
379
381
389
396
398
416
419
431
433
437
442
445
453
467
476
478
480
482
483
485
498
503
518
519
532
581
262
281
284
290
297
323
325
326
330
335
339
357
368
374
399
403
404
409
410
411
414
415
422
438
439
447
450
475
479
492
497
500
504
507
509
512
539
551
554
555
560
571
269
312
315
318
320
328
361
370
375
385
413
423
434
451
452
456
458
461
468
472
488
493
494
499
526
545
563
569
597
612
212
233
261
274
285
288
292
295
302
314
342
348
349
353
391
402
420
421
440
448
465
481
487
513
515
522
523
525
534
543
549
565
574
587
593
624
182
219
228
231
251
253
254
266
271
279
294
303
306
307
310
317
321
345
371
378
469
471
474
484
508
510
511
514
520
521
524
528
530
531
537
544
546
550
561
567
577
580
584
588
599
220
223
242
248
265
291
305
324
337
347
350
444
446
470
506
516
517
547
548
552
558
562
564
570
576
578
582
585
586
590
610
195
202
216
226
239
240
257
259
264
268
273
275
280
299
311
313
542
575
594
602
606
628
633
641
199
243
244
249
256
258
260
267
270
272
278
286
301
334
354
425
495
496
527
536
540
556
559
573
583
592
603
605
611
613
621
623
631
650
191
221
222
229
245
255
263
529
535
557
568
596
609
617
618
619
622
626
638
643
178
205
214
232
241
247
283
293
296
298
566
579
591
598
608
620
629
632
634
639
647
660
666
198
208
224
236
238
252
595
630
646
649
663
163
176
184
197
203
206
210
211
215
225
235
237
276
538
553
601
604
607
616
627
640
642
648
654
669
670
680
681
683
688
689
691
696
183
190
192
193
201
207
209
218
230
600
614
636
637
644
662
665
668
672
692
160
167
173
186
213
217
234
246
572
625
645
659
671
673
677
690
695
703
151
171
174
179
189
250
615
651
652
655
664
667
674
676
684
686
693
162
165
175
204
635
675
694
697
701
723
729
157
180
181
657
661
702
704
714
715
653
658
707
718
724
726
155
156
161
168
170
196
227
679
682
687
698
705
713
719
736
737
146
164
169
194
200
656
685
708
709
711
712
738
740
743
141
166
188
678
710
717
730
731
741
172
185
706
720
727
742
750
152
158
177
716
721
722
725
735
745
747
749
754
755
154
187
699
733
739
744
763
145
734
746
753
758
762
765
143
700
728
748
751
768
148
149
752
775
795
130
138
140
159
732
766
137
144
153
756
771
772
777
785
790
150
759
760
778
781
782
789
139
147
764
774
783
791
797
804
767
773
779
803
776
757
761
769
796
798
799
801
132
142
786
136
770
784
793
794
800
802
131
813
787
788
806
133
780
807
809
120
127
134
135
792
805
128
129
808
811
826
817
820
816
112
126
812
814
828
123
815
818
825
810
819
119
824
834
836
838
827
113
124
829
835
847
116
118
823
833
837
122
821
822
830
832
115
831
843
846
853
102
840
842
848
851
106
841
855
856
110
111
121
845
849
862
105
844
852
859
864
866
867
854
872
858
869
877
114
117
870
860
839
857
104
874
86
108
861
97
107
850
863
865
98
93
95
868
888
89
876
96
109
125
880
881
871
101
878
879
875
100
103
873
83
94
99
92
883
885
91
893
87
882
889
84
887
88
90
896
884
886
895
911
85
890
902
898
891
892
897
894
900
906
853
836
847
838
862
825
826
834
867
877
878
828
829
835
846
856
864
813
824
840
843
848
849
851
859
866
804
818
820
832
844
857
865
869
871
872
881
893
907
789
795
816
817
823
827
833
837
841
842
854
855
861
888
799
803
809
819
845
860
863
870
889
896
785
797
801
806
808
811
831
852
858
874
876
880
920
781
791
793
794
796
807
814
822
879
885
905
917
790
798
800
805
810
815
830
850
875
895
908
919
768
777
778
782
821
763
775
802
882
887
899
901
904
911
912
916
786
787
868
873
883
914
765
766
783
792
897
903
910
915
182
743
758
762
771
774
779
784
788
812
886
894
909
921
754
772
839
902
924
750
755
767
891
900
195
212
417
441
726
729
736
740
741
751
760
769
773
776
890
913
931
163
178
199
401
418
432
486
688
723
737
742
747
749
884
918
151
167
176
191
202
219
388
394
405
412
424
428
429
696
718
724
738
764
770
780
898
906
156
157
160
183
184
277
358
372
407
426
460
463
466
473
541
589
691
703
704
727
730
731
744
748
756
141
220
228
231
344
373
382
386
390
393
395
408
430
449
457
459
464
491
501
502
505
533
624
683
689
690
714
715
739
745
759
146
162
165
171
173
205
214
216
223
226
233
336
343
355
356
360
366
380
384
387
400
406
435
442
443
454
455
462
477
478
482
485
489
490
498
503
532
581
672
677
680
692
693
709
717
719
725
752
753
761
892
927
930
932
155
161
174
186
190
192
193
197
198
239
262
282
287
304
322
327
332
333
362
364
376
383
392
397
416
427
433
436
437
445
453
467
476
480
483
492
504
507
509
512
518
519
539
551
571
612
660
669
686
695
697
701
702
708
710
711
713
720
728
733
734
735
746
929
143
144
154
166
168
179
201
208
210
221
251
253
261
269
281
289
290
309
316
331
338
346
351
359
365
367
414
419
431
438
439
447
450
461
468
475
479
488
497
499
500
526
543
554
555
560
593
597
628
641
650
662
665
666
673
681
694
707
712
926
145
164
169
172
175
189
203
206
215
222
229
240
242
248
274
284
297
300
308
319
340
341
352
363
369
377
379
381
389
396
398
399
403
409
410
411
413
422
434
451
452
456
458
472
493
494
523
525
545
563
565
569
574
587
631
633
643
663
668
676
698
705
706
716
722
732
130
137
138
139
180
181
207
209
211
224
225
243
245
254
259
266
271
285
312
315
318
323
325
326
329
330
335
339
357
374
385
404
415
423
448
465
469
481
487
510
511
513
514
515
521
522
524
531
534
544
546
549
550
577
580
585
586
588
599
606
610
621
623
626
638
649
670
671
674
684
721
757
925
928
140
148
149
170
218
232
244
257
258
264
265
279
288
295
302
306
320
328
368
375
402
420
421
440
470
471
474
484
508
520
528
530
537
547
561
562
567
570
576
578
582
584
613
622
629
634
639
647
654
659
922
132
152
177
213
217
236
247
249
255
256
267
268
273
292
303
307
314
342
349
353
361
370
378
391
444
446
506
516
517
548
552
558
564
575
590
592
594
602
603
605
617
618
632
642
644
655
675
682
939
136
158
188
204
235
237
238
241
260
280
291
294
299
310
317
321
324
348
371
536
542
556
559
573
583
608
609
611
619
620
627
636
640
645
646
648
651
652
657
664
667
685
923
936
937
120
127
147
150
194
230
263
270
272
275
278
286
305
337
345
347
495
496
527
535
540
568
591
596
630
637
687
700
123
153
196
234
252
301
311
313
350
425
529
557
566
579
595
598
607
614
616
661
678
679
699
933
131
133
134
142
185
283
600
601
658
935
135
200
293
296
334
354
604
625
635
653
112
119
126
159
187
227
246
250
276
298
656
102
128
129
538
553
615
949
124
572
113
116
111
118
122
934
110
105
115
940
106
89
93
104
107
108
938
97
98
100
117
945
114
86
125
83
942
953
96
109
948
82
95
121
941
78
103
70
99
75
76
87
90
92
94
59
71
73
80
91
72
74
79
88
101
943
52
85
54
60
81
84
946
952
68
77
63
67
950
66
958
58
69
944
947
64
57
65
61
62
53
51
956
959
55
957
48
954
49
44
56
970
45
955
967
962
47
46
964
41
28
951
978
50
971
43
38
151
182
146
160
141
163
624
173
157
130
143
145
195
589
164
184
612
162
176
178
633
641
581
628
138
611
634
646
167
587
597
619
621
631
638
148
171
563
571
574
593
599
605
606
608
609
617
623
643
647
650
161
555
570
603
613
622
632
648
666
669
688
154
155
199
580
602
610
620
629
639
660
670
673
156
183
541
560
585
588
618
630
636
637
642
692
147
202
565
578
584
586
590
596
626
627
644
663
665
668
681
683
191
212
554
582
649
651
664
680
703
144
170
561
567
569
577
654
667
677
689
691
693
136
139
168
172
551
576
614
616
640
645
662
671
672
149
193
532
533
575
592
594
598
615
652
674
676
684
690
695
696
697
137
140
205
519
546
550
552
558
573
591
595
607
635
659
723
169
174
562
564
568
583
601
655
133
158
165
518
531
548
549
559
579
604
625
686
179
186
486
509
513
534
539
545
653
656
701
702
152
181
222
501
502
507
512
530
542
543
600
658
661
707
120
129
190
505
522
687
694
704
715
135
177
180
189
192
214
521
526
537
544
556
675
682
685
705
714
132
175
197
220
473
485
491
524
566
572
657
679
166
198
201
503
536
547
729
134
153
441
464
483
497
498
508
523
525
528
557
718
726
150
209
219
489
490
500
504
520
535
553
678
724
119
142
216
460
477
493
510
527
540
711
738
128
207
432
478
494
499
506
515
698
712
713
719
736
123
418
466
476
529
710
720
127
210
417
457
468
479
480
482
484
511
516
737
188
223
405
424
462
463
488
517
699
709
717
727
215
225
233
395
401
427
467
706
131
194
228
393
412
426
428
442
454
459
471
514
700
721
742
407
429
430
438
443
492
708
730
731
733
735
740
211
221
239
388
394
431
469
487
725
743
749
229
408
445
449
456
458
474
538
722
112
206
226
344
373
416
450
455
465
475
481
495
496
741
745
755
203
384
406
435
122
208
434
436
437
439
472
744
750
118
126
231
372
382
413
433
451
716
734
739
124
159
204
377
380
383
386
387
390
398
422
440
446
453
461
747
185
218
277
400
419
448
452
753
187
213
376
397
444
447
470
732
754
224
341
365
367
389
409
414
746
113
217
362
364
392
410
415
289
343
351
358
381
399
403
404
396
232
332
423
728
748
751
762
765
327
359
361
366
385
411
420
758
240
328
346
355
363
421
752
331
352
356
248
261
304
336
402
425
245
316
374
756
288
322
379
115
196
242
319
325
360
369
371
116
237
243
247
251
262
281
282
290
300
317
333
335
338
340
370
249
269
353
368
110
244
264
287
375
763
768
230
235
238
259
330
342
354
357
266
295
306
324
349
106
312
339
378
772
255
274
297
318
323
326
348
391
766
771
775
256
284
302
321
102
253
254
279
308
309
329
759
200
236
257
268
760
241
258
267
273
764
278
285
303
315
334
757
781
785
313
320
271
291
301
350
105
307
790
795
310
347
767
778
265
275
311
337
345
761
773
283
292
314
776
298
789
111
227
263
299
777
252
260
783
276
293
280
769
774
791
305
779
294
782
770
296
799
272
234
121
286
246
804
802
797
117
784
796
250
270
803
798
786
794
86
788
801
787
800
793
780
792
806
805
97
807
95
809
808
813
107
811
104
826
815
817
812
836
878
893
847
853
862
832
864
867
877
840
879
889
336
343
843
846
869
871
888
895
358
359
364
373
855
857
861
872
881
885
896
332
360
372
844
849
851
860
865
866
870
874
351
356
362
365
377
382
384
394
395
407
828
834
859
880
327
340
344
355
363
366
376
380
392
825
863
876
331
335
338
383
386
388
400
401
856
875
887
894
322
357
369
379
387
390
393
397
405
823
854
873
900
911
323
328
329
341
346
353
367
370
381
396
412
418
829
835
841
842
852
858
304
308
312
347
352
375
378
385
389
406
411
417
419
426
833
837
838
848
902
277
315
330
333
342
350
361
371
403
404
408
820
824
886
898
309
314
319
325
326
339
391
402
409
415
827
897
907
281
300
349
368
374
398
399
428
429
830
845
882
883
890
345
424
430
432
818
285
316
318
334
337
348
410
413
414
416
816
868
891
906
914
292
306
321
324
441
819
884
904
920
427
431
831
850
917
284
290
291
310
317
320
354
420
422
899
905
912
282
288
297
303
311
423
435
892
901
908
916
295
305
307
436
443
814
822
915
262
274
287
289
302
313
421
433
445
810
821
839
919
273
434
437
438
826
910
913
924
269
286
293
294
299
931
271
301
439
449
453
903
909
280
440
446
448
451
921
261
267
270
275
278
296
442
452
457
461
253
279
298
425
447
450
256
265
266
455
462
463
466
251
444
454
459
460
918
927
930
268
272
276
458
464
248
259
264
813
263
283
928
212
249
258
467
932
254
456
926
239
240
257
469
486
817
219
242
473
929
199
220
241
252
255
195
235
236
243
245
260
465
468
176
182
216
223
226
229
231
233
476
936
214
222
232
234
244
247
475
482
937
167
191
202
211
237
923
925
163
165
184
205
207
225
228
472
480
808
922
183
192
197
208
209
221
224
238
471
490
809
146
151
160
162
173
178
186
201
203
213
215
217
218
230
478
484
491
811
933
935
171
190
204
250
474
477
498
815
138
156
157
166
168
174
175
179
180
189
193
198
206
210
246
470
481
804
806
137
140
144
155
161
170
188
479
485
130
141
143
164
169
172
483
488
489
795
939
139
148
152
154
158
181
145
150
492
503
789
803
196
227
487
505
807
93
120
142
149
177
185
194
493
502
949
129
132
136
187
494
798
128
134
147
153
200
800
940
123
127
133
507
805
89
98
108
497
500
501
509
801
100
114
119
124
131
504
512
796
799
112
135
159
495
794
126
499
508
793
797
116
510
96
105
113
506
514
102
103
125
785
934
83
111
787
938
90
99
109
496
520
791
88
94
101
106
115
118
519
945
91
92
513
518
523
526
802
812
122
539
781
97
104
511
524
532
533
782
87
110
121
516
790
107
515
777
786
942
953
82
86
522
85
525
544
788
792
517
527
528
530
537
541
784
76
117
521
778
84
531
543
948
779
78
95
768
783
941
70
72
80
529
775
73
75
540
79
81
546
763
767
534
71
542
555
535
551
771
74
565
536
545
548
549
943
52
59
547
550
766
772
774
68
552
776
77
765
946
60
538
758
773
563
54
58
571
780
554
562
769
63
66
762
69
556
560
760
764
67
589
754
57
561
567
574
750
755
559
564
581
751
568
577
588
558
569
570
584
593
944
557
761
950
952
65
770
53
566
580
756
578
586
726
743
64
576
573
582
585
592
736
737
740
62
575
597
741
747
947
553
583
606
958
595
61
590
759
727
738
749
587
718
724
742
48
579
599
739
594
748
723
734
745
757
51
753
720
731
744
688
719
725
729
752
572
602
609
728
596
610
613
623
693
605
608
624
628
691
730
591
603
611
600
677
696
601
612
672
680
717
733
621
703
710
713
598
643
683
695
709
669
689
704
631
55
626
712
732
735
618
633
641
622
660
668
701
702
716
746
694
708
44
620
686
690
715
604
614
617
692
697
706
714
722
629
681
711
632
650
666
721
956
663
665
673
705
707
616
634
671
682
615
619
627
644
647
640
659
645
662
674
607
636
638
639
670
676
642
646
652
635
637
957
648
661
698
625
651
658
679
684
687
700
49
630
654
45
667
685
649
656
954
699
657
664
655
675
56
653
678
47
959
46
