39
22
24
32
33
34
35
36
37
38
40
41
42
43
44
45
46
47
48
49
50
54
59
60
62
64
67
74
75
13
14
15
16
17
18
19
21
23
25
26
27
28
29
30
31
51
52
53
55
56
57
58
61
63
65
66
68
69
70
71
72
73
76
77
78
79
80
82
83
84
86
20
81
85
88
89
8
9
10
11
12
87
7
90
91
6
92
4
5
93
94
95
2
3
96
1
0
97
98
99
43
22
32
34
39
40
59
64
15
17
18
24
33
36
37
38
41
42
44
45
46
47
48
49
50
51
52
54
55
56
60
61
62
66
67
75
13
14
16
19
21
23
25
26
28
29
30
31
35
53
57
58
63
65
68
69
71
74
20
27
70
72
73
76
79
77
78
80
82
81
83
84
86
85
88
89
87
12
8
9
10
11
90
91
7
92
6
4
5
93
94
95
96
3
2
1
40
42
48
51
62
0
31
32
34
36
39
43
45
47
52
57
61
66
33
41
46
49
56
59
60
71
30
50
53
54
55
58
63
67
74
17
22
24
25
28
37
38
44
64
65
68
69
70
73
15
21
23
27
35
72
97
16
18
26
29
75
19
76
77
79
80
81
14
20
78
98
13
82
84
83
85
86
87
88
99
89
12
9
91
8
11
90
10
92
7
6
5
94
4
93
42
48
51
61
62
66
40
52
36
39
45
57
31
43
47
60
71
30
32
33
34
56
74
59
46
49
55
70
73
96
41
67
17
53
54
58
63
95
50
65
68
69
22
25
38
64
72
24
28
37
16
21
23
15
27
44
76
3
29
35
75
77
81
26
79
19
80
18
78
2
84
20
1
14
82
85
83
87
13
86
88
0
97
89
91
12
98
90
9
11
8
92
99
10
66
61
62
42
48
51
40
7
36
52
31
71
74
45
57
94
30
39
32
60
47
56
43
6
73
33
34
70
17
5
59
55
49
67
41
46
4
58
63
68
72
69
93
25
53
22
65
76
24
77
23
54
81
50
96
16
28
21
38
15
37
27
29
64
80
75
26
79
35
87
84
44
18
19
95
86
85
78
14
3
88
83
20
82
13
89
8
9
10
11
12
13
88
90
7
14
15
86
89
91
92
6
80
82
83
84
85
4
16
17
18
19
21
22
24
32
33
34
35
37
39
40
41
43
44
45
46
47
48
50
59
62
64
74
75
76
77
78
79
87
5
20
23
25
26
27
28
29
30
31
36
38
42
49
51
52
53
54
55
56
57
58
60
61
63
65
66
67
68
69
70
71
72
73
81
93
94
95
96
2
3
1
0
97
98
99
39
13
40
43
14
15
22
32
41
45
46
17
18
24
33
34
42
44
47
48
49
50
54
59
64
75
16
19
29
35
36
37
38
51
52
55
62
67
79
21
26
28
30
53
56
60
61
65
66
69
71
74
86
88
89
23
25
27
31
57
58
63
68
73
76
77
78
80
82
83
84
85
20
70
72
81
8
12
9
11
87
10
90
91
7
92
6
4
5
93
94
95
96
3
2
1
0
97
98
43
22
39
17
32
40
48
64
99
34
44
46
54
59
62
15
18
42
45
47
49
67
24
33
50
75
36
37
41
51
52
56
61
66
19
21
29
38
55
57
60
65
68
69
13
16
26
28
31
53
63
71
14
25
30
23
35
58
27
74
20
70
72
73
79
76
78
77
80
82
81
83
84
86
12
85
89
9
8
11
88
87
10
7
5
6
43
4
48
39
40
32
42
62
34
45
47
91
46
59
22
49
51
52
61
66
54
56
90
36
64
67
3
17
33
50
41
44
57
60
24
31
55
71
15
37
53
92
2
65
68
69
1
18
30
38
63
28
58
74
21
75
16
25
29
70
23
26
73
94
19
35
72
93
27
79
76
14
13
77
78
20
80
81
95
96
0
82
84
83
86
85
87
97
88
98
48
43
62
42
89
66
40
61
51
39
45
47
52
32
34
59
46
56
57
12
36
49
60
71
31
54
33
55
67
41
50
74
64
22
53
68
30
44
17
58
63
9
70
38
69
24
37
65
73
15
28
99
25
72
10
11
8
91
21
35
90
16
29
23
75
18
26
5
27
19
76
79
81
80
77
92
78
6
20
4
14
7
13
82
94
84
66
3
62
93
48
85
61
86
83
42
74
1
71
51
43
40
88
96
87
57
2
45
32
60
39
90
91
92
88
89
93
85
86
94
84
87
95
96
9
83
7
8
10
11
12
6
13
80
82
4
5
14
79
81
77
78
97
15
76
2
3
1
17
74
75
98
16
18
19
21
0
20
22
24
69
70
71
72
73
99
23
25
26
28
29
54
55
59
60
62
64
65
66
67
68
27
30
31
32
33
34
35
36
37
39
40
41
42
43
44
45
46
47
48
49
50
51
52
53
56
57
58
61
63
38
86
88
89
85
83
84
87
90
91
82
13
79
80
81
14
78
92
15
76
77
75
8
17
18
22
9
11
12
16
19
21
24
39
43
54
59
64
74
10
32
33
40
42
44
45
46
47
48
49
50
51
52
55
62
65
67
69
71
20
23
26
28
29
30
34
35
37
38
41
53
56
57
58
60
61
66
68
70
72
73
25
27
31
36
63
7
93
6
94
95
4
96
5
2
3
97
1
0
98
99
85
86
88
89
83
87
84
81
82
76
77
79
13
14
15
75
80
17
78
90
91
22
16
18
64
19
21
59
69
73
74
24
54
56
61
67
68
71
72
62
66
20
23
49
52
55
57
60
63
65
70
26
43
46
47
48
50
53
25
28
29
32
42
51
58
27
31
39
40
44
45
92
30
34
33
37
36
38
41
35
94
8
9
12
11
10
96
93
95
7
6
5
4
97
3
85
87
2
61
62
66
81
84
86
48
52
56
59
71
73
74
51
57
76
77
80
83
88
16
17
22
42
43
47
54
60
67
69
70
15
21
32
40
45
49
55
63
64
68
72
75
79
24
31
39
46
53
58
65
78
1
23
30
50
82
98
14
18
25
33
34
36
89
19
28
26
27
29
41
99
44
13
20
37
38
35
91
0
90
92
12
94
8
9
11
10
62
61
66
48
51
52
42
56
57
71
40
45
47
59
73
74
60
70
39
43
31
32
55
49
93
67
36
53
81
30
34
46
58
69
17
54
63
96
33
65
68
72
50
5
64
76
77
22
15
16
21
24
7
25
23
41
28
79
80
38
44
84
6
75
85
37
27
29
78
87
4
18
35
19
26
86
83
82
88
14
95
20
13
3
2
1
89
91
51
61
42
52
62
48
66
40
47
31
43
45
57
39
60
56
36
32
30
34
49
55
33
8
9
6
7
10
11
12
4
5
13
90
91
92
14
88
89
93
94
2
3
15
95
96
1
83
84
85
86
0
18
74
75
79
80
82
87
16
17
19
21
22
64
65
66
67
68
69
70
71
72
73
76
77
78
81
20
23
24
54
55
57
58
59
60
61
62
63
97
25
26
27
28
29
32
33
48
53
56
30
31
34
35
36
37
38
39
40
41
42
43
44
45
46
47
49
50
51
52
98
99
13
14
15
75
8
64
67
9
11
12
16
17
18
22
59
62
65
66
68
69
71
74
79
10
19
21
24
39
40
43
46
54
55
60
61
63
70
72
73
76
77
78
80
82
89
23
32
33
34
42
44
45
47
48
49
50
52
53
56
57
58
81
83
84
86
88
20
25
26
27
28
29
30
35
36
37
38
41
51
85
7
31
87
90
91
6
92
4
5
93
94
95
96
2
3
1
0
97
98
99
13
14
15
89
86
17
88
16
85
18
83
19
22
84
82
8
21
75
79
87
81
12
80
78
9
20
23
24
64
67
76
11
68
10
59
62
66
77
43
54
65
69
26
61
71
74
25
28
29
32
39
46
48
57
63
72
52
55
27
40
56
60
70
73
34
42
47
49
90
31
50
53
58
30
33
44
45
51
38
36
35
37
41
91
7
6
92
4
5
3
2
14
16
22
17
13
1
21
19
24
71
61
66
18
39
60
48
57
40
52
59
62
15
31
56
67
23
42
63
65
74
20
51
69
73
26
27
29
43
53
70
36
47
64
72
45
54
58
25
28
30
32
33
46
49
55
75
34
41
68
76
12
50
78
9
38
77
79
93
0
37
44
80
84
81
35
94
82
8
87
83
85
11
89
86
96
88
95
10
91
61
66
71
62
48
52
60
42
51
57
56
40
59
67
22
39
43
73
17
31
70
74
45
46
53
32
49
63
69
21
47
65
90
16
54
58
6
24
36
55
30
5
7
64
33
72
41
50
68
92
34
23
28
25
15
27
38
75
76
14
19
18
78
81
29
79
44
77
35
84
26
20
98
37
80
13
4
97
3
82
83
62
66
61
48
42
87
85
71
52
51
86
43
57
40
74
45
60
59
99
58
47
56
70
12
31
90
88
89
91
92
86
84
85
93
83
87
94
9
13
95
8
10
11
12
79
80
81
82
96
6
7
14
15
32
33
34
35
36
37
38
39
40
41
43
44
78
17
18
21
22
24
28
29
30
31
42
45
46
47
48
76
77
4
5
16
19
20
23
25
26
27
49
50
51
74
75
52
53
54
55
56
59
62
97
57
58
60
61
63
64
65
66
67
68
69
70
71
72
73
2
3
1
98
0
99
86
88
89
32
39
43
33
34
36
37
38
40
42
44
83
84
85
13
17
22
29
30
31
35
41
45
46
47
48
49
87
14
15
16
18
21
24
26
28
50
51
79
80
81
82
19
23
25
27
52
54
75
76
77
78
90
20
53
55
56
59
64
91
57
58
60
61
62
63
65
66
67
74
68
69
71
70
72
73
92
8
9
11
12
10
7
6
93
94
4
5
95
96
3
2
97
1
0
98
99
88
39
85
86
45
87
89
90
34
36
38
15
37
47
33
42
83
91
32
40
43
44
49
81
41
48
51
80
84
23
28
24
25
31
46
50
55
68
77
92
17
19
30
52
82
13
18
26
29
35
56
57
53
61
74
14
16
22
54
72
79
21
27
59
76
78
60
62
63
66
70
73
75
20
58
64
67
94
69
71
12
96
10
11
65
93
8
9
95
6
7
4
5
97
39
36
42
34
45
33
38
40
31
32
1
3
30
43
48
17
37
41
47
51
2
15
25
28
23
24
21
52
22
44
19
27
29
35
16
49
26
46
18
14
50
55
61
56
54
57
0
13
20
53
85
86
62
87
58
60
68
88
59
80
66
12
63
74
77
98
70
73
83
84
99
64
76
79
81
67
71
72
75
82
11
90
65
69
8
9
10
89
91
78
92
36
39
5
42
94
33
6
32
40
31
34
45
30
7
43
4
48
38
17
47
51
15
25
22
24
28
16
23
37
52
41
21
29
27
35
44
49
19
26
46
96
57
61
55
56
93
18
62
50
60
66
54
53
59
58
20
74
14
71
70
80
68
72
73
67
95
13
3
64
77
63
69
65
84
81
87
75
76
79
85
83
2
1
82
78
86
88
42
48
40
51
12
89
52
61
45
62
47
91
57
36
31
66
56
60
33
32
39
55
43
74
34
70
59
71
73
46
30
49
54
72
53
58
50
67
90
63
97
68
69
41
9
8
65
76
17
92
81
77
90
91
92
88
89
8
9
10
11
12
86
93
94
6
7
71
74
75
83
84
85
95
96
4
13
66
69
70
72
73
76
77
78
79
80
82
87
5
64
65
67
68
81
14
62
63
2
3
15
59
60
61
97
1
54
55
56
57
58
98
0
17
18
16
19
21
22
53
20
23
24
52
99
25
26
27
28
29
32
33
46
47
48
49
50
51
30
31
34
35
36
37
39
40
41
43
44
45
38
42
75
69
71
74
64
65
66
67
68
70
72
73
79
76
77
78
80
82
86
81
83
85
88
89
59
62
63
84
13
60
61
14
87
15
54
55
56
57
58
90
91
8
9
12
17
18
22
53
10
11
16
19
24
52
21
32
39
43
46
47
48
49
50
51
92
20
23
26
28
29
33
34
40
42
44
45
25
27
30
35
36
37
38
41
7
31
6
93
4
94
5
95
96
3
2
