29
31
32
33
34
35
43
49
9
11
12
13
15
16
18
21
22
24
26
27
28
30
36
37
38
39
40
41
42
44
45
46
47
48
50
51
52
53
56
57
58
59
60
61
63
64
65
66
67
68
69
70
73
74
6
7
8
10
14
17
19
20
23
25
54
55
62
71
72
75
76
77
78
79
80
81
82
83
85
5
84
86
4
3
87
88
91
2
89
90
92
1
93
94
95
96
0
97
98
99
31
32
34
35
38
40
43
47
49
53
61
64
66
11
12
13
15
17
18
20
21
22
24
26
28
29
30
33
36
37
39
41
42
44
45
46
48
51
52
56
57
59
60
63
65
67
73
9
14
16
19
23
25
27
50
54
55
58
62
69
70
8
68
71
72
10
74
75
77
76
78
79
80
82
83
6
7
81
84
85
5
86
4
87
88
3
90
91
89
2
92
1
0
93
73
94
95
96
97
82
83
98
6
84
85
86
99
4
87
88
3
90
91
89
2
92
1
0
93
94
95
96
97
98
99
1
0
95
96
97
98
99
0
97
98
1
99
95
96
0
97
98
1
93
94
99
95
96
97
0
98
2
93
4
89
90
1
94
95
92
96
99
3
6
5
97
87
98
2
88
0
11
91
13
14
9
12
18
24
90
8
15
89
10
93
4
86
92
7
94
95
1
96
6
76
81
75
77
80
5
74
3
72
70
83
84
71
73
87
68
69
78
62
99
54
65
67
55
58
60
50
64
59
61
66
82
52
56
42
45
48
51
53
57
63
44
88
39
16
27
49
41
47
17
37
46
35
30
38
40
43
97
85
19
36
32
34
23
33
28
20
31
98
29
11
22
26
91
25
8
21
90
9
13
10
12
18
14
2
89
86
15
79
24
93
0
92
4
28
29
31
32
33
34
35
36
39
40
41
42
43
47
49
9
11
12
13
15
21
22
24
26
27
30
37
38
44
45
46
48
50
51
52
53
56
57
58
59
60
61
63
64
65
66
67
68
69
70
73
74
7
8
10
14
16
17
18
19
20
23
25
54
55
62
71
72
75
76
77
78
80
82
83
5
6
79
81
85
84
86
4
3
87
88
89
90
91
2
92
1
93
94
95
96
0
97
98
99
31
43
49
33
34
35
37
38
40
41
47
48
24
28
29
32
36
39
42
44
45
46
51
52
53
61
64
66
9
11
12
13
15
18
21
22
26
30
50
54
55
56
57
58
59
60
63
65
67
73
16
17
19
20
23
27
62
69
70
72
8
14
25
68
71
74
10
75
77
83
7
76
78
79
80
82
6
81
84
85
5
86
4
87
88
3
91
89
90
2
92
1
93
94
95
96
97
0
98
37
38
39
40
41
42
43
44
45
46
47
48
49
50
51
52
53
54
31
32
33
34
35
36
55
56
57
58
59
27
28
29
30
60
26
61
19
20
21
22
23
24
25
62
63
64
65
17
18
66
67
11
12
13
14
15
16
9
10
68
69
8
70
72
6
7
71
73
5
4
74
75
3
76
77
2
78
79
80
1
81
82
83
84
99
0
85
86
87
88
90
6
7
89
91
5
92
4
3
2
93
94
95
96
97
1
98
84
85
86
87
0
88
90
89
91
92
4
3
99
2
93
94
95
96
1
97
98
87
5
6
88
90
89
91
92
4
0
3
93
2
94
95
96
87
99
88
1
7
6
5
90
91
89
97
98
92
4
3
93
0
2
94
87
95
96
88
7
90
91
89
5
6
92
1
86
97
98
99
4
8
93
87
3
88
85
94
95
90
96
91
2
89
7
86
92
0
6
5
10
9
84
8
97
42
61
62
63
39
49
35
44
45
48
52
53
56
58
27
31
32
37
40
41
43
47
50
51
54
57
59
60
30
38
28
34
36
46
55
26
29
85
98
33
22
19
20
23
21
17
25
87
1
24
82
16
18
14
83
93
13
88
4
15
12
11
90
99
91
86
94
89
76
84
73
75
74
77
72
70
95
78
96
79
80
71
69
3
64
68
66
65
67
81
92
63
62
82
61
42
85
7
58
60
49
10
52
83
9
48
53
56
57
59
45
39
54
35
51
50
44
47
41
2
40
55
27
32
37
43
31
46
38
36
30
34
87
28
6
5
26
33
29
31
33
35
49
11
21
22
24
26
28
29
30
32
34
36
37
38
39
40
41
42
43
44
45
46
47
48
50
51
52
53
56
64
65
66
73
8
9
10
12
13
14
15
16
17
18
19
20
23
25
27
54
55
57
58
59
60
61
62
63
67
68
69
70
71
72
74
75
76
77
83
6
7
78
79
80
81
82
85
5
84
86
3
4
87
88
89
90
91
2
92
1
93
94
95
96
0
97
98
99
31
43
49
32
33
34
35
37
38
40
41
42
46
47
48
51
52
53
11
21
24
28
29
30
36
39
44
45
50
57
9
12
13
15
17
18
19
22
26
27
55
56
58
59
60
61
64
65
66
73
8
14
16
20
23
25
54
63
67
10
62
68
69
70
71
72
74
75
83
77
79
80
82
6
7
76
78
81
85
84
5
86
4
87
88
3
89
90
91
92
2
1
93
94
95
96
97
0
98
47
35
37
38
39
40
41
42
43
44
45
46
48
49
50
51
52
53
54
30
31
32
33
34
36
55
56
57
58
59
26
27
28
29
19
20
21
22
23
24
25
60
13
14
15
16
17
18
61
11
12
62
8
9
10
63
64
65
66
67
6
7
5
68
69
4
70
71
72
73
3
2
74
75
76
77
1
78
79
80
99
81
82
83
84
85
0
86
87
88
89
90
91
92
93
6
7
94
5
95
96
4
97
98
3
2
1
86
99
0
87
88
89
90
91
92
93
94
95
96
4
3
2
97
98
1
89
90
91
92
0
99
93
94
3
95
96
2
97
98
1
89
92
4
93
0
3
94
95
96
99
2
97
98
90
91
89
1
92
5
6
4
93
3
94
95
96
0
87
88
2
91
90
89
7
99
6
97
5
98
92
86
1
9
10
8
4
93
87
3
88
85
94
95
96
90
91
42
52
57
58
48
49
51
53
54
56
59
60
61
89
2
39
41
44
45
47
50
55
32
35
37
40
43
17
31
38
46
7
27
30
34
36
23
0
20
26
28
16
19
33
14
22
29
11
13
86
21
15
18
25
12
24
6
92
5
83
9
97
10
98
84
99
8
1
73
75
72
85
74
70
76
80
77
69
64
66
68
79
78
71
4
65
67
87
62
93
63
81
61
88
60
82
42
57
58
52
53
56
59
48
54
49
51
45
39
55
17
50
44
47
83
41
35
94
91
3
43
32
90
40
31
37
27
30
38
46
86
89
16
36
20
23
95
34
96
28
19
26
13
14
11
33
22
84
21
7
29
12
15
28
29
31
32
33
34
35
36
37
38
39
40
41
42
43
44
47
48
49
50
52
58
64
21
22
24
26
27
30
45
46
51
53
54
55
56
57
59
60
61
63
65
66
67
68
69
70
71
73
74
11
12
13
14
15
16
17
18
19
20
23
25
62
72
75
76
77
8
9
10
78
79
80
81
82
83
7
5
6
84
85
86
4
3
88
87
89
91
2
90
92
1
93
94
95
96
0
97
98
99
43
49
31
35
38
47
29
32
33
34
36
37
39
40
41
42
44
45
46
48
50
51
52
64
24
28
53
56
57
58
59
60
61
66
21
22
26
30
54
55
63
65
67
73
13
18
19
25
27
62
68
69
70
71
11
12
15
16
17
20
23
72
74
9
14
75
76
77
8
78
80
10
79
82
83
81
7
6
84
85
5
86
4
87
88
3
89
90
91
2
92
1
93
94
95
96
97
0
98
38
40
41
42
43
44
45
46
47
48
49
50
51
52
53
33
34
35
36
37
39
54
55
56
57
58
59
27
28
29
30
31
32
60
26
61
25
62
63
64
65
20
21
22
23
24
66
67
18
19
13
14
15
16
17
68
69
11
12
70
71
72
73
8
9
10
74
7
75
76
77
5
6
78
79
80
4
81
3
82
83
2
84
1
85
86
99
87
88
0
8
90
89
91
7
92
5
6
4
3
93
94
2
95
96
84
85
97
98
1
86
87
88
90
89
91
5
92
0
4
3
93
2
99
94
95
96
1
87
97
88
98
6
90
91
89
5
92
4
3
0
93
2
94
95
96
87
88
7
5
6
90
91
1
89
97
92
99
98
4
3
93
87
2
88
94
7
95
96
0
90
91
89
6
5
86
92
9
1
8
97
4
98
85
87
88
93
3
99
90
91
86
89
94
7
2
95
10
9
84
96
42
48
49
52
39
44
45
50
51
53
54
56
57
58
59
60
61
62
35
40
41
43
47
55
63
32
37
38
46
6
27
30
31
34
36
92
5
28
33
20
26
29
22
19
21
23
25
24
17
81
18
8
16
85
14
82
13
15
83
12
11
87
73
76
72
74
75
70
77
0
71
78
79
88
69
80
97
64
66
68
4
67
65
42
1
62
48
52
61
57
63
49
53
45
39
35
86
44
54
58
84
56
60
41
47
59
50
51
43
37
40
31
81
32
93
27
38
30
90
36
46
98
55
34
20
91
26
28
22
29
33
19
89
21
23
10
25
82
3
9
24
29
31
32
33
35
39
42
43
49
73
7
8
9
10
11
12
13
15
16
21
22
24
26
28
30
34
36
37
38
40
41
44
45
46
47
48
50
51
52
53
56
57
59
60
61
63
64
65
66
67
68
69
70
71
74
75
76
77
78
79
80
81
82
83
85
5
6
14
17
18
19
20
23
27
54
55
58
62
72
84
86
25
88
4
87
89
90
91
3
92
2
1
93
94
95
96
97
0
98
99
31
43
49
33
35
37
38
40
41
47
9
11
13
28
29
32
34
36
39
42
44
45
46
48
51
52
53
73
8
12
15
18
21
22
24
30
50
56
57
61
64
66
83
10
14
16
17
19
20
23
26
27
54
55
58
59
60
63
65
67
69
70
74
75
80
82
85
7
25
62
71
72
76
77
78
79
81
84
6
68
86
5
87
88
4
89
91
90
3
92
2
1
93
94
95
96
97
98
0
37
38
39
40
41
42
43
44
45
46
47
48
49
50
31
32
33
34
35
36
51
52
53
54
55
56
27
28
29
30
57
58
59
17
18
19
20
21
22
23
24
25
26
60
9
10
11
12
13
14
15
16
61
8
62
99
6
7
63
64
65
66
5
67
4
68
69
70
3
71
72
73
2
74
75
76
77
82
78
79
80
81
83
84
85
86
1
87
88
89
90
91
92
0
93
94
95
96
97
98
6
5
4
3
2
99
1
87
88
89
90
91
92
93
94
95
96
0
97
98
2
1
99
93
94
95
96
0
97
98
2
1
93
94
95
96
99
97
0
98
3
2
93
1
94
95
96
99
4
97
98
0
91
89
90
3
92
2
7
93
5
6
1
94
95
96
87
88
4
91
90
89
3
97
92
98
0
86
99
2
7
6
5
41
43
45
50
34
37
38
40
46
47
51
55
56
27
30
31
32
36
28
33
16
20
29
19
21
22
23
26
13
14
25
93
12
15
18
24
11
84
87
9
85
10
88
1
8
94
95
96
4
91
90
89
86
64
72
79
70
73
80
81
42
66
76
3
65
74
77
83
69
82
52
67
75
62
48
57
61
68
39
53
78
49
71
58
35
44
45
60
54
92
56
59
17
31
41
51
63
43
50
37
47
40
30
32
27
16
55
34
36
38
20
84
28
46
7
19
21
13
29
26
22
23
33
97
14
12
2
15
11
98
25
24
0
18
6
5
85
28
29
31
32
33
34
35
36
39
40
41
42
43
47
49
9
11
12
13
15
21
22
24
26
27
30
37
38
44
45
46
48
50
51
52
53
56
57
58
59
60
61
63
64
65
66
67
68
69
70
73
74
7
8
10
14
16
17
18
19
20
23
25
54
55
62
71
72
75
76
77
78
80
82
83
5
6
79
81
85
84
86
4
3
88
87
89
90
91
2
92
1
93
94
95
0
96
97
98
99
43
49
31
35
37
38
40
47
48
29
32
33
34
36
39
41
42
45
46
51
52
53
24
28
44
50
56
57
61
64
66
73
9
11
12
13
15
18
21
22
26
30
54
55
58
59
60
63
65
67
16
17
19
20
23
27
62
69
70
72
8
14
25
68
71
74
10
75
77
83
76
80
82
6
7
78
79
81
85
84
5
86
4
87
88
3
89
91
90
2
92
1
93
94
95
96
97
0
98
