114.9
114.9
115.0
115.0
115.0
115.0
115.0
115.0
115.0
115.0
115.1
115.1
115.1
115.1
115.1
115.1
115.1
115.1
115.1
115.1
115.1
115.1
115.2
115.2
115.2
115.2
115.2
115.2
115.2
115.2
115.2
115.2
115.2
115.2
115.2
115.2
115.2
115.2
115.2
115.2
115.2
115.2
115.2
115.2
115.2
115.2
115.3
115.3
115.3
115.3
115.3
115.3
115.3
115.3
115.3
115.3
115.3
115.3
115.3
115.3
115.4
115.4
115.4
115.4
115.4
115.4
115.4
115.4
115.4
115.4
115.4
115.4
115.5
115.5
115.5
115.5
115.5
115.5
115.6
115.6
115.6
115.6
115.7
115.8
116.0
116.1
116.2
116.3
116.4
116.4
116.5
116.8
116.9
117.1
117.7
117.9
118.0
118.5
119.7
119.9
143.8
145.2
145.3
145.5
145.6
145.7
145.7
145.8
145.8
145.9
145.9
146.0
146.0
146.0
146.1
146.1
146.1
146.1
146.1
146.1
146.1
146.2
146.2
146.2
146.2
146.2
146.2
146.2
146.3
146.3
146.3
146.3
146.3
146.3
146.3
146.3
146.3
146.4
146.4
146.4
146.4
146.4
146.4
146.4
146.4
146.4
146.4
146.4
146.4
146.4
146.4
146.5
146.5
146.5
146.5
146.5
146.5
146.5
146.6
146.6
146.6
146.6
146.6
146.6
146.7
146.7
146.7
146.8
146.8
146.8
146.8
146.9
146.9
146.9
146.9
146.9
146.9
146.9
146.9
147.0
147.1
147.1
147.2
147.3
147.7
147.9
147.9
148.1
148.2
148.3
148.5
148.7
149.0
149.2
149.9
150.2
150.4
151.0
152.5
152.8
153.2
156.6
156.8
158.1
158.1
158.8
158.8
159.1
159.2
159.3
159.6
159.9
160.0
160.1
160.2
160.2
160.3
160.3
160.4
160.4
160.5
160.5
160.7
160.8
160.8
160.8
160.9
160.9
160.9
161.0
161.1
161.1
161.1
161.1
161.1
161.1
161.2
161.2
161.3
161.4
161.4
161.5
161.5
161.5
161.5
161.6
161.6
161.6
161.6
161.8
161.9
161.9
162.0
162.1
162.1
162.3
162.3
162.4
162.5
162.5
162.6
162.7
162.7
162.8
162.9
163.0
163.0
163.2
163.7
163.9
164.1
164.2
164.3
164.7
164.8
165.1
165.1
165.1
165.1
165.4
165.5
165.6
165.8
165.9
166.2
166.3
166.3
166.6
166.8
166.8
166.9
167.0
167.1
167.1
167.2
167.2
167.2
167.3
167.3
167.5
167.6
167.6
167.6
167.8
167.8
167.8
168.0
168.0
168.1
168.2
168.2
168.2
168.2
168.3
168.3
168.3
168.3
168.4
168.5
168.5
168.6
168.8
168.9
169.0
169.0
169.1
169.1
169.2
169.3
169.4
169.4
169.6
169.6
169.6
169.6
169.7
170.0
170.2
170.2
170.4
170.4
170.5
170.5
171.0
171.1
171.1
171.1
171.7
171.8
171.9
171.9
172.0
172.1
172.2
172.3
172.6
172.7
172.8
173.1
173.9
174.2
174.7
175.0
175.2
175.6
175.9
176.1
176.3
176.3
176.4
176.6
176.7
176.8
177.2
177.4
177.5
177.7
178.0
178.0
178.2
178.4
178.4
178.8
178.9
178.9
179.1
179.2
179.3
179.4
179.5
179.6
179.7
179.8
179.9
180.2
180.3
180.4
180.4
180.5
180.7
180.8
180.8
180.9
181.0
181.0
181.1
181.2
181.4
181.5
181.6
181.6
181.7
181.7
181.7
181.8
181.8
181.9
181.9
182.0
182.1
182.2
182.2
182.2
182.3
182.3
182.4
182.4
182.4
182.5
182.5
182.7
182.9
183.0
183.0
183.0
183.1
183.4
183.6
183.9
184.2
184.2
184.2
184.7
184.8
184.9
185.0
185.6
185.6
185.6
185.9
186.0
186.4
186.5
186.8
187.1
187.1
187.2
187.2
187.2
187.4
187.4
187.5
187.8
187.9
188.0
188.0
188.2
188.6
188.8
188.9
189.7
189.7
189.7
189.9
190.2
190.4
190.7
191.0
191.2
191.2
191.5
191.7
191.7
191.8
192.1
192.1
192.3
192.4
192.5
192.7
192.7
192.7
193.0
193.1
193.2
193.4
193.4
193.5
193.7
193.8
194.2
194.3
194.3
194.5
194.5
194.9
194.9
195.2
195.3
195.4
195.8
195.8
196.4
196.5
196.7
196.9
197.0
197.0
197.1
197.2
197.2
197.3
197.4
197.5
197.5
197.6
197.6
197.8
197.9
197.9
198.0
198.1
198.5
198.7
198.8
199.0
199.0
200.0
200.0
200.6
202.0
202.6
202.9
203.7
203.8
204.1
204.4
205.7
206.1
207.7
207.8
208.4
209.4
209.5
210.7
211.0
211.1
213.5
213.6
216.9
226.7
229.6
301.3
301.4
301.4
301.4
301.4
301.4
301.5
301.5
301.5
301.5
301.5
301.5
301.5
301.5
301.5
301.5
301.5
301.5
301.5
301.5
301.6
301.6
301.6
301.6
301.6
301.6
301.6
301.6
301.6
301.6
301.6
301.6
301.6
301.6
301.6
301.6
301.6
301.6
301.6
301.6
301.6
301.6
301.6
301.6
301.6
301.6
301.6
301.6
301.6
301.7
301.7
301.7
301.7
301.7
301.7
301.7
301.7
301.7
301.7
301.7
301.7
301.7
301.7
301.7
301.7
301.8
301.8
301.8
301.8
301.8
301.8
301.8
301.8
301.8
301.9
301.9
301.9
301.9
301.9
301.9
301.9
302.0
302.1
302.1
302.3
302.3
302.5
302.6
302.7
302.7
302.9
303.2
303.2
303.2
304.1
304.3
304.4
304.6
305.8
306.1
318.3
318.4
318.4
318.4
318.4
318.4
318.4
318.5
318.5
318.5
318.5
318.5
318.6
318.6
318.6
318.6
318.6
318.6
318.6
318.6
318.6
318.6
318.6
318.6
318.7
318.7
318.7
318.7
318.7
318.7
318.7
318.7
318.7
318.7
318.7
318.7
318.7
318.7
318.7
318.7
318.7
318.7
318.7
318.7
318.7
318.7
318.7
318.7
318.7
318.7
318.7
318.8
318.8
318.8
318.8
318.8
318.8
318.8
318.8
318.8
318.8
318.8
318.9
318.9
318.9
318.9
318.9
318.9
319.0
319.0
319.0
319.0
319.0
319.0
319.0
319.0
319.1
319.1
319.1
319.1
319.1
319.2
319.3
319.4
319.6
319.7
319.9
319.9
320.1
320.2
320.2
320.7
320.7
320.8
321.8
322.1
322.2
322.6
324.2
324.5
332.1
332.9
333.2
333.8
333.9
334.2
334.3
334.3
334.5
334.5
334.7
334.8
334.9
334.9
334.9
334.9
335.0
335.1
335.1
335.1
335.1
335.2
335.2
335.2
335.2
335.2
335.2
335.3
335.3
335.3
335.3
335.4
335.4
335.4
335.4
335.4
335.4
335.5
335.5
335.5
335.5
335.5
335.5
335.5
335.5
335.5
335.5
335.5
335.5
335.5
335.6
335.6
335.6
335.7
335.7
335.7
335.7
335.7
335.7
335.8
335.8
335.8
335.8
335.9
336.0
336.0
336.0
336.1
336.1
336.1
336.2
336.2
336.2
336.2
336.2
336.3
336.3
336.3
336.4
336.4
336.4
336.5
336.6
336.7
337.1
337.3
337.5
337.6
337.8
337.8
337.9
338.4
338.5
338.7
339.3
339.7
340.0
340.2
340.2
340.7
340.7
341.7
341.7
341.9
342.0
342.1
342.2
342.2
342.3
342.4
342.4
342.5
342.5
342.5
342.5
342.5
342.5
342.6
342.6
342.6
342.6
342.7
342.7
342.7
342.7
342.7
342.7
342.8
342.8
342.8
342.8
342.8
342.9
342.9
342.9
342.9
342.9
342.9
342.9
342.9
343.0
343.0
343.0
343.0
343.0
343.0
343.0
343.0
343.0
343.1
343.1
343.1
343.1
343.1
343.1
343.1
343.2
343.2
343.3
343.3
343.4
343.4
343.4
343.4
343.4
343.4
343.5
343.5
343.6
343.6
343.6
343.7
343.7
343.7
343.8
343.9
343.9
344.3
344.3
344.5
344.6
344.6
344.7
344.8
344.8
344.9
344.9
345.1
345.2
345.2
345.3
345.7
345.8
346.0
346.1
346.2
346.7
346.8
346.9
346.9
346.9
347.2
347.3
347.3
347.3
347.3
347.3
347.4
347.4
347.4
347.6
347.7
347.7
347.7
347.8
347.8
347.9
347.9
348.0
348.0
348.0
348.0
348.0
348.0
348.1
348.1
348.1
348.1
348.1
348.1
348.2
348.2
348.3
348.5
348.5
348.6
348.6
348.6
348.6
348.7
348.7
348.8
348.8
348.8
348.8
348.8
348.8
348.9
348.9
348.9
348.9
349.0
349.0
349.0
349.0
349.1
349.1
349.4
349.6
349.6
349.6
349.7
349.8
349.9
350.0
350.0
350.2
350.3
350.4
350.4
350.5
350.5
350.9
351.2
351.2
351.3
351.5
352.0
352.2
352.3
352.4
353.0
353.5
353.5
353.8
354.1
354.3
354.4
354.6
354.6
354.8
354.8
355.0
355.2
355.4
355.7
355.7
356.0
356.1
356.2
356.2
356.3
356.3
356.4
356.4
356.7
356.9
356.9
357.0
357.0
357.0
357.0
357.0
357.1
357.2
357.2
357.3
357.3
357.3
357.4
357.5
357.6
357.6
357.6
357.6
357.6
357.7
357.7
357.8
357.8
358.0
358.0
358.1
358.1
358.2
358.2
358.2
358.2
358.3
358.3
358.3
358.4
358.4
358.4
358.4
358.4
358.6
358.6
358.6
358.7
358.7
358.8
358.8
358.9
358.9
358.9
359.0
359.0
359.0
359.1
359.2
359.2
359.3
359.4
359.5
359.5
359.6
359.6
359.7
359.7
359.8
359.9
360.1
360.2
360.3
360.7
360.7
360.7
361.0
361.0
361.4
361.7
361.7
361.8
361.9
362.0
362.2
362.2
362.2
362.5
362.6
362.6
362.9
363.4
363.5
363.7
363.8
364.0
364.2
364.2
364.3
364.4
364.5
364.5
365.2
365.3
365.4
365.5
365.6
365.6
365.7
365.9
366.0
366.4
366.4
366.6
366.7
367.0
367.1
367.2
367.2
367.3
367.4
367.4
367.4
367.8
367.9
368.2
368.3
368.3
368.5
368.8
369.0
369.2
369.4
369.6
369.8
369.8
369.9
370.0
370.0
370.1
370.2
370.3
370.4
370.8
371.2
371.4
371.7
372.0
372.1
372.4
372.5
372.6
372.7
372.8
372.8
373.2
373.6
373.6
373.6
374.3
375.0
375.1
375.4
375.5
376.7
377.0
377.7
378.0
379.5
380.5
382.6
383.4
387.0
390.9
392.3
422.7
471.5
471.5
471.5
471.5
471.5
471.6
471.6
471.6
471.6
471.6
471.6
471.6
471.6
471.6
471.6
471.6
471.6
471.7
471.7
471.7
471.7
471.7
471.7
471.7
471.7
471.7
471.7
471.7
471.7
471.7
471.7
471.7
471.7
471.7
471.7
471.7
471.7
471.7
471.7
471.7
471.7
471.7
471.7
471.7
471.7
471.8
471.8
471.8
471.8
471.8
471.8
471.8
471.8
471.8
471.8
471.8
471.8
471.8
471.8
471.8
471.8
471.8
471.8
471.8
471.9
471.9
471.9
471.9
471.9
471.9
471.9
472.0
472.0
472.0
472.0
472.0
472.0
472.0
472.0
472.0
472.1
472.1
472.1
472.2
472.4
472.5
472.6
472.7
472.8
472.8
472.9
473.2
473.3
473.4
474.0
474.3
474.4
474.7
475.8
476.1
486.3
486.3
486.4
486.4
486.4
486.5
486.5
486.5
486.5
486.5
486.6
486.6
486.6
486.6
486.6
486.6
486.6
486.6
486.7
486.7
486.7
486.7
486.7
486.7
486.7
486.7
486.7
486.7
486.7
486.7
486.7
486.7
486.8
486.8
486.8
486.8
486.8
486.8
486.8
486.8
486.8
486.8
486.8
486.8
486.8
486.8
486.8
486.8
486.8
486.8
486.8
486.8
486.9
486.9
486.9
486.9
486.9
486.9
486.9
486.9
486.9
486.9
486.9
486.9
487.0
487.0
487.0
487.0
487.1
487.1
487.1
487.1
487.1
487.1
487.1
487.2
487.2
487.2
487.2
487.2
487.3
487.4
487.4
487.4
487.8
487.9
488.1
488.2
488.3
488.3
488.5
488.8
489.0
489.2
490.0
490.3
490.5
490.9
492.6
493.0
498.5
499.0
499.2
499.5
499.6
499.8
499.8
499.9
499.9
500.0
500.0
500.1
500.2
500.2
500.2
500.2
500.2
500.2
500.3
500.3
500.3
500.3
500.4
500.4
500.4
500.4
500.4
500.4
500.5
500.5
500.5
500.5
500.5
500.5
500.5
500.5
500.5
500.5
500.6
500.6
500.6
500.6
500.6
500.6
500.6
500.6
500.6
500.6
500.6
500.6
500.6
500.6
500.7
500.7
500.7
500.7
500.7
500.7
500.7
500.8
500.8
500.8
500.8
500.8
500.9
500.9
501.0
501.1
501.1
501.1
501.1
501.1
501.1
501.2
501.2
501.2
501.2
501.2
501.3
501.3
501.3
501.4
501.5
501.6
501.9
502.1
502.3
502.4
502.6
502.7
502.7
503.3
503.3
503.5
504.6
505.0
505.1
505.7
506.0
507.1
507.4
507.9
508.0
508.1
508.2
508.2
508.3
508.4
508.4
508.4
508.4
508.4
508.4
508.4
508.5
508.5
508.5
508.5
508.6
508.6
508.6
508.6
508.6
508.7
508.7
508.7
508.7
508.7
508.7
508.7
508.7
508.7
508.7
508.8
508.8
508.8
508.8
508.8
508.9
508.9
508.9
508.9
508.9
509.0
509.0
509.0
509.0
509.0
509.1
509.1
509.2
509.2
509.2
509.3
509.3
509.3
509.3
509.4
509.5
509.5
509.5
509.6
509.7
509.7
509.9
510.0
510.0
510.1
510.1
510.2
510.3
510.5
510.6
510.6
510.7
510.7
511.0
511.0
511.0
511.0
511.2
511.3
511.4
511.5
511.9
511.9
512.1
512.1
512.3
512.5
512.8
513.0
513.1
513.1
513.2
513.3
513.3
513.3
513.4
513.5
513.5
513.6
513.6
513.6
513.6
513.7
513.7
513.7
513.8
513.8
513.8
513.9
513.9
514.0
514.0
514.1
514.2
514.2
514.2
514.2
514.3
514.3
514.3
514.3
514.3
514.4
514.5
514.5
514.5
514.5
514.5
514.6
514.6
514.6
514.7
514.7
514.9
514.9
515.0
515.0
515.0
515.1
515.1
515.1
515.1
515.1
515.1
515.2
515.2
515.3
515.3
515.3
515.3
515.5
515.5
515.6
515.9
516.0
516.1
516.3
516.3
516.5
516.6
516.8
516.9
517.0
517.1
517.2
517.3
517.3
517.5
517.5
517.7
517.7
518.0
518.0
518.1
518.3
518.8
518.8
518.9
519.0
519.1
519.1
519.1
519.1
519.1
519.2
519.2
519.4
519.5
519.5
519.5
519.5
519.6
519.6
519.6
519.7
519.7
519.7
519.7
519.8
519.8
519.8
519.9
520.0
520.1
520.1
520.1
520.2
520.2
520.2
520.2
520.2
520.3
520.3
520.3
520.4
520.4
520.4
520.4
520.4
520.5
520.5
520.6
520.7
520.7
520.8
520.8
520.8
520.9
520.9
521.0
521.0
521.1
521.1
521.1
521.2
521.2
521.3
521.3
521.3
521.4
521.4
521.4
521.5
521.5
521.5
521.5
521.6
521.8
521.9
522.1
522.2
522.3
522.4
522.5
522.6
522.7
522.8
523.0
523.1
523.2
523.4
523.6
523.6
523.9
524.0
524.1
524.4
524.5
524.7
525.0
525.1
525.1
525.4
526.3
526.6
526.8
526.9
527.1
527.1
527.2
527.2
527.3
527.4
527.5
527.6
528.2
528.3
528.4
528.4
528.7
528.8
528.9
529.0
529.0
529.1
529.2
529.4
529.5
529.6
529.6
529.6
529.6
529.9
530.0
530.1
530.1
530.3
530.6
530.6
530.7
530.7
530.9
530.9
531.1
531.1
531.1
531.1
531.4
531.4
531.5
531.5
531.6
531.7
531.7
531.8
531.8
532.4
532.5
532.9
533.1
533.2
533.4
533.6
533.6
533.8
533.8
533.8
533.9
534.1
534.2
534.3
535.0
535.1
535.2
535.2
535.6
535.8
535.9
536.1
536.4
536.5
536.6
536.7
537.9
540.3
540.5
540.6
541.0
541.1
541.1
541.9
542.2
543.8
544.7
548.2
551.2
602.1
602.2
602.2
602.2
602.2
602.2
602.2
602.2
602.2
602.3
602.3
602.3
602.3
602.3
602.3
602.3
602.3
602.3
602.3
602.3
602.3
602.3
602.3
602.4
602.4
602.4
602.4
602.4
602.4
602.4
602.4
602.4
602.4
602.4
602.4
602.4
602.4
602.4
602.4
602.4
602.4
602.4
602.4
602.4
602.4
602.4
602.5
602.5
602.5
602.5
602.5
602.5
602.5
602.6
602.6
602.6
602.7
602.7
602.7
602.7
602.7
602.7
602.7
602.8
602.8
602.8
602.9
602.9
602.9
603.0
603.1
603.3
603.3
603.3
603.5
603.6
603.7
604.3
604.4
604.4
604.5
604.5
604.6
604.7
604.8
605.0
605.4
605.7
605.7
605.8
606.1
606.5
606.5
606.7
607.6
607.9
608.1
608.3
609.5
610.1
613.0
613.0
613.1
613.1
613.1
613.1
613.1
613.1
613.1
613.2
613.2
613.2
613.2
613.2
613.2
613.2
613.2
613.2
613.2
613.2
613.3
613.3
613.3
613.3
613.3
613.3
613.3
613.3
613.3
613.3
613.3
613.3
613.3
613.3
613.3
613.3
613.3
613.4
613.4
613.4
613.4
613.4
613.4
613.4
613.4
613.4
613.4
613.4
613.4
613.5
613.5
613.5
613.5
613.5
613.6
613.6
613.6
613.6
613.6
613.7
613.7
613.7
613.7
613.8
613.8
613.8
613.9
614.0
614.0
614.0
614.2
614.3
614.5
614.5
614.7
614.8
615.0
615.6
615.8
615.8
615.9
616.0
616.1
616.3
616.5
617.0
617.5
618.0
618.0
618.0
618.5
619.3
619.4
619.6
621.1
621.7
621.9
622.3
624.5
625.3
625.4
625.6
625.7
626.0
626.1
626.2
626.2
626.3
626.4
626.4
626.4
626.4
626.4
626.4
626.5
626.5
626.5
626.5
626.5
626.6
626.6
626.6
626.6
626.7
626.7
626.7
626.7
626.7
626.7
626.7
626.8
626.8
626.8
626.8
626.8
626.8
626.8
626.8
626.9
626.9
626.9
626.9
626.9
626.9
626.9
626.9
627.0
627.0
627.0
627.0
627.0
627.0
627.1
627.1
627.1
627.1
627.1
627.2
627.2
627.2
627.3
627.3
627.3
627.4
627.4
627.4
627.4
627.5
627.6
627.7
627.8
627.9
627.9
628.0
628.3
628.4
628.5
628.6
628.8
629.0
629.0
629.3
629.4
629.6
630.1
630.5
631.4
631.9
632.0
632.0
632.6
632.8
633.7
633.8
633.8
633.9
634.3
634.7
634.8
635.0
635.0
635.1
635.2
635.2
635.4
635.4
635.4
635.4
635.5
635.5
635.5
635.5
635.6
635.6
635.7
635.7
635.7
635.8
635.8
635.8
635.8
635.8
635.9
635.9
635.9
635.9
635.9
636.0
636.0
636.0
636.0
636.0
636.0
636.1
636.1
636.1
636.1
636.1
636.2
636.2
636.2
636.2
636.3
636.3
636.4
636.4
636.4
636.5
636.5
636.5
636.5
636.6
636.6
636.7
636.8
636.8
636.8
636.9
636.9
637.1
637.1
637.1
637.1
637.3
637.4
637.4
637.4
637.4
637.6
637.7
637.8
637.9
638.2
638.2
638.3
638.3
638.4
638.5
638.7
638.8
639.0
639.1
639.4
639.5
639.6
639.7
640.1
640.4
640.5
640.5
640.5
640.6
640.6
640.7
640.7
640.8
640.8
640.8
640.8
640.9
640.9
640.9
640.9
641.0
641.0
641.0
641.0
641.0
641.1
641.2
641.2
641.2
641.3
641.3
641.3
641.3
641.4
641.4
641.4
641.5
641.5
641.7
641.7
641.7
641.8
641.8
641.8
641.8
641.9
641.9
641.9
642.0
642.0
642.0
642.1
642.2
642.2
642.2
642.3
642.3
642.3
642.4
642.4
642.6
642.7
642.9
643.0
643.0
643.1
643.2
643.3
643.3
643.5
643.8
643.9
644.1
644.1
644.4
644.4
644.5
644.8
645.3
645.3
645.3
645.4
645.5
645.6
645.9
646.1
646.1
646.2
646.2
646.3
646.3
646.7
646.7
647.0
647.1
647.1
647.1
647.1
647.2
647.4
647.4
647.5
647.5
647.6
647.6
647.7
647.7
647.8
647.8
647.9
647.9
648.0
648.0
648.0
648.1
648.1
648.2
648.3
648.4
648.4
648.4
648.4
648.5
648.5
648.6
648.6
648.7
648.8
648.9
648.9
649.0
649.1
649.1
649.1
649.1
649.2
649.2
649.4
649.4
649.5
649.5
649.6
649.8
649.9
649.9
650.0
650.2
650.2
650.2
650.2
650.2
650.4
650.4
650.4
650.4
650.6
650.7
651.3
651.5
651.5
652.1
652.1
652.1
652.1
652.3
652.5
652.9
653.0
653.1
653.5
653.5
654.1
654.2
654.3
654.5
655.2
655.3
655.4
655.4
656.4
656.5
656.6
657.0
657.1
657.1
657.3
657.5
657.8
657.8
658.0
658.1
658.2
658.3
658.3
658.7
658.8
658.8
658.8
658.9
659.1
659.1
659.2
659.2
659.5
659.6
659.6
659.7
659.7
659.9
660.0
660.0
660.0
660.0
660.0
660.0
660.1
660.1
660.1
660.2
660.2
660.3
660.4
660.4
660.5
660.7
660.8
661.3
661.4
661.6
661.7
661.9
662.0
662.1
662.2
662.2
662.4
662.5
662.6
662.7
662.7
662.7
662.7
662.8
662.8
662.8
663.0
663.0
663.1
663.1
663.4
663.5
663.7
664.4
665.8
666.1
666.1
666.4
666.7
666.9
666.9
667.6
667.9
668.8
670.1
670.6
671.6
671.8
673.9
674.6
675.4
677.3
677.7
678.2
680.2
681.1
696.0
706.7
762.5
762.5
762.5
762.6
762.6
762.6
762.6
762.6
762.6
762.6
762.6
762.6
762.6
762.6
762.6
762.7
762.7
762.7
762.7
762.7
762.7
762.7
762.7
762.7
762.7
762.7
762.7
762.7
762.7
762.7
762.7
762.7
762.7
762.7
762.8
762.8
762.8
762.8
762.8
762.8
762.8
762.8
762.8
762.8
762.8
762.8
762.8
762.8
762.8
762.8
762.8
762.8
762.8
762.8
762.8
762.9
762.9
762.9
762.9
762.9
762.9
762.9
762.9
762.9
762.9
762.9
762.9
762.9
762.9
763.0
763.0
763.0
763.0
763.0
763.0
763.0
763.0
763.0
763.0
763.1
763.1
763.1
763.1
763.2
763.3
763.5
763.5
763.6
763.6
763.7
763.9
764.0
764.2
764.4
765.0
765.1
765.3
765.8
766.9
767.1
775.9
776.1
776.1
776.1
776.1
776.2
776.2
776.2
776.3
776.3
776.3
776.3
776.3
776.4
776.4
776.4
776.4
776.4
776.4
776.4
776.4
776.4
776.4
776.5
776.5
776.5
776.5
776.5
776.5
776.5
776.5
776.5
776.5
776.5
776.5
776.5
776.6
776.6
776.6
776.6
776.6
776.6
776.6
776.6
776.6
776.6
776.6
776.6
776.6
776.6
776.6
776.6
776.6
776.7
776.7
776.7
776.7
776.7
776.7
776.7
776.7
776.7
776.7
776.8
776.8
776.8
776.8
776.8
776.8
776.9
776.9
776.9
776.9
776.9
776.9
777.0
777.0
777.0
777.0
777.0
777.2
777.2
777.2
777.2
777.6
777.8
778.0
778.0
778.2
778.3
778.5
778.8
779.0
779.3
780.3
780.6
780.8
781.4
783.4
783.7
786.6
787.0
787.2
787.5
787.6
787.9
788.0
788.1
788.1
788.2
788.3
788.4
788.6
788.6
788.6
788.6
788.6
788.6
788.8
788.8
788.8
788.8
788.8
788.9
788.9
789.0
789.0
789.0
789.0
789.0
789.0
789.0
789.0
789.1
789.1
789.1
789.1
789.1
789.2
789.2
789.2
789.2
789.2
789.2
789.2
789.2
789.3
789.3
789.3
789.3
789.3
789.3
789.3
789.4
789.4
789.4
789.4
789.5
789.5
789.5
789.6
789.6
789.6
789.6
789.7
789.8
789.8
789.8
789.8
789.9
789.9
790.0
790.0
790.0
790.0
790.1
790.1
790.1
790.2
790.2
790.3
790.3
790.4
790.5
790.8
791.0
791.3
791.4
791.6
791.7
791.7
792.3
792.3
792.5
793.2
793.7
793.7
794.1
794.1
794.2
794.7
794.7
794.9
795.4
795.6
795.7
795.9
796.0
796.2
796.6
796.9
796.9
796.9
797.0
797.0
797.0
797.1
797.2
797.2
797.3
797.4
797.5
797.5
797.6
797.6
797.6
797.7
797.7
797.8
797.8
797.8
797.8
797.8
797.8
797.9
797.9
798.0
798.0
798.0
798.1
798.1
798.1
798.2
798.2
798.2
798.3
798.3
798.3
798.3
798.5
798.5
798.6
798.6
798.7
798.7
798.7
798.7
798.7
798.9
798.9
799.0
799.0
799.0
799.0
799.0
799.1
799.1
799.3
799.6
799.7
799.7
799.8
799.8
799.9
800.1
800.1
800.1
800.1
800.2
800.2
800.3
800.5
800.5
800.5
800.6
800.7
800.8
801.0
801.0
801.2
801.2
801.3
801.3
801.4
801.4
801.4
801.5
801.6
801.6
801.7
801.8
801.8
801.8
801.9
801.9
802.0
802.0
802.0
802.3
802.3
802.4
802.4
802.5
802.5
802.6
802.6
802.7
802.7
802.7
802.7
802.7
802.8
802.8
802.9
803.0
803.0
803.1
803.1
803.2
803.2
803.2
803.3
803.3
803.4
803.6
803.6
803.6
803.6
803.6
803.6
803.6
803.6
803.6
803.7
803.8
803.8
803.9
804.0
804.0
804.2
804.2
804.3
804.4
804.5
804.5
804.6
804.6
804.7
804.9
805.0
805.1
805.2
805.3
805.4
805.6
805.6
805.7
805.8
806.1
806.1
806.2
806.2
806.2
806.4
806.4
806.5
806.6
806.6
806.7
806.7
806.7
806.8
806.9
806.9
807.0
807.0
807.1
807.2
807.2
807.2
807.4
807.5
807.5
807.5
807.5
807.5
807.5
807.6
807.6
807.6
807.6
807.7
807.8
807.9
808.0
808.0
808.0
808.0
808.0
808.1
808.1
808.1
808.2
808.3
808.3
808.3
808.4
808.4
808.5
808.5
808.6
808.6
808.6
808.7
808.7
808.7
808.7
808.7
808.8
808.9
808.9
808.9
809.0
809.0
809.1
809.1
809.1
809.2
809.2
809.2
809.3
809.3
809.3
809.4
809.5
809.6
809.7
809.9
809.9
809.9
810.0
810.1
810.1
810.1
810.4
810.4
810.6
810.8
810.8
810.9
811.1
811.2
811.2
811.3
812.0
812.0
812.2
812.2
812.3
812.3
812.4
812.5
812.5
812.8
813.0
813.1
813.4
813.5
813.5
813.5
813.5
813.6
813.6
813.8
814.0
814.0
814.5
814.5
814.7
814.8
815.0
815.0
815.2
815.2
815.2
815.2
815.2
815.5
815.6
815.6
815.8
815.8
815.9
816.0
816.2
816.3
816.3
816.4
816.4
816.6
816.7
816.8
816.9
817.0
817.0
817.1
817.2
817.2
817.2
818.0
818.1
818.1
818.3
818.4
818.5
818.5
818.6
818.6
818.6
818.7
818.8
818.9
819.5
819.5
819.5
819.6
819.6
819.7
819.7
819.7
819.8
819.9
820.0
820.0
820.2
820.2
820.4
820.9
821.0
821.1
822.1
822.1
822.1
823.1
823.1
823.3
823.6
824.1
824.8
825.1
825.8
826.4
826.9
827.9
828.9
829.3
829.6
829.8
831.1
832.0
833.5
837.3
838.1
848.3
854.9
856.7
926.3
926.3
926.3
926.4
926.4
926.4
926.4
926.4
926.4
926.4
926.4
926.4
926.5
926.5
926.5
926.5
926.5
926.5
926.5
926.5
926.5
926.5
926.5
926.5
926.5
926.5
926.5
926.5
926.6
926.6
926.6
926.6
926.6
926.6
926.6
926.6
926.6
926.6
926.6
926.6
926.6
926.6
926.6
926.6
926.6
926.6
926.6
926.6
926.6
926.7
926.7
926.7
926.7
926.7
926.7
926.7
926.7
926.7
926.7
926.7
926.7
926.7
926.7
926.7
926.7
926.8
926.8
926.8
926.8
926.8
926.8
926.8
926.8
926.8
926.8
926.8
926.9
926.9
926.9
926.9
927.0
927.0
927.0
927.1
927.3
927.5
927.5
927.6
927.6
927.7
927.9
928.0
928.2
928.4
929.0
929.2
929.3
929.8
931.0
931.2
939.6
939.7
939.8
939.8
939.8
939.9
939.9
939.9
939.9
940.0
940.0
940.0
940.0
940.0
940.0
940.0
940.1
940.1
940.1
940.1
940.1
940.1
940.1
940.1
940.1
940.1
940.1
940.2
940.2
940.2
940.2
940.2
940.2
940.2
940.2
940.2
940.2
940.2
940.2
940.2
940.2
940.2
940.2
940.2
940.2
940.2
940.2
940.3
940.3
940.3
940.3
940.3
940.3
940.3
940.3
940.3
940.4
940.4
940.4
940.4
940.4
940.4
940.4
940.4
940.5
940.5
940.5
940.6
940.6
940.6
940.6
940.6
940.6
940.7
940.7
940.7
940.7
940.7
940.7
940.7
940.9
940.9
941.0
941.0
941.4
941.6
941.8
941.9
942.0
942.1
942.3
942.6
942.8
943.1
944.0
944.4
944.6
945.1
947.1
947.4
950.4
950.8
951.0
951.3
951.4
951.7
951.9
951.9
951.9
951.9
952.0
952.1
952.2
952.3
952.3
952.3
952.3
952.4
952.4
952.4
952.5
952.5
952.5
952.5
952.6
952.6
952.6
952.6
952.6
952.6
952.6
952.7
952.7
952.7
952.7
952.7
952.7
952.7
952.7
952.8
952.8
952.8
952.8
952.8
952.8
952.8
952.8
952.8
952.9
952.9
952.9
952.9
952.9
952.9
952.9
953.0
953.0
953.0
953.0
953.1
953.1
953.1
953.1
953.1
953.3
953.3
953.4
953.4
953.4
953.4
953.4
953.4
953.4
953.5
953.6
953.6
953.6
953.7
953.7
953.7
953.8
953.8
953.9
954.0
954.4
954.5
954.9
954.9
955.2
955.2
955.2
955.8
955.9
956.0
957.0
957.2
957.6
957.7
957.8
958.1
958.3
958.8
958.9
959.7
959.8
959.9
959.9
959.9
960.1
960.3
960.4
960.4
960.4
960.5
960.5
960.6
960.6
960.6
960.7
960.7
960.8
960.8
960.8
960.8
960.8
960.8
960.9
960.9
960.9
960.9
961.0
961.0
961.0
961.0
961.0
961.0
961.0
961.1
961.1
961.1
961.1
961.1
961.1
961.2
961.2
961.2
961.2
961.3
961.3
961.3
961.4
961.4
961.5
961.5
961.5
961.6
961.6
961.8
961.8
961.8
961.8
961.8
961.8
961.8
961.9
962.0
962.1
962.3
962.4
962.4
962.6
962.6
962.7
962.8
962.9
962.9
963.0
963.0
963.1
963.2
963.3
963.3
963.3
963.5
963.5
964.0
964.1
964.1
964.2
964.3
964.5
964.6
964.7
964.9
964.9
965.0
965.1
965.2
965.3
965.3
965.3
965.3
965.4
965.4
965.4
965.5
965.5
965.6
965.6
965.7
965.7
965.7
965.7
965.8
965.8
965.9
966.0
966.1
966.1
966.1
966.1
966.2
966.2
966.3
966.3
966.4
966.4
966.4
966.4
966.6
966.6
966.6
966.7
966.7
966.7
966.7
966.7
966.8
966.8
966.9
966.9
967.0
967.0
967.0
967.0
967.0
967.2
967.2
967.3
967.3
967.4
967.4
967.5
967.5
967.8
967.8
967.9
967.9
967.9
968.1
968.2
968.4
968.4
968.6
968.8
968.9
969.0
969.0
969.0
969.0
969.1
969.2
969.4
969.4
969.7
969.7
969.8
969.9
969.9
969.9
969.9
970.1
970.3
970.5
970.5
970.5
970.5
970.6
970.6
970.6
970.6
970.7
970.7
970.8
970.8
970.8
971.0
971.1
971.1
971.1
971.1
971.2
971.2
971.2
971.2
971.3
971.3
971.3
971.3
971.5
971.5
971.5
971.5
971.5
971.6
971.6
971.6
971.7
971.7
971.7
971.9
972.0
972.0
972.0
972.1
972.1
972.1
972.2
972.3
972.3
972.3
972.3
972.3
972.3
972.4
972.6
972.6
972.6
972.6
972.6
972.7
972.7
972.7
972.8
972.8
972.9
973.0
973.1
973.1
973.1
973.2
973.5
974.0
974.1
974.1
974.1
974.1
974.2
974.4
974.4
974.6
974.8
975.2
975.3
975.4
975.6
975.7
975.7
975.7
975.8
976.0
976.3
976.3
976.4
976.7
976.9
977.1
977.1
977.5
977.6
978.1
978.2
978.4
978.5
978.6
978.7
978.8
978.8
978.9
978.9
978.9
978.9
979.3
979.4
979.7
979.8
980.2
980.3
980.3
980.4
980.4
980.4
980.4
980.5
980.5
980.8
980.8
980.8
980.8
980.9
980.9
981.0
981.3
981.5
981.5
981.5
981.7
981.8
981.8
982.0
982.1
982.2
982.3
982.4
982.4
982.5
982.7
982.8
982.9
983.1
983.1
983.3
983.5
983.7
983.8
984.2
984.2
984.4
984.4
984.7
984.7
985.0
985.0
985.0
985.0
985.1
985.4
985.5
985.6
985.6
985.9
986.0
986.3
986.7
987.1
987.4
987.6
988.4
989.5
990.4
990.9
991.1
991.6
991.8
992.6
993.0
993.3
993.9
994.0
996.7
996.8
