17
75
22
31
32
37
44
49
52
67
39
40
42
45
47
48
53
56
58
59
74
76
8
13
14
15
19
20
26
27
28
33
35
38
41
43
46
50
51
55
62
63
64
65
66
72
16
23
25
30
34
36
54
60
70
71
79
81
82
83
9
11
12
18
21
29
57
61
69
77
78
84
7
24
68
73
80
85
10
86
87
88
89
90
91
92
6
94
4
5
93
3
95
96
2
1
0
97
98
99
17
22
31
75
67
52
74
56
59
19
49
37
40
53
15
28
39
42
44
45
58
27
32
46
47
48
76
82
13
26
30
33
62
63
64
72
83
16
20
23
25
34
35
41
43
50
55
65
66
81
84
8
14
21
29
38
51
70
36
54
60
69
71
77
18
57
61
9
12
79
85
7
11
24
68
73
78
80
87
88
10
86
89
90
91
6
92
94
5
4
93
3
95
96
2
1
0
97
98
99
17
22
31
67
75
52
74
59
19
49
53
56
28
39
40
42
45
48
37
47
27
58
15
51
62
64
30
33
46
32
23
34
38
43
44
63
25
26
16
55
66
21
29
35
54
20
36
41
50
60
57
69
82
18
61
65
71
72
13
24
14
76
84
68
81
70
83
73
77
12
79
8
11
78
87
9
10
17
31
7
80
22
85
52
86
49
88
5
42
45
40
39
48
59
47
51
56
37
67
4
28
34
62
19
30
33
32
53
75
6
36
38
43
41
46
58
74
27
64
66
89
63
55
23
44
26
60
35
50
25
57
15
16
54
61
21
90
3
71
2
29
65
69
20
24
68
73
1
92
70
94
91
72
0
18
93
76
14
31
52
81
82
84
13
17
77
48
12
51
42
39
45
83
49
95
56
22
40
47
59
34
37
78
33
36
67
62
79
32
28
46
30
11
53
55
66
38
87
64
58
43
85
74
19
41
80
63
61
60
50
54
44
57
88
9
27
15
23
21
8
7
26
96
10
25
16
35
68
71
75
69
29
5
65
86
73
70
20
72
24
52
76
4
31
89
90
14
18
81
6
97
48
3
42
17
51
13
82
91
84
98
39
83
94
45
77
49
12
92
56
2
47
93
40
22
99
34
1
37
67
59
33
36
32
28
62
0
78
53
58
66
74
30
46
38
71
79
61
55
64
95
11
63
60
87
41
80
50
57
19
43
85
44
23
15
72
25
75
70
9
26
54
21
35
68
29
69
27
16
65
52
88
76
8
20
31
73
24
86
7
81
48
42
82
89
10
90
51
17
14
18
96
5
84
49
91
77
83
39
13
45
56
17
22
31
52
67
75
19
27
37
39
40
42
45
47
48
49
53
56
59
74
15
16
20
23
25
26
28
30
32
33
34
35
38
41
43
44
46
51
54
55
58
60
62
63
64
66
81
82
83
13
14
18
21
29
36
50
57
61
65
69
70
71
72
76
84
8
24
68
73
77
78
79
85
87
9
11
12
80
86
88
89
7
10
90
91
92
94
6
4
93
5
3
95
96
2
1
0
97
98
99
17
22
31
52
67
74
75
37
49
53
56
59
19
28
32
39
40
42
44
45
47
48
58
64
13
15
16
20
23
25
26
27
30
33
34
35
38
41
43
46
50
51
55
62
63
66
72
76
81
82
83
14
21
29
36
54
60
65
69
70
71
84
8
18
57
61
77
79
12
24
68
73
78
85
87
88
7
9
11
80
86
89
90
10
91
92
6
94
4
5
93
3
95
96
2
1
0
97
98
99
17
22
31
75
67
52
59
74
19
49
56
53
28
37
39
42
40
15
45
48
58
27
30
32
44
47
64
23
26
33
46
34
35
62
63
66
82
13
16
20
25
29
41
43
50
51
55
76
81
83
38
72
84
14
21
54
60
65
69
18
36
70
71
61
8
57
77
79
85
87
12
24
68
73
78
9
80
88
7
11
86
89
90
10
91
92
6
94
4
5
93
3
95
96
17
2
1
0
22
31
97
67
75
52
74
59
49
98
56
19
45
39
40
42
48
53
58
37
47
62
99
15
30
46
51
64
66
28
32
34
55
63
27
33
36
38
43
44
60
61
21
23
26
41
50
54
57
71
81
16
25
29
35
69
70
72
65
76
82
84
18
20
24
68
73
77
14
80
78
79
87
13
85
86
83
12
88
8
11
9
17
89
90
10
91
5
7
94
22
31
92
4
6
93
96
3
52
67
2
74
95
1
48
49
56
59
75
42
45
51
39
47
58
66
53
62
34
40
30
32
36
37
55
61
19
28
46
63
64
71
38
60
33
15
57
41
50
69
70
43
72
0
21
25
27
54
81
16
29
35
76
23
26
65
73
44
68
77
24
84
97
82
20
80
78
87
18
79
85
86
14
83
88
31
98
17
13
12
22
90
89
99
11
91
74
52
94
9
5
8
48
67
42
66
51
56
92
45
49
59
61
39
62
34
71
10
47
58
7
36
53
60
75
55
4
32
40
63
96
28
30
33
46
57
64
70
37
72
38
69
81
93
6
15
3
16
68
73
19
21
54
25
41
50
65
76
23
35
95
29
43
77
84
26
27
44
2
82
87
80
24
78
20
31
17
83
79
85
18
88
86
14
22
1
13
12
74
90
52
89
11
48
91
67
42
0
8
9
66
51
94
97
56
5
45
49
59
62
39
61
98
71
34
92
47
75
53
58
60
99
36
55
32
40
63
10
28
46
7
30
33
64
37
70
72
57
81
69
16
38
4
73
15
19
96
65
50
68
25
54
76
21
84
23
41
77
93
35
43
44
26
82
29
27
17
31
87
85
6
78
83
95
20
80
24
79
88
18
3
22
13
14
86
89
74
11
12
52
17
22
31
67
75
19
37
39
40
44
49
52
53
56
58
59
74
13
15
26
27
28
30
32
33
35
38
41
42
43
45
46
47
48
51
55
62
63
64
66
72
76
81
82
83
8
14
16
20
21
23
25
29
34
36
50
54
60
65
69
70
71
77
84
9
12
18
57
61
78
79
7
11
24
68
73
80
85
87
88
10
86
89
90
91
92
6
94
4
5
93
3
95
96
2
1
0
97
98
99
17
75
22
31
67
49
52
56
59
74
19
32
37
39
40
44
53
58
13
15
28
42
45
47
48
63
64
66
72
76
82
83
14
20
23
26
27
30
33
34
35
38
41
43
46
50
51
55
62
65
71
81
8
16
21
25
29
36
54
60
69
70
77
84
18
57
61
79
9
12
24
73
78
80
85
7
11
68
87
88
86
10
89
90
91
92
6
94
4
5
93
3
95
96
2
1
0
97
98
99
17
22
31
67
75
52
74
49
59
19
56
53
28
37
39
40
42
45
15
44
48
58
27
30
32
46
47
64
16
23
26
33
34
35
62
63
66
82
13
20
25
29
38
41
43
50
51
55
72
76
81
83
14
21
54
60
65
69
84
18
36
61
70
71
57
77
8
24
68
78
79
85
87
9
12
73
80
88
7
11
86
89
90
10
91
92
6
94
4
5
93
3
95
96
2
1
0
97
17
22
31
98
67
52
49
75
40
39
42
45
47
48
59
99
34
37
51
62
19
32
36
56
74
28
30
33
38
43
46
53
58
64
66
15
27
41
44
63
25
35
50
54
55
21
23
26
57
60
16
61
20
24
69
18
29
65
71
73
14
68
72
70
13
76
82
12
81
77
84
11
79
83
8
78
9
80
7
10
85
87
86
17
88
5
4
89
6
90
31
22
91
92
3
52
94
42
48
49
51
67
93
2
39
45
47
34
40
62
56
66
74
36
59
37
58
32
33
46
53
61
28
30
38
55
60
64
1
57
63
71
75
41
43
95
50
54
15
21
19
27
44
23
25
35
69
70
72
73
96
16
26
65
68
0
29
24
81
76
20
18
82
77
84
14
80
78
79
97
13
83
85
87
12
17
31
86
88
11
9
22
52
48
8
42
51
89
98
74
90
49
45
62
66
67
7
39
56
10
34
47
91
5
36
59
40
61
53
58
60
32
37
46
55
99
4
30
71
33
57
63
64
92
28
38
75
6
94
41
50
54
43
72
69
70
15
21
73
23
93
19
44
68
25
27
65
3
16
26
35
81
76
29
24
2
95
96
77
82
20
84
1
18
80
78
14
79
83
87
85
17
13
31
86
0
88
12
74
22
52
48
42
97
11
51
90
66
67
89
62
45
9
56
34
8
49
71
91
39
36
61
59
47
53
58
60
63
94
40
64
5
55
75
32
57
28
98
7
46
72
92
30
69
70
73
10
33
37
15
38
81
76
50
77
25
68
16
65
41
93
99
21
19
23
4
54
84
35
82
6
26
43
29
3
87
27
96
44
78
83
95
24
80
85
2
79
86
20
88
18
31
39
42
49
52
59
67
74
75
17
22
33
37
40
44
45
48
53
56
58
63
64
66
27
28
30
32
34
35
36
38
41
43
46
47
50
51
54
55
60
62
65
69
70
71
72
19
25
26
29
57
61
68
23
73
76
16
20
21
24
77
81
82
18
78
79
15
80
83
84
14
13
85
87
86
88
89
8
11
12
9
90
10
7
91
92
6
93
94
4
5
95
96
3
2
1
0
97
98
99
31
67
22
37
39
40
42
74
75
17
30
32
33
34
35
45
49
52
59
66
26
27
28
36
38
41
43
44
47
48
53
56
62
63
64
69
72
19
25
29
46
50
51
55
58
60
65
70
71
23
54
61
68
76
16
20
21
57
73
18
24
81
82
15
77
78
79
80
83
84
14
13
85
87
86
88
89
8
11
12
9
90
10
7
91
92
6
4
93
94
5
95
96
3
2
1
0
97
98
17
99
31
22
67
75
19
74
59
28
37
39
42
49
52
27
30
40
53
56
15
33
34
45
23
26
35
48
62
64
66
25
29
32
44
46
47
58
63
16
20
38
41
43
50
51
69
21
36
54
55
60
72
18
61
65
70
71
68
76
82
13
14
81
24
57
83
84
73
78
77
79
80
87
85
88
86
8
89
12
9
11
90
7
10
91
92
6
4
93
94
5
17
22
95
96
31
3
67
75
19
52
59
49
74
15
39
40
56
28
37
42
45
47
48
34
53
62
27
30
32
33
58
2
23
38
51
64
25
26
36
44
46
66
21
43
50
55
63
16
35
41
54
13
20
14
29
60
1
18
57
61
65
69
71
0
24
72
68
82
70
73
76
84
8
12
81
83
97
11
77
9
79
78
87
7
85
80
10
88
86
17
31
98
89
90
22
52
5
4
49
67
39
42
45
56
40
48
59
91
6
34
51
99
19
28
37
47
92
32
36
62
74
30
33
58
75
38
53
66
46
55
15
41
64
27
43
63
94
50
54
61
23
25
60
44
21
35
93
16
29
57
26
71
65
69
20
68
73
72
70
18
24
14
3
76
13
81
84
95
82
83
12
31
77
79
96
78
17
2
80
11
87
52
85
22
42
86
39
48
49
88
51
34
45
56
67
8
47
9
62
59
66
40
74
28
36
37
32
58
33
30
46
53
61
89
1
7
38
55
60
19
63
64
71
0
41
75
90
50
54
15
57
10
43
23
35
21
27
25
16
26
44
65
69
68
70
72
91
29
73
5
20
24
4
76
81
92
6
94
18
97
84
14
82
31
83
77
93
78
79
13
80
17
87
52
85
74
98
42
48
56
66
95
62
67
22
86
12
34
39
45
51
59
61
49
88
40
36
47
11
71
53
3
28
55
58
64
72
37
60
96
32
33
63
46
75
30
57
70
50
69
38
41
73
68
43
44
54
65
19
35
21
89
90
99
9
26
27
23
25
16
81
15
29
76
8
84
77
82
20
24
2
7
91
31
18
10
83
80
78
79
17
92
87
85
74
52
14
48
66
17
52
75
8
13
22
31
32
37
44
49
56
59
67
74
9
12
14
15
19
39
40
42
45
47
48
53
58
63
66
72
76
82
83
7
11
20
26
28
33
35
38
41
43
46
50
51
55
62
64
65
70
71
81
84
16
21
23
25
27
30
34
36
54
57
60
69
77
79
10
18
24
29
61
73
78
80
85
88
68
86
87
90
89
91
6
92
5
94
4
93
3
95
96
2
1
0
97
98
99
17
22
31
67
75
52
56
74
37
40
49
53
59
13
15
19
28
32
39
44
45
48
58
27
33
42
46
47
63
64
66
72
76
81
82
83
8
14
20
23
25
26
30
34
35
38
41
43
50
55
62
65
84
16
21
29
36
51
54
60
69
70
71
9
12
18
57
61
77
7
11
78
79
85
87
24
68
73
80
88
10
86
89
90
91
92
6
94
5
4
93
3
95
96
2
1
0
97
98
99
17
22
31
67
75
74
59
19
52
49
53
56
28
37
39
40
42
45
15
27
30
48
58
33
64
23
26
32
44
46
47
62
63
25
29
34
35
82
16
20
43
50
51
55
66
83
13
38
41
54
76
81
84
21
60
69
72
14
18
65
36
61
70
71
57
8
68
77
85
78
87
12
24
79
88
9
73
80
7
11
86
89
90
10
91
92
94
6
4
5
93
3
95
96
17
2
22
1
31
0
67
97
75
74
59
52
19
49
53
56
28
37
45
39
40
42
98
27
48
58
15
30
64
33
47
99
46
62
23
26
32
34
51
63
25
44
35
43
55
29
38
66
16
21
50
20
36
41
54
60
82
18
69
13
57
61
65
72
71
76
14
24
70
81
84
68
83
73
12
8
77
11
79
31
9
17
78
87
80
85
22
7
10
88
86
52
67
5
49
59
74
89
90
4
19
75
56
45
53
42
6
28
39
37
91
40
48
92
58
94
30
51
3
47
33
34
2
27
32
62
93
46
64
63
15
66
1
55
23
36
38
26
43
25
16
21
29
35
44
50
60
61
95
41
54
96
71
57
69
0
20
72
65
70
76
68
81
73
82
18
24
84
83
31
13
14
97
77
78
87
17
52
79
22
80
98
74
85
12
49
67
88
42
59
45
86
56
11
48
53
39
8
9
19
28
75
99
37
40
51
89
90
58
34
30
33
47
62
66
7
46
64
32
5
10
63
55
91
27
36
15
38
94
4
23
60
61
92
25
26
43
71
6
50
16
29
41
21
35
54
44
57
69
93
72
3
70
65
76
81
68
2
20
73
82
95
96
31
84
1
24
18
83
77
14
87
13
74
52
78
79
17
80
85
22
67
88
0
42
56
86
49
59
48
45
53
12
75
39
51
66
97
28
58
62
89
90
40
19
37
11
34
64
47
63
30
55
8
46
33
71
32
91
15
61
9
36
60
98
27
69
72
38
16
25
92
50
81
94
23
70
57
7
10
26
54
76
5
35
43
29
21
41
44
65
84
99
73
82
68
4
20
93
77
96
31
83
6
95
87
3
85
74
78
24
18
17
80
2
79
88
1
86
67
52
13
17
52
75
22
31
37
44
49
56
59
67
74
13
14
32
39
40
41
42
45
47
48
53
58
63
66
72
76
8
15
19
20
26
28
33
35
38
43
46
50
51
55
62
64
65
71
81
82
83
9
12
16
21
23
25
27
30
34
36
54
60
69
70
77
84
7
11
18
24
29
57
61
73
78
79
80
68
85
87
88
10
86
89
90
91
6
92
5
94
4
93
3
95
96
2
1
0
97
98
99
17
75
22
31
67
52
56
59
74
19
37
39
40
44
49
53
15
28
32
42
45
47
48
58
64
76
82
13
26
27
30
33
34
35
38
41
43
46
50
55
62
63
65
66
72
81
83
14
16
20
23
25
29
51
71
84
8
21
36
54
60
69
70
77
18
57
61
9
12
78
79
85
87
7
11
24
68
73
80
88
86
89
10
90
91
92
6
94
5
4
93
3
95
96
2
1
0
97
98
99
17
22
31
67
75
74
19
49
52
59
53
56
28
37
39
40
45
42
48
58
15
27
30
64
23
26
33
44
46
47
63
16
25
32
34
35
62
66
82
20
29
38
43
50
51
55
76
83
13
21
41
54
72
81
84
18
60
65
69
14
36
61
70
71
57
77
8
24
68
78
79
85
87
73
12
80
88
9
11
86
7
89
90
10
91
92
6
94
4
5
93
3
95
96
17
2
1
22
0
31
97
67
75
74
52
19
49
59
53
56
39
40
45
28
42
37
48
98
47
58
15
27
30
34
51
62
32
33
46
64
23
25
26
36
38
43
63
35
41
44
55
66
99
16
21
50
54
20
29
60
57
61
18
65
69
24
71
13
14
68
72
73
76
82
70
81
84
83
12
77
11
79
78
8
17
31
9
80
87
85
7
10
22
86
88
5
67
89
4
90
52
6
49
74
75
91
59
56
42
45
48
53
39
92
94
3
19
40
51
28
34
37
93
47
62
58
66
30
33
36
46
2
32
55
64
38
60
61
63
15
27
43
23
41
54
57
95
50
71
21
25
1
16
26
35
44
29
69
65
72
70
96
68
73
24
81
0
20
76
82
18
31
84
77
14
83
13
78
79
80
17
87
22
85
12
97
86
52
67
74
88
11
49
9
48
56
59
8
42
45
89
53
75
39
51
90
7
10
40
62
66
34
37
47
98
19
28
58
91
5
30
33
36
46
55
61
64
32
60
63
99
4
38
71
6
57
92
94
15
27
41
43
50
54
23
21
25
69
72
93
16
26
35
44
70
65
73
3
29
68
81
76
95
2
20
24
82
31
84
96
77
18
1
80
83
78
14
17
87
79
85
22
74
13
67
88
52
86
0
12
48
56
42
49
59
90
51
66
45
53
75
89
62
11
39
34
58
91
97
8
9
63
71
28
40
36
47
61
64
19
60
94
55
30
32
37
46
5
33
92
15
69
98
10
72
57
7
38
70
16
81
73
25
76
50
23
93
21
65
35
68
4
27
41
54
26
84
99
29
77
82
43
6
3
96
87
44
31
83
95
20
85
2
24
78
88
80
17
18
79
74
