527
315
533
414
435
486
501
672
200
240
257
287
335
351
418
429
636
670
157
171
305
333
413
419
516
562
607
690
124
143
152
178
222
232
256
338
408
483
801
117
258
265
272
324
326
339
432
473
544
603
821
161
174
183
299
343
397
410
412
436
438
442
476
526
597
606
614
619
627
642
696
126
158
159
167
168
172
215
218
239
266
274
275
280
283
286
316
330
356
373
376
420
446
450
465
470
489
495
514
536
566
583
595
634
668
694
709
719
757
838
116
118
125
148
186
202
250
270
296
311
312
318
328
342
352
406
444
463
466
496
509
530
531
532
534
554
557
579
596
600
625
645
647
676
695
703
714
720
745
750
761
849
855
91
120
122
145
151
175
195
196
216
291
317
332
337
363
366
369
387
445
461
487
490
497
502
505
506
511
535
558
563
567
592
601
623
666
687
704
708
748
791
835
88
95
107
135
187
192
208
211
212
213
225
260
276
331
378
391
392
395
401
407
409
431
440
449
454
456
459
464
525
528
538
546
551
598
620
624
667
669
682
698
701
727
728
820
103
105
114
115
133
142
153
156
163
169
176
179
181
224
229
235
282
298
306
344
345
358
360
375
381
383
386
394
411
415
423
428
430
452
460
468
508
540
545
550
556
582
584
609
641
674
679
693
700
713
733
737
740
771
776
780
785
814
868
123
136
155
160
166
173
180
214
233
281
294
303
320
349
353
361
362
374
377
399
403
458
479
482
503
565
572
576
577
591
605
631
633
639
653
660
688
756
769
784
793
807
812
852
854
858
80
102
141
147
154
165
253
254
262
273
285
300
329
334
340
359
367
382
384
393
417
421
437
447
448
462
480
481
492
499
519
543
553
581
588
594
618
622
626
640
762
773
811
880
90
97
140
197
199
209
227
231
246
252
255
264
307
309
322
341
350
400
427
434
475
488
498
555
561
571
586
616
650
655
685
736
744
772
788
850
894
75
101
104
108
119
131
132
134
138
144
164
177
203
230
247
295
327
347
368
370
372
388
398
404
425
426
441
494
500
513
520
537
569
580
587
590
599
608
611
617
628
643
648
664
702
715
722
726
730
754
775
778
798
802
839
863
74
82
87
146
198
205
223
234
237
241
249
259
261
268
278
279
289
293
304
319
364
385
396
439
467
477
564
570
615
630
680
712
717
743
746
747
766
822
874
882
84
98
201
206
210
217
263
267
269
336
365
433
443
472
478
484
512
560
621
632
635
638
651
658
681
697
721
739
741
751
783
817
845
861
865
869
887
93
149
170
189
204
242
243
245
310
346
379
455
491
504
521
539
549
559
568
573
602
629
637
656
659
665
707
735
755
758
767
770
774
777
786
797
866
870
873
875
78
127
130
139
182
221
238
284
314
354
389
390
424
453
471
474
507
517
541
542
578
646
663
675
723
734
765
796
805
806
847
68
71
94
96
112
150
184
185
188
207
236
301
357
371
405
422
677
705
731
738
749
782
792
809
816
830
840
864
872
883
888
917
106
110
194
226
228
244
251
290
402
510
524
529
589
657
671
689
699
810
832
901
73
79
83
99
137
297
308
313
321
485
610
661
691
711
716
790
794
815
823
829
831
843
889
915
111
193
271
325
380
451
522
552
575
612
649
654
678
683
692
764
789
808
851
871
886
76
109
128
190
220
355
547
585
718
753
760
779
837
885
899
113
416
457
493
515
725
781
787
828
846
853
867
50
89
121
277
348
686
706
804
813
824
841
842
848
862
58
59
67
69
129
162
219
302
469
518
652
662
724
763
803
836
62
72
86
191
523
574
673
732
742
800
834
844
856
878
892
92
248
292
548
876
891
53
66
288
604
710
825
921
593
684
833
884
929
46
48
100
323
613
799
826
860
77
729
881
893
908
920
49
52
81
857
904
819
879
895
900
60
70
795
818
912
64
85
914
926
950
759
827
927
937
897
918
939
56
65
644
752
903
936
944
768
877
54
925
928
51
905
907
930
890
906
910
922
924
933
956
41
934
938
61
896
916
952
958
960
38
55
859
902
940
949
913
935
945
898
931
932
47
911
919
942
946
42
37
953
909
39
923
947
45
57
32
941
30
31
43
943
40
954
955
63
965
951
948
36
44
962
970
968
973
27
35
19
967
28
34
969
29
22
13
981
977
15
985
3
989
5
25
17
961
976
979
993
10
987
21
835
123
408
423
409
679
821
7
286
343
436
501
894
611
331
543
20
305
406
873
341
527
750
274
299
411
486
528
149
261
375
442
558
115
394
412
430
124
166
192
208
382
566
603
300
316
339
371
596
639
812
16
291
376
397
418
420
447
807
118
159
466
489
530
281
318
333
446
737
762
986
2
200
496
502
531
778
104
125
178
270
315
366
461
483
538
643
647
666
837
134
282
335
497
746
74
304
324
385
758
107
117
265
269
320
414
866
128
155
257
338
458
540
556
584
753
892
93
240
294
351
424
438
465
495
624
740
741
225
356
422
550
557
653
728
870
12
147
280
330
373
391
480
482
559
607
250
367
444
591
805
197
363
370
464
470
490
529
685
80
252
342
500
537
96
140
143
256
278
350
407
425
448
671
736
744
775
788
830
855
886
915
211
488
505
525
533
575
889
98
144
195
229
272
358
435
450
506
545
582
599
630
638
680
687
996
160
336
346
348
377
456
602
747
783
861
131
156
183
204
218
246
275
359
532
727
868
88
484
637
869
142
161
172
287
303
319
353
516
534
578
627
814
828
878
167
201
309
344
413
419
462
473
554
562
574
588
625
780
849
173
332
349
415
642
655
690
862
90
105
174
216
295
352
357
378
579
784
856
875
964
145
296
387
660
742
69
301
317
354
440
443
453
459
475
646
838
980
102
110
146
150
289
322
400
417
487
555
709
748
852
897
177
326
381
522
544
561
563
592
606
765
823
826
24
81
251
347
368
432
491
745
880
135
152
153
154
460
478
546
800
186
221
259
312
345
455
547
590
829
75
122
193
235
249
268
283
696
808
832
860
917
79
101
132
157
609
669
760
786
798
114
138
151
187
202
306
429
583
636
739
794
820
262
431
498
717
718
769
364
476
535
645
651
700
867
990
41
126
196
437
479
492
520
571
576
774
785
85
185
601
618
734
756
757
46
73
248
633
668
702
120
162
168
510
676
848
121
141
209
260
266
325
452
542
564
811
845
165
179
372
389
398
410
434
451
499
770
851
95
234
264
314
396
614
672
802
103
116
148
214
217
230
404
441
589
649
656
749
997
78
184
402
454
824
850
113
355
426
521
681
716
772
776
789
803
119
293
548
693
882
313
445
467
585
620
674
715
883
888
311
485
568
667
871
224
323
427
549
570
598
721
726
733
761
764
881
71
180
241
390
927
276
285
844
511
622
725
190
514
594
600
991
39
463
665
773
816
213
298
302
572
629
738
763
858
386
395
139
247
541
581
817
999
677
699
831
169
688
893
206
507
864
605
751
922
38
267
593
82
701
854
940
297
503
712
713
801
164
457
198
236
469
658
840
952
94
403
595
743
931
839
859
863
401
519
610
66
567
616
720
518
703
916
89
284
909
232
290
771
792
972
223
362
51
604
621
634
657
944
815
879
67
329
474
513
577
796
901
334
619
836
847
932
887
935
632
72
524
171
678
731
777
384
449
494
42
45
271
83
263
697
904
468
87
551
787
682
698
872
628
62
663
374
416
675
691
393
673
842
308
552
790
233
337
791
60
92
227
383
652
729
874
947
933
100
56
136
361
86
659
65
755
914
730
61
781
49
237
818
810
942
723
929
36
70
523
806
827
515
978
48
846
884
982
853
722
920
946
899
226
683
288
539
189
732
890
321
954
428
512
934
707
891
905
968
530
481
974
526
50
423
341
686
307
637
436
394
26
896
958
238
375
559
644
611
261
409
425
281
543
286
501
566
529
388
53
956
346
343
528
545
408
558
624
666
442
654
331
430
930
679
371
385
411
339
420
424
108
490
599
603
638
300
556
582
613
692
779
299
370
274
304
538
466
470
443
941
272
356
123
229
317
660
741
382
555
208
596
650
166
333
344
379
632
647
406
447
531
589
750
273
465
547
482
486
587
617
252
277
318
357
149
399
480
256
404
639
753
835
203
367
671
737
225
360
502
591
602
746
495
522
652
696
305
319
348
479
496
765
400
460
489
635
37
291
492
575
655
762
926
418
758
191
316
541
643
646
600
680
857
124
376
412
422
449
498
701
788
397
440
500
584
323
363
550
669
677
685
725
80
115
478
540
805
275
407
532
620
649
713
439
458
488
598
640
744
98
133
358
636
715
778
59
456
497
503
525
583
668
728
988
104
224
324
330
350
359
527
718
192
446
477
484
742
873
147
280
432
448
491
499
240
402
524
618
197
461
627
269
391
435
483
574
128
141
200
453
653
122
352
571
642
645
821
125
340
366
373
415
487
619
740
193
207
294
625
921
118
335
378
910
282
315
336
688
828
117
132
462
464
717
768
807
134
353
469
561
585
161
313
383
444
693
74
214
342
769
211
248
320
604
608
163
209
295
310
455
554
557
607
651
736
837
107
174
648
178
255
306
414
588
630
747
140
475
537
695
830
126
201
438
441
474
721
760
296
337
533
260
262
548
593
137
259
303
578
235
451
687
155
210
249
563
77
223
246
322
506
516
609
278
386
534
656
892
69
93
264
700
150
165
205
505
551
681
703
734
743
775
68
73
143
417
622
673
726
257
690
694
761
816
79
413
546
764
784
13
109
389
473
748
783
894
156
160
185
289
434
817
95
154
167
354
364
549
270
276
309
467
381
459
823
217
542
592
629
812
131
159
716
785
119
120
121
472
510
749
771
96
99
151
314
157
162
230
266
187
723
780
173
601
75
745
814
113
135
182
326
398
606
757
142
265
776
876
250
798
809
112
633
676
966
581
866
221
777
674
786
794
302
560
800
152
82
139
198
727
153
803
177
868
15
752
756
808
953
387
564
239
355
507
856
136
204
236
81
196
148
885
144
242
43
298
427
511
661
936
184
789
949
146
826
787
862
88
251
431
834
883
110
870
659
739
28
349
377
820
72
145
628
729
829
78
41
114
552
791
981
577
915
58
579
576
171
570
419
702
849
738
338
263
241
867
190
731
832
90
751
858
878
172
301
815
562
795
970
860
429
897
861
886
61
840
973
183
42
213
842
268
325
709
838
907
11
590
763
101
994
283
40
85
60
810
774
233
875
824
22
29
925
818
46
792
51
5
906
773
527
240
200
257
351
486
315
414
419
287
413
418
435
501
562
607
672
157
171
232
265
335
429
436
516
533
544
670
690
821
143
178
183
218
272
275
305
333
410
432
450
483
614
636
801
148
222
256
258
266
274
286
299
324
326
397
408
442
446
465
566
709
849
855
117
124
152
158
186
202
215
216
239
270
276
330
338
339
406
412
473
489
495
509
526
530
557
583
595
600
603
606
619
642
647
838
125
151
159
167
168
172
174
175
250
260
280
283
296
316
318
342
373
376
378
420
438
454
461
463
466
470
490
502
505
528
534
536
554
558
579
597
625
627
634
696
745
750
835
135
161
195
212
291
312
328
332
352
356
363
387
392
407
409
440
444
464
476
497
514
525
531
535
538
551
601
623
645
667
668
676
687
694
714
720
757
761
812
868
880
116
126
179
196
208
235
282
285
294
311
343
345
349
381
391
430
431
445
449
452
459
496
506
511
545
546
563
567
592
596
598
624
695
703
704
727
814
820
858
91
107
118
120
181
187
192
211
225
229
231
303
306
317
358
362
366
369
383
393
395
417
423
456
462
468
487
503
532
540
576
584
591
609
622
631
666
669
682
698
708
719
748
771
776
780
791
811
850
852
854
894
105
122
145
156
160
169
173
176
180
213
224
233
253
320
337
344
361
375
377
384
386
399
411
437
447
480
482
508
520
553
556
577
582
588
620
640
641
653
674
688
693
700
713
733
769
785
793
798
807
874
103
114
115
142
153
166
209
254
255
273
281
298
309
329
340
353
359
360
368
374
382
394
401
403
415
426
428
458
460
475
481
498
519
550
572
581
594
605
626
639
660
679
728
737
756
775
784
788
802
839
865
873
882
88
123
133
136
141
147
155
165
203
237
241
246
262
264
307
322
331
341
347
350
370
421
427
434
448
479
488
492
494
499
513
543
555
565
571
616
618
628
658
701
740
762
778
863
887
80
95
97
101
102
154
163
164
177
197
199
214
230
234
247
289
293
295
300
327
396
398
425
441
467
512
561
564
569
580
590
608
611
615
633
643
650
655
664
685
702
730
736
766
772
773
817
845
861
869
888
90
131
132
140
204
210
227
245
252
259
268
269
279
304
319
334
364
367
372
388
389
400
404
478
500
521
537
568
570
586
599
602
635
648
659
681
715
722
726
743
744
747
774
783
847
872
875
917
104
108
138
146
170
182
207
223
249
261
263
267
278
336
365
433
439
443
455
491
504
517
549
573
587
617
621
630
637
651
680
697
707
712
721
723
746
754
758
770
782
786
796
822
870
883
901
93
98
119
134
144
189
198
205
206
217
221
243
251
379
424
472
474
477
484
539
559
560
638
646
656
657
665
717
739
749
751
792
797
805
806
864
866
871
82
84
149
150
226
238
290
301
310
346
371
385
453
471
485
507
541
542
578
629
632
735
777
816
830
840
889
74
87
185
188
201
228
242
244
284
314
354
357
405
422
510
529
649
663
675
734
738
741
765
767
810
851
886
899
915
75
78
94
112
184
220
236
308
325
390
402
522
612
677
705
731
755
809
831
832
842
843
853
68
71
96
99
111
127
139
297
524
547
589
671
683
691
699
823
106
130
193
194
271
313
321
380
451
515
575
610
678
790
794
804
808
815
824
829
837
844
846
862
867
885
109
110
137
190
348
457
552
585
654
661
711
718
753
760
764
787
789
813
828
848
878
73
83
219
689
716
781
836
856
891
892
128
277
302
355
416
518
523
662
686
692
725
800
803
841
876
884
79
113
129
292
493
574
706
825
833
929
50
76
86
191
469
593
724
732
779
834
59
67
89
121
162
548
604
742
799
921
62
72
248
288
652
673
763
860
879
895
904
819
826
857
881
893
908
912
920
58
66
69
684
795
914
92
100
323
613
729
900
926
48
53
818
903
46
49
52
64
710
827
918
937
950
77
877
927
939
944
81
85
768
897
925
936
890
905
70
644
906
896
916
924
930
933
934
910
928
932
940
60
752
907
931
938
65
956
54
859
913
922
935
960
51
911
919
949
958
902
945
952
56
759
898
41
909
946
38
61
923
942
55
953
941
47
37
39
947
42
45
954
32
943
30
955
57
40
43
965
31
63
951
962
948
970
44
968
36
973
967
28
27
19
34
969
35
977
22
29
961
981
13
989
976
985
17
3
5
15
25
972
979
20
964
980
987
16
993
10
18
21
966
975
11
974
7
12
2
24
986
996
4
988
26
990
978
997
991
983
9
835
999
409
998
423
982
894
436
679
821
123
408
341
543
873
286
611
274
406
261
528
750
343
558
971
149
371
430
812
501
208
411
192
166
375
447
837
331
807
115
300
382
394
737
753
305
639
527
892
128
281
566
778
963
299
442
762
412
603
643
304
397
446
124
339
486
489
647
6
125
316
746
104
318
376
461
466
530
866
870
134
159
269
270
502
559
758
93
420
424
496
596
291
385
497
531
538
118
200
422
805
666
74
282
418
529
584
624
830
915
225
741
886
107
294
320
556
575
889
540
591
14
458
994
178
265
366
653
671
96
483
550
862
878
155
333
348
448
480
482
574
788
828
897
147
856
197
350
488
728
775
80
278
370
740
959
33
425
465
736
246
500
537
495
783
800
204
602
685
747
140
324
557
855
861
250
252
330
599
826
744
117
131
336
356
338
367
742
319
444
470
484
490
875
98
869
257
373
630
240
251
505
687
144
525
680
346
453
578
638
280
357
363
464
522
860
150
637
868
351
438
41
407
545
646
69
391
195
201
211
506
917
315
342
456
81
160
547
727
414
582
229
462
335
808
814
193
301
765
829
85
303
588
823
183
358
780
256
309
359
450
832
867
156
475
561
46
660
655
110
173
275
142
143
455
794
824
162
218
248
344
718
272
368
39
607
849
852
177
349
555
927
88
249
105
322
590
784
880
259
295
642
760
289
625
491
554
803
995
79
415
417
167
172
354
73
174
268
113
443
838
931
135
651
881
185
940
101
216
377
770
848
146
546
649
121
221
353
916
38
325
520
381
532
548
589
717
734
786
888
235
314
451
592
851
145
609
798
909
922
932
75
287
459
510
534
669
748
769
153
402
473
498
844
184
883
78
102
347
378
435
478
571
700
859
132
154
716
774
871
114
122
264
345
785
802
51
190
725
756
209
234
323
549
606
681
690
702
763
820
90
230
579
593
696
850
935
186
404
542
627
656
119
138
293
396
413
432
521
645
141
202
452
492
749
882
66
161
355
372
431
789
45
95
352
485
676
709
715
726
187
390
400
620
636
738
757
840
947
151
389
437
440
479
564
585
879
893
283
387
563
817
71
120
152
266
427
699
89
116
165
260
302
313
776
196
224
241
460
535
764
126
262
398
457
581
677
815
863
364
721
773
858
933
49
297
544
845
214
419
533
570
572
594
601
693
904
576
604
658
743
745
811
816
854
942
72
213
296
507
511
674
733
739
772
61
401
403
426
441
518
541
610
618
667
36
56
164
285
317
332
605
622
629
729
864
217
665
713
731
887
306
410
519
616
847
910
952
65
86
94
568
598
872
929
67
82
139
206
499
668
92
100
157
179
284
914
941
169
329
688
691
712
751
836
857
934
276
290
312
474
595
761
771
103
271
698
723
842
890
383
386
621
673
810
818
831
884
70
168
180
247
469
552
614
663
675
678
697
791
298
388
516
755
787
839
944
429
682
701
703
899
42
83
198
416
633
644
652
801
809
920
0
781
827
60
68
463
487
562
732
50
326
362
600
632
896
905
930
48
59
393
524
567
921
634
683
361
467
730
792
806
906
956
512
523
720
846
874
925
227
395
613
692
111
238
374
445
822
891
236
551
686
901
796
58
136
223
277
476
494
694
707
907
334
449
493
628
790
233
434
583
695
926
946
148
210
226
243
515
949
958
87
795
539
779
307
608
835
865
53
436
659
768
877
968
133
263
311
409
454
423
654
657
661
900
752
37
232
766
834
908
112
305
343
503
679
894
954
123
626
99
189
220
406
804
62
504
611
274
631
237
341
530
543
812
853
191
513
873
885
903
137
321
528
821
945
950
384
412
596
639
807
43
308
750
97
261
399
442
799
288
408
650
149
205
281
371
286
468
936
109
558
965
973
124
63
270
619
758
466
643
672
420
566
837
876
115
192
207
269
586
928
446
624
753
208
411
430
788
380
405
418
708
805
166
339
397
489
813
282
304
892
80
171
267
527
647
128
244
273
482
331
337
375
483
648
915
496
77
246
299
376
394
477
502
640
778
960
74
635
866
970
382
447
830
294
501
736
737
777
300
617
943
366
370
470
666
762
828
424
425
538
722
577
728
245
746
117
134
480
889
96
531
200
559
637
107
320
497
525
740
825
159
603
93
104
203
385
671
913
155
127
574
870
526
225
422
741
356
599
862
897
575
775
953
529
428
545
553
591
471
556
318
379
448
461
481
653
291
602
125
197
584
886
324
438
615
800
316
118
550
680
348
826
580
783
346
330
490
819
13
265
421
895
319
458
714
856
878
98
495
540
742
630
338
685
178
747
350
500
646
363
15
144
486
488
855
76
147
333
367
465
131
252
638
280
278
453
687
464
744
522
484
23
547
912
140
204
684
860
869
875
240
250
462
537
193
578
861
557
514
41
229
967
868
357
69
976
251
195
29
373
336
301
444
130
360
31
962
108
582
150
735
310
917
160
867
765
24
829
727
201
655
924
456
718
808
256
40
272
81
505
823
182
188
506
391
407
555
660
342
358
248
303
938
16
85
211
814
275
315
588
351
509
824
794
955
359
589
649
759
919
27
257
760
780
472
561
443
832
5
73
142
57
455
689
748
156
162
249
498
803
35
835
46
309
423
609
987
110
344
554
679
700
873
174
177
705
750
769
259
922
167
530
717
734
784
185
260
264
341
607
743
753
849
343
353
409
532
611
715
789
894
902
143
183
242
510
546
558
587
716
770
918
88
123
295
436
479
528
927
981
281
335
368
442
651
669
758
785
807
821
852
55
261
274
323
414
451
690
725
190
212
408
475
491
492
543
764
778
837
840
883
39
79
314
328
406
592
606
656
676
749
838
931
149
276
381
415
459
624
642
786
788
816
850
146
172
209
224
322
331
466
566
596
625
693
713
721
728
756
812
830
888
940
947
34
135
166
218
435
590
598
702
762
763
787
848
881
996
11
113
145
173
208
219
286
371
378
489
548
627
639
643
776
851
866
909
961
230
268
325
354
482
726
818
991
115
121
124
255
376
402
450
542
620
666
681
802
805
828
966
75
78
161
266
369
394
433
521
527
647
652
696
737
773
774
882
934
117
192
235
304
305
339
349
397
413
480
531
549
593
600
697
729
738
892
105
114
122
202
400
420
425
636
658
688
731
51
102
199
200
430
507
520
576
637
699
745
916
132
231
262
282
313
375
377
447
478
601
698
710
746
820
2
8
28
101
154
269
294
411
412
417
431
437
533
571
579
581
604
671
677
740
768
771
811
831
74
92
165
184
239
300
340
424
559
663
709
932
126
128
152
153
306
446
496
501
629
645
701
732
775
798
844
871
880
21
50
215
289
383
499
529
535
538
585
599
603
733
736
751
757
893
948
134
198
270
299
302
317
364
432
541
560
564
691
692
810
863
889
42
44
72
155
293
345
355
362
396
563
674
741
815
859
80
138
213
382
534
570
633
755
779
792
935
66
164
221
277
473
502
518
568
602
915
979
985
999
163
169
194
197
552
591
665
703
712
841
879
896
107
234
287
347
370
390
398
497
511
622
659
783
862
870
872
904
20
95
119
196
298
556
574
618
668
680
739
781
836
839
38
151
214
440
441
457
525
583
605
45
116
186
237
389
817
842
897
93
120
125
283
403
469
653
752
12
90
96
206
290
385
565
675
793
864
929
951
26
56
216
324
452
575
706
822
826
847
933
939
217
225
246
284
366
460
539
584
595
621
632
682
683
857
858
977
222
320
404
422
483
487
544
550
667
707
806
843
854
1
178
372
387
448
610
662
920
10
36
89
297
356
418
761
790
845
910
986
997
6
49
84
104
141
181
258
426
467
485
545
608
613
670
772
800
827
67
318
427
438
562
630
103
157
271
614
747
796
905
946
139
187
401
474
673
983
94
616
685
853
898
952
25
54
68
346
388
429
500
519
524
567
572
594
708
941
59
71
83
223
238
296
352
540
887
958
159
241
386
646
661
17
98
285
723
61
419
687
855
980
100
170
191
263
333
490
782
799
989
118
144
179
291
326
348
470
577
923
330
512
678
742
7
91
307
329
367
886
30
316
804
884
944
964
993
171
280
361
865
131
334
791
907
619
686
990
168
312
393
416
516
730
809
914
48
363
461
503
508
628
890
22
176
338
410
449
617
638
856
998
253
350
453
523
3
82
399
878
908
956
87
644
111
488
950
265
319
906
937
968
930
486
573
63
374
445
458
911
60
434
465
515
834
233
311
504
695
885
926
978
744
332
722
86
476
522
58
942
720
147
846
136
308
395
495
252
65
974
547
207
973
53
148
52
70
464
657
654
994
578
634
891
468
278
484
513
140
825
899
137
777
860
969
972
925
62
247
494
877
936
204
454
158
586
988
99
236
112
949
493
127
537
861
41
869
875
13
15
527
240
486
257
315
200
351
413
414
418
419
435
501
533
672
143
157
171
287
335
516
562
607
636
670
690
178
232
305
333
429
432
436
483
544
801
821
183
222
256
265
272
275
286
299
324
326
408
410
412
442
450
566
614
838
117
124
152
158
218
258
266
338
339
376
397
446
465
526
603
627
709
849
855
148
159
167
168
174
186
202
216
239
250
270
274
283
316
330
378
420
438
463
473
476
489
490
495
509
530
534
554
557
558
579
583
595
597
600
606
625
634
642
647
696
750
757
761
835
125
135
151
161
172
195
215
276
280
291
296
312
318
342
343
352
356
373
387
392
406
407
440
444
454
464
466
470
502
505
514
528
531
536
538
601
619
668
676
687
694
695
704
714
745
820
868
116
118
126
175
212
260
282
294
311
328
332
349
363
391
409
431
445
449
452
459
461
496
497
506
511
525
532
535
545
551
592
596
598
623
645
703
719
720
727
748
771
812
814
91
120
179
196
208
225
235
306
317
345
358
366
369
381
383
423
430
487
546
563
567
582
591
624
666
667
669
682
776
791
852
858
880
88
107
115
122
145
153
156
160
166
169
176
181
187
192
211
224
229
231
253
285
303
331
337
344
362
375
377
384
386
395
403
411
417
460
462
468
503
508
540
553
556
576
584
609
620
622
631
641
688
693
698
700
701
708
737
769
780
785
807
811
854
894
103
114
123
142
155
173
180
213
233
254
273
281
298
320
340
353
360
361
374
393
394
399
401
415
428
437
447
456
475
480
482
520
550
577
581
588
605
639
640
653
660
674
679
713
728
733
740
756
784
788
793
798
802
839
850
105
133
147
165
203
255
262
300
309
322
329
350
359
382
421
426
427
434
448
458
479
481
492
498
519
594
626
633
762
773
775
778
873
874
882
80
90
95
101
102
136
141
154
163
197
209
214
234
237
246
264
289
295
307
327
341
347
368
370
398
400
425
488
499
513
543
555
561
565
571
572
611
616
618
643
650
655
658
664
685
736
766
863
865
887
97
104
108
132
140
164
177
199
227
230
241
245
247
252
259
269
279
364
367
441
455
467
478
494
500
512
564
580
586
590
599
608
615
617
628
635
648
702
715
722
726
730
743
744
746
747
772
783
817
861
131
204
210
223
249
267
268
278
293
304
319
334
336
372
388
389
396
404
443
504
521
537
569
570
587
602
621
638
659
680
681
707
712
717
721
749
754
774
786
822
845
847
869
870
872
875
888
93
98
119
134
138
144
146
170
182
198
221
261
263
346
365
379
424
433
439
472
477
484
491
549
630
637
651
665
697
739
751
758
770
792
796
797
864
866
883
901
74
82
87
189
205
206
207
217
238
243
251
310
385
474
517
539
541
559
560
568
573
578
629
632
646
656
723
741
777
782
805
806
816
917
75
84
149
150
201
226
236
242
301
314
354
371
422
453
471
485
507
529
542
657
663
675
677
705
731
734
735
738
755
765
767
810
830
840
871
886
889
78
112
185
188
228
244
284
290
357
390
510
649
809
843
851
899
915
68
71
94
96
99
106
139
184
297
325
402
405
522
524
612
691
699
794
831
832
111
127
130
194
220
271
308
313
451
515
547
589
654
671
683
711
787
789
790
808
815
823
837
853
862
885
83
109
110
137
190
193
321
380
575
610
661
678
753
760
764
813
824
828
829
836
842
844
867
878
892
79
277
457
552
585
692
716
718
781
804
846
848
856
876
73
128
348
355
416
689
724
725
841
50
113
219
302
493
518
686
706
779
799
803
891
121
523
574
662
800
825
834
884
921
59
67
76
86
89
129
162
191
292
469
593
732
742
763
833
929
62
69
72
248
288
548
604
58
652
673
826
857
879
881
908
92
819
860
895
904
53
66
323
729
893
100
613
795
912
914
920
926
46
48
49
81
684
818
900
52
710
827
903
64
77
877
927
944
950
70
85
768
897
918
936
937
939
644
905
925
890
906
54
60
65
896
916
930
933
934
938
752
910
924
928
931
759
907
940
956
859
922
932
949
960
51
911
913
902
935
952
958
38
41
919
945
56
61
946
898
909
942
953
55
923
47
941
37
42
947
32
45
39
30
954
43
943
40
57
31
955
965
63
951
962
44
948
970
36
968
973
967
27
28
19
34
969
35
29
22
977
961
981
13
985
17
972
976
989
25
3
15
5
964
975
18
20
21
974
979
980
993
10
16
987
966
11
12
7
24
988
2
26
978
986
4
996
9
971
990
963
983
997
991
999
982
998
6
835
409
423
123
894
679
408
436
821
611
873
286
341
543
959
274
14
261
406
528
343
750
33
149
558
371
430
812
411
501
192
208
375
166
331
837
447
807
115
300
382
394
737
639
753
305
892
281
994
128
299
566
778
442
527
762
643
412
304
603
397
446
647
746
104
124
269
125
316
339
489
530
758
866
93
134
159
270
376
486
502
870
385
424
461
466
559
596
318
538
291
531
420
422
496
497
805
74
118
282
529
23
666
830
200
584
741
575
624
886
915
225
418
294
320
107
556
889
540
591
671
862
878
366
458
653
574
828
897
96
155
265
550
178
348
483
788
480
147
482
856
333
350
197
448
488
728
740
736
775
80
278
800
246
370
425
783
995
204
500
537
602
685
826
140
747
131
252
465
495
324
742
744
861
250
330
336
557
599
98
117
855
319
338
367
444
484
630
356
453
680
875
251
470
490
638
687
869
144
346
357
505
522
525
578
860
69
150
280
373
637
868
41
81
257
201
240
363
464
646
351
438
506
547
160
195
211
391
407
456
545
727
917
85
229
462
582
829
193
301
342
765
808
303
315
335
588
814
823
183
309
358
414
660
780
867
46
156
173
248
256
272
359
450
475
561
655
718
794
832
110
142
143
162
218
455
824
275
322
368
555
849
88
105
177
249
259
295
590
784
852
880
927
289
344
349
443
491
554
607
642
760
39
79
167
172
174
803
838
73
113
121
146
216
221
268
354
415
417
625
101
135
185
377
473
534
651
848
931
353
532
546
770
786
881
325
381
435
459
510
548
649
717
734
798
145
235
287
314
347
378
402
451
478
520
589
592
609
748
883
888
916
940
38
75
154
345
352
485
498
669
769
820
851
90
102
122
153
184
264
332
700
844
871
922
78
132
190
202
209
323
389
432
440
571
579
690
709
716
774
802
909
114
302
492
606
756
785
859
932
0
51
138
161
186
234
262
293
355
372
542
549
627
681
702
725
763
230
260
283
317
404
413
441
479
521
563
593
645
656
696
789
850
935
71
141
152
387
396
400
419
431
452
564
585
618
749
882
66
119
151
187
241
296
437
460
535
544
676
726
739
840
196
313
636
715
757
817
893
95
126
165
620
738
120
364
390
499
693
699
721
764
816
845
879
49
266
312
426
427
568
570
572
576
674
776
811
45
89
116
224
297
398
434
457
533
581
745
139
206
217
507
594
622
629
677
733
773
947
179
180
214
276
306
518
601
605
610
667
678
751
815
858
164
168
467
511
668
772
864
933
56
72
103
157
285
329
410
516
541
598
604
614
658
665
854
863
100
169
213
463
469
474
644
657
712
743
872
94
198
445
761
839
904
67
284
401
729
831
836
942
61
290
403
519
621
713
787
887
910
223
298
326
362
386
552
616
731
847
890
929
60
65
82
86
429
595
633
673
675
688
952
271
524
562
632
755
818
934
374
388
487
600
701
853
48
92
395
634
691
723
792
810
857
914
941
247
513
613
720
383
384
416
476
652
771
796
827
842
663
683
697
703
768
781
801
884
944
50
148
227
307
308
515
698
722
791
83
454
539
619
682
930
59
70
137
277
334
361
477
494
730
901
99
236
779
790
846
891
899
905
920
42
68
136
393
567
583
659
732
926
171
512
523
834
896
189
207
232
503
809
874
311
321
628
672
806
907
109
233
617
692
53
87
97
111
449
551
205
504
608
752
263
468
735
877
921
925
226
379
399
493
577
906
956
210
238
635
885
237
686
526
949
36
243
267
822
58
946
133
288
631
958
795
865
112
337
654
707
514
127
694
777
191
428
626
62
220
835
436
648
695
615
409
37
423
766
900
825
876
950
8
679
244
661
894
954
804
123
245
406
222
640
343
553
611
650
341
543
586
274
408
945
405
873
903
360
528
708
965
821
812
203
261
273
908
231
305
750
799
936
43
286
371
558
149
76
968
913
281
639
310
471
807
442
192
369
714
928
960
208
481
895
411
530
837
430
331
753
566
943
115
199
375
166
472
447
77
973
394
643
412
124
269
128
382
819
188
892
339
300
565
758
130
737
778
647
446
501
304
299
63
489
762
466
527
340
397
182
270
596
559
108
424
603
746
502
13
421
175
104
376
385
866
538
134
380
496
422
953
316
531
529
93
461
573
805
870
15
497
587
318
420
666
125
684
624
418
575
970
282
291
486
741
788
830
159
556
584
482
591
74
320
671
828
200
433
509
219
294
637
348
574
225
480
540
458
915
366
653
919
118
488
29
255
550
522
897
107
425
886
465
889
350
545
602
862
197
252
333
728
265
272
370
453
685
740
759
878
147
155
163
258
484
555
599
689
736
742
976
246
278
346
448
483
500
547
718
96
275
280
490
589
783
800
856
967
256
319
357
443
495
638
775
80
98
178
456
470
24
229
242
324
462
508
525
649
655
747
826
117
204
330
356
630
660
40
251
646
687
744
131
336
367
444
498
537
140
144
193
240
250
338
358
506
557
680
150
248
301
423
582
588
260
323
342
373
436
475
560
578
211
257
264
303
391
409
478
532
598
600
609
679
765
249
276
554
561
748
861
902
955
142
158
212
218
341
363
381
455
464
491
499
690
700
727
867
5
146
160
274
359
505
510
528
546
750
794
829
835
860
16
162
201
202
259
322
368
407
438
473
571
611
167
185
343
351
402
406
450
485
541
558
618
693
721
760
808
824
855
868
938
156
221
302
534
563
590
651
734
769
823
875
262
286
309
313
344
479
542
606
607
623
717
780
803
814
1
143
209
295
315
335
377
408
435
441
451
459
543
548
568
715
716
764
786
832
869
91
183
195
261
521
530
535
642
656
669
784
873
924
35
73
85
123
170
174
223
224
239
317
325
492
592
625
629
657
688
702
770
41
161
173
237
268
314
349
352
378
414
549
674
676
709
713
743
785
821
883
81
121
345
564
696
725
751
753
789
793
807
812
816
69
110
355
415
432
570
585
593
620
658
659
662
668
820
838
105
149
152
172
266
281
353
371
389
520
552
579
622
636
681
726
749
813
843
894
135
194
198
208
296
305
434
467
469
627
652
776
852
192
283
347
417
442
518
604
722
739
756
792
798
849
880
888
55
57
177
216
440
507
639
677
701
761
850
917
918
145
206
306
332
354
400
413
431
513
613
632
683
763
837
848
987
46
126
181
190
293
331
372
375
581
614
645
699
710
729
768
774
787
802
831
840
871
88
113
122
165
217
290
298
396
437
445
544
601
605
667
697
732
52
101
154
166
474
539
664
678
698
738
773
818
996
78
79
196
230
235
241
404
419
430
447
511
524
617
621
663
731
745
851
853
132
215
277
514
576
583
610
643
692
712
771
811
981
34
102
114
169
289
426
452
733
758
844
51
115
164
263
329
364
411
516
566
608
619
691
735
737
882
922
962
11
153
179
186
214
234
287
394
562
757
778
839
842
881
184
334
382
398
457
594
633
665
703
31
75
138
207
269
307
312
517
577
2
84
328
387
390
412
503
705
755
879
911
927
934
90
253
284
285
460
477
635
644
673
845
931
39
92
106
139
176
308
362
399
427
572
781
790
817
28
71
187
297
339
383
515
647
675
682
707
779
796
864
909
119
148
271
403
836
854
940
947
966
26
50
66
72
116
120
168
706
723
752
804
810
815
929
124
203
670
782
806
859
916
128
141
439
616
661
827
21
94
157
300
395
429
512
533
595
893
151
337
487
708
730
777
892
961
386
720
825
44
67
95
180
213
388
401
567
932
10
56
299
446
489
762
841
847
951
991
494
519
634
872
904
100
103
476
504
650
822
933
935
45
304
326
416
463
586
799
863
454
526
536
896
38
109
360
384
428
527
628
654
772
999
379
449
501
551
858
885
979
49
54
267
369
410
466
910
20
321
714
857
12
27
89
189
468
523
615
719
834
60
127
136
891
311
997
87
711
977
397
905
920
985
986
672
846
6
59
361
898
393
876
887
36
956
42
68
83
884
25
30
53
890
874
899
964
61
801
819
7
22
86
865
111
942
952
76
112
23
48
137
989
374
199
877
926
17
236
766
941
944
946
958
3
596
767
948
980
791
939
809
983
392
914
993
37
82
913
686
936
950
907
70
227
247
244
471
210
231
559
923
900
978
908
912
906
990
746
901
270
62
99
288
998
238
866
65
895
930
988
14
648
205
974
994
949
968
493
424
603
104
982
973
385
805
529
321
336
338
347
366
377
385
394
408
411
414
416
417
428
430
436
438
440
441
452
458
461
463
465
470
471
474
476
478
481
494
496
497
501
547
554
572
573
575
582
588
591
592
594
595
602
604
610
614
617
619
623
625
626
632
636
645
648
650
654
661
662
669
677
680
682
686
716
144
149
161
181
187
189
192
194
195
201
203
205
208
214
221
223
224
227
228
230
231
234
240
242
248
250
257
262
263
265
270
272
277
278
280
283
287
290
292
293
307
312
313
314
318
323
330
331
340
348
349
364
370
371
397
400
415
422
425
426
427
429
431
435
444
445
451
455
459
485
498
499
500
504
507
509
511
512
517
519
520
521
526
530
532
536
537
539
544
545
546
553
557
566
571
576
587
589
603
609
615
633
634
640
642
643
649
651
656
660
665
674
675
678
687
689
690
702
712
717
722
727
733
734
740
744
745
753
758
760
772
774
777
778
779
786
798
800
805
825
827
830
831
832
844
846
848
855
873
13
15
24
33
39
45
47
48
49
50
54
56
59
68
71
73
75
77
79
81
86
88
89
95
96
99
100
102
103
108
109
113
115
116
118
121
124
125
129
138
140
142
147
148
150
155
159
166
173
177
179
182
184
190
191
197
198
199
200
202
207
212
215
218
229
233
235
237
238
239
243
246
249
251
252
253
254
255
256
258
259
260
261
264
266
267
268
269
271
273
274
275
276
279
281
282
284
285
286
288
289
291
294
295
296
297
298
299
300
301
302
303
304
305
306
308
309
310
311
315
316
317
319
320
322
324
325
326
327
328
329
332
333
334
335
337
339
341
342
343
344
345
346
350
351
352
353
354
355
356
357
358
359
360
361
362
363
365
367
368
369
372
373
374
375
376
378
379
380
381
382
383
384
386
387
388
389
390
391
392
393
395
396
398
399
401
402
403
404
405
406
407
409
410
412
413
418
419
420
421
423
424
432
433
434
437
439
442
443
446
447
448
449
450
453
454
456
457
460
462
464
466
467
468
469
472
473
475
477
479
480
482
483
484
486
487
488
489
490
491
492
493
495
502
503
505
506
508
510
513
514
515
516
518
522
523
524
525
527
528
529
531
533
534
535
538
540
541
542
543
548
549
550
551
552
555
556
558
559
560
561
562
563
564
565
567
568
569
570
574
577
578
579
580
581
583
584
585
586
590
593
596
597
598
599
600
601
605
606
607
608
611
612
613
616
618
620
621
622
624
627
628
629
630
631
635
637
638
639
641
644
646
647
652
653
655
657
658
659
663
664
666
667
668
670
671
672
673
676
679
681
683
684
685
688
691
692
693
694
695
696
697
698
699
700
701
703
704
705
706
707
708
709
710
711
713
714
715
718
719
720
721
723
724
725
726
728
729
730
731
732
735
736
737
738
739
741
742
743
746
747
748
749
750
751
752
754
755
756
757
759
761
762
763
764
765
766
767
768
769
770
771
773
775
776
780
781
782
783
785
788
790
791
792
795
797
799
801
802
804
808
809
810
813
814
815
817
819
820
822
826
829
833
836
837
839
841
842
847
849
853
854
860
861
863
867
877
881
882
883
887
888
891
892
893
896
898
907
909
910
918
921
924
927
932
934
935
936
943
949
964
967
968
978
987
991
0
1
2
3
4
5
6
7
8
9
10
11
12
14
16
17
18
19
20
21
22
23
25
26
27
28
29
30
31
32
34
35
36
37
38
40
41
42
43
44
46
51
52
53
55
57
58
60
61
62
63
64
65
66
67
69
70
72
74
76
78
80
82
83
84
85
87
90
91
92
93
94
97
98
101
104
105
106
107
110
111
112
114
117
119
120
122
123
126
127
128
130
131
132
133
134
135
136
137
139
141
143
145
146
151
152
153
154
156
157
158
160
162
163
164
165
167
168
169
170
171
172
174
175
176
178
180
183
185
186
188
193
196
204
206
209
210
211
213
216
217
219
220
222
225
226
232
236
241
244
245
247
784
787
789
793
794
796
803
806
807
811
812
816
818
821
823
824
828
834
835
838
840
843
845
850
851
852
856
857
858
859
862
864
865
866
868
869
870
871
872
874
875
876
878
879
880
884
885
886
889
890
894
895
897
899
900
901
902
903
904
905
906
908
911
912
913
914
915
916
917
919
920
922
923
925
926
928
929
930
931
933
937
938
939
940
941
942
944
945
946
947
948
950
951
952
953
954
955
956
957
958
959
960
961
962
963
965
966
969
970
971
972
973
974
975
976
977
979
980
981
982
983
984
985
986
988
989
990
992
993
994
995
996
997
998
999
435
500
566
281
299
348
397
398
415
418
455
459
464
466
499
530
545
578
603
637
295
296
313
314
315
320
323
343
349
356
357
368
370
371
373
379
400
404
406
413
417
422
425
426
431
436
444
448
457
461
465
478
480
482
483
485
495
504
506
507
510
511
515
518
522
528
531
537
538
539
541
548
552
558
559
575
576
584
585
589
591
593
609
616
624
633
638
643
649
651
656
674
248
252
268
272
280
284
324
331
335
337
339
346
358
363
364
372
380
382
386
387
388
390
394
396
401
402
403
410
412
416
421
438
439
441
442
443
446
450
451
458
460
467
468
472
477
479
490
493
498
502
505
512
513
519
520
521
523
526
533
544
546
547
555
557
570
581
587
588
590
597
599
601
620
622
627
630
640
642
644
646
647
660
665
666
673
676
684
687
690
693
702
712
725
727
731
738
744
747
757
763
783
204
208
249
251
255
256
259
260
271
274
282
289
293
300
303
305
308
309
311
318
332
334
351
355
359
361
369
374
376
378
383
395
405
411
419
423
427
428
432
433
447
449
454
473
476
481
489
491
496
509
517
532
542
560
565
569
571
582
586
598
600
605
606
613
615
619
625
652
655
658
663
668
675
680
681
689
692
698
701
715
720
722
726
728
729
732
733
735
736
756
769
776
780
807
808
837
155
159
166
173
177
186
190
193
196
200
218
229
233
235
237
238
240
246
250
264
275
277
279
285
287
290
297
298
302
312
322
330
336
338
341
344
360
362
381
384
392
393
407
408
429
437
445
456
469
486
492
494
497
501
503
508
525
536
550
551
553
556
563
564
580
583
595
602
610
618
621
626
628
629
631
634
639
641
654
664
678
685
688
691
696
703
716
721
734
739
743
749
750
752
753
755
758
759
761
765
766
770
771
773
777
778
784
786
791
795
796
798
802
803
804
814
822
836
146
165
174
179
184
185
198
199
201
213
221
226
231
234
243
245
247
266
269
273
276
283
288
304
325
326
328
329
340
350
352
366
385
391
399
430
440
452
463
471
487
524
535
554
572
596
612
635
636
645
661
671
672
683
694
695
697
699
700
707
708
709
710
711
713
723
730
740
748
754
760
768
775
785
801
810
823
826
829
840
842
847
861
866
124
128
131
142
148
167
169
180
183
188
191
202
209
219
220
223
230
232
239
253
254
258
262
267
292
306
307
321
327
365
389
414
424
470
484
516
540
562
573
594
608
617
632
653
657
659
667
669
686
704
705
706
714
717
718
719
746
751
762
774
799
800
806
812
817
818
832
838
839
843
848
851
860
864
867
125
140
147
152
164
170
181
207
222
225
236
241
244
263
265
278
301
316
342
347
353
354
377
474
488
534
574
592
604
614
670
772
789
794
805
809
811
813
815
820
824
827
849
853
854
858
862
98
104
113
117
138
139
149
153
168
172
176
178
182
214
216
217
227
228
257
294
317
319
462
475
543
549
607
623
648
679
745
764
779
797
819
825
831
841
852
855
859
863
879
881
890
897
79
87
102
109
111
112
120
134
135
143
150
156
158
161
162
192
206
211
270
286
310
367
375
409
529
650
677
724
787
830
833
850
857
868
871
877
887
889
898
910
69
72
75
89
94
95
114
115
116
118
119
130
136
144
145
171
194
195
205
210
212
224
242
345
453
514
527
561
682
737
834
872
878
882
883
888
896
904
80
83
86
90
96
97
105
106
107
108
126
129
187
189
203
215
333
420
577
579
611
662
741
742
828
844
845
846
856
865
874
880
884
892
893
909
917
922
46
62
65
73
74
78
82
85
88
92
99
110
121
261
291
835
870
873
876
885
891
894
899
903
920
921
930
53
91
101
163
197
434
767
792
821
900
906
914
919
925
926
57
76
151
157
567
568
908
918
929
934
942
944
49
50
55
67
68
77
93
122
123
137
141
782
788
793
886
895
901
912
913
931
932
936
956
38
39
59
61
64
70
71
84
103
127
781
875
923
924
948
954
973
26
37
51
54
58
63
100
160
816
915
928
939
945
958
962
966
28
35
36
56
66
81
133
154
175
790
869
935
946
947
953
959
961
965
968
978
22
29
33
34
40
42
43
52
907
927
943
950
955
963
975
996
21
44
45
132
937
949
952
960
977
979
994
2
10
12
14
16
47
902
940
976
990
0
7
11
24
48
905
911
964
967
986
993
3
6
13
23
951
969
972
985
987
988
991
997
60
916
938
998
1
5
17
41
941
982
19
20
31
933
989
992
18
957
984
999
4
8
9
30
32
974
983
25
27
970
971
981
15
995
980
281
500
566
397
371
466
578
637
299
343
415
603
638
348
435
545
558
559
643
406
418
422
436
464
528
530
531
548
320
398
448
480
538
584
624
314
331
356
357
455
482
483
506
510
522
585
747
268
274
295
323
346
382
425
446
459
499
515
518
575
589
593
599
646
649
807
339
349
358
368
373
461
495
647
783
837
248
252
300
370
394
423
442
444
447
485
502
555
590
591
630
644
666
763
208
296
313
315
341
376
379
404
412
457
465
537
552
609
627
651
725
282
284
305
363
400
413
417
489
490
541
633
728
736
744
750
204
309
324
364
402
426
443
450
478
505
507
523
639
656
687
727
193
246
251
272
280
359
372
387
390
431
451
458
460
479
557
576
655
673
778
259
289
303
335
355
411
467
547
556
570
642
660
674
753
758
780
808
155
166
249
308
351
396
438
491
498
513
539
542
550
665
685
702
803
866
159
269
304
318
332
416
520
616
622
652
671
676
680
690
715
731
738
749
765
769
128
271
378
456
486
496
521
533
546
571
588
601
681
712
756
757
775
823
826
200
311
336
337
344
403
407
408
469
473
477
493
581
596
598
606
613
620
693
726
762
784
798
177
229
302
322
350
386
441
501
504
525
544
625
721
729
739
770
776
812
814
829
173
201
218
235
250
256
275
297
334
381
385
388
419
424
432
497
582
618
668
732
733
746
796
836
860
264
330
391
395
401
410
427
430
454
492
511
564
602
629
716
722
760
131
146
174
184
185
190
240
260
293
338
366
437
532
540
587
658
663
684
692
734
740
786
800
867
186
288
290
325
352
380
384
468
472
519
543
563
605
640
653
675
678
679
699
718
777
861
862
374
574
628
696
700
735
748
755
794
802
848
897
165
196
221
225
298
301
316
433
484
560
583
621
698
701
773
785
805
818
124
140
147
285
294
306
329
354
360
361
389
409
421
476
487
488
503
524
610
688
691
709
743
768
824
832
149
198
278
312
342
362
428
449
851
104
183
209
277
287
319
383
405
481
535
600
657
683
689
703
752
761
774
817
840
125
134
167
234
247
286
326
375
526
635
720
789
142
178
192
202
255
262
267
283
353
367
393
429
439
445
470
512
529
565
717
751
795
811
838
859
98
179
226
230
236
241
265
369
414
440
508
554
562
611
645
659
667
697
713
737
810
864
180
213
237
266
276
347
377
452
475
494
631
723
730
771
830
847
852
881
117
148
233
238
261
270
273
534
615
619
654
669
764
806
842
849
879
889
113
162
172
211
216
217
462
516
607
741
835
69
223
257
328
453
572
592
636
742
759
815
820
822
827
828
839
878
150
152
164
243
317
463
595
672
710
772
791
804
853
855
856
890
115
138
153
199
333
420
594
632
634
831
858
868
892
118
139
156
206
231
340
509
527
549
551
586
604
854
894
143
169
214
245
291
307
321
517
779
801
843
850
871
873
79
191
195
263
345
561
787
821
922
144
219
399
471
677
707
745
857
96
107
244
617
766
809
825
870
74
80
135
161
207
220
474
573
614
664
686
845
168
197
310
579
626
909
85
102
110
123
109
569
834
844
888
893
917
72
90
120
145
608
661
799
880
883
89
187
188
910
46
75
105
114
119
121
232
392
708
819
94
224
788
863
877
896
904
641
73
93
205
434
553
87
88
227
882
886
577
884
210
279
872
101
181
846
78
95
189
694
792
887
65
514
568
83
86
111
116
182
931
82
695
875
39
112
160
914
930
126
915
932
92
170
612
648
942
108
136
567
816
869
38
81
141
154
885
62
934
36
51
122
151
254
920
781
813
49
926
61
682
876
891
944
222
281
67
947
973
132
66
99
258
874
898
927
157
906
925
935
100
790
371
899
53
97
500
929
968
566
940
921
956
996
130
137
343
103
558
41
45
56
292
70
397
841
406
528
913
954
71
106
536
559
916
436
466
901
643
900
637
26
299
348
127
603
13
837
422
578
952
807
37
50
423
946
976
638
274
530
907
991
341
531
545
331
903
961
2
16
29
538
994
382
163
24
76
624
714
575
584
448
480
905
42
447
35
320
482
966
60
208
647
59
933
300
978
919
750
548
965
747
394
753
941
522
446
999
418
950
967
128
949
997
5
461
783
987
357
339
415
425
464
778
166
646
866
10
599
639
346
958
442
502
990
666
412
252
15
68
7
986
34
411
483
376
630
649
43
758
12
506
897
305
591
63
370
323
489
943
812
589
248
269
282
979
826
28
356
728
21
204
304
736
679
671
149
744
543
762
537
455
408
48
860
246
928
11
862
409
894
981
977
159
155
510
193
57
746
424
835
892
104
251
385
556
611
873
495
268
261
803
318
444
458
501
373
496
765
805
286
314
430
555
596
680
574
685
134
324
363
375
490
550
808
123
192
889
358
547
687
725
737
249
295
593
718
727
828
740
800
497
309
316
336
821
861
115
200
366
540
131
124
294
529
823
830
763
775
465
651
741
829
147
303
780
225
350
368
602
259
660
330
371
585
878
125
402
488
655
338
343
351
456
484
742
788
69
140
281
867
870
250
270
278
280
291
423
436
590
557
700
784
406
491
185
319
322
344
794
856
74
391
588
832
341
848
118
201
229
299
417
527
528
653
14
274
381
438
642
769
96
177
178
397
80
331
349
443
770
265
466
643
824
98
333
256
407
470
518
807
359
530
571
750
786
859
79
93
208
953
107
257
404
478
945
150
558
760
420
446
447
453
459
734
837
886
970
221
289
301
367
412
442
505
525
566
814
879
117
173
339
398
142
197
305
313
546
625
656
785
167
172
202
325
450
520
542
639
702
855
39
85
144
146
240
315
320
376
396
475
480
538
624
676
715
756
162
183
372
390
748
881
190
275
354
482
483
922
211
578
717
726
749
235
272
302
342
462
570
582
620
637
113
166
174
184
262
451
554
915
209
394
457
498
753
778
287
389
485
489
541
606
738
849
868
46
73
143
195
214
224
234
413
418
647
798
378
609
743
757
230
425
500
559
584
851
909
293
521
747
789
812
917
266
441
599
716
783
883
78
160
218
264
282
355
461
479
545
51
486
552
592
758
364
382
531
561
690
764
802
880
888
156
346
353
603
630
644
652
666
679
875
101
110
121
203
440
646
696
852
936
575
607
728
186
269
345
422
460
681
105
128
300
414
658
699
40
591
627
866
260
297
535
88
304
776
904
448
604
356
427
638
674
817
81
145
871
41
223
492
669
721
736
931
995
348
564
774
165
432
502
636
713
998
36
89
135
187
415
733
947
317
403
452
836
840
38
411
473
532
543
677
693
357
499
522
102
153
507
576
284
347
649
869
6
95
581
610
645
149
204
283
464
534
838
850
858
33
271
729
169
252
431
589
663
927
168
335
932
665
773
75
132
216
815
847
549
844
890
731
164
437
671
952
72
934
22
120
114
217
910
929
942
988
148
511
616
816
940
138
206
688
826
622
629
810
152
213
362
523
882
92
94
712
58
893
248
141
820
956
119
709
897
285
506
572
370
67
493
594
842
196
198
435
533
916
377
90
126
563
45
49
66
154
400
598
698
831
61
276
37
701
896
920
408
935
151
241
387
516
519
614
762
884
985
732
772
122
426
691
434
548
601
668
678
933
71
83
290
455
633
42
161
579
723
827
863
864
296
811
845
854
914
87
386
673
401
906
410
524
667
697
887
312
334
416
632
682
771
818
246
768
247
568
857
469
618
960
707
13
388
409
755
659
787
874
930
463
686
781
796
946
806
227
329
515
595
694
730
846
65
139
474
619
894
82
86
238
537
613
968
600
958
323
494
744
792
116
383
544
703
993
179
180
237
306
745
157
226
361
675
801
862
326
739
891
210
621
872
905
695
220
567
692
321
374
476
944
103
790
791
809
973
62
512
654
860
901
111
449
650
628
779
834
236
277
513
835
925
244
419
853
900
159
393
551
56
60
100
263
795
233
298
395
583
761
899
908
921
926
352
429
634
885
948
964
136
611
839
877
913
941
813
895
996
70
562
0
155
337
683
873
467
539
661
68
191
596
261
503
903
918
24
59
16
133
193
436
487
640
892
907
307
657
962
29
273
286
424
526
722
746
20
112
751
805
821
949
950
577
955
976
965
5
48
109
123
343
423
428
445
954
281
311
788
825
902
15
468
530
752
966
50
454
496
501
27
430
608
967
989
137
245
305
341
385
104
192
574
648
380
680
299
332
366
371
375
405
477
765
828
242
308
617
737
987
381
605
635
379
444
750
232
294
528
643
951
77
124
804
876
939
53
339
470
497
991
63
200
268
270
274
288
363
406
558
639
740
799
938
961
280
412
481
495
807
527
556
207
446
662
318
566
679
384
471
538
115
489
637
766
182
225
394
442
830
466
80
134
344
447
812
889
189
324
655
718
780
208
229
269
758
267
331
490
547
647
837
980
108
700
529
741
753
943
251
316
418
979
3
43
291
356
461
870
624
99
482
483
775
978
330
545
96
404
458
525
777
28
438
555
571
34
69
166
195
514
778
999
125
402
550
666
997
320
728
800
803
867
256
265
684
397
593
727
131
358
543
660
878
861
886
239
258
338
360
420
107
243
425
540
915
35
725
769
784
2
74
76
990
118
491
147
319
584
742
928
98
295
215
488
93
128
856
912
972
974
303
205
249
456
272
300
351
472
602
52
462
559
346
376
382
30
144
184
465
653
924
240
502
986
275
417
865
350
685
301
373
736
188
309
11
26
149
336
603
868
646
172
484
304
422
117
399
278
575
696
720
764
127
510
922
599
808
981
167
586
919
140
177
829
866
174
359
322
832
994
333
411
983
480
783
794
798
282
504
630
651
855
879
51
97
173
824
937
39
202
302
498
531
687
197
649
785
817
79
453
25
160
235
353
31
7
73
185
250
10
264
297
443
591
623
46
368
849
201
582
642
367
747
349
819
85
190
230
743
880
146
150
175
178
522
875
448
715
848
41
314
348
475
578
823
211
391
23
354
500
652
770
421
859
917
464
479
971
12
257
260
557
156
187
588
162
289
681
713
113
259
317
486
546
620
638
541
756
313
609
717
883
142
209
407
748
224
342
590
869
947
183
221
262
357
589
81
91
110
171
252
505
204
389
325
793
255
517
532
690
760
310
364
413
606
656
931
315
450
521
554
625
671
852
219
534
561
814
78
163
734
786
143
214
345
485
101
440
757
776
909
932
328
478
518
218
499
585
607
789
881
927
287
509
520
542
672
674
676
234
378
631
293
408
414
451
570
592
782
165
473
415
576
888
121
372
492
693
702
749
763
9
223
231
283
347
441
459
580
645
897
153
370
506
716
726
102
427
838
222
432
669
851
36
88
105
168
409
871
615
850
390
135
186
266
721
738
145
396
403
826
844
169
507
284
398
457
564
629
774
248
847
38
815
75
452
581
699
72
216
340
560
622
627
636
929
355
604
658
802
934
460
773
132
626
677
762
894
940
423
552
114
436
21
835
95
120
535
406
729
341
442
455
528
611
816
841
261
281
706
138
335
343
431
558
822
126
164
433
549
904
196
286
437
533
610
840
213
435
573
598
709
882
89
192
371
424
466
530
663
246
587
708
836
274
375
430
527
548
688
733
130
679
821
305
394
482
566
873
152
271
397
916
501
511
563
788
911
123
161
362
400
412
643
206
444
496
601
639
92
208
270
377
572
596
665
731
862
896
217
290
299
447
497
553
556
148
331
385
489
616
893
366
420
529
537
543
647
812
154
155
383
446
538
655
807
842
890
269
280
294
545
624
644
42
318
381
438
700
750
200
547
574
707
57
203
418
483
942
952
119
170
241
363
600
737
753
805
159
637
746
820
935
115
225
323
339
525
910
425
555
66
141
166
320
387
680
714
830
936
268
401
469
858
892
316
837
45
124
193
523
765
778
55
291
550
728
758
90
358
584
701
461
579
659
666
344
594
49
212
402
540
618
660
828
982
84
330
376
703
94
285
324
356
456
470
490
524
602
744
775
83
134
426
495
125
295
300
741
568
740
780
810
61
595
698
977
458
491
559
565
725
953
104
122
265
382
718
831
889
933
249
502
860
914
195
613
712
771
199
732
854
319
727
845
519
691
131
416
229
96
334
386
697
276
338
723
74
128
256
864
107
251
867
67
139
71
781
863
151
668
149
488
870
238
361
614
692
515
346
419
769
915
37
277
306
667
784
474
571
800
969
80
98
653
736
742
745
296
673
404
772
827
599
646
93
272
806
818
118
198
275
434
544
803
886
923
956
13
493
603
465
973
144
487
69
82
373
516
705
811
970
304
147
352
429
117
157
449
462
301
303
422
735
878
958
583
856
8
887
263
476
930
329
678
44
184
494
755
17
593
768
861
58
792
968
350
539
884
513
575
562
685
920
503
633
866
417
484
312
351
56
764
941
925
621
100
411
787
829
282
508
682
336
567
116
628
309
480
796
40
632
657
393
824
445
651
739
905
531
868
65
86
24
467
783
307
337
197
247
453
683
853
906
577
649
846
6
60
794
179
298
608
73
359
877
946
779
16
103
945
181
901
15
808
591
926
630
140
661
761
839
857
46
236
369
832
68
443
855
675
872
54
959
885
242
278
50
922
167
240
333
874
944
70
785
522
722
210
582
498
39
891
48
510
976
696
111
322
348
589
51
834
899
22
41
687
949
961
751
798
917
686
996
180
191
308
79
776
671
883
650
368
954
801
59
654
747
326
743
988
150
235
428
950
960
297
367
967
409
759
795
681
715
879
85
825
252
471
770
823
897
965
907
752
500
226
826
987
605
436
173
410
209
211
894
423
835
264
804
817
341
609
753
201
463
873
177
250
53
220
679
136
174
717
611
716
578
302
637
760
261
162
202
454
408
638
931
669
530
274
325
353
448
932
875
81
237
625
762
558
758
342
207
850
160
528
113
185
204
821
790
991
172
267
588
371
642
869
947
690
788
43
246
406
778
876
814
224
281
557
837
652
998
269
192
859
849
286
5
178
655
357
656
529
620
28
777
208
647
486
734
190
840
314
750
375
543
643
394
343
391
848
748
313
666
619
807
737
466
830
927
636
702
479
123
828
331
506
746
805
183
763
909
230
740
538
995
259
541
482
187
29
756
888
110
624
294
407
424
166
556
892
63
142
512
546
981
812
726
842
566
381
545
447
221
862
561
559
481
430
193
527
315
414
435
486
257
335
351
418
501
533
672
240
287
305
413
419
429
607
636
690
143
200
333
408
442
516
562
670
117
157
171
178
299
412
483
801
124
222
232
256
265
272
324
326
339
376
410
420
432
436
544
603
709
821
152
168
183
266
275
286
316
338
343
397
438
450
465
473
476
495
526
566
583
597
606
614
627
694
696
757
151
158
159
161
167
174
218
258
280
283
291
312
318
330
356
373
406
446
463
466
489
514
530
534
554
619
634
642
668
695
714
720
761
835
838
849
855
88
116
118
120
126
148
172
215
239
250
270
274
296
332
352
363
378
387
391
392
444
459
464
490
496
509
511
531
532
557
579
596
601
625
676
701
704
719
745
750
91
107
114
125
186
202
216
311
328
342
366
407
431
440
461
470
487
497
502
505
525
535
536
538
558
582
592
595
600
623
645
647
687
703
748
791
820
95
122
135
145
153
156
175
195
212
282
294
317
331
337
358
369
381
395
409
411
423
445
449
452
454
460
468
506
528
551
563
567
666
669
700
708
713
727
814
858
868
115
123
179
181
187
196
208
211
213
229
260
276
298
306
344
345
349
360
361
375
377
383
386
394
401
403
415
430
456
508
540
545
546
550
556
591
598
620
631
639
667
674
693
698
728
733
771
776
780
784
812
852
880
80
90
103
105
133
141
142
155
160
166
169
173
192
224
225
235
262
303
320
353
362
374
382
421
428
437
458
479
482
503
519
576
577
584
588
609
622
624
640
653
679
682
740
769
773
785
793
807
811
97
102
136
147
163
165
176
233
253
285
289
300
340
359
370
384
393
399
417
427
434
447
448
462
475
480
481
492
553
581
605
618
633
641
660
688
737
756
762
772
854
894
87
108
154
180
197
214
254
255
281
307
309
327
350
367
398
400
426
498
499
513
520
543
555
571
594
611
616
626
650
655
664
685
775
788
798
863
874
882
74
101
104
132
140
146
203
227
231
234
252
273
295
322
329
334
341
347
368
388
396
404
425
441
478
488
537
561
565
572
580
587
599
608
617
628
638
643
680
702
715
730
736
744
746
778
786
802
839
850
75
82
98
119
134
138
144
164
177
199
209
230
246
247
264
279
336
364
372
439
443
467
500
512
564
569
570
586
590
615
630
635
648
658
722
726
743
747
754
783
845
865
869
873
887
84
93
131
198
223
245
249
263
269
278
293
304
346
365
385
433
472
477
491
494
504
521
602
621
637
659
665
681
697
712
717
721
739
741
758
766
774
797
822
861
870
875
68
112
149
182
205
210
217
237
241
243
259
261
267
268
310
319
379
455
484
541
542
573
578
632
651
656
707
723
796
817
866
901
170
204
206
221
236
238
354
389
390
424
474
539
549
560
568
629
646
663
675
677
731
734
738
749
751
755
765
770
777
792
805
806
872
883
888
917
78
94
96
106
139
189
201
242
284
314
357
371
405
422
471
507
517
559
711
767
809
810
831
847
864
886
889
915
71
130
150
185
244
251
297
301
313
453
510
657
699
705
735
782
790
816
840
851
73
83
99
111
127
188
194
226
228
290
321
485
524
529
589
671
691
764
789
815
823
830
832
843
871
79
110
137
184
207
271
308
325
380
402
451
547
610
612
649
654
661
683
794
837
50
355
522
575
585
678
760
787
808
829
853
885
899
109
193
457
493
552
692
716
718
725
753
813
828
848
867
59
89
113
128
190
220
277
348
416
515
689
779
836
841
842
862
878
892
58
67
76
121
302
469
686
763
781
804
824
846
856
891
921
62
69
72
518
574
706
742
803
834
844
876
53
129
548
604
662
724
800
66
86
92
162
219
248
523
593
652
732
799
825
884
929
191
288
292
833
908
46
48
673
860
881
893
920
49
100
323
729
826
857
904
950
52
81
879
912
77
895
900
937
70
613
684
710
818
819
914
926
60
64
85
795
927
939
918
936
944
65
768
827
897
877
925
54
644
903
928
930
51
905
934
956
906
924
933
938
56
759
890
907
916
922
940
952
958
960
38
41
752
902
910
911
949
61
859
896
913
898
931
932
935
945
946
55
942
919
953
909
37
42
923
32
39
47
941
45
947
30
57
31
43
943
954
40
955
965
63
948
962
951
36
970
44
968
973
27
19
28
34
35
967
969
22
29
972
985
17
13
25
961
977
981
964
975
976
989
15
3
974
5
18
20
980
16
21
979
993
10
966
987
11
12
988
24
7
26
2
978
9
971
4
986
996
963
983
990
959
991
999
997
982
998
6
14
835
33
409
423
679
123
894
611
23
408
436
821
543
286
341
873
994
261
343
149
406
274
528
750
558
371
430
411
331
208
501
812
375
447
192
394
837
382
737
166
300
639
115
753
807
281
305
892
299
442
566
778
128
412
643
762
304
603
104
746
376
527
647
124
269
339
397
93
385
866
134
316
446
489
559
758
125
159
530
596
270
424
461
466
870
74
291
318
486
496
502
538
422
741
118
531
805
282
420
497
529
666
320
575
915
830
200
584
886
107
225
556
624
366
418
889
96
155
294
540
591
653
671
995
178
458
550
574
878
348
728
740
828
862
265
448
480
483
788
897
147
197
333
350
482
488
278
856
80
204
425
537
685
736
775
140
246
252
370
500
744
747
783
131
324
465
495
599
602
742
800
826
0
117
250
330
336
356
98
319
338
346
367
444
484
490
557
630
638
861
875
69
144
257
453
578
680
855
81
251
280
357
373
464
470
505
525
637
687
860
869
201
363
391
522
150
351
462
545
646
868
85
160
211
240
315
335
407
438
456
506
547
582
41
195
229
301
303
359
588
727
765
829
917
46
156
309
358
780
808
814
823
110
142
143
173
183
193
248
256
272
342
414
450
655
718
794
832
88
162
218
275
368
455
475
561
660
867
105
249
289
295
322
443
590
824
849
852
880
79
177
221
259
344
349
354
377
417
491
534
554
555
760
784
927
389
415
473
478
607
625
642
73
90
101
121
146
167
172
174
268
353
803
838
113
135
185
216
378
532
548
649
786
798
848
296
332
347
352
381
435
459
520
546
589
651
770
881
75
102
145
235
314
325
402
419
451
485
510
592
609
717
734
153
154
287
345
432
627
669
748
774
820
883
888
122
132
184
323
387
440
498
542
563
690
700
769
802
851
871
78
138
161
190
209
262
264
302
317
400
571
709
844
931
38
71
114
202
234
372
492
516
579
606
716
725
739
756
763
785
39
152
186
283
293
355
413
426
441
460
479
544
549
564
576
585
593
656
681
696
702
916
940
51
66
165
230
241
260
404
431
437
521
618
749
789
922
119
141
151
187
306
312
364
396
434
452
467
499
645
745
811
850
95
126
196
313
535
636
676
721
726
764
840
845
882
893
206
533
568
570
715
738
757
816
817
859
932
49
120
390
398
507
620
693
909
935
116
139
266
427
469
518
629
667
699
751
879
89
157
179
217
224
276
285
297
410
457
541
581
598
601
668
674
733
776
103
180
214
326
445
487
572
594
605
610
622
657
665
677
772
94
168
562
614
633
678
773
864
60
67
72
148
164
329
429
658
854
858
284
290
463
474
511
524
552
644
688
712
743
761
815
831
836
839
863
100
169
198
384
454
600
604
872
904
933
56
82
223
298
362
476
673
729
787
45
213
401
403
513
515
621
890
901
86
386
519
713
731
792
796
847
853
929
65
395
416
503
583
595
632
887
8
61
109
236
374
675
701
722
755
818
827
934
271
308
477
616
672
910
942
947
48
634
652
683
720
723
781
790
952
83
92
247
307
388
619
659
801
857
914
205
334
383
449
494
539
567
613
628
691
697
771
779
810
50
227
263
288
311
635
698
703
768
777
842
87
171
379
514
730
846
884
944
136
137
189
277
468
577
663
682
834
891
926
70
267
393
523
617
791
874
899
59
99
207
232
321
526
692
97
361
732
905
930
941
68
226
233
504
551
806
896
920
237
512
735
53
111
210
337
399
885
907
127
809
877
428
752
493
608
906
921
925
42
340
631
686
956
865
238
654
825
112
481
949
62
175
220
231
243
640
795
648
822
958
36
58
133
191
244
707
310
946
626
876
108
472
615
835
360
76
158
222
245
573
694
409
436
509
650
766
950
423
565
695
553
804
900
369
661
199
679
405
894
123
203
273
708
37
421
587
903
611
471
341
408
543
873
586
799
819
821
945
714
380
188
343
936
908
286
406
219
913
954
182
433
163
261
274
623
255
528
960
895
968
149
965
750
558
371
928
508
973
43
812
13
684
430
258
411
208
943
281
331
447
192
375
753
837
15
394
382
300
501
560
639
737
166
566
807
128
647
115
530
559
976
442
643
778
304
603
892
953
269
305
762
299
527
746
466
489
529
758
919
29
385
970
63
422
538
339
376
397
424
575
666
531
637
741
412
461
496
556
77
104
446
497
502
545
596
788
125
316
591
624
486
584
124
270
318
348
480
671
830
866
134
574
805
828
967
93
130
328
488
522
24
282
294
320
425
653
291
420
458
465
482
870
118
242
252
333
350
366
540
550
602
1
200
225
275
448
453
589
728
775
159
197
265
346
490
555
599
685
718
742
74
278
443
484
655
740
800
301
319
357
358
418
456
462
638
649
736
744
918
16
98
147
500
537
557
660
897
5
246
324
356
359
483
783
793
40
107
117
155
272
423
470
630
747
759
862
915
178
251
391
409
436
444
478
495
547
600
646
687
856
886
889
91
204
229
506
525
582
689
760
826
843
878
80
96
131
140
144
201
250
256
280
323
336
338
367
373
505
588
609
679
680
902
150
193
249
295
303
330
342
370
377
455
475
541
561
690
748
808
211
218
257
335
341
378
407
491
499
554
578
627
700
765
835
938
156
315
389
542
598
727
764
867
955
142
170
202
259
286
296
306
363
473
498
534
546
548
563
611
782
794
829
146
239
240
317
322
352
438
450
469
510
571
618
721
860
861
924
987
161
162
167
185
221
351
368
408
464
590
651
659
693
734
824
195
274
302
309
313
344
381
419
435
485
528
543
688
769
814
823
110
260
262
276
332
343
406
441
451
459
516
568
629
652
669
716
780
855
868
873
123
143
160
173
248
264
400
417
467
492
521
532
535
549
607
642
656
717
750
770
786
798
803
832
875
57
73
183
224
261
268
314
325
387
487
564
583
592
625
702
792
821
869
26
35
85
223
414
434
437
518
558
570
585
606
674
676
710
713
745
784
785
816
852
911
52
84
121
174
181
266
345
349
415
432
576
620
657
725
743
751
883
894
79
105
106
148
263
347
355
402
426
520
544
552
622
633
658
709
715
767
81
135
153
198
290
353
354
445
539
562
579
681
749
789
820
838
996
69
90
101
152
289
440
514
668
726
756
777
41
102
194
216
298
340
431
479
601
696
774
776
880
888
206
212
217
283
372
439
460
507
513
614
722
739
848
849
981
55
126
139
177
209
396
613
667
677
701
761
813
850
871
917
34
113
145
149
190
241
293
452
581
605
635
645
683
692
699
787
840
46
88
122
154
237
284
449
474
481
503
511
517
577
593
608
665
729
738
763
768
802
811
844
72
165
196
230
312
697
732
773
831
78
132
138
214
235
364
371
413
429
476
621
663
678
698
731
851
2
11
114
277
285
326
329
337
404
472
515
712
771
818
853
172
179
215
234
533
536
610
691
790
51
164
186
287
457
636
733
757
779
842
882
922
966
31
157
334
398
703
735
781
796
839
934
95
253
307
308
427
454
524
567
594
662
664
670
845
75
187
203
390
392
468
477
825
879
881
893
927
931
961
184
254
297
379
399
494
572
604
644
673
705
708
864
28
71
176
362
384
587
707
755
991
383
403
573
682
817
827
836
67
92
94
271
288
360
632
641
672
854
929
21
119
120
141
151
311
526
628
812
815
909
940
962
50
89
103
116
386
551
616
661
675
810
935
947
39
66
169
310
752
804
932
951
395
595
806
859
916
979
999
180
416
523
410
463
509
586
650
706
720
723
109
163
188
255
369
388
401
519
819
60
512
730
841
904
977
56
127
236
615
634
654
847
10
12
76
267
997
44
428
834
863
872
896
933
985
87
100
199
504
38
213
617
772
799
822
846
876
986
45
182
189
321
619
858
910
20
27
61
885
891
83
136
158
231
54
857
49
108
205
393
964
207
6
920
22
361
956
42
175
374
714
890
874
884
899
905
23
68
129
168
244
493
86
210
471
711
801
887
989
36
82
3
7
53
59
421
980
25
112
926
17
942
238
952
111
137
950
958
877
631
946
983
48
640
62
901
978
993
766
941
944
430
865
936
247
913
809
791
948
990
30
70
908
988
914
930
227
695
907
37
648
208
998
14
906
939
411
900
753
837
895
65
191
565
99
281
994
949
719
968
331
380
971
375
923
912
219
33
394
447
898
192
973
982
527
315
486
257
414
435
240
287
335
351
418
501
533
607
672
305
413
419
429
516
562
636
690
143
200
333
408
483
670
117
157
171
178
222
256
265
299
324
326
412
432
436
442
544
801
821
124
232
266
272
286
316
338
339
410
420
438
450
465
526
566
597
603
614
627
709
152
168
183
275
330
343
373
376
397
446
463
466
473
476
495
514
530
534
557
583
606
634
642
694
696
757
761
838
151
158
159
161
167
172
174
215
218
239
258
274
280
283
291
296
312
318
352
356
406
444
470
489
531
532
554
579
601
619
625
668
695
714
719
720
750
835
849
855
116
118
125
126
148
186
202
216
250
270
328
332
342
363
378
387
391
392
407
431
440
459
461
464
487
490
496
502
505
509
511
525
535
536
538
558
592
595
596
600
623
645
676
687
703
704
745
748
88
91
120
135
175
195
212
311
317
331
337
366
381
409
423
452
454
460
497
506
528
551
563
582
647
666
701
708
727
791
820
107
114
122
145
153
179
181
187
196
208
211
260
282
294
344
345
349
358
360
369
375
377
383
386
394
395
411
445
449
456
468
545
546
567
598
620
631
669
700
713
733
776
812
814
858
868
95
115
123
155
156
160
166
169
173
192
213
229
235
276
298
303
306
353
361
374
401
403
415
428
430
458
508
519
540
550
556
576
577
584
588
591
609
622
624
639
653
667
674
679
682
693
698
728
737
740
769
771
780
784
811
852
880
103
105
133
141
142
176
224
225
233
300
320
362
382
393
399
417
421
437
447
462
479
480
481
482
503
553
581
618
633
640
641
660
688
756
773
785
793
807
854
894
80
90
102
136
147
163
165
180
253
254
262
281
285
309
340
359
370
384
427
434
448
475
492
498
513
520
555
594
605
611
616
626
655
685
762
772
788
97
108
154
197
214
231
252
255
273
289
307
322
327
334
347
350
367
398
400
425
426
441
488
499
537
543
561
565
571
572
580
587
599
608
617
643
650
664
680
702
744
775
778
798
839
850
863
874
882
87
101
104
132
140
146
177
203
209
227
230
234
246
247
279
295
329
341
364
368
388
396
404
467
478
500
512
564
569
586
590
628
630
638
715
722
730
736
746
747
754
786
802
873
74
75
82
119
134
138
144
164
198
199
223
263
264
269
278
304
336
365
372
433
439
443
491
494
504
570
615
621
635
648
658
659
712
726
739
743
758
766
783
822
845
861
865
869
887
93
98
131
182
210
217
221
237
245
249
261
267
268
293
310
346
379
385
472
477
484
541
578
602
632
637
651
656
665
681
697
717
721
741
774
796
797
817
870
875
84
112
170
204
205
238
241
243
259
319
389
390
424
455
521
539
542
560
568
573
707
723
749
751
755
765
777
792
805
806
866
888
68
149
189
201
206
236
354
371
405
422
471
474
517
549
559
629
646
663
675
677
731
734
738
767
770
810
847
864
872
883
901
917
78
94
96
139
150
207
228
242
251
284
313
314
357
453
507
510
529
657
711
735
782
809
816
851
886
71
99
106
127
130
185
188
244
290
297
301
524
671
691
699
705
790
830
831
832
840
871
889
915
83
110
111
184
194
226
271
308
321
402
485
589
610
612
649
764
789
794
815
823
837
843
73
79
137
325
355
380
451
522
547
575
585
654
661
678
683
787
808
193
220
457
493
552
689
692
716
718
760
828
829
853
885
899
50
109
190
348
515
725
753
779
813
842
848
862
867
892
113
128
277
416
686
763
781
836
841
846
856
878
59
67
76
89
121
302
469
518
706
803
804
824
834
844
876
891
58
69
72
523
574
662
742
921
62
129
162
219
288
548
604
652
724
800
825
53
86
191
248
292
593
732
799
833
884
929
66
92
673
323
826
860
881
893
908
46
48
49
100
857
920
52
81
613
684
729
879
904
950
77
710
795
819
895
900
912
818
914
926
937
64
70
927
60
85
827
918
939
944
897
936
65
644
768
877
903
925
54
928
930
905
956
51
759
890
906
924
934
938
907
910
916
922
933
940
952
960
56
752
859
949
958
38
41
61
896
902
911
913
931
932
945
898
935
946
55
942
919
953
909
37
42
923
941
32
39
47
947
45
30
57
31
43
954
40
943
955
965
63
951
948
962
970
36
44
968
973
27
19
967
28
34
35
969
22
29
972
17
13
981
985
961
977
25
964
976
975
989
15
974
3
5
18
20
980
16
21
966
979
993
10
987
11
12
988
24
7
26
2
971
978
9
963
4
986
996
983
990
959
991
999
997
982
6
998
14
835
33
409
423
23
679
123
894
408
436
611
821
286
341
543
873
994
261
343
406
528
274
558
750
149
371
411
430
501
208
812
331
375
166
192
447
837
394
382
639
115
300
737
753
807
305
281
643
299
566
762
778
892
442
128
412
603
304
527
746
104
339
397
647
758
124
316
385
489
269
376
446
466
502
530
559
866
125
134
270
461
596
93
159
291
318
486
870
74
422
424
496
538
420
497
529
531
118
741
805
575
584
666
624
830
915
282
320
556
886
995
107
200
225
418
294
366
458
540
671
889
348
550
591
878
96
155
483
574
653
828
0
178
265
480
728
740
862
333
448
482
488
736
788
897
147
197
278
350
775
856
537
685
747
783
80
140
204
370
425
465
500
602
742
744
246
252
324
330
495
557
599
800
117
131
336
356
630
826
861
98
250
319
338
444
453
484
490
638
680
367
373
470
522
525
578
637
687
855
875
69
144
251
257
280
346
357
391
464
505
860
150
201
351
363
438
545
646
868
869
81
211
240
315
335
407
456
462
506
582
160
195
301
359
547
727
765
229
303
414
588
808
814
823
829
917
85
156
173
183
193
309
342
358
450
660
718
780
46
110
143
248
256
272
275
455
475
561
655
794
832
867
41
142
162
218
295
322
368
377
760
824
852
88
105
289
344
349
417
443
491
534
554
555
590
607
784
849
880
79
177
221
249
259
354
389
415
478
625
642
101
121
146
167
172
174
353
378
473
548
798
838
927
73
90
113
185
216
268
347
352
532
786
803
848
135
296
332
381
419
435
459
510
546
592
649
651
770
881
235
287
325
345
440
485
520
563
589
609
627
717
734
8
75
102
145
154
314
317
387
400
402
451
498
542
669
748
769
774
844
883
888
153
323
432
690
700
802
820
851
871
122
132
138
161
184
190
202
209
262
264
492
516
544
571
576
579
606
709
739
78
114
283
302
372
413
441
460
479
564
585
716
725
749
756
785
931
71
152
186
230
234
260
293
355
426
437
549
593
618
681
696
702
745
763
940
38
165
364
396
404
431
452
467
499
521
535
645
656
789
850
916
66
119
141
151
187
196
241
312
313
434
533
764
811
816
845
893
922
39
51
306
568
570
636
676
721
726
817
859
882
95
126
206
390
469
507
518
620
715
757
840
120
217
398
445
562
601
629
693
699
738
935
49
139
157
179
214
266
285
427
457
487
541
572
594
598
667
668
674
751
776
932
116
180
224
297
326
410
622
633
657
665
678
733
772
864
879
909
103
148
168
276
454
581
605
610
614
677
89
94
164
329
429
463
658
773
858
60
284
290
476
511
524
604
688
815
831
836
839
854
67
72
169
298
384
474
644
712
863
223
513
552
600
743
761
792
872
904
82
100
198
213
503
515
583
621
673
729
787
933
362
386
401
403
632
796
56
86
236
288
308
416
519
595
722
818
847
853
887
890
901
929
65
271
395
477
675
713
731
790
45
247
374
567
616
672
701
755
827
61
109
311
449
539
652
683
934
205
334
388
494
514
613
628
634
635
659
723
781
801
910
914
942
947
48
83
267
307
379
619
691
720
771
777
779
810
857
952
92
263
703
842
846
87
227
383
393
468
523
697
730
768
926
50
171
189
277
526
577
663
698
834
884
136
137
232
551
682
944
70
99
207
321
617
692
791
874
891
899
97
361
504
732
806
59
233
512
905
930
68
226
920
941
127
210
237
337
428
735
885
896
53
111
399
493
907
809
752
877
631
340
481
825
231
608
906
921
925
175
686
238
956
62
112
310
640
865
108
220
949
42
243
654
795
244
360
822
958
133
648
876
158
191
707
946
58
615
626
36
472
835
222
509
587
245
766
436
565
573
409
950
76
273
804
553
650
423
900
199
405
471
694
695
708
203
421
679
255
163
369
894
123
182
661
903
37
433
508
611
543
586
799
341
819
408
380
821
873
945
623
954
913
936
908
406
286
895
188
960
261
968
343
528
274
965
219
558
258
149
371
714
750
928
684
973
43
13
560
943
411
812
430
208
375
192
447
281
394
501
753
837
15
331
382
166
300
639
737
530
566
807
559
643
647
115
976
128
603
778
953
130
304
762
919
305
442
269
466
489
527
529
746
758
892
299
328
385
422
538
970
63
424
1
339
397
502
531
575
666
446
461
496
497
545
556
741
788
125
316
376
412
596
624
637
29
104
486
584
591
270
318
77
480
671
124
348
522
828
830
134
294
333
488
574
805
866
967
93
242
282
291
320
420
425
458
465
482
653
918
24
540
550
602
870
118
225
252
275
350
366
728
775
200
448
453
589
599
685
159
197
265
346
358
490
655
740
793
800
74
278
301
319
357
418
443
462
484
500
555
557
649
718
736
742
744
