49.0
49.1
49.3
49.3
49.3
49.3
49.4
49.4
49.5
49.5
49.5
49.5
49.5
49.5
49.6
49.6
49.6
49.6
49.6
49.6
49.6
49.6
49.7
49.7
49.7
49.7
49.7
49.7
49.7
49.7
49.7
49.7
49.7
49.8
49.8
49.8
49.8
49.8
49.8
49.8
49.8
49.9
49.9
49.9
49.9
49.9
49.9
49.9
49.9
49.9
49.9
49.9
49.9
50.0
50.0
50.0
50.0
50.0
50.0
50.0
50.1
50.1
50.1
50.2
50.2
50.2
50.2
50.2
50.3
50.3
50.3
50.3
50.3
50.3
50.4
50.4
50.5
50.5
50.5
50.7
50.7
50.7
51.0
51.3
51.5
51.6
51.6
52.0
52.0
52.3
52.3
52.9
53.4
53.5
54.2
54.3
54.5
55.8
57.0
57.2
63.5
63.7
64.2
64.2
64.8
64.8
65.4
65.5
65.5
65.7
65.9
65.9
65.9
66.2
66.2
66.3
66.3
66.3
66.6
66.8
66.8
66.9
67.0
67.0
67.0
67.1
67.1
67.2
67.3
67.4
67.4
67.4
67.6
67.8
67.8
67.9
67.9
67.9
68.0
68.0
68.3
68.3
68.3
68.4
68.6
68.8
68.9
68.9
68.9
69.3
69.5
69.5
69.6
69.6
69.7
69.9
69.9
70.0
70.1
70.2
70.3
70.5
70.5
70.6
71.3
71.8
72.0
73.2
74.9
75.9
76.6
76.7
76.9
77.3
77.9
80.5
82.3
85.2
85.4
85.6
86.5
86.9
87.8
87.8
88.4
88.4
88.5
88.5
88.6
88.6
88.6
88.6
88.6
88.7
88.7
88.7
88.7
88.7
88.7
88.7
88.7
88.8
88.8
88.8
88.8
88.8
88.8
88.8
88.8
88.8
88.8
88.8
88.9
88.9
88.9
88.9
88.9
88.9
88.9
88.9
88.9
88.9
88.9
88.9
88.9
89.0
89.0
89.0
89.0
89.0
89.0
89.0
89.0
89.0
89.0
89.0
89.0
89.0
89.0
89.1
89.1
89.1
89.1
89.1
89.1
89.1
89.1
89.1
89.2
89.2
89.2
89.2
89.2
89.3
89.3
89.3
89.3
89.3
89.4
89.4
89.4
89.5
89.6
89.6
89.7
89.8
89.8
90.1
90.1
90.3
91.0
91.3
91.4
91.6
92.2
93.6
93.9
96.4
96.4
97.2
99.1
99.2
99.2
99.3
99.3
99.3
99.3
99.4
99.4
99.4
99.4
99.4
99.5
99.5
99.5
99.6
99.6
99.7
99.7
99.7
99.7
99.7
99.8
99.8
99.8
99.8
99.8
99.8
99.8
99.8
99.9
99.9
99.9
99.9
99.9
99.9
99.9
99.9
100.0
100.0
100.0
100.1
100.1
100.1
100.1
100.1
100.1
100.2
100.2
100.3
100.3
100.3
100.3
100.4
100.4
100.4
100.5
100.5
100.5
100.6
100.7
100.8
100.9
101.1
101.2
101.3
101.5
101.5
101.6
101.7
101.7
101.7
102.2
102.3
102.5
102.5
102.5
102.6
102.7
102.7
102.9
102.9
103.5
103.6
103.6
103.8
104.1
104.2
104.4
104.7
104.8
104.9
105.0
105.1
105.1
105.1
105.1
105.2
105.2
105.2
105.2
105.3
105.3
105.5
105.5
105.5
105.6
105.6
105.8
105.8
105.9
105.9
105.9
106.0
106.0
106.0
106.0
106.1
106.1
106.1
106.1
106.2
106.2
106.2
106.3
106.3
106.3
106.3
106.4
106.4
106.4
106.4
106.4
106.4
106.5
106.7
106.7
106.8
106.9
106.9
106.9
107.0
107.0
107.0
107.1
107.1
107.1
107.2
107.2
107.2
107.3
107.3
107.4
107.4
107.4
107.6
107.7
107.9
107.9
108.1
108.2
108.6
108.7
108.7
108.8
108.8
109.1
109.2
109.2
109.3
109.4
109.4
109.5
109.8
110.0
110.1
110.1
110.2
110.6
110.7
110.7
110.7
110.9
110.9
110.9
111.0
111.1
111.2
111.2
111.3
111.3
111.3
111.3
111.3
111.3
111.4
111.6
111.6
111.7
111.7
111.8
111.8
111.8
112.0
112.1
112.2
112.2
112.2
112.2
112.2
112.2
112.3
112.3
112.4
112.4
112.4
112.4
112.4
112.5
112.5
112.5
112.6
112.6
112.7
112.7
112.8
112.8
112.8
112.9
112.9
113.2
113.3
113.3
113.4
113.4
113.4
113.5
113.5
113.6
113.6
113.7
113.7
113.8
113.8
113.9
113.9
114.1
114.2
114.2
114.2
114.2
114.4
114.4
114.4
114.5
114.7
115.0
115.4
115.4
115.6
115.7
115.7
115.8
116.0
116.1
116.2
116.4
116.5
116.5
116.6
116.7
116.8
117.5
117.8
118.2
118.7
118.8
119.0
119.0
119.3
119.4
119.5
119.5
119.6
119.9
120.1
120.1
120.2
120.3
120.3
120.3
120.3
120.3
120.4
120.4
120.5
120.6
120.6
120.7
120.7
120.7
121.2
121.3
121.4
121.5
121.8
121.8
121.9
122.0
122.1
122.2
122.2
122.3
122.4
122.4
122.5
122.5
122.6
122.6
122.7
122.7
123.0
123.0
123.3
123.5
123.5
123.6
123.6
123.8
123.9
124.0
124.1
124.4
124.4
124.5
124.6
124.6
124.7
124.8
124.9
124.9
125.0
125.7
125.7
125.9
125.9
126.3
126.4
126.5
126.9
127.1
127.3
127.3
127.3
127.6
127.6
127.7
128.0
128.3
128.3
128.4
128.7
128.8
128.8
128.9
128.9
128.9
129.2
129.3
129.7
129.9
130.0
130.1
130.4
130.4
130.9
131.1
131.1
131.2
131.3
131.4
131.4
131.4
131.5
131.6
131.6
131.6
131.6
131.6
131.7
131.8
131.8
131.8
131.8
131.9
131.9
132.0
132.0
132.0
132.0
132.1
132.1
132.1
132.1
132.2
132.2
132.3
132.3
132.3
132.4
132.4
132.5
132.5
132.5
132.5
132.5
132.6
132.7
132.7
132.7
132.8
132.8
132.9
133.0
133.0
133.0
133.3
133.3
133.4
133.6
133.6
133.6
133.8
133.9
133.9
133.9
134.0
134.0
134.0
134.1
134.2
134.2
134.7
134.7
135.0
135.0
135.4
135.9
135.9
136.3
136.4
136.8
137.0
137.4
137.4
138.2
138.3
138.4
138.4
138.5
138.9
139.1
139.3
139.4
139.4
139.6
139.7
140.2
140.6
141.6
141.8
142.0
142.6
143.7
143.8
143.9
145.2
145.7
145.7
145.9
146.0
146.1
146.7
146.7
147.1
147.1
147.5
147.6
147.6
147.9
148.1
148.1
148.2
148.3
148.5
148.9
149.0
149.1
149.1
149.2
149.3
149.3
149.4
149.4
149.4
149.5
149.6
149.6
149.7
149.7
149.7
149.7
149.7
149.8
149.8
150.0
150.1
150.1
150.1
150.1
150.2
150.2
150.2
150.3
150.4
150.4
150.4
150.4
150.6
150.6
150.7
150.7
150.8
150.8
150.8
150.9
150.9
151.0
151.0
151.1
151.1
151.1
151.2
151.3
151.4
151.5
151.5
151.7
151.8
151.8
151.8
151.9
151.9
152.0
152.0
152.2
152.2
152.2
152.3
152.3
152.4
152.4
152.4
152.4
152.4
152.5
152.6
152.7
152.8
152.8
152.8
152.9
153.1
153.3
153.4
153.5
153.6
153.8
154.2
154.3
154.3
154.5
154.7
154.7
155.0
155.3
155.4
155.4
155.9
156.1
156.4
156.6
156.7
157.4
157.5
157.7
158.8
159.0
159.2
159.3
159.4
159.5
159.5
159.6
159.9
160.0
160.0
160.0
160.3
160.3
160.3
160.5
160.6
161.2
161.2
161.3
161.8
162.0
162.2
162.4
162.6
162.6
163.0
163.0
163.1
163.3
163.7
164.3
164.7
165.1
165.5
165.6
165.7
165.7
165.8
165.8
165.9
166.2
166.4
166.4
166.5
166.7
167.2
167.7
168.0
168.0
168.0
168.1
168.1
168.1
168.2
168.3
168.3
168.3
168.3
168.4
168.4
168.5
168.5
168.5
168.5
168.6
168.7
168.7
168.7
168.7
168.7
168.7
168.8
168.8
168.9
169.0
169.0
169.0
169.1
169.1
169.2
169.2
169.2
169.2
169.3
169.3
169.4
169.4
169.4
169.4
169.5
169.6
169.6
169.6
169.6
169.6
169.6
169.7
169.7
169.8
169.8
169.9
169.9
169.9
169.9
169.9
170.0
170.2
170.2
170.3
170.3
170.3
170.4
170.4
170.4
170.4
170.4
170.6
170.6
170.6
170.8
170.9
171.3
171.4
171.4
171.4
171.4
171.5
171.5
171.9
172.2
172.8
173.1
173.1
173.2
173.5
173.5
173.7
173.7
173.8
174.1
174.2
174.6
174.7
174.7
174.9
175.3
175.8
175.9
175.9
176.0
176.0
176.0
176.1
176.1
176.1
176.1
176.2
176.2
176.3
176.4
176.5
176.6
176.6
176.7
176.7
176.7
176.7
176.7
176.8
176.8
176.8
176.8
176.8
176.8
176.9
176.9
176.9
176.9
177.0
177.0
177.1
177.2
177.2
177.2
177.2
177.3
177.3
177.3
177.4
177.5
177.6
177.6
177.6
177.6
177.7
177.7
177.8
177.8
177.8
177.8
177.9
177.9
178.0
178.2
178.3
178.4
178.4
178.5
178.6
178.7
178.7
178.8
178.8
178.9
179.0
179.1
179.2
179.3
179.3
179.4
179.5
179.6
179.6
179.7
179.7
179.8
179.9
179.9
180.0
180.0
180.0
180.3
180.3
180.4
180.4
180.4
180.6
180.6
180.6
180.7
180.7
180.8
180.8
180.9
180.9
180.9
181.0
181.0
181.1
181.1
181.1
181.1
181.2
181.2
181.2
181.3
181.4
181.4
181.5
181.5
181.5
181.6
181.6
181.6
181.6
181.6
181.7
181.7
181.7
181.7
181.8
181.8
181.9
182.0
182.0
182.0
182.0
182.0
182.0
182.0
182.0
182.0
182.2
182.3
182.3
182.6
182.7
182.7
182.8
182.9
182.9
182.9
182.9
183.0
183.0
183.0
183.1
183.1
183.2
183.2
183.3
183.6
183.7
183.7
184.0
184.0
184.0
184.1
184.1
184.2
184.5
184.7
184.7
184.7
185.1
185.1
185.1
185.2
185.2
185.3
185.4
185.4
185.5
185.5
185.6
185.7
185.7
185.7
185.8
185.9
185.9
186.0
186.0
186.1
186.1
186.1
186.2
186.2
186.2
186.6
186.6
186.7
186.8
186.8
186.8
186.8
186.8
186.8
186.9
186.9
186.9
187.0
187.0
187.0
187.1
187.1
187.1
187.3
187.3
187.3
187.4
187.4
187.4
187.4
187.5
187.6
187.8
187.8
187.8
187.9
187.9
187.9
188.0
188.0
188.1
188.2
188.2
188.3
188.4
188.5
188.5
188.6
188.7
188.7
188.7
188.8
188.8
188.9
188.9
189.0
189.1
189.1
189.1
189.2
189.2
189.2
189.3
189.3
189.4
189.4
189.5
189.6
189.6
189.6
189.8
190.1
190.3
190.4
190.5
190.6
190.7
190.8
190.9
191.1
191.1
191.1
191.1
191.1
191.2
191.2
191.2
191.2
191.5
191.6
191.6
191.6
191.7
191.8
191.8
191.9
191.9
191.9
192.0
192.1
192.2
192.4
192.5
192.5
192.5
192.6
192.6
192.7
192.7
192.8
192.9
192.9
192.9
193.1
193.1
193.1
193.2
193.2
193.2
193.4
193.4
193.5
193.5
193.6
193.7
193.8
193.8
193.8
193.8
193.8
193.8
194.0
194.1
194.2
194.2
194.2
194.2
194.3
194.4
194.5
194.5
194.5
194.5
194.6
194.6
195.0
195.1
195.1
195.2
195.2
195.3
195.3
195.3
195.4
195.4
195.4
195.6
195.7
195.7
195.8
195.8
195.8
195.9
196.0
196.3
196.3
196.4
196.5
196.5
196.8
196.8
196.9
197.0
197.0
197.1
197.1
197.2
197.3
197.4
197.5
197.5
197.5
197.5
197.6
197.8
197.9
197.9
198.1
198.1
198.2
198.2
198.4
198.5
198.5
198.6
198.6
198.7
198.8
198.8
198.8
199.1
199.1
199.1
199.2
199.2
199.3
199.4
199.4
199.4
199.5
199.5
199.5
199.5
199.7
199.7
199.7
199.9
200.0
200.0
200.1
200.1
200.1
200.3
200.3
200.3
200.4
200.4
200.4
200.5
200.5
200.5
200.6
200.8
200.9
200.9
200.9
200.9
200.9
201.1
201.4
201.4
201.4
201.5
201.5
201.6
201.6
201.6
201.7
201.7
201.7
201.8
201.9
201.9
201.9
202.0
202.2
202.4
202.4
202.5
202.6
202.7
202.8
203.1
203.2
203.3
203.4
203.5
203.5
203.5
203.6
203.6
203.7
203.7
203.7
203.7
203.8
203.9
203.9
204.0
204.0
204.1
204.2
204.2
204.2
204.2
204.3
204.4
204.4
204.5
204.5
204.5
204.6
204.6
204.7
204.8
204.8
204.8
204.8
204.8
204.9
205.0
205.1
205.1
205.1
205.3
205.3
205.3
205.3
205.3
205.3
205.4
205.4
205.5
205.6
205.6
205.6
205.6
205.6
205.6
205.7
205.7
205.9
205.9
206.0
206.0
206.0
206.1
206.1
206.4
206.6
206.7
206.7
206.7
206.8
206.8
206.9
207.0
207.0
207.0
207.1
207.1
207.2
207.3
207.3
207.7
207.7
207.8
207.8
207.8
207.8
207.9
207.9
208.0
208.1
208.2
208.3
208.3
208.3
208.4
208.4
208.7
208.7
208.7
208.8
208.8
208.8
208.9
208.9
208.9
208.9
208.9
209.0
209.1
209.1
209.1
209.1
209.2
209.3
209.3
209.3
209.3
209.4
209.4
209.5
209.5
209.5
209.5
209.6
209.7
209.7
209.8
209.9
210.0
210.0
210.1
210.2
210.2
210.2
210.4
210.4
210.4
210.5
210.5
210.6
210.6
210.6
210.6
210.7
210.7
210.7
210.7
210.8
210.9
210.9
211.0
211.1
211.1
211.3
211.4
211.7
211.9
211.9
212.0
212.1
212.1
212.1
212.1
212.2
212.2
212.2
212.3
212.4
212.4
212.5
212.6
212.6
212.8
212.9
213.0
213.1
213.3
213.3
213.4
213.4
213.5
213.6
213.6
213.6
213.7
213.7
213.7
213.7
213.8
213.8
213.9
213.9
213.9
214.0
214.2
214.3
214.3
214.4
214.4
214.4
214.5
214.5
214.5
214.6
214.6
214.8
214.8
214.9
214.9
214.9
215.0
215.0
215.1
215.1
215.2
215.2
215.2
215.2
215.2
215.3
215.3
215.4
215.4
215.5
215.7
215.7
215.8
215.8
215.9
216.0
216.0
216.1
216.1
216.1
216.2
216.3
216.3
216.3
216.4
216.4
216.4
216.4
216.5
216.5
216.6
216.9
216.9
217.0
217.1
217.2
217.2
217.2
217.7
217.7
217.9
217.9
217.9
217.9
218.0
218.0
218.1
218.3
218.4
218.4
218.4
218.4
218.5
218.7
218.8
218.8
218.9
219.1
219.1
219.1
219.1
219.2
219.2
219.3
219.3
219.4
219.4
219.4
219.5
219.5
219.5
219.7
219.7
219.7
219.8
219.9
219.9
220.1
220.1
220.1
220.1
220.2
220.3
220.4
220.4
220.4
220.5
220.5
220.6
220.6
220.6
220.8
220.9
220.9
220.9
221.1
221.1
221.2
221.2
221.2
221.3
221.4
221.5
221.5
221.6
221.6
221.7
221.8
221.9
221.9
222.0
222.1
222.1
222.2
222.2
222.3
222.4
222.4
222.4
222.6
222.6
222.6
222.7
222.7
222.9
223.0
223.0
223.2
223.3
223.4
223.4
223.6
223.7
223.9
224.0
224.2
224.2
224.2
224.3
224.6
224.8
224.8
224.9
225.1
225.1
225.3
225.4
225.4
225.5
225.5
225.7
225.8
225.9
226.0
226.0
226.1
226.1
226.3
226.3
226.4
226.4
226.4
226.5
226.5
226.7
226.7
226.7
226.8
226.8
226.9
227.0
227.1
227.1
227.2
227.2
227.3
227.4
227.4
227.6
227.6
227.6
227.7
227.7
227.7
227.8
227.8
228.0
228.0
228.1
228.2
228.2
228.3
228.4
228.5
228.6
228.9
228.9
229.0
229.1
229.1
229.2
229.2
229.2
229.3
229.3
229.4
229.5
229.5
229.6
229.6
229.8
229.9
229.9
230.0
230.0
230.0
230.0
230.1
230.3
230.4
230.4
230.5
230.5
230.5
230.8
230.9
231.1
231.1
231.2
231.4
231.6
231.7
231.8
231.8
231.8
231.9
231.9
232.1
232.1
232.3
232.4
232.5
232.6
232.6
232.7
232.7
232.7
232.7
232.8
233.0
233.0
233.1
233.2
233.3
233.3
233.4
233.6
233.8
233.9
234.0
234.1
234.1
234.2
234.2
234.4
234.6
234.7
234.8
234.8
234.9
234.9
235.0
235.0
235.1
235.1
235.2
235.3
235.4
235.5
235.5
235.6
235.6
235.6
235.8
235.8
236.0
236.1
236.1
236.2
236.4
236.5
236.6
236.6
236.9
237.0
237.0
237.1
237.1
237.2
237.2
237.2
237.2
237.2
237.3
237.4
237.5
237.6
237.6
237.8
238.0
238.0
238.0
238.3
238.3
238.3
238.4
238.4
238.5
238.9
238.9
238.9
239.0
239.2
239.3
239.4
239.5
239.6
239.6
239.7
240.1
240.2
240.2
240.5
240.5
240.5
240.7
240.7
240.7
240.8
240.8
241.1
241.1
241.1
241.1
241.1
241.3
241.3
241.3
241.4
241.5
241.5
241.6
241.7
241.8
241.9
241.9
242.1
242.2
242.4
242.5
242.5
242.7
242.9
242.9
242.9
242.9
243.0
243.0
243.0
243.2
243.2
243.4
243.5
243.5
243.6
243.6
243.6
243.6
243.7
243.8
243.8
243.9
244.0
244.2
244.3
244.4
244.6
244.6
244.6
244.7
244.7
244.7
244.7
244.8
244.8
244.9
245.0
245.0
245.0
245.1
245.1
245.2
245.3
245.3
245.5
245.5
245.6
245.6
245.9
246.0
246.0
246.0
246.1
246.3
246.7
246.8
246.9
247.0
247.2
247.4
247.4
247.6
247.6
247.7
247.7
247.9
248.0
248.0
248.0
248.3
248.3
248.4
248.5
248.6
248.7
248.7
248.8
249.0
249.1
249.1
249.2
249.3
249.4
249.5
249.6
249.9
249.9
249.9
250.0
250.1
250.1
250.2
250.2
250.2
250.3
250.4
250.4
250.7
250.8
250.8
250.9
250.9
251.0
251.1
251.6
251.6
251.6
251.7
251.9
252.0
252.0
252.1
252.1
252.1
252.2
252.3
252.3
252.4
252.4
252.6
252.7
252.7
252.7
252.7
252.8
252.8
252.8
252.8
253.0
253.2
253.2
253.2
253.2
253.3
253.4
253.4
253.5
253.6
253.8
253.8
254.0
254.1
254.1
254.2
254.2
254.3
254.4
254.4
254.5
254.6
254.8
255.1
255.3
255.3
255.4
255.4
255.4
255.6
255.6
255.6
255.8
255.8
256.0
256.1
256.2
256.2
256.4
256.4
256.5
256.5
256.6
256.6
256.6
256.7
256.9
257.0
257.1
257.2
257.4
257.4
257.4
257.5
257.5
257.5
257.6
257.6
257.7
257.8
257.8
258.0
258.1
258.1
258.3
258.3
258.3
258.4
258.5
258.6
258.8
259.1
259.1
259.1
259.2
259.2
259.3
259.4
259.6
259.6
259.6
259.6
259.8
259.8
259.9
259.9
260.0
260.2
260.3
260.3
260.4
260.4
260.5
260.5
260.5
260.5
260.6
260.6
260.6
260.7
260.7
260.7
260.9
261.0
261.0
261.0
261.2
261.2
261.3
261.4
261.4
261.5
261.5
261.6
261.8
261.8
262.1
262.1
262.2
262.5
262.5
262.6
262.7
262.8
263.0
263.0
263.0
263.1
263.3
263.3
263.5
263.5
263.5
263.8
263.9
263.9
264.2
264.2
264.2
264.3
264.3
264.4
264.4
264.8
265.1
265.2
265.2
265.3
265.4
265.7
265.9
266.0
266.2
266.4
266.5
266.5
266.7
266.8
266.8
267.0
267.2
267.2
267.3
267.3
267.4
267.4
267.5
267.6
267.6
267.7
267.7
267.8
267.8
267.8
268.0
268.1
268.2
268.3
268.3
268.3
268.4
268.4
268.5
268.5
268.6
268.7
268.8
268.8
268.9
268.9
269.0
269.1
269.2
269.2
269.2
269.3
269.3
269.3
269.4
269.4
269.6
269.6
269.6
269.7
269.7
269.8
270.3
270.5
270.5
270.5
270.6
270.7
270.7
270.9
270.9
271.0
271.0
271.0
271.1
271.2
271.3
271.3
271.5
271.6
271.6
271.7
271.8
271.9
272.1
272.1
272.2
272.2
272.3
272.4
272.4
272.6
272.7
272.9
273.0
273.2
273.3
273.4
273.6
273.7
273.9
274.1
274.3
274.5
274.8
274.8
274.8
274.9
275.1
275.4
275.4
275.6
275.9
276.1
276.1
276.2
276.2
276.6
276.7
276.8
276.9
277.1
277.1
277.1
277.2
277.4
277.4
277.7
277.8
277.8
277.8
277.9
278.0
278.1
278.1
278.1
278.2
278.2
278.2
278.4
278.5
278.5
278.6
278.6
278.6
278.7
278.7
278.8
278.8
278.8
278.9
278.9
278.9
279.1
279.2
279.2
279.3
279.3
279.3
279.7
279.9
280.2
280.2
280.3
280.6
280.9
280.9
280.9
281.0
281.2
281.2
281.3
281.4
281.5
281.6
281.7
282.0
282.0
282.0
282.2
282.2
282.5
282.5
282.5
282.6
282.7
283.1
283.5
283.5
283.7
283.7
283.8
283.9
284.4
284.5
284.7
285.0
285.3
285.5
285.6
285.7
285.9
286.5
286.9
287.6
287.7
288.1
288.3
288.5
288.8
289.3
289.3
289.8
291.0
291.5
291.6
291.6
291.8
292.1
292.5
292.5
292.8
293.6
294.1
294.3
294.6
295.2
295.3
295.3
295.4
295.6
295.7
295.8
296.1
296.3
296.3
296.4
296.5
296.5
296.7
296.8
297.2
297.3
297.9
298.0
298.5
298.5
298.8
298.8
299.4
299.8
300.6
300.9
301.0
301.7
303.6
305.7
306.1
306.8
307.1
309.1
309.9
310.7
311.2
311.7
313.1
313.6
317.1
321.1
322.8
324.2
426.2
426.3
426.3
426.4
426.4
426.4
426.4
426.4
426.4
426.4
426.4
426.4
426.4
426.4
426.4
426.5
426.5
426.5
426.5
426.5
426.5
426.5
426.5
426.5
426.5
426.5
426.5
426.5
426.5
426.5
426.5
426.5
426.5
426.5
426.5
426.5
426.5
426.5
426.5
426.5
426.5
426.5
426.5
426.6
426.6
426.6
426.6
426.6
426.6
426.6
426.6
426.6
426.6
426.6
426.6
426.6
426.6
426.6
426.6
426.6
426.6
426.6
426.6
426.7
426.7
426.7
426.7
426.7
426.7
426.7
426.7
426.7
426.7
426.8
426.8
426.8
426.8
426.8
426.8
426.8
426.9
426.9
426.9
427.0
427.1
427.3
427.4
427.4
427.6
427.6
427.6
428.0
428.0
428.1
428.9
429.1
429.3
429.5
430.6
430.9
438.6
438.7
438.8
438.8
438.8
438.8
438.9
438.9
438.9
438.9
438.9
438.9
438.9
438.9
438.9
439.0
439.0
439.0
439.0
439.0
439.0
439.0
439.0
439.0
439.0
439.0
439.0
439.0
439.0
439.0
439.0
439.0
439.0
439.0
439.1
439.1
439.1
439.1
439.1
439.1
439.1
439.1
439.1
439.1
439.1
439.1
439.1
439.1
439.1
439.1
439.1
439.1
439.1
439.1
439.1
439.1
439.1
439.1
439.2
439.2
439.2
439.2
439.2
439.2
439.2
439.2
439.2
439.3
439.3
439.3
439.3
439.3
439.3
439.4
439.4
439.4
439.4
439.4
439.4
439.4
439.5
439.5
439.5
439.7
439.8
439.9
440.2
440.3
440.4
440.4
440.6
440.9
441.0
441.1
442.2
442.6
442.7
442.9
444.8
445.2
449.3
449.5
449.5
449.7
449.7
449.7
449.8
449.8
449.8
449.8
449.8
449.9
449.9
449.9
449.9
449.9
449.9
449.9
450.0
450.0
450.0
450.0
450.0
450.0
450.0
450.0
450.0
450.0
450.0
450.0
450.0
450.1
450.1
450.1
450.1
450.1
450.1
450.1
450.1
450.1
450.1
450.1
450.1
450.1
450.1
450.1
450.1
450.1
450.1
450.2
450.2
450.2
450.2
450.2
450.2
450.2
450.2
450.2
450.2
450.3
450.3
450.3
450.3
450.3
450.3
450.3
450.3
450.4
450.4
450.4
450.5
450.5
450.5
450.5
450.6
450.6
450.6
450.6
450.6
450.6
450.7
450.7
450.7
450.9
451.1
451.1
451.5
451.6
451.7
451.8
452.0
452.4
452.5
452.6
453.8
454.3
454.4
454.7
456.7
456.8
456.8
456.9
456.9
456.9
456.9
456.9
456.9
456.9
456.9
456.9
456.9
456.9
457.0
457.0
457.0
457.0
457.0
457.0
457.1
457.1
457.1
457.1
457.1
457.1
457.1
457.1
457.1
457.1
457.1
457.1
457.1
457.2
457.2
457.2
457.2
457.2
457.2
457.2
457.2
457.2
457.2
457.3
457.3
457.3
457.3
457.3
457.3
457.3
457.3
457.4
457.4
457.4
457.4
457.4
457.4
457.5
457.5
457.5
457.6
457.6
457.7
457.8
457.8
457.9
457.9
457.9
458.0
458.1
458.1
458.1
458.2
458.2
458.2
458.3
458.3
458.4
458.5
458.6
458.6
458.7
458.7
458.8
458.9
459.0
459.2
459.2
459.4
459.5
459.6
459.6
459.8
460.1
460.3
460.4
460.6
460.9
461.0
461.0
461.0
461.0
461.0
461.1
461.1
461.2
461.2
461.2
461.2
461.2
461.2
461.2
461.2
461.3
461.3
461.4
461.4
461.4
461.4
461.4
461.4
461.4
461.4
461.4
461.4
461.4
461.5
461.5
461.5
461.5
461.5
461.5
461.5
461.5
461.6
461.6
461.6
461.6
461.7
461.7
461.8
461.8
461.8
461.8
461.8
461.8
461.8
461.8
461.9
461.9
461.9
461.9
461.9
461.9
461.9
461.9
461.9
462.0
462.1
462.2
462.3
462.3
462.4
462.6
462.6
462.6
462.7
462.9
462.9
463.0
463.0
463.0
463.1
463.2
463.2
463.5
463.6
463.7
463.9
464.2
464.3
464.4
464.5
464.8
464.9
465.1
465.1
465.2
465.5
465.7
465.9
466.3
466.3
466.5
466.5
466.5
466.6
466.6
466.6
466.7
466.8
466.8
466.9
466.9
467.0
467.1
467.1
467.1
467.2
467.2
467.2
467.2
467.2
467.2
467.3
467.4
467.4
467.4
467.4
467.4
467.4
467.4
467.4
467.4
467.5
467.5
467.5
467.6
467.6
467.6
467.7
467.7
467.7
467.8
467.9
467.9
467.9
467.9
468.0
468.0
468.0
468.0
468.0
468.0
468.1
468.1
468.1
468.2
468.2
468.2
468.2
468.2
468.3
468.4
468.4
468.4
468.5
468.6
468.7
468.8
468.9
469.0
469.1
469.1
469.2
469.3
469.5
469.5
469.5
469.6
469.6
470.0
470.1
470.1
470.4
470.5
470.8
470.9
471.0
471.1
471.3
471.7
472.0
472.1
472.3
472.3
472.4
472.4
472.5
472.5
472.6
472.6
472.6
472.7
472.7
472.8
472.9
472.9
473.0
473.0
473.0
473.1
473.2
473.2
473.3
473.3
473.3
473.4
473.4
473.4
473.4
473.4
473.4
473.5
473.5
473.5
473.5
473.5
473.6
473.6
473.6
473.6
473.6
473.8
473.9
473.9
473.9
473.9
474.0
474.0
474.0
474.0
474.0
474.1
474.2
474.2
474.3
474.3
474.3
474.3
474.4
474.4
474.4
474.4
474.5
474.5
474.5
474.6
474.6
474.7
474.7
474.8
474.8
474.8
474.8
474.9
474.9
475.1
475.4
475.5
475.7
475.8
476.1
476.1
476.1
476.2
476.4
476.6
476.8
476.9
477.1
477.6
477.6
477.7
478.4
479.0
479.1
479.3
479.5
480.1
480.3
480.5
480.6
480.7
480.7
480.9
480.9
481.0
481.1
481.1
481.1
481.1
481.2
481.2
481.3
481.3
481.4
481.4
481.4
481.4
481.4
481.5
481.6
481.6
481.7
481.7
481.7
481.7
481.8
481.8
481.8
481.8
481.9
481.9
481.9
481.9
481.9
481.9
481.9
481.9
482.0
482.0
482.0
482.0
482.1
482.1
482.1
482.2
482.2
482.2
482.2
482.2
482.2
482.2
482.2
482.3
482.4
482.4
482.5
482.5
482.5
482.6
482.6
482.6
482.6
482.6
482.6
482.6
482.7
482.7
482.7
482.7
482.9
482.9
483.1
483.2
483.2
483.3
483.4
483.4
483.5
483.6
483.6
483.6
483.7
483.8
484.1
484.2
484.3
484.4
484.4
484.8
485.1
485.1
485.6
485.8
486.1
486.1
486.2
486.2
486.2
486.2
486.3
486.3
486.4
486.4
486.4
486.4
486.4
486.5
486.5
486.5
486.6
486.6
486.6
486.6
486.7
486.7
486.7
486.8
486.9
486.9
486.9
486.9
486.9
487.0
487.0
487.0
487.0
487.0
487.0
487.0
487.0
487.0
487.1
487.2
487.2
487.2
487.2
487.2
487.2
487.3
487.3
487.3
487.3
487.3
487.3
487.4
487.5
487.5
487.5
487.5
487.5
487.5
487.6
487.6
487.6
487.6
487.8
487.8
487.9
488.0
488.1
488.1
488.1
488.1
488.2
488.2
488.3
488.3
488.4
488.5
488.6
488.8
488.9
489.0
489.0
489.0
489.0
489.2
489.3
489.4
489.4
489.4
489.7
490.0
490.0
490.1
490.2
490.3
490.3
490.3
490.4
490.4
490.5
490.5
490.6
490.6
490.7
490.7
490.7
490.7
490.8
490.8
490.9
490.9
490.9
490.9
491.1
491.1
491.1
491.2
491.2
491.2
491.2
491.3
491.3
491.4
491.4
491.4
491.4
491.4
491.4
491.4
491.4
491.5
491.5
491.6
491.6
491.7
491.7
491.8
491.8
491.8
491.9
491.9
492.0
492.0
492.0
492.0
492.0
492.0
492.0
492.1
492.1
492.1
492.1
492.2
492.2
492.2
492.2
492.2
492.3
492.3
492.4
492.5
492.6
492.7
492.9
493.0
493.0
493.1
493.2
493.2
493.3
493.3
493.5
493.7
493.8
493.9
494.0
494.1
494.1
494.3
494.3
494.3
494.3
494.4
494.7
494.8
494.9
495.1
495.2
495.3
495.4
495.4
495.5
495.5
495.5
495.6
495.6
495.6
495.6
495.7
495.8
495.9
495.9
496.0
496.0
496.1
496.1
496.1
496.1
496.2
496.3
496.4
496.5
496.5
496.5
496.5
496.5
496.5
496.5
496.6
496.6
496.6
496.6
496.6
496.6
496.7
496.7
496.8
496.8
496.9
497.0
497.0
497.1
497.1
497.1
497.2
497.3
497.3
497.3
497.4
497.4
497.4
497.4
497.5
497.5
497.5
497.5
497.5
497.6
497.6
497.6
497.7
497.7
497.8
497.8
497.8
497.8
497.9
497.9
498.0
498.4
498.4
498.6
498.6
498.8
498.8
498.8
499.4
499.4
499.4
499.5
499.6
499.7
499.7
499.8
499.8
500.0
500.1
500.3
500.5
500.5
500.6
500.7
500.7
500.8
500.8
500.8
500.9
501.0
501.0
501.2
501.2
501.3
501.3
501.4
501.4
501.6
501.7
501.7
501.7
501.7
501.8
501.8
501.9
501.9
502.2
502.2
502.2
502.3
502.3
502.4
502.4
502.4
502.6
502.6
502.6
502.7
502.7
502.7
502.8
502.8
502.8
502.9
502.9
503.0
503.0
503.2
503.2
503.3
503.4
503.4
503.5
503.6
503.6
503.7
503.7
503.7
503.7
503.8
503.8
504.0
504.0
504.1
504.1
504.1
504.1
504.1
504.2
504.2
504.2
504.2
504.3
504.3
504.3
504.4
504.5
504.7
504.7
504.7
504.8
504.9
505.3
505.3
505.4
505.4
505.5
505.7
505.9
506.0
506.2
506.2
506.3
506.3
506.5
506.7
506.8
506.8
506.9
506.9
506.9
507.0
507.1
507.1
507.2
507.5
507.5
507.5
507.5
507.7
507.7
507.8
507.8
507.8
507.8
507.8
507.9
507.9
508.0
508.1
508.1
508.1
508.2
508.2
508.2
508.3
508.5
508.5
508.5
508.6
508.6
508.6
508.7
508.7
508.7
508.7
508.8
508.9
508.9
508.9
509.1
509.1
509.1
509.2
509.4
509.4
509.4
509.4
509.5
509.5
509.5
509.5
509.6
509.6
509.6
509.7
509.9
509.9
509.9
509.9
509.9
510.0
510.0
510.0
510.0
510.1
510.1
510.1
510.1
510.2
510.3
510.4
510.4
510.5
510.6
510.7
510.9
511.0
511.2
511.3
511.3
511.4
511.7
511.8
511.8
511.8
511.8
511.9
512.0
512.0
512.1
512.2
512.3
512.3
512.3
512.5
512.5
512.5
512.6
512.6
512.6
512.6
512.6
512.7
512.7
512.9
513.0
513.0
513.0
513.1
513.1
513.2
513.2
513.3
513.3
513.3
513.4
513.5
513.5
513.5
513.6
513.6
513.6
513.7
513.7
513.7
513.8
513.8
513.8
513.8
513.8
513.8
513.9
513.9
513.9
514.0
514.1
514.2
514.2
514.4
514.4
514.4
514.5
514.5
514.6
514.6
514.7
514.7
514.7
514.8
514.8
514.9
514.9
514.9
514.9
515.0
515.0
515.1
515.1
515.1
515.2
515.2
515.3
515.3
515.3
515.6
515.6
515.7
516.1
516.1
516.2
516.3
516.4
516.4
516.5
516.6
516.6
516.7
516.8
517.0
517.0
517.0
517.2
517.2
517.3
517.4
517.4
517.4
517.5
517.6
517.6
517.7
517.8
517.8
517.8
517.8
517.9
518.0
518.0
518.0
518.1
518.1
518.2
518.2
518.3
518.4
518.5
518.5
518.5
518.6
518.6
518.6
518.6
518.6
518.7
518.7
518.7
518.8
518.9
518.9
518.9
518.9
519.0
519.0
519.0
519.1
519.1
519.2
519.4
519.7
519.7
519.8
519.8
519.8
519.8
519.8
519.8
519.9
519.9
520.0
520.1
520.1
520.1
520.1
520.2
520.2
520.3
520.4
520.5
520.6
520.6
520.7
520.8
520.8
520.9
521.0
521.2
521.3
521.3
521.5
521.5
521.6
521.6
521.6
521.7
521.8
521.9
522.1
522.3
522.3
522.5
522.5
522.5
522.7
522.7
522.8
522.9
523.0
523.0
523.1
523.1
523.4
523.5
523.6
523.7
523.8
523.8
523.9
524.0
524.0
524.1
524.2
524.2
524.2
524.3
524.3
524.4
524.4
524.5
524.7
524.7
524.7
524.8
524.9
525.0
525.0
525.1
525.1
525.1
525.1
525.2
525.2
525.3
525.3
525.3
525.4
525.4
525.4
525.4
525.4
525.5
525.6
525.9
526.1
526.1
526.2
526.3
526.3
526.4
526.5
526.5
526.6
526.7
526.8
526.9
526.9
527.0
527.0
527.1
527.1
527.1
527.1
527.1
527.1
527.2
527.2
527.5
527.5
527.6
527.8
527.9
528.0
528.1
528.2
528.3
528.5
528.6
528.7
528.9
528.9
529.1
529.3
529.3
529.3
529.4
529.5
529.6
529.7
529.9
529.9
530.0
530.0
530.0
530.3
530.5
530.6
530.6
530.7
530.8
530.9
530.9
530.9
530.9
531.0
531.0
531.1
531.2
531.3
531.3
531.4
531.5
531.5
531.7
531.7
531.7
531.8
531.9
531.9
531.9
531.9
532.0
532.1
532.2
532.2
532.2
532.2
532.2
532.2
532.2
532.3
532.3
532.3
532.3
532.5
532.5
532.6
532.6
532.6
532.8
532.8
532.9
532.9
533.1
533.1
533.1
533.3
533.4
533.5
533.8
533.8
534.0
534.0
534.1
534.2
534.5
534.5
534.6
534.7
534.7
534.8
534.8
535.0
535.0
535.2
535.4
535.6
535.7
535.9
536.2
536.3
536.3
536.4
536.5
536.5
536.5
536.6
536.7
536.7
537.1
537.5
537.6
537.6
537.9
537.9
537.9
538.0
538.1
538.2
538.2
538.2
538.6
538.9
539.0
539.2
539.2
539.2
539.3
539.5
539.5
539.5
539.6
539.9
539.9
540.1
540.1
540.1
540.2
540.2
540.3
540.3
540.4
540.4
540.5
540.6
540.6
540.8
540.8
540.8
540.9
540.9
541.0
541.1
541.1
541.2
541.2
541.3
541.5
541.6
541.7
541.7
541.7
541.9
541.9
541.9
541.9
542.0
542.0
542.1
542.2
542.4
542.4
542.6
542.7
542.7
542.8
542.8
542.9
543.0
543.2
543.2
543.3
543.3
543.3
543.5
543.6
543.6
543.7
543.7
543.8
544.1
544.1
544.1
544.3
544.4
544.6
544.6
544.7
544.8
544.8
544.9
544.9
545.0
545.2
545.3
545.3
545.6
545.8
545.9
546.0
546.1
546.1
546.1
546.2
546.5
546.5
546.8
547.2
547.2
547.3
547.3
547.4
547.4
547.5
547.6
547.7
547.7
547.7
547.8
547.8
548.0
548.4
548.6
548.7
548.8
548.8
548.9
548.9
549.0
549.0
549.1
549.3
549.5
549.6
549.7
549.8
549.8
549.9
550.0
550.1
550.1
550.1
550.3
550.3
550.4
550.4
550.6
550.9
551.0
551.1
551.2
551.2
551.2
551.3
551.4
551.4
551.6
551.6
551.6
551.8
552.0
552.1
552.5
552.5
552.7
552.9
553.0
553.2
553.3
553.4
553.5
553.6
553.6
553.8
553.8
553.9
554.0
554.0
554.2
554.2
554.3
554.4
554.4
554.5
555.0
555.0
555.0
555.0
555.0
555.2
555.5
555.9
556.1
556.1
556.6
556.6
556.7
556.8
556.9
556.9
557.1
557.1
557.5
557.6
557.7
558.2
558.5
558.8
558.8
558.9
558.9
559.0
559.0
559.2
559.2
559.3
559.4
559.5
559.6
559.7
559.7
559.8
559.9
560.0
560.0
560.1
560.1
560.1
560.2
560.3
560.3
560.4
560.4
560.5
560.5
560.6
560.7
560.7
560.7
560.8
560.9
561.0
561.0
561.3
561.4
561.4
561.5
561.5
561.5
561.6
561.6
561.6
561.6
561.7
561.8
561.8
561.9
562.2
562.5
562.7
562.9
563.1
563.1
563.2
563.2
563.3
563.4
563.5
563.6
563.6
563.6
563.7
563.8
563.9
564.0
564.1
564.2
564.3
564.3
564.4
564.5
564.8
564.9
565.0
565.3
565.4
566.1
566.4
566.5
567.0
567.0
567.1
567.4
567.5
567.5
567.6
567.7
567.8
567.9
568.3
569.0
569.9
570.2
570.4
570.4
570.5
570.7
571.0
571.0
571.4
571.5
571.7
571.9
572.0
572.1
572.2
572.2
572.3
572.4
572.4
572.5
572.5
572.6
572.7
572.9
573.0
573.0
573.1
573.1
573.1
573.1
573.1
573.2
573.3
573.6
573.6
573.6
573.7
573.7
573.9
574.0
574.2
574.2
574.2
574.4
574.5
574.5
574.7
574.8
574.9
574.9
574.9
575.1
575.2
575.3
575.6
575.6
575.7
576.1
576.4
576.4
576.6
576.7
576.8
577.0
577.0
577.3
577.5
577.5
577.6
577.8
577.9
578.1
578.1
578.2
578.5
578.6
579.5
579.8
579.8
580.6
580.8
580.9
582.5
583.7
584.8
585.0
586.2
586.3
586.9
587.5
587.5
587.8
588.3
588.5
588.8
589.1
589.2
590.2
596.0
602.3
605.0
614.4
711.1
711.2
711.2
711.2
711.2
711.3
711.3
711.3
711.3
711.3
711.3
711.3
711.3
711.3
711.3
711.4
711.4
711.4
711.4
711.4
711.4
711.4
711.4
711.4
711.4
711.4
711.4
711.4
711.4
711.4
711.4
711.4
711.4
711.4
711.4
711.4
711.4
711.4
711.4
711.4
711.4
711.5
711.5
711.5
711.5
711.5
711.5
711.5
711.5
711.5
711.5
711.5
711.5
711.5
711.5
711.5
711.5
711.5
711.5
711.5
711.5
711.5
711.5
711.5
711.5
711.6
711.6
711.6
711.6
711.6
711.6
711.6
711.7
711.7
711.7
711.7
711.7
711.8
711.8
711.8
711.8
711.9
711.9
712.0
712.1
712.2
712.4
712.5
712.6
712.6
712.7
713.0
713.0
713.1
713.9
714.2
714.3
714.5
715.7
716.0
723.1
723.2
723.2
723.2
723.2
723.3
723.3
723.3
723.3
723.3
723.3
723.3
723.4
723.4
723.4
723.4
723.4
723.4
723.4
723.4
723.4
723.4
723.4
723.4
723.4
723.4
723.4
723.4
723.5
723.5
723.5
723.5
723.5
723.5
723.5
723.5
723.5
723.5
723.5
723.5
723.5
723.5
723.5
723.5
723.5
723.5
723.5
723.5
723.5
723.5
723.5
723.5
723.6
723.6
723.6
723.6
723.6
723.6
723.6
723.6
723.6
723.6
723.6
723.7
723.7
723.7
723.7
723.7
723.7
723.8
723.8
723.8
723.8
723.8
723.8
723.9
723.9
723.9
723.9
724.0
724.0
724.0
724.0
724.2
724.3
724.4
724.8
724.8
725.0
725.0
725.2
725.6
725.6
725.7
726.8
727.2
727.3
727.6
729.5
730.0
733.5
733.7
733.7
733.8
733.9
733.9
733.9
733.9
733.9
734.0
734.0
734.0
734.0
734.0
734.1
734.1
734.1
734.1
734.1
734.1
734.1
734.1
734.1
734.1
734.2
734.2
734.2
734.2
734.2
734.2
734.2
734.2
734.2
734.2
734.2
734.2
734.2
734.2
734.3
734.3
734.3
734.3
734.3
734.3
734.3
734.3
734.3
734.3
734.3
734.3
734.3
734.4
734.4
734.4
734.4
734.4
734.4
734.4
734.4
734.4
734.4
734.5
734.5
734.5
734.5
734.5
734.6
734.6
734.6
734.6
734.7
734.7
734.7
734.7
734.7
734.8
734.8
734.9
734.9
734.9
734.9
735.0
735.0
735.2
735.3
735.4
735.8
735.9
736.0
736.1
736.3
736.7
736.8
736.9
738.2
738.7
738.8
739.2
740.8
740.9
741.0
741.0
741.0
741.0
741.0
741.0
741.0
741.1
741.1
741.1
741.1
741.1
741.1
741.1
741.2
741.2
741.2
741.2
741.2
741.2
741.2
741.2
741.2
741.3
741.3
741.3
741.3
741.3
741.3
741.3
741.3
741.3
741.3
741.4
741.4
741.4
741.4
741.4
741.4
741.4
741.4
741.4
741.4
741.4
741.4
741.4
741.5
741.5
741.5
741.6
741.6
741.6
741.6
741.6
741.7
741.7
741.7
741.7
741.8
741.8
741.9
742.0
742.1
742.1
742.2
742.2
742.3
742.3
742.4
742.4
742.4
742.4
742.4
742.6
742.6
742.7
742.7
742.8
742.8
742.9
743.0
743.1
743.2
743.3
743.4
743.5
743.6
743.7
743.8
743.9
744.1
744.3
744.5
744.7
744.8
745.0
745.1
745.1
745.1
745.1
745.2
745.2
745.3
745.3
745.3
745.3
745.3
745.3
745.3
745.3
745.3
745.3
745.5
745.5
745.5
745.5
745.5
745.5
745.5
745.5
745.5
745.5
745.6
745.6
745.6
745.6
745.6
745.6
745.6
745.6
745.6
745.7
745.7
745.7
745.7
745.8
745.8
745.9
745.9
745.9
745.9
746.0
746.0
746.0
746.0
746.0
746.0
746.0
746.0
746.0
746.1
746.1
746.1
746.1
746.1
746.2
746.3
746.4
746.4
746.5
746.5
746.8
746.8
746.8
746.8
747.2
747.2
747.2
747.3
747.3
747.4
747.5
747.5
747.8
747.8
748.0
748.4
748.5
748.5
748.6
748.7
749.1
749.2
749.3
749.3
749.4
749.7
749.8
750.1
750.2
750.4
750.4
750.5
750.6
750.6
750.6
750.7
750.7
750.7
750.8
750.9
750.9
751.0
751.1
751.1
751.1
751.1
751.2
751.2
751.3
751.3
751.3
751.3
751.4
751.4
751.4
751.4
751.4
751.4
751.4
751.4
751.4
751.5
751.5
751.5
751.6
751.6
751.6
751.7
751.7
751.7
751.9
751.9
751.9
752.0
752.0
752.0
752.0
752.0
752.0
752.0
752.1
752.1
752.1
752.1
752.2
752.2
752.2
752.3
752.3
752.3
752.4
752.4
752.4
752.5
752.7
752.8
752.8
752.9
753.0
753.1
753.3
753.4
753.4
753.6
753.6
753.6
753.7
753.7
754.1
754.1
754.1
754.5
754.7
754.8
754.9
755.1
755.1
755.3
755.6
756.0
756.1
756.1
756.2
756.4
756.4
756.4
756.5
756.5
756.5
756.5
756.6
756.7
756.7
756.8
756.8
756.9
756.9
757.0
757.1
757.2
757.2
757.2
757.2
757.2
757.3
757.3
757.3
757.3
757.4
757.5
757.5
757.5
757.5
757.5
757.6
757.6
757.6
757.6
757.6
757.7
757.8
757.8
757.8
757.8
757.9
758.0
758.0
758.0
758.1
758.1
758.2
758.2
758.3
758.3
758.3
758.4
758.4
758.4
758.4
758.5
758.5
758.5
758.5
758.5
758.6
758.7
758.7
758.8
758.8
758.8
758.8
758.9
758.9
759.1
759.1
759.4
759.7
759.7
760.0
760.2
760.4
760.4
760.4
760.5
760.8
760.9
761.0
761.2
761.7
761.8
762.1
762.5
762.9
763.0
763.1
763.4
763.9
763.9
764.2
764.3
764.5
764.5
764.5
764.6
764.6
764.6
764.7
764.7
764.7
764.8
764.8
764.9
764.9
765.0
765.0
765.0
765.1
765.1
765.1
765.1
765.2
765.2
765.2
765.3
765.3
765.3
765.3
765.4
765.4
765.4
765.5
765.5
765.5
765.5
765.5
765.5
765.5
765.6
765.6
765.6
765.6
765.7
765.7
765.8
765.8
765.8
765.8
765.8
765.8
765.9
765.9
766.0
766.1
766.1
766.1
766.1
766.1
766.1
766.1
766.2
766.2
766.2
766.2
766.2
766.2
766.2
766.3
766.3
766.4
766.4
766.6
766.7
766.8
766.9
767.0
767.1
767.1
767.2
767.3
767.3
767.3
767.4
767.5
767.8
767.8
768.0
768.0
768.3
768.5
768.5
768.5
768.7
768.9
769.2
769.2
769.2
769.2
769.3
769.4
769.4
769.4
769.5
769.5
769.6
769.6
769.6
769.6
769.6
769.7
769.7
769.7
769.8
769.8
769.9
769.9
769.9
769.9
769.9
770.0
770.0
770.0
770.0
770.1
770.1
770.1
770.1
770.1
770.2
770.2
770.2
770.2
770.3
770.4
770.4
770.5
770.5
770.5
770.5
770.5
770.6
770.6
770.6
770.6
770.6
770.7
770.7
770.7
770.7
770.8
770.8
770.8
770.9
770.9
770.9
770.9
771.1
771.2
771.2
771.2
771.3
771.3
771.4
771.5
771.6
771.6
771.6
771.6
771.7
771.8
772.0
772.2
772.3
772.3
772.4
772.5
772.5
772.6
772.6
772.7
772.8
772.9
773.0
773.3
773.3
773.4
773.4
773.4
773.5
773.5
773.6
773.6
773.7
773.7
773.7
773.7
773.8
773.9
773.9
773.9
773.9
774.0
774.0
774.0
774.1
774.1
774.1
774.2
774.3
774.4
774.4
774.4
774.4
774.5
774.5
774.5
774.5
774.5
774.6
774.6
774.6
774.6
774.7
774.7
774.8
774.8
775.1
775.1
775.1
775.1
775.1
775.2
775.2
775.2
775.3
775.3
775.3
775.3
775.3
775.3
775.3
775.4
775.4
775.5
775.5
775.5
775.5
775.5
775.6
775.7
775.7
775.8
775.8
775.8
776.0
776.0
776.3
776.3
776.5
776.6
776.6
776.7
776.7
776.7
776.9
777.1
777.2
777.3
777.4
777.5
777.6
777.7
777.7
777.8
777.9
777.9
778.0
778.0
778.2
778.2
778.3
778.3
778.5
778.5
778.7
778.7
778.7
778.8
778.9
778.9
778.9
779.0
779.1
779.1
779.1
779.1
779.1
779.2
779.2
779.2
779.3
779.3
779.5
779.5
779.6
779.6
779.6
779.6
779.7
779.7
779.7
779.7
779.8
779.8
779.9
779.9
779.9
780.0
780.0
780.0
780.1
780.1
780.2
780.2
780.3
780.3
780.4
780.4
780.5
780.5
780.6
780.6
780.7
780.7
780.7
780.7
780.7
780.8
780.8
780.8
780.8
780.8
780.9
780.9
781.0
781.0
781.1
781.1
781.1
781.1
781.2
781.4
781.6
781.7
781.8
782.0
782.1
782.2
782.4
782.6
782.7
782.8
782.9
782.9
782.9
783.1
783.2
783.3
783.4
783.5
783.7
783.7
783.7
783.8
783.8
783.8
784.0
784.0
784.0
784.1
784.3
784.3
784.4
784.5
784.5
784.6
784.8
784.9
784.9
784.9
785.0
785.0
785.0
785.1
785.1
785.2
785.2
785.4
785.4
785.4
785.4
785.5
785.5
785.7
785.7
785.7
785.7
785.8
785.8
785.8
785.8
786.0
786.0
786.1
786.1
786.1
786.2
786.3
786.3
786.4
786.4
786.5
786.5
786.7
786.7
786.8
786.9
786.9
786.9
786.9
786.9
787.0
787.0
787.1
787.1
787.1
787.2
787.3
787.3
787.3
787.4
787.4
787.4
787.5
787.5
787.5
787.5
787.8
787.9
787.9
787.9
788.0
788.3
788.4
788.5
788.5
788.6
788.7
788.9
788.9
788.9
789.1
789.2
789.3
789.3
789.4
789.5
789.5
789.6
789.7
789.7
789.7
789.8
789.9
789.9
789.9
790.0
790.1
790.1
790.2
790.2
790.3
790.3
790.5
790.5
790.5
790.5
790.6
790.6
790.6
790.6
790.7
790.8
790.8
790.8
790.9
790.9
791.0
791.0
791.0
791.0
791.1
791.1
791.1
791.1
791.2
791.2
791.3
791.3
791.3
791.4
791.4
791.4
791.6
791.8
791.8
791.9
791.9
791.9
791.9
792.0
792.0
792.0
792.0
792.1
792.1
792.2
792.2
792.3
792.3
792.3
792.4
792.5
792.5
792.5
792.5
792.6
792.6
792.7
792.8
792.8
792.9
793.0
793.1
793.3
793.4
793.5
793.6
793.7
793.8
793.8
793.8
793.9
794.0
794.0
794.1
794.3
794.3
794.4
794.5
794.5
794.6
794.6
794.6
794.7
794.7
794.7
794.7
794.8
794.8
794.9
794.9
795.0
795.0
795.1
795.2
795.2
795.2
795.2
795.3
795.3
795.3
795.3
795.5
795.7
795.7
795.7
795.7
795.7
795.7
795.7
795.8
795.8
795.9
795.9
796.0
796.0
796.0
796.1
796.1
796.1
796.2
796.2
796.3
796.5
796.5
796.6
796.6
796.7
796.7
796.8
796.8
796.8
796.9
796.9
796.9
797.0
797.0
797.0
797.1
797.1
797.2
797.2
797.3
797.3
797.3
797.3
797.4
797.5
797.5
797.5
797.7
797.8
797.8
797.8
797.8
798.1
798.1
798.3
798.3
798.7
798.8
798.8
799.0
799.0
799.0
799.0
799.1
799.3
799.3
799.3
799.4
799.5
799.6
799.6
799.7
799.7
799.8
799.9
800.0
800.0
800.1
800.1
800.1
800.3
800.3
800.3
800.3
800.3
800.4
800.4
800.5
800.5
800.6
800.7
800.9
800.9
800.9
801.0
801.0
801.1
801.1
801.1
801.1
801.2
801.2
801.2
801.2
801.2
801.3
801.3
801.3
801.5
801.5
801.5
801.5
801.6
801.7
801.7
802.0
802.1
802.2
802.3
802.3
802.4
802.4
802.4
802.4
802.5
802.5
802.7
802.7
802.7
802.8
802.8
802.8
802.9
802.9
803.1
803.2
803.3
803.3
803.4
803.5
803.6
803.6
803.8
803.9
804.0
804.1
804.1
804.1
804.1
804.4
804.4
804.5
804.7
804.7
804.8
805.0
805.1
805.2
805.2
805.3
805.4
805.4
805.5
805.6
805.7
805.7
805.8
805.9
806.2
806.2
806.3
806.4
806.4
806.5
806.6
806.6
806.6
806.6
806.6
806.7
806.7
806.7
806.9
807.2
807.2
807.2
807.2
807.3
807.3
807.3
807.5
807.5
807.7
807.7
807.8
807.8
807.8
807.8
807.9
807.9
808.0
808.1
808.2
808.3
808.4
808.4
808.4
808.4
808.5
808.7
808.9
808.9
809.0
809.0
809.0
809.0
809.3
809.3
809.3
809.6
809.6
809.9
810.0
810.0
810.0
810.0
810.0
810.1
810.2
810.3
810.3
810.4
810.4
810.4
810.6
810.7
810.8
811.0
811.2
811.3
811.4
811.4
811.5
811.6
811.6
811.7
811.7
812.0
812.1
812.1
812.1
812.2
812.3
812.3
812.4
812.4
812.4
812.6
812.8
813.0
813.3
813.3
813.3
813.3
813.4
813.4
813.5
813.7
813.7
813.7
813.8
813.8
813.8
813.8
814.0
814.0
814.1
814.1
814.2
814.3
814.4
814.4
814.4
814.5
814.6
814.6
814.6
814.6
814.8
814.8
814.9
814.9
814.9
814.9
814.9
815.0
815.0
815.0
815.0
815.2
815.3
815.6
815.6
815.7
815.8
815.8
815.9
816.0
816.1
816.1
816.2
816.2
816.3
816.5
816.9
816.9
817.2
817.2
817.2
817.5
817.6
817.7
817.7
817.7
817.9
818.0
818.0
818.3
818.4
818.5
818.5
818.6
818.6
818.8
818.9
818.9
819.0
819.3
819.4
819.5
819.7
819.7
819.7
819.7
819.8
820.0
820.0
820.3
820.5
820.6
820.7
821.0
821.1
821.2
821.2
821.3
821.3
821.7
821.7
821.8
821.9
821.9
822.0
822.2
822.3
822.5
822.5
822.6
822.6
822.7
822.8
822.8
822.9
822.9
822.9
823.0
823.0
823.1
823.1
823.2
823.2
823.2
823.3
823.3
823.3
823.3
823.4
823.5
823.5
823.5
823.6
823.7
823.8
823.9
824.3
824.3
824.4
824.4
824.5
824.5
824.6
824.6
824.6
824.6
824.6
824.7
824.7
824.8
825.1
825.1
825.3
825.4
825.4
825.5
825.5
825.6
825.8
825.8
825.9
826.0
826.0
826.2
826.2
826.2
826.3
826.5
826.6
826.6
826.7
826.7
826.8
827.0
827.0
827.0
827.4
827.5
827.6
827.6
827.6
827.6
827.7
827.8
828.0
828.1
828.8
828.8
828.9
828.9
829.2
829.2
829.3
829.4
829.5
829.6
829.6
829.7
829.8
829.8
829.8
829.9
830.1
830.2
830.2
830.6
830.9
830.9
831.0
831.1
831.2
831.3
831.3
831.3
831.4
831.6
831.8
831.9
832.0
832.0
832.0
832.1
832.1
832.1
832.3
832.3
832.4
832.4
832.4
832.5
832.5
832.5
832.5
833.2
833.3
833.5
833.6
833.6
833.7
833.7
834.0
834.0
834.0
834.1
834.3
834.4
834.5
834.5
834.5
834.6
834.7
834.8
835.0
835.0
835.1
835.1
835.3
835.4
835.7
835.8
835.8
835.8
835.9
836.0
836.0
836.1
836.3
836.4
836.4
836.5
836.6
836.7
836.8
837.0
837.0
837.0
837.2
837.3
837.6
837.7
837.8
837.9
838.2
838.2
838.4
838.5
838.5
838.5
838.6
838.7
838.8
838.9
839.0
839.0
839.1
839.1
839.2
839.4
839.5
839.6
839.6
839.6
839.8
839.8
840.2
840.2
840.2
840.2
840.2
840.3
840.3
840.4
840.5
840.5
840.5
840.6
840.7
840.7
840.7
840.7
840.9
841.0
841.0
841.0
841.1
841.1
841.3
841.3
841.5
841.8
842.0
842.1
842.1
842.2
842.3
842.4
842.4
842.4
842.5
842.7
843.0
843.0
843.1
843.2
843.3
843.3
843.3
843.5
843.6
843.7
843.9
844.0
844.0
844.3
844.6
845.0
845.0
845.1
845.2
845.2
845.5
845.5
845.7
845.8
846.0
846.0
846.2
846.4
846.5
846.6
846.7
846.7
846.8
846.9
846.9
847.2
847.2
847.8
847.9
848.0
848.0
848.1
848.3
848.3
848.5
848.9
849.0
849.0
849.1
849.4
849.4
849.7
849.7
849.7
850.0
850.1
850.2
850.3
850.5
851.0
851.0
851.2
851.4
851.5
851.6
851.6
851.6
851.7
851.7
852.1
852.2
852.3
852.3
852.4
852.7
852.7
852.7
852.8
852.9
852.9
853.0
853.0
853.2
853.4
853.5
854.0
854.1
854.2
854.2
854.4
854.4
854.5
854.5
855.0
855.3
855.3
855.4
855.8
855.8
856.0
856.0
856.2
856.2
856.3
856.4
856.5
856.7
856.7
856.9
857.0
857.2
857.5
857.7
857.9
857.9
858.0
858.0
858.1
858.3
858.4
858.5
858.5
858.6
858.7
858.7
858.8
858.8
858.9
858.9
859.0
859.2
859.3
859.5
859.6
859.7
859.7
859.9
859.9
860.0
860.2
860.3
860.4
860.5
860.6
860.6
860.8
861.0
861.4
861.9
861.9
861.9
862.1
862.1
862.3
862.3
862.5
862.5
862.7
863.0
863.0
863.2
863.2
863.2
863.3
863.4
863.4
863.6
863.6
863.7
863.7
863.9
864.3
864.4
864.4
864.6
864.9
865.6
865.8
866.0
866.1
866.2
866.2
866.6
866.7
866.9
867.1
867.2
867.8
868.0
868.1
868.1
868.2
868.6
868.9
869.5
869.7
869.8
869.8
869.9
870.0
870.2
870.2
870.2
870.3
870.9
871.2
871.7
871.8
871.9
872.2
872.3
872.7
872.8
872.9
873.4
873.4
873.5
873.7
873.7
873.7
873.9
873.9
874.3
874.5
874.8
874.8
874.8
874.8
875.0
875.0
875.3
875.7
875.9
876.0
876.0
876.1
876.2
876.9
876.9
877.8
877.9
878.9
878.9
879.2
879.9
880.3
880.9
881.6
881.6
882.1
883.2
885.4
886.3
886.3
886.3
886.8
886.9
889.5
889.5
891.3
894.1
894.6
896.4
901.6
902.6
909.6
1000.9
1000.9
1000.9
1001.0
1001.0
1001.0
1001.0
1001.0
1001.0
1001.0
1001.0
1001.1
1001.1
1001.1
1001.1
1001.1
1001.1
1001.1
1001.1
1001.1
1001.1
1001.1
1001.1
1001.1
1001.1
1001.1
1001.1
1001.1
1001.2
1001.2
1001.2
1001.2
1001.2
1001.2
1001.2
1001.2
1001.2
1001.2
1001.2
1001.2
1001.2
1001.2
1001.2
1001.2
1001.2
1001.2
1001.2
1001.2
1001.2
1001.2
1001.2
1001.2
1001.2
1001.2
1001.2
1001.3
1001.3
1001.3
1001.3
1001.3
1001.3
1001.3
1001.3
1001.3
1001.3
1001.4
1001.4
1001.4
1001.4
1001.4
1001.4
1001.5
1001.5
1001.5
1001.7
1001.7
1001.7
1001.7
1001.8
1001.8
1001.8
1001.9
1001.9
1002.0
1002.2
1002.3
1002.5
1002.6
1002.7
1002.7
1002.8
1003.2
1003.2
1003.3
1004.0
1004.3
1004.4
1004.7
1005.8
1006.0
1012.7
1012.7
1012.7
1012.8
1012.8
1012.8
1012.9
1012.9
1012.9
1012.9
1012.9
1012.9
1012.9
1012.9
1013.0
1013.0
1013.0
1013.0
1013.0
1013.0
1013.0
1013.0
1013.0
1013.0
1013.0
1013.0
1013.0
1013.0
1013.0
1013.0
1013.0
1013.0
1013.0
1013.0
1013.1
1013.1
1013.1
1013.1
1013.1
1013.1
1013.1
1013.1
1013.1
1013.1
1013.1
1013.1
1013.1
1013.1
1013.1
1013.2
1013.2
1013.2
1013.2
1013.2
1013.2
1013.2
1013.2
1013.2
1013.2
1013.2
1013.2
1013.3
1013.3
1013.3
1013.3
1013.3
1013.4
1013.4
1013.4
1013.4
1013.4
1013.4
1013.4
1013.5
1013.6
1013.6
1013.7
1013.7
1013.7
1013.8
1013.8
1013.9
1013.9
1014.0
1014.2
1014.3
1014.7
1014.7
1014.9
1014.9
1015.0
1015.5
1015.6
1015.6
1016.7
1017.2
1017.3
1017.6
1019.5
1019.9
1022.8
1022.9
1023.0
1023.2
1023.2
1023.3
1023.3
1023.3
1023.3
1023.4
1023.4
1023.4
1023.4
1023.4
1023.4
1023.5
1023.5
1023.5
1023.5
1023.5
1023.5
1023.5
1023.6
1023.6
1023.6
1023.6
1023.6
1023.6
1023.6
1023.6
1023.6
1023.6
1023.6
1023.6
1023.6
1023.7
1023.7
1023.7
1023.7
1023.7
1023.7
1023.7
1023.7
1023.7
1023.7
1023.7
1023.8
1023.8
1023.8
1023.8
1023.8
1023.8
1023.8
1023.8
1023.8
1023.8
1023.9
1023.9
1023.9
1023.9
1023.9
1023.9
1024.0
1024.0
1024.0
1024.0
1024.1
1024.1
1024.1
1024.1
1024.1
1024.2
1024.2
1024.3
1024.3
1024.4
1024.4
1024.5
1024.5
1024.6
1024.6
1024.6
1024.7
1024.8
1025.1
1025.2
1025.6
1025.6
1025.8
1025.8
1026.0
1026.5
1026.6
1026.7
1028.0
1028.5
1028.6
1029.0
1030.3
1030.3
1030.4
1030.5
1030.5
1030.6
1030.6
1030.6
1030.6
1030.6
1030.6
1030.6
1030.6
1030.7
1030.7
1030.7
1030.7
1030.7
1030.7
1030.8
1030.8
1030.8
1030.8
1030.8
1030.8
1030.8
1030.8
1030.8
1030.8
1030.8
1030.8
1030.8
1030.9
1030.9
1030.9
1030.9
1030.9
1030.9
1030.9
1030.9
1030.9
1031.0
1031.0
1031.0
1031.0
1031.0
1031.0
1031.0
1031.0
1031.0
1031.0
1031.1
1031.1
1031.2
1031.2
1031.2
1031.2
1031.2
1031.3
1031.4
1031.4
1031.5
1031.5
1031.5
1031.6
1031.7
1031.7
1031.8
1031.8
1031.9
1032.0
1032.0
1032.0
1032.1
1032.1
1032.2
1032.2
1032.2
1032.4
1032.4
1032.4
1032.5
1032.6
1032.7
1032.8
1033.0
1033.1
1033.1
1033.3
1033.3
1033.5
1033.6
1033.8
1034.0
1034.2
1034.4
1034.4
1034.5
1034.6
1034.6
1034.6
1034.6
1034.6
1034.7
1034.7
1034.8
1034.8
1034.8
1034.8
1034.8
1034.8
1034.9
1034.9
1034.9
1034.9
1035.0
1035.0
1035.0
1035.0
1035.0
1035.1
1035.1
1035.1
1035.1
1035.1
1035.1
1035.1
1035.1
1035.1
1035.1
1035.1
1035.1
1035.2
1035.2
1035.3
1035.3
1035.3
1035.3
1035.4
1035.4
1035.4
1035.4
1035.4
1035.4
1035.5
1035.5
1035.5
1035.5
1035.5
1035.5
1035.6
1035.6
1035.6
1035.6
1035.6
1035.6
1035.6
1035.8
1035.9
1035.9
1036.0
1036.0
1036.1
1036.3
1036.4
1036.4
1036.5
1036.7
1036.7
1036.7
1036.8
1036.9
1037.0
1037.0
1037.2
1037.4
1037.5
1037.7
1038.2
1038.2
1038.2
1038.2
1038.3
1038.8
1038.9
1038.9
1039.1
1039.2
1039.3
1039.5
1039.5
1039.8
1039.9
1039.9
1040.0
1040.0
1040.1
1040.1
1040.1
1040.2
1040.2
1040.2
1040.2
1040.3
1040.4
1040.5
1040.5
1040.5
1040.5
1040.5
1040.6
1040.6
1040.7
1040.7
1040.8
1040.8
1040.8
1040.8
1040.8
1040.8
1040.8
1040.8
1040.9
1040.9
1040.9
1041.0
1041.0
1041.0
1041.0
1041.1
1041.1
1041.2
1041.3
1041.3
1041.4
1041.4
1041.4
1041.4
1041.4
1041.4
1041.4
1041.5
1041.5
1041.5
1041.5
1041.5
1041.5
1041.6
1041.6
1041.7
1041.7
1041.7
1041.8
1041.8
1041.8
1041.9
1042.0
1042.2
1042.3
1042.3
1042.3
1042.5
1042.5
1042.9
1042.9
1043.0
1043.1
1043.1
1043.2
1043.2
1043.2
1043.6
1043.7
1043.7
1044.1
1044.3
1044.3
1044.6
1044.6
1044.7
1044.8
1045.1
1045.3
1045.5
1045.6
1045.7
1045.7
1045.8
1045.9
1045.9
1045.9
1045.9
1046.0
1046.0
1046.0
1046.1
1046.1
1046.2
1046.3
1046.3
1046.4
1046.5
1046.5
1046.5
1046.5
1046.6
1046.6
1046.6
1046.6
1046.7
1046.7
1046.8
1046.8
1046.9
1046.9
1046.9
1046.9
1046.9
1046.9
1046.9
1047.0
1047.0
1047.1
1047.1
1047.1
1047.2
1047.3
1047.3
1047.3
1047.3
1047.4
1047.4
1047.5
1047.6
1047.6
1047.7
1047.7
1047.7
1047.7
1047.7
1047.7
1047.8
1047.8
1047.8
1047.9
1047.9
1048.0
1048.0
1048.0
1048.1
1048.1
1048.1
1048.1
1048.1
1048.3
1048.4
1048.5
1048.7
1048.9
1049.1
1049.1
1049.6
1049.7
1049.8
1050.0
1050.0
1050.1
1050.3
1050.5
1050.6
1050.8
1051.3
1051.4
1051.9
1052.2
1052.5
1052.6
1052.8
1053.0
1053.0
1053.3
1053.4
1053.4
1053.8
1053.8
1053.8
1053.9
1053.9
1053.9
1053.9
1054.0
1054.0
1054.1
1054.1
1054.2
1054.2
1054.2
1054.2
1054.3
1054.3
1054.3
1054.4
1054.4
1054.4
1054.4
1054.5
1054.5
1054.5
1054.6
1054.6
1054.6
1054.6
1054.6
1054.6
1054.7
1054.7
1054.7
1054.7
1054.7
1054.7
1054.7
1054.8
1054.8
1054.8
1054.8
1054.8
1054.9
1054.9
1054.9
1054.9
1055.0
1055.0
1055.0
1055.0
1055.2
1055.2
1055.2
1055.2
1055.2
1055.2
1055.3
1055.3
1055.3
1055.3
1055.4
1055.4
1055.4
1055.4
1055.4
1055.5
1055.5
1055.6
1055.7
1055.7
1055.8
1055.8
1056.1
1056.2
1056.3
1056.4
1056.5
1056.5
1056.6
1056.7
1056.7
1056.9
1057.0
1057.0
1057.2
1057.4
1057.7
1057.7
1057.8
1057.8
1057.9
1058.2
1058.2
1058.2
1058.3
1058.3
1058.4
1058.5
1058.5
1058.5
1058.5
1058.6
1058.6
1058.6
1058.7
1058.8
1058.8
1058.8
1058.9
1059.0
1059.0
1059.0
1059.0
1059.0
1059.0
1059.1
1059.1
1059.1
1059.1
1059.2
1059.2
1059.2
1059.2
1059.2
1059.2
1059.2
1059.3
1059.3
1059.3
1059.3
1059.3
1059.5
1059.5
1059.5
1059.6
1059.6
1059.6
1059.6
1059.6
1059.6
1059.7
1059.7
1059.8
1059.8
1059.8
1059.8
1059.8
1059.9
1059.9
1059.9
1059.9
1059.9
1060.0
1060.0
1060.2
1060.2
1060.3
1060.4
1060.5
1060.6
1060.6
1060.6
1060.7
1060.8
1060.8
1060.8
1060.9
1060.9
1061.1
1061.5
1061.5
1061.6
1061.7
1061.7
1061.8
1061.8
1061.8
1061.9
1062.0
1062.0
1062.0
1062.4
1062.4
1062.5
1062.5
1062.6
1062.7
1062.7
1062.8
1062.8
1062.8
1062.8
1062.8
1062.8
1062.9
1063.0
1063.0
1063.0
1063.0
1063.1
1063.2
1063.2
1063.2
1063.2
1063.3
1063.3
1063.3
1063.5
1063.5
1063.5
1063.6
1063.6
1063.6
1063.6
1063.6
1063.7
1063.7
1063.7
1063.7
1063.8
1063.8
1063.8
1063.9
1063.9
1064.2
1064.2
1064.3
1064.3
1064.3
1064.3
1064.3
1064.3
1064.3
1064.4
1064.4
1064.4
1064.5
1064.5
1064.5
1064.6
1064.7
1064.7
1064.7
1064.7
1064.7
1064.8
1064.8
1064.8
1064.8
1064.8
1064.9
1064.9
1065.1
1065.2
1065.5
1065.6
1065.8
1065.8
1065.8
1065.9
1066.0
1066.1
1066.1
1066.4
1066.5
1066.5
1066.6
1066.7
1066.8
1066.9
1066.9
1067.0
1067.1
1067.1
1067.3
1067.3
1067.3
1067.3
1067.4
1067.5
1067.6
1067.6
1067.6
1067.8
1067.9
1068.0
1068.0
1068.1
1068.1
1068.1
1068.1
1068.2
1068.2
1068.3
1068.3
1068.3
1068.3
1068.4
1068.4
1068.4
1068.4
1068.5
1068.6
1068.6
1068.7
1068.7
1068.7
1068.7
1068.7
1068.7
1068.8
1068.8
1068.9
1068.9
1069.0
1069.0
1069.0
1069.2
1069.3
1069.3
1069.3
1069.4
1069.4
1069.5
1069.5
1069.6
1069.6
1069.6
1069.6
1069.7
1069.7
1069.8
1069.8
1069.8
1069.8
1069.8
1069.9
1069.9
1069.9
1069.9
1069.9
1070.0
1070.1
1070.1
1070.1
1070.1
1070.1
1070.2
1070.5
1070.6
1070.8
1070.9
1071.1
1071.1
1071.2
1071.3
1071.6
1071.7
1071.9
1071.9
1072.0
1072.1
1072.1
1072.2
1072.5
1072.6
1072.6
1072.6
1072.8
1072.9
1072.9
1073.0
1073.0
1073.0
1073.2
1073.2
1073.2
1073.3
1073.4
1073.5
1073.6
1073.7
1073.7
1073.8
1074.0
1074.0
1074.0
1074.1
1074.1
1074.2
1074.2
1074.3
1074.3
1074.3
1074.3
1074.5
1074.5
1074.5
1074.5
1074.5
1074.7
1074.7
1074.7
1074.7
1074.8
1074.8
1074.8
1074.8
1074.9
1075.0
1075.0
1075.0
1075.0
1075.1
1075.2
1075.2
1075.3
1075.3
1075.5
1075.5
1075.5
1075.6
1075.7
1075.8
1075.8
1075.8
1075.8
1075.8
1075.9
1075.9
1075.9
1076.0
1076.1
1076.1
1076.2
1076.2
1076.2
1076.2
1076.3
1076.3
1076.3
1076.3
1076.6
1076.6
1076.7
1076.7
1076.8
1077.0
1077.2
1077.2
1077.2
1077.2
1077.5
1077.5
1077.5
1077.7
1077.8
1077.8
1077.9
1078.1
1078.1
1078.1
1078.3
1078.4
1078.4
1078.4
1078.5
1078.5
1078.6
1078.6
1078.6
1078.7
1078.8
1078.8
1078.8
1078.9
1079.0
1079.0
1079.0
1079.1
1079.1
1079.2
1079.3
1079.3
1079.3
1079.4
1079.4
1079.4
1079.5
1079.5
1079.6
1079.6
1079.7
1079.7
1079.7
1079.7
1079.8
1079.8
1079.9
1079.9
1079.9
1079.9
1079.9
1079.9
1080.0
1080.0
1080.0
1080.0
1080.1
1080.1
1080.1
1080.3
1080.5
1080.5
1080.5
1080.6
1080.6
1080.6
1080.6
1080.6
1080.7
1080.7
1080.8
1080.8
1080.9
1080.9
1081.0
1081.0
1081.0
1081.1
1081.1
1081.1
1081.2
1081.2
1081.2
1081.3
1081.5
1081.5
1081.5
1081.6
1081.9
1081.9
1081.9
1082.1
1082.2
1082.3
1082.4
1082.5
1082.5
1082.5
1082.6
1082.7
1082.8
1083.0
1083.0
1083.1
1083.1
1083.1
1083.1
1083.3
1083.3
1083.4
1083.4
1083.5
1083.5
1083.6
1083.6
1083.6
1083.6
1083.7
1083.7
1083.8
1083.8
1083.9
1083.9
1083.9
1083.9
1084.0
1084.0
1084.1
1084.2
1084.2
1084.2
1084.3
1084.4
1084.4
1084.4
1084.4
1084.4
1084.6
1084.6
1084.6
1084.6
1084.7
1084.7
1084.7
1084.7
1084.8
1084.8
1084.9
1084.9
1085.2
1085.3
1085.4
1085.5
1085.5
1085.5
1085.5
1085.6
1085.6
1085.6
1085.6
1085.7
1085.7
1085.7
1085.7
1085.8
1085.8
1085.8
1085.8
1085.9
1086.0
1086.1
1086.1
1086.2
1086.2
1086.2
1086.2
1086.3
1086.4
1086.4
1086.5
1086.5
1086.7
1086.8
1086.9
1087.0
1087.0
1087.5
1087.5
1087.6
1087.6
1087.7
1087.8
1088.0
1088.0
1088.1
1088.1
1088.1
1088.1
1088.1
1088.1
1088.3
1088.4
1088.4
1088.6
1088.8
1088.8
1088.8
1088.9
1088.9
1088.9
1088.9
1089.0
1089.0
1089.1
1089.1
1089.1
1089.3
1089.3
1089.3
1089.5
1089.5
1089.6
1089.6
1089.6
1089.6
1089.7
1089.8
1089.8
1089.8
1089.9
1089.9
1090.0
1090.0
1090.0
1090.1
1090.1
1090.1
1090.2
1090.2
1090.3
1090.4
1090.4
1090.5
1090.6
1090.7
1090.8
1090.9
1091.0
1091.0
1091.1
1091.2
1091.2
1091.2
1091.4
1091.5
1091.5
1091.5
1091.6
1091.6
1091.6
1091.6
1091.7
1091.8
1091.9
1091.9
1092.0
1092.2
1092.4
1092.4
1092.5
1092.5
1092.6
1092.7
1092.7
1092.9
1092.9
1092.9
1093.0
1093.0
1093.4
1093.6
1093.6
1093.7
1093.8
1093.8
1093.9
1093.9
1094.0
1094.0
1094.1
1094.2
1094.2
1094.3
1094.4
1094.4
1094.6
1094.8
1094.9
1095.0
1095.1
1095.2
1095.3
1095.4
1095.4
1095.4
1095.4
1095.5
1095.5
1095.6
1095.6
1095.6
1095.7
1095.8
1096.0
1096.0
1096.0
1096.1
1096.1
1096.3
1096.3
1096.3
1096.4
1096.5
1096.5
1096.6
1096.6
1096.8
1096.8
1096.8
1096.8
1097.0
1097.1
1097.2
1097.3
1097.4
1097.4
1097.5
1097.5
1097.5
1097.6
1097.8
1097.9
1098.1
1098.1
1098.1
1098.2
1098.2
1098.3
1098.3
1098.7
1098.8
1098.8
1098.8
1098.8
1098.9
1099.0
1099.0
1099.1
1099.2
1099.2
1099.2
1099.4
1099.4
1099.5
1099.5
1099.7
1099.7
1099.8
1100.0
1100.1
1100.1
1100.1
1100.2
1100.3
1100.4
1100.5
1100.5
1100.7
1100.8
1100.8
1101.0
1101.0
1101.1
1101.2
1101.2
1101.2
1101.3
1101.4
1101.6
1101.9
1102.0
1102.0
1102.1
1102.1
1102.1
1102.1
1102.2
1102.4
1102.4
1102.6
1102.7
1102.8
1102.8
1102.8
1102.9
1102.9
1102.9
1103.0
1103.1
1103.1
1103.2
1103.3
1103.3
1103.4
1103.4
1103.5
1103.6
1103.7
1103.7
1103.8
1103.8
1103.9
1103.9
1104.0
1104.1
1104.1
1104.3
1104.3
1104.4
1104.5
1104.5
1104.6
1104.7
1105.0
1105.0
1105.1
1105.1
1105.1
1105.4
1105.5
1105.6
1105.6
1105.7
1106.0
1106.1
1106.1
1106.1
1106.2
1106.5
1106.5
1106.6
1106.7
1106.8
1106.8
1107.2
1107.4
1107.4
1107.4
1107.4
1107.5
1107.6
1107.6
1107.7
1107.8
1107.8
1108.1
1108.1
1108.4
1108.6
1108.6
1108.6
1108.7
1108.7
1108.8
1108.9
1109.2
1109.4
1109.5
1109.6
1109.6
1109.8
1109.9
1109.9
1110.0
1110.0
1110.1
1110.1
1110.2
1110.2
1110.5
1110.6
1110.6
1110.7
1110.7
1110.8
1111.0
1111.1
1111.2
1111.3
1111.4
1111.4
1111.4
1111.4
1111.4
1111.4
1111.6
1111.6
1111.7
1111.7
1111.7
1111.8
1111.8
1111.9
1111.9
1111.9
1112.0
1112.0
1112.1
1112.1
1112.2
1112.2
1112.4
1112.4
1112.6
1112.8
1112.9
1112.9
1113.0
1113.0
1113.2
1113.2
1113.3
1113.3
1113.4
1113.4
1113.5
1113.6
1113.7
1113.7
1113.8
1113.8
1113.8
1113.9
1114.0
1114.3
1114.3
1114.6
1114.6
1114.8
1114.8
1114.9
1114.9
1115.1
1115.1
1115.1
1115.1
1115.2
1115.4
1115.6
1115.6
1116.0
1116.0
1116.0
1116.2
1116.2
1116.4
1116.5
1116.5
1116.6
1116.6
1116.7
1117.0
1117.2
1117.4
1117.6
1117.6
1117.8
1118.2
1118.2
1118.3
1118.3
1118.4
1118.4
1118.4
1118.6
1118.7
1118.7
1118.7
1119.1
1119.1
1119.2
1119.3
1119.3
1119.6
1119.7
1119.9
1119.9
1120.0
1120.0
1120.2
1120.2
1120.3
1120.3
1120.4
1120.5
1120.6
1120.7
1120.9
1120.9
1120.9
1121.0
1121.0
1121.0
1121.0
1121.1
1121.1
1121.2
1121.3
1121.3
1121.4
1121.6
1121.8
1122.0
1122.2
1122.2
1122.4
1122.4
1122.5
1122.7
1122.7
1122.8
1122.8
1122.9
1122.9
1122.9
1122.9
1123.1
1123.1
1123.3
1123.3
1123.3
1123.4
1123.6
1123.7
1124.0
1124.0
1124.1
1124.2
1124.2
1124.2
1124.2
1124.3
1124.3
1124.6
1124.7
1124.7
1124.8
1124.8
1124.9
1125.0
1125.2
1125.2
1125.3
1125.3
1125.4
1125.4
1125.8
1126.1
1126.2
1126.2
1126.2
1126.3
1126.5
1126.6
1126.7
1126.7
1126.7
1127.1
1127.1
1127.4
1127.5
1127.6
1127.6
1127.8
1127.8
1127.9
1127.9
1128.1
1128.1
1128.3
1128.3
1128.3
1128.5
1128.6
1128.6
1128.7
1128.7
1128.8
1128.9
1129.0
1129.2
1129.2
1129.2
1129.3
1129.3
1129.4
1129.4
1129.4
1129.5
1129.6
1129.6
1129.7
1129.8
1129.9
1129.9
1130.4
1130.4
1130.5
1130.6
1130.7
1130.7
1130.9
1131.0
1131.1
1131.2
1131.2
1131.3
1131.5
1131.6
1131.7
1131.9
1132.0
1132.0
1132.0
1132.0
1132.1
1132.2
1132.2
1132.4
1132.5
1132.5
1132.9
1133.0
1133.3
1133.4
1133.5
1133.5
1133.8
1133.9
1134.0
1134.0
1134.0
1134.1
1134.2
1134.2
1134.6
1134.6
1134.7
1134.8
1135.0
1135.1
1135.3
1135.3
1135.4
1135.4
1135.4
1136.2
1136.2
1136.4
1136.4
1136.5
1136.7
1136.8
1136.9
1136.9
1137.6
1137.6
1137.7
1138.0
1138.1
1138.6
1138.6
1138.7
1138.7
1139.1
1139.3
1139.5
1139.6
1139.7
1139.7
1139.8
1139.8
1139.8
1139.9
1139.9
1139.9
1139.9
1139.9
1140.1
1140.2
1140.2
1140.2
1140.4
1140.6
1140.6
1140.7
1140.7
1140.8
1140.8
1141.1
1141.1
1141.2
1141.3
1141.4
1141.4
1141.6
1141.6
1141.7
1141.8
1141.9
1142.2
1142.3
1142.4
1142.6
1142.8
1142.8
1142.8
1142.9
1143.0
1143.0
1143.1
1143.1
1143.1
1143.2
1143.3
1143.4
1143.6
1143.6
1143.6
1143.9
1144.0
1144.1
1144.2
1144.2
1144.3
1144.5
1144.5
1144.7
1144.7
1144.8
1144.8
1144.9
1145.0
1145.1
1145.2
1145.2
1145.3
1145.5
1145.7
1145.8
1145.9
1146.2
1146.2
1146.2
1146.3
1146.6
1146.6
1147.0
1147.2
1147.3
1147.7
1147.7
1147.8
1147.8
1147.8
1148.1
1148.2
1148.4
1148.5
1148.9
1149.1
1149.2
1149.3
1149.6
1149.6
1149.8
1149.9
1150.2
1150.2
1150.6
1150.7
1150.7
1150.7
1150.7
1150.8
1150.8
1151.0
1151.2
1151.3
1151.4
1151.4
1151.6
1151.9
1152.0
1152.0
1152.2
1152.3
1152.3
1152.3
1152.3
1152.6
1152.6
1152.7
1152.8
1152.9
1153.4
1153.6
1154.1
1154.1
1154.2
1154.3
1154.4
1154.6
1154.6
1154.6
1154.7
1154.9
1155.0
1155.3
1155.8
1155.9
1156.1
1156.5
1156.6
1156.7
1156.9
1157.0
1157.1
1157.3
1157.5
1157.8
1158.0
1158.0
1158.2
1158.3
1158.6
1158.8
1159.9
1160.0
1160.1
1160.2
1160.2
1160.3
1161.0
1161.3
1163.6
1164.2
1164.3
1164.3
1165.8
1166.0
1166.5
1166.8
1167.1
1167.6
1168.7
1168.7
1169.6
1170.7
1172.6
1173.7
1175.3
1177.0
1179.4
1180.0
1180.5
1203.7
1203.7
1203.8
1203.8
1203.8
1203.8
1203.9
1203.9
1203.9
1203.9
1204.0
1204.0
1204.0
1204.0
1204.0
1204.1
1204.2
1204.2
1204.2
1204.3
1204.3
1204.4
1204.4
1204.5
1204.5
1204.6
1204.8
1204.8
1204.9
1205.1
1205.1
1205.2
1205.2
1205.4
1205.5
1205.5
1205.5
1205.5
1205.6
1205.7
1205.9
1205.9
1206.0
1206.0
1206.0
1206.2
1206.5
1206.6
1206.9
1207.0
1207.0
1207.2
1207.4
1207.5
1207.5
1207.5
1207.6
1207.7
1207.8
1207.8
1207.9
1207.9
1207.9
1208.0
1208.1
1208.1
1208.1
1208.3
1208.6
1208.7
1208.9
1209.2
1209.2
1209.3
1209.4
1209.4
1209.4
1209.7
1210.0
1210.1
1210.1
1210.2
1210.2
1210.4
1210.4
1210.4
1210.5
1211.0
1211.2
1211.2
1211.3
1211.4
1211.4
1211.9
1212.3
1212.5
1213.0
1213.3
1214.1
1214.2
1219.0
1219.2
1219.2
1219.3
1219.4
1219.4
1219.4
1219.5
1219.5
1219.6
1219.7
1219.7
1219.8
1219.8
1219.8
1219.9
1219.9
1220.0
1220.1
1220.1
1220.2
1220.3
1220.3
1220.3
1220.4
1220.4
1220.7
1221.0
1221.0
1221.2
1221.3
1221.5
1221.6
1221.6
1221.7
1221.7
1221.7
1221.8
1221.8
1222.0
1222.0
1222.1
1222.4
1222.5
1222.6
1222.7
1223.1
1223.2
1223.3
1223.3
1223.6
1223.7
1223.8
1224.3
1224.4
1224.8
1224.8
1225.4
1225.5
1225.5
1225.7
1225.7
1226.0
1226.0
1226.1
1226.6
1226.6
1226.8
1227.0
1227.2
1228.6
1228.9
1229.4
1229.4
1229.6
1229.7
1229.7
1230.0
1230.0
1230.1
1230.1
1230.1
1230.1
1230.3
1230.5
1230.5
1230.5
1230.6
1230.7
1230.9
1231.0
1231.2
1231.2
1231.4
1231.5
1231.6
1232.1
1232.1
1232.1
1232.1
1232.3
1232.3
1232.3
1232.4
1232.6
1233.3
1233.7
1233.9
1234.0
1234.1
1234.3
1234.8
1235.1
1235.2
1235.3
1235.3
1235.5
1235.5
1235.7
1235.8
1235.8
1235.8
1236.1
1236.2
1236.4
1236.7
1237.2
1237.3
1237.5
1237.8
1238.5
1238.6
1240.1
1241.4
1242.3
1242.4
1242.5
1243.5
1244.1
1245.6
1246.3
1247.1
1249.3
1250.6
1251.3
1251.3
1252.4
1257.9
1360.4
1360.4
1360.4
1360.5
1360.5
1360.5
1360.5
1360.5
1360.5
1360.5
1360.5
1360.6
1360.6
1360.6
1360.6
1360.6
1360.6
1360.6
1360.6
1360.6
1360.6
1360.6
1360.6
1360.6
1360.6
1360.6
1360.6
1360.6
1360.6
1360.6
1360.7
1360.7
1360.7
1360.7
1360.7
1360.7
1360.7
1360.7
1360.7
1360.7
1360.7
1360.7
1360.7
1360.7
1360.7
1360.7
1360.7
1360.7
1360.7
1360.7
1360.7
1360.7
1360.7
1360.7
1360.7
1360.8
1360.8
1360.8
1360.8
1360.8
1360.8
1360.8
1360.8
1360.8
1360.8
1360.8
1360.8
1360.8
1360.8
1360.8
1360.9
1360.9
1360.9
1360.9
1360.9
1360.9
1360.9
1360.9
1361.0
1361.0
1361.0
1361.0
1361.0
1361.1
1361.3
1361.5
1361.5
1361.6
1361.7
1361.7
1361.9
1362.1
1362.2
1362.4
1363.0
1363.3
1363.4
1363.8
1365.0
1365.2
1372.4
1372.6
1372.6
1372.6
1372.6
1372.7
1372.7
1372.7
1372.8
1372.8
1372.8
1372.8
1372.8
1372.8
1372.8
1372.8
1372.9
1372.9
1372.9
1372.9
1372.9
1372.9
1372.9
1372.9
1372.9
1372.9
1372.9
1372.9
1372.9
1373.0
1373.0
1373.0
1373.0
1373.0
1373.0
1373.0
1373.0
1373.0
1373.0
1373.0
1373.0
1373.0
1373.0
1373.0
1373.0
1373.0
1373.0
1373.0
1373.0
1373.1
1373.1
1373.1
1373.1
1373.1
1373.1
1373.1
1373.1
1373.1
1373.1
1373.1
1373.2
1373.2
1373.2
1373.2
1373.2
1373.2
1373.3
1373.3
1373.3
1373.3
1373.3
1373.4
1373.4
1373.4
1373.4
1373.4
1373.4
1373.4
1373.4
1373.4
1373.6
1373.6
1373.6
1373.7
1374.0
1374.2
1374.4
1374.5
1374.7
1374.7
1374.8
1375.2
1375.4
1375.6
1376.6
1377.0
1377.1
1377.6
1379.6
1380.0
1382.4
1382.6
1382.6
1382.7
1382.7
1382.8
1382.9
1382.9
1382.9
1382.9
1382.9
1383.0
1383.0
1383.0
1383.0
1383.1
1383.1
1383.1
1383.1
1383.1
1383.1
1383.1
1383.1
1383.1
1383.2
1383.2
1383.2
1383.2
1383.2
1383.2
1383.2
1383.2
1383.2
1383.2
1383.2
1383.3
1383.3
1383.3
1383.3
1383.3
1383.3
1383.3
1383.3
1383.3
1383.3
1383.3
1383.3
1383.3
1383.3
1383.3
1383.3
1383.3
1383.3
1383.4
1383.4
1383.4
1383.4
1383.4
1383.4
1383.5
1383.5
1383.5
1383.5
1383.5
1383.6
1383.6
1383.6
1383.7
1383.7
1383.7
1383.7
1383.7
1383.7
1383.8
1383.8
1383.8
1383.8
1383.8
1383.9
1383.9
1383.9
1384.0
1384.1
1384.2
1384.5
1384.7
1385.0
1385.0
1385.2
1385.3
1385.3
1385.9
1386.0
1386.1
1387.4
1387.9
1388.0
1388.6
1389.0
1389.1
1389.2
1389.3
1389.3
1389.3
1389.3
1389.3
1389.3
1389.3
1389.3
1389.3
1389.4
1389.4
1389.4
1389.4
1389.4
1389.4
1389.4
1389.4
1389.5
1389.5
1389.5
1389.5
1389.5
1389.5
1389.5
1389.5
1389.5
1389.5
1389.5
1389.6
1389.6
1389.6
1389.6
1389.6
1389.6
1389.6
1389.6
1389.6
1389.6
1389.6
1389.6
1389.7
1389.7
1389.7
1389.7
1389.7
1389.7
1389.7
1389.8
1389.8
1389.8
1389.8
1389.8
1389.8
1389.9
1389.9
1390.0
1390.0
1390.0
1390.1
1390.1
1390.2
1390.2
1390.3
1390.4
1390.4
1390.4
1390.4
1390.6
1390.6
1390.6
1390.6
1390.7
1390.7
1390.8
1390.9
1390.9
1391.0
1391.1
1391.2
1391.4
1391.4
1391.4
1391.5
1391.7
1391.8
1391.9
1392.0
1392.1
1392.1
1392.4
1392.5
1392.8
1392.8
1393.2
1393.3
1393.4
1393.4
1393.4
1393.4
1393.4
1393.5
1393.5
1393.5
1393.5
1393.5
1393.5
1393.6
1393.6
1393.6
1393.6
1393.6
1393.6
1393.7
1393.7
1393.7
1393.7
1393.7
1393.7
1393.7
1393.7
1393.8
1393.8
1393.8
1393.8
1393.8
1393.8
1393.8
1393.8
1393.8
1393.9
1393.9
1393.9
1394.0
1394.0
1394.0
1394.0
1394.0
1394.0
1394.0
1394.0
1394.1
1394.1
1394.1
1394.1
1394.1
1394.1
1394.1
1394.1
1394.1
1394.2
1394.2
1394.2
1394.3
1394.4
1394.4
1394.4
1394.5
1394.6
1394.7
1394.8
1394.8
1394.8
1394.9
1394.9
1395.2
1395.2
1395.2
1395.2
1395.3
1395.3
1395.5
1395.5
1395.9
1395.9
1396.0
1396.5
1396.5
1396.6
1396.7
1397.1
1397.4
1397.4
1397.4
1397.6
1398.0
1398.2
1398.3
1398.5
1398.7
1398.9
1398.9
1398.9
1398.9
1399.0
1399.0
1399.0
1399.1
1399.1
1399.2
1399.2
1399.2
1399.3
1399.3
1399.4
1399.4
1399.5
1399.5
1399.5
1399.5
1399.6
1399.6
1399.6
1399.6
1399.7
1399.7
1399.7
1399.7
1399.8
1399.8
1399.8
1399.9
1399.9
1399.9
1399.9
1400.0
1400.0
1400.0
1400.0
1400.0
1400.2
1400.2
1400.2
1400.2
1400.3
1400.3
1400.4
1400.4
1400.4
1400.4
1400.5
1400.5
1400.5
1400.5
1400.6
1400.7
1400.7
1400.7
1400.7
1400.8
1400.8
1400.9
1400.9
1401.0
1401.2
1401.2
1401.4
1401.4
1401.4
1401.6
1401.8
1401.9
1401.9
1402.0
1402.1
1402.1
1402.1
1402.2
1402.4
1402.5
1402.5
1402.6
1402.7
1403.0
1403.2
1403.2
1403.3
1403.5
1403.6
1403.6
1403.9
1403.9
1404.1
1404.2
1404.4
1404.4
1404.5
1404.5
1404.5
1404.5
1404.5
1404.6
1404.6
1404.6
1404.8
1404.8
1404.9
1404.9
1404.9
1405.0
1405.0
1405.0
1405.1
1405.1
1405.1
1405.1
1405.2
1405.2
1405.3
1405.3
1405.4
1405.4
1405.4
1405.5
1405.5
1405.5
1405.5
1405.6
1405.6
1405.6
1405.7
1405.8
1405.8
1405.9
1405.9
1406.0
1406.0
1406.0
1406.1
1406.2
1406.2
1406.2
1406.2
1406.3
1406.3
1406.4
1406.5
1406.5
1406.6
1406.6
1406.7
1406.7
1406.7
1406.8
1406.8
1407.0
1407.0
1407.0
1407.1
1407.1
1407.3
1407.3
1407.4
1407.5
1407.6
1407.7
1408.3
1408.5
1408.5
1409.2
1409.2
1409.4
1409.6
1409.6
1409.8
1410.1
1410.4
1410.5
1410.6
1410.6
1411.0
1411.2
1411.7
1411.8
1411.8
1411.9
1412.1
1412.1
1412.2
1412.3
1412.4
1412.4
1412.5
1412.5
1412.6
1412.6
1412.6
1412.6
1412.6
1412.6
1412.7
1412.7
1412.7
1412.7
1412.8
1412.8
1412.8
1412.8
1412.8
1412.9
1412.9
1412.9
1412.9
1412.9
1413.0
1413.0
1413.0
1413.0
1413.0
1413.0
1413.0
1413.0
1413.0
1413.1
1413.1
1413.1
1413.1
1413.1
1413.1
1413.1
1413.1
1413.2
1413.2
1413.2
1413.2
1413.2
1413.3
1413.3
1413.3
1413.4
1413.4
1413.4
1413.5
1413.5
1413.5
1413.5
1413.5
1413.5
1413.5
1413.6
1413.6
1413.6
1413.6
1413.6
1413.7
1413.7
1413.8
1413.8
1413.9
1414.0
1414.1
1414.1
1414.2
1414.3
1414.3
1414.5
1414.6
1414.8
1415.0
1415.0
1415.1
1415.3
1415.3
1415.5
1415.6
1415.8
1415.8
1416.1
1416.2
1416.3
1416.5
1416.6
1416.6
1416.7
1416.7
1416.7
1416.7
1416.7
1416.8
1416.8
1416.8
1416.9
1416.9
1416.9
1416.9
1416.9
1417.0
1417.0
1417.1
1417.1
1417.1
1417.1
1417.1
1417.1
1417.3
1417.3
1417.3
1417.3
1417.3
1417.3
1417.3
1417.3
1417.4
1417.4
1417.4
1417.4
1417.5
1417.5
1417.5
1417.5
1417.5
1417.6
1417.6
1417.7
1417.7
1417.8
1417.8
1417.8
1417.8
1417.8
1417.9
1417.9
1417.9
1417.9
1418.0
1418.1
1418.1
1418.1
1418.1
1418.1
1418.1
1418.2
1418.2
1418.3
1418.3
1418.3
1418.3
1418.4
1418.5
1418.6
1418.7
1418.8
1418.9
1418.9
1419.0
1419.0
1419.1
1419.1
1419.2
1419.5
1419.7
1419.8
1419.9
1419.9
1420.0
1420.1
1420.1
1420.2
1420.4
1420.5
1420.5
1420.5
1420.7
1420.8
1420.8
1420.9
1420.9
1420.9
1420.9
1421.0
1421.0
1421.0
1421.1
1421.1
1421.1
1421.2
1421.2
1421.3
1421.3
1421.3
1421.3
1421.4
1421.4
1421.4
1421.5
1421.6
1421.6
1421.6
1421.6
1421.6
1421.7
1421.7
1421.8
1421.8
1421.8
1421.8
1421.9
1421.9
1421.9
1422.0
1422.0
1422.0
1422.0
1422.1
1422.1
1422.3
1422.3
1422.3
1422.4
1422.4
1422.6
1422.6
1422.6
1422.6
1422.7
1422.7
1422.7
1422.7
1422.8
1422.8
1422.8
1422.9
1422.9
1422.9
1423.0
1423.1
1423.1
1423.1
1423.2
1423.2
1423.3
1423.4
1423.4
1423.4
1423.4
1423.6
1423.7
1423.7
1423.9
1423.9
1424.4
1424.4
1424.4
1424.6
1424.7
1424.9
1425.2
1425.3
1425.4
1425.4
1425.6
1425.6
1425.6
1425.8
1425.9
1425.9
1426.0
1426.0
1426.0
1426.1
1426.1
1426.2
1426.2
1426.3
1426.4
1426.4
1426.4
1426.4
1426.5
1426.5
1426.5
1426.5
1426.5
1426.5
1426.6
1426.7
1426.7
1426.8
1426.8
1426.8
1426.9
1426.9
1426.9
1426.9
1426.9
1427.0
1427.0
1427.0
1427.1
1427.1
1427.1
1427.1
1427.1
1427.2
1427.2
1427.2
1427.2
1427.2
1427.3
1427.4
1427.4
1427.5
1427.5
1427.7
1427.8
1427.9
1427.9
1427.9
1427.9
1428.0
1428.0
1428.0
1428.0
1428.1
1428.1
1428.1
1428.1
1428.2
1428.3
1428.3
1428.4
1428.5
1428.6
1428.6
1428.6
1428.6
1428.6
1428.7
1428.7
1428.8
1429.1
1429.1
1429.1
1429.4
1429.5
1429.7
1429.8
1429.8
1430.2
1430.2
1430.5
1430.7
1430.8
1430.9
1431.1
1431.3
1431.4
1431.4
1431.4
1431.5
1431.6
1431.6
1431.7
1431.9
1431.9
1432.0
1432.0
1432.1
1432.1
1432.2
1432.2
1432.3
1432.4
1432.4
1432.4
1432.5
1432.5
1432.6
1432.7
1432.7
1432.7
1432.8
1432.8
1432.8
1432.8
1432.8
1432.9
1432.9
1433.0
1433.0
1433.0
1433.0
1433.0
1433.1
1433.2
1433.2
1433.2
1433.2
1433.2
1433.2
1433.2
1433.3
1433.3
1433.3
1433.3
1433.4
1433.4
1433.5
1433.6
1433.6
1433.6
1433.7
1433.7
1433.8
1433.8
1433.8
1433.8
1433.9
1433.9
1433.9
1434.0
1434.0
1434.1
1434.1
1434.1
1434.2
1434.3
1434.3
1434.3
1434.4
1434.4
1434.5
1434.5
1434.5
1434.7
1434.9
1435.0
1435.0
1435.0
1435.2
1435.4
1435.4
1435.6
1435.6
1435.8
1435.9
1436.0
1436.0
1436.4
1436.5
1436.5
1436.6
1436.6
1436.7
1436.8
1436.8
1436.8
1436.8
1436.9
1436.9
1436.9
1436.9
1436.9
1437.0
1437.0
1437.1
1437.2
1437.2
1437.2
1437.3
1437.3
1437.3
1437.3
1437.3
1437.3
1437.3
1437.4
1437.4
1437.5
1437.5
1437.6
1437.6
1437.6
1437.6
1437.6
1437.6
1437.6
1437.7
1437.7
1437.7
1437.8
1437.8
1437.8
1437.8
1437.9
1437.9
1437.9
1437.9
1437.9
1438.1
1438.2
1438.2
1438.2
1438.3
1438.4
1438.4
1438.5
1438.5
1438.5
1438.5
1438.5
1438.5
1438.5
1438.6
1438.6
1438.6
1438.7
1438.7
1438.8
1438.9
1439.0
1439.0
1439.1
1439.1
1439.2
1439.2
1439.3
1439.4
1439.4
1439.4
1439.5
1439.9
1440.0
1440.0
1440.1
1440.3
1440.4
1440.4
1440.5
1440.6
1440.6
1440.7
1440.8
1440.8
1440.9
1441.0
1441.2
1441.2
1441.2
1441.2
1441.4
1441.4
1441.5
1441.5
1441.5
1441.6
1441.6
1441.7
1441.7
1441.7
1441.7
1441.7
1441.8
1441.8
1441.9
1442.0
1442.0
1442.1
1442.1
1442.1
1442.1
1442.2
1442.2
1442.3
1442.3
1442.4
1442.4
1442.4
1442.4
1442.4
1442.4
1442.5
1442.5
1442.6
1442.6
1442.7
1442.7
1442.7
1442.7
1442.7
1442.7
1442.9
1443.1
1443.1
1443.2
1443.2
1443.3
1443.3
1443.3
1443.4
1443.5
1443.6
1443.6
1443.6
1443.6
1443.7
1443.7
1443.7
1443.7
1443.8
1443.9
1443.9
1444.0
1444.1
1444.1
1444.2
1444.2
1444.2
1444.3
1444.4
1444.4
1444.5
1444.6
1444.8
1444.9
1444.9
1445.2
1445.2
1445.2
1445.2
1445.5
1445.5
1445.9
1445.9
1446.0
1446.0
1446.0
1446.1
1446.1
1446.1
1446.1
1446.2
1446.3
1446.4
1446.4
1446.5
1446.6
1446.8
1446.8
1446.9
1447.0
1447.0
1447.1
1447.1
1447.1
1447.2
1447.3
1447.5
1447.6
1447.6
1447.7
1447.7
1447.7
1447.7
1447.8
1447.8
1447.9
1447.9
1447.9
1447.9
1447.9
1447.9
1448.0
1448.0
1448.1
1448.1
1448.2
1448.2
1448.3
1448.3
1448.3
1448.4
1448.4
1448.5
1448.5
1448.6
1448.6
1448.7
1448.7
1448.8
1448.8
1448.9
1449.0
1449.0
1449.0
1449.1
1449.2
1449.5
1449.6
1449.7
1449.7
1449.8
1449.8
1449.8
1449.9
1449.9
1449.9
1450.0
1450.1
1450.3
1450.3
1450.4
1450.5
1450.5
1450.7
1450.7
1450.7
1450.8
1451.1
1451.2
1451.2
1451.3
1451.3
1451.4
1451.8
1452.0
1452.1
1452.3
1452.4
1452.5
1452.7
1452.8
1452.9
1452.9
1453.0
1453.0
1453.1
1453.2
1453.3
1453.3
1453.4
1453.4
1453.5
1453.7
1453.7
1453.7
1453.9
1453.9
1454.0
1454.1
1454.1
1454.2
1454.2
1454.2
1454.3
1454.3
1454.7
1454.8
1454.8
1454.8
1454.8
1454.9
1455.0
1455.0
1455.1
1455.1
1455.2
1455.3
1455.3
1455.3
1455.3
1455.3
1455.3
1455.5
1455.6
1455.6
1455.6
1455.7
1455.7
1455.8
1455.8
1455.8
1455.9
1456.0
1456.1
1456.1
1456.1
1456.2
1456.3
1456.3
1456.5
1456.7
1456.7
1457.0
1457.0
1457.0
1457.0
1457.1
1457.1
1457.1
1457.1
1457.2
1457.3
1457.3
1457.5
1457.5
1457.6
1457.6
1457.8
1457.9
1457.9
1457.9
1458.0
1458.2
1458.3
1458.3
1458.4
1458.4
1458.5
1458.6
1458.7
1458.8
1458.8
1459.0
1459.2
1459.2
1459.7
1459.8
1459.8
1459.8
1459.9
1460.0
1460.1
1460.3
1460.5
1460.6
1460.6
1460.6
1460.9
1460.9
1461.0
1461.0
1461.1
1461.2
1461.5
1461.5
1461.6
1461.6
1461.6
1461.8
1461.8
1461.9
1462.0
1462.1
1462.1
1462.6
1462.6
1462.6
1462.6
1462.6
1462.7
1462.7
1462.8
1462.8
1462.9
1463.0
1463.1
1463.1
1463.1
1463.2
1463.3
1463.3
1463.4
1463.5
1463.5
1463.5
1463.5
1463.6
1463.8
1464.0
1464.0
1464.1
1464.1
1464.1
1464.2
1464.2
1464.2
1464.2
1464.3
1464.4
1464.6
1464.8
1464.9
1465.0
1465.0
1465.0
1465.1
1465.1
1465.1
1465.6
1465.6
1465.8
1465.9
1465.9
1465.9
1466.0
1466.1
1466.2
1466.3
1466.4
1466.4
1466.5
1466.7
1466.7
1466.8
1466.8
1466.8
1467.0
1467.1
1467.2
1467.2
1467.5
1467.7
1467.7
1467.7
1468.0
1468.0
1468.0
1468.1
1468.2
1468.2
1468.4
1468.4
1468.5
1468.6
1468.7
1469.0
1469.0
1469.1
1469.1
1469.2
1469.2
1469.3
1469.3
1469.3
1469.5
1469.5
1469.7
1469.7
1469.8
1469.8
1470.0
1470.1
1470.2
1470.2
1470.3
1470.3
1470.4
1470.4
1470.5
1470.5
1470.5
1470.5
1470.5
1470.8
1470.8
1470.8
1470.9
1470.9
1470.9
1471.0
1471.1
1471.2
1471.4
1471.4
1471.5
1471.6
1471.6
1471.7
1471.7
1471.8
1471.8
1471.9
1471.9
1472.1
1472.2
1472.2
1472.5
1472.5
1472.5
1472.7
1472.8
1473.0
1473.1
1473.3
1473.6
1473.6
1473.7
1473.7
1473.8
1473.8
1473.9
1474.0
1474.0
1474.2
1474.2
1474.2
1474.2
1474.3
1474.4
1474.7
1474.8
1474.8
1474.9
1474.9
1474.9
1475.0
1475.3
1475.6
1475.7
1475.9
1475.9
1476.0
1476.1
1476.1
1476.1
1476.2
1476.2
1476.3
1476.7
1476.9
1477.1
1477.1
1477.2
1477.2
1477.4
1477.5
1477.5
1477.5
1477.7
1477.8
1477.8
1477.8
1478.0
1478.0
1478.1
1478.2
1478.4
1478.5
1478.5
1478.5
1478.6
1478.7
1478.7
1478.7
1478.8
1478.8
1478.8
1479.0
1479.0
1479.0
1479.2
1479.3
1479.3
1479.3
1479.3
1479.4
1479.4
1479.4
1479.5
1479.8
1479.8
1480.0
1480.0
1480.0
1480.0
1480.1
1480.2
1480.2
1480.2
1480.3
1480.4
1480.6
1480.6
1480.7
1480.7
1481.1
1481.2
1481.4
1481.4
1481.4
1481.4
1481.4
1481.5
1481.5
1481.5
1481.5
1481.5
1481.7
1482.1
1482.1
1482.1
1482.2
1482.2
1482.3
1482.3
1482.4
1482.4
1482.4
1482.5
1482.7
1482.8
1482.8
1483.2
1483.3
1483.4
1483.5
1483.6
1483.6
1483.6
1483.7
1484.2
1484.5
1484.5
1484.5
1485.0
1485.0
1485.0
1485.0
1485.2
1485.3
1485.4
1485.4
1485.4
1485.5
1485.6
1485.6
1485.6
1485.8
1485.9
1486.0
1486.0
1486.1
1486.2
1486.4
1486.5
1486.5
1486.5
1486.7
1486.9
1486.9
1486.9
1486.9
1486.9
1487.0
1487.2
1487.2
1487.3
1487.3
1487.4
1487.4
1487.5
1487.5
1487.5
1487.6
1487.8
1487.9
1488.0
1488.1
1488.1
1488.2
1488.2
1488.2
1488.3
1488.4
1488.4
1488.6
1488.6
1488.8
1488.8
1488.9
1489.0
1489.3
1489.6
1489.7
1489.9
1489.9
1490.0
1490.0
1490.2
1490.2
1490.3
1490.4
1490.4
1490.4
1490.6
1490.6
1490.7
1490.8
1490.9
1490.9
1490.9
1490.9
1491.0
1491.0
1491.3
1491.3
1491.5
1491.6
1491.8
1491.8
1491.8
1491.9
1492.1
1492.2
1492.3
1492.3
1492.4
1492.7
1492.8
1492.8
1493.1
1493.1
1493.2
1493.4
1493.6
1493.6
1493.7
1493.7
1493.8
1494.0
1494.1
1494.1
1494.3
1494.4
1494.6
1494.6
1494.6
1494.7
1494.7
1494.9
1494.9
1495.0
1495.0
1495.2
1495.2
1495.3
1495.3
1495.4
1495.6
1495.6
1495.6
1495.9
1495.9
1496.1
1496.2
1496.2
1496.2
1496.3
1496.4
1496.5
1496.5
1496.6
1496.6
1496.7
1496.8
1496.9
1497.0
1497.1
1497.2
1497.3
1497.3
1497.3
1497.4
1497.7
1497.8
1498.1
1498.2
1498.3
1498.4
1498.4
1498.5
1498.9
1498.9
1499.0
1499.0
1499.1
1499.1
1499.2
1499.3
1499.4
1499.4
1499.4
1499.4
1499.4
1499.4
1499.6
1499.6
1499.6
1499.7
1499.8
1499.9
1499.9
1500.2
1500.2
1500.2
1500.5
1500.5
1501.1
1501.1
1501.1
1501.1
1501.2
1501.6
1501.7
1501.8
1501.8
1502.0
1502.1
1502.1
1502.2
1502.3
1502.5
1502.7
1502.7
1503.0
1503.4
1503.4
1503.5
1503.5
1503.6
1503.7
1503.8
1503.9
1504.0
1504.0
1504.1
1504.2
1504.4
1504.5
1504.6
1504.6
1504.7
1505.0
1505.0
1505.1
1505.1
1505.5
1505.6
1505.8
1506.0
1506.0
1506.2
1506.5
1506.8
1506.9
1507.1
1507.1
1507.2
1507.2
1507.3
1507.4
1507.4
1507.7
1507.9
1507.9
1508.1
1508.2
1508.2
1508.4
1508.9
1509.2
1509.3
1509.4
1509.4
1510.2
1510.4
1510.6
1510.8
1511.4
1511.7
1511.8
1512.0
1512.1
1512.1
1512.2
1512.2
1512.3
1512.3
1512.4
1512.5
1512.6
1512.7
1512.7
1512.7
1512.7
1512.9
1512.9
1513.2
1513.2
1513.5
1513.6
1513.6
1513.8
1514.0
1514.0
1514.3
1514.3
1514.5
1514.6
1514.8
1515.1
1515.2
1515.3
1515.5
1515.6
1515.7
1515.7
1515.7
1515.8
1516.0
1516.0
1516.1
1516.1
1516.3
1516.3
1516.4
1516.5
1516.6
1516.7
1517.0
1517.5
1517.6
1517.6
1517.7
1517.9
1518.1
1518.2
1518.2
1518.2
1518.4
1518.5
1518.6
1518.6
1519.0
1519.1
1519.6
1520.1
1520.1
1520.3
1520.7
1520.7
1520.9
1520.9
1520.9
1521.1
1521.2
1521.3
1521.5
1521.7
1522.2
1522.6
1523.4
1523.8
1523.8
1523.8
1523.9
1523.9
1524.1
1524.4
1524.5
1524.6
1524.8
1525.1
1525.3
1525.7
1526.0
1526.2
1526.6
1526.8
1526.9
1527.0
1527.1
1527.1
1527.2
1527.6
1527.7
1527.9
1527.9
1528.4
1528.5
1529.2
1529.3
1529.7
1530.0
1530.5
1530.6
1530.7
1530.7
1530.7
1530.8
1531.5
1531.7
1532.0
1532.0
1533.1
1533.5
1534.0
1534.1
1534.3
1534.5
1535.4
1535.5
1535.9
1536.0
1536.1
1536.9
1537.4
1538.3
1538.7
1538.7
1538.9
1539.6
1539.8
1540.8
1542.8
1543.0
1543.1
1544.4
1544.6
1563.7
1569.2
1655.3
1655.4
1655.4
1655.4
1655.4
1655.4
1655.4
1655.5
1655.5
1655.5
1655.5
1655.5
1655.5
1655.5
1655.5
1655.5
1655.5
1655.5
1655.5
1655.5
1655.6
1655.6
1655.6
1655.6
1655.6
1655.6
1655.6
1655.6
1655.6
1655.6
1655.6
1655.6
1655.6
1655.6
1655.6
1655.6
1655.6
1655.6
1655.6
1655.6
1655.6
1655.6
1655.6
1655.6
1655.6
1655.6
1655.6
1655.6
1655.6
1655.6
1655.6
1655.6
1655.7
1655.7
1655.7
1655.7
1655.7
1655.7
1655.7
1655.7
1655.7
1655.7
1655.7
1655.7
1655.8
1655.8
1655.8
1655.8
1655.8
1655.8
1655.8
1655.8
1655.9
1655.9
1655.9
1655.9
1655.9
1656.0
1656.0
1656.0
1656.0
1656.0
1656.1
1656.1
1656.3
1656.4
1656.6
1656.6
1656.8
1656.8
1656.9
1657.2
1657.3
1657.3
1658.1
1658.4
1658.4
1658.7
1659.8
1660.1
1666.9
1666.9
1666.9
1667.0
1667.0
1667.0
1667.0
1667.0
1667.1
1667.1
1667.1
1667.1
1667.1
1667.1
1667.1
1667.1
1667.1
1667.1
1667.2
1667.2
1667.2
1667.2
1667.2
1667.2
1667.2
1667.2
1667.2
1667.2
1667.2
1667.2
1667.2
1667.2
1667.2
1667.2
1667.2
1667.2
1667.2
1667.3
1667.3
1667.3
1667.3
1667.3
1667.3
1667.3
1667.3
1667.3
1667.3
1667.3
1667.3
1667.3
1667.3
1667.3
1667.3
1667.3
1667.3
1667.3
1667.3
1667.4
1667.4
1667.4
1667.4
1667.4
1667.4
1667.4
1667.5
1667.5
1667.5
1667.5
1667.5
1667.5
1667.6
1667.6
1667.6
1667.6
1667.7
1667.7
1667.7
1667.8
1667.8
1667.8
1667.8
1667.9
1667.9
1668.0
1668.2
1668.3
1668.6
1668.7
1668.8
1668.8
1669.0
1669.4
1669.5
1669.5
1670.7
1671.1
1671.2
1671.5
1673.4
1673.9
1677.0
1677.2
1677.2
1677.4
1677.4
1677.4
1677.4
1677.4
1677.5
1677.5
1677.5
1677.5
1677.5
1677.5
1677.6
1677.6
1677.6
1677.6
1677.6
1677.6
1677.6
1677.6
1677.6
1677.6
1677.6
1677.7
1677.7
1677.7
1677.7
1677.7
1677.7
1677.7
1677.7
1677.7
1677.7
1677.7
1677.7
1677.7
1677.7
1677.7
1677.8
1677.8
1677.8
1677.8
1677.8
1677.8
1677.8
1677.8
1677.8
1677.8
1677.9
1677.9
1677.9
1677.9
1677.9
1677.9
1677.9
1677.9
1677.9
1677.9
1678.0
1678.0
1678.0
1678.0
1678.0
1678.1
1678.1
1678.1
1678.1
1678.1
1678.1
1678.2
1678.2
1678.3
1678.3
1678.3
1678.3
1678.4
1678.5
1678.5
1678.5
1678.5
1678.6
1678.8
1678.9
1679.0
1679.4
1679.5
1679.7
1679.7
1679.9
1680.4
1680.4
1680.5
1681.9
1682.4
1682.5
1682.9
1684.4
1684.5
1684.6
1684.6
1684.6
1684.6
1684.6
1684.6
1684.6
1684.6
1684.6
1684.6
1684.6
1684.7
1684.7
1684.7
1684.7
1684.7
1684.7
1684.8
1684.8
1684.8
1684.8
1684.8
1684.8
1684.8
1684.8
1684.8
1684.8
1684.8
1684.8
1684.9
1684.9
1684.9
1684.9
1684.9
1684.9
1684.9
1684.9
1684.9
1684.9
1685.0
1685.0
1685.0
1685.0
1685.0
1685.0
1685.0
1685.0
1685.0
1685.0
1685.1
1685.1
1685.1
1685.1
1685.2
1685.2
1685.2
1685.2
1685.3
1685.3
1685.4
1685.4
1685.5
1685.6
1685.6
1685.6
1685.7
1685.8
1685.8
1685.8
1685.9
1685.9
1686.0
1686.0
1686.1
1686.1
1686.1
1686.2
1686.2
1686.3
1686.3
1686.4
1686.5
1686.6
1686.7
1686.9
1686.9
1687.1
1687.1
1687.2
1687.3
1687.4
1687.7
1687.9
1688.1
1688.3
1688.4
1688.6
1688.6
1688.6
1688.7
1688.7
1688.7
1688.7
1688.8
1688.8
1688.8
1688.8
1688.8
1688.8
1688.8
1688.8
1688.9
1688.9
1689.0
1689.0
1689.0
1689.0
1689.0
1689.0
1689.1
1689.1
1689.1
1689.1
1689.1
1689.1
1689.1
1689.1
1689.1
1689.1
1689.2
1689.2
1689.2
1689.3
1689.3
1689.3
1689.3
1689.3
1689.3
1689.4
1689.4
1689.4
1689.4
1689.4
1689.5
1689.5
1689.5
1689.5
1689.5
1689.5
1689.5
1689.5
1689.5
1689.6
1689.6
1689.6
1689.6
1689.8
1689.9
1689.9
1689.9
1690.0
1690.3
1690.3
1690.3
1690.3
1690.7
1690.7
1690.7
1690.7
1690.7
1690.8
1690.9
1691.0
1691.3
1691.3
1691.5
1692.0
1692.0
1692.1
1692.1
1692.1
1692.6
1692.7
1692.8
1692.9
1693.1
1693.2
1693.3
1693.5
1693.8
1693.9
1694.0
1694.1
1694.1
1694.2
1694.2
1694.3
1694.3
1694.4
1694.4
1694.4
1694.5
1694.5
1694.6
1694.6
1694.7
1694.7
1694.7
1694.8
1694.8
1694.8
1694.8
1694.8
1694.9
1694.9
1694.9
1695.0
1695.0
1695.0
1695.0
1695.0
1695.0
1695.0
1695.0
1695.1
1695.1
1695.1
1695.2
1695.3
1695.3
1695.3
1695.4
1695.4
1695.5
1695.5
1695.5
1695.5
1695.5
1695.6
1695.6
1695.6
1695.6
1695.6
1695.6
1695.7
1695.7
1695.7
1695.7
1695.8
1695.8
1695.8
1695.9
1695.9
1695.9
1696.1
1696.2
1696.3
1696.3
1696.4
1696.5
1696.6
1696.7
1696.8
1696.8
1696.9
1697.0
1697.0
1697.0
1697.1
1697.5
1697.5
1697.5
1697.8
1697.9
1698.1
1698.2
1698.3
1698.4
1698.6
1698.8
1699.2
1699.3
1699.4
1699.5
1699.6
1699.7
1699.8
1699.8
1699.8
1699.9
1700.0
1700.0
1700.1
1700.2
1700.2
1700.3
1700.3
1700.3
1700.4
1700.4
1700.6
1700.6
1700.7
1700.7
1700.7
1700.7
1700.8
1700.8
1700.8
1700.9
1700.9
1701.0
1701.1
1701.1
1701.1
1701.1
1701.2
1701.2
1701.2
1701.2
1701.3
1701.4
1701.4
1701.5
1701.5
1701.6
1701.6
1701.6
1701.6
1701.7
1701.7
1701.7
1701.8
1701.9
1701.9
1701.9
1702.0
1702.0
1702.0
1702.0
1702.1
1702.1
1702.2
1702.3
1702.3
1702.4
1702.4
1702.4
1702.5
1702.5
1702.6
1702.6
1702.6
1702.6
1702.9
1703.1
1703.1
1703.5
1703.5
1703.7
1703.8
1704.0
1704.1
1704.1
1704.2
1704.5
1704.5
1704.7
1704.9
1705.3
1705.3
1705.6
1705.8
1706.3
1706.4
1706.4
1706.7
1706.9
1707.0
1707.2
1707.3
1707.5
1707.5
1707.5
1707.6
1707.6
1707.6
1707.6
1707.7
1707.7
1707.7
1707.8
1707.8
1707.9
1707.9
1707.9
1707.9
1707.9
1708.0
1708.0
1708.0
1708.0
1708.0
1708.1
1708.1
1708.2
1708.2
1708.2
1708.2
1708.2
1708.3
1708.3
1708.3
1708.3
1708.3
1708.3
1708.3
1708.3
1708.4
1708.5
1708.5
1708.5
1708.5
1708.5
1708.5
1708.5
1708.5
1708.5
1708.6
1708.6
1708.7
1708.8
1708.8
1708.9
1708.9
1708.9
1708.9
1708.9
1708.9
1709.0
1709.0
1709.0
1709.0
1709.0
1709.0
1709.1
1709.1
1709.2
1709.2
1709.3
1709.4
1709.5
1709.5
1709.6
1709.8
1709.8
1709.9
1710.1
1710.2
1710.2
1710.4
1710.4
1710.4
1710.7
1710.7
1710.8
1710.8
1711.0
1711.0
1711.2
1711.2
1711.4
1711.6
1711.7
1711.7
1711.7
1711.8
1711.8
1711.8
1712.0
1712.0
1712.0
1712.1
1712.1
1712.2
1712.2
1712.2
1712.3
1712.4
1712.4
1712.4
1712.4
1712.4
1712.4
1712.5
1712.5
1712.5
1712.5
1712.6
1712.6
1712.6
1712.6
1712.7
1712.7
1712.7
1712.7
1712.7
1712.8
1712.8
1712.8
1712.9
1712.9
1712.9
1713.0
1713.1
1713.2
1713.2
1713.2
1713.2
1713.2
1713.3
1713.3
1713.3
1713.4
1713.4
1713.4
1713.4
1713.4
1713.4
1713.5
1713.6
1713.6
1713.6
1713.6
1713.7
1713.7
1713.7
1713.9
1713.9
1714.0
1714.0
1714.1
1714.2
1714.2
1714.3
1714.3
1714.4
1714.5
1714.5
1714.6
1714.9
1715.1
1715.2
1715.2
1715.3
1715.3
1715.3
1715.4
1715.4
1715.4
1715.5
1715.6
1715.8
1716.0
1716.0
1716.1
1716.1
1716.1
1716.2
1716.2
1716.3
1716.3
1716.3
1716.4
1716.4
1716.4
1716.5
1716.5
1716.6
1716.6
1716.6
1716.7
1716.7
1716.8
1716.8
1716.9
1716.9
1717.0
1717.0
1717.1
1717.2
1717.2
1717.2
1717.2
1717.2
1717.3
1717.3
1717.3
1717.4
1717.4
1717.4
1717.5
1717.5
1717.6
1717.6
1717.6
1717.7
1717.8
1717.9
1717.9
1717.9
1718.0
1718.0
1718.1
1718.1
1718.1
1718.2
1718.2
1718.2
1718.2
1718.2
1718.2
1718.3
1718.3
1718.5
1718.5
1718.5
1718.5
1718.5
1718.5
1718.7
1718.8
1718.8
1718.8
1718.8
1719.0
1719.0
1719.2
1719.2
1719.2
1719.5
1719.6
1719.7
1719.7
1719.8
1720.0
1720.1
1720.1
1720.4
1720.4
1720.5
1720.5
1720.6
1720.8
1720.8
1720.8
1720.9
1720.9
1721.0
1721.0
1721.0
1721.1
1721.2
1721.2
1721.3
1721.4
1721.5
1721.6
1721.6
1721.7
1721.7
1721.7
1721.7
1721.8
1721.8
1721.8
1721.8
1722.0
1722.0
1722.0
1722.1
1722.1
1722.2
1722.2
1722.2
1722.2
1722.2
1722.3
1722.4
1722.4
1722.4
1722.5
1722.5
1722.6
1722.6
1722.6
1722.6
1722.7
1722.8
1722.8
1722.8
1723.0
1723.0
1723.1
1723.1
1723.3
1723.3
1723.4
1723.4
1723.4
1723.4
1723.5
1723.5
1723.5
1723.5
1723.6
1723.6
1723.6
1723.6
1723.7
1723.7
1723.8
1723.8
1723.8
1723.9
1723.9
1723.9
1724.1
1724.1
1724.1
1724.2
1724.4
1724.5
1724.6
1724.6
1724.8
1725.0
1725.1
1725.2
1725.3
1725.5
1725.8
1725.8
1725.9
1725.9
1726.2
1726.2
1726.3
1726.4
1726.4
1726.4
1726.5
1726.6
1726.6
1726.7
1726.7
1726.8
1726.9
1727.0
1727.0
1727.0
1727.1
1727.3
1727.4
1727.4
1727.4
1727.6
1727.6
1727.6
1727.6
1727.7
1727.7
1727.7
1727.8
1727.8
1727.9
1728.0
1728.0
1728.0
1728.1
1728.1
1728.1
1728.1
1728.2
1728.2
1728.3
1728.3
1728.3
1728.3
1728.4
1728.5
1728.5
1728.5
1728.5
1728.6
1728.7
1728.7
1728.7
1728.8
1728.9
1729.1
1729.2
1729.2
1729.2
1729.2
1729.2
1729.2
1729.4
1729.4
1729.4
1729.4
1729.5
1729.6
1729.6
1729.7
1729.7
1729.8
1729.8
1729.8
1729.9
1729.9
1729.9
1729.9
1729.9
1730.0
1730.0
1730.0
1730.3
1730.4
1730.5
1730.7
1730.7
1730.7
1730.8
1730.8
1730.9
1730.9
1731.1
1731.1
1731.3
1731.4
1731.5
1731.5
1731.6
1731.6
1731.7
1731.7
1731.8
1731.8
1731.9
1732.0
1732.0
1732.0
1732.0
1732.1
1732.2
1732.2
1732.2
1732.2
1732.3
1732.3
1732.3
1732.5
1732.5
1732.5
1732.5
1732.5
1732.6
1732.6
1732.6
1732.7
1732.7
1732.7
1732.8
1732.8
1732.9
1732.9
1732.9
1733.0
1733.0
1733.1
1733.1
1733.1
1733.1
1733.2
1733.2
1733.2
1733.2
1733.3
1733.3
1733.4
1733.5
1733.6
1733.6
1733.8
1733.8
1733.9
1733.9
1733.9
1734.0
1734.0
1734.0
1734.0
1734.0
1734.1
1734.1
1734.2
1734.2
1734.3
1734.3
1734.4
1734.5
1734.5
1734.6
1734.6
1734.6
1734.7
1734.8
1734.8
1734.8
1734.9
1735.1
1735.1
1735.2
1735.3
1735.5
1735.5
1735.6
1735.6
1735.7
1735.7
1735.8
1735.9
1736.0
1736.2
1736.2
1736.2
1736.3
1736.4
1736.4
1736.5
1736.5
1736.6
1736.6
1736.7
1736.8
1736.9
1736.9
1736.9
1736.9
1736.9
1737.0
1737.0
1737.0
1737.1
1737.2
1737.2
1737.3
1737.3
1737.4
1737.5
1737.5
1737.6
1737.6
1737.6
1737.6
1737.6
1737.7
1737.7
1737.8
1737.8
1737.9
1737.9
1737.9
1737.9
1738.0
1738.0
1738.0
1738.1
1738.1
1738.1
1738.3
1738.3
1738.4
1738.7
1738.7
1738.8
1738.9
1738.9
1738.9
1739.0
1739.1
1739.1
1739.1
1739.2
1739.2
1739.2
1739.2
1739.2
1739.2
1739.3
1739.4
1739.4
1739.5
1739.5
1739.6
1739.6
1739.8
1739.8
1739.8
1739.9
1740.1
1740.1
1740.2
1740.3
1740.3
1740.3
1740.3
1740.4
1740.7
1740.7
1740.8
1740.8
1740.9
1741.0
1741.1
1741.2
1741.2
1741.3
1741.3
1741.3
1741.3
1741.4
1741.4
1741.6
1741.6
1741.7
1741.7
1741.9
1741.9
1742.2
1742.2
1742.2
1742.2
1742.3
1742.3
1742.4
1742.6
1742.6
1742.7
1742.7
1742.9
1742.9
1742.9
1743.0
1743.0
1743.0
1743.1
1743.1
1743.1
1743.2
1743.2
1743.3
1743.3
1743.4
1743.5
1743.6
1743.6
1743.6
1743.6
1743.7
1743.7
1743.8
1743.8
1743.8
1743.9
1743.9
1744.1
1744.1
1744.3
1744.3
1744.4
1744.5
1744.7
1744.8
1744.8
1744.9
1745.0
1745.1
1745.4
1745.5
1745.5
1745.5
1745.5
1745.6
1745.6
1745.6
1745.7
1745.8
1745.8
1745.9
1745.9
1745.9
1746.0
1746.3
1746.4
1746.4
1746.6
1746.6
1746.6
1746.7
1746.8
1747.0
1747.0
1747.1
1747.1
1747.2
1747.2
1747.4
1747.4
1747.5
1747.5
1747.6
1747.6
1747.6
1747.8
1747.9
1748.0
1748.1
1748.1
1748.3
1748.3
1748.4
1748.5
1748.6
1748.7
1748.7
1748.8
1748.9
1749.0
1749.1
1749.1
1749.2
1749.2
1749.3
1749.3
1749.6
1749.6
1749.8
1749.9
1749.9
1750.0
1750.0
1750.0
1750.0
1750.1
1750.1
1750.2
1750.2
1750.3
1750.3
1750.4
1750.5
1750.5
1750.6
1750.6
1750.7
1750.9
1751.0
1751.0
1751.0
1751.1
1751.1
1751.2
1751.2
1751.4
1751.7
1751.7
1751.7
1751.8
1751.9
1752.0
1752.0
1752.3
1752.3
1752.3
1752.4
1752.5
1752.6
1752.7
1752.7
1752.8
1753.0
1753.0
1753.0
1753.1
1753.1
1753.2
1753.3
1753.3
1753.4
1753.4
1753.5
1753.7
1753.7
1753.8
1753.9
1754.0
1754.0
1754.0
1754.0
1754.1
1754.2
1754.2
1754.3
1754.5
1754.5
1754.5
1754.6
1754.6
1754.7
1755.0
1755.0
1755.3
1755.5
1755.6
1755.7
1755.7
1755.7
1755.7
1755.9
1755.9
1755.9
1756.1
1756.3
1756.5
1756.6
1756.6
1756.7
1756.7
1756.7
1756.7
1757.0
1757.0
1757.1
1757.2
1757.3
1757.4
1757.4
1757.5
1757.5
1757.6
1757.6
1757.6
1757.6
1757.7
1757.7
1757.8
1757.8
1757.9
1758.1
1758.1
1758.2
1758.3
1758.3
1758.3
1758.6
1758.8
1759.0
1759.0
1759.0
1759.1
1759.1
1759.2
1759.2
1759.6
1759.6
1759.6
1759.6
1759.8
1759.8
1759.9
1759.9
1760.0
1760.3
1760.6
1760.6
1760.6
1760.7
1760.8
1760.8
1761.1
1761.1
1761.3
1761.3
1761.4
1761.4
1761.6
1761.6
1761.7
1761.7
1761.9
1761.9
1762.0
1762.1
1762.1
1762.2
1762.3
1762.3
1762.5
1762.6
1762.7
1762.7
1762.7
1762.8
1762.8
1762.9
1762.9
1762.9
1763.1
1763.1
1763.4
1763.5
1763.5
1763.5
1763.7
1763.7
1764.1
1764.1
1764.2
1764.2
1764.4
1764.4
1764.4
1764.6
1764.6
1764.7
1764.9
1764.9
1765.0
1765.0
1765.0
1765.1
1765.2
1765.2
1765.3
1765.3
1765.3
1765.6
1765.6
1765.6
1765.6
1765.6
1765.8
1765.8
1765.8
1765.9
1766.0
1766.1
1766.2
1766.5
1766.6
1766.6
1766.6
1766.7
1766.7
1766.9
1766.9
1767.0
1767.1
1767.1
1767.2
1767.3
1767.3
1767.4
1767.4
1767.5
1767.5
1767.8
1768.0
1768.1
1768.2
1768.3
1768.4
1768.6
1768.7
1768.8
1768.8
1768.9
1769.1
1769.1
1769.1
1769.1
1769.2
1769.2
1769.6
1769.7
1769.7
1769.8
1769.8
1770.0
1770.0
1770.0
1770.1
1770.2
1770.4
1770.5
1770.6
1770.8
1770.8
1770.8
1770.9
1770.9
1771.0
1771.1
1771.2
1771.3
1771.3
1771.4
1771.5
1771.6
1771.8
1772.0
1772.0
1772.1
1772.4
1772.4
1772.5
1772.6
1772.8
1772.9
1773.2
1773.2
1773.3
1773.4
1773.5
1773.5
1773.6
1773.7
1773.8
1774.0
1774.0
1774.0
1774.1
1774.1
1774.1
1774.1
1774.2
1774.2
1774.4
1774.5
1774.6
1774.6
1774.7
1774.7
1774.7
1774.8
1775.2
1775.3
1775.3
1775.3
1775.6
1775.6
1775.8
1775.8
1775.8
1775.8
1775.8
1776.0
1776.0
1776.1
1776.1
1776.3
1776.3
1776.4
1776.7
1776.7
1776.9
1776.9
1777.0
1777.0
1777.0
1777.1
1777.2
1777.4
1777.5
1777.5
1777.5
1777.6
1777.6
1777.7
1777.8
1777.9
1778.0
1778.0
1778.1
1778.2
1778.2
1778.2
1778.4
1778.5
1778.5
1778.5
1778.6
1778.6
1778.6
1778.7
1778.9
1778.9
1779.0
1779.4
1779.7
1779.7
1779.7
1779.8
1780.0
1780.0
1780.1
1780.2
1780.3
1780.3
1780.6
1780.8
1780.9
1781.0
1781.2
1781.2
1781.3
1781.3
1781.4
1781.4
1781.5
1781.6
1781.8
1781.9
1781.9
1781.9
1782.0
1782.2
1782.3
1782.3
1782.5
1782.5
1782.5
1782.7
1782.7
1782.7
1782.9
1782.9
1783.0
1783.0
1783.1
1783.2
1783.3
1783.3
1783.7
1783.7
1783.9
1784.1
1784.2
1784.4
1784.5
1784.6
1784.7
1784.8
1784.8
1785.0
1785.3
1785.4
1785.4
1785.4
1785.5
1785.5
1785.6
1785.6
1785.6
1785.7
1785.8
1786.0
1786.5
1786.6
1786.6
1787.0
1787.0
1787.2
1787.3
1787.3
1787.4
1787.5
1787.8
1787.8
1787.8
1787.8
1787.8
1787.8
1787.9
1787.9
1788.0
1788.1
1788.3
1788.3
1788.4
1788.4
1788.4
1788.4
1788.4
1788.5
1788.6
1788.7
1788.8
1788.9
1789.2
1789.2
1789.3
1789.6
1789.8
1790.0
1790.1
1790.2
1790.2
1790.4
1790.5
1790.5
1790.7
1790.7
1790.8
1790.8
1790.8
1790.8
1791.0
1791.0
1791.0
1791.1
1791.2
1791.3
1791.5
1791.6
1791.6
1791.6
1791.7
1791.8
1791.9
1792.0
1792.0
1792.2
1792.3
1792.5
1792.5
1792.5
1792.7
1792.8
1792.9
1792.9
1792.9
1793.0
1793.3
1793.3
1793.3
1793.3
1793.6
1793.9
1794.0
1794.1
1794.2
1794.2
1794.3
1794.4
1794.5
1794.6
1794.6
1794.8
1795.0
1795.1
1795.2
1795.3
1795.9
1795.9
1796.1
1796.1
1796.4
1796.4
1796.5
1796.6
1796.8
1796.8
1796.9
1797.0
1797.0
1797.0
1797.1
1797.2
1797.2
1797.2
1797.5
1797.5
1797.5
1797.5
1797.6
1797.7
1797.7
1797.9
1798.3
1798.5
1798.6
1798.8
1798.9
1798.9
1799.1
1799.1
1799.1
1799.3
1799.5
1799.6
1799.7
1799.7
1799.7
1800.1
1800.2
1800.3
1800.7
1800.9
1800.9
1801.1
1801.2
1801.3
1801.4
1801.5
1801.5
1801.7
1801.9
1802.0
1802.1
1802.4
1802.6
1802.9
1803.0
1803.1
1803.2
1803.2
1803.2
1803.3
1803.4
1803.5
1803.5
1803.6
1803.8
1803.9
1804.1
1804.2
1804.5
1804.8
1804.9
1805.3
1805.5
1805.6
1805.6
1805.7
1805.8
1806.2
1806.2
1806.2
1806.5
1806.7
1806.7
1807.2
1807.2
1807.2
1807.8
1808.0
1808.7
1808.7
1808.9
1808.9
1809.4
1809.7
1811.2
1811.3
1811.4
1811.5
1812.1
1812.5
1812.6
1812.9
1812.9
1813.4
1813.5
1813.5
1813.5
1813.7
1813.7
1813.8
1813.8
1814.0
1814.0
1814.1
1814.2
1814.6
1814.7
1814.8
1815.0
1815.4
1815.6
1815.7
1815.9
1816.0
1816.2
1816.5
1816.5
1816.6
1816.9
1816.9
1816.9
1817.0
1817.1
1817.1
1817.2
1817.3
1817.3
1817.5
1818.0
1818.4
1818.7
1818.7
1818.8
1818.9
1819.2
1819.4
1819.7
1819.8
1820.5
1821.3
1821.4
1821.7
1822.1
1822.1
1822.4
1823.4
1823.4
1824.2
1824.4
1824.9
1825.8
1826.3
1826.7
1826.8
1828.0
1829.5
1830.4
1832.8
1834.2
1835.2
1837.7
1838.3
1838.4
1839.3
1840.5
1841.5
1843.7
1844.3
1845.6
1849.5
1867.9
1949.3
1949.3
1949.3
1949.3
1949.3
1949.3
1949.3
1949.3
1949.4
1949.4
1949.4
1949.4
1949.4
1949.4
1949.4
1949.4
1949.4
1949.4
1949.4
1949.4
1949.5
1949.5
1949.5
1949.5
1949.5
1949.5
1949.5
1949.5
1949.5
1949.5
1949.5
1949.5
1949.5
1949.5
1949.5
1949.5
1949.5
1949.5
1949.5
1949.5
1949.5
1949.5
1949.5
1949.5
1949.5
1949.5
1949.6
1949.6
1949.6
1949.6
1949.6
1949.6
1949.6
1949.6
1949.6
1949.6
1949.6
1949.6
1949.6
1949.6
1949.6
1949.6
1949.6
1949.7
1949.7
1949.7
1949.7
1949.7
1949.7
1949.7
1949.7
1949.8
1949.8
1949.8
1949.8
1949.8
1949.8
1949.8
1949.8
1949.8
1949.8
1949.8
1949.9
1949.9
1950.1
1950.1
1950.4
1950.4
1950.6
1950.6
1950.7
1951.0
1951.0
1951.0
1951.8
1952.1
1952.2
1952.4
1953.5
1953.8
1960.8
1960.8
1960.8
1960.8
1960.9
1960.9
1960.9
1960.9
1960.9
1960.9
1960.9
1961.0
1961.0
1961.0
1961.0
1961.0
1961.0
1961.0
1961.0
1961.0
1961.0
1961.0
1961.1
1961.1
1961.1
1961.1
1961.1
1961.1
1961.1
1961.1
1961.1
1961.1
1961.1
1961.1
1961.1
1961.1
1961.1
1961.1
1961.1
1961.1
1961.1
1961.1
1961.1
1961.2
1961.2
1961.2
1961.2
1961.2
1961.2
1961.2
1961.2
1961.2
1961.2
1961.2
1961.2
1961.2
1961.2
1961.2
1961.2
1961.2
1961.2
1961.2
1961.3
1961.3
1961.3
1961.3
1961.4
1961.4
1961.4
1961.4
1961.4
1961.4
1961.5
1961.5
1961.5
1961.5
1961.5
1961.6
1961.6
1961.6
1961.6
1961.6
1961.7
1961.8
1962.0
1962.0
1962.4
1962.4
1962.6
1962.6
1962.8
1963.2
1963.3
1963.3
1964.4
1964.8
1964.9
1965.2
1967.2
1967.6
1971.0
1971.1
1971.1
1971.2
1971.2
1971.2
1971.3
1971.3
1971.3
1971.3
1971.3
1971.3
1971.4
1971.4
1971.4
1971.4
1971.4
1971.4
1971.4
1971.5
1971.5
1971.5
1971.5
1971.5
1971.5
1971.5
1971.5
1971.5
1971.5
1971.5
1971.5
1971.6
1971.6
1971.6
1971.6
1971.6
1971.6
1971.6
1971.6
1971.6
1971.6
1971.6
1971.6
1971.6
1971.6
1971.7
1971.7
1971.7
1971.7
1971.7
1971.7
1971.7
1971.7
1971.7
1971.7
1971.7
1971.7
1971.7
1971.7
1971.8
1971.8
1971.8
1971.8
1971.8
1971.9
1971.9
1971.9
1971.9
1972.0
1972.0
1972.0
1972.0
1972.0
1972.1
1972.1
1972.1
1972.2
1972.2
1972.3
1972.3
1972.3
1972.3
1972.3
1972.6
1972.7
1972.8
1973.2
1973.3
1973.4
1973.4
1973.7
1974.1
1974.2
1974.3
1975.6
1976.1
1976.2
1976.6
1978.2
1978.3
1978.3
1978.4
1978.4
1978.4
1978.4
1978.4
1978.4
1978.4
1978.4
1978.4
1978.4
1978.5
1978.5
1978.5
1978.5
1978.5
1978.5
1978.5
1978.6
1978.6
1978.6
1978.6
1978.6
1978.6
1978.6
1978.6
1978.6
1978.6
1978.6
1978.7
1978.7
1978.7
1978.7
1978.7
1978.7
1978.7
1978.7
1978.7
1978.7
1978.7
1978.7
1978.7
1978.7
1978.8
1978.8
1978.8
1978.8
1978.8
1978.9
1978.9
1978.9
1978.9
1978.9
1979.0
1979.0
1979.0
1979.0
1979.1
1979.1
1979.1
1979.2
1979.3
1979.3
1979.4
1979.4
1979.5
1979.5
1979.5
1979.6
1979.6
1979.6
1979.7
1979.8
1979.8
1979.8
1979.9
1979.9
1979.9
1980.0
1980.1
1980.1
1980.2
1980.4
1980.4
1980.6
1980.6
1980.8
1980.8
1980.9
1981.0
1981.2
1981.4
1981.7
1981.8
1982.0
1982.2
1982.4
1982.4
1982.4
1982.4
1982.5
1982.5
1982.5
1982.6
1982.6
1982.6
1982.6
1982.6
1982.6
1982.6
1982.6
1982.7
1982.8
1982.8
1982.8
1982.8
1982.8
1982.8
1982.8
1982.8
1982.8
1982.9
1982.9
1982.9
1982.9
1982.9
1982.9
1982.9
1982.9
1983.0
1983.0
1983.0
1983.0
1983.0
1983.1
1983.1
1983.1
1983.1
1983.2
1983.2
1983.2
1983.2
1983.2
1983.2
1983.2
1983.2
1983.3
1983.3
1983.3
1983.3
1983.3
1983.3
1983.4
1983.4
1983.4
1983.4
1983.5
1983.6
1983.7
1983.7
1983.8
1984.1
1984.1
1984.1
1984.1
1984.4
1984.4
1984.5
1984.5
1984.5
1984.6
1984.7
1984.7
1985.0
1985.1
1985.1
1985.6
1985.7
1985.7
1985.7
1985.8
1986.2
1986.4
1986.4
1986.5
1986.8
1986.9
1986.9
1987.2
1987.5
1987.6
1987.7
1987.8
1987.9
1987.9
1988.0
1988.1
1988.1
1988.1
1988.1
1988.2
1988.3
1988.3
1988.4
1988.4
1988.4
1988.4
1988.5
1988.6
1988.6
1988.6
1988.7
1988.7
1988.7
1988.7
1988.7
1988.7
1988.8
1988.8
1988.8
1988.8
1988.8
1988.9
1988.9
1988.9
1988.9
1988.9
1988.9
1989.0
1989.0
1989.1
1989.2
1989.2
1989.3
1989.3
1989.3
1989.3
1989.3
1989.3
1989.4
1989.4
1989.4
1989.4
1989.4
1989.5
1989.5
1989.5
1989.5
1989.5
1989.6
1989.6
1989.7
1989.7
1989.8
1989.8
1990.0
1990.1
1990.1
1990.1
1990.3
1990.3
1990.5
1990.5
1990.6
1990.8
1990.8
1990.8
1990.8
1990.9
1991.2
1991.3
1991.3
1991.5
1991.7
1991.8
1992.0
1992.1
1992.1
1992.3
1992.6
1992.9
1993.0
1993.1
1993.2
1993.3
1993.4
1993.5
1993.6
1993.6
1993.7
1993.8
1993.8
1993.9
1993.9
1994.0
1994.0
1994.0
1994.1
1994.1
1994.2
1994.3
1994.3
1994.4
1994.5
1994.5
1994.6
1994.6
1994.6
1994.6
1994.6
1994.7
1994.7
1994.8
1994.8
1994.9
1994.9
1994.9
1995.0
1995.0
1995.0
1995.1
1995.1
1995.2
1995.2
1995.3
1995.3
1995.3
1995.4
1995.4
1995.4
1995.4
1995.5
1995.6
1995.6
1995.6
1995.7
1995.7
1995.7
1995.8
1995.9
1995.9
1995.9
1995.9
1996.0
1996.1
1996.2
1996.2
1996.2
1996.2
1996.3
1996.3
1996.3
1996.4
1996.5
1996.7
1996.8
1997.0
1997.2
1997.2
1997.5
1997.5
1997.6
1997.9
1997.9
1997.9
1998.3
1998.3
1998.5
1998.6
1999.0
1999.1
1999.4
1999.6
