264
479
627
485
615
531
425
370
376
578
674
454
589
465
258
284
464
545
351
490
629
400
519
566
285
343
415
608
249
590
237
714
761
766
825
226
233
722
235
419
500
302
437
442
469
620
260
360
532
586
658
668
439
495
504
598
179
298
328
381
429
432
433
492
548
393
517
315
323
402
539
587
701
719
538
726
738
344
421
603
724
332
357
553
783
320
369
413
423
522
526
609
673
795
240
245
471
483
558
173
234
324
359
435
445
478
552
594
293
392
444
458
506
560
282
318
396
537
665
731
322
349
371
460
468
582
619
752
242
300
410
411
430
431
472
569
640
776
170
243
563
624
736
281
295
340
348
379
403
559
690
769
142
374
406
457
481
570
642
672
693
704
253
325
428
447
610
708
299
372
450
633
659
815
254
311
346
404
443
550
573
596
613
644
684
707
727
818
327
331
389
422
626
748
836
222
246
272
294
386
388
446
520
621
206
255
463
493
530
576
750
863
215
297
334
384
509
580
687
728
244
296
575
729
165
250
363
678
730
308
333
387
401
426
513
601
630
697
131
326
412
542
585
638
639
146
204
263
378
438
452
583
597
675
759
354
473
497
655
715
802
184
223
339
397
405
606
618
648
661
751
70
191
252
269
380
671
145
232
368
436
487
498
649
765
780
72
202
216
259
280
307
427
622
636
664
169
628
643
670
689
777
867
201
229
239
801
147
209
303
321
408
507
595
688
319
382
799
155
329
691
712
178
733
168
190
212
213
225
283
547
634
112
186
276
277
383
407
496
740
847
111
257
544
732
757
129
198
221
273
528
591
756
800
803
140
267
361
390
398
448
501
503
565
686
743
791
217
289
309
355
362
549
685
734
806
177
199
268
313
337
350
394
581
616
623
653
698
876
182
373
482
502
600
612
705
710
117
150
312
335
476
546
647
786
872
338
631
660
680
152
275
455
486
650
164
196
474
656
812
852
330
341
534
541
718
811
817
219
236
807
92
314
720
153
491
702
754
778
200
798
391
652
716
725
804
838
861
104
516
809
347
514
605
166
176
218
515
635
119
193
238
364
556
895
917
99
114
118
342
494
535
706
819
833
551
172
180
301
524
588
625
841
292
306
554
562
745
86
159
456
842
90
227
230
356
696
721
156
646
775
822
884
88
124
657
536
699
55
248
399
451
820
188
310
641
739
851
183
197
102
262
475
823
871
108
163
571
831
885
130
194
424
567
572
827
126
651
667
54
305
521
784
855
864
57
94
143
345
508
676
682
874
67
480
824
125
171
205
265
540
555
747
80
141
417
711
763
910
121
703
887
115
853
89
208
488
157
174
278
287
826
106
144
162
467
669
760
785
83
175
533
713
116
210
247
409
709
304
62
510
617
805
843
76
839
857
107
192
95
377
499
511
584
695
794
858
151
416
574
110
477
505
529
762
770
908
97
527
788
832
136
579
98
870
850
189
846
873
85
65
840
848
274
637
772
21
849
896
161
929
50
84
742
787
898
962
792
122
943
109
395
607
105
160
767
789
63
69
543
892
912
148
5
46
694
906
353
859
58
899
128
888
79
139
564
810
862
891
137
187
158
662
749
866
829
865
868
316
25
138
270
814
414
466
790
100
924
953
883
461
753
132
181
420
918
71
75
441
869
880
882
931
133
52
462
854
103
919
881
134
135
561
860
900
101
113
73
878
266
904
922
926
211
3
920
925
523
779
914
834
944
23
935
366
737
934
975
61
484
951
959
768
837
915
26
897
923
886
936
877
946
34
744
681
894
956
261
43
963
434
717
845
828
59
47
453
976
1
947
51
982
997
489
32
19
977
988
968
679
907
8
10
11
154
42
271
972
844
774
967
955
56
965
614
875
12
973
994
315
692
35
24
677
367
835
856
