183.5
183.5
183.5
183.5
183.5
183.5
183.5
183.5
183.5
183.5
183.5
183.5
183.5
183.5
183.5
183.5
183.5
183.5
183.5
183.5
183.6
183.6
183.6
183.6
183.6
183.6
183.6
183.6
183.6
183.6
183.6
183.6
183.6
183.6
183.6
183.6
183.6
183.6
183.6
183.6
183.6
183.6
183.6
183.6
183.6
183.6
183.6
183.6
183.6
183.6
183.6
183.6
183.6
183.6
183.6
183.6
183.6
183.6
183.6
183.7
183.7
183.7
183.7
183.7
183.7
183.7
183.7
183.7
183.7
183.7
183.7
183.7
183.7
183.7
183.7
183.7
183.7
183.7
183.7
183.8
183.8
183.8
183.9
183.9
184.0
184.0
184.0
184.0
184.0
184.1
184.1
184.3
184.4
184.5
184.5
184.6
184.7
184.8
184.8
185.4
189.6
189.6
189.6
189.6
189.6
189.6
189.6
189.6
189.6
189.7
189.7
189.7
189.7
189.7
189.7
189.7
189.7
189.7
189.7
189.7
189.7
189.7
189.7
189.7
189.7
189.7
189.7
189.7
189.8
189.8
189.8
189.8
189.8
189.8
189.8
189.8
189.8
189.8
189.8
189.8
189.8
189.8
189.8
189.8
189.8
189.8
189.8
189.8
189.8
189.8
189.8
189.8
189.8
189.9
189.9
189.9
189.9
189.9
189.9
189.9
189.9
189.9
189.9
190.0
190.0
190.0
190.0
190.1
190.1
190.1
190.1
190.1
190.2
190.2
190.2
190.2
190.3
190.3
190.3
190.3
190.5
190.5
190.9
191.0
191.1
191.2
191.3
191.3
191.3
191.4
191.5
191.7
192.2
192.3
192.4
192.5
192.5
192.8
192.8
193.1
193.5
193.9
194.0
194.1
194.2
194.3
194.3
194.3
194.4
194.5
194.7
195.3
195.3
195.4
195.5
195.5
195.8
195.8
196.9
197.7
198.4
198.5
198.5
198.5
198.9
198.9
200.5
200.7
201.4
201.5
201.5
201.9
202.2
202.2
204.1
204.3
204.3
204.7
204.9
204.9
205.8
205.9
205.9
206.6
208.0
208.1
208.7
208.9
209.0
209.0
209.0
209.7
209.9
210.4
210.5
210.7
210.9
212.4
212.8
213.2
213.2
213.3
213.5
213.9
213.9
214.4
214.5
214.5
215.2
215.3
215.8
216.2
217.0
217.1
217.3
217.3
218.0
218.0
218.1
218.1
218.2
218.2
218.4
218.4
218.5
218.7
218.8
218.9
219.0
219.0
219.0
219.1
219.2
219.3
219.3
219.4
219.6
219.7
219.7
219.7
219.8
219.8
219.9
219.9
219.9
219.9
220.0
220.0
220.0
220.0
220.0
220.1
220.1
220.1
220.1
220.1
220.1
220.1
220.1
220.2
220.2
220.2
220.2
220.2
220.2
220.2
220.2
220.3
220.3
220.3
220.4
220.4
220.4
220.4
220.4
220.4
220.4
220.4
220.4
220.4
220.4
220.5
220.5
220.5
220.5
220.6
220.6
220.7
220.7
220.7
220.8
220.9
220.9
220.9
220.9
220.9
221.1
221.1
221.2
221.6
221.6
221.6
223.5
223.8
224.6
225.2
225.3
225.6
225.8
230.4
231.8
232.1
233.0
233.4
239.2
240.5
240.9
244.4
351.8
351.8
351.8
351.8
351.8
351.8
351.8
351.8
351.8
351.8
351.9
351.9
351.9
351.9
351.9
351.9
351.9
351.9
351.9
351.9
351.9
351.9
351.9
351.9
351.9
351.9
351.9
351.9
351.9
351.9
351.9
351.9
351.9
351.9
351.9
351.9
351.9
351.9
351.9
351.9
351.9
352.0
352.0
352.0
352.0
352.0
352.0
352.0
352.0
352.0
352.0
352.0
352.0
352.0
352.0
352.0
352.0
352.0
352.0
352.0
352.0
352.0
352.0
352.0
352.0
352.0
352.0
352.0
352.0
352.0
352.0
352.1
352.1
352.1
352.1
352.1
352.1
352.1
352.1
352.2
352.2
352.3
352.3
352.4
352.5
352.5
352.5
352.5
352.5
352.6
352.6
352.8
353.0
353.0
353.1
353.2
353.4
353.4
353.4
354.1
358.4
358.5
358.5
358.5
358.5
358.5
358.6
358.6
358.6
358.6
358.6
358.6
358.6
358.6
358.6
358.6
358.6
358.7
358.7
358.7
358.7
358.7
358.7
358.7
358.7
358.7
358.7
358.7
358.7
358.7
358.7
358.7
358.7
358.7
358.7
358.7
358.8
358.8
358.8
358.8
358.8
358.8
358.8
358.8
358.8
358.8
358.8
358.8
358.8
358.8
358.8
358.8
358.9
358.9
358.9
358.9
358.9
358.9
358.9
358.9
358.9
359.0
359.0
359.0
359.0
359.0
359.1
359.1
359.1
359.1
359.1
359.1
359.2
359.2
359.2
359.2
359.3
359.3
359.3
359.3
359.5
359.6
360.0
360.2
360.3
360.3
360.4
360.5
360.5
360.7
360.8
361.7
362.1
362.5
362.8
363.3
364.1
364.1
364.6
364.6
364.6
364.6
364.6
364.6
364.6
364.6
364.7
364.7
364.7
364.7
364.7
364.7
364.7
364.7
364.7
364.7
364.7
364.7
364.7
364.7
364.7
364.7
364.7
364.8
364.8
364.8
364.8
364.8
364.8
364.9
364.9
364.9
364.9
365.0
365.0
365.0
365.1
365.1
365.1
365.1
365.1
365.1
365.1
365.1
365.1
365.1
365.1
365.2
365.2
365.2
365.2
365.2
365.2
365.2
365.3
365.3
365.4
365.4
365.4
365.4
365.5
365.6
365.7
365.7
365.7
365.7
365.8
365.8
366.1
366.1
366.2
366.2
366.2
366.2
366.4
366.5
366.6
366.6
366.8
366.9
366.9
367.0
367.4
367.7
368.0
368.5
368.5
368.6
368.7
368.7
368.7
368.8
368.8
368.8
368.9
368.9
369.1
369.2
369.3
369.5
369.6
369.7
369.8
369.8
370.3
370.4
370.4
370.5
370.7
371.0
371.5
371.6
371.7
371.7
371.8
371.8
371.8
372.0
372.2
372.6
373.0
373.0
373.1
373.3
373.5
373.5
374.2
374.2
374.4
374.5
374.5
374.5
374.6
374.7
374.8
374.8
374.9
374.9
375.2
375.6
376.2
376.6
376.8
377.1
377.4
377.4
377.5
377.6
377.8
377.9
378.2
378.2
378.2
378.4
378.4
378.5
378.8
378.9
379.0
379.6
379.7
380.5
380.7
381.3
381.4
381.6
381.7
382.0
382.0
382.0
382.2
382.4
382.5
382.6
382.6
383.1
383.5
383.5
383.8
383.8
384.1
384.4
384.5
384.7
384.9
386.0
386.2
386.3
386.5
386.7
386.8
386.8
386.9
387.0
387.0
387.2
387.4
387.6
387.6
387.6
387.7
387.8
387.8
388.0
388.1
388.2
388.5
388.5
388.6
388.6
389.2
389.5
389.7
389.9
389.9
390.1
390.8
391.0
391.1
391.1
391.2
391.3
391.3
391.4
391.5
391.5
391.5
391.5
391.6
391.8
391.8
391.9
391.9
392.0
392.0
392.1
392.5
392.5
392.5
392.5
392.6
392.7
392.7
392.7
392.8
392.8
392.8
392.8
392.8
392.8
392.9
392.9
392.9
392.9
392.9
393.0
393.0
393.0
393.0
393.1
393.1
393.2
393.2
393.3
393.3
393.3
393.3
393.4
393.4
393.5
393.6
393.7
393.9
393.9
394.0
394.0
394.1
394.4
394.5
394.6
394.8
394.9
394.9
395.0
395.4
395.7
396.0
396.2
396.2
396.2
396.3
396.7
397.5
397.7
397.9
397.9
398.4
398.4
398.9
399.4
399.9
400.7
401.7
401.8
403.1
403.5
403.7
403.7
404.2
404.3
404.4
404.4
404.7
404.9
406.3
406.3
407.3
410.2
428.3
430.6
509.8
509.8
509.8
509.8
509.8
509.9
509.9
509.9
509.9
509.9
509.9
509.9
509.9
509.9
509.9
509.9
509.9
509.9
509.9
509.9
509.9
509.9
509.9
509.9
509.9
509.9
509.9
509.9
509.9
509.9
509.9
509.9
510.0
510.0
510.0
510.0
510.0
510.0
510.0
510.0
510.0
510.0
510.0
510.0
510.0
510.0
510.0
510.0
510.0
510.0
510.0
510.0
510.0
510.0
510.0
510.0
510.0
510.0
510.0
510.0
510.0
510.0
510.0
510.0
510.0
510.0
510.0
510.1
510.1
510.1
510.1
510.1
510.1
510.1
510.1
510.1
510.1
510.1
510.1
510.2
510.2
510.2
510.3
510.4
510.4
510.5
510.5
510.5
510.5
510.5
510.6
510.8
511.0
511.0
511.1
511.2
511.3
511.4
511.4
512.1
516.3
516.4
516.4
516.4
516.4
516.4
516.4
516.4
516.5
516.5
516.5
516.5
516.5
516.5
516.5
516.6
516.6
516.6
516.6
516.6
516.6
516.6
516.6
516.6
516.6
516.6
516.6
516.6
516.6
516.6
516.6
516.6
516.6
516.7
516.7
516.7
516.7
516.7
516.7
516.7
516.7
516.7
516.7
516.7
516.7
516.7
516.7
516.7
516.7
516.7
516.7
516.8
516.8
516.8
516.8
516.8
516.8
516.8
516.8
516.8
516.8
516.9
516.9
516.9
516.9
516.9
516.9
517.0
517.0
517.0
517.0
517.0
517.0
517.0
517.0
517.0
517.1
517.1
517.1
517.1
517.3
517.4
517.8
517.8
517.9
518.1
518.1
518.1
518.1
518.4
518.4
519.3
519.6
520.0
520.2
520.6
521.3
521.4
522.1
522.2
522.2
522.2
522.2
522.2
522.2
522.2
522.2
522.2
522.3
522.3
522.3
522.3
522.3
522.3
522.3
522.3
522.3
522.3
522.3
522.3
522.3
522.3
522.3
522.4
522.4
522.4
522.4
522.4
522.4
522.4
522.5
522.5
522.5
522.6
522.6
522.6
522.6
522.6
522.6
522.6
522.6
522.6
522.7
522.7
522.7
522.7
522.7
522.7
522.7
522.7
522.8
522.8
522.8
522.9
522.9
522.9
522.9
523.0
523.0
523.1
523.2
523.2
523.3
523.3
523.4
523.5
523.5
523.5
523.5
523.6
523.8
523.8
523.9
523.9
523.9
524.1
524.1
524.2
524.3
524.3
524.4
524.4
524.7
524.8
525.1
525.4
525.4
525.5
525.6
525.6
525.7
525.8
525.9
526.1
526.1
526.2
526.2
526.2
526.3
526.3
526.5
526.6
526.6
526.7
526.8
527.5
527.8
528.1
528.4
528.4
528.5
528.6
528.6
528.7
529.2
529.3
529.4
529.5
529.5
529.5
529.6
529.8
529.9
530.1
530.1
530.8
531.4
531.5
531.6
531.6
531.7
532.5
532.5
532.8
532.8
533.0
533.0
533.1
533.3
533.8
533.9
534.0
534.4
534.5
534.5
534.6
534.6
534.8
535.9
536.1
536.5
536.6
536.8
536.8
537.2
537.4
537.5
537.6
537.9
538.0
538.0
538.1
538.1
538.2
538.5
538.6
538.6
538.8
538.9
540.1
540.4
541.0
541.3
541.3
541.6
541.6
541.7
542.0
542.3
542.4
542.5
542.6
543.3
543.3
543.4
543.4
543.8
543.9
544.0
544.2
544.2
544.3
544.4
544.4
544.4
544.4
544.5
544.5
544.6
544.8
545.3
545.4
545.9
546.0
546.4
546.8
547.0
547.2
547.7
547.8
547.9
548.6
548.8
549.0
549.2
549.2
549.2
549.3
549.4
549.4
549.5
549.5
549.5
549.6
549.6
549.7
549.7
549.7
549.8
549.8
549.9
549.9
550.0
550.0
550.0
550.1
550.1
550.2
550.3
550.3
550.4
550.5
550.5
550.6
550.6
550.6
550.7
550.7
550.7
550.7
550.7
550.8
550.8
550.8
550.9
550.9
550.9
550.9
550.9
551.0
551.0
551.0
551.0
551.0
551.1
551.1
551.2
551.3
551.3
551.3
551.3
551.4
551.5
551.6
551.6
551.6
551.6
551.7
551.8
551.9
551.9
552.0
552.2
552.4
552.5
552.5
552.5
552.7
553.0
553.4
553.7
553.7
553.8
554.4
554.4
554.8
555.0
555.5
556.0
556.4
556.8
556.8
559.1
560.0
561.1
562.4
565.8
567.7
568.5
568.7
574.8
578.1
583.6
667.7
667.7
667.7
667.7
667.7
667.7
667.7
667.7
667.7
667.7
667.7
667.7
667.7
667.7
667.7
667.7
667.7
667.7
667.7
667.7
667.7
667.7
667.7
667.8
667.8
667.8
667.8
667.8
667.8
667.8
667.8
667.8
667.8
667.8
667.8
667.8
667.8
667.8
667.8
667.8
667.8
667.8
667.8
667.8
667.8
667.8
667.8
667.8
667.8
667.8
667.9
667.9
667.9
667.9
667.9
667.9
667.9
667.9
667.9
667.9
667.9
667.9
667.9
667.9
667.9
668.0
668.0
668.0
668.0
668.0
668.0
668.0
668.0
668.0
668.0
668.1
668.1
668.1
668.1
668.2
668.3
668.3
668.4
668.5
668.6
668.6
668.6
668.6
668.6
668.7
668.8
669.0
669.2
669.2
669.3
669.4
669.5
669.6
669.6
670.3
674.0
674.1
674.1
674.1
674.1
674.1
674.2
674.2
674.2
674.2
674.2
674.2
674.2
674.2
674.2
674.3
674.3
674.3
674.3
674.3
674.3
674.3
674.3
674.3
674.3
674.3
674.3
674.3
674.3
674.3
674.3
674.3
674.3
674.3
674.4
674.4
674.4
674.4
674.4
674.4
674.4
674.4
674.4
674.4
674.5
674.5
674.5
674.5
674.5
674.5
674.5
674.5
674.6
674.6
674.6
674.6
674.6
674.6
674.6
674.6
674.7
674.7
674.7
674.7
674.7
674.8
674.8
674.8
674.9
674.9
674.9
674.9
675.0
675.0
675.0
675.1
675.2
675.2
675.2
675.2
675.5
675.7
676.0
676.3
676.4
676.4
676.6
676.6
676.7
676.8
676.8
677.8
678.2
678.6
678.9
679.4
679.6
679.6
679.6
679.6
679.6
679.6
679.6
679.6
679.6
679.6
679.6
679.6
679.6
679.6
679.6
679.6
679.6
679.6
679.6
679.6
679.7
679.7
679.7
679.7
679.7
679.7
679.7
679.7
679.8
679.8
679.8
679.8
679.8
679.8
679.9
679.9
680.0
680.0
680.0
680.0
680.0
680.0
680.1
680.1
680.1
680.1
680.1
680.1
680.1
680.1
680.2
680.2
680.2
680.3
680.3
680.3
680.3
680.3
680.4
680.4
680.4
680.4
680.5
680.5
680.6
680.6
680.6
680.7
680.7
680.9
680.9
680.9
681.0
681.0
681.1
681.1
681.2
681.3
681.3
681.5
681.6
681.7
681.7
681.7
681.9
682.1
682.5
682.5
682.9
683.5
683.6
683.6
683.7
683.7
683.9
683.9
684.0
684.0
684.1
684.1
684.5
684.6
684.7
684.7
684.8
684.8
685.0
685.1
685.1
685.1
685.5
685.6
685.6
685.9
686.0
686.5
686.6
686.8
686.9
686.9
687.1
687.1
687.1
687.6
688.0
688.2
688.5
688.5
688.7
688.8
688.9
689.5
689.8
689.8
689.8
689.9
689.9
689.9
690.1
690.1
690.1
690.2
690.3
690.6
691.1
691.7
691.8
692.2
692.5
692.8
693.0
693.1
693.2
693.3
693.4
693.8
693.8
693.8
693.9
694.0
694.1
694.4
694.5
694.9
695.0
695.1
695.4
696.5
696.6
696.9
697.0
697.5
697.5
697.6
697.8
697.9
698.2
698.3
698.4
698.5
698.6
698.6
698.7
699.1
699.3
699.3
699.4
700.3
700.4
701.6
701.7
701.8
701.8
701.9
702.0
702.0
702.1
702.2
702.4
702.6
702.6
702.7
702.9
702.9
703.0
703.1
703.1
703.3
703.6
704.1
704.3
704.8
705.2
705.3
705.5
705.7
705.7
706.1
706.1
706.2
706.2
706.3
706.3
706.3
706.4
706.7
706.7
706.7
706.9
707.0
707.0
707.2
707.2
707.2
707.2
707.2
707.2
707.3
707.4
707.6
707.6
707.8
707.8
707.8
707.8
707.9
708.0
708.1
708.1
708.1
708.1
708.2
708.2
708.2
708.3
708.3
708.3
708.4
708.4
708.4
708.4
708.4
708.4
708.4
708.4
708.5
708.5
708.5
708.6
708.7
708.7
708.7
708.7
708.7
708.9
709.0
709.2
709.2
709.4
709.5
709.6
709.6
709.7
709.7
710.0
710.1
710.1
710.4
710.7
710.8
711.2
711.3
711.4
711.7
711.7
712.7
713.2
714.9
715.8
717.7
720.9
721.7
722.0
722.7
723.0
724.3
725.4
725.9
726.0
826.7
826.7
826.7
826.7
826.7
826.7
826.7
826.7
826.7
826.8
826.8
826.8
826.8
826.8
826.8
826.8
826.8
826.8
826.8
826.8
826.8
826.8
826.8
826.8
826.8
826.8
826.8
826.8
826.8
826.8
826.8
826.8
826.8
826.8
826.8
826.8
826.8
826.8
826.8
826.8
826.8
826.8
826.8
826.8
826.8
826.8
826.8
826.8
826.8
826.8
826.8
826.8
826.8
826.9
826.9
826.9
826.9
826.9
826.9
826.9
826.9
826.9
826.9
826.9
826.9
826.9
826.9
826.9
826.9
826.9
826.9
826.9
826.9
826.9
826.9
826.9
826.9
826.9
826.9
826.9
826.9
826.9
827.1
827.1
827.1
827.1
827.1
827.1
827.2
827.2
827.2
827.5
827.6
827.6
827.7
827.8
827.9
828.0
828.0
828.6
833.2
833.2
833.3
833.3
833.3
833.3
833.3
833.3
833.3
833.3
833.3
833.4
833.4
833.4
833.4
833.4
833.4
833.4
833.4
833.4
833.5
833.5
833.5
833.5
833.5
833.5
833.5
833.5
833.5
833.5
833.5
833.5
833.5
833.5
833.5
833.5
833.5
833.5
833.5
833.5
833.5
833.5
833.5
833.6
833.6
833.6
833.6
833.6
833.6
833.6
833.6
833.6
833.6
833.6
833.6
833.6
833.6
833.6
833.6
833.6
833.6
833.6
833.7
833.7
833.7
833.7
833.7
833.7
833.7
833.7
833.7
833.7
833.7
833.7
833.7
833.7
833.7
833.7
833.8
833.8
833.9
834.0
834.3
834.3
834.4
834.5
834.6
834.6
834.7
834.8
835.0
835.8
835.9
836.2
836.5
836.7
837.3
837.5
838.3
839.0
839.0
839.0
839.0
839.0
839.0
839.0
839.0
839.0
839.0
839.0
839.0
839.0
839.0
839.0
839.0
839.0
839.1
839.1
839.1
839.1
839.1
839.1
839.1
839.1
839.1
839.1
839.1
839.1
839.2
839.2
839.2
839.2
839.2
839.3
839.3
839.3
839.3
839.3
839.3
839.3
839.3
839.3
839.3
839.3
839.3
839.3
839.3
839.3
839.3
839.4
839.4
839.4
839.4
839.5
839.5
839.6
839.6
839.6
839.6
839.6
839.6
839.7
839.8
839.8
839.9
839.9
839.9
840.0
840.0
840.0
840.1
840.1
840.1
840.1
840.1
840.2
840.2
840.2
840.2
840.2
840.2
840.2
840.2
840.3
840.3
840.5
840.5
840.5
840.6
840.6
840.6
840.7
840.9
841.0
841.1
841.1
841.5
841.5
841.7
842.6
842.6
842.7
842.9
843.0
843.1
843.5
843.5
843.5
843.6
843.6
843.6
843.7
843.9
843.9
844.0
844.1
844.1
844.6
844.7
845.0
846.0
846.1
846.6
846.9
847.1
847.2
847.2
847.7
848.0
848.0
848.4
849.0
849.1
850.0
850.1
850.5
850.6
850.7
851.7
851.8
851.9
852.0
852.3
852.5
852.6
852.8
853.8
854.0
854.5
854.7
854.7
855.6
855.7
856.0
856.1
856.1
856.4
856.5
856.6
856.7
857.3
857.6
857.7
858.2
858.7
858.8
858.9
859.4
860.0
860.1
860.5
860.5
860.6
860.9
861.0
861.0
861.0
861.0
861.0
861.2
861.4
861.4
861.4
861.5
861.7
861.8
862.1
862.8
862.8
863.5
864.0
864.5
864.6
864.8
866.1
866.2
866.2
866.2
866.3
866.5
866.6
866.7
866.7
866.7
866.7
866.8
866.8
866.8
866.8
866.8
866.8
866.9
866.9
866.9
866.9
866.9
866.9
867.0
867.0
867.0
867.0
867.0
867.0
867.0
867.1
867.1
867.1
867.1
867.1
867.1
867.2
867.2
867.2
867.2
867.2
867.2
867.3
867.3
867.3
867.3
867.3
867.4
867.4
867.5
867.5
867.5
867.6
867.6
867.6
867.6
867.8
867.8
868.0
868.0
868.1
868.4
868.4
868.4
868.6
868.6
868.6
868.6
868.7
868.8
869.1
869.3
869.3
869.7
869.7
869.8
869.9
870.1
870.4
870.5
870.5
870.7
870.9
871.8
872.5
872.8
873.9
874.2
874.3
874.5
875.2
875.3
876.2
880.8
891.2
985.6
985.6
985.6
985.6
985.6
985.6
985.6
985.6
985.6
985.6
985.7
985.7
985.7
985.7
985.7
985.7
985.7
985.7
985.7
985.7
985.7
985.7
985.7
985.7
985.7
985.7
985.7
985.7
985.7
985.7
985.7
985.7
985.7
985.7
985.7
985.7
985.7
985.7
985.7
985.7
985.8
985.8
985.8
985.8
985.8
985.8
985.8
985.8
985.8
985.8
985.8
985.8
985.8
985.8
985.8
985.8
985.8
985.8
985.8
985.8
985.8
985.8
985.8
985.8
985.8
985.8
985.8
985.8
985.8
985.9
985.9
985.9
985.9
985.9
985.9
985.9
985.9
985.9
985.9
986.0
986.0
986.1
986.1
986.2
986.3
986.3
986.3
986.3
986.3
986.4
986.5
986.6
986.8
986.9
987.0
987.1
987.2
987.2
987.3
988.0
992.4
992.5
992.5
992.5
992.5
992.6
992.6
992.6
992.6
992.6
992.6
992.6
992.6
992.6
992.7
992.7
992.7
992.7
992.7
992.7
992.7
992.7
992.7
992.7
992.7
992.7
992.7
992.7
992.8
992.8
992.8
992.8
992.8
992.8
992.8
992.8
992.8
992.8
992.8
992.8
992.9
992.9
992.9
992.9
992.9
992.9
992.9
992.9
992.9
992.9
992.9
992.9
992.9
992.9
993.0
993.0
993.0
993.0
993.0
993.0
993.0
993.0
993.1
993.1
993.1
993.1
993.1
993.1
993.1
993.2
993.2
993.2
993.2
993.3
993.3
993.3
993.3
993.4
993.4
993.4
993.6
993.8
994.1
994.3
994.4
994.5
994.6
994.6
994.7
994.8
994.9
995.9
996.2
996.7
997.0
997.4
998.1
998.2
998.9
