28
29
31
32
33
34
35
36
37
38
39
41
42
43
48
49
51
61
64
66
6
9
11
12
13
15
18
21
22
24
26
27
30
40
44
45
46
47
50
52
53
54
55
56
57
58
59
60
63
65
67
68
69
70
71
73
74
77
83
7
8
10
14
16
17
19
20
23
25
62
72
75
76
78
79
80
81
82
85
5
84
86
3
4
2
87
88
89
91
90
92
1
93
94
95
96
97
0
98
99
31
43
47
48
49
51
53
61
64
11
13
15
18
21
22
24
26
28
32
34
35
37
38
41
42
46
66
67
12
16
17
20
23
25
27
29
30
33
36
39
40
44
45
50
52
56
57
58
59
60
63
65
73
8
9
14
19
54
55
62
69
70
71
10
68
72
77
6
74
75
82
83
7
76
78
85
79
80
81
84
5
86
4
87
88
3
89
90
91
2
92
1
0
93
94
95
96
97
98
6
99
4
87
88
3
89
90
91
2
92
1
0
93
94
95
96
97
98
99
1
94
0
95
96
97
98
99
1
94
95
96
0
97
98
1
93
99
94
95
96
0
97
98
2
93
1
94
99
4
95
96
92
3
97
98
0
2
88
93
90
91
89
1
4
94
95
92
96
99
7
3
6
97
5
87
98
2
81
78
83
84
88
80
82
79
76
0
16
73
74
85
75
77
9
72
17
11
42
54
70
8
69
39
55
64
71
14
27
45
68
91
19
20
44
49
50
52
60
62
10
47
57
58
59
65
66
90
35
53
56
13
23
32
37
38
40
41
48
51
67
89
30
34
43
63
31
46
22
36
61
29
12
28
33
86
93
21
26
15
18
24
25
92
94
4
95
96
7
1
99
6
87
84
3
97
5
88
98
29
31
32
34
35
39
41
42
43
49
11
21
22
24
26
28
30
33
36
37
38
40
44
45
46
47
48
50
51
52
53
56
58
61
64
65
66
67
69
71
73
6
7
8
9
12
13
14
15
16
17
18
20
25
27
54
55
57
59
60
62
63
68
70
72
74
75
76
77
83
85
10
19
23
78
79
80
81
82
5
84
4
86
3
2
87
88
89
91
90
92
1
93
94
95
96
0
97
98
99
43
31
38
48
49
51
32
34
35
37
39
41
42
47
53
61
64
11
21
24
26
28
29
30
33
36
40
44
45
46
50
52
56
58
66
67
12
13
15
16
18
22
27
54
55
57
59
60
63
65
69
73
9
14
17
20
23
25
62
70
71
8
19
68
72
77
6
10
74
75
82
83
7
76
78
85
79
80
81
84
5
86
4
87
3
88
89
90
91
2
92
1
93
94
95
96
97
98
42
43
44
45
46
47
48
49
34
35
36
37
38
39
40
41
50
51
52
53
54
55
56
57
58
29
30
31
32
33
59
0
27
28
60
25
26
61
18
19
20
21
22
23
24
62
63
64
65
13
14
15
16
17
66
67
11
12
9
10
68
69
8
70
6
7
71
72
5
73
4
74
3
75
76
77
2
78
79
80
81
1
82
83
84
85
86
8
87
88
6
7
90
5
89
91
0
92
4
99
3
93
94
2
95
96
97
84
98
1
85
86
87
88
6
90
5
89
91
92
4
3
0
93
2
94
95
96
1
99
97
7
87
98
88
6
5
90
89
91
92
4
3
93
2
94
95
96
0
87
7
88
5
6
90
89
91
1
92
97
98
4
99
3
93
87
2
94
88
7
95
96
90
91
89
5
6
92
0
86
9
10
1
8
97
98
4
87
93
85
3
88
17
25
24
16
18
14
15
11
13
90
12
91
94
89
99
7
2
96
86
95
92
5
6
10
84
9
73
75
74
77
70
72
76
64
69
71
78
79
8
42
80
66
68
65
67
39
44
63
81
85
62
43
49
54
38
45
48
53
60
61
27
35
37
41
52
31
32
47
58
34
40
59
82
30
51
56
57
50
55
36
46
87
28
29
22
26
83
23
21
20
19
33
97
17
88
98
25
1
24
93
4
16
18
90
0
14
86
91
89
15
84
11
13
94
12
79
75
77
78
92
73
76
74
96
3
80
95
81
70
72
31
41
42
43
49
11
21
22
24
26
28
29
30
32
33
34
35
36
37
38
39
40
44
46
47
48
51
52
53
61
64
66
6
8
9
12
13
15
16
17
18
19
20
23
25
27
45
50
54
55
56
57
58
59
60
63
65
67
68
69
70
71
73
74
76
77
83
7
10
14
62
72
75
78
79
80
81
82
85
5
84
86
4
3
88
2
87
89
90
91
92
1
93
94
95
96
97
0
98
99
43
31
38
41
42
48
49
51
34
35
37
39
46
47
53
11
18
21
22
24
28
29
30
32
33
36
40
44
45
50
52
61
64
9
12
13
15
16
20
23
26
27
54
55
56
57
58
60
66
67
73
8
14
17
19
25
59
63
65
69
71
10
62
70
77
82
83
6
7
68
72
74
75
76
78
85
79
80
81
84
5
86
4
87
88
3
89
90
91
2
92
1
93
94
95
96
97
98
0
41
42
43
44
45
46
47
48
49
33
34
35
36
37
38
39
40
50
51
52
53
54
55
56
29
30
31
32
57
58
59
26
27
28
18
19
20
21
22
23
24
25
60
11
12
13
14
15
16
17
61
10
62
63
8
9
64
65
66
67
7
5
6
68
69
70
4
71
72
73
3
2
74
75
76
77
78
79
80
1
81
82
83
84
85
86
87
88
90
89
91
92
99
0
7
93
5
6
94
95
96
4
3
97
98
2
1
85
86
87
88
90
89
91
92
93
0
94
4
95
96
3
99
2
97
98
1
88
90
89
91
92
4
93
3
94
95
96
0
2
97
98
99
88
1
90
89
91
92
4
93
3
94
95
96
2
87
0
88
90
91
97
89
98
7
92
5
6
1
99
4
93
3
87
94
95
96
88
2
90
91
89
7
5
92
0
6
97
98
86
16
33
14
11
18
24
25
12
15
13
1
9
10
8
4
84
93
87
99
3
88
85
94
73
90
64
91
96
95
72
75
69
77
89
7
74
2
42
70
66
76
67
79
65
78
80
39
68
71
54
63
81
60
62
49
52
53
43
44
45
48
61
47
58
59
27
38
41
55
57
37
51
56
82
86
17
35
50
5
31
32
40
34
92
6
16
30
46
83
36
19
20
23
14
11
22
26
28
29
21
12
18
33
15
13
24
84
25
0
9
97
10
98
8
1
85
87
4
73
93
88
75
79
77
28
29
31
32
33
34
35
36
37
38
39
41
42
43
44
47
48
49
51
53
58
64
66
21
22
24
25
26
27
30
40
45
46
50
52
54
55
56
57
59
60
61
63
65
67
68
69
70
71
73
11
12
13
15
17
18
19
20
23
62
72
74
75
76
77
8
9
14
16
78
79
80
81
82
83
6
7
10
85
84
5
86
4
3
2
87
88
89
91
90
92
1
93
94
95
96
0
97
98
99
43
31
38
48
49
51
32
34
35
37
39
41
42
47
53
21
24
28
29
30
33
36
40
44
45
46
50
52
56
58
61
64
66
67
18
22
26
27
54
55
57
59
60
71
11
25
62
63
65
69
70
73
12
13
15
16
17
20
23
68
14
19
72
74
77
9
75
76
8
78
82
83
10
79
80
81
6
7
84
85
5
86
4
87
3
88
89
91
90
2
92
1
93
94
95
96
37
38
39
40
41
42
43
44
45
46
47
48
49
50
51
52
53
54
55
56
32
33
34
35
36
57
58
59
27
28
29
30
31
60
26
61
25
62
63
64
65
66
19
20
21
22
23
24
67
97
17
18
98
14
15
16
68
69
11
12
13
70
71
72
9
10
73
0
8
74
75
77
7
76
5
6
78
79
80
4
81
3
82
83
2
84
1
85
86
87
9
88
8
90
89
91
7
92
5
6
4
99
0
93
3
94
95
2
84
96
85
97
98
86
1
87
88
90
89
91
5
6
92
4
3
93
2
94
95
0
96
87
1
7
88
97
98
99
5
6
90
91
89
92
4
86
3
93
2
94
87
95
96
7
88
5
6
90
91
89
0
92
1
97
86
98
4
3
99
93
87
85
88
2
7
94
90
91
95
89
5
96
6
86
10
92
9
8
84
1
4
24
25
17
18
85
16
97
14
15
87
0
11
13
12
82
98
83
88
3
93
90
91
86
89
7
73
74
84
75
77
70
72
76
69
10
64
71
68
66
78
9
42
67
79
80
94
65
92
39
62
2
54
60
63
52
61
44
48
49
53
45
58
59
41
43
57
5
27
37
38
47
51
55
56
31
81
95
35
6
32
34
40
50
30
96
36
46
20
22
19
21
26
28
29
23
82
85
8
33
99
83
17
24
25
16
18
14
87
15
13
73
11
77
74
75
76
88
12
29
31
34
35
39
41
42
43
49
6
7
8
9
11
12
13
21
22
24
26
28
30
32
33
36
37
38
40
44
45
46
47
48
51
52
53
61
64
65
66
67
69
70
71
73
74
76
77
81
82
83
84
85
5
10
14
15
16
17
18
19
20
23
25
27
50
54
55
56
57
58
59
60
62
63
68
72
75
78
79
80
86
3
4
87
88
89
91
2
90
92
1
93
94
95
96
97
0
98
99
43
49
31
37
38
39
41
42
47
48
51
11
28
29
32
34
35
36
46
53
8
9
12
13
18
21
22
24
27
30
33
40
44
45
50
52
61
64
66
67
73
82
83
6
14
15
16
20
23
26
55
56
57
58
59
60
65
69
71
77
84
85
7
10
17
19
25
54
62
63
70
74
75
76
78
79
80
81
68
72
86
5
87
88
4
89
90
91
3
92
2
1
93
94
95
96
97
98
0
37
38
39
40
41
42
43
44
45
46
47
48
49
50
51
52
53
30
31
32
33
34
35
36
54
55
56
57
58
26
27
28
29
59
11
12
13
14
15
16
17
18
19
20
21
22
23
24
25
60
8
9
10
61
62
63
6
7
64
65
66
67
5
68
69
4
70
71
3
72
73
2
74
75
76
77
78
79
80
81
82
83
84
85
86
99
1
87
88
89
90
91
92
93
94
95
96
97
98
0
6
7
5
4
3
2
1
87
88
89
90
91
92
93
99
94
95
96
97
98
0
3
2
1
93
94
95
96
99
97
98
0
3
2
1
93
94
96
95
97
98
4
99
3
0
92
2
93
1
94
95
96
88
4
91
89
90
97
3
98
92
2
0
99
7
5
6
93
1
87
94
88
96
95
11
12
13
15
18
25
4
9
10
91
90
89
8
85
3
92
86
97
98
2
7
5
42
64
73
6
39
54
66
77
79
83
52
60
69
75
81
82
44
49
53
65
70
72
48
58
59
67
76
78
80
0
43
45
57
62
74
38
41
47
51
55
61
27
35
37
56
63
31
68
34
50
71
16
17
32
40
30
46
20
36
84
19
28
93
21
22
29
87
23
26
11
14
33
12
99
15
13
24
25
18
88
85
1
9
10
94
8
96
90
91
95
4
89
86
92
29
31
32
34
35
39
41
42
43
49
11
21
22
24
26
28
30
33
36
37
38
40
44
45
46
47
48
50
51
52
53
56
61
64
65
66
67
69
71
73
6
7
8
9
12
13
14
15
16
18
20
25
27
54
55
57
58
59
60
62
63
68
70
72
74
75
76
77
83
10
17
19
23
78
79
80
81
82
85
5
84
4
86
3
2
87
88
89
91
90
92
1
93
94
95
96
0
97
98
99
43
31
38
48
49
34
35
37
39
41
42
47
51
53
24
28
29
32
33
36
40
45
46
52
61
64
66
67
11
18
21
22
26
27
30
44
50
56
58
65
12
13
15
16
23
54
55
57
59
60
63
69
71
73
9
14
17
19
20
25
62
70
8
68
72
74
75
77
83
6
10
76
82
7
78
80
85
79
81
84
5
86
4
87
88
3
89
91
90
2
92
1
93
94
95
96
97
98
0
