183.7
183.8
183.8
183.8
183.8
183.9
183.9
183.9
183.9
183.9
183.9
183.9
183.9
183.9
184.0
184.0
184.0
184.0
184.0
184.0
184.0
184.0
184.0
184.0
184.0
184.0
184.0
184.0
184.1
184.1
184.1
184.1
184.1
184.1
184.1
184.1
184.1
184.1
184.1
184.1
184.1
184.1
184.1
184.1
184.1
184.1
184.1
184.1
184.1
184.1
184.1
184.1
184.1
184.1
184.1
184.1
184.1
184.1
184.1
184.1
184.2
184.2
184.2
184.2
184.2
184.2
184.2
184.2
184.2
184.2
184.2
184.2
184.2
184.2
184.2
184.2
184.2
184.2
184.2
184.2
184.2
184.2
184.2
184.2
184.2
184.2
184.2
184.2
184.2
184.2
184.2
184.2
184.2
184.2
184.2
184.2
184.2
184.2
184.2
184.2
184.2
184.2
184.2
184.2
184.2
184.2
184.2
184.2
184.2
184.2
184.2
184.2
184.3
184.3
184.3
184.3
184.3
184.3
184.3
184.3
184.3
184.3
184.3
184.3
184.3
184.3
184.3
184.3
184.3
184.3
184.3
184.3
184.3
184.3
184.3
184.3
184.3
184.3
184.3
184.3
184.3
184.3
184.3
184.3
184.3
184.3
184.3
184.3
184.3
184.3
184.3
184.3
184.3
184.3
184.3
184.3
184.3
184.3
184.3
184.3
184.3
184.3
184.3
184.3
184.3
184.3
184.3
184.3
184.3
184.3
184.3
184.3
184.3
184.3
184.3
184.3
184.3
184.3
184.3
184.3
184.3
184.3
184.3
184.3
184.3
184.3
184.3
184.3
184.3
184.3
184.3
184.3
184.3
184.3
184.3
184.3
184.3
184.3
184.3
184.3
184.3
184.3
184.3
184.3
184.3
184.3
184.3
184.3
184.3
184.3
184.4
184.4
184.4
184.4
184.4
184.4
184.4
184.4
184.4
184.4
184.4
184.4
184.4
184.4
184.4
184.4
184.4
184.4
184.4
184.4
184.4
184.4
184.4
184.4
184.4
184.4
184.4
184.4
184.4
184.4
184.4
184.4
184.4
184.4
184.4
184.4
184.4
184.4
184.4
184.4
184.4
184.4
184.4
184.4
184.4
184.4
184.4
184.4
184.4
184.4
184.4
184.4
184.4
184.4
184.4
184.4
184.4
184.4
184.4
184.4
184.4
184.4
184.4
184.4
184.4
184.4
184.4
184.4
184.4
184.4
184.4
184.4
184.4
184.4
184.4
184.4
184.4
184.4
184.4
184.4
184.4
184.4
184.4
184.4
184.4
184.4
184.4
184.4
184.4
184.4
184.4
184.4
184.4
184.4
184.4
184.4
184.4
184.4
184.4
184.4
184.4
184.4
184.5
184.5
184.5
184.5
184.5
184.5
184.5
184.5
184.5
184.5
184.5
184.5
184.5
184.5
184.5
184.5
184.5
184.5
184.5
184.5
184.5
184.5
184.5
184.5
184.5
184.5
184.5
184.5
184.5
184.5
184.5
184.5
184.5
184.5
184.5
184.5
184.5
184.5
184.5
184.5
184.5
184.5
184.5
184.5
184.5
184.5
184.5
184.5
184.5
184.5
184.5
184.5
184.5
184.5
184.5
184.5
184.5
184.5
184.5
184.5
184.5
184.5
184.5
184.5
184.5
184.5
184.5
184.5
184.5
184.5
184.5
184.5
184.5
184.5
184.5
184.5
184.5
184.5
184.5
184.5
184.5
184.5
184.5
184.5
184.5
184.5
184.5
184.5
184.5
184.5
184.5
184.5
184.5
184.5
184.5
184.5
184.5
184.5
184.5
184.5
184.5
184.5
184.5
184.5
184.5
184.5
184.5
184.5
184.5
184.5
184.5
184.5
184.5
184.5
184.5
184.5
184.5
184.5
184.5
184.6
184.6
184.6
184.6
184.6
184.6
184.6
184.6
184.6
184.6
184.6
184.6
184.6
184.6
184.6
184.6
184.6
184.6
184.6
184.6
184.6
184.6
184.6
184.6
184.6
184.6
184.6
184.6
184.6
184.6
184.6
184.6
184.6
184.6
184.6
184.6
184.6
184.6
184.6
184.6
184.6
184.6
184.6
184.6
184.6
184.6
184.6
184.6
184.6
184.6
184.6
184.6
184.6
184.6
184.6
184.6
184.6
184.6
184.6
184.6
184.6
184.6
184.6
184.6
184.6
184.6
184.6
184.6
184.6
184.6
184.6
184.6
184.6
184.6
184.6
184.6
184.6
184.6
184.6
184.6
184.6
184.6
184.6
184.6
184.6
184.6
184.6
184.6
184.6
184.6
184.6
184.6
184.6
184.6
184.6
184.6
184.6
184.6
184.6
184.6
184.6
184.6
184.6
184.6
184.6
184.7
184.7
184.7
184.7
184.7
184.7
184.7
184.7
184.7
184.7
184.7
184.7
184.7
184.7
184.7
184.7
184.7
184.7
184.7
184.7
184.7
184.7
184.7
184.7
184.7
184.7
184.7
184.7
184.7
184.7
184.7
184.7
184.7
184.7
184.7
184.7
184.7
184.7
184.7
184.7
184.7
184.7
184.7
184.7
184.7
184.7
184.7
184.7
184.7
184.7
184.7
184.7
184.7
184.7
184.7
184.7
184.7
184.7
184.7
184.7
184.7
184.7
184.7
184.7
184.7
184.7
184.7
184.7
184.7
184.7
184.7
184.7
184.7
184.7
184.7
184.7
184.7
184.7
184.7
184.7
184.7
184.7
184.7
184.8
184.8
184.8
184.8
184.8
184.8
184.8
184.8
184.8
184.8
184.8
184.8
184.8
184.8
184.8
184.8
184.8
184.8
184.8
184.8
184.8
184.8
184.8
184.8
184.8
184.8
184.8
184.8
184.8
184.8
184.8
184.8
184.8
184.8
184.8
184.8
184.8
184.8
184.8
184.8
184.8
184.8
184.8
184.8
184.8
184.8
184.8
184.8
184.8
184.8
184.8
184.8
184.8
184.8
184.8
184.8
184.8
184.8
184.8
184.8
184.8
184.8
184.8
184.8
184.8
184.8
184.8
184.8
184.8
184.8
184.8
184.8
184.8
184.8
184.8
184.8
184.8
184.8
184.8
184.8
184.8
184.8
184.8
184.8
184.8
184.8
184.8
184.8
184.8
184.8
184.8
184.8
184.8
184.8
184.9
184.9
184.9
184.9
184.9
184.9
184.9
184.9
184.9
184.9
184.9
184.9
184.9
184.9
184.9
184.9
184.9
184.9
184.9
184.9
184.9
184.9
184.9
184.9
184.9
184.9
184.9
184.9
184.9
184.9
184.9
184.9
184.9
184.9
184.9
184.9
184.9
184.9
184.9
184.9
184.9
184.9
184.9
184.9
184.9
184.9
184.9
184.9
184.9
184.9
184.9
184.9
184.9
184.9
184.9
184.9
184.9
184.9
184.9
184.9
184.9
184.9
184.9
184.9
184.9
184.9
184.9
185.0
185.0
185.0
185.0
185.0
185.0
185.0
185.0
185.0
185.0
185.0
185.0
185.0
185.0
185.0
185.0
185.0
185.0
185.0
185.0
185.0
185.0
185.0
185.0
185.0
185.0
185.0
185.0
185.0
185.0
185.0
185.0
185.0
185.0
185.0
185.0
185.0
185.1
185.1
185.1
185.1
185.1
185.1
185.1
185.1
185.1
185.1
185.1
185.1
185.1
185.1
185.1
185.1
185.1
185.1
185.1
185.1
185.1
185.1
185.1
185.1
185.1
185.1
185.1
185.1
185.1
185.1
185.1
185.1
185.1
185.2
185.2
185.2
185.2
185.2
185.2
185.2
185.2
185.2
185.2
185.2
185.2
185.2
185.2
185.2
185.2
185.3
185.3
185.3
185.3
185.3
185.3
185.3
185.3
185.3
185.3
185.4
185.4
185.4
185.4
185.4
185.4
185.4
185.4
185.4
185.4
185.4
185.4
185.5
185.5
185.5
185.5
185.5
185.5
185.6
185.6
185.6
185.6
185.6
185.6
185.6
185.6
185.6
185.7
185.7
185.7
185.7
185.7
185.7
185.7
185.8
185.8
185.8
185.8
185.8
185.9
185.9
185.9
186.0
186.0
186.0
186.0
186.0
186.0
186.0
186.0
186.1
186.1
186.1
186.1
186.1
186.2
186.2
186.2
186.2
186.2
186.2
186.2
186.2
186.3
186.3
186.3
186.3
186.3
186.3
186.5
186.5
186.5
186.6
186.6
186.6
186.6
186.7
186.8
186.8
186.8
186.8
186.8
186.8
186.9
186.9
186.9
186.9
186.9
186.9
187.0
187.0
187.1
187.1
187.1
187.1
187.2
187.2
187.2
187.3
187.3
187.3
187.4
187.4
187.4
187.4
187.4
187.5
187.9
188.0
188.0
188.2
188.3
188.4
188.4
188.5
188.5
188.6
188.6
188.7
189.0
189.3
189.3
189.5
190.4
194.2
195.0
195.2
195.2
195.3
195.4
195.4
195.4
195.5
195.6
195.6
195.6
195.7
195.7
195.7
195.7
195.7
195.8
195.8
195.8
195.8
195.9
195.9
195.9
196.0
196.0
196.0
196.0
196.1
196.1
196.1
196.1
196.1
196.1
196.1
196.1
196.2
196.2
196.2
196.2
196.2
196.2
196.2
196.3
196.3
196.3
196.3
196.4
196.4
196.4
196.4
196.4
196.4
196.4
196.4
196.4
196.5
196.5
196.5
196.6
196.6
196.6
196.6
196.6
196.6
196.6
196.6
196.6
196.6
196.6
196.6
196.6
196.6
196.7
196.7
196.7
196.7
196.7
196.7
196.7
196.8
196.8
196.8
196.8
196.8
196.8
196.8
196.8
196.8
196.8
196.8
196.8
196.8
196.9
196.9
196.9
196.9
196.9
196.9
196.9
196.9
196.9
196.9
196.9
196.9
196.9
197.0
197.0
197.0
197.0
197.0
197.0
197.0
197.0
197.0
197.0
197.0
197.0
197.0
197.0
197.0
197.1
197.1
197.1
197.1
197.1
197.1
197.1
197.1
197.1
197.1
197.1
197.1
197.1
197.1
197.1
197.1
197.1
197.1
197.1
197.1
197.2
197.2
197.2
197.2
197.2
197.2
197.2
197.2
197.2
197.2
197.2
197.2
197.2
197.2
197.2
197.2
197.2
197.2
197.3
197.3
197.3
197.3
197.3
197.3
197.3
197.3
197.3
197.3
197.3
197.3
197.3
197.3
197.3
197.3
197.3
197.3
197.3
197.3
197.3
197.4
197.4
197.4
197.4
197.4
197.4
197.4
197.4
197.4
197.4
197.4
197.4
197.4
197.5
197.5
197.5
197.5
197.5
197.5
197.5
197.5
197.5
197.5
197.5
197.5
197.5
197.5
197.5
197.5
197.5
197.5
197.5
197.6
197.6
197.6
197.6
197.6
197.6
197.6
197.6
197.6
197.6
197.6
197.6
197.6
197.6
197.6
197.6
197.6
197.6
197.7
197.7
197.7
197.7
197.7
197.7
197.7
197.7
197.7
197.7
197.7
197.7
197.7
197.7
197.7
197.7
197.7
197.7
197.7
197.7
197.7
197.7
197.7
197.7
197.7
197.8
197.8
197.8
197.8
197.8
197.8
197.8
197.8
197.8
197.9
197.9
197.9
197.9
197.9
197.9
197.9
197.9
197.9
197.9
197.9
197.9
197.9
197.9
197.9
197.9
197.9
197.9
197.9
197.9
197.9
197.9
197.9
197.9
198.0
198.0
198.0
198.0
198.0
198.0
198.0
198.0
198.0
198.0
198.0
198.0
198.0
198.1
198.1
198.1
198.1
198.1
198.1
198.1
198.1
198.1
198.1
198.1
198.1
198.1
198.1
198.1
198.1
198.1
198.1
198.1
198.1
198.1
198.1
198.1
198.1
198.1
198.2
198.2
198.2
198.2
198.2
198.2
198.2
198.2
198.2
198.2
198.2
198.2
198.2
198.2
198.2
198.2
198.2
198.2
198.2
198.2
198.2
198.2
198.2
198.2
198.2
198.2
198.2
198.2
198.3
198.3
198.3
198.3
198.3
198.3
198.3
198.3
198.3
198.3
198.4
198.4
198.4
198.4
198.4
198.4
198.4
198.4
198.4
198.4
198.4
198.4
198.4
198.4
198.4
198.4
198.4
198.4
198.4
198.4
198.4
198.4
198.5
198.5
198.5
198.5
198.5
198.5
198.5
198.5
198.5
198.5
198.5
198.5
198.5
198.5
198.5
198.5
198.5
198.6
198.6
198.6
198.6
198.6
198.6
198.6
198.6
198.6
198.6
198.6
198.6
198.6
198.6
198.6
198.6
198.6
198.6
198.6
198.7
198.7
198.7
198.7
198.7
198.7
198.7
198.7
198.7
198.7
198.7
198.7
198.7
198.7
198.7
198.7
198.7
198.7
198.8
198.8
198.8
198.8
198.8
198.8
198.8
198.8
198.8
198.8
198.8
198.8
198.8
198.8
198.8
198.8
198.8
198.8
198.9
198.9
198.9
198.9
198.9
198.9
198.9
198.9
198.9
198.9
198.9
198.9
199.0
199.0
199.0
199.0
199.0
199.0
199.0
199.0
199.0
199.0
199.0
199.0
199.0
199.0
199.0
199.0
199.0
199.0
199.1
199.1
199.1
199.1
199.1
199.1
199.1
199.1
199.1
199.1
199.1
199.1
199.1
199.1
199.1
199.2
199.2
199.2
199.2
199.2
199.2
199.2
199.2
199.2
199.2
199.2
199.2
199.3
199.3
199.3
199.3
199.3
199.3
199.3
199.3
199.3
199.3
199.3
199.3
199.3
199.4
199.4
199.4
199.4
199.4
199.4
199.4
199.4
199.4
199.5
199.5
199.5
199.5
199.5
199.5
199.5
199.5
199.5
199.5
199.5
199.5
199.5
199.6
199.6
199.6
199.7
199.7
199.7
199.7
199.7
199.7
199.7
199.7
199.7
199.7
199.7
199.7
199.7
199.7
199.7
199.7
199.7
199.7
199.8
199.8
199.8
199.8
199.8
199.8
199.8
199.8
199.8
199.8
199.8
199.8
199.9
199.9
199.9
199.9
199.9
200.0
200.0
200.0
200.0
200.0
200.0
200.0
200.0
200.0
200.1
200.1
200.1
200.1
200.1
200.1
200.1
200.1
200.1
200.1
200.1
200.1
200.1
200.1
200.1
200.1
200.1
200.1
200.1
200.2
200.2
200.2
200.2
200.2
200.2
200.2
200.2
200.2
200.2
200.3
200.3
200.3
200.3
200.3
200.3
200.3
200.3
200.3
200.3
200.3
200.3
200.3
200.3
200.4
200.4
200.4
200.4
200.5
200.5
200.5
200.5
200.5
200.5
200.5
200.5
200.5
200.5
200.5
200.6
200.6
200.6
200.6
200.6
200.6
200.6
200.7
200.7
200.7
200.7
200.7
200.7
200.7
200.8
200.8
200.8
200.8
200.8
200.8
200.8
200.8
200.8
200.8
200.8
200.8
200.9
200.9
200.9
200.9
200.9
200.9
200.9
200.9
200.9
200.9
200.9
201.0
201.0
201.0
201.0
201.0
201.0
201.0
201.0
201.1
201.1
201.1
201.1
201.2
201.2
201.2
201.2
201.3
201.3
201.3
201.3
201.3
201.3
201.3
201.3
201.3
201.4
201.4
201.4
201.4
201.4
201.4
201.5
201.5
201.5
201.5
201.5
201.6
201.6
201.6
201.7
201.7
201.7
201.7
201.7
201.7
201.8
201.8
201.8
201.8
201.8
201.9
201.9
201.9
202.0
202.0
202.0
202.0
202.1
202.1
202.1
202.1
202.1
202.1
202.2
202.2
202.3
202.3
202.3
202.3
202.3
202.4
202.4
202.4
202.4
202.4
202.4
202.5
202.5
202.5
202.5
202.5
202.5
202.6
202.6
202.6
202.6
202.6
202.6
202.6
202.7
202.7
202.7
202.7
202.7
202.7
202.8
202.8
202.8
202.9
202.9
202.9
202.9
203.0
203.0
203.0
203.0
203.1
203.2
203.2
203.2
203.3
203.3
203.3
203.3
203.4
203.5
203.5
203.6
203.6
203.7
203.7
203.8
203.8
203.9
203.9
203.9
203.9
203.9
203.9
204.0
204.0
204.2
204.2
204.3
204.3
204.4
204.5
204.5
204.5
204.7
204.7
204.7
204.8
204.8
204.9
204.9
205.0
205.0
205.1
205.1
205.2
205.2
205.2
205.4
205.6
205.6
205.6
205.6
205.7
205.7
205.7
205.8
205.9
205.9
206.4
206.4
206.4
206.5
206.6
206.7
206.7
206.9
207.2
207.2
207.5
207.9
208.1
208.1
208.3
208.4
208.5
208.7
208.7
209.4
209.4
209.4
209.5
209.8
209.9
210.0
210.3
210.5
211.2
211.3
211.9
212.1
212.2
212.3
212.9
213.4
214.0
214.1
214.4
215.0
218.2
218.2
221.5
221.9
223.0
224.2
225.4
232.7
351.9
351.9
351.9
351.9
351.9
351.9
351.9
351.9
352.0
352.0
352.0
352.0
352.0
352.0
352.0
352.0
352.0
352.0
352.1
352.1
352.1
352.1
352.1
352.1
352.1
352.1
352.1
352.1
352.1
352.1
352.1
352.1
352.1
352.1
352.1
352.1
352.1
352.1
352.1
352.2
352.2
352.2
352.2
352.2
352.2
352.2
352.2
352.2
352.2
352.2
352.2
352.2
352.2
352.2
352.2
352.2
352.2
352.2
352.2
352.2
352.2
352.2
352.2
352.2
352.2
352.2
352.2
352.2
352.2
352.2
352.2
352.2
352.2
352.2
352.2
352.2
352.2
352.2
352.2
352.2
352.2
352.2
352.2
352.2
352.2
352.2
352.2
352.2
352.2
352.3
352.3
352.3
352.3
352.3
352.3
352.3
352.3
352.3
352.3
352.3
352.3
352.3
352.3
352.3
352.3
352.3
352.3
352.3
352.3
352.3
352.3
352.3
352.3
352.3
352.3
352.3
352.3
352.3
352.3
352.3
352.3
352.3
352.3
352.3
352.3
352.3
352.3
352.3
352.3
352.3
352.3
352.3
352.3
352.3
352.3
352.3
352.3
352.3
352.3
352.3
352.3
352.3
352.3
352.3
352.3
352.3
352.3
352.3
352.3
352.3
352.3
352.3
352.3
352.3
352.3
352.3
352.3
352.3
352.3
352.3
352.3
352.3
352.3
352.3
352.3
352.3
352.3
352.3
352.3
352.3
352.3
352.3
352.3
352.3
352.4
352.4
352.4
352.4
352.4
352.4
352.4
352.4
352.4
352.4
352.4
352.4
352.4
352.4
352.4
352.4
352.4
352.4
352.4
352.4
352.4
352.4
352.4
352.4
352.4
352.4
352.4
352.4
352.4
352.4
352.4
352.4
352.4
352.4
352.4
352.4
352.4
352.4
352.4
352.4
352.4
352.4
352.4
352.4
352.4
352.4
352.4
352.4
352.4
352.4
352.4
352.4
352.4
352.4
352.4
352.4
352.4
352.4
352.4
352.4
352.4
352.4
352.4
352.4
352.4
352.4
352.4
352.4
352.4
352.4
352.4
352.4
352.4
352.4
352.4
352.4
352.4
352.4
352.4
352.4
352.4
352.4
352.4
352.4
352.4
352.4
352.4
352.4
352.4
352.4
352.4
352.4
352.4
352.4
352.4
352.4
352.4
352.4
352.4
352.4
352.5
352.5
352.5
352.5
352.5
352.5
352.5
352.5
352.5
352.5
352.5
352.5
352.5
352.5
352.5
352.5
352.5
352.5
352.5
352.5
352.5
352.5
352.5
352.5
352.5
352.5
352.5
352.5
352.5
352.5
352.5
352.5
352.5
352.5
352.5
352.5
352.5
352.5
352.5
352.5
352.5
352.5
352.5
352.5
352.5
352.5
352.5
352.5
352.5
352.5
352.5
352.5
352.5
352.5
352.5
352.5
352.5
352.5
352.5
352.5
352.5
352.5
352.5
352.5
352.5
352.5
352.5
352.5
352.5
352.5
352.5
352.5
352.5
352.5
352.5
352.5
352.5
352.5
352.5
352.5
352.5
352.5
352.5
352.5
352.5
352.5
352.5
352.5
352.5
352.5
352.5
352.5
352.5
352.5
352.5
352.5
352.5
352.5
352.5
352.5
352.5
352.5
352.5
352.5
352.5
352.5
352.5
352.5
352.5
352.5
352.5
352.5
352.5
352.5
352.5
352.5
352.5
352.5
352.5
352.5
352.5
352.5
352.5
352.5
352.5
352.5
352.5
352.5
352.5
352.5
352.5
352.5
352.6
352.6
352.6
352.6
352.6
352.6
352.6
352.6
352.6
352.6
352.6
352.6
352.6
352.6
352.6
352.6
352.6
352.6
352.6
352.6
352.6
352.6
352.6
352.6
352.6
352.6
352.6
352.6
352.6
352.6
352.6
352.6
352.6
352.6
352.6
352.6
352.6
352.6
352.6
352.6
352.6
352.6
352.6
352.6
352.6
352.6
352.6
352.6
352.6
352.6
352.6
352.6
352.6
352.6
352.6
352.6
352.6
352.6
352.6
352.6
352.6
352.6
352.6
352.6
352.6
352.6
352.6
352.6
352.6
352.6
352.6
352.6
352.6
352.6
352.6
352.6
352.6
352.6
352.6
352.6
352.6
352.6
352.6
352.6
352.6
352.6
352.6
352.6
352.6
352.6
352.6
352.6
352.6
352.6
352.6
352.6
352.6
352.6
352.6
352.6
352.6
352.6
352.6
352.6
352.6
352.6
352.6
352.6
352.6
352.6
352.6
352.6
352.6
352.6
352.6
352.6
352.7
352.7
352.7
352.7
352.7
352.7
352.7
352.7
352.7
352.7
352.7
352.7
352.7
352.7
352.7
352.7
352.7
352.7
352.7
352.7
352.7
352.7
352.7
352.7
352.7
352.7
352.7
352.7
352.7
352.7
352.7
352.7
352.7
352.7
352.7
352.7
352.7
352.7
352.7
352.7
352.7
352.7
352.7
352.7
352.7
352.7
352.7
352.7
352.7
352.7
352.7
352.7
352.7
352.7
352.7
352.7
352.7
352.7
352.7
352.7
352.7
352.7
352.7
352.7
352.7
352.7
352.7
352.7
352.7
352.7
352.7
352.7
352.7
352.7
352.7
352.7
352.7
352.7
352.7
352.7
352.7
352.7
352.7
352.7
352.7
352.7
352.7
352.7
352.7
352.7
352.7
352.7
352.7
352.7
352.7
352.7
352.7
352.7
352.7
352.7
352.7
352.7
352.7
352.8
352.8
352.8
352.8
352.8
352.8
352.8
352.8
352.8
352.8
352.8
352.8
352.8
352.8
352.8
352.8
352.8
352.8
352.8
352.8
352.8
352.8
352.8
352.8
352.8
352.8
352.8
352.8
352.8
352.8
352.8
352.8
352.8
352.8
352.8
352.8
352.8
352.8
352.8
352.8
352.8
352.8
352.8
352.8
352.8
352.8
352.8
352.8
352.8
352.8
352.8
352.8
352.8
352.8
352.8
352.8
352.8
352.8
352.8
352.8
352.8
352.8
352.8
352.8
352.8
352.8
352.8
352.8
352.8
352.8
352.8
352.8
352.8
352.8
352.8
352.8
352.8
352.8
352.8
352.8
352.8
352.8
352.8
352.8
352.8
352.8
352.8
352.8
352.9
352.9
352.9
352.9
352.9
352.9
352.9
352.9
352.9
352.9
352.9
352.9
352.9
352.9
352.9
352.9
352.9
352.9
352.9
352.9
352.9
352.9
352.9
352.9
352.9
352.9
352.9
352.9
352.9
352.9
352.9
352.9
352.9
352.9
352.9
352.9
352.9
352.9
352.9
352.9
352.9
352.9
352.9
352.9
352.9
352.9
352.9
352.9
352.9
352.9
352.9
352.9
352.9
353.0
353.0
353.0
353.0
353.0
353.0
353.0
353.0
353.0
353.0
353.0
353.0
353.0
353.0
353.0
353.0
353.0
353.0
353.0
353.0
353.0
353.0
353.0
353.0
353.0
353.0
353.0
353.0
353.0
353.0
353.0
353.0
353.0
353.0
353.0
353.0
353.0
353.0
353.0
353.0
353.0
353.0
353.0
353.1
353.1
353.1
353.1
353.1
353.1
353.1
353.1
353.1
353.1
353.1
353.1
353.1
353.1
353.1
353.1
353.1
353.1
353.1
353.1
353.1
353.1
353.1
353.1
353.1
353.1
353.1
353.1
353.1
353.2
353.2
353.2
353.2
353.2
353.2
353.2
353.2
353.2
353.2
353.2
353.2
353.2
353.2
353.2
353.2
353.2
353.2
353.2
353.2
353.3
353.3
353.3
353.3
353.3
353.3
353.3
353.3
353.3
353.3
353.3
353.3
353.4
353.4
353.4
353.4
353.4
353.4
353.4
353.4
353.4
353.4
353.4
353.4
353.4
353.4
353.4
353.5
353.5
353.5
353.5
353.6
353.6
353.6
353.6
353.6
353.6
353.6
353.6
353.7
353.7
353.7
353.7
353.7
353.8
353.8
353.8
353.8
353.8
353.8
353.8
353.8
353.8
353.8
353.9
353.9
353.9
353.9
354.0
354.0
354.0
354.0
354.0
354.1
354.1
354.1
354.1
354.1
354.1
354.1
354.2
354.2
354.2
354.2
354.2
354.2
354.2
354.2
354.2
354.2
354.3
354.4
354.4
354.4
354.4
354.4
354.4
354.5
354.5
354.6
354.6
354.6
354.6
354.7
354.7
354.8
354.8
354.8
354.9
354.9
354.9
354.9
355.0
355.0
355.0
355.0
355.0
355.0
355.1
355.1
355.1
355.1
355.1
355.1
355.3
355.3
355.3
355.3
355.4
355.4
355.4
355.4
355.5
355.5
355.6
355.9
355.9
356.1
356.2
356.3
356.4
356.4
356.5
356.5
356.6
356.8
356.9
357.0
357.1
357.2
357.7
358.4
364.6
364.9
364.9
365.1
365.2
365.2
365.2
365.3
365.5
365.5
365.5
365.5
365.6
365.6
365.6
365.7
365.7
365.7
365.7
365.7
365.7
365.7
365.8
365.8
365.8
365.8
365.8
365.8
365.9
365.9
366.0
366.0
366.0
366.0
366.0
366.0
366.0
366.0
366.0
366.0
366.1
366.1
366.1
366.1
366.1
366.1
366.1
366.1
366.1
366.1
366.1
366.2
366.2
366.2
366.2
366.2
366.2
366.2
366.2
366.2
366.3
366.3
366.3
366.3
366.3
366.3
366.3
366.3
366.3
366.3
366.3
366.3
366.3
366.3
366.3
366.3
366.3
366.4
366.4
366.4
366.4
366.4
366.4
366.4
366.4
366.4
366.4
366.5
366.5
366.5
366.5
366.5
366.5
366.5
366.5
366.5
366.5
366.5
366.5
366.5
366.5
366.5
366.5
366.5
366.5
366.5
366.6
366.6
366.6
366.6
366.6
366.6
366.6
366.6
366.6
366.6
366.6
366.6
366.6
366.6
366.6
366.6
366.6
366.6
366.7
366.7
366.7
366.7
366.7
366.7
366.7
366.7
366.7
366.7
366.7
366.7
366.7
366.7
366.7
366.7
366.7
366.7
366.7
366.7
366.7
366.7
366.7
366.7
366.7
366.8
366.8
366.8
366.8
366.8
366.8
366.8
366.8
366.8
366.8
366.8
366.8
366.8
366.8
366.8
366.8
366.9
366.9
366.9
366.9
366.9
366.9
366.9
366.9
366.9
366.9
366.9
366.9
366.9
366.9
366.9
366.9
366.9
366.9
366.9
366.9
366.9
366.9
367.0
367.0
367.0
367.0
367.0
367.0
367.0
367.0
367.0
367.0
367.0
367.0
367.0
367.0
367.0
367.0
367.0
367.0
367.0
367.0
367.0
367.0
367.0
367.0
367.1
367.1
367.1
367.1
367.1
367.1
367.1
367.1
367.1
367.1
367.1
367.1
367.1
367.1
367.1
367.1
367.1
367.1
367.1
367.2
367.2
367.2
367.2
367.2
367.2
367.2
367.2
367.2
367.2
367.2
367.2
367.2
367.2
367.2
367.2
367.2
367.2
367.2
367.2
367.2
367.2
367.2
367.2
367.2
367.2
367.3
367.3
367.3
367.3
367.3
367.3
367.3
367.3
367.3
367.3
367.3
367.3
367.3
367.3
367.3
367.3
367.3
367.3
367.3
367.3
367.3
367.4
367.4
367.4
367.4
367.4
367.4
367.4
367.4
367.4
367.4
367.4
367.4
367.4
367.4
367.4
367.4
367.4
367.4
367.4
367.4
367.4
367.4
367.4
367.4
367.4
367.4
367.4
367.4
367.4
367.4
367.4
367.5
367.5
367.5
367.5
367.5
367.5
367.5
367.5
367.5
367.5
367.5
367.5
367.5
367.5
367.5
367.5
367.5
367.5
367.5
367.5
367.5
367.5
367.6
367.6
367.6
367.6
367.6
367.6
367.6
367.6
367.6
367.6
367.6
367.6
367.6
367.6
367.6
367.6
367.6
367.6
367.6
367.6
367.7
367.7
367.7
367.7
367.7
367.7
367.7
367.7
367.7
367.7
367.7
367.7
367.7
367.7
367.7
367.7
367.7
367.7
367.7
367.7
367.7
367.7
367.7
367.7
367.7
367.7
367.7
367.7
367.8
367.8
367.8
367.8
367.8
367.8
367.8
367.8
367.8
367.8
367.8
367.8
367.8
367.8
367.8
367.8
367.8
367.8
367.8
367.8
367.8
367.8
367.8
367.8
367.8
367.8
367.8
367.8
367.8
367.8
367.9
367.9
367.9
367.9
367.9
367.9
367.9
367.9
367.9
367.9
367.9
367.9
367.9
367.9
367.9
367.9
367.9
367.9
367.9
367.9
367.9
367.9
367.9
367.9
367.9
367.9
367.9
367.9
367.9
367.9
367.9
367.9
368.0
368.0
368.0
368.0
368.0
368.0
368.0
368.0
368.0
368.0
368.0
368.0
368.0
368.0
368.0
368.0
368.0
368.0
368.0
368.1
368.1
368.1
368.1
368.1
368.1
368.1
368.1
368.1
368.1
368.1
368.1
368.1
368.1
368.1
368.1
368.1
368.1
368.1
368.1
368.1
368.1
368.2
368.2
368.2
368.2
368.2
368.2
368.2
368.2
368.2
368.2
368.2
368.2
368.2
368.2
368.2
368.2
368.2
368.2
368.2
368.2
368.2
368.2
368.2
368.2
368.3
368.3
368.3
368.3
368.3
368.3
368.3
368.3
368.3
368.3
368.3
368.3
368.3
368.3
368.3
368.3
368.3
368.4
368.4
368.4
368.4
368.4
368.4
368.4
368.4
368.4
368.4
368.4
368.4
368.4
368.4
368.5
368.5
368.5
368.5
368.5
368.5
368.5
368.5
368.5
368.5
368.5
368.5
368.5
368.5
368.5
368.5
368.5
368.5
368.5
368.5
368.6
368.6
368.6
368.6
368.6
368.6
368.6
368.6
368.6
368.6
368.6
368.6
368.6
368.6
368.6
368.6
368.6
368.6
368.6
368.6
368.6
368.6
368.6
368.7
368.7
368.7
368.7
368.7
368.7
368.7
368.7
368.7
368.7
368.7
368.7
368.7
368.7
368.7
368.8
368.8
368.8
368.8
368.8
368.8
368.8
368.8
368.8
368.8
368.8
368.8
368.8
368.8
368.8
368.8
368.8
368.8
368.8
368.8
368.8
368.8
368.8
368.8
368.9
368.9
368.9
368.9
368.9
368.9
368.9
368.9
368.9
368.9
368.9
368.9
368.9
369.0
369.0
369.0
369.0
369.0
369.0
369.0
369.0
369.0
369.0
369.0
369.1
369.1
369.1
369.1
369.1
369.1
369.1
369.1
369.2
369.2
369.2
369.2
369.2
369.2
369.2
369.2
369.2
369.2
369.2
369.2
369.3
369.3
369.3
369.3
369.3
369.3
369.3
369.3
369.3
369.3
369.3
369.3
369.3
369.3
369.3
369.3
369.3
369.4
369.4
369.4
369.4
369.4
369.5
369.5
369.5
369.5
369.5
369.5
369.5
369.5
369.5
369.5
369.5
369.6
369.6
369.6
369.6
369.6
369.6
369.6
369.6
369.6
369.7
369.7
369.7
369.7
369.7
369.7
369.7
369.7
369.7
369.7
369.7
369.7
369.8
369.8
369.8
369.8
369.8
369.8
369.8
369.8
369.8
369.8
369.8
369.8
369.8
369.9
369.9
369.9
369.9
369.9
369.9
369.9
369.9
369.9
370.0
370.0
370.0
370.0
370.0
370.1
370.1
370.1
370.1
370.1
370.2
370.2
370.2
370.2
370.2
370.2
370.3
370.3
370.3
370.3
370.3
370.3
370.4
370.4
370.4
370.4
370.4
370.5
370.5
370.5
370.5
370.5
370.5
370.5
370.6
370.6
370.6
370.6
370.6
370.6
370.6
370.7
370.7
370.7
370.8
370.8
370.8
370.8
370.8
370.9
370.9
370.9
370.9
371.0
371.0
371.0
371.0
371.1
371.1
371.1
371.1
371.1
371.1
371.2
371.2
371.2
371.2
371.2
371.3
371.3
371.3
371.4
371.4
371.4
371.4
371.4
371.5
371.6
371.6
371.6
371.6
371.6
371.6
371.6
371.8
371.9
372.0
372.0
372.0
372.1
372.1
372.2
372.3
372.3
372.4
372.4
372.4
372.4
372.6
372.6
372.6
372.7
372.8
372.8
372.9
372.9
372.9
373.1
373.1
373.1
373.1
373.1
373.2
373.2
373.2
373.4
373.5
373.5
373.5
373.6
373.7
373.8
373.8
373.8
373.8
374.0
374.1
374.1
374.2
374.3
374.4
374.4
374.4
374.5
374.6
374.6
374.7
374.7
374.8
375.2
375.2
375.3
375.4
375.5
375.5
375.5
375.6
375.7
375.7
375.7
375.8
375.9
376.1
376.2
376.3
376.4
376.7
377.0
377.3
377.5
377.6
377.7
378.0
378.0
378.0
379.0
379.2
379.3
380.0
380.0
380.3
381.2
381.2
381.4
383.4
386.1
386.3
386.8
388.0
388.4
391.6
392.6
394.2
402.4
406.5
510.0
510.0
510.1
510.1
510.1
510.2
510.2
510.2
510.2
510.2
510.2
510.2
510.2
510.3
510.3
510.3
510.3
510.3
510.3
510.3
510.3
510.3
510.3
510.3
510.3
510.3
510.3
510.3
510.3
510.3
510.3
510.3
510.3
510.3
510.3
510.3
510.3
510.3
510.3
510.4
510.4
510.4
510.4
510.4
510.4
510.4
510.4
510.4
510.4
510.4
510.4
510.4
510.4
510.4
510.4
510.4
510.4
510.4
510.4
510.4
510.4
510.4
510.4
510.4
510.4
510.4
510.4
510.4
510.4
510.4
510.4
510.4
510.4
510.4
510.4
510.4
510.4
510.4
510.4
510.4
510.4
510.4
510.4
510.4
510.4
510.4
510.4
510.4
510.4
510.4
510.4
510.5
510.5
510.5
510.5
510.5
510.5
510.5
510.5
510.5
510.5
510.5
510.5
510.5
510.5
510.5
510.5
510.5
510.5
510.5
510.5
510.5
510.5
510.5
510.5
510.5
510.5
510.5
510.5
510.5
510.5
510.5
510.5
510.5
510.5
510.5
510.5
510.5
510.5
510.5
510.5
510.5
510.5
510.5
510.5
510.5
510.5
510.5
510.5
510.5
510.5
510.5
510.5
510.5
510.5
510.5
510.5
510.5
510.5
510.5
510.5
510.5
510.5
510.5
510.5
510.5
510.5
510.5
510.5
510.5
510.5
510.5
510.5
510.5
510.5
510.5
510.5
510.5
510.5
510.5
510.6
510.6
510.6
510.6
510.6
510.6
510.6
510.6
510.6
510.6
510.6
510.6
510.6
510.6
510.6
510.6
510.6
510.6
510.6
510.6
510.6
510.6
510.6
510.6
510.6
510.6
510.6
510.6
510.6
510.6
510.6
510.6
510.6
510.6
510.6
510.6
510.6
510.6
510.6
510.6
510.6
510.6
510.6
510.6
510.6
510.6
510.6
510.6
510.6
510.6
510.6
510.6
510.6
510.6
510.6
510.6
510.6
510.6
510.6
510.6
510.6
510.6
510.6
510.6
510.6
510.6
510.6
510.6
510.6
510.6
510.6
510.6
510.6
510.6
510.6
510.6
510.6
510.6
510.6
510.6
510.6
510.6
510.6
510.6
510.6
510.6
510.6
510.6
510.6
510.6
510.6
510.6
510.6
510.6
510.6
510.6
510.6
510.6
510.6
510.6
510.6
510.6
510.6
510.6
510.6
510.6
510.6
510.6
510.6
510.6
510.6
510.6
510.6
510.6
510.6
510.6
510.6
510.6
510.6
510.6
510.7
510.7
510.7
510.7
510.7
510.7
510.7
510.7
510.7
510.7
510.7
510.7
510.7
510.7
510.7
510.7
510.7
510.7
510.7
510.7
510.7
510.7
510.7
510.7
510.7
510.7
510.7
510.7
510.7
510.7
510.7
510.7
510.7
510.7
510.7
510.7
510.7
510.7
510.7
510.7
510.7
510.7
510.7
510.7
510.7
510.7
510.7
510.7
510.7
510.7
510.7
510.7
510.7
510.7
510.7
510.7
510.7
510.7
510.7
510.7
510.7
510.7
510.7
510.7
510.7
510.7
510.7
510.7
510.7
510.7
510.7
510.7
510.7
510.7
510.7
510.7
510.7
510.7
510.7
510.7
510.7
510.7
510.7
510.7
510.7
510.7
510.7
510.7
510.7
510.7
510.7
510.7
510.7
510.7
510.7
510.7
510.7
510.7
510.7
510.7
510.7
510.7
510.7
510.7
510.7
510.7
510.7
510.7
510.7
510.7
510.7
510.7
510.7
510.7
510.7
510.7
510.7
510.7
510.7
510.7
510.7
510.7
510.7
510.7
510.7
510.8
510.8
510.8
510.8
510.8
510.8
510.8
510.8
510.8
510.8
510.8
510.8
510.8
510.8
510.8
510.8
510.8
510.8
510.8
510.8
510.8
510.8
510.8
510.8
510.8
510.8
510.8
510.8
510.8
510.8
510.8
510.8
510.8
510.8
510.8
510.8
510.8
510.8
510.8
510.8
510.8
510.8
510.8
510.8
510.8
510.8
510.8
510.8
510.8
510.8
510.8
510.8
510.8
510.8
510.8
510.8
510.8
510.8
510.8
510.8
510.8
510.8
510.8
510.8
510.8
510.8
510.8
510.8
510.8
510.8
510.8
510.8
510.8
510.8
510.8
510.8
510.8
510.8
510.8
510.8
510.8
510.8
510.8
510.8
510.8
510.8
510.8
510.8
510.8
510.8
510.8
510.8
510.8
510.8
510.8
510.8
510.8
510.8
510.8
510.8
510.8
510.8
510.8
510.8
510.8
510.8
510.8
510.8
510.8
510.8
510.8
510.8
510.8
510.8
510.8
510.8
510.8
510.8
510.8
510.8
510.8
510.9
510.9
510.9
510.9
510.9
510.9
510.9
510.9
510.9
510.9
510.9
510.9
510.9
510.9
510.9
510.9
510.9
510.9
510.9
510.9
510.9
510.9
510.9
510.9
510.9
510.9
510.9
510.9
510.9
510.9
510.9
510.9
510.9
510.9
510.9
510.9
510.9
510.9
510.9
510.9
510.9
510.9
510.9
510.9
510.9
510.9
510.9
510.9
510.9
510.9
510.9
510.9
510.9
510.9
510.9
510.9
510.9
510.9
510.9
510.9
510.9
510.9
510.9
510.9
510.9
510.9
510.9
510.9
510.9
510.9
510.9
510.9
510.9
510.9
510.9
510.9
510.9
510.9
510.9
510.9
510.9
510.9
510.9
510.9
510.9
510.9
510.9
510.9
510.9
510.9
510.9
510.9
510.9
510.9
510.9
510.9
510.9
510.9
510.9
510.9
511.0
511.0
511.0
511.0
511.0
511.0
511.0
511.0
511.0
511.0
511.0
511.0
511.0
511.0
511.0
511.0
511.0
511.0
511.0
511.0
511.0
511.0
511.0
511.0
511.0
511.0
511.0
511.0
511.0
511.0
511.0
511.0
511.0
511.0
511.0
511.0
511.0
511.0
511.0
511.0
511.0
511.0
511.0
511.0
511.0
511.0
511.0
511.0
511.0
511.0
511.0
511.0
511.0
511.0
511.0
511.0
511.0
511.0
511.0
511.0
511.0
511.0
511.0
511.0
511.0
511.0
511.0
511.0
511.0
511.0
511.0
511.0
511.0
511.1
511.1
511.1
511.1
511.1
511.1
511.1
511.1
511.1
511.1
511.1
511.1
511.1
511.1
511.1
511.1
511.1
511.1
511.1
511.1
511.1
511.1
511.1
511.1
511.1
511.1
511.1
511.1
511.1
511.1
511.1
511.1
511.1
511.1
511.1
511.1
511.1
511.1
511.1
511.1
511.1
511.1
511.1
511.1
511.1
511.1
511.1
511.1
511.1
511.1
511.1
511.1
511.1
511.1
511.1
511.1
511.1
511.1
511.1
511.1
511.1
511.1
511.1
511.1
511.1
511.2
511.2
511.2
511.2
511.2
511.2
511.2
511.2
511.2
511.2
511.2
511.2
511.2
511.2
511.2
511.2
511.2
511.2
511.2
511.2
511.2
511.2
511.2
511.2
511.2
511.2
511.2
511.2
511.2
511.2
511.2
511.2
511.2
511.2
511.2
511.2
511.2
511.2
511.2
511.2
511.2
511.2
511.2
511.2
511.2
511.2
511.3
511.3
511.3
511.3
511.3
511.3
511.3
511.3
511.3
511.3
511.3
511.3
511.3
511.3
511.3
511.3
511.3
511.3
511.3
511.3
511.3
511.3
511.3
511.3
511.3
511.3
511.4
511.4
511.4
511.4
511.4
511.4
511.4
511.4
511.4
511.4
511.4
511.4
511.4
511.4
511.4
511.4
511.4
511.4
511.5
511.5
511.5
511.5
511.5
511.5
511.5
511.5
511.5
511.5
511.5
511.6
511.6
511.6
511.6
511.6
511.6
511.6
511.6
511.6
511.7
511.7
511.7
511.7
511.7
511.8
511.8
511.8
511.8
511.8
511.8
511.8
511.8
511.8
511.9
511.9
511.9
511.9
511.9
512.0
512.0
512.0
512.0
512.0
512.0
512.0
512.0
512.0
512.0
512.1
512.1
512.1
512.1
512.1
512.1
512.1
512.2
512.2
512.2
512.2
512.3
512.3
512.3
512.3
512.3
512.3
512.3
512.4
512.4
512.4
512.4
512.4
512.4
512.4
512.5
512.5
512.5
512.5
512.6
512.6
512.6
512.7
512.7
512.8
512.8
512.8
512.9
513.0
513.0
513.0
513.0
513.0
513.0
513.0
513.1
513.1
513.1
513.1
513.2
513.2
513.2
513.2
513.2
513.3
513.3
513.3
513.4
513.4
513.4
513.4
513.4
513.5
513.5
513.5
513.6
513.6
513.7
513.7
513.8
514.0
514.2
514.4
514.6
514.6
514.6
514.6
514.8
514.9
514.9
514.9
515.0
515.3
515.5
515.7
516.3
517.2
524.7
524.9
524.9
525.0
525.1
525.1
525.5
525.5
525.6
525.6
525.8
525.8
525.9
525.9
525.9
525.9
526.0
526.0
526.0
526.0
526.1
526.1
526.1
526.2
526.2
526.2
526.2
526.3
526.3
526.3
526.3
526.4
526.4
526.4
526.4
526.4
526.4
526.4
526.5
526.5
526.5
526.5
526.5
526.5
526.6
526.6
526.6
526.6
526.6
526.6
526.6
526.6
526.7
526.7
526.7
526.7
526.7
526.7
526.7
526.7
526.7
526.8
526.8
526.8
526.8
526.8
526.8
526.8
526.9
526.9
526.9
526.9
526.9
526.9
526.9
526.9
526.9
526.9
527.0
527.0
527.0
527.0
527.0
527.0
527.0
527.0
527.0
527.0
527.0
527.0
527.0
527.1
527.1
527.1
527.1
527.1
527.1
527.1
527.1
527.1
527.1
527.1
527.1
527.1
527.1
527.1
527.1
527.1
527.2
527.2
527.2
527.2
527.2
527.2
527.2
527.2
527.2
527.3
527.3
527.3
527.3
527.3
527.3
527.3
527.3
527.3
527.3
527.3
527.3
527.3
527.4
527.4
527.4
527.4
527.4
527.4
527.4
527.4
527.4
527.4
527.4
527.4
527.4
527.4
527.4
527.4
527.4
527.4
527.4
527.4
527.5
527.5
527.5
527.5
527.5
527.5
527.5
527.5
527.5
527.5
527.5
527.5
527.5
527.5
527.5
527.6
527.6
527.6
527.6
527.6
527.6
527.6
527.6
527.6
527.7
527.7
527.7
527.7
527.7
527.7
527.7
527.7
527.7
527.7
527.7
527.7
527.7
527.7
527.7
527.7
527.7
527.7
527.7
527.7
527.8
527.8
527.8
527.8
527.8
527.8
527.8
527.8
527.8
527.8
527.8
527.8
527.9
527.9
527.9
527.9
527.9
527.9
527.9
527.9
527.9
527.9
527.9
527.9
527.9
527.9
527.9
527.9
528.0
528.0
528.0
528.0
528.0
528.0
528.0
528.0
528.0
528.1
528.1
528.1
528.1
528.1
528.1
528.1
528.1
528.1
528.1
528.1
528.1
528.1
528.1
528.1
528.1
528.1
528.1
528.1
528.1
528.1
528.1
528.2
528.2
528.2
528.2
528.2
528.2
528.2
528.2
528.2
528.2
528.2
528.2
528.2
528.3
528.3
528.3
528.3
528.3
528.3
528.3
528.3
528.3
528.3
528.3
528.4
528.4
528.4
528.4
528.4
528.4
528.4
528.4
528.4
528.4
528.4
528.4
528.5
528.5
528.5
528.5
528.5
528.5
528.5
528.5
528.5
528.5
528.5
528.5
528.6
528.6
528.6
528.6
528.6
528.6
528.6
528.6
528.6
528.6
528.6
528.6
528.6
528.6
528.6
528.6
528.6
528.6
528.6
528.6
528.7
528.7
528.7
528.7
528.7
528.7
528.7
528.7
528.7
528.7
528.7
528.7
528.7
528.7
528.7
528.7
528.7
528.7
528.7
528.7
528.7
528.7
528.7
528.7
528.7
528.7
528.7
528.7
528.7
528.7
528.8
528.8
528.8
528.8
528.8
528.8
528.8
528.8
528.8
528.8
528.8
528.8
528.8
528.8
528.8
528.8
528.8
528.8
528.8
528.8
528.9
528.9
528.9
528.9
528.9
528.9
528.9
528.9
528.9
528.9
528.9
528.9
528.9
528.9
528.9
528.9
528.9
528.9
528.9
528.9
528.9
528.9
528.9
528.9
528.9
529.0
529.0
529.0
529.0
529.0
529.0
529.0
529.0
529.0
529.0
529.0
529.0
529.0
529.0
529.0
529.0
529.0
529.0
529.0
529.0
529.0
529.0
529.0
529.0
529.0
529.1
529.1
529.1
529.1
529.1
529.1
529.1
529.1
529.1
529.1
529.1
529.1
529.1
529.1
529.2
529.2
529.2
529.2
529.2
529.2
529.2
529.2
529.2
529.2
529.2
529.2
529.2
529.2
529.2
529.2
529.2
529.2
529.3
529.3
529.3
529.3
529.3
529.3
529.3
529.3
529.3
529.3
529.3
529.3
529.3
529.3
529.4
529.4
529.4
529.4
529.4
529.4
529.4
529.4
529.4
529.4
529.4
529.4
529.4
529.5
529.5
529.5
529.5
529.5
529.5
529.5
529.5
529.5
529.5
529.5
529.6
529.6
529.6
529.6
529.6
529.6
529.6
529.6
529.6
529.6
529.6
529.6
529.7
529.7
529.7
529.7
529.7
529.7
529.7
529.7
529.7
529.7
529.7
529.7
529.7
529.7
529.8
529.8
529.8
529.8
529.8
529.8
529.8
529.8
529.8
529.8
529.8
529.9
529.9
529.9
529.9
529.9
529.9
529.9
529.9
529.9
529.9
529.9
529.9
530.0
530.0
530.0
530.0
530.0
530.0
530.0
530.0
530.0
530.0
530.0
530.0
530.0
530.0
530.0
530.0
530.0
530.0
530.0
530.0
530.0
530.1
530.1
530.1
530.1
530.1
530.1
530.1
530.1
530.1
530.1
530.1
530.2
530.2
530.2
530.2
530.2
530.2
530.2
530.2
530.2
530.2
530.2
530.2
530.3
530.3
530.3
530.3
530.3
530.3
530.3
530.3
530.4
530.4
530.4
530.4
530.4
530.4
530.4
530.4
530.5
530.5
530.5
530.5
530.5
530.5
530.5
530.5
530.5
530.5
530.5
530.5
530.5
530.5
530.5
530.6
530.6
530.6
530.6
530.6
530.6
530.6
530.6
530.6
530.6
530.6
530.7
530.7
530.7
530.7
530.7
530.7
530.7
530.7
530.7
530.7
530.7
530.7
530.7
530.8
530.8
530.8
530.8
530.8
530.8
530.8
530.8
530.8
530.8
530.9
530.9
530.9
530.9
530.9
530.9
530.9
530.9
530.9
531.0
531.0
531.0
531.0
531.1
531.1
531.1
531.1
531.1
531.1
531.2
531.2
531.2
531.2
531.2
531.2
531.2
531.2
531.2
531.3
531.3
531.3
531.3
531.3
531.3
531.3
531.3
531.3
531.4
531.4
531.4
531.4
531.4
531.4
531.4
531.4
531.4
531.5
531.5
531.5
531.5
531.5
531.5
531.5
531.6
531.6
531.6
531.6
531.6
531.6
531.6
531.6
531.6
531.6
531.6
531.6
531.7
531.7
531.7
531.7
531.7
531.8
531.8
531.8
531.8
531.8
531.8
531.9
531.9
531.9
531.9
531.9
531.9
531.9
531.9
532.0
532.0
532.1
532.1
532.1
532.2
532.2
532.2
532.2
532.2
532.2
532.3
532.3
532.3
532.4
532.4
532.4
532.4
532.4
532.5
532.5
532.6
532.6
532.7
532.7
532.7
532.8
532.8
532.8
532.8
532.8
532.8
532.8
532.9
532.9
532.9
532.9
533.0
533.1
533.1
533.1
533.1
533.1
533.2
533.2
533.2
533.2
533.2
533.2
533.2
533.3
533.3
533.3
533.3
533.3
533.4
533.4
533.5
533.5
533.5
533.5
533.6
533.6
533.7
533.8
533.8
533.8
533.8
533.8
533.9
533.9
533.9
534.0
534.0
534.0
534.0
534.1
534.1
534.2
534.3
534.3
534.4
534.4
534.4
534.5
534.7
534.8
534.8
534.8
534.8
534.9
534.9
535.1
535.1
535.1
535.1
535.1
535.2
535.2
535.2
535.3
535.4
535.5
535.9
535.9
535.9
536.0
536.2
536.2
536.2
536.4
536.6
536.8
536.8
536.8
537.2
537.5
537.5
537.6
538.0
538.0
538.1
538.2
538.3
538.3
538.3
538.4
538.4
538.4
538.6
538.6
538.7
538.9
539.0
539.0
539.1
539.1
539.3
539.4
539.5
539.5
539.5
539.9
540.2
540.4
540.4
540.6
541.4
542.1
542.2
542.5
542.9
543.1
543.4
543.6
543.7
544.0
544.8
545.6
545.8
546.1
546.8
547.1
547.1
548.3
548.6
552.2
552.4
553.1
557.5
561.5
668.1
668.2
668.2
668.2
668.2
668.2
668.2
668.2
668.3
668.3
668.3
668.3
668.3
668.3
668.3
668.3
668.3
668.3
668.4
668.4
668.4
668.4
668.4
668.4
668.4
668.4
668.4
668.4
668.4
668.4
668.4
668.4
668.4
668.4
668.4
668.4
668.4
668.4
668.4
668.4
668.4
668.4
668.4
668.4
668.4
668.4
668.5
668.5
668.5
668.5
668.5
668.5
668.5
668.5
668.5
668.5
668.5
668.5
668.5
668.5
668.5
668.5
668.5
668.5
668.5
668.5
668.5
668.5
668.5
668.5
668.5
668.5
668.5
668.5
668.5
668.5
668.5
668.5
668.5
668.5
668.5
668.5
668.5
668.5
668.5
668.5
668.5
668.5
668.5
668.5
668.5
668.6
668.6
668.6
668.6
668.6
668.6
668.6
668.6
668.6
668.6
668.6
668.6
668.6
668.6
668.6
668.6
668.6
668.6
668.6
668.6
668.6
668.6
668.6
668.6
668.6
668.6
668.6
668.6
668.6
668.6
668.6
668.6
668.6
668.6
668.6
668.6
668.6
668.6
668.6
668.6
668.6
668.6
668.6
668.6
668.6
668.6
668.6
668.6
668.6
668.6
668.6
668.6
668.6
668.6
668.6
668.6
668.6
668.6
668.7
668.7
668.7
668.7
668.7
668.7
668.7
668.7
668.7
668.7
668.7
668.7
668.7
668.7
668.7
668.7
668.7
668.7
668.7
668.7
668.7
668.7
668.7
668.7
668.7
668.7
668.7
668.7
668.7
668.7
668.7
668.7
668.7
668.7
668.7
668.7
668.7
668.7
668.7
668.7
668.7
668.7
668.7
668.7
668.7
668.7
668.7
668.7
668.7
668.7
668.7
668.7
668.7
668.7
668.7
668.7
668.7
668.7
668.7
668.7
668.7
668.7
668.7
668.7
668.7
668.7
668.7
668.7
668.7
668.7
668.7
668.7
668.7
668.7
668.7
668.7
668.7
668.7
668.7
668.7
668.7
668.7
668.7
668.7
668.7
668.7
668.7
668.7
668.7
668.7
668.7
668.7
668.7
668.7
668.7
668.7
668.7
668.7
668.7
668.7
668.7
668.7
668.7
668.7
668.7
668.7
668.7
668.7
668.7
668.7
668.7
668.7
668.7
668.7
668.7
668.7
668.7
668.8
668.8
668.8
668.8
668.8
668.8
668.8
668.8
668.8
668.8
668.8
668.8
668.8
668.8
668.8
668.8
668.8
668.8
668.8
668.8
668.8
668.8
668.8
668.8
668.8
668.8
668.8
668.8
668.8
668.8
668.8
668.8
668.8
668.8
668.8
668.8
668.8
668.8
668.8
668.8
668.8
668.8
668.8
668.8
668.8
668.8
668.8
668.8
668.8
668.8
668.8
668.8
668.8
668.8
668.8
668.8
668.8
668.8
668.8
668.8
668.8
668.8
668.8
668.8
668.8
668.8
668.8
668.8
668.8
668.8
668.8
668.8
668.8
668.8
668.8
668.8
668.8
668.8
668.8
668.8
668.8
668.8
668.8
668.8
668.8
668.8
668.8
668.8
668.8
668.8
668.8
668.8
668.8
668.8
668.8
668.8
668.8
668.8
668.8
668.8
668.8
668.8
668.8
668.8
668.8
668.9
668.9
668.9
668.9
668.9
668.9
668.9
668.9
668.9
668.9
668.9
668.9
668.9
668.9
668.9
668.9
668.9
668.9
668.9
668.9
668.9
668.9
668.9
668.9
668.9
668.9
668.9
668.9
668.9
668.9
668.9
668.9
668.9
668.9
668.9
668.9
668.9
668.9
668.9
668.9
668.9
668.9
668.9
668.9
668.9
668.9
668.9
668.9
668.9
668.9
668.9
668.9
668.9
668.9
668.9
668.9
668.9
668.9
668.9
668.9
668.9
668.9
668.9
668.9
668.9
668.9
668.9
668.9
668.9
668.9
668.9
668.9
668.9
668.9
668.9
668.9
668.9
668.9
668.9
668.9
668.9
668.9
668.9
668.9
668.9
668.9
668.9
668.9
668.9
668.9
668.9
668.9
668.9
668.9
668.9
668.9
668.9
668.9
668.9
668.9
668.9
668.9
668.9
668.9
668.9
668.9
668.9
668.9
668.9
668.9
668.9
668.9
668.9
668.9
668.9
668.9
669.0
669.0
669.0
669.0
669.0
669.0
669.0
669.0
669.0
669.0
669.0
669.0
669.0
669.0
669.0
669.0
669.0
669.0
669.0
669.0
669.0
669.0
669.0
669.0
669.0
669.0
669.0
669.0
669.0
669.0
669.0
669.0
669.0
669.0
669.0
669.0
669.0
669.0
669.0
669.0
669.0
669.0
669.0
669.0
669.0
669.0
669.0
669.0
669.0
669.0
669.0
669.0
669.0
669.0
669.0
669.0
669.0
669.0
669.0
669.0
669.0
669.0
669.0
669.0
669.0
669.0
669.0
669.0
669.0
669.0
669.0
669.0
669.0
669.0
669.0
669.0
669.0
669.0
669.0
669.0
669.0
669.0
669.0
669.0
669.0
669.0
669.0
669.0
669.0
669.0
669.0
669.1
669.1
669.1
669.1
669.1
669.1
669.1
669.1
669.1
669.1
669.1
669.1
669.1
669.1
669.1
669.1
669.1
669.1
669.1
669.1
669.1
669.1
669.1
669.1
669.1
669.1
669.1
669.1
669.1
669.1
669.1
669.1
669.1
669.1
669.1
669.1
669.1
669.1
669.1
669.1
669.1
669.1
669.1
669.1
669.1
669.1
669.1
669.1
669.1
669.1
669.1
669.1
669.1
669.1
669.1
669.1
669.1
669.1
669.1
669.1
669.1
669.1
669.1
669.1
669.1
669.1
669.1
669.1
669.1
669.1
669.1
669.1
669.1
669.1
669.1
669.1
669.1
669.1
669.1
669.1
669.1
669.1
669.1
669.1
669.1
669.1
669.1
669.1
669.2
669.2
669.2
669.2
669.2
669.2
669.2
669.2
669.2
669.2
669.2
669.2
669.2
669.2
669.2
669.2
669.2
669.2
669.2
669.2
669.2
669.2
669.2
669.2
669.2
669.2
669.2
669.2
669.2
669.2
669.2
669.2
669.2
669.2
669.2
669.2
669.2
669.2
669.2
669.2
669.2
669.2
669.2
669.2
669.2
669.2
669.2
669.2
669.2
669.2
669.2
669.2
669.2
669.2
669.2
669.2
669.2
669.2
669.2
669.2
669.2
669.2
669.2
669.2
669.2
669.2
669.2
669.2
669.2
669.2
669.2
669.2
669.2
669.2
669.2
669.2
669.2
669.2
669.2
669.2
669.2
669.2
669.2
669.2
669.2
669.2
669.2
669.2
669.2
669.2
669.2
669.3
669.3
669.3
669.3
669.3
669.3
669.3
669.3
669.3
669.3
669.3
669.3
669.3
669.3
669.3
669.3
669.3
669.3
669.3
669.3
669.3
669.3
669.3
669.3
669.3
669.3
669.3
669.3
669.3
669.3
669.3
669.3
669.3
669.3
669.3
669.3
669.3
669.3
669.3
669.3
669.3
669.3
669.3
669.3
669.3
669.3
669.3
669.3
669.3
669.3
669.4
669.4
669.4
669.4
669.4
669.4
669.4
669.4
669.4
669.4
669.4
669.4
669.4
669.4
669.4
669.4
669.4
669.4
669.4
669.4
669.4
669.4
669.4
669.4
669.4
669.4
669.4
669.4
669.4
669.4
669.4
669.4
669.4
669.4
669.4
669.4
669.4
669.4
669.4
669.4
669.4
669.5
669.5
669.5
669.5
669.5
669.5
669.5
669.5
669.5
669.5
669.5
669.5
669.5
669.5
669.5
669.5
669.5
669.6
669.6
669.6
669.6
669.6
669.6
669.6
669.6
669.6
669.6
669.6
669.7
669.7
669.7
669.7
669.7
669.7
669.7
669.7
669.7
669.8
669.8
669.8
669.8
669.8
669.8
669.8
669.8
669.8
669.8
669.8
669.8
669.9
669.9
669.9
669.9
669.9
669.9
670.0
670.0
670.0
670.0
670.0
670.0
670.1
670.1
670.1
670.1
670.1
670.2
670.2
670.2
670.2
670.2
670.2
670.3
670.3
670.3
670.3
670.3
670.3
670.3
670.3
670.4
670.4
670.4
670.4
670.4
670.5
670.5
670.5
670.5
670.5
670.5
670.5
670.5
670.6
670.6
670.6
670.7
670.7
670.7
670.7
670.8
670.8
670.8
670.9
670.9
671.0
671.0
671.0
671.0
671.0
671.1
671.1
671.1
671.1
671.1
671.2
671.2
671.2
671.2
671.2
671.3
671.3
671.4
671.4
671.5
671.5
671.5
671.6
671.6
671.6
671.7
671.7
671.7
671.9
672.0
672.3
672.3
672.4
672.4
672.5
672.5
672.6
672.7
672.7
672.7
672.9
673.0
673.2
673.3
673.5
673.6
674.5
681.6
681.9
681.9
682.0
682.1
682.2
682.2
682.2
682.4
682.5
682.5
682.5
682.6
682.6
682.6
682.7
682.7
682.7
682.8
682.8
682.8
682.8
682.8
682.9
682.9
682.9
682.9
683.0
683.0
683.0
683.0
683.0
683.0
683.0
683.0
683.0
683.0
683.1
683.1
683.1
683.2
683.2
683.2
683.2
683.2
683.2
683.2
683.3
683.3
683.3
683.3
683.3
683.3
683.4
683.4
683.4
683.4
683.4
683.4
683.4
683.4
683.5
683.5
683.5
683.5
683.5
683.5
683.5
683.5
683.5
683.5
683.5
683.5
683.6
683.6
683.6
683.6
683.6
683.6
683.6
683.6
683.7
683.7
683.7
683.7
683.7
683.7
683.7
683.7
683.7
683.7
683.7
683.7
683.7
683.8
683.8
683.8
683.8
683.8
683.8
683.8
683.8
683.8
683.8
683.8
683.8
683.8
683.8
683.9
683.9
683.9
683.9
683.9
683.9
683.9
683.9
683.9
683.9
683.9
683.9
683.9
683.9
683.9
683.9
683.9
683.9
683.9
684.0
684.0
684.0
684.0
684.0
684.0
684.0
684.0
684.0
684.0
684.0
684.0
684.0
684.0
684.0
684.0
684.0
684.0
684.0
684.0
684.1
684.1
684.1
684.1
684.1
684.1
684.1
684.1
684.1
684.1
684.1
684.1
684.1
684.1
684.1
684.1
684.2
684.2
684.2
684.2
684.2
684.2
684.2
684.2
684.2
684.2
684.2
684.2
684.2
684.2
684.2
684.2
684.2
684.2
684.2
684.2
684.2
684.3
684.3
684.3
684.3
684.3
684.3
684.3
684.3
684.3
684.3
684.3
684.3
684.3
684.3
684.3
684.4
684.4
684.4
684.4
684.4
684.4
684.4
684.4
684.4
684.4
684.4
684.4
684.4
684.4
684.4
684.4
684.4
684.5
684.5
684.5
684.5
684.5
684.5
684.5
684.5
684.5
684.5
684.5
684.5
684.5
684.5
684.5
684.5
684.5
684.5
684.5
684.5
684.5
684.5
684.5
684.5
684.5
684.6
684.6
684.6
684.6
684.6
684.6
684.6
684.6
684.6
684.6
684.6
684.6
684.6
684.6
684.6
684.6
684.6
684.6
684.7
684.7
684.7
684.7
684.7
684.7
684.7
684.7
684.7
684.7
684.7
684.7
684.7
684.7
684.7
684.7
684.7
684.7
684.7
684.8
684.8
684.8
684.8
684.8
684.8
684.8
684.8
684.8
684.8
684.8
684.8
684.8
684.8
684.8
684.8
684.8
684.8
684.8
684.8
684.8
684.8
684.8
684.8
684.8
684.8
684.9
684.9
684.9
684.9
684.9
684.9
684.9
684.9
684.9
684.9
684.9
684.9
684.9
684.9
685.0
685.0
685.0
685.0
685.0
685.0
685.0
685.0
685.0
685.0
685.0
685.0
685.0
685.0
685.0
685.0
685.0
685.0
685.0
685.0
685.0
685.0
685.0
685.0
685.0
685.1
685.1
685.1
685.1
685.1
685.1
685.1
685.1
685.1
685.1
685.1
685.1
685.1
685.1
685.1
685.1
685.1
685.1
685.1
685.1
685.1
685.1
685.1
685.1
685.2
685.2
685.2
685.2
685.2
685.2
685.2
685.2
685.2
685.2
685.2
685.2
685.2
685.2
685.2
685.2
685.2
685.2
685.2
685.2
685.2
685.3
685.3
685.3
685.3
685.3
685.3
685.3
685.3
685.3
685.3
685.3
685.3
685.3
685.3
685.3
685.3
685.3
685.3
685.3
685.3
685.3
685.3
685.4
685.4
685.4
685.4
685.4
685.4
685.4
685.4
685.4
685.4
685.4
685.4
685.4
685.4
685.4
685.4
685.4
685.4
685.4
685.5
685.5
685.5
685.5
685.5
685.5
685.5
685.5
685.5
685.5
685.5
685.5
685.5
685.5
685.5
685.5
685.5
685.5
685.5
685.5
685.5
685.5
685.5
685.5
685.5
685.6
685.6
685.6
685.6
685.6
685.6
685.6
685.6
685.6
685.6
685.6
685.6
685.6
685.6
685.6
685.6
685.6
685.6
685.7
685.7
685.7
685.7
685.7
685.7
685.7
685.7
685.7
685.7
685.7
685.7
685.7
685.7
685.7
685.7
685.7
685.7
685.7
685.8
685.8
685.8
685.8
685.8
685.8
685.8
685.8
685.8
685.8
685.8
685.8
685.8
685.8
685.8
685.8
685.8
685.9
685.9
685.9
685.9
685.9
685.9
685.9
685.9
685.9
685.9
686.0
686.0
686.0
686.0
686.0
686.0
686.0
686.0
686.0
686.0
686.0
686.0
686.0
686.0
686.0
686.1
686.1
686.1
686.1
686.1
686.1
686.1
686.1
686.1
686.1
686.1
686.1
686.1
686.1
686.1
686.2
686.2
686.2
686.2
686.2
686.2
686.2
686.2
686.2
686.3
686.3
686.3
686.3
686.3
686.3
686.3
686.3
686.3
686.3
686.3
686.3
686.3
686.3
686.3
686.3
686.3
686.3
686.4
686.4
686.4
686.4
686.4
686.4
686.4
686.4
686.4
686.4
686.4
686.4
686.4
686.4
686.4
686.4
686.5
686.5
686.5
686.5
686.5
686.5
686.5
686.5
686.5
686.5
686.5
686.5
686.5
686.5
686.5
686.6
686.6
686.6
686.6
686.6
686.6
686.6
686.6
686.6
686.6
686.6
686.6
686.6
686.6
686.6
686.6
686.6
686.6
686.6
686.7
686.7
686.7
686.7
686.7
686.7
686.7
686.7
686.7
686.7
686.7
686.7
686.7
686.7
686.8
686.8
686.8
686.8
686.8
686.8
686.8
686.8
686.8
686.8
686.9
686.9
686.9
686.9
686.9
686.9
686.9
686.9
686.9
686.9
686.9
686.9
686.9
686.9
686.9
686.9
687.0
687.0
687.0
687.0
687.0
687.0
687.0
687.0
687.0
687.0
687.0
687.0
687.0
687.1
687.1
687.1
687.1
687.1
687.1
687.1
687.1
687.2
687.2
687.2
687.2
687.2
687.2
687.2
687.3
687.3
687.3
687.3
687.3
687.3
687.4
687.4
687.4
687.4
687.4
687.4
687.4
687.5
687.5
687.5
687.5
687.5
687.5
687.5
687.6
687.6
687.6
687.6
687.7
687.7
687.7
687.7
687.7
687.8
687.8
687.8
687.8
687.8
687.8
687.9
687.9
687.9
687.9
688.0
688.0
688.0
688.0
688.0
688.0
688.0
688.1
688.1
688.1
688.1
688.1
688.1
688.1
688.1
688.1
688.1
688.2
688.2
688.2
688.2
688.2
688.2
688.3
688.3
688.4
688.4
688.4
688.4
688.4
688.5
688.5
688.5
688.6
688.6
688.6
688.6
688.6
688.6
688.6
688.7
688.7
688.7
688.7
688.7
688.7
688.7
688.7
688.8
688.8
688.9
688.9
688.9
688.9
688.9
688.9
688.9
688.9
688.9
688.9
688.9
689.0
689.0
689.0
689.1
689.1
689.2
689.2
689.2
689.2
689.2
689.3
689.4
689.5
689.5
689.6
689.7
689.7
689.7
689.8
689.8
689.8
689.8
689.9
689.9
689.9
690.0
690.1
690.2
690.2
690.2
690.3
690.3
690.4
690.4
690.4
690.4
690.5
690.5
690.5
690.5
690.6
690.6
690.8
690.8
690.8
690.8
691.0
691.1
691.3
691.3
691.3
691.4
691.4
691.5
691.6
691.6
691.6
691.7
691.7
691.7
691.8
691.9
692.1
692.3
692.3
692.3
692.4
692.5
692.5
692.5
692.5
692.5
692.5
692.7
692.7
692.8
692.9
692.9
692.9
693.2
693.3
693.3
693.6
693.7
694.3
694.5
694.6
694.6
694.6
694.9
695.1
695.1
695.1
695.6
695.8
696.0
696.1
696.2
696.2
696.5
696.6
696.8
697.3
697.6
697.8
698.1
698.6
698.7
699.9
700.7
700.9
701.3
701.6
703.5
704.5
704.9
705.4
705.4
705.4
706.9
707.2
826.8
826.9
826.9
826.9
826.9
826.9
826.9
826.9
826.9
826.9
826.9
827.0
827.0
827.0
827.0
827.0
827.0
827.1
827.1
827.1
827.1
827.1
827.1
827.1
827.1
827.1
827.1
827.1
827.1
827.1
827.1
827.1
827.1
827.1
827.1
827.1
827.1
827.1
827.1
827.1
827.1
827.1
827.1
827.1
827.1
827.1
827.1
827.1
827.1
827.1
827.2
827.2
827.2
827.2
827.2
827.2
827.2
827.2
827.2
827.2
827.2
827.2
827.2
827.2
827.2
827.2
827.2
827.2
827.2
827.2
827.2
827.2
827.2
827.2
827.2
827.2
827.2
827.2
827.2
827.2
827.2
827.2
827.2
827.2
827.2
827.2
827.2
827.2
827.2
827.2
827.2
827.2
827.2
827.2
827.2
827.2
827.2
827.2
827.2
827.2
827.2
827.2
827.2
827.2
827.2
827.2
827.2
827.2
827.2
827.2
827.2
827.2
827.3
827.3
827.3
827.3
827.3
827.3
827.3
827.3
827.3
827.3
827.3
827.3
827.3
827.3
827.3
827.3
827.3
827.3
827.3
827.3
827.3
827.3
827.3
827.3
827.3
827.3
827.3
827.3
827.3
827.3
827.3
827.3
827.3
827.3
827.3
827.3
827.3
827.3
827.3
827.3
827.3
827.3
827.3
827.3
827.3
827.3
827.3
827.3
827.3
827.3
827.3
827.3
827.3
827.3
827.3
827.3
827.3
827.3
827.3
827.3
827.3
827.3
827.3
827.3
827.3
827.3
827.3
827.3
827.3
827.3
827.3
827.3
827.3
827.3
827.3
827.3
827.3
827.3
827.3
827.4
827.4
827.4
827.4
827.4
827.4
827.4
827.4
827.4
827.4
827.4
827.4
827.4
827.4
827.4
827.4
827.4
827.4
827.4
827.4
827.4
827.4
827.4
827.4
827.4
827.4
827.4
827.4
827.4
827.4
827.4
827.4
827.4
827.4
827.4
827.4
827.4
827.4
827.4
827.4
827.4
827.4
827.4
827.4
827.4
827.4
827.4
827.4
827.4
827.4
827.4
827.4
827.4
827.4
827.4
827.4
827.4
827.4
827.4
827.4
827.4
827.4
827.4
827.4
827.4
827.4
827.4
827.4
827.4
827.4
827.4
827.4
827.4
827.4
827.4
827.4
827.4
827.4
827.4
827.4
827.4
827.4
827.4
827.4
827.4
827.4
827.4
827.4
827.4
827.4
827.4
827.4
827.4
827.4
827.4
827.4
827.4
827.4
827.4
827.4
827.4
827.4
827.4
827.4
827.4
827.4
827.4
827.4
827.4
827.4
827.4
827.4
827.4
827.4
827.4
827.4
827.5
827.5
827.5
827.5
827.5
827.5
827.5
827.5
827.5
827.5
827.5
827.5
827.5
827.5
827.5
827.5
827.5
827.5
827.5
827.5
827.5
827.5
827.5
827.5
827.5
827.5
827.5
827.5
827.5
827.5
827.5
827.5
827.5
827.5
827.5
827.5
827.5
827.5
827.5
827.5
827.5
827.5
827.5
827.5
827.5
827.5
827.5
827.5
827.5
827.5
827.5
827.5
827.5
827.5
827.5
827.5
827.5
827.5
827.5
827.5
827.5
827.5
827.5
827.5
827.5
827.5
827.5
827.5
827.5
827.5
827.5
827.5
827.5
827.5
827.5
827.5
827.5
827.5
827.5
827.5
827.5
827.5
827.5
827.5
827.5
827.5
827.5
827.5
827.5
827.5
827.5
827.5
827.5
827.5
827.5
827.5
827.5
827.5
827.5
827.5
827.5
827.5
827.5
827.5
827.5
827.5
827.5
827.5
827.5
827.5
827.5
827.5
827.5
827.5
827.5
827.5
827.5
827.5
827.5
827.5
827.5
827.5
827.5
827.5
827.5
827.5
827.5
827.5
827.5
827.5
827.5
827.6
827.6
827.6
827.6
827.6
827.6
827.6
827.6
827.6
827.6
827.6
827.6
827.6
827.6
827.6
827.6
827.6
827.6
827.6
827.6
827.6
827.6
827.6
827.6
827.6
827.6
827.6
827.6
827.6
827.6
827.6
827.6
827.6
827.6
827.6
827.6
827.6
827.6
827.6
827.6
827.6
827.6
827.6
827.6
827.6
827.6
827.6
827.6
827.6
827.6
827.6
827.6
827.6
827.6
827.6
827.6
827.6
827.6
827.6
827.6
827.6
827.6
827.6
827.6
827.6
827.6
827.6
827.6
827.6
827.6
827.6
827.6
827.6
827.6
827.6
827.6
827.6
827.6
827.6
827.6
827.6
827.6
827.6
827.6
827.6
827.6
827.6
827.6
827.6
827.6
827.6
827.6
827.6
827.6
827.6
827.6
827.6
827.6
827.6
827.6
827.6
827.6
827.6
827.6
827.6
827.6
827.6
827.6
827.6
827.6
827.6
827.6
827.6
827.6
827.6
827.6
827.6
827.6
827.6
827.6
827.7
827.7
827.7
827.7
827.7
827.7
827.7
827.7
827.7
827.7
827.7
827.7
827.7
827.7
827.7
827.7
827.7
827.7
827.7
827.7
827.7
827.7
827.7
827.7
827.7
827.7
827.7
827.7
827.7
827.7
827.7
827.7
827.7
827.7
827.7
827.7
827.7
827.7
827.7
827.7
827.7
827.7
827.7
827.7
827.7
827.7
827.7
827.7
827.7
827.7
827.7
827.7
827.7
827.7
827.7
827.7
827.7
827.7
827.7
827.7
827.7
827.7
827.7
827.7
827.7
827.7
827.7
827.7
827.7
827.7
827.7
827.7
827.7
827.7
827.7
827.7
827.7
827.7
827.7
827.7
827.7
827.7
827.7
827.7
827.7
827.7
827.7
827.7
827.7
827.7
827.7
827.7
827.7
827.7
827.7
827.7
827.7
827.7
827.7
827.7
827.8
827.8
827.8
827.8
827.8
827.8
827.8
827.8
827.8
827.8
827.8
827.8
827.8
827.8
827.8
827.8
827.8
827.8
827.8
827.8
827.8
827.8
827.8
827.8
827.8
827.8
827.8
827.8
827.8
827.8
827.8
827.8
827.8
827.8
827.8
827.8
827.8
827.8
827.8
827.8
827.8
827.8
827.8
827.8
827.8
827.8
827.8
827.8
827.8
827.8
827.8
827.8
827.8
827.8
827.8
827.8
827.8
827.8
827.8
827.8
827.8
827.8
827.8
827.8
827.8
827.8
827.8
827.8
827.8
827.8
827.9
827.9
827.9
827.9
827.9
827.9
827.9
827.9
827.9
827.9
827.9
827.9
827.9
827.9
827.9
827.9
827.9
827.9
827.9
827.9
827.9
827.9
827.9
827.9
827.9
827.9
827.9
827.9
827.9
827.9
827.9
827.9
827.9
827.9
827.9
827.9
827.9
827.9
827.9
827.9
827.9
827.9
827.9
827.9
827.9
827.9
827.9
827.9
827.9
827.9
827.9
827.9
827.9
827.9
827.9
827.9
827.9
827.9
827.9
827.9
827.9
827.9
827.9
828.0
828.0
828.0
828.0
828.0
828.0
828.0
828.0
828.0
828.0
828.0
828.0
828.0
828.0
828.0
828.0
828.0
828.0
828.0
828.0
828.0
828.0
828.0
828.0
828.0
828.0
828.0
828.0
828.0
828.0
828.0
828.0
828.0
828.0
828.0
828.0
828.0
828.0
828.1
828.1
828.1
828.1
828.1
828.1
828.1
828.1
828.1
828.1
828.1
828.1
828.1
828.1
828.1
828.1
828.1
828.1
828.1
828.1
828.1
828.1
828.1
828.1
828.2
828.2
828.2
828.2
828.2
828.2
828.2
828.2
828.2
828.2
828.2
828.2
828.2
828.2
828.2
828.2
828.2
828.2
828.2
828.2
828.3
828.3
828.3
828.3
828.3
828.3
828.4
828.4
828.4
828.4
828.4
828.4
828.4
828.4
828.4
828.5
828.5
828.5
828.5
828.5
828.5
828.5
828.5
828.5
828.5
828.6
828.6
828.6
828.6
828.6
828.6
828.7
828.7
828.7
828.7
828.7
828.7
828.7
828.7
828.7
828.7
828.8
828.8
828.8
828.8
828.8
828.8
828.8
828.9
828.9
828.9
828.9
828.9
828.9
828.9
829.0
829.0
829.0
829.0
829.0
829.0
829.1
829.1
829.1
829.1
829.1
829.1
829.1
829.1
829.2
829.2
829.2
829.2
829.3
829.4
829.4
829.5
829.5
829.5
829.6
829.6
829.6
829.6
829.7
829.7
829.7
829.8
829.8
829.8
829.8
829.8
829.9
829.9
829.9
829.9
830.0
830.0
830.0
830.0
830.1
830.1
830.1
830.1
830.1
830.1
830.2
830.3
830.4
830.4
830.4
830.6
830.6
830.8
830.9
830.9
831.0
831.3
831.3
831.4
831.6
831.6
831.6
831.6
831.7
832.5
832.5
834.1
842.3
842.3
842.4
842.4
842.6
842.7
842.8
842.9
843.0
843.0
843.1
843.1
843.2
843.3
843.3
843.4
843.4
843.4
843.4
843.5
843.6
843.6
843.6
843.6
843.6
843.6
843.6
843.6
843.6
843.6
843.6
843.6
843.7
843.7
843.7
843.7
843.7
843.8
843.8
843.8
843.8
843.8
843.9
843.9
843.9
843.9
843.9
843.9
843.9
843.9
844.0
844.0
844.0
844.0
844.0
844.1
844.1
844.1
844.1
844.1
844.1
844.1
844.1
844.1
844.2
844.2
844.2
844.2
844.2
844.2
844.2
844.3
844.3
844.3
844.3
844.3
844.3
844.3
844.3
844.3
844.3
844.3
844.4
844.4
844.4
844.4
844.4
844.4
844.4
844.5
844.5
844.5
844.5
844.5
844.5
844.5
844.5
844.5
844.5
844.5
844.5
844.5
844.5
844.6
844.6
844.6
844.6
844.6
844.6
844.6
844.6
844.6
844.7
844.7
844.7
844.7
844.7
844.7
844.7
844.7
844.8
844.8
844.8
844.8
844.8
844.8
844.8
844.8
844.8
844.8
844.8
844.9
844.9
844.9
844.9
844.9
844.9
844.9
844.9
844.9
844.9
844.9
844.9
844.9
844.9
844.9
845.0
845.0
845.0
845.0
845.0
845.0
845.0
845.0
845.0
845.0
845.0
845.0
845.0
845.1
845.1
845.1
845.1
845.1
845.1
845.1
845.1
845.1
845.2
845.2
845.2
845.2
845.2
845.2
845.2
845.2
845.2
845.2
845.2
845.2
845.2
845.2
845.2
845.2
845.2
845.3
845.3
845.3
845.3
845.3
845.4
845.4
845.4
845.4
845.4
845.4
845.4
845.4
845.4
845.4
845.4
845.4
845.4
845.4
845.4
845.4
845.4
845.5
845.5
845.5
845.5
845.5
845.5
845.5
845.5
845.5
845.5
845.5
845.5
845.5
845.5
845.5
845.5
845.5
845.6
845.6
845.6
845.6
845.6
845.6
845.6
845.6
845.6
845.6
845.6
845.6
845.6
845.6
845.6
845.7
845.7
845.7
845.7
845.7
845.7
845.7
845.7
845.7
845.7
845.7
845.7
845.7
845.7
845.7
845.7
845.7
845.7
845.7
845.8
845.8
845.8
845.8
845.8
845.8
845.8
845.8
845.8
845.8
845.8
845.8
845.8
845.8
845.8
845.8
845.8
845.8
845.8
845.8
845.8
845.8
845.9
845.9
845.9
845.9
845.9
845.9
845.9
845.9
845.9
845.9
845.9
845.9
845.9
845.9
845.9
845.9
845.9
845.9
845.9
845.9
846.0
846.0
846.0
846.0
846.0
846.0
846.0
846.0
846.0
846.0
846.0
846.0
846.0
846.0
846.0
846.0
846.0
846.0
846.0
846.0
846.1
846.1
846.1
846.1
846.1
846.1
846.1
846.1
846.1
846.1
846.1
846.1
846.1
846.1
846.1
846.1
846.2
846.2
846.2
846.2
846.2
846.2
846.2
846.2
846.2
846.2
846.2
846.2
846.2
846.2
846.2
846.2
846.2
846.2
846.2
846.2
846.2
846.3
846.3
846.3
846.3
846.3
846.3
846.3
846.3
846.3
846.3
846.3
846.3
846.3
846.3
846.4
846.4
846.4
846.4
846.4
846.4
846.4
846.4
846.4
846.4
846.4
846.4
846.4
846.4
846.4
846.4
846.4
846.4
846.4
846.5
846.5
846.5
846.5
846.5
846.5
846.5
846.5
846.5
846.5
846.5
846.5
846.5
846.5
846.5
846.5
846.5
846.6
846.6
846.6
846.6
846.6
846.6
846.6
846.6
846.6
846.6
846.7
846.7
846.7
846.7
846.7
846.7
846.7
846.7
846.8
846.8
846.8
846.8
846.8
846.8
846.8
846.8
846.8
846.8
846.8
846.8
846.9
846.9
846.9
846.9
846.9
846.9
846.9
846.9
846.9
846.9
846.9
846.9
846.9
847.0
847.0
847.0
847.0
847.0
847.0
847.0
847.0
847.0
847.0
847.0
847.0
847.0
847.0
847.0
847.0
847.0
847.0
847.0
847.0
847.1
847.1
847.1
847.1
847.1
847.1
847.1
847.1
847.1
847.1
847.2
847.2
847.2
847.2
847.2
847.2
847.2
847.2
847.2
847.2
847.2
847.2
847.2
847.2
847.3
847.3
847.3
847.3
847.3
847.3
847.3
847.4
847.4
847.4
847.4
847.4
847.4
847.4
847.4
847.4
847.5
847.5
847.5
847.5
847.5
847.5
847.5
847.5
847.5
847.5
847.5
847.5
847.5
847.6
847.6
847.6
847.6
847.6
847.6
847.6
847.6
847.6
847.6
847.6
847.6
847.7
847.7
847.7
847.7
847.7
847.7
847.7
847.7
847.7
847.7
847.7
847.8
847.8
847.8
847.8
847.8
847.8
847.8
847.8
847.8
847.8
847.8
847.8
847.8
847.8
847.8
847.8
847.9
847.9
847.9
847.9
847.9
847.9
847.9
848.0
848.0
848.0
848.0
848.0
848.0
848.0
848.0
848.0
848.0
848.0
848.0
848.0
848.0
848.1
848.1
848.1
848.1
848.1
848.1
848.1
848.1
848.1
848.1
848.2
848.2
848.2
848.2
848.2
848.2
848.3
848.3
848.3
848.3
848.3
848.3
848.3
848.3
848.4
848.4
848.4
848.4
848.4
848.4
848.4
848.4
848.4
848.4
848.5
848.5
848.5
848.5
848.5
848.5
848.5
848.5
848.5
848.6
848.6
848.6
848.6
848.6
848.6
848.7
848.7
848.7
848.7
848.7
848.7
848.7
848.7
848.7
848.8
848.8
848.8
848.8
848.8
848.8
848.9
848.9
848.9
849.0
849.0
849.0
849.0
849.0
849.0
849.0
849.0
849.0
849.1
849.1
849.1
849.1
849.2
849.2
849.2
849.2
849.2
849.2
849.2
849.3
849.3
849.3
849.3
849.3
849.4
849.4
849.4
849.4
849.4
849.4
849.4
849.5
849.5
849.5
849.5
849.5
849.6
849.6
849.6
849.6
849.7
849.7
849.7
849.8
849.8
849.8
849.8
849.8
849.8
849.9
849.9
849.9
849.9
849.9
849.9
849.9
849.9
849.9
850.0
850.0
850.0
850.0
850.0
850.1
850.1
850.1
850.1
850.1
850.1
850.1
850.1
850.2
850.2
850.2
850.2
850.2
850.2
850.2
850.2
850.3
850.3
850.3
850.3
850.3
850.3
850.3
850.3
850.3
850.4
850.4
850.4
850.4
850.4
850.4
850.5
850.5
850.5
850.5
850.5
850.5
850.6
850.7
850.7
850.8
850.8
850.8
850.9
850.9
850.9
850.9
851.0
851.0
851.0
851.1
851.2
851.2
851.3
851.4
851.5
851.5
851.6
851.6
851.6
851.8
851.8
851.8
851.8
851.8
851.9
851.9
851.9
851.9
851.9
852.0
852.0
852.1
852.1
852.2
852.2
852.4
852.4
852.4
852.5
852.5
852.5
852.6
852.7
852.7
852.7
852.7
852.7
852.7
852.9
852.9
852.9
853.0
853.0
853.0
853.1
853.2
853.3
853.4
853.4
853.4
853.4
853.4
853.5
853.5
853.6
853.6
853.6
853.6
853.6
853.7
853.7
853.8
853.9
854.0
854.2
854.3
854.5
854.6
854.7
854.7
854.8
854.8
854.8
854.9
854.9
854.9
855.0
855.2
855.2
855.3
855.4
855.4
855.5
855.7
855.7
855.8
855.8
856.0
856.1
856.3
856.4
856.4
856.6
856.6
856.8
857.0
857.3
857.3
857.9
858.1
858.5
858.5
858.6
858.8
859.0
859.1
859.7
859.8
860.6
861.0
861.0
861.1
861.3
862.2
863.3
863.5
863.6
864.6
864.9
865.1
865.2
866.8
866.9
867.3
870.0
871.1
871.7
872.5
875.6
876.0
883.0
883.1
985.6
985.7
985.7
985.7
985.7
985.7
985.7
985.7
985.7
985.8
985.8
985.8
985.8
985.8
985.8
985.9
985.9
985.9
985.9
985.9
985.9
985.9
985.9
985.9
985.9
985.9
985.9
985.9
985.9
985.9
985.9
985.9
985.9
985.9
985.9
985.9
985.9
985.9
985.9
985.9
985.9
985.9
985.9
986.0
986.0
986.0
986.0
986.0
986.0
986.0
986.0
986.0
986.0
986.0
986.0
986.0
986.0
986.0
986.0
986.0
986.0
986.0
986.0
986.0
986.0
986.0
986.0
986.0
986.0
986.0
986.0
986.0
986.0
986.0
986.0
986.0
986.0
986.0
986.0
986.0
986.0
986.0
986.0
986.0
986.0
986.1
986.1
986.1
986.1
986.1
986.1
986.1
986.1
986.1
986.1
986.1
986.1
986.1
986.1
986.1
986.1
986.1
986.1
986.1
986.1
986.1
986.1
986.1
986.1
986.1
986.1
986.1
986.1
986.1
986.1
986.1
986.1
986.1
986.1
986.1
986.1
986.1
986.1
986.1
986.1
986.1
986.1
986.1
986.1
986.1
986.1
986.1
986.1
986.1
986.1
986.1
986.1
986.1
986.1
986.1
986.1
986.1
986.1
986.1
986.1
986.1
986.1
986.1
986.1
986.1
986.1
986.1
986.1
986.1
986.1
986.1
986.1
986.1
986.1
986.1
986.1
986.1
986.1
986.1
986.1
986.1
986.1
986.1
986.1
986.1
986.2
986.2
986.2
986.2
986.2
986.2
986.2
986.2
986.2
986.2
986.2
986.2
986.2
986.2
986.2
986.2
986.2
986.2
986.2
986.2
986.2
986.2
986.2
986.2
986.2
986.2
986.2
986.2
986.2
986.2
986.2
986.2
986.2
986.2
986.2
986.2
986.2
986.2
986.2
986.2
986.2
986.2
986.2
986.2
986.2
986.2
986.2
986.2
986.2
986.2
986.2
986.2
986.2
986.2
986.2
986.2
986.2
986.2
986.2
986.2
986.2
986.2
986.2
986.2
986.2
986.2
986.2
986.2
986.2
986.2
986.2
986.2
986.2
986.2
986.2
986.2
986.2
986.2
986.2
986.2
986.2
986.2
986.2
986.2
986.2
986.2
986.2
986.2
986.2
986.2
986.2
986.2
986.2
986.2
986.2
986.2
986.2
986.2
986.2
986.2
986.2
986.2
986.2
986.2
986.2
986.2
986.2
986.2
986.2
986.2
986.2
986.2
986.2
986.2
986.2
986.2
986.2
986.2
986.2
986.2
986.2
986.2
986.2
986.2
986.3
986.3
986.3
986.3
986.3
986.3
986.3
986.3
986.3
986.3
986.3
986.3
986.3
986.3
986.3
986.3
986.3
986.3
986.3
986.3
986.3
986.3
986.3
986.3
986.3
986.3
986.3
986.3
986.3
986.3
986.3
986.3
986.3
986.3
986.3
986.3
986.3
986.3
986.3
986.3
986.3
986.3
986.3
986.3
986.3
986.3
986.3
986.3
986.3
986.3
986.3
986.3
986.3
986.3
986.3
986.3
986.3
986.3
986.3
986.3
986.3
986.3
986.3
986.3
986.3
986.3
986.3
986.3
986.3
986.3
986.3
986.3
986.3
986.3
986.3
986.3
986.3
986.3
986.3
986.3
986.3
986.3
986.3
986.3
986.3
986.3
986.3
986.3
986.3
986.3
986.3
986.3
986.3
986.3
986.3
986.3
986.3
986.3
986.3
986.3
986.3
986.3
986.3
986.3
986.3
986.3
986.3
986.3
986.3
986.3
986.3
986.3
986.3
986.3
986.3
986.3
986.3
986.3
986.3
986.3
986.3
986.3
986.3
986.3
986.3
986.3
986.3
986.3
986.3
986.3
986.4
986.4
986.4
986.4
986.4
986.4
986.4
986.4
986.4
986.4
986.4
986.4
986.4
986.4
986.4
986.4
986.4
986.4
986.4
986.4
986.4
986.4
986.4
986.4
986.4
986.4
986.4
986.4
986.4
986.4
986.4
986.4
986.4
986.4
986.4
986.4
986.4
986.4
986.4
986.4
986.4
986.4
986.4
986.4
986.4
986.4
986.4
986.4
986.4
986.4
986.4
986.4
986.4
986.4
986.4
986.4
986.4
986.4
986.4
986.4
986.4
986.4
986.4
986.4
986.4
986.4
986.4
986.4
986.4
986.4
986.4
986.4
986.4
986.4
986.4
986.4
986.4
986.4
986.4
986.4
986.4
986.4
986.4
986.4
986.4
986.4
986.4
986.4
986.4
986.4
986.4
986.4
986.4
986.4
986.4
986.4
986.4
986.4
986.4
986.4
986.4
986.4
986.4
986.4
986.4
986.4
986.4
986.4
986.4
986.4
986.5
986.5
986.5
986.5
986.5
986.5
986.5
986.5
986.5
986.5
986.5
986.5
986.5
986.5
986.5
986.5
986.5
986.5
986.5
986.5
986.5
986.5
986.5
986.5
986.5
986.5
986.5
986.5
986.5
986.5
986.5
986.5
986.5
986.5
986.5
986.5
986.5
986.5
986.5
986.5
986.5
986.5
986.5
986.5
986.5
986.5
986.5
986.5
986.5
986.5
986.5
986.5
986.5
986.5
986.5
986.5
986.5
986.5
986.5
986.5
986.5
986.5
986.5
986.5
986.5
986.5
986.5
986.5
986.5
986.5
986.5
986.5
986.5
986.5
986.5
986.5
986.5
986.5
986.5
986.5
986.5
986.5
986.5
986.5
986.5
986.5
986.5
986.5
986.5
986.5
986.5
986.5
986.5
986.5
986.5
986.5
986.5
986.5
986.5
986.5
986.6
986.6
986.6
986.6
986.6
986.6
986.6
986.6
986.6
986.6
986.6
986.6
986.6
986.6
986.6
986.6
986.6
986.6
986.6
986.6
986.6
986.6
986.6
986.6
986.6
986.6
986.6
986.6
986.6
986.6
986.6
986.6
986.6
986.6
986.6
986.6
986.6
986.6
986.6
986.6
986.6
986.6
986.6
986.6
986.6
986.6
986.6
986.6
986.6
986.6
986.6
986.6
986.6
986.6
986.6
986.6
986.6
986.6
986.6
986.6
986.6
986.6
986.6
986.6
986.6
986.6
986.6
986.6
986.6
986.6
986.6
986.6
986.6
986.7
986.7
986.7
986.7
986.7
986.7
986.7
986.7
986.7
986.7
986.7
986.7
986.7
986.7
986.7
986.7
986.7
986.7
986.7
986.7
986.7
986.7
986.7
986.7
986.7
986.7
986.7
986.7
986.7
986.7
986.7
986.7
986.7
986.7
986.7
986.7
986.7
986.7
986.7
986.7
986.7
986.7
986.7
986.7
986.7
986.7
986.7
986.7
986.7
986.7
986.7
986.7
986.7
986.7
986.7
986.7
986.7
986.7
986.7
986.7
986.7
986.7
986.7
986.7
986.7
986.7
986.7
986.7
986.7
986.7
986.8
986.8
986.8
986.8
986.8
986.8
986.8
986.8
986.8
986.8
986.8
986.8
986.8
986.8
986.8
986.8
986.8
986.8
986.8
986.8
986.8
986.8
986.8
986.8
986.8
986.8
986.8
986.8
986.8
986.8
986.8
986.8
986.8
986.8
986.8
986.8
986.8
986.8
986.8
986.8
986.8
986.8
986.8
986.8
986.8
986.8
986.8
986.9
986.9
986.9
986.9
986.9
986.9
986.9
986.9
986.9
986.9
986.9
986.9
986.9
986.9
986.9
986.9
986.9
986.9
986.9
986.9
986.9
986.9
986.9
987.0
987.0
987.0
987.0
987.0
987.0
987.0
987.0
987.0
987.0
987.0
987.0
987.0
987.0
987.0
987.0
987.0
987.1
987.1
987.1
987.1
987.1
987.1
987.1
987.1
987.1
987.1
987.1
987.1
987.2
987.2
987.2
987.2
987.2
987.2
987.2
987.2
987.2
987.2
987.2
987.3
987.3
987.3
987.3
987.3
987.3
987.3
987.3
987.3
987.4
987.4
987.4
987.4
987.4
987.4
987.5
987.5
987.5
987.5
987.6
987.6
987.6
987.6
987.6
987.6
987.6
987.6
987.7
987.7
987.7
987.7
987.7
987.7
987.8
987.8
987.8
987.8
987.8
987.8
987.8
987.8
987.9
987.9
988.0
988.0
988.0
988.0
988.0
988.0
988.1
988.1
988.1
988.1
988.1
988.1
988.1
988.1
988.2
988.2
988.2
988.3
988.4
988.4
988.4
988.4
988.5
988.5
988.5
988.5
988.6
988.7
988.7
988.7
988.7
988.7
988.8
988.8
988.8
988.8
988.8
988.9
988.9
988.9
988.9
988.9
989.0
989.0
989.1
989.1
989.2
989.2
989.2
989.3
989.3
989.4
989.4
989.7
989.8
990.0
990.1
990.1
990.1
990.2
990.2
990.4
990.4
990.5
990.5
991.0
991.1
991.3
991.9
992.7
999.7
