421
284
310
446
456
324
332
363
366
367
401
410
422
549
220
267
293
312
314
338
347
355
357
372
391
400
405
465
145
286
308
322
328
336
356
359
364
368
376
384
385
395
399
409
418
424
449
453
455
493
497
507
543
564
572
719
738
750
770
814
84
134
164
238
269
272
274
276
291
303
311
325
333
343
353
358
362
365
371
388
390
397
404
406
412
414
419
420
426
427
432
434
439
454
462
470
477
481
489
510
515
524
526
542
567
587
589
602
646
792
804
858
116
123
128
132
165
177
180
189
208
212
225
243
251
258
263
264
270
280
281
290
301
307
309
316
317
319
321
326
327
329
331
334
337
340
341
344
346
351
361
369
378
379
380
383
392
403
413
415
416
431
435
437
443
451
461
463
464
474
475
480
488
490
494
495
496
500
502
508
511
514
519
525
530
534
538
541
557
577
617
627
633
647
674
680
691
721
753
767
777
779
801
809
826
841
847
848
898
904
106
124
125
131
137
138
142
144
157
158
169
175
186
200
201
205
213
226
230
235
241
242
246
253
257
265
283
288
289
297
313
315
318
323
339
350
352
373
374
375
382
386
394
398
411
417
429
440
442
445
467
472
498
503
505
506
509
518
520
522
531
540
554
560
566
576
588
597
608
613
620
621
622
634
648
662
666
672
679
684
697
701
702
724
726
737
751
764
781
806
811
813
832
839
849
851
856
864
868
876
881
900
78
85
91
92
98
109
113
114
115
120
133
135
139
147
159
162
170
184
191
192
194
214
224
236
240
247
252
260
261
262
271
282
285
294
295
305
306
320
335
342
349
354
360
370
377
389
393
396
407
408
425
428
450
459
460
468
471
479
485
492
523
527
535
547
553
555
561
573
580
581
583
592
594
603
610
611
623
628
643
652
665
667
676
685
690
692
723
729
730
731
733
743
746
768
778
791
800
803
812
818
821
822
824
825
829
835
836
842
845
852
859
860
862
866
875
878
884
887
889
70
71
95
102
119
126
143
146
149
151
153
156
167
172
183
187
195
198
209
211
215
266
268
273
287
292
296
299
330
345
381
387
402
423
430
438
444
448
452
457
482
483
484
487
499
536
559
568
570
574
578
593
599
604
615
616
624
630
636
641
649
654
658
663
664
670
675
677
681
682
693
704
716
722
727
749
752
754
759
760
761
762
774
783
788
794
795
816
823
828
834
838
844
846
853
869
870
872
873
888
890
897
899
917
918
75
80
82
87
99
104
107
112
129
130
150
152
176
179
188
190
196
204
218
221
222
233
234
249
259
275
277
298
300
348
447
478
486
491
513
528
529
532
544
551
552
558
569
590
598
600
606
609
612
614
639
645
650
655
657
678
686
699
700
703
713
728
735
742
745
747
755
758
763
765
769
776
789
790
805
807
810
817
855
892
903
907
919
59
63
77
83
101
108
110
111
136
140
155
161
163
168
174
197
199
206
207
210
216
217
219
223
227
228
231
232
239
244
248
256
278
436
441
458
466
469
476
501
504
512
537
545
546
548
556
565
571
582
596
607
626
629
632
638
640
651
653
660
669
671
688
689
694
695
696
705
707
709
712
715
739
766
771
780
782
786
787
799
819
830
833
840
850
857
861
871
874
894
895
905
925
940
60
62
66
73
81
97
117
118
121
122
141
148
166
173
178
181
185
203
250
302
433
517
521
533
539
562
563
575
585
591
618
631
635
659
668
683
708
710
717
725
734
741
748
757
772
773
775
784
793
815
820
831
843
854
863
865
883
901
908
909
910
920
924
931
937
939
950
47
65
67
76
100
105
154
160
171
182
202
229
254
279
304
516
579
586
595
601
619
625
698
706
711
718
732
785
797
808
877
885
906
911
923
947
955
54
64
68
69
74
79
127
193
237
245
584
605
637
642
656
720
736
740
756
796
798
802
879
880
882
886
893
912
913
915
929
932
953
55
61
72
88
90
473
687
714
837
891
916
921
933
936
942
948
58
93
103
255
550
827
867
941
943
960
86
96
644
661
896
902
922
934
935
956
961
964
36
94
673
914
944
945
50
57
89
744
926
927
928
930
968
38
44
49
938
952
957
965
28
40
43
56
949
27
51
53
25
26
30
34
45
946
958
966
32
52
954
962
977
24
33
41
46
951
959
975
979
29
35
42
48
971
972
37
967
974
16
970
976
985
21
14
20
39
973
981
984
7
12
19
31
963
989
11
982
969
978
983
991
13
17
987
2
15
18
1
22
980
992
996
23
6
5
986
993
0
8
988
994
998
9
995
990
3
10
997
4
999
332
310
314
401
366
368
421
814
220
119
284
308
357
367
376
453
549
145
285
390
719
115
243
291
238
272
274
572
312
365
372
391
439
464
753
770
180
191
301
359
446
449
456
134
164
416
832
147
293
311
371
422
454
472
666
858
251
346
415
133
208
224
258
267
286
329
334
343
355
356
405
412
779
169
205
287
331
338
427
812
175
253
294
347
364
397
409
520
541
646
674
701
768
276
288
319
324
328
333
379
396
418
434
781
813
851
135
165
249
316
323
361
363
406
461
511
526
697
795
811
856
132
143
240
256
337
358
362
489
500
542
608
672
676
680
690
737
778
804
852
876
84
170
270
281
297
326
342
399
404
419
497
508
587
684
685
695
792
847
98
129
230
241
259
305
322
344
411
462
557
566
567
617
670
679
733
750
759
818
844
92
144
215
353
398
408
424
505
507
510
633
691
826
82
113
120
137
163
246
269
317
382
474
543
568
589
599
611
675
777
810
845
123
125
146
177
189
217
236
265
403
420
485
578
723
752
769
788
835
900
109
201
277
313
325
327
349
375
384
385
463
481
488
530
564
573
588
623
630
693
722
738
766
849
860
157
200
318
381
729
764
805
842
866
106
116
139
194
204
216
234
273
280
298
309
350
377
431
495
502
509
518
612
647
657
686
763
806
155
252
289
352
414
470
494
538
667
725
751
754
878
99
110
152
213
263
295
303
400
426
471
512
536
553
554
574
602
648
662
720
749
760
801
848
855
875
95
131
142
190
195
242
296
307
351
369
402
410
428
432
440
455
465
480
604
634
638
683
757
765
767
774
841
857
78
168
395
476
493
515
624
650
703
713
124
138
206
225
262
271
290
306
315
354
394
445
482
490
499
560
610
654
742
820
829
888
107
176
247
348
417
477
577
613
627
671
699
709
724
746
747
898
904
130
235
388
392
467
496
552
594
595
615
622
652
660
704
796
821
836
853
919
102
187
198
336
339
340
341
468
503
534
609
643
678
802
822
838
868
890
85
151
153
184
226
260
261
264
330
383
576
692
700
702
716
794
807
885
192
196
282
373
443
478
524
547
721
726
817
870
81
156
181
186
188
209
380
386
413
437
452
475
580
600
626
689
741
828
149
167
171
257
283
370
447
527
561
562
664
731
761
846
862
148
299
423
498
603
614
636
645
784
787
859
864
179
278
378
435
491
528
545
590
620
651
782
791
824
374
450
451
658
728
800
809
874
940
136
154
172
492
513
522
529
539
606
668
710
735
803
114
159
665
104
161
222
232
233
266
320
360
436
501
525
583
628
677
682
799
881
884
71
118
128
438
444
484
506
546
559
579
641
873
75
223
535
681
892
54
150
300
425
517
558
708
783
833
87
211
212
275
302
514
523
540
563
581
598
712
727
732
786
834
880
899
908
105
268
335
532
569
629
663
688
819
872
108
141
183
228
254
345
531
570
592
698
717
740
861
897
174
616
718
825
126
182
393
486
582
705
706
743
773
850
887
91
93
458
555
632
789
830
80
112
162
239
519
745
772
117
140
199
551
565
655
669
730
739
790
839
869
178
193
197
221
227
457
521
591
642
736
816
70
90
100
292
441
758
895
953
244
442
780
889
210
607
917
920
59
111
185
207
433
487
631
771
776
77
304
593
696
734
871
229
466
483
596
605
321
407
918
214
429
637
640
815
837
248
544
707
843
923
173
649
911
389
516
556
715
158
231
798
831
865
883
479
585
166
203
537
748
762
63
127
635
639
755
894
430
548
793
877
907
925
83
101
584
601
823
840
921
121
711
714
785
797
854
94
250
621
122
694
913
931
69
756
886
910
279
76
160
905
387
571
597
867
653
218
459
88
924
74
948
237
673
58
460
882
901
929
955
65
504
62
619
97
586
659
79
202
903
66
67
775
827
950
86
448
96
912
469
575
55
255
618
909
656
744
863
916
68
245
687
473
47
947
60
61
103
893
89
625
927
915
73
906
934
879
550
891
808
72
661
896
939
49
219
933
644
936
914
64
937
942
902
533
52
56
922
932
944
949
930
926
960
50
44
952
46
954
36
943
964
928
284
310
324
332
421
422
446
456
347
357
363
366
367
391
401
405
410
549
220
267
272
293
312
314
336
338
355
356
359
372
384
385
400
455
465
493
564
572
738
251
269
274
286
291
303
308
322
328
333
343
362
364
368
376
388
390
395
397
399
404
406
409
414
418
419
420
424
426
427
439
449
453
454
462
470
477
481
489
497
507
543
567
587
602
647
719
750
770
814
84
134
145
177
189
208
238
243
270
276
280
290
309
311
315
316
317
319
325
326
327
329
331
334
337
340
344
346
353
358
361
365
369
371
378
380
383
392
412
413
415
416
431
432
434
435
442
443
451
461
463
474
480
494
495
496
500
502
503
508
509
510
511
514
515
524
525
526
531
534
538
542
557
577
589
617
621
622
627
646
702
767
792
804
858
116
123
125
128
132
164
165
169
180
200
201
213
225
230
241
242
246
247
253
257
258
261
263
264
281
288
289
297
301
307
313
318
321
323
341
351
352
360
374
375
379
382
394
398
403
417
437
440
445
459
464
468
472
475
488
490
498
506
518
519
522
523
527
530
540
541
555
560
561
573
583
588
592
597
613
628
633
648
662
665
666
674
680
685
691
701
721
724
751
753
777
779
801
806
809
826
841
847
898
904
106
124
131
137
138
139
142
144
147
157
158
162
175
186
192
194
205
212
215
224
226
235
236
240
252
260
262
265
268
271
275
282
283
285
294
295
296
305
306
320
335
339
342
350
354
370
373
381
386
393
396
407
408
411
425
428
429
450
452
467
471
479
483
484
485
492
499
505
520
528
529
535
536
547
553
554
559
566
568
576
580
581
594
604
608
610
615
620
623
630
634
636
643
664
667
672
679
684
690
692
697
716
726
730
731
733
737
743
746
752
764
768
781
791
800
811
813
818
825
829
832
836
839
848
849
851
860
864
868
876
881
900
78
85
91
92
98
102
109
113
115
120
126
133
135
143
146
151
153
156
159
167
170
172
176
183
184
187
191
211
214
222
249
266
273
287
292
298
299
330
345
349
377
387
389
402
423
438
444
448
457
460
482
487
513
532
537
551
558
569
570
574
578
590
593
596
599
600
603
611
614
616
624
641
649
650
652
654
658
663
670
675
676
681
682
693
703
704
723
727
729
749
760
774
778
783
788
794
795
803
812
816
821
822
824
835
838
842
845
852
856
859
862
866
875
878
887
888
70
71
114
119
129
149
152
173
174
179
195
196
197
198
207
209
218
221
231
232
233
234
239
248
259
277
278
300
348
430
436
441
447
466
478
486
491
512
517
544
552
556
563
571
582
591
598
606
607
609
612
626
629
632
639
645
653
655
657
677
686
689
695
699
700
705
709
713
722
728
735
742
745
755
758
759
761
762
763
766
769
776
780
805
807
810
817
823
828
834
844
846
853
855
870
872
873
884
889
890
899
917
918
75
82
87
95
99
101
104
107
111
112
130
150
155
163
168
178
181
188
190
199
203
204
206
210
216
217
219
223
227
228
244
256
302
433
469
476
501
504
521
545
546
562
565
575
585
601
618
619
638
640
651
660
671
678
688
694
696
707
712
715
717
725
739
741
747
754
757
765
771
772
782
786
789
790
830
840
843
850
857
861
869
871
892
897
903
905
907
919
59
63
77
80
83
108
110
117
121
122
136
140
141
148
161
166
171
185
250
304
458
533
539
548
579
586
625
631
635
659
668
669
706
708
711
732
734
773
775
787
793
799
815
819
831
833
874
894
895
901
925
931
940
62
66
73
81
97
118
127
154
160
182
202
229
237
245
254
279
516
584
595
605
637
642
656
683
698
710
718
748
796
802
808
820
854
863
865
883
908
909
910
920
924
939
950
47
60
65
67
68
76
100
105
193
550
687
714
720
736
740
756
784
785
797
798
877
880
906
911
912
913
923
937
955
54
64
69
72
74
79
90
473
661
837
879
882
885
886
893
915
916
929
947
953
61
88
93
255
644
867
891
921
932
933
942
948
55
58
86
94
96
103
673
827
896
934
935
936
941
943
960
744
902
922
961
57
914
926
928
944
945
956
964
36
50
89
927
930
38
43
44
49
56
938
952
957
965
968
27
28
40
949
30
34
51
946
958
25
45
46
52
53
954
966
26
32
41
42
951
959
962
975
977
979
33
24
29
35
48
971
972
967
974
21
37
970
985
16
976
14
39
973
20
981
984
989
7
12
19
31
963
978
11
969
982
983
987
991
13
17
18
992
15
22
23
980
2
996
1
5
6
986
993
988
0
8
9
998
994
990
995
3
10
997
4
999
332
220
310
719
357
446
549
284
274
314
366
401
368
391
462
169
208
243
291
319
572
814
115
267
272
308
421
666
285
312
238
251
286
390
422
439
602
608
646
724
145
164
189
240
276
324
376
424
511
667
685
224
269
270
301
331
355
449
566
617
129
134
147
293
311
326
359
397
456
500
604
654
690
723
733
750
779
205
253
259
367
497
587
647
650
764
767
215
334
343
356
410
412
416
454
472
568
664
689
693
703
753
770
778
792
832
119
143
157
191
230
242
258
287
346
415
453
611
672
676
679
695
752
858
170
176
236
338
361
365
372
474
508
524
526
543
553
554
557
559
560
573
622
630
674
691
737
738
804
133
137
180
201
217
263
362
465
542
561
589
697
702
713
759
795
165
234
241
246
249
288
294
322
337
406
431
520
583
612
623
643
662
665
670
675
813
851
84
144
146
175
177
198
256
305
328
336
364
385
405
470
518
538
541
588
684
701
716
781
842
844
194
281
316
344
408
461
464
495
509
536
564
578
599
624
686
751
760
766
826
116
123
132
155
265
290
303
327
329
333
347
409
418
493
499
505
534
574
614
632
633
657
680
721
769
845
120
135
163
187
213
261
273
384
420
481
510
527
603
615
629
763
774
805
810
811
812
139
172
196
204
206
216
252
289
296
297
313
323
325
353
371
396
419
428
489
567
577
594
634
671
705
746
768
788
806
835
849
168
171
181
200
222
226
262
275
306
318
382
440
477
512
514
528
596
609
699
749
852
876
109
113
280
298
317
341
348
358
377
427
434
502
503
545
570
598
600
648
765
801
102
152
186
192
225
232
247
278
299
363
395
463
492
498
501
507
522
529
530
595
613
616
626
636
729
777
847
900
99
106
125
138
151
156
211
257
277
375
379
402
403
445
452
455
476
494
547
558
562
638
698
700
725
726
731
754
783
818
78
92
142
162
184
209
221
264
271
315
388
398
404
411
414
437
467
480
488
496
531
555
592
610
620
651
658
678
709
757
824
864
110
124
179
282
309
352
394
417
447
450
513
569
576
606
681
741
747
829
888
82
95
131
167
173
295
383
400
426
432
478
486
552
563
579
641
645
704
722
732
855
856
149
185
235
307
342
381
413
441
442
484
485
517
540
590
628
720
728
791
817
825
860
866
878
898
98
491
515
525
546
551
601
649
652
677
710
727
742
807
836
848
919
174
190
195
349
350
475
482
483
523
580
627
735
821
904
107
197
199
229
233
260
302
339
369
370
435
506
717
718
745
761
780
809
822
875
117
128
153
239
283
373
378
392
438
471
490
669
708
758
771
787
802
820
828
841
857
868
870
148
178
183
227
351
354
374
399
425
433
468
688
734
776
782
136
154
161
193
532
539
581
582
668
682
683
692
730
739
794
796
803
833
838
853
861
862
890
940
140
231
254
292
304
340
380
443
521
605
772
873
892
87
320
330
423
584
591
660
736
800
846
859
104
130
150
203
223
248
386
640
126
188
207
266
436
444
451
457
565
786
834
881
108
118
141
159
182
212
214
244
268
535
653
663
743
773
789
799
884
81
114
345
740
850
112
300
335
360
537
585
621
696
872
885
925
54
71
111
479
544
571
784
830
899
75
77
85
90
121
122
210
228
586
607
843
874
80
127
158
166
429
487
519
593
637
655
819
831
880
237
250
393
504
619
642
712
908
920
91
458
631
755
837
635
673
815
869
897
639
714
756
816
877
895
101
105
706
715
871
917
59
93
661
793
839
70
100
459
707
711
790
931
160
407
466
618
687
744
887
94
575
597
430
625
659
694
913
202
321
775
840
218
387
797
823
62
389
516
548
656
911
83
469
785
907
923
88
883
921
245
279
762
901
953
865
255
448
556
798
854
905
912
76
910
69
886
894
882
955
924
748
827
63
867
889
929
103
927
950
918
67
86
460
863
903
58
219
902
922
948
73
89
909
66
68
916
934
65
74
56
550
891
906
914
55
97
937
939
72
879
896
61
533
915
96
808
949
79
473
933
928
60
926
947
964
47
893
932
644
936
930
49
46
960
44
64
944
954
965
52
942
946
952
943
941
50
945
961
36
43
935
938
42
51
956
40
951
35
53
41
38
48
39
310
421
284
456
549
324
332
366
367
401
422
446
572
220
293
312
314
347
357
363
364
368
372
391
400
405
410
449
453
455
465
493
507
567
627
647
719
738
770
145
238
267
274
276
286
291
303
308
311
322
325
328
331
333
336
338
343
355
356
358
359
362
365
376
384
385
395
399
406
409
418
419
424
427
497
515
524
525
543
564
577
587
589
602
617
633
680
702
750
792
858
84
125
132
134
164
177
212
225
243
251
264
269
270
272
290
301
309
319
329
340
344
346
369
371
380
388
390
397
404
412
414
420
426
431
432
434
439
443
451
454
462
464
470
477
481
489
494
502
508
509
511
526
534
538
540
541
542
557
560
588
597
613
621
622
628
646
648
666
674
679
691
737
743
753
777
801
804
814
847
116
123
128
131
142
158
165
169
180
189
200
201
208
213
230
235
236
241
252
253
258
262
263
265
280
281
285
288
297
307
316
317
318
321
326
334
337
339
350
351
353
361
374
378
379
382
383
392
403
411
413
415
416
417
435
437
445
461
463
474
475
480
488
490
495
496
500
503
506
510
514
519
522
523
527
530
531
535
536
553
554
566
573
574
576
580
593
594
608
615
620
623
634
636
643
652
662
672
676
682
684
685
690
692
697
701
721
724
726
731
751
767
779
806
809
826
832
848
851
898
85
98
106
109
115
120
124
133
135
137
138
144
147
157
162
170
172
175
183
186
191
192
195
205
214
215
224
226
240
242
246
247
257
260
261
271
283
289
295
306
313
315
320
323
327
330
341
342
352
354
360
373
375
386
394
398
429
440
442
459
467
471
472
479
485
498
505
518
520
555
559
561
568
578
581
583
592
599
603
604
610
611
624
630
641
657
658
660
663
664
665
667
670
675
681
704
716
729
730
733
746
760
761
764
768
781
811
813
822
824
829
839
841
849
852
856
864
866
868
875
876
881
889
900
904
70
71
78
92
102
113
114
119
130
139
143
151
152
153
159
167
179
184
187
188
190
194
198
209
249
259
266
268
273
282
287
292
294
296
298
305
335
349
370
377
381
389
393
396
407
408
423
425
428
430
438
444
450
460
468
482
484
487
492
499
513
528
532
544
547
552
569
570
590
598
600
607
609
612
614
626
639
645
649
650
654
655
669
677
678
686
689
693
695
699
700
703
712
722
723
749
752
754
769
778
783
791
800
803
812
818
821
823
825
828
835
836
838
842
845
859
860
862
884
887
918
82
91
95
126
129
146
149
156
176
196
211
217
218
221
222
223
228
234
244
248
275
299
300
345
348
387
402
448
452
457
478
483
529
537
546
551
556
558
565
582
591
596
606
616
618
629
632
635
638
640
651
668
671
688
694
705
707
709
710
713
715
720
727
728
735
742
745
747
755
758
759
762
763
765
774
776
782
788
789
790
795
805
810
816
834
844
846
853
869
870
872
873
878
888
890
892
897
899
903
917
75
87
99
104
107
108
110
111
112
136
150
155
161
163
168
171
174
197
204
206
207
210
216
227
231
232
233
239
256
277
278
302
436
447
458
466
486
491
501
512
517
533
545
562
571
585
619
631
642
653
659
696
706
708
725
748
757
766
772
773
780
786
794
807
817
850
855
861
871
883
905
907
919
59
63
76
77
80
83
97
101
118
121
122
140
141
148
154
166
181
185
199
203
219
250
279
433
441
469
476
504
516
521
539
548
563
575
584
586
605
637
683
698
711
717
718
732
734
736
739
741
771
775
787
799
819
830
833
840
854
857
874
894
895
901
920
925
940
60
62
66
67
68
73
81
100
105
117
160
173
178
182
202
229
245
254
304
579
595
601
625
656
687
714
740
756
784
793
796
797
802
808
815
831
843
863
865
908
909
910
924
931
939
950
47
65
69
74
79
90
127
237
473
550
644
785
820
837
877
879
880
885
893
906
911
913
923
937
947
955
54
64
93
96
193
661
673
798
882
886
912
915
916
921
929
932
942
953
55
58
61
72
88
103
255
827
891
933
948
86
94
867
896
922
935
936
943
960
89
902
914
934
941
36
50
744
930
944
945
956
961
964
49
926
927
928
938
38
40
43
44
56
57
952
957
965
968
27
28
34
51
53
949
958
26
52
946
954
25
30
33
45
951
966
977
24
41
46
959
962
975
979
32
35
48
971
29
42
972
37
967
973
974
985
970
14
16
20
21
39
976
981
7
31
963
984
11
12
19
983
989
22
969
978
2
13
18
982
991
15
17
987
23
980
1
996
992
6
986
5
0
8
993
998
988
9
990
994
995
10
3
997
4
999
549
332
572
310
220
284
308
666
314
719
274
421
115
285
366
401
169
238
357
368
164
312
676
243
276
446
814
291
311
376
770
208
240
286
301
647
650
737
191
331
372
589
608
646
119
293
319
566
617
662
675
679
145
165
224
270
324
367
456
568
672
129
251
253
269
567
587
670
134
157
180
449
453
602
623
684
779
858
143
205
217
267
287
343
578
611
667
685
690
697
724
137
147
230
236
249
252
272
391
412
553
588
599
609
630
680
750
832
133
259
294
424
439
500
594
624
674
132
135
175
189
215
241
329
346
364
365
542
604
695
225
334
355
454
472
511
541
554
574
612
634
686
689
693
733
753
759
781
804
851
120
256
258
288
326
422
462
573
622
633
643
691
752
792
826
177
234
246
264
390
654
701
723
778
216
242
263
265
359
434
464
497
520
545
615
620
657
713
754
760
769
812
842
844
170
213
316
356
526
557
613
648
660
678
847
852
146
176
198
281
338
362
409
415
510
576
583
716
763
795
810
813
144
181
204
397
560
632
671
806
856
82
84
92
110
123
125
271
297
337
418
489
515
527
536
538
543
598
614
702
703
811
845
163
201
273
289
290
405
465
561
577
721
738
768
805
138
277
298
305
309
322
328
411
508
530
888
187
194
333
552
595
627
699
710
722
777
835
848
226
262
303
306
323
371
382
406
629
664
767
801
98
113
167
171
195
200
206
280
325
350
361
400
416
474
493
509
709
729
751
818
95
109
142
153
168
196
278
347
353
358
385
404
408
410
463
476
505
518
559
603
636
645
658
665
668
681
725
731
749
849
106
222
235
313
344
363
375
379
395
461
495
507
534
547
757
764
765
774
876
904
116
124
128
139
152
156
192
209
229
318
327
377
419
427
467
513
528
569
570
580
610
616
638
669
688
99
151
155
188
307
330
396
402
470
481
488
502
606
652
677
683
704
705
747
766
824
829
868
870
875
118
247
295
296
494
524
562
564
582
600
720
746
788
900
107
172
179
185
190
212
232
342
428
431
499
503
512
626
628
692
761
782
78
131
184
221
257
261
420
455
525
579
592
698
700
708
102
130
283
317
398
475
477
517
546
581
655
822
853
183
352
480
496
522
540
718
732
787
836
864
186
432
478
490
641
649
651
682
743
802
866
878
154
161
199
282
315
336
445
492
531
735
741
742
791
796
211
299
339
354
373
485
726
734
821
855
919
108
148
214
349
351
369
452
471
523
663
861
940
136
149
223
233
254
340
383
403
417
437
491
514
558
607
631
783
820
841
860
885
898
104
239
260
302
384
450
535
539
605
784
809
85
117
174
275
443
498
593
728
828
833
838
857
90
182
501
590
639
780
803
872
162
348
370
426
736
807
825
834
114
193
227
380
447
484
555
584
596
635
712
786
880
884
890
77
81
244
248
266
440
482
506
565
873
881
105
112
197
381
399
435
438
642
730
758
817
846
892
75
140
150
231
394
414
468
789
862
874
159
300
532
544
591
653
715
717
773
228
320
341
772
54
178
486
585
727
859
71
87
141
173
292
304
388
423
597
122
158
203
392
551
601
673
740
800
126
268
571
771
790
794
871
883
895
335
444
451
458
640
776
837
93
111
121
321
360
521
529
563
745
799
908
920
80
207
378
637
707
166
374
413
483
899
953
91
441
537
586
621
830
887
925
487
739
210
386
877
100
436
659
696
816
850
127
345
869
237
479
519
897
911
59
714
425
694
101
756
839
202
250
706
711
793
831
923
429
466
819
917
931
433
516
755
797
950
62
70
94
459
656
744
843
83
218
393
407
556
160
815
279
889
913
921
548
894
901
245
504
762
910
918
457
687
823
88
442
619
661
882
886
840
748
924
255
430
907
905
865
575
618
854
903
86
916
76
625
775
798
929
58
827
927
785
955
389
67
448
469
68
89
909
948
103
644
69
863
912
96
65
74
867
66
891
460
902
72
97
808
219
387
533
550
922
473
915
879
914
906
934
63
939
55
61
949
56
937
60
954
79
47
926
936
942
896
893
73
947
944
964
64
952
933
965
49
932
960
930
46
941
44
943
52
51
421
284
310
332
363
367
446
456
324
347
355
366
391
400
401
405
422
549
84
220
267
272
312
314
328
338
357
359
364
368
372
376
384
385
390
399
409
410
418
419
427
453
455
564
770
858
134
145
286
291
293
303
308
311
322
325
333
336
343
353
356
358
362
365
369
371
388
395
404
406
412
414
415
420
432
434
449
454
462
464
465
481
489
493
497
507
543
572
719
738
814
238
243
274
276
280
281
307
309
316
317
319
329
331
340
342
344
346
351
352
361
375
379
380
383
392
394
397
403
416
424
426
431
437
439
442
463
470
474
477
480
494
502
508
510
515
526
542
567
587
646
647
750
753
777
792
804
826
832
85
106
116
123
125
132
142
164
165
175
177
180
189
200
205
208
212
241
251
253
257
258
263
265
269
270
288
290
297
301
313
315
318
323
326
327
334
337
339
341
350
354
360
378
381
382
386
389
393
396
398
411
413
417
435
440
443
445
451
461
468
471
472
475
485
488
490
495
496
500
503
505
509
511
514
519
520
524
525
530
534
538
540
541
557
577
589
602
617
627
648
674
680
685
691
721
764
767
768
779
801
806
809
811
813
818
839
841
848
849
851
856
868
876
898
900
904
124
128
131
137
138
139
144
147
158
159
170
184
186
194
201
213
224
225
226
230
235
240
242
246
247
252
260
261
262
264
268
282
283
285
295
296
305
320
321
345
349
370
373
374
377
402
407
408
425
428
429
452
457
460
467
498
518
522
523
527
531
560
566
576
580
610
613
620
621
622
623
633
662
666
667
679
684
692
697
701
702
726
729
733
737
746
781
788
795
800
825
828
829
838
845
847
852
859
860
864
866
881
887
889
890
71
78
91
92
98
102
109
113
114
115
119
120
126
130
133
135
143
157
162
169
172
183
191
214
215
236
249
266
271
277
287
289
292
294
298
299
306
330
335
348
387
423
444
448
450
459
478
479
482
484
492
499
506
535
536
547
553
554
555
561
568
573
581
583
588
592
597
608
615
624
628
630
634
636
641
643
652
663
665
670
672
676
677
682
690
693
704
722
723
724
727
730
731
743
751
760
761
778
791
794
803
812
821
822
823
835
836
844
846
862
869
873
875
878
918
919
70
95
146
149
151
152
153
156
167
187
190
192
195
198
204
209
211
218
234
259
273
275
300
430
436
438
447
486
487
491
512
513
529
532
551
552
559
570
578
590
593
594
599
603
604
606
611
614
638
649
654
658
664
681
686
703
716
728
742
747
749
752
754
755
759
762
763
766
774
783
805
807
810
816
817
824
834
842
850
853
855
870
872
884
888
892
897
899
903
907
917
59
63
75
80
82
87
99
101
104
107
110
112
136
150
155
163
168
174
176
179
188
196
207
217
221
222
223
227
228
233
244
302
441
466
483
501
528
537
546
556
558
569
574
582
598
600
609
612
616
626
639
645
650
651
655
657
675
689
694
696
699
700
707
709
712
713
725
735
745
758
765
769
772
776
782
786
787
799
819
830
840
854
857
861
874
895
905
908
66
81
83
97
108
111
121
129
140
141
154
161
166
178
181
182
197
199
206
210
216
219
231
232
239
248
254
256
278
433
458
469
476
517
521
539
544
545
548
562
563
565
571
575
591
596
607
618
631
632
640
660
668
671
678
683
688
695
705
706
708
715
717
739
741
748
757
771
773
775
780
784
789
790
815
820
831
833
843
863
865
871
883
894
901
906
909
910
925
939
940
60
65
73
74
76
77
105
117
118
148
171
173
203
250
279
304
504
516
533
579
585
595
625
629
635
653
659
669
698
710
718
720
734
785
793
796
798
802
808
877
882
885
893
913
920
924
931
937
947
955
47
54
62
67
69
79
100
122
127
160
185
193
202
229
237
473
584
586
601
605
619
637
656
687
711
732
736
756
797
879
880
886
911
912
915
921
923
929
948
950
953
61
64
68
90
93
96
245
550
642
714
740
837
867
916
932
933
942
55
72
86
88
255
644
827
891
896
934
936
94
103
914
935
941
943
945
956
960
36
50
58
661
673
744
902
922
928
930
944
961
49
89
926
927
938
964
38
43
56
57
952
968
28
40
44
957
965
27
41
51
52
53
949
26
30
34
946
951
954
958
959
25
45
46
962
975
24
32
33
35
42
966
971
977
29
48
979
16
21
972
974
37
967
970
976
985
14
20
39
963
973
7
19
981
983
989
12
31
969
978
984
11
991
13
982
17
18
996
22
23
987
2
15
992
980
1
6
986
0
5
993
998
988
8
990
994
3
9
995
10
4
997
999
332
220
357
310
284
366
446
719
390
272
319
549
189
312
391
243
291
359
208
311
324
368
401
169
251
274
667
240
269
286
308
314
422
439
462
572
814
267
646
666
147
355
415
421
602
690
724
115
134
145
224
326
858
238
331
367
376
412
587
608
685
84
242
253
270
276
343
372
384
416
454
566
643
285
456
508
568
647
753
767
770
143
303
361
385
424
500
511
538
564
604
650
665
733
205
215
249
258
287
293
410
464
465
497
557
583
630
804
129
157
170
259
334
336
338
346
440
472
474
553
561
617
624
654
664
779
832
164
180
201
230
281
337
344
347
356
431
449
453
470
520
543
559
614
670
679
723
133
176
187
263
265
296
362
365
408
418
499
527
573
622
693
703
119
165
175
236
241
328
353
397
405
409
509
510
589
676
689
701
737
738
750
792
826
137
163
177
191
194
198
217
252
301
329
427
437
477
481
672
132
146
172
261
275
316
325
495
541
542
560
588
623
648
680
695
813
135
139
155
200
234
246
288
327
396
402
493
518
524
526
536
554
611
662
675
691
702
752
760
778
845
211
257
333
348
363
382
406
419
455
528
567
570
598
615
721
764
795
900
102
123
222
290
305
358
364
395
442
461
463
480
632
674
684
697
713
849
851
116
120
144
196
206
262
297
322
371
383
400
452
502
512
534
578
594
609
610
628
634
716
766
788
806
825
124
225
226
280
294
295
342
352
404
574
599
616
763
844
106
125
168
204
221
289
309
313
318
403
420
428
432
450
486
494
522
530
577
606
746
751
759
818
829
142
152
171
181
186
232
247
256
278
306
375
417
434
492
496
503
595
596
613
633
638
705
801
842
113
162
173
273
323
485
489
498
505
507
517
540
600
603
612
627
629
657
686
749
781
92
138
184
197
213
298
317
377
388
394
413
435
514
529
562
636
668
677
699
805
810
888
95
109
117
156
167
216
264
271
315
491
513
531
576
626
768
777
812
852
898
151
183
209
277
282
299
302
307
379
381
478
547
558
590
671
709
722
727
729
774
783
811
828
855
919
78
110
131
192
283
398
426
545
551
552
555
569
620
698
731
735
769
838
87
128
149
341
369
386
445
467
488
525
532
651
658
681
726
835
847
856
876
179
185
227
233
350
414
441
468
482
483
515
592
824
864
866
890
904
98
99
126
399
476
484
523
757
780
791
130
158
266
349
380
392
447
471
546
641
704
807
821
848
875
140
148
174
203
229
339
373
501
645
649
652
710
725
841
892
82
195
268
374
475
682
700
761
868
85
260
351
354
378
411
423
425
433
444
506
563
579
580
688
734
787
809
136
190
212
214
235
248
254
292
330
438
521
655
708
728
747
861
104
231
244
451
581
582
591
605
631
678
732
765
782
817
833
71
107
154
193
199
228
304
345
360
370
479
490
519
535
539
621
660
741
870
77
112
118
121
122
223
443
457
584
640
742
771
846
873
153
159
182
300
537
653
717
718
745
857
108
188
207
320
436
585
601
663
669
720
800
834
850
862
878
940
114
161
178
239
340
393
407
565
772
794
853
860
925
141
429
683
730
754
820
859
881
81
90
111
237
487
743
830
127
459
692
707
789
822
75
91
607
642
758
843
920
54
166
571
593
714
796
836
70
619
696
775
210
597
706
736
869
93
739
776
831
874
884
586
639
673
803
76
80
150
740
786
872
885
101
389
458
504
544
575
712
715
773
815
59
105
659
799
802
913
62
556
250
635
897
899
908
94
430
756
218
321
335
548
895
905
917
83
160
466
516
784
840
880
887
469
839
279
448
460
618
694
744
793
819
877
901
931
100
755
883
661
816
637
656
823
871
907
790
955
202
785
255
69
625
929
889
903
912
953
687
711
798
911
837
88
865
882
854
921
387
886
906
934
748
797
910
923
245
762
63
894
918
937
827
948
67
533
909
68
916
86
56
73
914
103
863
867
219
950
891
66
879
924
896
89
96
473
922
927
939
65
72
74
58
550
902
808
97
644
915
55
964
926
932
949
960
928
61
79
947
47
893
965
933
936
943
942
930
938
60
64
954
952
944
946
46
43
49
945
941
50
935
44
36
52
951
961
956
421
284
310
324
332
366
367
422
446
456
549
293
314
363
401
410
465
145
220
267
286
322
328
336
338
343
347
356
357
358
364
372
384
391
399
400
405
427
449
453
507
508
515
543
567
572
589
647
719
770
84
132
134
238
269
274
276
291
303
308
312
333
355
359
362
365
368
371
376
385
388
390
395
404
409
413
414
416
418
419
426
432
439
455
461
477
481
489
493
497
511
524
525
526
534
538
564
577
587
602
617
627
633
646
666
674
680
738
750
792
814
858
106
116
123
164
180
200
208
225
251
258
264
270
272
280
290
301
309
311
316
317
318
319
325
329
331
334
341
344
346
361
369
378
379
380
392
397
403
406
412
415
420
424
434
451
454
462
463
464
470
474
475
480
494
495
502
510
519
530
541
542
557
566
588
597
608
613
620
621
622
691
697
702
737
753
777
801
804
809
847
124
125
128
131
142
144
165
175
177
189
212
213
241
242
243
246
253
261
263
281
297
306
307
320
321
323
326
327
337
339
340
342
350
351
352
353
354
374
375
377
382
383
394
411
431
435
437
443
445
488
490
496
500
503
505
506
509
514
518
522
523
529
531
535
536
540
554
559
560
573
576
578
580
581
592
593
594
611
615
623
628
634
636
648
652
658
662
665
672
679
682
684
685
692
704
721
724
726
743
746
751
764
767
779
806
811
826
832
839
841
848
851
864
868
876
898
78
85
98
102
109
113
115
119
120
133
135
137
138
147
151
157
158
159
169
170
172
186
191
192
201
205
214
224
226
230
235
236
247
252
257
259
260
262
265
273
282
283
285
288
289
294
295
305
313
315
335
349
360
373
381
386
387
389
393
396
398
408
417
425
428
429
438
440
442
467
468
471
472
482
485
492
498
520
527
552
553
555
561
568
574
583
599
603
604
610
626
630
641
643
657
663
667
670
676
681
686
690
693
701
716
723
729
730
731
733
761
768
778
781
812
813
818
822
835
842
849
852
856
860
866
875
881
887
889
900
904
70
71
91
92
95
114
126
130
139
143
149
150
152
153
155
162
167
176
179
183
184
187
190
194
195
198
209
215
240
249
268
271
275
287
292
296
298
299
330
345
348
370
407
423
444
448
450
452
457
459
460
478
479
483
484
499
501
504
513
528
532
544
547
558
569
570
582
590
598
609
612
614
624
645
650
651
654
664
669
675
677
678
699
700
703
712
722
727
735
749
752
754
760
774
783
791
794
800
803
805
807
816
821
823
824
825
828
829
836
838
845
846
853
859
862
878
884
888
897
918
63
75
82
87
99
104
107
110
146
156
174
188
211
218
221
222
223
228
234
239
244
256
266
300
402
430
433
436
466
486
487
491
512
537
545
546
551
556
562
563
565
591
596
600
606
607
616
618
629
632
635
638
639
640
649
655
660
671
683
689
694
695
696
705
708
709
713
715
742
745
747
757
758
762
763
765
766
769
776
782
788
789
790
795
799
810
817
834
844
861
869
870
872
873
890
892
899
903
907
917
59
60
73
77
80
81
97
100
101
108
111
112
129
163
171
196
199
204
206
207
210
217
227
232
233
248
277
278
441
447
458
469
476
517
521
533
539
548
571
575
579
585
619
637
653
659
668
688
698
706
707
720
728
739
755
759
772
773
780
786
819
830
840
850
855
871
874
883
905
919
65
66
67
69
79
83
118
121
136
140
141
148
161
166
168
173
178
181
185
197
216
219
231
250
302
304
516
584
586
595
601
631
642
710
711
717
718
725
734
736
741
748
771
784
787
793
796
802
815
831
833
843
854
857
885
894
895
901
924
925
931
940
950
54
55
62
68
74
76
105
117
122
127
154
203
229
245
254
279
550
605
625
656
687
732
740
756
775
797
808
820
837
863
865
877
908
909
910
911
920
939
47
61
64
72
90
160
182
202
237
714
785
879
880
886
893
906
913
915
923
932
937
947
953
955
58
86
88
93
103
193
473
644
661
673
798
867
882
891
912
916
921
929
942
948
94
96
255
827
933
936
50
89
744
896
934
935
941
943
960
36
44
49
53
902
914
922
930
945
964
38
56
928
944
956
961
28
34
40
43
52
57
926
927
952
968
27
33
51
938
949
957
965
24
25
26
30
41
45
46
35
42
946
954
958
966
29
32
48
959
962
975
977
979
21
37
951
971
39
20
972
14
16
31
967
973
974
985
11
19
970
7
12
17
976
981
22
963
984
989
2
15
23
983
1
13
18
969
978
991
982
987
6
980
992
5
996
0
8
9
986
988
998
993
3
10
990
994
995
4
997
999
332
549
220
666
284
572
308
310
421
719
314
366
115
276
770
357
367
368
401
343
145
169
243
274
286
291
312
372
446
608
647
814
119
238
324
390
646
240
285
311
456
589
134
164
293
376
391
566
676
693
180
208
331
685
858
224
319
415
453
568
650
662
674
697
287
301
359
567
587
679
737
84
165
191
269
412
462
602
617
623
670
684
143
147
205
253
355
667
672
175
259
272
439
449
578
609
611
624
630
690
724
753
832
251
267
270
338
427
454
464
648
680
133
189
258
329
346
510
553
588
129
132
137
249
334
364
409
472
497
541
612
120
135
252
342
365
418
500
508
511
520
599
620
675
689
826
157
217
242
538
543
594
604
622
633
634
723
733
779
170
241
358
416
489
526
615
643
686
106
124
163
236
263
265
303
316
405
422
424
465
564
595
614
804
851
230
246
361
542
545
176
204
215
234
328
347
363
371
377
400
481
515
554
573
695
750
778
125
264
280
290
305
326
434
530
552
557
576
583
691
699
701
813
856
95
123
187
281
318
333
356
480
502
536
560
613
654
657
703
144
225
256
277
288
294
297
322
382
404
474
494
507
527
561
574
580
806
844
110
146
177
198
273
295
309
323
337
352
396
408
488
518
534
598
665
698
721
722
795
812
181
201
213
385
402
419
432
463
509
559
606
627
668
677
713
752
760
764
792
845
92
155
200
216
344
353
375
499
513
626
632
636
651
658
681
716
759
801
852
888
271
325
350
397
476
485
505
570
603
610
683
763
781
818
842
848
82
98
130
142
184
298
306
307
362
461
495
512
577
638
645
678
738
757
769
805
811
113
194
206
257
262
369
379
399
410
428
616
660
710
768
102
128
138
226
289
336
398
411
437
470
477
524
582
641
708
788
810
829
868
139
229
247
261
278
296
339
384
395
452
478
547
628
709
729
777
847
168
171
283
349
354
491
664
671
754
849
156
348
380
503
525
767
828
904
85
118
151
196
313
327
381
420
440
471
528
579
78
383
496
501
540
562
569
652
702
704
746
766
782
116
190
195
209
222
317
403
406
431
517
546
629
655
692
700
747
765
875
876
919
109
131
152
153
154
522
600
669
731
749
107
167
221
417
445
467
493
535
631
725
822
838
885
900
172
232
235
394
455
539
590
81
104
183
330
475
492
581
592
682
179
188
212
254
386
392
435
450
558
796
866
890
898
99
126
211
282
498
663
705
734
761
807
853
864
77
149
192
484
486
490
584
741
784
835
861
87
159
185
315
351
373
414
468
514
531
593
735
751
774
809
841
140
260
302
523
529
718
727
90
150
214
227
228
299
300
426
482
607
720
787
846
855
108
112
136
182
186
193
199
532
726
824
174
413
423
596
635
743
148
233
244
275
341
388
649
870
54
114
117
370
436
605
673
696
833
892
71
105
340
447
555
563
688
821
825
141
266
360
639
730
940
93
158
223
345
389
506
742
820
881
75
161
268
438
728
874
320
551
802
127
239
544
571
585
637
640
712
715
248
443
780
887
444
591
621
772
783
791
794
101
304
393
441
565
111
173
442
537
717
786
799
121
122
197
321
521
642
860
877
878
519
830
873
91
457
479
601
883
895
162
231
378
425
548
758
834
869
889
292
451
597
659
850
70
80
178
237
458
694
857
859
166
429
466
586
653
736
745
817
94
100
374
433
706
740
803
872
953
59
203
483
800
839
862
207
487
504
687
732
908
516
407
789
556
773
836
744
882
884
920
86
880
905
575
707
739
871
775
335
459
210
218
625
279
756
823
897
925
83
819
913
918
948
831
911
250
790
854
899
62
448
816
76
656
840
955
88
460
771
793
903
910
63
74
917
619
755
950
69
202
255
67
430
714
815
894
96
907
89
97
837
865
929
762
906
785
909
711
644
550
901
66
798
921
103
776
934
56
618
916
473
160
939
58
55
886
843
65
469
867
879
923
748
914
68
661
79
931
245
72
797
827
924
533
863
912
937
387
936
915
927
891
893
49
896
947
73
219
932
902
64
61
942
949
60
933
808
954
944
50
47
938
960
928
52
930
421
284
310
324
332
401
422
446
456
314
363
366
367
405
549
220
293
312
322
347
355
356
357
362
364
368
372
376
384
391
399
400
410
449
453
455
465
493
572
719
738
770
814
134
145
238
267
272
274
286
291
308
328
333
336
338
343
344
358
359
365
371
379
385
388
395
404
406
414
418
419
424
426
427
434
439
470
497
507
542
543
567
750
792
858
84
116
123
125
132
164
169
177
180
208
212
225
243
251
253
269
270
276
301
303
309
311
317
319
325
326
327
331
334
337
340
351
353
374
378
390
397
409
412
416
420
431
432
443
451
454
461
462
463
474
477
481
489
494
496
510
515
526
557
564
577
587
589
602
617
627
633
646
647
680
691
751
753
767
777
779
801
804
836
841
847
848
851
876
898
128
133
137
142
144
147
157
165
186
189
200
201
215
230
235
236
241
246
257
258
263
264
265
280
281
285
288
289
290
294
305
307
313
315
316
318
321
323
329
339
341
346
350
361
369
370
375
380
382
383
392
403
407
411
413
415
417
435
437
442
445
464
472
475
480
490
495
500
502
503
506
508
509
511
514
519
523
524
525
530
531
534
538
541
560
613
621
666
672
674
679
684
692
697
701
702
721
729
737
743
746
764
768
774
781
791
800
809
811
813
818
826
832
839
842
845
856
859
860
866
868
878
881
904
92
98
106
109
113
115
119
131
135
138
139
153
162
167
170
175
183
184
191
192
195
205
213
224
226
240
242
247
252
260
261
262
268
271
282
296
297
298
320
335
342
352
354
360
373
381
386
393
394
396
398
408
423
425
429
440
450
459
467
468
471
482
485
488
498
505
518
520
522
527
535
536
540
554
555
561
566
573
576
588
592
597
608
610
620
622
623
628
636
643
648
652
662
663
675
676
685
690
716
724
726
730
731
733
749
752
754
759
760
761
769
776
778
783
788
803
806
812
822
829
834
835
844
849
852
862
864
872
884
900
71
78
82
85
91
114
120
124
149
151
152
158
159
172
188
194
209
214
234
249
266
275
283
287
292
295
299
306
330
345
349
377
387
389
402
428
430
438
444
447
452
479
484
492
499
547
553
559
568
574
578
580
581
583
593
594
599
600
603
604
611
615
634
641
657
664
665
667
670
681
682
695
700
704
722
725
727
728
742
745
747
758
762
765
771
786
794
795
805
810
816
817
821
823
824
825
828
838
846
853
855
873
875
887
888
889
890
892
917
918
70
95
99
102
107
126
129
130
136
143
146
156
168
174
176
179
187
190
196
197
198
204
207
210
211
216
217
218
223
228
231
248
256
273
277
348
448
457
460
478
483
487
512
513
528
529
532
544
546
551
558
565
569
570
590
612
614
624
626
630
638
645
649
650
654
655
658
660
671
677
686
688
693
703
707
709
712
713
720
723
732
735
748
755
763
766
780
789
790
807
850
857
861
869
870
874
897
899
907
919
80
110
112
150
155
161
163
182
199
206
221
222
232
233
239
244
250
259
278
300
302
433
436
458
466
486
491
537
552
556
562
582
591
598
606
607
609
616
618
629
632
639
640
653
669
678
689
694
696
699
705
706
710
715
717
741
757
772
773
782
787
797
819
820
830
840
843
854
871
894
895
903
931
59
60
63
66
75
83
87
101
104
108
111
118
121
140
141
148
154
160
166
171
178
181
185
202
203
219
227
245
254
279
304
441
469
476
501
504
516
517
521
533
539
545
563
571
585
596
601
651
668
683
708
711
739
775
793
796
799
802
815
831
833
863
865
905
908
923
924
925
940
950
47
54
61
67
68
73
76
77
81
105
117
122
173
193
548
575
579
586
595
605
619
631
635
637
642
656
659
714
718
734
740
784
785
798
808
877
880
883
885
893
901
909
910
911
920
921
939
62
65
79
97
100
127
229
237
584
625
698
736
756
837
882
886
906
912
913
915
937
947
955
64
69
74
88
90
93
473
661
687
827
867
879
891
916
929
942
953
55
72
96
103
255
550
644
922
932
933
935
948
58
673
896
902
934
936
941
943
956
960
961
36
86
94
914
926
927
944
964
968
89
744
928
930
945
952
44
49
50
57
28
38
40
43
56
938
957
965
27
51
52
53
949
958
30
34
45
46
946
962
966
977
25
954
26
32
41
48
959
975
24
29
33
35
42
951
972
979
37
971
974
967
16
20
970
976
12
21
984
985
39
19
31
963
978
981
7
11
14
17
973
969
983
987
989
991
18
982
13
992
15
22
980
23
996
1
2
6
5
986
0
8
988
9
993
990
995
994
998
3
10
997
4
999
332
