5.2
6.8
6.8
6.9
6.9
7.0
7.2
7.3
7.4
7.6
7.6
7.6
7.7
7.8
7.9
8.0
8.1
8.6
8.7
8.7
8.7
8.9
9.0
9.1
9.2
9.2
9.4
9.4
9.4
9.4
9.5
9.5
9.6
9.6
9.6
9.6
9.7
9.7
9.8
9.8
9.8
9.9
9.9
9.9
9.9
10.0
10.1
10.2
10.2
10.3
10.3
10.4
10.4
10.5
10.5
10.6
10.6
10.6
10.6
10.7
10.9
11.0
11.0
11.1
11.1
11.1
11.1
11.1
11.1
11.2
11.2
11.3
11.3
11.3
11.3
11.4
11.4
11.4
11.5
11.6
11.6
11.7
11.7
11.7
11.7
11.7
11.7
11.8
11.8
11.8
11.8
11.8
11.8
11.8
11.8
11.9
11.9
11.9
12.0
12.0
12.0
12.0
12.1
12.1
12.1
12.1
12.1
12.2
12.3
12.3
12.3
12.3
12.3
12.3
12.3
12.4
12.4
12.4
12.4
12.5
12.5
12.5
12.6
12.6
12.6
12.6
12.6
12.6
12.6
12.6
12.7
12.7
12.7
12.7
12.7
12.7
12.8
12.8
12.8
12.8
12.8
12.9
12.9
12.9
12.9
13.0
13.0
13.0
13.0
13.1
13.1
13.1
13.1
13.2
13.2
13.3
13.3
13.3
13.3
13.3
13.3
13.4
13.4
13.4
13.4
13.5
13.5
13.5
13.6
13.7
13.8
13.8
13.8
13.8
13.9
13.9
14.0
14.0
14.0
14.0
14.0
14.0
14.0
14.1
14.1
14.1
14.1
14.1
14.1
14.1
14.1
14.1
14.2
14.2
14.2
14.2
14.2
14.3
14.3
14.3
14.3
14.3
14.4
14.4
14.4
14.4
14.5
14.5
14.5
14.5
14.6
14.6
14.6
14.6
14.6
14.6
14.6
14.7
14.7
14.7
14.7
14.7
14.8
14.8
14.8
14.8
14.8
14.9
14.9
14.9
14.9
14.9
14.9
15.0
15.0
15.0
15.0
15.0
15.0
15.0
15.0
15.0
15.1
15.1
15.1
15.1
15.1
15.1
15.2
15.2
15.2
15.3
15.3
15.3
15.3
15.4
15.4
15.4
15.4
15.4
15.4
15.5
15.5
15.5
15.5
15.5
15.5
15.5
15.6
15.6
15.6
15.7
15.7
15.7
15.7
15.7
15.8
15.8
15.8
15.8
15.8
15.8
15.9
15.9
15.9
15.9
16.0
16.0
16.0
16.0
16.0
16.0
16.0
16.0
16.0
16.0
16.1
16.1
16.1
16.1
16.2
16.2
16.2
16.2
16.2
16.2
16.3
16.3
16.3
16.3
16.3
16.4
16.4
16.4
16.4
16.5
16.5
16.6
16.6
16.7
16.7
16.7
16.7
16.7
16.7
16.8
16.8
16.8
16.8
16.8
16.8
16.8
16.8
16.9
16.9
16.9
16.9
16.9
16.9
17.0
17.0
17.0
17.0
17.0
17.0
17.0
17.1
17.1
17.2
17.2
17.2
17.2
17.3
17.3
17.4
17.4
17.4
17.4
17.4
17.4
17.4
17.4
17.4
17.4
17.5
17.5
17.5
17.5
17.5
17.6
17.6
17.7
17.7
17.7
17.7
17.7
17.8
17.8
17.8
17.8
17.9
17.9
17.9
17.9
17.9
17.9
17.9
17.9
17.9
18.0
18.0
18.0
18.1
18.1
18.1
18.1
18.1
18.2
18.2
18.2
18.2
18.3
18.3
18.3
18.4
18.4
18.4
18.4
18.4
18.4
18.4
18.4
18.4
18.5
18.5
18.5
18.5
18.6
18.6
18.6
18.6
18.6
18.6
18.7
18.7
18.7
18.7
18.7
18.8
18.9
18.9
18.9
18.9
18.9
18.9
18.9
18.9
18.9
19.0
19.0
19.0
19.0
19.0
19.0
19.1
19.1
19.2
19.2
19.2
19.2
19.2
19.2
19.2
19.3
19.3
19.3
19.3
19.3
19.3
19.3
19.3
19.3
19.3
19.4
19.4
19.4
19.5
19.5
19.5
19.5
19.5
19.5
19.5
19.5
19.6
19.6
19.6
19.6
19.7
19.7
19.7
19.7
19.7
19.7
19.8
19.8
19.8
19.8
19.8
19.9
19.9
19.9
19.9
19.9
19.9
19.9
19.9
19.9
19.9
19.9
19.9
19.9
20.0
20.0
20.0
20.0
20.1
20.1
20.1
20.1
20.2
20.2
20.2
20.2
20.2
20.2
20.2
20.2
20.2
20.3
20.3
20.3
20.3
20.3
20.3
20.3
20.4
20.4
20.4
20.4
20.4
20.4
20.5
20.5
20.5
20.5
20.6
20.6
20.6
20.6
20.6
20.7
20.7
20.7
20.7
20.7
20.7
20.7
20.7
20.8
20.8
20.8
20.8
20.8
20.8
20.9
20.9
20.9
20.9
20.9
21.0
21.0
21.0
21.0
21.0
21.0
21.1
21.1
21.1
21.1
21.2
21.2
21.2
21.2
21.3
21.3
21.3
21.4
21.4
21.4
21.4
21.4
21.4
21.4
21.5
21.5
21.5
21.6
21.6
21.6
21.6
21.6
21.7
21.7
21.7
21.7
21.7
21.7
21.7
21.7
21.7
21.7
21.8
21.8
21.8
21.8
21.8
21.9
21.9
21.9
21.9
21.9
21.9
22.0
22.0
22.0
22.0
22.0
22.0
22.0
22.1
22.1
22.1
22.1
22.1
22.1
22.1
22.2
22.2
22.3
22.3
22.4
22.4
22.4
22.4
22.4
22.5
22.5
22.5
22.5
22.5
22.5
22.5
22.5
22.6
22.6
22.6
22.6
22.6
22.6
22.7
22.7
22.7
22.8
22.8
22.8
22.8
22.8
22.9
22.9
22.9
22.9
22.9
23.0
23.0
23.0
23.0
23.0
23.1
23.1
23.1
23.1
23.1
23.2
23.2
23.2
23.2
23.3
23.3
23.3
23.3
23.4
23.4
23.4
23.4
23.5
23.5
23.5
23.5
23.5
23.6
23.6
23.6
23.6
23.6
23.6
23.6
23.6
23.7
23.7
23.7
23.7
23.8
23.8
23.9
24.0
24.0
24.0
24.0
24.0
24.1
24.1
24.1
24.1
24.2
24.2
24.2
24.2
24.3
24.3
24.3
24.3
24.4
24.5
24.5
24.5
24.5
24.5
24.5
24.5
24.6
24.6
24.6
24.7
24.7
24.7
24.7
24.7
24.8
24.8
24.8
24.8
24.8
24.8
24.9
24.9
24.9
24.9
24.9
24.9
24.9
24.9
25.0
25.0
25.0
25.0
25.0
25.0
25.0
25.0
25.0
25.0
25.1
25.1
25.1
25.1
25.2
25.2
25.2
25.3
25.3
25.3
25.3
25.3
25.3
25.3
25.4
25.4
25.4
25.4
25.4
25.6
25.6
25.6
25.6
25.6
25.6
25.6
25.7
25.7
25.7
25.7
25.8
25.8
25.8
25.9
26.0
26.0
26.0
26.0
26.0
26.0
26.1
26.1
26.1
26.1
26.1
26.1
26.2
26.2
26.2
26.2
26.2
26.2
26.2
26.2
26.3
26.3
26.3
26.3
26.3
26.3
26.3
26.4
26.4
26.4
26.4
26.4
26.5
26.5
26.5
26.5
26.5
26.6
26.6
26.6
26.6
26.6
26.6
26.6
26.6
26.7
26.7
26.7
26.7
26.7
26.7
26.8
26.8
26.8
26.8
26.8
26.8
26.8
26.9
26.9
26.9
26.9
26.9
27.0
27.0
27.0
27.0
27.1
27.1
27.1
27.1
27.1
27.1
27.1
27.1
27.2
27.2
27.2
27.2
27.2
27.2
27.2
27.3
27.3
27.3
27.3
27.3
27.3
27.4
27.4
27.4
27.4
27.4
27.5
27.5
27.5
27.5
27.5
27.6
27.6
27.6
27.6
27.6
27.6
27.6
27.6
27.7
27.7
27.7
27.7
27.7
27.7
27.8
27.8
27.9
27.9
27.9
27.9
27.9
27.9
27.9
28.0
28.0
28.0
28.1
28.1
28.2
28.2
28.2
28.2
28.2
28.3
28.3
28.4
28.4
28.4
28.4
28.4
28.4
28.4
28.4
28.4
28.4
28.5
28.5
28.5
28.5
28.6
28.6
28.6
28.6
28.6
28.7
28.7
28.7
28.7
28.7
28.8
28.8
28.8
28.8
28.8
28.8
28.8
28.9
28.9
28.9
28.9
28.9
28.9
28.9
29.0
29.1
29.1
29.1
29.1
29.1
29.2
29.3
29.3
29.3
29.3
29.4
29.4
29.4
29.4
29.4
29.5
29.5
29.5
29.5
29.5
29.6
29.6
29.6
29.6
29.6
29.7
29.7
29.7
29.8
29.8
29.8
29.8
29.9
29.9
29.9
30.0
30.0
30.0
30.0
30.1
30.1
30.1
30.1
30.1
30.1
30.2
30.2
30.2
30.3
30.3
30.3
30.3
30.3
30.3
30.3
30.3
30.4
30.4
30.4
30.4
30.4
30.5
30.5
30.5
30.5
30.6
30.6
30.6
30.6
30.6
30.7
30.7
30.7
30.7
30.7
30.7
30.8
30.8
30.8
30.8
30.8
30.9
30.9
30.9
30.9
30.9
31.0
31.0
31.0
31.0
31.1
31.1
31.1
31.1
31.1
31.2
31.2
31.2
31.2
31.3
31.3
31.3
31.4
31.5
31.5
31.5
31.5
31.5
31.6
31.6
31.6
31.6
31.6
31.6
31.6
31.7
31.7
31.7
31.7
31.8
31.9
31.9
31.9
31.9
31.9
31.9
32.0
32.0
32.0
32.1
32.1
32.2
32.2
32.3
32.3
32.3
32.5
32.5
32.5
32.5
32.6
32.6
32.6
32.6
32.6
32.6
32.6
32.6
32.6
32.7
32.7
32.7
32.8
32.8
32.9
32.9
32.9
32.9
32.9
33.0
33.0
33.0
33.1
33.1
33.1
33.2
33.2
33.2
33.2
33.2
33.2
33.3
33.3
33.4
33.4
33.4
33.4
33.5
33.5
33.5
33.5
33.5
33.5
33.6
33.7
33.7
33.7
33.7
33.7
33.8
33.8
33.8
33.8
33.8
33.8
33.8
33.9
33.9
33.9
34.0
34.0
34.0
34.0
34.0
34.0
34.1
34.1
34.1
34.1
34.2
34.2
34.2
34.2
34.3
34.3
34.3
34.3
34.3
34.3
34.3
34.3
34.3
34.3
34.4
34.4
34.4
34.4
34.4
34.4
34.4
34.4
34.4
34.5
34.5
34.5
34.6
34.6
34.6
34.7
34.7
34.7
34.7
34.7
34.7
34.7
34.8
34.8
34.8
34.9
34.9
34.9
34.9
34.9
35.0
35.0
35.1
35.1
35.1
35.1
35.2
35.2
35.2
35.3
35.3
35.3
35.3
35.3
35.4
35.5
35.5
35.5
35.5
35.6
35.6
35.6
35.6
35.7
35.7
35.7
35.7
35.7
35.8
35.8
35.8
35.8
35.8
35.9
35.9
35.9
35.9
35.9
36.0
36.0
36.0
36.0
36.0
36.1
36.1
36.1
36.2
36.2
36.2
36.2
36.3
36.3
36.3
36.3
36.3
36.4
36.5
36.5
36.6
36.6
36.7
36.7
36.7
36.7
36.8
36.8
36.8
36.8
36.8
36.9
36.9
36.9
36.9
37.0
37.0
37.0
37.1
37.1
37.1
37.1
37.2
37.2
37.2
37.2
37.2
37.3
37.3
37.3
37.3
37.3
37.3
37.4
37.4
37.4
37.4
37.4
37.5
37.5
37.6
37.6
37.6
37.6
37.6
37.6
37.6
37.7
37.7
37.7
37.7
37.7
37.7
37.7
37.8
37.8
37.8
37.8
37.9
37.9
37.9
37.9
38.0
38.0
38.0
38.0
38.0
38.0
38.0
38.1
38.1
38.1
38.2
38.2
38.2
38.2
38.2
38.3
38.4
38.4
38.5
38.6
38.6
38.6
38.6
38.6
38.6
38.7
38.7
38.7
38.7
38.7
38.7
38.8
38.8
38.9
38.9
38.9
38.9
38.9
39.0
39.1
39.1
39.1
39.1
39.2
39.2
39.3
39.3
39.3
39.4
39.5
39.5
39.5
39.5
39.5
39.6
39.6
39.6
39.6
39.6
39.6
39.6
39.6
39.8
39.9
39.9
39.9
40.0
40.0
40.0
40.0
40.0
40.0
40.0
40.0
40.0
40.1
40.1
40.1
40.1
40.1
40.1
40.1
40.2
40.2
40.2
40.2
40.2
40.2
40.2
40.3
40.3
40.3
40.3
40.5
40.5
40.5
40.6
40.6
40.6
40.6
40.7
40.8
40.8
40.9
40.9
40.9
40.9
40.9
40.9
41.0
41.0
41.0
41.0
41.0
41.0
41.1
41.1
41.1
41.2
41.2
41.2
41.3
41.3
41.3
41.3
41.4
41.4
41.4
41.4
41.5
41.5
41.5
41.5
41.5
41.6
41.6
41.6
41.6
41.6
41.6
41.7
41.8
41.8
41.8
41.8
41.8
41.9
42.0
42.1
42.1
42.1
42.2
42.2
42.3
42.3
42.3
42.4
42.4
42.4
42.5
42.5
42.5
42.6
42.7
42.7
42.7
42.8
42.8
42.8
42.9
42.9
43.0
43.0
43.0
43.0
43.0
43.2
43.2
43.2
43.2
43.2
43.3
43.3
43.3
43.3
43.3
43.5
43.5
43.7
43.8
43.8
43.8
43.8
43.8
43.8
43.9
44.0
44.0
44.0
44.1
44.1
44.1
44.1
44.1
44.2
44.3
44.4
44.4
44.4
44.5
44.6
44.6
44.6
44.6
44.6
44.6
44.7
44.7
44.8
44.9
44.9
45.0
45.0
45.1
45.1
45.1
45.1
45.1
45.1
45.3
45.3
45.4
45.4
45.4
45.4
45.4
45.4
45.5
45.5
45.6
45.7
45.7
45.8
45.8
45.8
45.9
45.9
45.9
45.9
46.0
46.1
46.1
46.2
46.2
46.2
46.2
46.2
46.3
46.3
46.4
46.5
46.6
46.7
46.8
46.8
46.8
46.9
46.9
47.0
47.0
47.1
47.1
47.1
47.1
47.2
47.2
47.3
47.3
47.3
47.4
47.4
47.4
47.5
47.5
47.7
47.7
47.7
47.8
47.8
47.8
47.8
47.9
47.9
47.9
48.0
48.0
48.1
48.1
48.2
48.2
48.2
48.2
48.3
48.3
48.3
48.3
48.4
48.4
48.4
48.4
48.6
48.7
48.7
48.7
48.8
48.8
48.8
48.8
48.8
48.8
48.8
48.9
48.9
48.9
49.0
49.0
49.0
49.1
49.1
49.1
49.2
49.2
49.3
49.3
49.3
49.3
49.4
49.4
49.5
49.7
49.8
49.8
49.8
49.9
49.9
49.9
49.9
49.9
50.0
50.0
50.0
50.0
50.0
50.1
50.1
50.1
50.3
50.3
50.3
50.3
50.3
50.3
50.4
50.5
50.6
50.6
50.6
50.6
50.6
50.7
50.7
50.7
50.8
50.8
50.9
50.9
51.0
51.1
51.1
51.1
51.1
51.1
51.2
51.2
51.3
51.3
51.4
51.4
51.4
51.4
51.5
51.6
51.6
51.6
51.6
51.8
51.8
51.9
51.9
51.9
51.9
52.0
52.0
52.0
52.0
52.0
52.0
52.1
52.1
52.2
52.2
52.3
52.3
52.4
52.4
52.5
52.5
52.5
52.5
52.6
52.6
52.6
52.6
52.7
52.7
52.8
52.8
52.9
53.0
53.0
53.0
53.1
53.2
53.2
53.2
53.2
53.2
53.3
53.3
53.4
53.4
53.4
53.5
53.5
53.5
53.5
53.6
53.6
53.6
53.7
53.7
53.7
53.7
53.7
53.7
53.8
53.9
53.9
54.0
54.0
54.1
54.1
54.1
54.1
54.1
54.2
54.2
54.4
54.7
54.8
54.8
54.9
54.9
55.0
55.0
55.1
55.2
55.2
55.2
55.4
55.4
55.4
55.4
55.5
55.5
55.5
55.5
55.5
55.5
55.6
55.6
55.7
55.7
55.7
55.8
55.8
55.8
55.9
55.9
55.9
55.9
56.0
56.0
56.1
56.3
56.5
56.5
56.5
56.6
56.6
56.7
56.7
56.7
56.8
56.9
56.9
56.9
56.9
56.9
56.9
56.9
57.0
57.1
57.1
57.1
57.2
57.2
57.2
57.2
57.3
57.4
57.4
57.5
57.6
57.7
57.8
57.9
57.9
57.9
57.9
58.0
58.0
58.0
58.2
58.3
58.3
58.3
58.3
58.4
58.5
58.5
58.5
58.5
58.6
58.6
58.6
58.6
58.7
58.7
58.8
58.9
58.9
59.0
59.0
59.0
59.1
59.2
59.3
59.4
59.5
59.5
59.6
59.7
59.8
59.8
59.9
59.9
60.1
60.1
60.1
60.1
60.2
60.3
60.3
60.3
60.3
60.4
60.4
60.4
60.4
60.4
60.5
60.5
60.7
60.8
60.8
60.9
60.9
60.9
61.0
61.0
61.1
61.2
61.2
61.3
61.3
61.4
61.4
61.5
61.5
61.6
61.6
61.6
61.6
61.7
61.7
61.7
61.8
61.8
61.8
61.9
61.9
61.9
61.9
62.0
62.0
62.1
62.2
62.2
62.2
62.3
62.4
62.4
62.4
62.4
62.4
62.5
62.5
62.6
62.7
62.8
62.8
62.9
62.9
63.0
63.1
63.2
63.2
63.5
63.5
63.5
63.7
63.7
63.7
63.7
63.8
63.8
63.8
63.9
63.9
63.9
63.9
64.1
64.1
64.1
64.2
64.3
64.3
64.4
64.6
64.7
64.8
64.8
64.8
64.9
64.9
64.9
64.9
65.0
65.0
65.0
65.1
65.3
65.3
65.3
65.4
65.6
65.6
65.7
65.8
65.8
65.9
65.9
66.0
66.0
66.1
66.3
66.3
66.3
66.5
66.5
66.5
66.6
66.6
66.6
66.6
66.7
66.9
67.0
67.0
67.0
67.1
67.1
67.2
67.3
67.3
67.3
67.4
67.4
67.4
67.6
67.6
67.7
67.7
67.8
67.8
67.8
67.8
67.9
67.9
68.0
68.0
68.1
68.4
68.4
68.4
68.6
68.7
68.8
68.8
68.8
68.9
69.0
69.1
69.1
69.2
69.2
69.3
69.5
69.5
69.6
69.6
69.7
69.8
69.8
69.8
69.9
70.1
70.2
70.2
70.2
70.3
70.3
70.4
70.4
70.4
70.4
70.5
70.5
70.5
70.6
70.8
70.8
70.8
70.8
70.8
70.9
71.0
71.1
71.1
71.3
71.4
71.5
71.5
71.5
71.6
71.7
71.7
71.9
72.0
72.0
72.1
72.1
72.1
72.2
72.2
72.2
72.4
72.4
72.5
72.7
72.7
72.7
72.8
72.8
73.0
73.0
73.1
73.1
73.1
73.2
73.2
73.4
73.4
73.4
73.5
73.6
74.0
74.1
74.1
74.1
74.1
74.2
74.2
74.4
74.4
74.4
74.6
74.7
74.8
74.8
74.9
74.9
74.9
75.0
75.1
75.1
75.2
75.5
75.5
75.6
75.6
75.7
75.8
75.9
75.9
76.0
76.0
76.0
76.0
76.1
76.1
76.1
76.1
76.2
76.5
76.5
76.6
76.6
76.6
76.6
76.7
76.7
76.8
76.9
77.1
77.1
77.1
77.1
77.2
77.3
77.4
77.4
77.4
77.4
77.4
77.4
77.5
77.7
77.7
77.7
77.9
77.9
77.9
78.0
78.0
78.0
78.1
78.2
78.4
78.4
78.5
78.8
78.9
78.9
79.0
79.0
79.0
79.1
79.2
79.2
79.3
79.4
79.4
79.5
79.8
80.0
80.0
80.1
80.1
80.2
80.3
80.4
80.5
80.6
80.7
80.8
80.8
80.9
80.9
80.9
81.2
81.2
81.6
81.6
81.6
81.6
82.0
82.2
82.3
82.4
82.4
82.4
82.4
82.6
82.6
82.8
83.0
83.0
83.2
83.3
83.4
83.4
83.4
83.5
83.7
83.8
83.8
83.9
83.9
84.0
84.0
84.0
84.0
84.0
84.1
84.1
84.2
84.2
84.2
84.3
84.4
84.5
84.8
85.0
85.0
85.0
85.6
85.7
85.7
86.0
86.1
86.2
86.2
86.2
86.3
86.6
86.6
86.7
86.7
86.8
86.8
86.9
87.0
87.1
87.1
87.2
87.3
87.3
87.3
87.4
87.5
87.6
87.6
87.6
88.0
88.0
88.1
88.3
88.3
88.6
88.8
88.8
89.1
89.1
89.2
89.2
89.4
89.4
89.6
89.7
89.7
89.9
90.0
90.1
90.1
90.2
90.2
90.4
90.6
90.6
90.9
91.1
91.1
91.2
91.5
91.6
91.6
91.7
91.7
91.8
91.8
91.8
91.9
92.0
92.3
92.6
92.6
92.6
93.1
93.1
93.2
93.4
93.7
93.7
93.7
94.0
94.0
94.2
94.3
94.4
94.6
94.6
94.6
94.7
94.7
95.0
95.1
95.3
95.3
95.5
95.5
95.7
95.9
96.0
96.1
96.1
96.3
96.3
96.3
96.3
96.4
96.5
96.5
96.5
96.5
96.7
96.8
96.8
96.9
97.0
97.0
97.1
97.4
97.5
97.7
97.8
97.9
98.0
98.4
98.5
98.5
98.5
98.5
98.6
98.6
98.8
98.8
98.8
98.8
99.0
99.0
99.0
99.1
99.2
99.2
99.2
99.3
99.4
99.4
99.6
99.7
99.7
99.8
99.9
100.0
100.0
100.0
100.2
100.4
100.4
100.5
100.6
100.7
100.8
100.9
101.0
101.0
101.0
101.0
101.1
101.1
101.2
101.3
101.6
101.6
101.7
101.9
101.9
101.9
102.1
102.2
102.2
102.3
102.5
102.5
102.5
102.5
102.6
102.6
102.6
102.9
102.9
103.1
103.2
103.3
103.4
103.4
103.4
103.5
103.6
103.6
103.7
103.7
103.8
103.9
104.0
104.1
104.4
104.6
104.8
104.8
105.0
105.0
105.1
105.2
105.3
105.3
105.3
105.5
105.5
105.5
105.5
105.6
105.6
105.7
105.8
106.0
106.0
106.2
106.2
106.3
106.4
106.7
106.8
106.9
106.9
106.9
107.0
107.2
107.3
107.3
107.4
107.5
107.5
107.6
107.6
107.6
107.8
107.9
108.0
108.0
108.3
108.3
108.5
108.5
108.5
108.6
108.6
108.6
108.6
108.8
108.9
108.9
109.0
109.0
109.1
109.5
109.6
109.8
110.0
110.2
110.3
110.3
110.4
110.5
110.6
110.7
110.7
110.7
110.7
110.9
111.0
111.0
111.2
111.3
111.4
111.5
111.7
111.8
111.9
112.0
112.1
112.5
112.5
112.6
113.0
113.2
113.6
113.7
113.7
114.1
114.1
114.5
114.5
114.6
114.7
114.8
114.9
114.9
114.9
115.1
115.2
115.3
115.4
115.4
115.6
115.7
116.0
116.0
116.0
116.2
116.3
116.6
116.7
116.8
116.9
117.0
117.1
117.2
117.2
117.2
117.7
117.9
118.0
118.0
118.1
118.3
118.3
119.2
119.4
119.4
119.5
119.6
119.7
119.8
120.4
120.4
120.5
120.5
120.6
120.6
120.7
121.0
121.1
121.4
121.5
121.5
121.6
121.6
121.7
122.0
122.1
122.5
122.6
122.6
122.6
122.7
123.1
123.4
123.4
123.6
123.6
123.6
123.9
123.9
124.1
124.1
124.3
124.3
124.4
124.5
124.5
125.0
125.1
125.1
125.2
125.3
125.3
125.3
125.5
125.5
125.5
125.8
126.0
126.2
126.2
126.3
126.4
126.4
126.7
126.8
126.8
126.9
127.0
127.0
127.4
127.6
127.7
127.7
127.7
127.9
128.2
128.2
128.3
128.7
128.8
128.8
129.1
129.2
129.3
129.3
129.4
129.5
129.5
129.6
129.7
130.1
130.2
130.2
130.4
130.5
130.7
130.8
131.0
131.0
131.7
132.0
132.3
132.4
132.6
132.6
132.7
132.8
133.1
133.5
133.5
133.5
133.5
133.6
133.6
133.6
133.7
133.8
133.8
133.8
134.0
134.2
134.3
134.4
134.6
134.6
135.1
135.2
135.2
135.4
135.4
135.5
135.7
135.8
136.0
136.1
136.3
136.3
136.3
136.4
136.4
136.5
136.5
136.5
136.9
137.0
137.1
137.3
137.4
137.4
137.5
137.7
137.7
137.8
137.8
137.9
137.9
138.2
138.3
138.5
138.8
139.1
139.2
139.3
139.5
139.5
139.7
139.9
140.0
140.0
140.2
140.4
140.5
140.6
140.9
141.0
141.1
141.1
141.4
141.4
141.6
141.8
141.8
142.1
142.3
142.6
142.7
142.7
142.9
143.0
143.1
143.2
143.4
143.7
143.9
144.1
144.3
144.5
144.6
144.7
144.8
144.8
145.0
145.1
145.4
145.9
146.0
146.1
146.1
146.2
146.4
146.7
147.2
147.9
148.0
148.2
148.4
148.5
149.0
149.4
149.4
149.6
150.2
150.5
150.8
151.1
151.1
151.1
151.1
151.1
151.1
151.5
151.6
151.7
151.7
151.8
151.8
151.8
151.9
152.0
152.1
152.2
152.3
152.3
152.7
152.9
152.9
152.9
152.9
153.1
153.2
153.2
153.3
153.4
153.5
153.8
153.8
154.0
154.0
154.3
154.3
154.4
154.4
154.5
154.9
155.0
155.1
155.3
155.3
155.4
155.4
155.5
155.6
155.8
156.0
156.1
156.7
157.4
157.4
157.6
158.4
158.5
158.6
158.9
159.0
159.2
159.3
159.3
159.3
159.4
159.5
159.6
159.8
160.0
160.2
160.3
160.3
160.3
160.4
160.6
160.7
161.0
161.2
161.5
161.7
162.1
162.3
162.4
162.4
162.5
162.5
162.8
162.9
163.0
163.3
163.6
163.6
163.7
163.7
163.8
163.9
164.0
164.0
164.0
164.1
164.2
164.3
164.5
164.5
164.6
164.8
164.8
165.0
165.1
165.1
165.1
165.4
165.5
165.5
165.5
165.6
165.8
166.0
166.0
166.1
166.4
166.5
167.2
167.7
167.8
168.1
168.2
168.3
168.5
168.7
168.8
168.8
168.8
168.9
169.0
169.0
169.0
169.5
169.5
169.7
169.8
170.1
170.4
170.4
170.5
170.5
170.6
170.8
171.1
171.2
171.3
171.5
171.6
171.6
171.7
171.8
171.9
172.0
172.8
172.9
173.0
173.1
173.4
173.6
173.6
173.7
173.9
174.0
174.2
174.2
174.2
174.3
174.3
174.4
174.5
174.7
174.8
174.9
175.1
175.2
175.5
175.5
175.7
175.8
175.8
176.5
176.5
176.5
176.6
176.8
176.9
177.8
177.9
177.9
177.9
178.0
178.2
178.3
178.6
178.7
178.7
178.7
179.1
179.5
179.6
179.9
180.2
180.3
180.4
181.5
181.5
181.7
181.7
181.9
182.2
182.3
182.4
182.5
182.6
183.6
183.7
183.9
184.0
184.1
184.3
184.3
184.8
185.2
185.7
185.8
185.9
186.0
186.0
186.1
186.6
186.6
186.7
186.7
186.9
186.9
187.0
187.0
187.0
187.1
187.1
187.4
187.8
187.9
187.9
188.0
188.1
188.4
188.7
188.8
189.1
189.1
189.6
189.6
189.9
190.1
190.3
190.8
190.8
190.9
190.9
191.1
191.2
191.5
191.7
191.7
191.9
191.9
192.1
192.2
192.3
192.4
192.5
192.9
193.0
193.0
193.2
193.4
193.5
193.6
194.5
194.6
194.7
195.4
195.5
196.1
196.3
196.4
197.0
197.3
197.3
197.4
197.4
197.8
198.1
198.2
198.2
198.6
198.7
199.0
199.0
199.2
199.2
199.4
199.8
200.1
200.2
200.3
200.8
200.9
201.1
201.3
201.5
201.5
201.6
202.0
202.4
202.5
202.6
202.9
203.0
203.0
203.0
203.1
203.2
203.3
203.3
203.4
204.0
204.4
204.7
204.7
204.7
205.0
205.0
205.1
205.2
205.4
206.0
206.3
206.4
206.6
206.7
207.4
207.6
207.7
207.7
208.0
208.1
208.5
208.7
208.7
209.0
209.1
209.1
209.6
209.6
209.8
209.9
209.9
210.0
210.0
210.1
210.3
210.5
210.5
210.6
210.7
211.1
211.2
211.5
211.5
211.7
211.7
211.9
211.9
212.0
212.2
212.3
212.9
213.0
213.4
213.4
213.5
213.6
213.6
214.0
214.5
214.5
215.0
215.0
215.3
215.5
215.9
216.1
216.4
216.5
216.8
217.0
217.7
217.8
218.4
218.6
218.8
218.8
218.9
219.2
219.4
219.4
219.5
219.7
219.9
220.0
220.0
220.2
220.2
220.8
220.9
221.0
221.1
221.1
221.3
221.4
221.9
221.9
222.2
222.3
222.4
222.7
223.2
223.4
224.2
224.4
224.5
224.7
224.8
225.3
225.4
225.5
225.6
225.7
225.9
226.2
226.4
226.4
226.4
226.6
226.6
226.7
226.9
227.1
227.4
227.5
227.6
227.6
228.0
228.4
228.6
228.9
229.0
229.1
229.2
229.3
229.6
230.0
230.2
230.4
230.6
230.8
230.9
230.9
230.9
230.9
231.8
232.0
232.1
232.1
232.4
233.1
233.1
233.1
233.6
233.7
233.8
233.9
233.9
234.5
234.8
234.8
234.8
234.9
236.2
236.3
236.6
236.7
236.9
237.6
237.7
237.8
237.9
238.5
238.7
239.7
240.1
240.1
240.8
241.1
241.4
241.4
241.6
241.7
241.8
242.2
242.9
243.1
243.3
243.4
243.5
243.5
243.5
243.9
244.5
244.5
244.6
245.1
245.5
245.6
245.7
245.9
246.0
246.0
246.1
246.1
246.3
246.4
246.4
246.5
246.6
246.8
247.5
248.2
248.2
248.8
248.8
248.9
249.5
249.6
249.7
249.9
249.9
250.2
250.3
250.4
250.6
250.6
250.9
251.4
251.4
251.4
251.7
251.8
251.8
252.1
252.3
252.6
252.9
253.5
253.7
254.2
254.2
254.4
254.6
254.7
254.9
255.4
255.7
256.1
256.5
256.9
257.1
257.6
257.6
257.8
257.8
258.0
258.3
258.4
258.7
258.7
259.3
259.3
259.3
259.6
259.7
259.9
260.2
260.6
261.1
261.5
261.7
261.8
261.9
262.4
262.6
263.3
263.4
263.5
263.5
263.6
263.7
263.9
264.0
264.0
264.0
264.1
264.2
264.3
264.4
264.6
264.7
264.7
264.8
264.9
265.6
265.8
266.3
266.4
266.6
266.6
266.9
267.3
267.6
267.6
267.8
268.2
268.3
268.4
269.0
269.4
270.0
270.0
270.0
270.1
271.1
271.2
271.2
271.5
271.6
271.7
271.7
272.1
272.2
272.4
272.5
272.9
273.4
273.5
273.5
273.7
274.0
274.3
274.4
274.5
274.9
274.9
275.2
275.3
275.6
275.8
275.8
276.0
276.1
276.2
276.7
277.0
277.1
277.6
277.6
278.1
278.1
278.2
278.4
278.4
278.8
278.9
278.9
279.1
279.5
279.5
279.6
279.7
279.8
279.9
280.0
280.3
280.6
280.6
280.8
281.1
281.1
281.3
281.5
281.6
281.9
282.0
282.6
282.6
282.8
282.9
283.1
284.5
284.6
284.7
284.9
284.9
285.0
285.7
286.0
286.4
286.7
286.8
286.8
287.2
287.3
288.1
288.1
288.4
289.5
289.6
289.8
290.0
290.1
290.3
290.8
290.9
290.9
291.2
291.3
291.7
291.9
292.3
293.4
293.5
293.8
293.9
294.0
294.3
294.4
295.1
295.2
295.6
295.8
296.1
296.7
296.7
296.9
297.1
297.2
297.5
297.9
298.0
298.4
299.4
299.6
299.7
299.7
299.8
300.8
301.3
301.8
302.3
302.6
302.6
302.7
302.8
302.9
303.2
303.3
303.6
303.6
304.2
304.2
304.2
304.7
304.8
305.2
305.5
305.8
306.1
306.5
306.8
307.3
307.4
307.4
307.7
307.7
307.8
307.8
308.0
308.1
308.2
308.3
308.4
308.4
308.5
308.5
309.0
309.0
309.2
309.5
309.9
310.3
311.1
311.3
311.3
311.5
311.7
312.2
312.4
313.0
313.1
313.4
313.5
313.6
313.7
313.7
314.3
314.3
314.4
314.4
314.7
315.4
315.6
315.6
315.9
316.1
316.2
316.3
316.4
316.6
316.8
317.1
317.5
318.1
318.5
318.6
319.1
319.3
319.3
319.5
319.5
319.5
319.6
319.8
319.8
320.1
320.3
320.5
320.8
320.9
321.1
321.6
322.0
322.5
322.5
322.9
322.9
323.1
323.4
323.5
323.6
323.6
324.1
324.1
324.2
324.4
324.9
325.3
325.4
325.4
325.5
326.0
326.1
326.6
326.7
327.4
327.4
327.6
327.7
327.7
327.7
327.8
328.1
328.4
328.5
328.8
329.1
329.2
329.3
329.4
329.4
329.5
329.6
329.6
330.1
330.1
330.4
330.7
330.8
331.1
331.3
331.6
331.7
331.7
332.2
332.5
332.6
333.6
333.7
334.0
334.1
334.1
334.1
334.1
334.6
335.4
335.5
335.6
335.9
336.5
336.6
336.7
336.8
336.8
336.9
337.3
338.1
338.4
338.4
338.9
338.9
338.9
339.0
339.0
339.1
339.1
339.2
339.3
339.5
339.6
339.6
340.2
340.3
340.3
340.5
340.7
341.0
341.0
341.2
341.4
341.6
341.6
342.0
342.1
342.2
342.4
342.5
342.9
343.3
343.4
343.5
344.0
344.0
344.1
344.5
344.7
344.9
345.3
345.4
345.9
346.0
346.2
346.3
346.6
346.7
346.7
347.0
347.0
347.3
347.5
347.6
347.7
347.9
348.3
348.4
348.5
348.6
348.7
349.4
349.7
349.9
349.9
350.3
350.4
350.8
351.1
351.2
351.6
351.6
351.7
351.8
351.9
352.1
352.8
353.0
353.1
353.5
353.5
353.7
353.7
353.8
354.1
354.2
354.4
354.5
354.6
354.7
355.2
355.4
355.7
355.8
355.8
355.9
356.2
356.6
356.9
356.9
356.9
357.0
357.0
357.1
357.1
357.3
357.6
358.4
358.9
359.2
359.3
359.5
359.6
359.7
359.8
360.1
360.2
360.2
360.3
360.4
360.9
361.0
361.1
361.4
361.6
362.4
362.5
362.5
362.6
362.8
362.9
363.1
363.2
363.3
363.3
364.3
364.4
364.6
364.9
365.0
365.0
365.3
365.4
365.8
365.9
366.2
366.3
366.4
366.4
366.5
366.7
366.7
366.9
367.1
367.1
367.3
367.7
367.9
368.2
368.3
368.4
368.4
368.6
368.7
369.0
369.8
369.9
370.1
370.5
370.6
370.8
371.1
371.3
371.3
371.4
371.6
371.9
372.3
372.6
372.8
372.9
372.9
373.0
373.2
373.2
373.3
373.5
373.8
374.0
374.1
374.3
374.4
374.7
375.1
375.1
375.2
375.5
376.0
376.1
376.1
376.5
376.7
377.1
377.3
378.1
378.4
378.5
378.7
379.1
379.3
379.3
379.5
379.7
380.0
380.0
380.1
380.2
380.3
380.4
380.8
380.8
380.8
380.8
381.2
381.2
381.3
381.6
381.8
382.4
382.6
382.9
382.9
383.2
383.3
383.7
383.8
383.8
384.0
384.3
384.3
384.4
384.4
384.8
384.9
385.0
385.0
385.1
385.2
385.2
385.2
385.9
385.9
386.0
386.0
386.0
386.0
386.1
386.1
386.1
386.3
386.5
386.5
386.8
387.1
388.6
388.8
388.9
389.4
389.5
389.7
389.8
390.0
390.0
390.3
390.5
390.5
390.7
390.8
390.8
390.9
391.2
391.5
391.6
391.9
391.9
392.1
392.2
392.3
392.3
392.4
392.8
392.9
393.2
393.3
393.6
393.7
393.8
393.8
393.8
394.0
394.4
394.5
394.6
395.2
395.4
395.4
395.5
396.6
396.6
396.7
396.8
396.8
396.9
397.0
397.3
397.6
397.7
397.7
397.7
397.8
398.5
398.7
398.9
398.9
399.1
399.1
399.1
399.2
399.8
399.9
399.9
400.0
400.2
400.7
401.1
401.3
402.5
402.8
403.2
403.4
403.5
403.6
403.8
403.8
404.0
404.3
404.4
404.5
404.7
404.9
405.7
406.0
406.0
406.0
406.1
406.2
406.6
406.7
406.8
406.9
407.1
407.4
407.5
407.6
407.8
408.1
408.2
408.3
408.3
408.4
408.4
408.4
408.7
409.0
409.4
410.0
410.1
410.5
410.6
410.8
411.0
411.1
411.5
411.9
411.9
412.3
412.3
412.6
412.7
412.7
412.9
413.2
413.3
413.4
413.5
413.5
413.7
413.9
413.9
414.3
414.4
414.8
415.4
415.6
415.8
416.5
416.6
417.0
417.5
417.5
417.5
417.6
417.8
417.9
418.1
418.2
418.4
418.7
418.9
419.1
419.3
419.7
420.2
420.4
420.5
420.9
421.3
421.6
421.7
421.8
421.9
422.0
422.3
422.5
422.5
422.7
422.8
422.9
423.0
423.1
423.2
423.4
423.5
423.6
424.1
424.1
424.2
424.2
424.2
424.3
424.8
425.2
425.2
425.2
425.3
425.5
425.6
425.8
425.9
425.9
426.0
426.1
426.4
426.7
426.8
427.0
427.3
427.4
427.8
428.4
428.5
428.9
429.1
429.5
429.6
429.7
429.9
430.1
430.3
430.5
430.7
430.8
431.0
431.2
431.4
431.4
431.8
432.2
432.7
433.2
433.2
433.5
433.6
433.9
433.9
434.1
434.2
434.4
434.8
435.5
435.6
435.6
436.4
436.5
436.7
436.8
437.6
437.9
438.1
438.5
439.1
439.2
439.2
439.6
439.9
440.0
440.0
440.1
440.5
440.5
440.6
440.9
441.2
441.5
441.5
441.7
442.4
442.4
442.6
442.8
443.1
443.2
443.4
443.5
443.8
444.4
444.5
445.3
445.3
445.7
445.7
446.3
446.5
446.9
447.1
447.2
447.4
447.6
447.9
448.0
448.1
448.1
448.1
448.3
448.3
448.5
449.0
449.0
449.0
449.1
449.5
449.5
449.7
449.7
449.7
449.9
450.4
450.5
450.5
450.7
451.0
451.3
451.5
451.7
452.0
452.2
452.3
452.5
452.7
452.9
453.0
453.1
453.4
453.7
453.7
453.7
453.9
454.0
454.2
454.3
454.6
454.6
454.7
454.9
455.1
455.4
455.6
455.6
455.8
455.9
455.9
456.0
456.4
456.4
456.6
456.9
457.1
457.2
457.6
457.8
458.0
458.0
458.0
458.5
458.7
458.7
459.0
459.0
459.1
459.1
459.4
459.6
459.8
459.9
460.0
460.7
461.2
461.4
461.4
461.5
461.7
462.0
462.2
462.2
462.2
462.3
462.3
462.6
462.7
462.7
462.8
463.2
463.3
463.6
463.7
463.9
464.2
464.4
464.8
465.1
465.6
465.6
466.2
466.3
466.6
466.7
467.0
467.1
467.6
467.7
468.1
468.4
468.5
468.6
468.8
469.2
469.4
469.4
469.4
469.7
470.4
470.4
470.6
470.8
470.9
470.9
471.0
471.0
471.0
471.1
471.1
471.2
471.4
471.5
471.6
472.3
472.6
472.7
473.2
473.3
473.6
474.0
474.1
474.7
474.9
475.3
475.8
476.4
477.0
477.2
477.3
477.4
477.5
477.5
477.6
478.3
478.4
478.5
479.0
479.2
479.7
479.7
480.0
480.1
480.1
480.1
480.2
480.3
480.4
480.5
480.8
480.9
481.0
481.1
481.3
481.4
481.7
481.8
482.3
482.4
482.5
482.8
482.9
483.0
483.5
483.5
483.5
484.1
484.3
484.5
485.1
485.7
485.7
486.5
486.9
487.1
487.3
487.7
488.0
488.0
488.3
488.4
488.5
488.7
488.9
489.8
489.9
490.0
490.0
490.3
490.4
490.6
490.8
491.0
491.2
491.5
491.7
492.4
492.8
493.3
493.4
493.8
494.2
494.4
494.6
494.6
495.1
496.2
496.7
497.0
497.3
497.5
497.5
497.9
498.0
498.0
498.2
498.2
498.4
498.7
498.7
498.8
498.8
499.3
500.0
500.3
500.3
500.3
500.4
500.4
500.4
500.4
500.4
500.4
500.4
500.5
500.5
500.5
500.5
500.5
500.5
500.5
500.5
500.5
500.5
500.5
500.5
500.5
500.5
500.5
500.5
500.5
500.5
500.5
500.5
500.5
500.5
500.5
500.5
500.5
500.5
500.5
500.5
500.5
500.5
500.5
500.5
500.5
500.5
500.5
500.5
500.5
500.5
500.5
500.5
500.5
500.5
500.5
500.5
500.5
500.5
500.6
500.6
500.6
500.6
500.6
500.6
500.6
500.6
500.6
500.6
500.6
500.6
500.6
500.6
500.6
500.6
500.6
500.6
500.6
500.6
500.6
500.6
500.6
500.6
500.6
500.6
500.6
500.6
500.6
500.6
500.6
500.6
500.6
500.6
500.6
500.6
500.6
500.6
500.6
500.6
500.6
500.6
500.6
500.6
500.6
500.6
500.6
500.6
500.6
500.6
500.6
500.6
500.6
500.6
500.6
500.6
500.6
500.6
500.6
500.6
500.6
500.6
500.6
500.6
500.6
500.6
500.6
500.6
500.6
500.6
500.6
500.6
500.6
500.6
500.6
500.6
500.6
500.6
500.6
500.6
500.6
500.6
500.6
500.6
500.6
500.6
500.6
500.6
500.6
500.6
500.6
500.6
500.6
500.6
500.6
500.6
500.6
500.6
500.6
500.6
500.6
500.6
500.6
500.6
500.6
500.7
500.7
500.7
500.7
500.7
500.7
500.7
500.7
500.7
500.7
500.7
500.7
500.7
500.7
500.7
500.7
500.7
500.7
500.7
500.7
500.7
500.7
500.7
500.7
500.7
500.7
500.7
500.7
500.7
500.7
500.7
500.7
500.7
500.7
500.7
500.7
500.7
500.7
500.7
500.7
500.7
500.7
500.7
500.7
500.7
500.7
500.7
500.7
500.7
500.7
500.7
500.7
500.7
500.7
500.7
500.7
500.7
500.7
500.7
500.7
500.7
500.7
500.7
500.7
500.7
500.7
500.7
500.7
500.7
500.7
500.7
500.7
500.7
500.7
500.7
500.7
500.7
500.7
500.7
500.7
500.7
500.7
500.7
500.7
500.7
500.7
500.7
500.7
500.7
500.7
500.7
500.7
500.7
500.7
500.7
500.7
500.7
500.7
500.7
500.7
500.7
500.7
500.7
500.7
500.7
500.7
500.7
500.7
500.7
500.7
500.7
500.7
500.7
500.7
500.7
500.7
500.7
500.7
500.7
500.7
500.7
500.7
500.7
500.7
500.7
500.7
500.7
500.7
500.7
500.7
500.7
500.7
500.7
500.7
500.7
500.7
500.7
500.7
500.7
500.7
500.7
500.7
500.7
500.7
500.7
500.7
500.7
500.7
500.7
500.7
500.7
500.7
500.7
500.7
500.7
500.7
500.7
500.7
500.7
500.7
500.7
500.7
500.7
500.7
500.7
500.7
500.7
500.7
500.7
500.7
500.7
500.7
500.7
500.7
500.7
500.7
500.7
500.7
500.7
500.7
500.7
500.7
500.7
500.7
500.7
500.7
500.7
500.7
500.7
500.7
500.7
500.7
500.7
500.7
500.7
500.7
500.7
500.7
500.7
500.7
500.7
500.7
500.7
500.7
500.7
500.7
500.7
500.7
500.7
500.7
500.7
500.7
500.7
500.7
500.7
500.7
500.7
500.7
500.7
500.7
500.7
500.7
500.7
500.7
500.7
500.7
500.7
500.7
500.7
500.7
500.7
500.7
500.7
500.7
500.7
500.7
500.7
500.7
500.7
500.7
500.7
500.7
500.7
500.7
500.7
500.7
500.7
500.7
500.7
500.7
500.7
500.7
500.7
500.7
500.7
500.7
500.7
500.8
500.8
500.8
500.8
500.8
500.8
500.8
500.8
500.8
500.8
500.8
500.8
500.8
500.8
500.8
500.8
500.8
500.8
500.8
500.8
500.8
500.8
500.8
500.8
500.8
500.8
500.8
500.8
500.8
500.8
500.8
500.8
500.8
500.8
500.8
500.8
500.8
500.8
500.8
500.8
500.8
500.8
500.8
500.8
500.8
500.8
500.8
500.8
500.8
500.8
500.8
500.8
500.8
500.8
500.8
500.8
500.8
500.8
500.8
500.8
500.8
500.8
500.8
500.8
500.8
500.8
500.8
500.8
500.8
500.8
500.8
500.8
500.8
500.8
500.8
500.8
500.8
500.8
500.8
500.8
500.8
500.8
500.8
500.8
500.8
500.8
500.8
500.8
500.8
500.8
500.8
500.8
500.8
500.8
500.8
500.8
500.8
500.8
500.8
500.8
500.8
500.8
500.8
500.8
500.8
500.8
500.8
500.8
500.8
500.8
500.8
500.8
500.8
500.8
500.8
500.8
500.8
500.8
500.8
500.8
500.8
500.8
500.8
500.8
500.8
500.8
500.8
500.8
500.8
500.8
500.8
500.8
500.8
500.8
500.8
500.8
500.8
500.8
500.8
500.8
500.8
500.8
500.8
500.8
500.8
500.8
500.8
500.8
500.8
500.8
500.8
500.8
500.8
500.8
500.8
500.8
500.8
500.8
500.8
500.8
500.8
500.8
500.8
500.8
500.8
500.8
500.8
500.8
500.8
500.8
500.8
500.8
500.8
500.8
500.8
500.8
500.8
500.8
500.8
500.8
500.8
500.8
500.8
500.8
500.8
500.8
500.8
500.8
500.8
500.8
500.8
500.8
500.8
500.8
500.8
500.8
500.8
500.8
500.8
500.8
500.8
500.8
500.8
500.8
500.8
500.8
500.8
500.8
500.8
500.8
500.8
500.8
500.8
500.8
500.8
500.8
500.8
500.8
500.8
500.8
500.8
500.8
500.8
500.8
500.8
500.8
500.8
500.8
500.8
500.8
500.8
500.8
500.8
500.8
500.8
500.8
500.8
500.8
500.8
500.8
500.8
500.8
500.8
500.8
500.8
500.8
500.8
500.8
500.8
500.8
500.8
500.8
500.8
500.8
500.8
500.8
500.8
500.8
500.8
500.8
500.8
500.8
500.8
500.8
500.8
500.8
500.8
500.8
500.8
500.8
500.8
500.8
500.8
500.8
500.8
500.8
500.8
500.8
500.8
500.8
500.8
500.8
500.8
500.8
500.8
500.8
500.8
500.8
500.8
500.8
500.8
500.8
500.8
500.8
500.8
500.8
500.8
500.8
500.8
500.8
500.8
500.8
500.8
500.8
500.8
500.8
500.8
500.8
500.8
500.8
500.8
500.8
500.8
500.8
500.8
500.8
500.8
500.8
500.8
500.8
500.8
500.8
500.8
500.8
500.8
500.8
500.8
500.8
500.8
500.8
500.8
500.8
500.8
500.8
500.8
500.8
500.8
500.8
500.8
500.8
500.8
500.8
500.8
500.8
500.8
500.8
500.8
500.8
500.8
500.8
500.8
500.8
500.8
500.8
500.8
500.8
500.8
500.8
500.8
500.8
500.8
500.8
500.8
500.8
500.8
500.8
500.8
500.8
500.8
500.8
500.8
500.8
500.8
500.8
500.8
500.8
500.8
500.8
500.8
500.8
500.8
500.8
500.8
500.8
500.8
500.8
500.8
500.8
500.8
500.8
500.8
500.8
500.8
500.8
500.8
500.8
500.8
500.8
500.8
500.8
500.8
500.8
500.8
500.8
500.8
500.8
500.8
500.8
500.8
500.8
500.8
500.8
500.8
500.8
500.8
500.8
500.8
500.8
500.8
500.8
500.8
500.8
500.8
500.8
500.8
500.8
500.8
500.8
500.8
500.8
500.8
500.8
500.8
500.8
500.8
500.8
500.8
500.8
500.8
500.8
500.8
500.8
500.8
500.8
500.8
500.8
500.8
500.8
500.8
500.8
500.8
500.9
500.9
500.9
500.9
500.9
500.9
500.9
500.9
500.9
500.9
500.9
500.9
500.9
500.9
500.9
500.9
500.9
500.9
500.9
500.9
500.9
500.9
500.9
500.9
500.9
500.9
500.9
500.9
500.9
500.9
500.9
500.9
500.9
500.9
500.9
500.9
500.9
500.9
500.9
500.9
500.9
500.9
500.9
500.9
500.9
500.9
500.9
500.9
500.9
500.9
500.9
500.9
500.9
500.9
500.9
500.9
500.9
500.9
500.9
500.9
500.9
500.9
500.9
500.9
500.9
500.9
500.9
500.9
500.9
500.9
500.9
500.9
500.9
500.9
500.9
500.9
500.9
500.9
500.9
500.9
500.9
500.9
500.9
500.9
500.9
500.9
500.9
500.9
500.9
500.9
500.9
500.9
500.9
500.9
500.9
500.9
500.9
500.9
500.9
500.9
500.9
500.9
500.9
500.9
500.9
500.9
500.9
500.9
500.9
500.9
500.9
500.9
500.9
500.9
500.9
500.9
500.9
500.9
500.9
500.9
500.9
500.9
500.9
500.9
500.9
500.9
500.9
500.9
500.9
500.9
500.9
500.9
500.9
500.9
500.9
500.9
500.9
500.9
500.9
500.9
500.9
500.9
500.9
500.9
500.9
500.9
500.9
500.9
500.9
500.9
500.9
500.9
500.9
500.9
500.9
500.9
500.9
500.9
500.9
500.9
500.9
500.9
500.9
500.9
500.9
500.9
500.9
500.9
500.9
500.9
500.9
500.9
500.9
500.9
500.9
500.9
500.9
500.9
500.9
500.9
500.9
500.9
500.9
500.9
500.9
500.9
500.9
500.9
500.9
500.9
500.9
500.9
500.9
500.9
500.9
500.9
500.9
500.9
500.9
500.9
500.9
500.9
500.9
500.9
500.9
500.9
500.9
500.9
500.9
500.9
500.9
500.9
500.9
500.9
500.9
500.9
500.9
500.9
500.9
500.9
500.9
500.9
500.9
500.9
500.9
500.9
500.9
500.9
500.9
500.9
500.9
500.9
500.9
500.9
500.9
500.9
500.9
500.9
500.9
500.9
500.9
500.9
500.9
500.9
500.9
500.9
500.9
500.9
500.9
500.9
500.9
500.9
500.9
500.9
500.9
500.9
500.9
500.9
500.9
500.9
500.9
500.9
500.9
500.9
500.9
500.9
500.9
500.9
500.9
500.9
500.9
500.9
500.9
500.9
500.9
500.9
500.9
500.9
500.9
500.9
500.9
500.9
500.9
500.9
500.9
500.9
500.9
500.9
500.9
500.9
500.9
500.9
500.9
500.9
500.9
500.9
500.9
500.9
500.9
500.9
500.9
500.9
500.9
500.9
500.9
500.9
500.9
500.9
500.9
500.9
500.9
500.9
500.9
500.9
500.9
500.9
500.9
500.9
500.9
500.9
500.9
500.9
500.9
500.9
500.9
500.9
500.9
500.9
500.9
500.9
500.9
500.9
500.9
500.9
500.9
500.9
500.9
500.9
500.9
500.9
500.9
500.9
500.9
500.9
500.9
500.9
500.9
500.9
500.9
500.9
500.9
500.9
500.9
500.9
500.9
500.9
500.9
500.9
500.9
500.9
500.9
500.9
500.9
500.9
500.9
500.9
500.9
500.9
500.9
500.9
500.9
500.9
500.9
500.9
500.9
500.9
500.9
500.9
500.9
500.9
500.9
500.9
500.9
500.9
500.9
500.9
500.9
500.9
500.9
500.9
500.9
500.9
500.9
500.9
500.9
500.9
500.9
500.9
500.9
500.9
500.9
500.9
500.9
500.9
500.9
500.9
500.9
500.9
500.9
500.9
500.9
500.9
500.9
500.9
500.9
500.9
500.9
500.9
500.9
500.9
500.9
500.9
500.9
500.9
500.9
500.9
500.9
500.9
500.9
500.9
500.9
500.9
500.9
500.9
500.9
500.9
500.9
500.9
500.9
500.9
500.9
500.9
500.9
500.9
500.9
500.9
500.9
500.9
500.9
500.9
500.9
500.9
500.9
500.9
500.9
500.9
500.9
500.9
500.9
500.9
500.9
500.9
500.9
500.9
500.9
500.9
500.9
500.9
500.9
500.9
500.9
500.9
500.9
500.9
500.9
500.9
500.9
500.9
500.9
500.9
500.9
500.9
500.9
500.9
500.9
500.9
500.9
500.9
500.9
500.9
500.9
500.9
500.9
500.9
500.9
500.9
500.9
500.9
500.9
500.9
500.9
500.9
500.9
500.9
500.9
500.9
500.9
500.9
500.9
500.9
500.9
500.9
500.9
500.9
500.9
500.9
500.9
500.9
500.9
500.9
500.9
500.9
500.9
500.9
500.9
500.9
500.9
500.9
500.9
500.9
500.9
500.9
500.9
500.9
500.9
500.9
500.9
500.9
500.9
500.9
500.9
500.9
500.9
500.9
500.9
500.9
500.9
500.9
500.9
500.9
500.9
500.9
500.9
500.9
500.9
500.9
500.9
500.9
500.9
500.9
500.9
500.9
500.9
500.9
500.9
500.9
500.9
500.9
500.9
500.9
500.9
500.9
500.9
500.9
500.9
500.9
500.9
500.9
500.9
500.9
500.9
500.9
500.9
500.9
500.9
500.9
500.9
500.9
500.9
500.9
500.9
500.9
500.9
500.9
500.9
500.9
500.9
500.9
500.9
500.9
500.9
500.9
500.9
500.9
500.9
500.9
500.9
500.9
500.9
500.9
500.9
500.9
500.9
500.9
500.9
500.9
500.9
500.9
500.9
500.9
500.9
500.9
500.9
500.9
500.9
500.9
500.9
500.9
500.9
500.9
500.9
500.9
500.9
500.9
500.9
500.9
500.9
500.9
500.9
500.9
500.9
500.9
500.9
500.9
500.9
500.9
500.9
500.9
500.9
500.9
500.9
500.9
500.9
500.9
500.9
500.9
500.9
500.9
500.9
500.9
500.9
500.9
500.9
500.9
500.9
500.9
500.9
500.9
500.9
500.9
500.9
500.9
500.9
500.9
500.9
501.0
501.0
501.0
501.0
501.0
501.0
501.0
501.0
501.0
501.0
501.0
501.0
501.0
501.0
501.0
501.0
501.0
501.0
501.0
501.0
501.0
501.0
501.0
501.0
501.0
501.0
501.0
501.0
501.0
501.0
501.0
501.0
501.0
501.0
501.0
501.0
501.0
501.0
501.0
501.0
501.0
501.0
501.0
501.0
501.0
501.0
501.0
501.0
501.0
501.0
501.0
501.0
501.0
501.0
501.0
501.0
501.0
501.0
501.0
501.0
501.0
501.0
501.0
501.0
501.0
501.0
501.0
501.0
501.0
501.0
501.0
501.0
501.0
501.0
501.0
501.0
501.0
501.0
501.0
501.0
501.0
501.0
501.0
501.0
501.0
501.0
501.0
501.0
501.0
501.0
501.0
501.0
501.0
501.0
501.0
501.0
501.0
501.0
501.0
501.0
501.0
501.0
501.0
501.0
501.0
501.0
501.0
501.0
501.0
501.0
501.0
501.0
501.0
501.0
501.0
501.0
501.0
501.0
501.0
501.0
501.0
501.0
501.0
501.0
501.0
501.0
501.0
501.0
501.0
501.0
501.0
501.0
501.0
501.0
501.0
501.0
501.0
501.0
501.0
501.0
501.0
501.0
501.0
501.0
501.0
501.0
501.0
501.0
501.0
501.0
501.0
501.0
501.0
501.0
501.0
501.0
501.0
501.0
501.0
501.0
501.0
501.0
501.0
501.0
501.0
501.0
501.0
501.0
501.0
501.0
501.0
501.0
501.0
501.0
501.0
501.0
501.0
501.0
501.0
501.0
501.0
501.0
501.0
501.0
501.0
501.0
501.0
501.0
501.0
501.0
501.0
501.0
501.0
501.0
501.0
501.0
501.0
501.0
501.0
501.0
501.0
501.0
501.0
501.0
501.0
501.0
501.0
501.0
501.0
501.0
501.0
501.0
501.0
501.0
501.0
501.0
501.0
501.0
501.0
501.0
501.0
501.0
501.0
501.0
501.0
501.0
501.0
501.0
501.0
501.0
501.0
501.0
501.0
501.0
501.0
501.0
501.0
501.0
501.0
501.0
501.0
501.0
501.0
501.0
501.0
501.0
501.0
501.0
501.0
501.0
501.0
501.0
501.0
501.0
501.0
501.0
501.0
501.0
501.0
501.0
501.0
501.0
501.0
501.0
501.0
501.0
501.0
501.0
501.0
501.0
501.0
501.0
501.0
501.0
501.0
501.0
501.0
501.0
501.0
501.0
501.0
501.0
501.0
501.0
501.0
501.0
501.0
501.0
501.0
501.0
501.0
501.0
501.0
501.0
501.0
501.0
501.0
501.0
501.0
501.0
501.0
501.0
501.0
501.0
501.0
501.0
501.0
501.0
501.0
501.0
501.0
501.0
501.0
501.0
501.0
501.0
501.0
501.0
501.0
501.0
501.0
501.0
501.0
501.0
501.0
501.0
501.0
501.0
501.0
501.0
501.0
501.0
501.0
501.0
501.0
501.0
501.0
501.0
501.0
501.0
501.0
501.0
501.0
501.0
501.0
501.0
501.0
501.0
501.0
501.0
501.0
501.0
501.0
501.0
501.0
501.0
501.0
501.0
501.0
501.0
501.0
501.0
501.0
501.0
501.0
501.0
501.0
501.0
501.0
501.0
501.0
501.0
501.0
501.0
501.0
501.0
501.0
501.0
501.0
501.0
501.0
501.0
501.0
501.0
501.0
501.0
501.0
501.0
501.0
501.0
501.0
501.0
501.0
501.0
501.0
501.0
501.0
501.0
501.0
501.0
501.0
501.0
501.0
501.0
501.0
501.0
501.0
501.0
501.0
501.0
501.0
501.0
501.0
501.0
501.0
501.0
501.0
501.0
501.0
501.0
501.0
501.0
501.0
501.0
501.0
501.0
501.0
501.0
501.0
501.0
501.0
501.0
501.0
501.0
501.0
501.0
501.0
501.0
501.0
501.0
501.0
501.0
501.0
501.0
501.0
501.0
501.0
501.0
501.0
501.0
501.0
501.0
501.0
501.0
501.0
501.0
501.0
501.0
501.0
501.0
501.0
501.0
501.0
501.0
501.0
501.0
501.0
501.0
501.0
501.0
501.0
501.0
501.0
501.0
501.0
501.0
501.0
501.0
501.0
501.0
501.0
501.0
501.0
501.0
501.0
501.0
501.0
501.0
501.0
501.0
501.0
501.0
501.0
501.0
501.0
501.0
501.0
501.0
501.0
501.0
501.0
501.0
501.0
501.0
501.0
501.0
501.0
501.0
501.0
501.0
501.0
501.0
501.0
501.0
501.0
501.0
501.0
501.0
501.0
501.0
501.0
501.0
501.0
501.0
501.0
501.0
501.0
501.0
501.0
501.0
501.0
501.0
501.0
501.0
501.0
501.0
501.0
501.0
501.0
501.0
501.0
501.0
501.0
501.0
501.0
501.0
501.0
501.0
501.0
501.0
501.0
501.0
501.0
501.0
501.0
501.0
501.0
501.0
501.0
501.0
501.0
501.0
501.0
501.0
501.0
501.0
501.0
501.0
501.0
501.0
501.0
501.0
501.0
501.0
501.0
501.0
501.0
501.0
501.0
501.0
501.0
501.0
501.0
501.0
501.0
501.0
501.1
501.1
501.1
501.1
501.1
501.1
501.1
501.1
501.1
501.1
501.1
501.1
501.1
501.1
501.1
501.1
501.1
501.1
501.1
501.1
501.1
501.1
501.1
501.1
501.1
501.1
501.1
501.1
501.1
501.1
501.1
501.1
501.1
501.1
501.1
501.1
501.1
501.1
501.1
501.1
501.1
501.1
501.1
501.1
501.1
501.1
501.1
501.1
501.1
501.1
501.1
501.1
501.1
501.1
501.1
501.1
501.1
501.1
501.1
501.1
501.1
501.1
501.1
501.1
501.1
501.1
501.1
501.1
501.1
501.1
501.1
501.1
501.1
501.1
501.1
501.1
501.1
501.1
501.1
501.1
501.1
501.1
501.1
501.1
501.1
501.1
501.1
501.1
501.1
501.1
501.1
501.1
501.1
501.1
501.1
501.1
501.1
501.1
501.1
501.1
501.1
501.1
501.1
501.1
501.1
501.1
501.1
501.1
501.1
501.1
501.1
501.1
501.1
501.1
501.1
501.1
501.1
501.1
501.1
501.1
501.1
501.1
501.1
501.1
501.1
501.1
501.1
501.1
501.1
501.1
501.1
501.1
501.1
501.1
501.1
501.1
501.1
501.1
501.1
501.1
501.1
501.1
501.1
501.1
501.1
501.1
501.1
501.1
501.1
501.1
501.1
501.1
501.1
501.1
501.1
501.1
501.1
501.1
501.1
501.1
501.1
501.1
501.1
501.1
501.1
501.1
501.1
501.1
501.1
501.1
501.1
501.1
501.1
501.1
501.1
501.1
501.1
501.1
501.1
501.1
501.1
501.1
501.1
501.1
501.1
501.1
501.1
501.1
501.1
501.1
501.1
501.1
501.1
501.1
501.1
501.1
501.1
501.1
501.1
501.1
501.1
501.1
501.1
501.1
501.1
501.1
501.1
501.1
501.1
501.1
501.1
501.1
501.1
501.1
501.1
501.1
501.1
501.1
501.1
501.1
501.1
501.1
501.1
501.1
501.1
501.1
501.1
501.1
501.1
501.1
501.1
501.1
501.1
501.1
501.1
501.1
501.1
501.1
501.1
501.1
501.1
501.1
501.1
501.1
501.1
501.1
501.1
501.1
501.1
501.1
501.1
501.1
501.1
501.1
501.1
501.1
501.1
501.1
501.1
501.1
501.1
501.1
501.1
501.1
501.1
501.1
501.1
501.1
501.1
501.1
501.1
501.1
501.1
501.1
501.1
501.1
501.1
501.1
501.1
501.1
501.1
501.1
501.1
501.1
501.1
501.1
501.1
501.1
501.1
501.1
501.1
501.1
501.1
501.1
501.1
501.1
501.1
501.1
501.1
501.1
501.1
501.1
501.1
501.1
501.1
501.1
501.1
501.1
501.1
501.1
501.1
501.1
501.1
501.1
501.1
501.1
501.1
501.1
501.1
501.1
501.1
501.1
501.1
501.1
501.1
501.1
501.1
501.1
501.1
501.1
501.1
501.1
501.1
501.1
501.1
501.1
501.1
501.1
501.1
501.1
501.1
501.1
501.1
501.1
501.1
501.1
501.1
501.1
501.1
501.1
501.1
501.1
501.1
501.1
501.1
501.1
501.1
501.1
501.1
501.1
501.1
501.1
501.1
501.1
501.1
501.1
501.1
501.1
501.1
501.1
501.1
501.1
501.1
501.1
501.1
501.1
501.1
501.1
501.1
501.1
501.1
501.1
501.1
501.1
501.1
501.1
501.1
501.1
501.1
501.1
501.1
501.1
501.1
501.1
501.1
501.1
501.1
501.1
501.1
501.1
501.1
501.1
501.1
501.1
501.1
501.1
501.1
501.1
501.1
501.1
501.1
501.1
501.1
501.1
501.1
501.1
501.1
501.1
501.1
501.1
501.1
501.1
501.1
501.1
501.1
501.1
501.1
501.1
501.1
501.1
501.1
501.1
501.1
501.1
501.1
501.1
501.1
501.1
501.1
501.1
501.1
501.1
501.1
501.1
501.1
501.1
501.1
501.1
501.1
501.1
501.1
501.1
501.1
501.1
501.1
501.1
501.1
501.1
501.1
501.1
501.1
501.1
501.1
501.1
501.1
501.1
501.1
501.1
501.1
501.1
501.1
501.1
501.1
501.1
501.1
501.1
501.1
501.1
501.1
501.1
501.1
501.1
501.1
501.1
501.1
501.1
501.1
501.1
501.1
501.1
501.1
501.1
501.1
501.1
501.1
501.1
501.1
501.1
501.1
501.1
501.1
501.1
501.1
501.1
501.1
501.1
501.1
501.1
501.1
501.1
501.1
501.1
501.1
501.1
501.1
501.1
501.1
501.1
501.1
501.1
501.1
501.1
501.1
501.1
501.1
501.1
501.1
501.1
501.1
501.1
501.1
501.1
501.1
501.1
501.1
501.1
501.1
501.1
501.1
501.1
501.1
501.1
501.1
501.1
501.1
501.1
501.1
501.1
501.1
501.1
501.1
501.1
501.1
501.1
501.1
501.1
501.1
501.1
501.1
501.1
501.1
501.1
501.1
501.1
501.1
501.1
501.1
501.1
501.1
501.1
501.1
501.1
501.1
501.1
501.1
501.1
501.1
501.1
501.1
501.1
501.1
501.1
501.1
501.1
501.1
501.1
501.1
501.1
501.1
501.1
501.1
501.1
501.1
501.1
501.1
501.1
501.1
501.1
501.1
501.1
501.1
501.1
501.1
501.1
501.1
501.1
501.1
501.1
501.1
501.1
501.1
501.1
501.1
501.1
501.1
501.1
501.1
501.1
501.1
501.1
501.1
501.1
501.1
501.1
501.1
501.1
501.1
501.1
501.1
501.1
501.1
501.1
501.1
501.1
501.1
501.1
501.1
501.1
501.1
501.1
501.1
501.1
501.1
501.1
501.1
501.1
501.1
501.1
501.1
501.1
501.1
501.1
501.1
501.1
501.1
501.1
501.1
501.1
501.1
501.1
501.1
501.1
501.1
501.1
501.1
501.1
501.1
501.1
501.1
501.1
501.1
501.1
501.1
501.1
501.1
501.1
501.1
501.1
501.1
501.1
501.1
501.1
501.1
501.1
501.1
501.1
501.1
501.1
501.1
501.1
501.1
501.1
501.1
501.1
501.1
501.1
501.1
501.1
501.1
501.1
501.1
501.1
501.1
501.1
501.1
501.1
501.1
501.1
501.1
501.1
501.1
501.1
501.1
501.1
501.1
501.1
501.1
501.1
501.1
501.1
501.1
501.1
501.1
501.1
501.1
501.1
501.1
501.1
501.1
501.1
501.1
501.1
501.1
501.1
501.1
501.1
501.1
501.1
501.1
501.1
501.1
501.1
501.1
501.1
501.1
501.1
501.1
501.1
501.1
501.1
501.1
501.1
501.1
501.1
501.1
501.1
501.1
501.1
501.1
501.1
501.1
501.1
501.1
501.1
501.1
501.1
501.1
501.1
501.1
501.1
501.1
501.1
501.1
501.1
501.1
501.1
501.1
501.1
501.1
501.1
501.1
501.1
501.1
501.1
501.1
501.1
501.1
501.1
501.1
501.1
501.1
501.1
501.1
501.1
501.1
501.1
501.1
501.1
501.1
501.1
501.1
501.1
501.1
501.1
501.1
501.1
501.1
501.1
501.1
501.1
501.1
501.1
501.1
501.1
501.1
501.1
501.1
501.1
501.1
501.1
501.1
501.1
501.1
501.1
501.1
501.1
501.1
501.1
501.1
501.1
501.1
501.1
501.1
501.1
501.1
501.1
501.2
501.2
501.2
501.2
501.2
501.2
501.2
501.2
501.2
501.2
501.2
501.2
501.2
501.2
501.2
501.2
501.2
501.2
501.2
501.2
501.2
501.2
501.2
501.2
501.2
501.2
501.2
501.2
501.2
501.2
501.2
501.2
501.2
501.2
501.2
501.2
501.2
501.2
501.2
501.2
501.2
501.2
501.2
501.2
501.2
501.2
501.2
501.2
501.2
501.2
501.2
501.2
501.2
501.2
501.2
501.2
501.2
501.2
501.2
501.2
501.2
501.2
501.2
501.2
501.2
501.2
501.2
501.2
501.2
501.2
501.2
501.2
501.2
501.2
501.2
501.2
501.2
501.2
501.2
501.2
501.2
501.2
501.2
501.2
501.2
501.2
501.2
501.2
501.2
501.2
501.2
501.2
501.2
501.2
501.2
501.2
501.2
501.2
501.2
501.2
501.2
501.2
501.2
501.2
501.2
501.2
501.2
501.2
501.2
501.2
501.2
501.2
501.2
501.2
501.2
501.2
501.2
501.2
501.2
501.2
501.2
501.2
501.2
501.2
501.2
501.2
501.2
501.2
501.2
501.2
501.2
501.2
501.2
501.2
501.2
501.2
501.2
501.2
501.2
501.2
501.2
501.2
501.2
501.2
501.2
501.2
501.2
501.2
501.2
501.2
501.2
501.2
501.2
501.2
501.2
501.2
501.2
501.2
501.2
501.2
501.2
501.2
501.2
501.2
501.2
501.2
501.2
501.2
501.2
501.2
501.2
501.2
501.2
501.2
501.2
501.2
501.2
501.2
501.2
501.2
501.2
501.2
501.2
501.2
501.2
501.2
501.2
501.2
501.2
501.2
501.2
501.2
501.2
501.2
501.2
501.2
501.2
501.2
501.2
501.2
501.2
501.2
501.2
501.2
501.2
501.2
501.2
501.2
501.2
501.2
501.2
501.2
501.2
501.2
501.2
501.2
501.2
501.2
501.2
501.2
501.2
501.2
501.2
501.2
501.2
501.2
501.2
501.2
501.2
501.2
501.2
501.2
501.2
501.2
501.2
501.2
501.2
501.2
501.2
501.2
501.2
501.2
501.2
501.2
501.2
501.2
501.2
501.2
501.2
501.2
501.2
501.2
501.2
501.2
501.2
501.2
501.2
501.2
501.2
501.2
501.2
501.2
501.2
501.2
501.2
501.2
501.2
501.2
501.2
501.2
501.2
501.2
501.2
501.2
501.2
501.2
501.2
501.2
501.2
501.2
501.2
501.2
501.2
501.2
501.2
501.2
501.2
501.2
501.2
501.2
501.2
501.2
501.2
501.2
501.2
501.2
501.2
501.2
501.2
501.2
501.2
501.2
501.2
501.2
501.2
501.2
501.2
501.2
501.2
501.2
501.2
501.2
501.2
501.2
501.2
501.2
501.2
501.2
501.2
501.2
501.2
501.2
501.2
501.2
501.2
501.2
501.2
501.2
501.2
501.2
501.2
501.2
501.2
501.2
501.2
501.2
501.2
501.2
501.2
501.2
501.2
501.2
501.2
501.2
501.2
501.2
501.2
501.2
501.2
501.2
501.2
501.2
501.2
501.2
501.2
501.2
501.2
501.2
501.2
501.2
501.2
501.2
501.2
501.2
501.2
501.2
501.2
501.2
501.2
501.2
501.2
501.2
501.2
501.2
501.2
501.2
501.2
501.2
501.2
501.2
501.2
501.2
501.2
501.2
501.2
501.2
501.2
501.2
501.2
501.2
501.2
501.2
501.2
501.2
501.2
501.2
501.2
501.2
501.2
501.2
501.2
501.2
501.2
501.2
501.2
501.2
501.2
501.2
501.2
501.2
501.2
501.2
501.2
501.2
501.2
501.2
501.2
501.2
501.2
501.2
501.2
501.2
501.2
501.2
501.2
501.2
501.2
501.2
501.2
501.2
501.2
501.2
501.2
501.2
501.2
501.2
501.2
501.2
501.2
501.2
501.2
501.2
501.2
501.2
501.2
501.2
501.2
501.2
501.2
501.2
501.2
501.2
501.2
501.2
501.2
501.2
501.2
501.2
501.2
501.2
501.2
501.2
501.2
501.2
501.2
501.2
501.2
501.2
501.2
501.2
501.2
501.2
501.2
501.2
501.2
501.2
501.2
501.2
501.2
501.2
501.2
501.2
501.2
501.2
501.2
501.2
501.2
501.2
501.2
501.2
501.2
501.2
501.2
501.2
501.2
501.2
501.2
501.2
501.2
501.2
501.2
501.2
501.2
501.2
501.2
501.2
501.2
501.2
501.2
501.2
501.2
501.2
501.2
501.2
501.2
501.2
501.2
501.2
501.2
501.2
501.2
501.2
501.2
501.2
501.2
501.2
501.2
501.2
501.2
501.2
501.2
501.2
501.2
501.2
501.2
501.2
501.2
501.2
501.2
501.2
501.2
501.2
501.2
501.2
501.2
501.2
501.2
501.2
501.2
501.2
501.2
501.2
501.2
501.2
501.2
501.2
501.2
501.2
501.2
501.2
501.2
501.2
501.2
501.2
501.2
501.2
501.2
501.2
501.2
501.2
501.2
501.2
501.2
501.2
501.2
501.2
501.2
501.2
501.2
501.2
501.2
501.2
501.2
501.2
501.2
501.2
501.2
501.2
501.2
501.2
501.2
501.2
501.2
501.2
501.2
501.2
501.2
501.2
501.2
501.2
501.2
501.2
501.2
501.2
501.2
501.2
501.2
501.2
501.2
501.2
501.2
501.3
501.3
501.3
501.3
501.3
501.3
501.3
501.3
501.3
501.3
501.3
501.3
501.3
501.3
501.3
501.3
501.3
501.3
501.3
501.3
501.3
501.3
501.3
501.3
501.3
501.3
501.3
501.3
501.3
501.3
501.3
501.3
501.3
501.3
501.3
501.3
501.3
501.3
501.3
501.3
501.3
501.3
501.3
501.3
501.3
501.3
501.3
501.3
501.3
501.3
501.3
501.3
501.3
501.3
501.3
501.3
501.3
501.3
501.3
501.3
501.3
501.3
501.3
501.3
501.3
501.3
501.3
501.3
501.3
501.3
501.3
501.3
501.3
501.3
501.3
501.3
501.3
501.3
501.3
501.3
501.3
501.3
501.3
501.3
501.3
501.3
501.3
501.3
501.3
501.3
501.3
501.3
501.3
501.3
501.3
501.3
501.3
501.3
501.3
501.3
501.3
501.3
501.3
501.3
501.3
501.3
501.3
501.3
501.3
501.3
501.3
501.3
501.3
501.3
501.3
501.3
501.3
501.3
501.3
501.3
501.3
501.3
501.3
501.3
501.3
501.3
501.3
501.3
501.3
501.3
501.3
501.3
501.3
501.3
501.3
501.3
501.3
501.3
501.3
501.3
501.3
501.3
501.3
501.3
501.3
501.3
501.3
501.3
501.3
501.3
501.3
501.3
501.3
501.3
501.3
501.3
501.3
501.3
501.3
501.3
501.3
501.3
501.3
501.3
501.3
501.3
501.3
501.3
501.3
501.3
501.3
501.3
501.3
501.3
501.3
501.3
501.3
501.3
501.3
501.3
501.3
501.3
501.3
501.3
501.3
501.3
501.3
501.3
501.3
501.3
501.3
501.3
501.3
501.3
501.3
501.3
501.3
501.3
501.3
501.3
501.3
501.3
501.3
501.3
501.3
501.3
501.3
501.3
501.3
501.3
501.3
501.3
501.3
501.3
501.3
501.3
501.3
501.3
501.3
501.3
501.3
501.3
501.3
501.3
501.3
501.3
501.3
501.3
501.3
501.3
501.3
501.3
501.3
501.3
501.3
501.3
501.3
501.3
501.3
501.3
501.3
501.3
501.3
501.3
501.3
501.3
501.3
501.3
501.3
501.3
501.3
501.3
501.3
501.3
501.3
501.3
501.3
501.3
501.3
501.3
501.3
501.3
501.3
501.3
501.3
501.3
501.3
501.3
501.3
501.3
501.3
501.3
501.3
501.3
501.3
501.3
501.3
501.3
501.3
501.3
501.3
501.3
501.3
501.3
501.3
501.3
501.3
501.3
501.3
501.3
501.3
501.3
501.3
501.3
501.3
501.3
501.3
501.3
501.3
501.3
501.3
501.3
501.3
501.3
501.3
501.3
501.3
501.3
501.3
501.3
501.3
501.3
501.3
501.3
501.3
501.3
501.3
501.3
501.3
501.3
501.3
501.3
501.3
501.3
501.3
501.3
501.3
501.3
501.3
501.3
501.3
501.3
501.3
501.3
501.3
501.3
501.3
501.3
501.3
501.3
501.3
501.3
501.3
501.3
501.3
501.3
501.3
501.3
501.3
501.3
501.3
501.3
501.3
501.3
501.3
501.3
501.3
501.3
501.3
501.3
501.3
501.3
501.3
501.3
501.3
501.3
501.3
501.3
501.3
501.3
501.3
501.3
501.3
501.3
501.3
501.3
501.3
501.3
501.3
501.3
501.3
501.3
501.3
501.3
501.3
501.3
501.3
501.3
501.3
501.3
501.3
501.3
501.3
501.3
501.3
501.3
501.3
501.3
501.3
501.3
501.3
501.3
501.3
501.3
501.3
501.3
501.3
501.3
501.3
501.3
501.3
501.3
501.3
501.3
501.3
501.3
501.3
501.3
501.3
501.3
501.3
501.3
501.3
501.3
501.3
501.3
501.3
501.3
501.3
501.3
501.3
501.3
501.3
501.3
501.3
501.3
501.3
501.3
501.3
501.3
501.3
501.3
501.3
501.3
501.3
501.3
501.3
501.3
501.3
501.3
501.3
501.3
501.3
501.3
501.3
501.3
501.3
501.3
501.3
501.3
501.3
501.3
501.3
501.3
501.3
501.3
501.3
501.3
501.3
501.3
501.3
501.3
501.3
501.3
501.3
501.3
501.3
501.3
501.3
501.3
501.3
501.3
501.3
501.3
501.3
501.3
501.3
501.3
501.3
501.3
501.3
501.3
501.3
501.3
501.3
501.3
501.3
501.3
501.3
501.3
501.3
501.3
501.3
501.3
501.3
501.3
501.3
501.3
501.3
501.3
501.3
501.3
501.3
501.3
501.3
501.3
501.3
501.3
501.3
501.3
501.3
501.3
501.3
501.3
501.3
501.3
501.3
501.3
501.3
501.3
501.3
501.3
501.3
501.3
501.3
501.4
501.4
501.4
501.4
501.4
501.4
501.4
501.4
501.4
501.4
501.4
501.4
501.4
501.4
501.4
501.4
501.4
501.4
501.4
501.4
501.4
501.4
501.4
501.4
501.4
501.4
501.4
501.4
501.4
501.4
501.4
501.4
501.4
501.4
501.4
501.4
501.4
501.4
501.4
501.4
501.4
501.4
501.4
501.4
501.4
501.4
501.4
501.4
501.4
501.4
501.4
501.4
501.4
501.4
501.4
501.4
501.4
501.4
501.4
501.4
501.4
501.4
501.4
501.4
501.4
501.4
501.4
501.4
501.4
501.4
501.4
501.4
501.4
501.4
501.4
501.4
501.4
501.4
501.4
501.4
501.4
501.4
501.4
501.4
501.4
501.4
501.4
501.4
501.4
501.4
501.4
501.4
501.4
501.4
501.4
501.4
501.4
501.4
501.4
501.4
501.4
501.4
501.4
501.4
501.4
501.4
501.4
501.4
501.4
501.4
501.4
501.4
501.4
501.4
501.4
501.4
501.4
501.4
501.4
501.4
501.4
501.4
501.4
501.4
501.4
501.4
501.4
501.4
501.4
501.4
501.4
501.4
501.4
501.4
501.4
501.4
501.4
501.4
501.4
501.4
501.4
501.4
501.4
501.4
501.4
501.4
501.4
501.4
501.4
501.4
501.4
501.4
501.4
501.4
501.4
501.4
501.4
501.4
501.4
501.4
501.4
501.4
501.4
501.4
501.4
501.4
501.4
501.4
501.4
501.4
501.4
501.4
501.4
501.4
501.4
501.4
501.4
501.4
501.4
501.4
501.4
501.4
501.4
501.4
501.4
501.4
501.4
501.4
501.4
501.4
501.4
501.4
501.4
501.4
501.4
501.4
501.4
501.4
501.4
501.4
501.4
501.4
501.4
501.4
501.4
501.4
501.4
501.4
501.4
501.4
501.4
501.4
501.4
501.4
501.4
501.4
501.4
501.4
501.4
501.4
501.4
501.4
501.4
501.4
501.4
501.4
501.4
501.4
501.4
501.4
501.4
501.4
501.4
501.4
501.4
501.4
501.4
501.4
501.4
501.4
501.4
501.4
501.4
501.4
501.4
501.4
501.4
501.4
501.4
501.4
501.4
501.4
501.4
501.4
501.4
501.4
501.4
501.4
501.4
501.4
501.4
501.4
501.4
501.4
501.4
501.4
501.4
501.4
501.4
501.4
501.4
501.4
501.4
501.4
501.4
501.4
501.4
501.4
501.4
501.4
501.4
501.4
501.4
501.4
501.4
501.4
501.4
501.4
501.4
501.4
501.4
501.4
501.4
501.4
501.4
501.4
501.4
501.4
501.4
501.4
501.4
501.4
501.4
501.4
501.4
501.4
501.4
501.4
501.4
501.4
501.4
501.4
501.4
501.4
501.4
501.4
501.4
501.4
501.4
501.4
501.4
501.4
501.4
501.4
501.4
501.4
501.4
501.4
501.4
501.4
501.4
501.4
501.4
501.4
501.4
501.4
501.4
501.4
501.4
501.4
501.4
501.4
501.4
501.4
501.4
501.4
501.4
501.4
501.4
501.4
501.4
501.4
501.4
501.4
501.4
501.4
501.4
501.4
501.4
501.4
501.4
501.4
501.4
501.4
501.4
501.4
501.4
501.4
501.4
501.4
501.4
501.4
501.4
501.4
501.4
501.4
501.4
501.4
501.4
501.4
501.4
501.4
501.4
501.4
501.4
501.4
501.4
501.4
501.4
501.4
501.4
501.4
501.4
501.4
501.4
501.4
501.4
501.4
501.4
501.4
501.4
501.4
501.4
501.4
501.4
501.4
501.4
501.4
501.4
501.4
501.4
501.4
501.4
501.4
501.4
501.4
501.4
501.4
501.4
501.4
501.4
501.4
501.4
501.4
501.4
501.4
501.4
501.4
501.4
501.4
501.4
501.4
501.4
501.4
501.4
501.4
501.4
501.4
501.4
501.4
501.4
501.4
501.4
501.4
501.4
501.4
501.5
501.5
501.5
501.5
501.5
501.5
501.5
501.5
501.5
501.5
501.5
501.5
501.5
501.5
501.5
501.5
501.5
501.5
501.5
501.5
501.5
501.5
501.5
501.5
501.5
501.5
501.5
501.5
501.5
501.5
501.5
501.5
501.5
501.5
501.5
501.5
501.5
501.5
501.5
501.5
501.5
501.5
501.5
501.5
501.5
501.5
501.5
501.5
501.5
501.5
501.5
501.5
501.5
501.5
501.5
501.5
501.5
501.5
501.5
501.5
501.5
501.5
501.5
501.5
501.5
501.5
501.5
501.5
501.5
501.5
501.5
501.5
501.5
501.5
501.5
501.5
501.5
501.5
501.5
501.5
501.5
501.5
501.5
501.5
501.5
501.5
501.5
501.5
501.5
501.5
501.5
501.5
501.5
501.5
501.5
501.5
501.5
501.5
501.5
501.5
501.5
501.5
501.5
501.5
501.5
501.5
501.5
501.5
501.5
501.5
501.5
501.5
501.5
501.5
501.5
501.5
501.5
501.5
501.5
501.5
501.5
501.5
501.5
501.5
501.5
501.5
501.5
501.5
501.5
501.5
501.5
501.5
501.5
501.5
501.5
501.5
501.5
501.5
501.5
501.5
501.5
501.5
501.5
501.5
501.5
501.5
501.5
501.5
501.5
501.5
501.5
501.5
501.5
501.5
501.5
501.5
501.5
501.5
501.5
501.5
501.5
501.5
501.5
501.5
501.5
501.5
501.5
501.5
501.5
501.5
501.5
501.5
501.5
501.5
501.5
501.5
501.5
501.5
501.5
501.5
501.5
501.5
501.5
501.5
501.5
501.5
501.5
501.5
501.5
501.5
501.5
501.5
501.5
501.5
501.5
501.5
501.5
501.5
501.5
501.5
501.5
501.5
501.5
501.5
501.5
501.5
501.5
501.5
501.5
501.5
501.5
501.5
501.5
501.5
501.5
501.5
501.5
501.5
501.5
501.5
501.5
501.5
501.5
501.5
501.5
501.5
501.5
501.5
501.5
501.5
501.5
501.5
501.5
501.5
501.5
501.5
501.5
501.5
501.5
501.5
501.5
501.5
501.5
501.5
501.5
501.5
501.5
501.5
501.5
501.5
501.5
501.5
501.5
501.5
501.5
501.5
501.5
501.5
501.5
501.5
501.5
501.5
501.5
501.5
501.5
501.5
501.5
501.5
501.5
501.5
501.5
501.5
501.5
501.5
501.5
501.5
501.5
501.5
501.5
501.5
501.5
501.5
501.5
501.5
501.5
501.5
501.5
501.5
501.5
501.5
501.5
501.5
501.5
501.5
501.5
501.5
501.5
501.5
501.5
501.5
501.5
501.5
501.5
501.5
501.5
501.5
501.5
501.5
501.5
501.5
501.5
501.5
501.5
501.5
501.5
501.5
501.5
501.5
501.5
501.5
501.5
501.5
501.5
501.5
501.5
501.5
501.5
501.5
501.5
501.5
501.5
501.5
501.5
501.5
501.5
501.5
501.5
501.5
501.5
501.5
501.5
501.5
501.5
501.5
501.5
501.5
501.5
501.5
501.6
501.6
501.6
501.6
501.6
501.6
501.6
501.6
501.6
501.6
501.6
501.6
501.6
501.6
501.6
501.6
501.6
501.6
501.6
501.6
501.6
501.6
501.6
501.6
501.6
501.6
501.6
501.6
501.6
501.6
501.6
501.6
501.6
501.6
501.6
501.6
501.6
501.6
501.6
501.6
501.6
501.6
501.6
501.6
501.6
501.6
501.6
501.6
501.6
501.6
501.6
501.6
501.6
501.6
501.6
501.6
501.6
501.6
501.6
501.6
501.6
501.6
501.6
501.6
501.6
501.6
501.6
501.6
501.6
501.6
501.6
501.6
501.6
501.6
501.6
501.6
501.6
501.6
501.6
501.6
501.6
501.6
501.6
501.6
501.6
501.6
501.6
501.6
501.6
501.6
501.6
501.6
501.6
501.6
501.6
501.6
501.6
501.6
501.6
501.6
501.6
501.6
501.6
501.6
501.6
501.6
501.6
501.6
501.6
501.6
501.6
501.6
501.6
501.6
501.6
501.6
501.6
501.6
501.6
501.6
501.6
501.6
501.6
501.6
501.6
501.6
501.6
501.6
501.6
501.6
501.6
501.6
501.6
501.6
501.6
501.6
501.6
501.6
501.6
501.6
501.6
501.6
501.6
501.6
501.6
501.6
501.6
501.6
501.6
501.6
501.6
501.6
501.6
501.6
501.6
501.6
501.6
501.6
501.6
501.6
501.6
501.6
501.6
501.6
501.6
501.6
501.6
501.6
501.6
501.6
501.6
501.6
501.6
501.6
501.6
501.6
501.6
501.6
501.6
501.6
501.6
501.6
501.6
501.6
501.6
501.6
501.6
501.6
501.6
501.6
501.6
501.6
501.6
501.6
501.6
501.6
501.6
501.6
501.6
501.6
501.6
501.6
501.6
501.6
501.6
501.6
501.6
501.6
501.6
501.6
501.6
501.6
501.6
501.6
501.6
501.6
501.6
501.6
501.6
501.6
501.6
501.6
501.6
501.6
501.6
501.6
501.6
501.6
501.6
501.6
501.6
501.6
501.6
501.6
501.6
501.6
501.6
501.6
501.6
501.6
501.6
501.6
501.6
501.6
501.6
501.6
501.6
501.6
501.6
501.6
501.6
501.6
501.6
501.6
501.6
501.6
501.6
501.6
501.6
501.6
501.6
501.6
501.6
501.6
501.6
501.6
501.6
501.6
501.6
501.6
501.6
501.6
501.6
501.6
501.7
501.7
501.7
501.7
501.7
501.7
501.7
501.7
501.7
501.7
501.7
501.7
501.7
501.7
501.7
501.7
501.7
501.7
501.7
501.7
501.7
501.7
501.7
501.7
501.7
501.7
501.7
501.7
501.7
501.7
501.7
501.7
501.7
501.7
501.7
501.7
501.7
501.7
501.7
501.7
501.7
501.7
501.7
501.7
501.7
501.7
501.7
501.7
501.7
501.7
501.7
501.7
501.7
501.7
501.7
501.7
501.7
501.7
501.7
501.7
501.7
501.7
501.7
501.7
501.7
501.7
501.7
501.7
501.7
501.7
501.7
501.7
501.7
501.7
501.7
501.7
501.7
501.7
501.7
501.7
501.7
501.7
501.7
501.7
501.7
501.7
501.7
501.7
501.7
501.7
501.7
501.7
501.7
501.7
501.7
501.7
501.7
501.7
501.7
501.7
501.7
501.7
501.7
501.7
501.7
501.7
501.7
501.7
501.7
501.7
501.7
501.7
501.7
501.7
501.7
501.7
501.7
501.7
501.7
501.7
501.7
501.7
501.7
501.7
501.7
501.7
501.7
501.7
501.7
501.7
501.7
501.7
501.7
501.7
501.7
501.7
501.7
501.7
501.7
501.7
501.7
501.7
501.7
501.7
501.7
501.7
501.7
501.7
501.7
501.7
501.7
501.7
501.7
501.7
501.7
501.7
501.7
501.7
501.7
501.7
501.7
501.7
501.7
501.7
501.7
501.7
501.7
501.7
501.7
501.7
501.7
501.7
501.7
501.7
501.7
501.7
501.7
501.7
501.7
501.7
501.7
501.7
501.7
501.7
501.7
501.7
501.7
501.7
501.7
501.7
501.7
501.7
501.7
501.7
501.7
501.7
501.7
501.7
501.7
501.7
501.7
501.7
501.7
501.7
501.7
501.7
501.7
501.7
501.7
501.7
501.7
501.7
501.7
501.7
501.7
501.7
501.7
501.7
501.7
501.7
501.7
501.7
501.7
501.7
501.7
501.7
501.8
501.8
501.8
501.8
501.8
501.8
501.8
501.8
501.8
501.8
501.8
501.8
501.8
501.8
501.8
501.8
501.8
501.8
501.8
501.8
501.8
501.8
501.8
501.8
501.8
501.8
501.8
501.8
501.8
501.8
501.8
501.8
501.8
501.8
501.8
501.8
501.8
501.8
501.8
501.8
501.8
501.8
501.8
501.8
501.8
501.8
501.8
501.8
501.8
501.8
501.8
501.8
501.8
501.8
501.8
501.8
501.8
501.8
501.8
501.8
501.8
501.8
501.8
501.8
501.8
501.8
501.8
501.8
501.8
501.8
501.8
501.8
501.8
501.8
501.8
501.8
501.8
501.8
501.8
501.8
501.8
501.8
501.8
501.8
501.8
501.8
501.8
501.8
501.8
501.8
501.8
501.8
501.8
501.8
501.8
501.8
501.8
501.8
501.8
501.8
501.8
501.8
501.8
501.8
501.8
501.8
501.8
501.8
501.8
501.8
501.8
501.8
501.8
501.8
501.8
501.8
501.8
501.8
501.8
501.8
501.8
501.8
501.8
501.8
501.8
501.8
501.8
501.8
501.8
501.8
501.8
501.8
501.8
501.8
501.8
501.8
501.8
501.8
501.8
501.8
501.8
501.8
501.8
501.8
501.8
501.8
501.8
501.8
501.8
501.8
501.8
501.8
501.8
501.8
501.8
501.8
501.8
501.8
501.8
501.8
501.8
501.8
501.8
501.8
501.8
501.8
501.8
501.8
501.8
501.8
501.8
501.8
501.8
501.8
501.8
501.8
501.8
501.8
501.8
501.8
501.8
501.8
501.8
501.8
501.8
501.8
501.8
501.8
501.8
501.8
501.8
501.8
501.8
501.8
501.8
501.8
501.8
501.8
501.8
501.8
501.8
501.8
501.8
501.8
501.8
501.8
501.8
501.9
501.9
501.9
501.9
501.9
501.9
501.9
501.9
501.9
501.9
501.9
501.9
501.9
501.9
501.9
501.9
501.9
501.9
501.9
501.9
501.9
501.9
501.9
501.9
501.9
501.9
501.9
501.9
501.9
501.9
501.9
501.9
501.9
501.9
501.9
501.9
501.9
501.9
501.9
501.9
501.9
501.9
501.9
501.9
501.9
501.9
501.9
501.9
501.9
501.9
501.9
501.9
501.9
501.9
501.9
501.9
501.9
501.9
501.9
501.9
501.9
501.9
501.9
501.9
501.9
501.9
501.9
501.9
501.9
501.9
501.9
501.9
501.9
501.9
501.9
501.9
501.9
501.9
501.9
501.9
501.9
501.9
501.9
501.9
501.9
501.9
501.9
501.9
501.9
501.9
501.9
501.9
501.9
501.9
501.9
501.9
501.9
501.9
501.9
501.9
501.9
501.9
501.9
501.9
501.9
501.9
501.9
501.9
501.9
501.9
501.9
501.9
501.9
501.9
501.9
501.9
501.9
501.9
501.9
501.9
501.9
501.9
501.9
501.9
501.9
501.9
501.9
501.9
501.9
501.9
501.9
501.9
501.9
501.9
501.9
501.9
501.9
501.9
501.9
501.9
501.9
501.9
501.9
501.9
501.9
501.9
501.9
501.9
501.9
501.9
501.9
501.9
501.9
501.9
501.9
501.9
501.9
501.9
501.9
501.9
501.9
501.9
501.9
501.9
501.9
502.0
502.0
502.0
502.0
502.0
502.0
502.0
502.0
502.0
502.0
502.0
502.0
502.0
502.0
502.0
502.0
502.0
502.0
502.0
502.0
502.0
502.0
502.0
502.0
502.0
502.0
502.0
502.0
502.0
502.0
502.0
502.0
502.0
502.0
502.0
502.0
502.0
502.0
502.0
502.0
502.0
502.0
502.0
502.0
502.0
502.0
502.0
502.0
502.0
502.0
502.0
502.0
502.0
502.0
502.0
502.0
502.0
502.0
502.0
502.0
502.0
502.0
502.0
502.0
502.0
502.0
502.0
502.0
502.0
502.0
502.0
502.0
502.0
502.0
502.0
502.0
502.0
502.0
502.0
502.0
502.0
502.0
502.0
502.0
502.0
502.0
502.0
502.0
502.0
502.0
502.0
502.0
502.0
502.0
502.0
502.0
502.0
502.0
502.0
502.0
502.0
502.0
502.0
502.0
502.0
502.0
502.0
502.0
502.0
502.0
502.0
502.0
502.0
502.0
502.0
502.0
502.0
502.0
502.0
502.0
502.0
502.0
502.0
502.0
502.0
502.0
502.0
502.0
502.0
502.0
502.0
502.0
502.0
502.0
502.0
502.0
502.0
502.0
502.0
502.0
502.0
502.0
502.0
502.0
502.0
502.0
502.0
502.0
502.0
502.0
502.0
502.0
502.0
502.0
502.0
502.0
502.0
502.0
502.1
502.1
502.1
502.1
502.1
502.1
502.1
502.1
502.1
502.1
502.1
502.1
502.1
502.1
502.1
502.1
502.1
502.1
502.1
502.1
502.1
502.1
502.1
502.1
502.1
502.1
502.1
502.1
502.1
502.1
502.1
502.1
502.1
502.1
502.1
502.1
502.1
502.1
502.1
502.1
502.1
502.1
502.1
502.1
502.1
502.1
502.1
502.1
502.1
502.1
502.1
502.1
502.1
502.1
502.1
502.1
502.1
502.1
502.1
502.1
502.1
502.1
502.1
502.1
502.1
502.1
502.1
502.1
502.1
502.1
502.1
502.1
502.1
502.1
502.1
502.1
502.1
502.1
502.1
502.1
502.1
502.1
502.1
502.1
502.1
502.1
502.1
502.1
502.1
502.1
502.1
502.1
502.1
502.1
502.1
502.1
502.1
502.1
502.1
502.1
502.1
502.1
502.1
502.1
502.1
502.1
502.1
502.1
502.1
502.1
502.1
502.1
502.1
502.1
502.1
502.1
502.1
502.1
502.1
502.1
502.1
502.1
502.1
502.1
502.1
502.1
502.1
502.1
502.1
502.1
502.2
502.2
502.2
502.2
502.2
502.2
502.2
502.2
502.2
502.2
502.2
502.2
502.2
502.2
502.2
502.2
502.2
502.2
502.2
502.2
502.2
502.2
502.2
502.2
502.2
502.2
502.2
502.2
502.2
502.2
502.2
502.2
502.2
502.2
502.2
502.2
502.2
502.2
502.2
502.2
502.2
502.2
502.2
502.2
502.2
502.2
502.2
502.2
502.2
502.2
502.2
502.2
502.2
502.2
502.2
502.2
502.2
502.2
502.2
502.2
502.2
502.2
502.2
502.2
502.2
502.2
502.2
502.2
502.2
502.2
502.2
502.2
502.2
502.2
502.2
502.2
502.2
502.2
502.2
502.2
502.2
502.2
502.2
502.2
502.2
502.2
502.2
502.2
502.2
502.2
502.2
502.2
502.2
502.2
502.2
502.2
502.2
502.2
502.2
502.2
502.2
502.2
502.2
502.2
502.2
502.2
502.2
502.2
502.2
502.3
502.3
502.3
502.3
502.3
502.3
502.3
502.3
502.3
502.3
502.3
502.3
502.3
502.3
502.3
502.3
502.3
502.3
502.3
502.3
502.3
502.3
502.3
502.3
502.3
502.3
502.3
502.3
502.3
502.3
502.3
502.3
502.3
502.3
502.3
502.3
502.3
502.3
502.3
502.3
502.3
502.3
502.3
502.3
502.3
502.3
502.3
502.3
502.3
502.3
502.3
502.3
502.3
502.3
502.3
502.3
502.3
502.3
502.3
502.3
502.3
502.3
502.3
502.3
502.3
502.3
502.3
502.3
502.3
502.3
502.3
502.3
502.3
502.3
502.3
502.3
502.3
502.3
502.3
502.3
502.3
502.3
502.3
502.3
502.3
502.3
502.3
502.3
502.3
502.4
502.4
502.4
502.4
502.4
502.4
502.4
502.4
502.4
502.4
502.4
502.4
502.4
502.4
502.4
502.4
502.4
502.4
502.4
502.4
502.4
502.4
502.4
502.4
502.4
502.4
502.4
502.4
502.4
502.4
502.4
502.4
502.4
502.4
502.4
502.4
502.4
502.4
502.4
502.4
502.4
502.4
502.4
502.4
502.4
502.4
502.4
502.4
502.4
502.4
502.4
502.4
502.4
502.4
502.4
502.4
502.4
502.4
502.4
502.4
502.4
502.4
502.4
502.4
502.4
502.4
502.4
502.4
502.4
502.4
502.4
502.4
502.4
502.4
502.4
502.4
502.4
502.4
502.4
502.4
502.4
502.4
502.4
502.4
502.4
502.4
502.5
502.5
502.5
502.5
502.5
502.5
502.5
502.5
502.5
502.5
502.5
502.5
502.5
502.5
502.5
502.5
502.5
502.5
502.5
502.5
502.5
502.5
502.5
502.5
502.5
502.5
502.5
502.5
502.5
502.5
502.5
502.5
502.5
502.5
502.5
502.5
502.5
502.5
502.5
502.5
502.5
502.5
502.5
502.5
502.5
502.5
502.5
502.5
502.5
502.5
502.5
502.5
502.5
502.5
502.5
502.5
502.5
502.5
502.5
502.6
502.6
502.6
502.6
502.6
502.6
502.6
502.6
502.6
502.6
502.6
502.6
502.6
502.6
502.6
502.6
502.6
502.6
502.6
502.6
502.6
502.6
502.6
502.6
502.6
502.6
502.6
502.6
502.6
502.6
502.6
502.6
502.6
502.6
502.6
502.6
502.6
502.6
502.6
502.6
502.6
502.6
502.6
502.6
502.6
502.6
502.6
502.6
502.6
502.6
502.6
502.6
502.6
502.6
502.6
502.6
502.6
502.7
502.7
502.7
502.7
502.7
502.7
502.7
502.7
502.7
502.7
502.7
502.7
502.7
502.7
502.7
502.7
502.7
502.7
502.7
502.7
502.7
502.7
502.7
502.7
502.7
502.7
502.7
502.7
502.7
502.7
502.7
502.7
502.7
502.7
502.7
502.7
502.7
502.7
502.7
502.7
502.7
502.7
502.7
502.7
502.7
502.7
502.7
502.7
502.7
502.7
502.7
502.7
502.7
502.7
502.7
502.7
502.7
502.7
502.7
502.7
502.7
502.7
502.7
502.7
502.7
502.7
502.7
502.7
502.8
502.8
502.8
502.8
502.8
502.8
502.8
502.8
502.8
502.8
502.8
502.8
502.8
502.8
502.8
502.8
502.8
502.8
502.8
502.8
502.8
502.8
502.8
502.8
502.8
502.8
502.8
502.8
502.8
502.8
502.8
502.8
502.8
502.8
502.8
502.8
502.8
502.8
502.9
502.9
502.9
502.9
502.9
502.9
502.9
502.9
502.9
502.9
502.9
502.9
502.9
502.9
502.9
502.9
502.9
502.9
502.9
502.9
502.9
502.9
502.9
502.9
502.9
502.9
502.9
502.9
502.9
502.9
502.9
502.9
502.9
502.9
502.9
502.9
502.9
502.9
502.9
502.9
502.9
502.9
502.9
502.9
502.9
502.9
502.9
502.9
502.9
502.9
502.9
502.9
502.9
503.0
503.0
503.0
503.0
503.0
503.0
503.0
503.0
503.0
503.0
503.0
503.0
503.0
503.0
503.0
503.0
503.0
503.0
503.0
503.0
503.0
503.0
503.0
503.0
503.0
503.0
503.0
503.0
503.0
503.0
503.0
503.0
503.0
503.0
503.0
503.0
503.0
503.0
503.0
503.0
503.0
503.0
503.0
503.0
503.0
503.0
503.0
503.0
503.0
503.0
503.1
503.1
503.1
503.1
503.1
503.1
503.1
503.1
503.1
503.1
503.1
503.1
503.1
503.1
503.1
503.1
503.1
503.1
503.1
503.1
503.1
503.1
503.1
503.1
503.1
503.1
503.1
503.1
503.1
503.1
503.1
503.1
503.1
503.1
503.1
503.1
503.1
503.1
503.1
503.1
503.2
503.2
503.2
503.2
503.2
503.2
503.2
503.2
503.2
503.2
503.2
503.2
503.2
503.2
503.2
503.2
503.2
503.2
503.2
503.2
503.2
503.2
503.2
503.2
503.2
503.2
503.2
503.2
503.2
503.2
503.2
503.2
503.2
503.2
503.2
503.2
503.2
503.2
503.2
503.2
503.2
503.2
503.3
503.3
503.3
503.3
503.3
503.3
503.3
503.3
503.3
503.3
503.3
503.3
503.3
503.3
503.3
503.3
503.3
503.3
503.3
503.3
503.3
503.3
503.3
503.3
503.3
503.3
503.3
503.3
503.3
503.3
503.3
503.3
503.3
503.3
503.3
503.3
503.3
503.3
503.4
503.4
503.4
503.4
503.4
503.4
503.4
503.4
503.4
503.4
503.4
503.4
503.4
503.4
503.4
503.4
503.4
503.4
503.4
503.4
503.4
503.4
503.4
503.4
503.4
503.4
503.4
503.4
503.4
503.4
503.4
503.4
503.4
503.4
503.5
503.5
503.5
503.5
503.5
503.5
503.5
503.5
503.5
503.5
503.5
503.5
503.5
503.5
503.5
503.5
503.5
503.5
503.5
503.5
503.5
503.5
503.5
503.5
503.5
503.5
503.5
503.5
503.5
503.5
503.5
503.5
503.5
503.5
503.5
503.6
503.6
503.6
503.6
503.6
503.6
503.6
503.6
503.6
503.6
503.6
503.6
503.6
503.6
503.6
503.6
503.6
503.6
503.6
503.6
503.6
503.6
503.6
503.6
503.6
503.6
503.6
503.6
503.7
503.7
503.7
503.7
503.7
503.7
503.7
503.7
503.7
503.7
503.7
503.7
503.7
503.7
503.7
503.7
503.7
503.7
503.7
503.7
503.7
503.7
503.7
503.7
503.7
503.7
503.7
503.8
503.8
503.8
503.8
503.8
503.8
503.8
503.8
503.8
503.8
503.8
503.8
503.8
503.8
503.8
503.8
503.8
503.8
503.8
503.8
503.9
503.9
503.9
503.9
503.9
503.9
503.9
503.9
503.9
503.9
503.9
503.9
503.9
503.9
503.9
503.9
503.9
503.9
503.9
503.9
503.9
503.9
503.9
503.9
503.9
503.9
503.9
503.9
503.9
503.9
504.0
504.0
504.0
504.0
504.0
504.0
504.0
504.0
504.0
504.0
504.0
504.0
504.0
504.0
504.0
504.0
504.0
504.0
504.0
504.0
504.0
504.0
504.0
504.0
504.0
504.0
504.0
504.0
504.0
504.0
504.0
504.1
504.1
504.1
504.1
504.1
504.1
504.1
504.1
504.1
504.1
504.1
504.1
504.1
504.1
504.1
504.1
504.1
504.1
504.1
504.1
504.1
504.1
504.1
504.2
504.2
504.2
504.2
504.2
504.2
504.2
504.2
504.2
504.2
504.2
504.2
504.2
504.2
504.2
504.2
504.2
504.2
504.2
504.2
504.2
504.3
504.3
504.3
504.3
504.3
504.3
504.3
504.3
504.3
504.3
504.3
504.3
504.3
504.3
504.3
504.3
504.3
504.4
504.4
504.4
504.4
504.4
504.4
504.4
504.4
504.4
504.4
504.4
504.4
504.4
504.4
504.4
504.4
504.4
504.4
504.4
504.4
504.5
504.5
504.5
504.5
504.5
504.5
504.5
504.5
504.5
504.5
504.5
504.5
504.5
504.5
504.5
504.5
504.5
504.5
504.5
504.5
504.5
504.5
504.6
504.6
504.6
504.6
504.6
504.6
504.6
504.6
504.6
504.6
504.6
504.6
504.6
504.6
504.6
504.6
504.7
504.7
504.7
504.7
504.7
504.7
504.7
504.7
504.7
504.7
504.7
504.7
504.7
504.7
504.7
504.7
504.7
504.7
504.7
504.7
504.8
504.8
504.8
504.8
504.8
504.8
504.8
504.8
504.8
504.8
504.8
504.8
504.8
504.8
504.8
504.8
504.9
504.9
504.9
504.9
504.9
504.9
504.9
504.9
504.9
504.9
504.9
505.0
505.0
505.0
505.0
505.0
505.0
505.0
505.0
505.0
505.0
505.0
505.0
505.0
505.0
505.1
505.1
505.1
505.1
505.1
505.1
505.1
505.1
505.1
505.1
505.1
505.1
505.1
505.1
505.1
505.1
505.1
505.1
505.1
505.1
505.1
505.1
505.2
505.2
505.2
505.2
505.2
505.2
505.2
505.2
505.2
505.2
505.2
505.2
505.2
505.3
505.3
505.3
505.3
505.3
505.3
505.3
505.3
505.3
505.4
505.4
505.4
505.4
505.4
505.4
505.4
505.4
505.4
505.4
505.4
505.4
505.4
505.4
505.5
505.5
505.5
505.5
505.5
505.5
505.5
505.5
505.5
505.5
505.5
505.5
505.6
505.6
505.6
505.6
505.7
505.7
505.7
505.7
505.7
505.7
505.7
505.7
505.8
505.8
505.8
505.8
505.8
505.8
505.9
505.9
505.9
505.9
505.9
505.9
505.9
505.9
505.9
505.9
505.9
505.9
505.9
505.9
506.0
506.0
506.0
506.0
506.0
506.0
506.0
506.0
506.0
506.0
506.0
506.0
506.0
506.1
506.1
506.1
506.1
506.1
506.1
506.1
506.1
506.1
506.1
506.1
506.1
506.2
506.2
506.2
506.2
506.2
506.2
506.3
506.3
506.3
506.3
506.3
506.3
506.3
506.3
506.3
506.3
506.4
506.4
506.4
506.4
506.4
506.4
506.4
506.5
506.5
506.5
506.5
506.5
506.5
506.5
506.6
506.6
506.6
506.6
506.6
506.6
506.6
506.6
506.6
506.7
506.7
506.7
506.7
506.7
506.7
506.8
506.8
506.8
506.8
506.8
506.8
506.8
506.8
506.8
506.9
506.9
506.9
506.9
507.0
507.0
507.0
507.0
507.0
507.0
507.0
507.1
507.1
507.1
507.1
507.1
507.1
507.1
507.1
507.2
507.2
507.2
507.2
507.2
507.2
507.3
507.3
507.3
507.3
507.3
507.3
507.3
507.4
507.4
507.4
507.4
507.4
507.4
507.4
507.4
507.5
507.5
507.5
507.5
507.6
507.6
507.6
507.6
507.6
507.6
507.6
507.6
507.7
507.7
507.7
507.7
507.7
507.7
507.7
507.8
507.8
507.8
507.8
507.8
507.8
507.9
507.9
507.9
507.9
507.9
507.9
507.9
508.0
508.0
508.0
508.0
508.0
508.0
508.1
508.1
508.1
508.1
508.1
508.1
508.1
508.2
508.2
508.2
508.2
508.2
508.2
508.2
508.2
508.3
508.3
508.3
508.3
508.3
508.3
508.3
508.3
508.3
508.3
508.4
508.4
508.4
508.4
508.4
508.4
508.4
508.5
508.5
508.5
508.5
508.5
508.6
508.6
508.6
508.6
508.6
508.6
508.6
508.7
508.7
508.7
508.7
508.7
508.7
508.7
508.7
508.8
508.8
508.8
508.8
508.8
508.8
508.8
509.0
509.0
509.0
509.0
509.0
509.0
509.1
509.1
509.2
509.2
509.2
509.2
509.2
509.2
509.2
509.3
509.3
509.3
509.3
509.3
509.3
509.3
509.4
509.4
509.4
509.5
509.5
509.5
509.5
509.5
509.6
509.6
509.6
509.6
509.6
509.6
509.6
509.6
509.7
509.7
509.7
509.7
509.7
509.7
509.7
509.8
509.8
509.8
509.8
509.8
509.8
509.8
509.9
509.9
509.9
510.0
510.0
510.1
510.1
510.1
510.2
510.2
510.2
510.3
510.3
510.3
510.4
510.4
510.4
510.5
510.5
510.5
510.6
510.6
510.6
510.7
510.7
510.7
510.7
510.7
510.7
510.8
510.8
510.8
510.8
510.9
510.9
510.9
511.0
511.0
511.2
511.3
511.3
511.3
511.3
511.3
511.4
511.4
511.4
511.6
511.6
511.6
511.6
511.7
511.7
511.7
511.8
511.8
511.8
511.8
511.8
511.8
511.9
511.9
511.9
511.9
511.9
511.9
511.9
511.9
512.0
512.0
512.0
512.0
512.1
512.2
512.2
512.2
512.2
512.2
512.3
512.4
512.4
512.4
512.4
512.5
512.5
512.5
512.5
512.6
512.6
512.7
512.7
512.8
512.8
512.8
512.8
512.8
512.8
512.8
512.8
512.8
512.9
512.9
512.9
513.0
513.0
513.1
513.1
513.1
513.1
513.1
513.2
513.2
513.2
513.2
513.3
513.3
513.3
513.3
513.3
513.4
513.4
513.4
513.5
513.5
513.5
513.5
513.6
513.6
513.7
513.7
513.8
513.9
514.0
514.0
514.1
514.1
514.1
514.1
514.1
514.2
514.2
514.3
514.3
514.3
514.3
514.3
514.3
514.3
514.4
514.4
514.4
514.5
514.5
514.6
514.6
514.6
514.7
514.7
514.8
514.8
514.9
514.9
515.0
515.0
515.0
515.0
515.0
515.0
515.0
515.0
515.1
515.1
515.1
515.1
515.1
515.1
515.2
515.3
515.3
515.4
515.4
515.4
515.6
515.9
515.9
515.9
515.9
516.0
516.1
516.1
516.2
516.2
516.2
516.2
516.3
516.4
516.4
516.5
516.5
516.5
516.5
516.5
516.6
516.7
516.8
516.8
516.9
516.9
516.9
516.9
517.0
517.1
517.3
517.3
517.4
517.5
517.5
517.6
517.7
517.7
517.8
517.8
517.8
517.9
518.0
518.0
518.0
518.0
518.1
518.1
518.1
518.1
518.1
518.3
518.3
518.3
518.4
518.4
518.4
518.5
518.6
518.6
518.6
518.6
518.7
518.7
518.7
518.8
518.8
519.0
519.0
519.0
519.0
519.1
519.1
519.1
519.1
519.2
519.2
519.2
519.3
519.3
519.6
519.8
519.9
519.9
519.9
520.0
520.0
520.1
520.1
520.1
520.2
520.3
520.4
520.4
520.5
520.5
520.6
520.6
520.7
520.7
520.7
520.7
520.8
520.9
521.0
521.0
521.1
521.1
521.2
521.3
521.3
521.4
521.5
521.7
521.9
521.9
522.1
522.3
522.3
522.3
522.4
522.5
522.6
522.6
522.7
522.7
522.7
522.7
522.9
522.9
522.9
523.1
523.1
523.2
523.4
523.4
523.5
523.5
523.5
523.6
523.6
523.6
523.6
523.8
523.8
523.9
523.9
524.0
524.1
524.1
524.2
524.4
524.4
525.2
525.2
525.3
525.4
525.4
525.4
525.5
525.7
525.7
526.0
526.1
526.1
526.1
526.3
526.3
526.4
526.4
526.7
527.0
527.1
527.1
527.2
527.2
527.3
527.3
527.5
527.5
527.5
527.8
527.9
528.0
528.0
528.1
528.1
528.3
528.4
528.5
528.6
528.7
528.9
529.1
529.1
529.2
529.4
529.5
529.5
529.6
529.8
529.9
529.9
530.0
530.1
530.1
530.1
530.2
530.5
530.6
530.9
531.1
531.2
531.3
531.7
531.8
531.8
531.8
532.0
532.1
532.4
532.5
532.7
533.1
533.2
533.2
533.3
533.3
533.4
534.0
534.1
534.1
534.5
534.6
534.7
534.7
534.9
534.9
535.0
535.3
535.4
535.4
535.4
535.6
535.7
535.7
535.8
535.9
536.3
536.5
536.6
536.7
536.9
537.3
537.4
537.6
537.7
537.7
537.8
538.1
538.2
538.4
538.8
538.9
539.2
539.3
539.4
539.5
539.5
539.7
539.9
540.0
540.0
540.3
540.3
540.8
541.0
541.3
541.3
541.9
542.3
542.3
542.4
542.7
542.7
542.9
542.9
542.9
543.4
543.4
543.4
543.8
543.9
544.4
544.7
544.7
544.8
545.0
545.4
545.7
545.7
546.0
546.1
546.3
546.5
547.7
547.9
548.1
548.2
548.7
549.2
549.5
549.8
549.9
550.0
550.2
550.8
550.8
551.3
551.3
551.4
551.6
551.8
552.0
552.4
552.4
552.4
552.8
553.1
553.4
554.1
554.4
554.5
554.6
554.6
554.7
554.9
555.0
555.7
555.7
555.7
555.8
555.9
556.0
557.2
557.5
557.7
557.9
558.2
558.5
558.5
558.9
559.0
559.7
560.0
560.0
560.3
560.4
560.7
560.9
561.5
561.6
561.6
561.7
561.9
562.0
563.8
564.0
564.5
565.0
566.2
566.4
566.5
568.0
568.2
568.3
568.4
569.6
569.6
569.7
569.9
570.8
570.9
571.0
571.2
572.0
572.2
572.3
572.9
573.0
573.3
573.5
573.8
574.1
575.0
575.4
576.3
576.4
576.4
576.6
577.3
578.2
578.5
579.5
579.7
580.1
580.7
580.9
581.0
581.4
581.9
581.9
582.6
583.8
584.2
584.3
584.4
585.1
586.1
586.7
587.7
589.2
589.3
589.6
590.1
590.4
590.9
592.1
592.9
593.1
593.2
593.8
594.1
594.2
594.2
594.3
594.4
594.5
595.2
596.3
596.3
596.7
597.5
597.9
598.7
598.8
599.2
599.8
599.8
601.4
602.3
602.5
602.7
603.0
603.6
603.6
604.5
605.3
606.3
607.2
607.7
608.7
608.9
609.3
609.4
610.1
611.0
611.4
611.5
611.7
612.1
612.2
612.5
612.6
612.9
613.6
613.7
614.3
614.6
614.7
614.9
615.1
615.1
615.5
616.0
617.0
617.5
617.9
617.9
618.9
619.1
619.2
620.0
620.4
620.5
621.1
621.1
622.4
623.0
623.1
623.3
623.4
623.6
624.9
625.0
625.1
625.8
626.5
627.4
629.3
630.2
630.7
631.1
631.5
631.6
631.7
632.3
633.3
634.2
634.4
634.8
634.9
635.6
635.9
636.0
636.8
636.9
637.0
637.3
637.4
637.8
638.1
638.3
638.6
639.0
639.1
639.3
639.6
640.3
641.1
641.4
642.4
643.1
643.1
644.6
646.0
646.2
646.3
646.8
647.3
647.6
648.7
649.7
649.9
650.1
650.4
650.7
652.2
652.2
652.7
653.0
653.1
653.2
653.4
653.8
654.3
655.4
655.7
655.8
656.1
656.4
656.5
657.0
657.2
657.5
658.3
658.6
659.0
659.7
660.2
660.7
660.7
660.8
661.3
662.4
662.4
662.6
662.7
662.7
663.5
663.9
664.2
664.4
664.4
664.7
665.2
665.5
665.6
665.7
666.2
666.2
666.4
667.1
668.1
668.2
668.5
669.1
669.3
669.5
670.0
670.2
670.3
672.6
672.7
672.7
672.9
672.9
672.9
674.1
674.3
674.5
675.0
675.1
675.6
677.7
678.3
679.0
679.1
679.2
679.4
679.6
679.7
679.7
679.9
680.1
680.5
680.6
681.1
681.7
681.9
682.3
682.4
682.4
682.6
682.6
683.0
683.1
683.5
683.5
683.7
684.3
684.3
684.5
685.1
685.4
685.5
685.7
686.0
686.0
686.1
686.4
687.1
688.3
689.1
689.3
689.4
689.5
689.6
689.9
690.2
690.4
690.7
691.1
691.7
693.3
694.9
695.0
695.3
695.3
695.5
695.5
695.6
695.6
695.8
695.9
696.4
696.5
696.8
697.1
697.6
698.4
699.1
699.4
699.8
700.1
700.2
701.0
701.4
701.5
701.5
702.1
702.7
702.8
703.0
704.7
704.7
704.8
704.8
705.2
705.6
705.9
706.4
706.6
706.9
707.5
707.7
707.7
708.0
708.3
708.8
709.0
709.5
709.6
709.8
710.0
710.5
710.7
711.3
711.3
713.4
713.5
714.1
714.2
714.4
714.9
715.2
715.3
716.4
716.9
717.3
717.6
717.7
718.0
718.3
719.1
719.1
719.4
719.5
720.2
720.3
720.3
720.7
721.0
721.0
721.1
721.6
722.2
722.3
722.5
723.0
723.3
723.6
723.6
723.6
723.7
723.8
723.8
723.9
723.9
724.0
724.0
724.4
725.2
725.3
726.0
726.2
726.2
726.4
727.0
727.1
727.3
727.3
727.6
727.8
727.8
729.0
729.3
729.6
729.9
730.1
730.1
730.2
730.3
730.5
731.4
731.8
732.2
732.2
732.3
732.4
732.6
732.6
732.7
732.8
732.9
733.3
734.3
734.7
735.0
735.4
735.4
735.5
735.5
735.9
736.0
737.1
737.7
737.9
738.3
738.5
739.1
739.6
739.7
740.5
740.8
740.8
741.1
741.4
741.5
741.6
742.0
742.0
743.5
743.6
743.6
743.9
744.1
744.4
744.8
745.4
745.4
745.6
745.7
745.8
745.8
746.2
746.5
746.9
747.0
747.2
747.6
747.9
748.8
749.4
749.7
750.0
750.0
750.0
751.8
751.8
751.8
752.1
752.7
752.9
753.2
753.7
753.9
754.0
754.0
754.1
754.4
754.4
754.8
755.5
755.9
756.1
757.0
757.3
757.7
758.7
759.1
759.4
759.5
759.5
760.0
760.1
760.7
760.8
761.4
761.6
761.7
761.8
763.7
763.7
763.8
763.9
764.4
764.4
764.7
764.7
764.8
765.1
765.3
765.4
765.5
765.6
765.9
766.4
766.7
766.7
767.0
767.0
767.4
767.7
767.9
768.4
768.9
769.1
769.2
769.4
769.5
769.5
769.6
769.9
770.0
770.5
770.6
771.1
771.9
772.0
772.5
772.7
772.8
773.0
773.0
773.3
773.8
774.0
774.1
774.5
774.7
774.8
774.8
775.0
775.1
775.8
776.9
777.2
777.3
777.3
778.0
778.3
778.3
778.4
778.6
778.8
778.9
778.9
779.2
779.2
779.4
779.4
779.5
779.5
779.8
779.9
779.9
780.3
780.7
780.7
781.2
781.2
781.3
781.3
781.4
781.4
781.6
781.8
782.3
782.7
783.0
783.1
783.3
783.4
783.4
783.5
783.5
783.6
783.6
783.9
784.2
784.7
784.7
785.1
785.3
785.3
785.6
785.8
785.9
786.1
786.8
786.8
786.9
786.9
787.0
787.1
787.2
787.3
787.7
787.8
787.8
787.9
788.5
789.2
789.5
789.6
789.8
790.0
790.2
791.3
791.3
791.4
792.2
792.2
792.4
792.5
792.5
793.2
793.3
793.8
793.8
794.3
794.5
794.7
794.8
795.0
795.0
795.1
795.5
795.6
795.8
797.0
797.2
797.3
797.3
797.6
798.1
798.5
798.6
799.0
799.3
799.7
800.4
800.6
800.7
800.8
800.9
801.2
801.3
801.5
801.5
801.8
801.8
802.5
802.8
802.9
803.0
803.0
803.1
803.2
803.2
803.3
803.3
803.4
803.8
803.9
804.8
804.8
804.9
805.2
805.2
805.2
805.5
805.5
805.6
805.6
805.9
806.1
806.2
806.6
806.8
806.9
806.9
806.9
807.0
807.3
807.7
807.8
808.0
808.1
808.3
808.4
808.8
809.0
809.2
809.3
809.5
809.6
809.9
809.9
810.0
810.1
810.2
810.6
811.3
811.4
811.5
812.1
812.1
812.5
812.9
813.2
813.3
813.4
813.5
813.6
813.8
813.9
813.9
814.0
814.3
815.4
815.8
815.9
816.1
816.4
816.6
816.7
816.9
817.0
817.3
817.3
817.4
817.7
818.1
818.1
818.2
818.2
818.3
818.6
819.4
819.4
819.6
819.6
819.9
820.0
820.3
820.4
820.6
821.0
821.2
821.3
821.3
821.6
821.7
821.8
821.9
821.9
822.4
822.4
822.4
822.7
823.0
823.7
824.3
824.3
824.4
824.7
825.0
825.4
825.5
825.6
825.7
825.9
825.9
826.0
826.2
827.0
827.1
827.1
827.2
827.2
827.6
827.9
828.5
828.7
828.8
829.2
829.4
829.4
829.5
829.6
829.7
830.2
830.2
830.3
830.3
830.9
831.1
831.1
831.3
831.6
831.9
832.3
832.3
832.4
832.8
833.2
833.2
833.4
833.6
833.7
833.7
833.8
833.9
833.9
833.9
834.0
834.1
834.2
834.4
834.8
834.9
835.0
835.2
835.3
835.3
835.3
835.5
835.7
835.9
836.0
836.2
836.3
836.4
836.5
837.2
837.4
837.4
837.5
837.6
837.6
838.2
838.4
839.0
839.1
839.3
839.6
839.6
839.7
839.9
839.9
840.1
840.1
840.3
840.7
841.0
841.2
841.3
841.9
841.9
842.8
843.0
843.0
843.3
843.5
843.7
843.8
844.2
844.9
845.0
846.6
846.8
847.4
847.5
847.6
847.8
847.9
848.3
848.4
848.5
848.5
848.7
848.7
848.8
848.9
849.1
849.3
849.4
849.5
849.7
850.2
850.6
850.8
851.0
851.3
851.8
852.1
852.4
852.5
852.5
852.7
852.7
853.0
853.0
853.0
853.0
853.1
853.1
853.1
853.3
853.5
853.9
854.0
854.0
854.3
854.4
854.7
855.3
855.4
855.5
855.6
855.7
855.7
856.1
856.1
856.2
856.6
856.6
856.8
857.2
857.3
857.3
857.3
857.5
857.7
857.7
857.8
857.8
857.8
858.1
858.3
858.5
858.5
858.5
858.6
858.7
858.8
859.2
859.6
859.7
859.7
860.5
860.7
861.0
861.7
861.7
861.8
862.4
862.7
862.8
863.2
863.2
863.3
863.5
863.7
863.7
864.2
864.3
864.3
864.8
865.1
865.2
865.4
865.5
865.6
865.6
865.8
866.0
866.2
866.3
866.3
866.8
867.0
867.1
867.4
867.7
868.0
868.2
868.5
868.6
868.8
868.9
869.3
869.4
869.5
869.8
870.1
870.2
870.5
870.7
870.8
871.1
871.2
871.4
872.0
872.4
872.4
872.5
872.5
872.6
872.9
872.9
873.2
873.2
873.4
873.7
873.9
874.5
874.7
874.7
874.9
875.8
876.3
876.6
876.6
876.7
877.5
878.0
878.0
878.5
878.8
878.8
879.0
879.1
879.2
879.3
880.0
880.3
880.5
880.7
880.8
880.8
880.9
881.2
881.2
881.3
881.5
881.6
881.9
882.1
882.2
882.7
883.0
883.1
883.2
884.0
884.0
884.0
884.2
884.3
884.3
884.3
884.5
884.6
884.7
884.7
884.9
885.1
886.1
886.6
886.6
886.9
886.9
886.9
887.0
887.0
887.4
887.5
887.8
888.2
888.4
888.6
888.6
888.6
888.6
888.7
889.3
889.6
889.6
889.9
890.5
890.6
891.0
891.4
891.6
891.6
892.0
892.1
892.1
892.3
892.3
892.5
892.6
892.6
892.8
893.1
893.1
893.1
893.3
893.4
893.4
893.4
893.7
893.9
894.6
894.7
894.7
894.9
894.9
894.9
894.9
895.5
895.5
895.8
895.8
895.9
896.0
896.0
896.1
896.5
897.0
897.2
897.6
897.9
898.0
898.1
898.1
898.7
898.8
899.0
899.0
899.1
899.4
899.6
899.8
899.8
900.1
900.1
900.1
900.7
901.0
901.4
901.4
901.7
901.7
901.8
902.3
902.4
902.6
902.9
903.4
903.5
903.6
903.7
904.1
904.3
904.4
904.6
904.7
904.7
904.8
904.9
904.9
905.1
905.6
905.7
905.8
906.1
906.2
906.2
906.5
906.6
906.9
907.3
907.3
907.3
907.4
907.4
907.7
907.7
907.7
908.1
908.4
908.4
908.4
908.6
908.7
908.9
909.1
909.3
909.6
909.8
910.0
910.3
911.0
911.1
911.3
911.4
911.6
912.2
912.3
912.3
912.4
912.4
912.5
912.7
913.4
913.8
913.8
913.9
914.0
914.2
914.8
915.1
915.4
915.5
915.5
915.7
916.7
916.7
916.8
917.0
917.5
918.0
918.3
918.3
918.6
918.8
918.8
919.1
919.2
919.2
919.3
919.3
919.4
919.5
919.6
919.8
920.3
920.4
920.6
920.7
920.8
920.9
921.1
921.2
921.2
921.3
921.3
921.4
921.5
921.6
921.7
921.8
922.0
922.1
922.5
923.3
923.3
923.4
923.5
923.6
923.7
924.0
924.1
924.4
924.5
924.8
924.8
924.9
925.0
925.0
925.1
925.7
925.7
925.8
926.0
926.2
926.3
926.4
926.5
926.8
926.8
926.8
927.0
927.0
927.5
928.3
928.3
928.6
928.7
928.8
929.0
929.0
929.1
929.1
929.4
929.4
929.6
929.6
929.7
929.7
930.2
930.7
930.7
931.0
931.0
931.3
931.5
931.6
931.8
931.9
932.2
932.4
932.9
933.0
933.1
933.3
933.3
933.8
934.3
934.3
934.4
935.0
935.1
935.2
935.4
935.4
935.5
935.6
935.7
935.7
935.7
936.1
936.4
936.7
936.7
937.0
937.0
937.1
937.2
937.4
937.8
937.9
938.1
938.3
938.4
938.8
939.1
939.2
939.4
939.7
940.0
940.9
941.3
941.4
941.6
941.7
941.7
941.9
942.1
942.1
942.3
942.4
942.6
942.7
942.7
943.1
943.1
943.2
943.4
943.5
943.6
943.7
943.7
943.9
944.0
944.0
944.2
944.2
944.7
944.9
945.1
945.3
945.3
945.5
945.9
946.2
946.3
946.8
946.9
946.9
947.0
947.1
947.7
947.8
947.8
947.9
947.9
948.1
948.3
948.5
948.6
948.7
949.1
949.3
949.4
949.6
950.1
950.1
950.3
950.4
950.7
950.7
951.0
951.0
951.1
951.2
951.3
951.4
951.7
951.8
952.3
952.5
952.6
952.7
953.4
953.7
953.8
954.0
954.0
954.4
954.9
955.0
955.1
955.1
955.2
955.5
955.7
955.7
955.9
956.1
956.5
956.6
956.6
956.8
957.8
957.9
957.9
958.0
958.4
958.6
958.6
958.6
958.9
959.6
959.9
960.0
960.1
960.1
960.3
960.4
960.8
961.4
961.5
961.8
961.8
961.9
961.9
962.0
962.1
962.3
962.4
962.7
962.9
962.9
962.9
963.0
963.1
963.4
963.5
963.8
963.9
963.9
964.2
964.2
964.3
964.5
964.8
965.0
965.0
965.2
965.4
965.6
965.7
965.8
965.8
965.9
966.0
966.2
966.3
966.3
966.5
966.6
966.6
967.0
967.3
967.3
967.8
968.1
968.2
968.4
968.5
968.5
968.6
968.8
969.5
969.5
969.6
969.6
969.8
970.1
970.2
970.3
970.4
970.8
971.0
971.1
971.2
971.2
971.4
971.5
971.6
971.8
972.3
972.5
972.7
972.8
973.1
973.2
973.3
973.3
973.8
974.1
974.2
974.3
974.3
974.4
975.0
975.3
975.6
975.7
976.0
976.3
976.4
977.1
977.1
977.3
977.3
977.8
977.8
977.9
978.2
978.3
978.5
978.7
979.0
979.0
979.2
979.4
979.5
979.7
979.9
979.9
980.1
980.4
980.5
980.6
980.6
980.7
980.8
980.9
980.9
981.5
981.6
981.8
982.3
982.4
982.5
982.5
982.7
982.9
983.0
983.1
983.2
983.6
983.7
984.0
984.4
984.6
984.6
984.8
984.8
984.8
985.1
985.2
985.4
985.4
985.5
985.7
985.8
986.1
986.1
986.4
987.3
987.3
987.3
987.6
987.7
987.7
987.9
988.0
988.2
988.5
988.5
988.5
988.8
988.9
988.9
989.0
989.0
989.2
989.2
989.4
990.0
990.5
990.7
990.9
991.1
991.6
991.6
991.6
991.6
991.7
991.8
991.9
992.1
992.2
992.3
992.3
992.4
992.5
992.6
992.9
993.3
993.3
993.5
993.8
993.9
994.5
994.7
994.8
995.0
995.0
995.2
995.3
995.4
995.6
995.6
995.6
995.7
996.2
996.5
996.6
996.7
997.3
997.5
997.6
997.6
997.6
997.7
997.9
998.0
998.1
998.3
998.5
998.5
998.5
998.8
999.0
999.2
999.3
999.5
999.5
999.6
999.8
