5507
1111
3766
298
6542
3349
5351
0
6047
8914
9788
23
1198
6191
9060
1064
3747
794
1862
4215
5020
850
976
1171
8209
299
613
8642
3004
3684
3764
7079
8969
5927
8100
3659
5916
3536
8207
726
5119
7940
3603
4620
1046
2318
4400
4815
5985
4548
5378
7700
721
1885
2990
5572
5618
8450
8645
8716
8731
3631
4094
2034
2728
7218
7651
433
4063
6232
8804
1777
2061
5951
8442
5426
9290
2128
4757
6589
8841
9458
37
832
2966
3271
4173
8565
1791
3170
4979
6574
8778
1550
4826
835
4912
5438
9871
58
227
5120
6294
8391
8465
8683
9077
518
813
2074
3249
4417
4763
6813
7020
7129
8925
2433
4027
6108
6888
443
1093
1504
4372
5933
7952
8190
951
1966
5867
7642
8121
8479
9526
233
2685
3472
5699
6665
8899
127
2195
4659
4956
5805
6526
6969
9502
501
5124
7819
8139
328
1182
1271
5041
7482
8690
9261
9358
378
598
1484
1679
4554
4582
4617
7884
9444
9895
429
971
1110
2698
6091
6329
6764
7970
9009
9201
3408
5239
9949
1466
2956
5208
1838
4449
6173
6410
8839
9047
218
495
1434
1529
2321
3288
4329
6359
7040
7629
9437
3602
4632
8849
1592
5575
60
1131
2024
2827
4492
4903
6403
9969
302
879
1288
3600
4409
5250
821
1570
2765
3017
3286
3793
5748
6141
8170
8685
8998
9313
1826
3045
6339
6855
9434
9751
9902
550
2437
2586
7365
7895
8052
9553
3434
4737
5158
5676
5779
6004
9315
3850
4104
4842
5484
8189
9438
288
1388
2670
2673
3876
5220
6143
6861
7213
263
343
865
3380
5203
5425
1818
7468
8515
8762
1129
5793
8055
8393
2907
5879
7168
8424
8677
1639
3963
3967
7935
8864
9388
257
1410
4182
4748
6029
6089
6617
7132
8561
941
4035
4427
4713
5478
6869
8660
9373
2503
3113
4165
4650
5207
7291
7737
8325
1413
2151
2376
4122
4588
5352
6147
6605
6770
9606
284
424
4065
5454
8580
1115
2861
3716
4354
4851
6680
7233
7742
3325
3980
4114
6131
6582
6675
6754
7672
9093
9325
9726
379
487
586
1609
3638
4239
5325
5595
8304
8834
9068
9424
2056
4709
5774
7372
8158
8785
111
738
1515
1942
4097
5383
8820
3059
4590
5146
6423
6532
8733
9215
9414
384
3245
5437
5525
6774
7013
8871
9687
1737
2182
2218
4615
5729
6676
8043
9565
785
1071
2451
4106
5627
6876
7305
9475
9930
1159
1855
3471
5369
5375
5828
7010
8922
9108
9162
9218
9910
9919
834
2360
4610
4616
5297
7193
7556
7681
9097
9121
334
817
1755
1963
2322
3530
4062
4828
6200
6383
6935
7725
7734
8243
9906
2424
4113
6398
3205
4439
6058
6443
7722
8108
68
268
290
2105
3385
5675
6782
7458
8045
8984
205
259
1903
2245
5743
6150
6591
8691
342
5976
6751
9101
1337
1926
2270
4940
5732
6290
7614
9677
217
1191
2220
3180
3816
3817
5244
5735
6368
6616
2720
4949
4995
5947
6409
6518
6787
6810
7751
7999
398
1800
6790
9589
903
1172
2753
3109
3360
3389
3618
5318
6607
6753
1326
2153
2463
2877
3607
3936
4290
4939
5311
6094
9142
2187
2307
3762
3846
5151
5960
6256
7090
7381
8622
193
2282
2681
2767
2852
3504
5733
6924
7307
7703
8215
8750
8938
8988
9961
1569
3215
4136
5804
9115
9420
9460
2093
4060
5924
9032
1768
4178
4817
4941
5058
5939
8413
9591
277
804
2109
2164
2658
3658
6922
9974
1321
1672
3949
4571
4936
5848
7572
8587
504
3353
3790
7879
623
2652
4043
4999
8822
1533
1908
1928
7175
7467
8368
1614
3133
4340
4426
5503
5912
6127
7459
8105
1323
1870
3540
4067
4179
4512
6161
6255
6259
7323
2297
4645
5154
8070
81
1498
2865
2962
4307
5113
5569
6120
8948
9140
9887
35
355
798
1319
3806
4902
6447
7156
7309
8674
30
1459
1468
4933
5249
6276
9343
1781
1941
5682
7461
7840
7930
8606
989
3187
4899
6476
7228
8099
8576
2796
2818
3835
4108
5894
7191
7570
8954
9763
801
1402
2793
3693
4530
5700
6899
7162
7532
7562
9856
9862
119
1514
2394
2569
3519
4301
6736
8103
8960
9814
1080
1719
2797
2994
6372
7304
7415
7708
8625
9149
9394
9491
8
258
882
1109
3450
4336
6125
6225
9007
9038
254
1980
2803
3998
4295
6945
8850
9555
1305
3277
3616
3932
6198
6221
7685
7857
8317
8759
814
1002
1143
2082
2286
3575
4674
4806
5563
6464
6887
6040
1724
3021
3152
8315
475
2026
2699
2942
3052
4704
5936
7229
9417
864
3123
3323
3688
4503
6601
8051
8626
9005
9296
667
886
3233
3298
3413
3886
4483
5186
6238
9122
9597
9886
536
1214
1647
1801
2823
4283
6399
6415
6958
7155
4353
5767
8577
8838
149
753
900
1690
1881
3890
6448
6458
7550
8084
315
1861
3571
4036
5652
7181
9772
59
4083
6484
9529
9545
1776
2576
2585
2975
6211
6454
7922
243
1350
2718
8110
8201
9523
1945
2041
4990
7136
7441
444
841
2462
2660
3788
6762
6873
8197
9481
1752
2352
3467
4009
4498
8344
9780
9952
1241
2063
2194
3363
3605
4366
5336
7436
8062
9029
9824
110
2048
3178
3235
4700
6146
9271
186
465
2379
2450
2825
4482
4646
5788
7500
7979
7990
8250
1783
2881
6070
6823
7348
7455
7983
8030
8319
296
2486
3702
5629
5686
6343
451
9522
934
1231
4698
524
1961
2695
4271
4434
7189
8774
2747
3331
4920
5899
5948
6531
7424
143
1265
1658
2746
3411
4141
4221
4717
7382
8538
9064
164
478
2075
2369
2944
3455
5587
6834
9531
668
716
1070
1906
3799
4348
6600
9242
9409
1340
1354
2468
3465
3669
4058
4824
6032
6364
7805
8345
9495
71
2357
3700
4898
4965
5709
6051
8527
947
1018
1252
1706
2722
2768
5099
5637
8011
9480
1193
2410
4044
6005
7627
8160
8403
1914
8739
8763
9019
9661
4720
6720
7838
7883
8017
9260
395
396
810
1295
2894
3533
5165
8341
1371
3238
4131
7860
992
2721
5226
6318
6431
9729
96
990
1824
2236
3954
4145
5331
5492
5852
6804
7202
7320
8653
8667
9528
991
1220
2805
3115
3156
6022
919
1622
1865
2337
2536
3095
3206
5328
8910
822
1178
5534
5834
6894
7268
278
2637
3712
8943
9552
3149
3809
4205
5086
7816
8399
9360
984
3112
3805
5754
9273
1344
3597
3933
5006
5842
8437
6966
1049
1959
2439
3119
3898
9196
374
839
1605
3828
5043
9336
2594
3895
4910
7223
7437
7825
946
2579
8501
326
975
1027
370
505
7149
8662
9226
9742
1443
1694
2458
4895
4993
5893
9866
591
2350
3161
3778
4279
5112
7244
8021
9637
2646
5177
6489
7004
3751
4077
6446
8953
931
1883
2565
3410
4034
4915
5641
6732
7421
9579
1217
2095
2494
3056
3626
4977
5849
8106
9100
828
1250
1401
1616
1888
7713
8371
9953
9989
469
497
2643
3075
4455
4485
6648
7284
9486
642
796
1034
3586
7808
3168
3972
5206
5242
7581
8414
8812
8852
1638
2188
3066
3481
4000
6442
6520
26
583
3242
3814
6075
8067
8353
1408
1722
3024
3821
6926
7495
8484
9435
2566
6509
6618
1161
2633
3151
4693
5085
6919
7122
8654
9642
1291
5364
6487
7721
7728
7730
8798
3226
4074
9761
139
1733
6967
8584
9264
9314
380
5134
5401
5825
6473
9488
9634
9793
694
1242
1909
2317
6469
7075
8855
9515
3155
9010
9123
9411
1555
2112
2336
2927
3822
5209
6020
6712
7027
7457
8784
8924
9184
9898
1491
1769
3136
3222
3613
5821
6847
8120
126
1645
2097
4666
5651
5765
8981
902
3034
3648
7001
6102
7051
7251
7271
8729
9483
891
2531
2806
3067
3388
4269
7341
7720
9230
9884
397
2278
3280
3395
5335
6714
3285
4171
5066
5548
7112
4367
4594
5571
7533
7683
9000
646
1154
4255
4308
6735
7477
280
665
1277
5598
6722
7633
7682
8042
9342
9923
177
1157
1429
2523
4628
4695
5266
5417
351
723
2068
3845
4379
5205
7220
8640
8860
9268
337
2895
3981
6973
8815
2453
3894
4016
5482
8651
8917
9971
1315
1808
6893
8145
9485
1335
2009
3190
3319
4820
6933
8744
241
1676
5588
341
1007
2141
2835
5354
6239
6241
9743
806
892
2231
3965
7493
8634
2809
6852
8474
2444
2672
3039
4497
4971
8162
1225
1744
2528
3718
7294
8643
9044
1059
1207
2909
4578
5082
7092
8467
9429
1480
1762
4653
4919
5028
6450
7039
7776
8832
9828
2000
6950
8023
9331
9956
1681
2663
5564
8305
8639
9745
1082
3185
3581
5081
5922
6673
7026
7759
8512
8586
9706
2211
3228
4079
4930
7953
8783
1216
1703
2757
5100
6516
7580
8468
9413
543
1583
1957
3183
3506
4486
5079
5604
8807
152
1532
2104
3905
4664
7005
7973
8406
8670
8958
252
3531
3744
5589
9322
9770
463
2249
2950
3366
3851
4129
4448
9719
2889
3355
4581
8932
3221
3599
3995
5456
5870
6135
8416
3509
3608
5422
6422
7209
683
5566
6272
6418
6436
6527
6583
8573
8997
808
3209
3556
5614
6692
9156
2705
195
510
1953
2792
8038
1060
2204
2741
4026
5907
8294
1062
1166
1677
3609
4244
5458
5737
7034
8281
8878
9839
408
614
2020
3268
5649
6079
242
618
1907
4190
6731
7649
8888
51
486
3392
4875
4885
5056
5312
5552
7864
9680
690
5717
8725
8851
8990
9248
9518
56
5841
124
1933
1960
3038
4023
5450
5480
6530
8824
5493
9874
2260
2600
4172
6641
7620
2255
2959
4689
7622
8351
881
4072
8258
2042
2391
5488
180
652
1234
4135
7378
7390
9157
67
1419
2320
2449
5962
6425
7158
107
1033
2092
3584
5510
6744
4132
9718
7280
7743
722
1918
2405
2562
7409
8710
9557
470
1023
2121
3957
5014
8093
9749
2
1643
2399
3072
4792
6199
6279
8004
9104
9415
5094
5984
6319
3090
4369
4445
7417
123
526
2553
9158
9596
3996
4347
6303
9611
2133
2261
4229
5338
9227
9324
2057
3622
4935
5496
9372
9645
3708
4905
6390
7994
8303
9247
9934
1936
2476
4566
8897
8986
9164
1773
4029
4857
482
2429
3079
5783
7505
8497
1316
2543
2949
7131
2274
9442
247
3341
3545
3734
5322
5573
7102
8159
9212
949
1262
4084
5476
6664
7731
8347
4651
5490
5993
6229
8014
279
2327
4202
4343
9147
3088
5698
6116
7173
2388
5332
6585
7639
3289
5180
5321
2532
3630
500
4149
6003
9467
556
1943
2055
5977
6621
7694
8631
9869
751
1105
1984
8503
1382
6046
6160
8049
3074
3126
3757
7313
4403
5166
7352
7499
8523
8963
24
62
1696
1698
1922
2812
3246
4468
5279
2624
3189
5591
7019
8909
55
2140
2630
4625
6841
159
4250
5919
6300
9498
467
6350
6910
7898
8618
936
4175
6868
9332
4682
8946
9796
1479
1764
2100
3311
5258
8829
165
471
3610
6129
6559
8374
8439
63
1937
3416
6434
7052
9365
1311
5607
5853
6750
9118
9586
275
640
1213
1846
2922
3020
5300
6794
7196
9963
617
1666
2544
5346
7474
8579
3173
4305
7420
7450
7463
1775
4509
6210
6949
8297
8363
8682
9622
5381
6453
7496
9439
9477
554
4385
6315
327
2079
8500
228
1005
2167
3468
8238
2338
3272
3928
8694
1282
4031
48
3364
6050
7047
7886
873
1873
7916
9967
317
4776
7573
8122
434
3645
4304
8194
8884
8172
5409
5487
5949
6224
6793
9506
9821
2193
5198
5556
8376
8817
1689
2619
3697
4318
6111
7666
8226
9249
3382
5241
130
7351
9221
4431
6219
8059
204
8498
8818
171
1057
1141
2086
2499
4585
8853
3070
4506
9725
584
1815
3865
5635
7082
7719
9943
1387
2475
3401
5434
8384
3073
4476
5827
1753
7308
7528
7606
9012
9985
1847
4248
7747
8711
9578
411
3393
5096
1235
6009
404
7578
7762
1048
4970
6898
167
2687
4669
6970
8989
318
507
2703
7054
2069
2587
2890
5310
6475
8537
9034
957
3138
953
1212
1266
2847
2929
2407
3541
3760
5472
5918
6517
6895
7558
9279
2689
2773
4801
5747
6132
7553
6027
6587
7006
9461
9849
5344
9468
1016
4246
8787
9583
9847
2161
8027
237
1993
2911
4264
4819
538
2304
4460
4656
8996
9328
6512
9401
2991
5538
7397
8930
9341
691
1035
1652
2372
3063
7585
672
8472
1400
5446
9904
33
6915
7958
7466
6093
8594
8036
9451
933
1061
1804
9492
6277
7693
9992
2044
7791
3150
5065
696
7117
21
101
4701
8941
9739
2800
6558
6592
9084
286
3919
6186
9289
391
2785
4957
7955
2031
4256
1065
1200
1428
5385
9844
9865
4090
4099
7270
8128
9456
169
5132
5537
8952
3962
5583
5632
8090
1543
5088
5559
9074
823
1394
3879
7540
8113
4155
7187
1021
1069
2208
3462
6623
129
4779
8478
8649
9970
775
2930
4537
4611
6588
9716
145
1039
9287
9027
5031
1126
6613
8191
929
1620
8637
8826
4020
5393
9446
412
582
5078
8886
513
1083
7488
93
3840
6474
7623
9079
82
178
1189
3483
3877
4603
6467
2411
8134
9112
4612
7374
7546
8493
1390
5007
2366
8328
8689
3991
7691
95
537
3815
4660
5152
5889
9210
9658
923
1615
2790
9224
261
1964
7443
3
4037
9528
9893
2734
3042
8929
9901
7370
7426
952
2039
3657
4361
5427
6192
917
994
1496
6733
685
2373
7434
2190
4388
4892
7601
8323
1886
1079
2310
2446
4262
6087
6104
6703
6853
8367
8842
1731
3503
5068
5847
6672
10
2913
5373
210
625
2582
3022
4201
9802
4747
9760
2375
8687
4972
5959
1535
3335
5038
8597
8672
7360
7412
8298
9624
4867
673
675
1346
1820
2014
2841
5773
9265
153
533
2625
4232
6610
7156
2912
6886
5161
6843
2073
9698
3704
4192
5785
447
481
2172
2623
9200
6700
6781
8799
2710
2748
8781
2049
5138
5980
6316
784
998
6142
359
360
4447
6539
8928
9392
1469
4494
7106
6833
7322
1738
3964
6695
8730
3436
34
6414
8657
2781
3002
1130
1320
2122
3546
692
3553
6064
8165
6428
7902
8779
887
2556
2691
5964
2876
8065
9623
3270
4831
1750
516
1215
6816
121
4877
6118
9081
8713
557
5054
5625
8993
3358
4322
7679
783
928
5791
9230
5155
1850
4866
8187
8369
2303
4850
7274
9432
9987
4330
7764
2763
2985
3677
4840
7487
437
607
777
3591
4556
5240
9387
1246
3192
3486
5324
5479
1564
2401
8383
8545
9685
1312
4797
570
1205
644
2160
5305
8921
4373
5741
6044
7121
2866
5229
8136
9812
9980
1702
6666
8003
2842
3216
5077
720
5500
924
1835
3796
4380
6948
9107
9607
9789
4799
8079
4868
5257
1113
2925
3220
7084
8220
2398
5448
7429
9410
2037
4770
7462
8835
1380
5543
1325
8578
9270
4721
6363
1239
4015
5021
6011
6306
8933
7257
492
1253
4326
5988
9274
9662
3384
4514
7538
4070
6245
316
4437
6579
9635
9907
7727
484
1602
1972
8895
438
2941
6696
1336
2174
2381
2423
1898
7435
6763
6851
6609
8991
1264
7041
1720
4143
2324
5464
6217
350
3244
3875
8581
9581
1490
2696
9240
9914
1655
7812
453
1417
3343
5164
9441
1778
4313
4832
6351
6802
6826
9203
1462
3735
1148
2701
7772
4783
5408
6983
2530
2571
75
3398
2725
4527
9262
6197
7194
2225
2240
3308
4274
72
539
1044
1678
4677
4809
6378
9678
3792
311
689
6355
8199
166
1697
2334
3374
6678
1493
1967
2022
3320
4878
5468
6537
7549
4592
8556
117
2222
9773
6244
7098
8976
1812
1829
5856
8511
9312
1123
8286
9541
1521
1524
253
5053
643
9283
4520
9693
8287
575
1185
2830
2954
4098
4154
6267
6421
6907
5584
8813
9183
9981
1155
1952
2091
2200
552
1173
2212
5034
1066
1905
3668
8071
3232
7645
4697
4718
7664
9020
4328
8658
8912
3484
5596
6369
9595
2572
6729
1348
9440
589
7756
8492
1595
5937
1593
2875
3030
5901
6669
7119
9026
6307
8349
9167
528
5467
6747
9670
390
638
1119
5463
9357
4153
8975
9734
842
8224
7107
7086
8633
9004
759
1372
3890
2700
4011
6162
6302
309
8632
135
6393
1381
5295
8218
1581
3217
5906
9141
2288
5723
1095
6247
9109
7521
7771
8192
314
1358
9252
2101
4092
6649
9348
6903
86
7964
229
5353
3028
7286
6193
6864
115
663
1052
2046
5210
9125
9452
460
7336
4046
4235
9427
4752
5796
9562
5281
6178
6990
9759
113
6495
5107
6326
6523
6860
9905
1767
3910
6445
6978
4320
7699
1435
6212
7066
9497
8940
6348
6805
1004
8598
8903
4661
1687
6878
7718
9673
5072
6165
7516
6510
6766
8475
9295
1201
2884
7489
8179
4193
7604
8012
336
2848
3477
4953
5920
1517
4727
5565
6159
8712
223
9889
1209
6786
3997
104
3000
4864
5499
5663
9374
1195
9799
4003
5162
5230
7182
1483
4821
9543
9959
3678
4753
8522
8811
9035
6065
8726
869
1224
3313
4760
7752
8335
616
2914
4376
5832
4749
6753
262
5636
6814
8142
9592
5326
5498
9669
733
4300
5758
8773
2145
7359
4672
4705
6209
2738
8196
8627
8663
735
3174
3404
8050
985
1301
2920
4744
5521
2871
5844
7873
9619
3444
160
6507
963
8210
9062
9353
2279
4991
5941
3196
8985
4317
3043
3339
9696
1842
9354
1397
2010
2420
2713
4505
1047
3093
3359
7399
9567
1203
6377
5605
6940
9791
4982
7263
9618
1467
1641
8009
8659
4741
4790
6759
7137
7646
7888
9126
9829
4978
5187
5460
9960
3061
8312
969
2676
4795
2292
628
7445
9667
7985
8728
9885
5213
8602
9582
1597
2364
8459
6687
8255
118
282
6019
9075
1704
3908
7454
9050
893
906
4040
8883
540
4675
1100
1976
5780
8894
2840
1746
3993
399
2296
4282
5812
6330
6871
3861
8123
7800
9188
1740
1630
2059
2425
7329
3590
2535
2347
3422
7941
8462
868
5908
4407
4827
3077
8284
8169
4929
5064
2635
3080
3103
4159
9852
8736
8961
3547
6536
1784
2690
1236
7061
8131
9269
6522
6812
8268
1890
2335
5998
6097
1085
6874
8186
9975
4772
5531
7750
8676
9831
8277
7143
9855
715
1656
3044
9786
3085
2116
4574
3269
3717
4364
3499
6486
3474
4928
5263
6638
1275
9736
9534
1830
948
1058
5621
5923
8668
9823
134
3279
1102
3224
4917
3711
6220
1619
7347
8521
196
4671
7690
8955
9214
6702
163
1227
3582
4932
7393
7811
1458
1747
4050
1537
5243
219
1442
4876
6957
4266
8884
9389
1025
5268
7510
4471
771
1675
5725
4242
1249
2077
3405
5386
5483
7644
1355
8915
5687
910
1989
6596
9709
8684
1276
1440
3349
7697
8876
9973
2487
3365
5024
9897
90
170
4443
6951
3549
8270
2252
6420
9863
9235
5167
9636
4723
5168
6606
313
2443
99
2677
4881
9767
908
3489
7696
8235
7068
553
988
122
3283
8122
9304
883
5084
8269
9385
3203
4475
6796
7536
8054
5921
579
2667
8252
9131
5878
2403
3776
5308
651
4501
2198
3827
7141
3297
3848
5917
9723
2627
5272
1092
5058
8455
6433
321
5620
8573
6968
7414
8723
2071
4623
7259
9504
5232
7755
8552
7781
8506
7337
929
2136
5240
4502
6068
5753
7138
7778
697
9861
2263
4814
6334
7939
2641
6138
9152
9811
4428
8546
3010
6331
1631
4923
9078
3051
4115
8460
2986
9337
4715
6222
8966
2680
4846
5001
1426
3177
3204
7568
9516
4162
6608
9375
1625
1362
6253
2614
3520
5037
1506
4668
6768
4299
5264
9175
1874
7145
2102
2659
5792
4629
7237
734
4796
8075
78
7111
2997
4710
7675
4120
6771
2300
3635
8471
3676
2436
4764
571
2504
8311
25
5821
3225
4370
7366
9888
2896
2902
9070
3565
7465
2946
5484
9379
4197
1460
1552
2005
7091
6481
1522
9305
8058
4911
9231
1088
2639
3140
3820
6881
349
6231
6190
7154
9032
7144
9712
5126
7011
8692
1832
5680
510
9752
7971
1580
3351
1574
2807
3496
7355
7859
748
3218
6891
8166
9940
6642
5938
6152
6441
80
2312
3143
2905
6491
1142
5520
7678
200
1981
7599
8843
542
2395
2948
930
1031
2829
5276
1045
6066
9471
5567
2259
4848
9513
5076
8385
5253
4854
3824
4054
448
7031
4237
3241
192
8389
3068
8234
9753
2438
1494
1902
5590
5994
1121
7403
5367
6704
1977
4500
9916
8591
162
6899
4386
2749
7855
9695
2900
5823
6130
7321
221
3105
3971
4130
6170
9584
146
2464
3402
7822
1780
3660
8840
2169
2276
2761
1144
5228
8867
3137
1063
7919
8171
9922
3063
7803
8882
2207
945
708
5347
567
1226
9155
2251
3082
4420
3423
4490
9041
6207
6707
8209
9096
611
9575
2264
4091
9339
3837
5287
8686
3724
2640
3240
2542
5867
7331
7157
5799
7779
4980
416
2524
8549
7379
9472
4041
9650
7868
3121
8978
3550
8002
9209
4951
3715
5913
4865
2293
2178
4008
1056
9056
5244
5475
9258
256
4206
8548
7572
3889
6824
6081
8590
6025
8607
6336
6511
1471
7490
1985
1086
5036
6711
9935
7170
841
1962
3302
4170
4335
5429
7537
8095
3344
6265
8068
8947
9479
8188
5981
6501
2416
3687
2168
8057
802
756
3114
9222
6266
5449
6438
2053
3014
9837
4789
1629
9631
9982
8735
2783
2668
5396
6556
8925
3922
8022
6705
7029
2238
5092
6513
8536
9779
5600
8153
2283
4477
1761
7576
155
9464
4357
7906
6944
1187
8680
862
6639
8646
6249
974
2708
3163
3680
1841
4112
440
3670
5864
2184
3377
1383
2233
5061
9671
9858
1499
2674
7163
2058
7404
9346
4045
350
3625
8409
3485
464
3589
7567
7123
9054
52
4298
943
1299
5362
7978
634
6309
2456
7602
3693
727
2918
6746
1544
2162
3330
5413
7824
2387
5148
6085
2903
4988
3147
5851
5771
3430
4451
6529
8185
9984
9442
7986
5649
6557
9220
5722
7045
7767
4168
2839
4922
9520
4676
6923
8632
9318
8048
7504
264
5650
6561
7135
6380
8101
4259
1536
2740
4844
6742
8402
8902
1181
2899
503
1437
4085
621
3769
1857
6997
7705
8429
4734
6567
5357
6195
7222
8083
9063
3867
7084
4390
1684
9161
97
9737
9986
1161
7776
2021
4640
6163
9946
4223
545
4593
4436
7680
1867
4716
4427
6314
7738
5455
7249
9860
740
4302
9450
955
3505
3749
6999
9275
8765
968
3128
1551
2647
7199
8360
7442
7961
6273
7980
6601
6622
3055
8029
9828
353
4287
9899
6301
8295
2235
4023
8116
4981
6664
8476
8758
347
4667
1917
7726
2568
3346
3387
7085
7282
8039
8280
2461
61
1003
2316
2775
4600
7946
1297
4296
9810
9395
2344
601
9864
4976
5539
9195
5298
698
9834
4435
2282
5770
1183
1450
2610
619
3985
8784
7200
8249
1258
4138
4325
6497
4897
5432
730
2548
5931
8032
6119
241
4478
7367
5959
8350
4833
7959
1497
8456
158
1954
2149
8757
7721
8495
2032
7574
9945
1600
3137
7616
827
5509
2045
8529
650
1074
1843
7757
1991
2603
7246
4608
8173
2957
7632
7845
6012
5623
6629
7032
8834
5691
6500
9816
8453
2289
3881
1923
5090
6905
1082
2774
4297
5696
4602
9278
6435
7241
718
260
666
3538
6540
824
1263
1572
9585
6906
7834
8861
3048
9931
4212
8203
1255
8670
9381
1384
3107
6043
6254
8691
3277
8066
5624
4042
3925
4355
4469
8944
1068
4303
9857
5594
6354
441
8341
3169
6084
1527
7773
8949
1089
9791
8016
8428
3046
5798
4238
9189
6114
8381
7698
9399
8647
1015
4559
6855
7042
7936
9292
7427
2619
6367
9229
4714
9989
7448
9605
9668
5553
1834
6850
7056
8087
2397
5280
5659
9448
2593
4657
7522
3478
5655
7146
9633
5710
6050
6779
1716
1534
704
816
5193
5903
7094
4756
3803
4039
4472
5260
4550
4968
2241
2243
9366
65
7461
5098
8448
131
44
884
2217
3859
1139
7709
2051
4218
4695
4894
6572
375
9489
255
7018
4595
7012
8072
1711
2705
9306
8135
402
2595
5578
7590
1802
6137
8387
8911
4812
8487
9835
3370
4285
7217
175
2537
7356
439
1286
1895
8144
9590
1528
7292
7475
8504
1177
4654
7025
764
3675
8206
8278
2947
8046
9850
1157
5102
3172
5216
6358
8499
4495
6627
7348
3966
6514
2625
3064
4958
6479
1365
2108
5340
8971
6248
7984
1322
3991
4177
6424
9144
9294
3722
1084
9700
2599
5284
5550
3521
5579
8688
772
1743
9079
3227
7724
1433
2455
4220
2802
3740
9836
3123
2377
6571
4793
8780
9958
3942
4013
5180
6984
995
4226
4855
8435
2707
7171
3230
5273
9153
1876
5282
6487
9682
7885
5802
1627
7575
5755
6636
820
4371
9191
1887
2295
6806
6036
4156
5069
3904
8313
8414
4583
7332
8378
6892
4873
790
9783
6871
4247
9937
5954
6581
4658
176
3664
8024
4598
9944
6986
6564
4729
5885
8165
9978
2936
2459
4859
5540
6401
7462
1607
7169
8895
7696
7615
7618
3699
2360
2319
1232
9617
997
3294
8550
1302
2114
4875
945
2060
7689
2752
8256
8640
6488
8650
5965
480
6054
7904
2550
1642
3255
4463
6233
3913
1414
8008
2418
9558
6538
8532
746
1492
2148
5705
7796
8562
9883
1349
7478
7943
2683
3213
6932
3113
1457
9769
154
6397
6934
4596
138
3554
2514
4184
5505
7600
2341
8419
768
2977
5366
6748
8194
9601
5150
9652
7243
5839
9493
5887
5915
6201
1840
891
3847
6963
309
2998
7063
4904
2557
1988
2064
7826
3116
3844
6554
2098
430
7291
4843
709
7584
8965
5882
3087
2834
8750
405
3106
4491
1151
8768
6252
9244
4637
5144
3512
9213
6100
1337
7559
7934
7988
5933
7570
9868
1585
6569
6701
8847
9378
1806
6090
8873
3247
3701
3207
4515
6362
848
7494
962
5259
3639
5814
9744
1056
8974
5136
6529
932
5619
7310
7406
4492
1913
2846
3065
3758
7134
8938
8537
1606
4882
5328
1575
8959
9062
1567
2321
5513
8292
921
2719
9444
5196
5895
6128
7530
9991
6936
9301
6150
907
2772
9653
4947
8045
2118
5793
9111
978
3930
1231
8769
9761
9425
1599
6883
8028
855
1298
6314
163
1634
4432
8656
3733
7028
1741
3710
6807
7008
1285
9757
1911
2581
4264
7916
8321
2340
4866
2540
4195
4990
3511
4513
9486
344
2127
3705
986
2702
8678
3551
9581
1213
116
6381
9503
9345
8987
9638
8767
4073
8755
9844
7997
9615
7885
1423
4649
8706
7238
9048
8212
1374
1745
6280
7556
9722
9409
401
6631
9688
5200
9730
9404
428
1096
6726
825
4350
7927
8789
407
6896
2330
5498
5529
7987
5746
2508
8141
6091
1189
5778
9329
8395
622
4439
5435
5752
5795
7469
8609
9246
758
1344
9447
8283
1087
5806
6388
236
9993
3153
5698
5992
6756
7341
2359
5497
5369
2355
2827
2937
2018
6728
1125
7582
761
1090
6989
2253
6799
3212
263
7925
7956
8229
1726
1825
5262
9437
8396
6751
6372
9712
3703
1013
8314
9776
4298
2453
9219
7514
400
5199
8773
4655
1521
6516
7636
752
7449
1220
8969
1237
3690
5761
2479
4754
5925
477
8438
889
5123
2470
1772
2867
4906
8052
8429
9291
5113
4157
1347
6526
7089
8954
8200
5309
8704
2044
2335
7022
9046
2956
8425
1603
304
5632
4977
9082
2390
4188
1928
566
5015
6659
3036
6620
8148
8942
7247
4908
6635
8543
8551
1570
1955
8130
9253
9896
284
7655
3850
8124
8289
9675
4834
5418
9049
40
6530
7752
4616
3791
4004
3389
136
7790
2869
4201
451
8465
3476
6994
3945
4069
7185
2395
2999
2024
6384
1501
2457
6623
9731
5831
8172
9288
9364
1066
9609
1594
5347
3263
819
8722
6815
1785
495
1153
2906
7167
5314
8502
6552
1420
9759
1313
2119
2780
272
7611
3414
7619
550
4841
4944
5465
8490
3006
2792
3473
6117
5564
8668
9561
3319
4194
2765
4382
5830
1014
1042
8764
7116
423
6998
7701
5146
3455
9825
2589
7266
7816
2280
8853
3900
6721
2205
7288
4984
2466
4604
8473
361
2538
7789
3438
3646
5801
8228
2787
1769
4995
2933
3807
4173
6236
1351
5786
6768
1974
4872
2092
2126
5153
6778
3104
9739
6057
4402
7096
3053
1455
2838
634
2201
5489
7050
4483
2815
2786
9614
3626
8174
9713
9630
5888
616
7740
9806
9992
39
4998
9915
7735
339
2089
8729
6312
329
4249
6506
895
8645
9964
1705
6240
2087
8962
4978
4155
6587
1079
8498
6847
7131
8555
8964
6837
3748
920
3469
1996
3775
8530
5157
8655
9449
213
6703
7662
5390
6466
8880
2975
5750
5772
3863
8463
2323
9142
7344
4467
3461
8182
9697
6304
9155
9552
1691
2099
5348
4472
4129
1669
3821
6319
9728
6544
8791
7788
2101
8384
8937
8100
1071
7235
5454
9563
14
4244
6594
9433
9547
7889
9400
7613
7476
9691
3424
4575
2837
5130
4720
6607
1921
3927
9418
9083
5108
7830
8436
9397
5896
3096
9072
7667
204
337
3366
6809
9050
4535
2003
5981
1444
3731
7523
7869
9818
6203
6223
2033
5414
2779
2151
5410
6637
6412
265
809
1644
9438
8437
6755
7087
9138
6650
8035
5949
6903
6502
9308
8558
8258
3890
8563
6546
4968
7921
5902
7236
2745
6827
6237
448
3925
9451
8399
8574
6781
9066
3934
1953
2391
58
1109
2748
4946
732
6247
8175
4570
6792
8417
255
9873
7635
7745
5871
785
5111
8158
3234
8286
3439
3768
6060
32
1529
1345
9298
5201
2746
6863
8235
2973
7467
681
7295
5791
7381
900
7433
6111
4468
1571
7872
2227
3305
8043
1833
7509
3490
2147
6064
5948
1310
2636
9073
4724
8166
7955
1270
2617
8318
2020
7546
421
8713
2954
5610
191
3757
5389
8864
7124
4363
4594
6310
1035
4316
3312
5742
5677
8594
8931
2920
9207
7551
9327
8910
3864
4965
5054
5815
4260
4895
2306
1447
6531
8813
4645
7315
9940
3958
7878
2377
8534
658
2420
9845
5070
5593
2139
5569
8811
5942
4047
4781
9956
2649
2545
7115
7230
9786
366
4434
6810
9843
1271
7214
5139
2728
3013
4258
2756
1247
4814
7081
1503
583
3812
6285
873
2858
2301
4446
1993
2478
8485
551
1023
5589
1338
2833
4765
8327
6463
2853
4868
1665
1188
6918
9090
5022
8500
5638
3092
8714
1638
41
2004
1588
660
8513
795
6889
1473
2156
1938
4103
7969
355
849
2861
3011
6935
1279
2656
9046
9608
3402
707
7777
1147
7601
9848
6031
6686
961
3635
6688
8253
9084
5876
6340
6159
7305
2022
343
9099
6689
1668
5982
729
9017
9003
4769
2193
2608
4858
9167
2950
3254
7296
4703
3837
9483
2341
7813
238
1519
4125
3049
1584
4536
8339
1485
19
4241
1695
5019
8903
821
9445
37
2350
240
586
4935
1333
8517
64
3051
9571
3126
5591
2802
6475
274
2536
8837
5891
9025
3362
9604
3209
9891
7556
7614
7965
6471
4
1172
8211
9080
4766
9150
190
1967
1666
2816
1463
9855
4537
8501
6296
125
2483
62
1792
5296
1204
6982
6675
9602
6014
7607
5935
8564
872
1714
3443
787
4248
3475
7935
4133
9194
4554
8210
2398
9008
3304
1805
3765
5020
3995
5996
5187
9681
7192
3482
5267
9898
6153
6820
4614
9435
9494
9764
6773
2069
6113
859
187
396
2637
2499
6278
9075
9204
7178
615
677
8990
5585
3057
3376
4632
3525
2602
9756
7738
4658
6972
1040
8595
3719
8061
2641
9591
1077
7726
8053
9510
4847
8122
9108
248
3311
6205
3913
7658
3582
1763
4681
7622
2621
2519
4707
2017
3453
6316
1434
3642
3787
88
6626
7422
1354
7749
1499
6234
6407
4565
1672
1735
6437
7299
102
3509
3564
8207
4012
1104
5131
1590
9110
2760
6570
7387
8452
3097
9370
5278
3517
3853
6646
152
1198
5355
7643
8535
4087
6840
5993
7479
3652
230
1197
5402
4551
9326
9863
7684
299
3797
4404
4265
1688
5365
3956
3961
2520
4600
9170
1475
9928
4521
522
1418
3152
2277
3221
6241
7948
568
3976
6422
6368
1516
1878
72
171
582
6322
4489
6657
9331
5457
9045
2581
8425
9760
8850
3200
3377
8967
2544
5864
3038
9907
670
2168
2346
7054
9440
2793
8612
443
6242
8013
5934
5429
1645
8653
2367
819
5824
7265
2165
7275
6130
9499
1001
884
3562
7528
1855
1635
9684
7510
922
3245
532
733
2595
8594
5630
459
2221
8457
9830
2533
6853
7513
2342
7841
8397
7593
3458
3188
270
1891
3746
8803
2421
3201
9934
4310
6771
8610
233
628
8074
2821
6260
8662
8974
6457
8098
2922
3157
4984
9851
2131
7906
5738
3824
2623
3231
5005
9430
6143
2925
3003
9596
7072
2115
4923
781
2871
2946
87
6809
9242
2376
2590
3677
4243
8015
9998
436
3774
6503
6534
1748
1968
8043
3548
8613
2598
4341
5056
9473
6325
2124
3004
7605
8048
9359
4862
9864
298
6720
6155
6934
7277
8075
9206
2571
3408
2616
3072
1021
737
280
580
348
535
1841
3822
6125
6739
7606
3109
4199
4231
524
1951
734
2729
2102
2555
6628
1438
9831
301
4852
5000
8559
4423
6533
3606
5551
6346
7547
7938
5074
5660
8085
3771
1469
6604
9286
7334
8874
4499
2976
84
9655
1174
7148
1343
2951
9333
3421
4568
8507
8677
692
1269
8509
271
6315
486
6200
8267
318
5039
7674
8115
4362
4181
4267
5693
9137
9837
4392
4544
731
9754
6007
5720
3669
5957
6981
4912
2980
5976
1770
9660
5405
1774
4366
2196
829
1947
1930
8879
6766
3410
8978
5358
1548
46
4020
2631
4528
998
2246
4102
1927
3541
4503
7328
1885
1299
1335
3556
392
1199
9880
108
7804
9929
2309
3870
6713
7597
7110
1481
7737
7899
1637
3892
5445
8491
7466
827
8264
8387
3290
5197
7860
66
4638
2171
304
5640
8923
9540
4331
9020
9136
5433
8806
6055
7120
7361
4848
3466
2110
3480
4456
6000
8912
2133
5945
9184
3364
6618
1018
9980
7539
164
9023
2836
8906
2870
8621
9667
1389
239
868
8949
481
35
7446
6078
9093
1416
2365
6660
3610
8610
4670
435
4242
416
213
3276
7518
2857
1297
5566
753
1030
8401
3898
5859
2487
6715
1306
2028
3558
4650
9334
3002
6658
5521
364
4084
973
5817
620
2842
2015
1781
2648
1543
6955
8086
2113
9892
8477
1896
7905
1843
4345
4726
275
7653
509
1006
3299
8246
8628
9323
4389
8422
4127
6880
5936
5568
4414
5456
7791
4815
2876
3755
1920
2096
292
7991
4179
2725
5307
6497
954
1904
5285
5562
515
4236
4902
6334
3045
9620
9264
4435
2634
1649
3428
3202
3479
6052
2655
1119
2714
7534
5545
1820
3533
3356
5623
3999
1400
2382
6886
4626
45
7637
563
3812
7166
5759
1653
9313
9818
2851
4974
4151
1243
8664
3609
6018
7391
338
2141
4238
1764
666
4039
5268
793
7036
6298
4216
4251
4566
5511
2055
455
7673
8826
9504
7536
6676
2174
3320
5171
2997
8111
8606
352
5790
3194
7700
8265
327
1914
3238
6581
9186
3799
5093
2702
9235
1396
1641
6839
9622
5874
5890
6677
9765
2902
7968
7494
3087
3460
5149
2445
2497
6904
6992
684
7088
7588
8549
8786
875
9611
8975
4587
6632
3640
7665
1497
2695
5294
8059
9069
85
1857
3634
1047
9353
9444
4346
6127
74
9614
5631
8631
4398
9801
424
7583
1956
5716
9059
805
6867
342
6556
743
8038
8663
9629
4752
6685
8883
9009
2944
4011
8878
1853
395
1041
9725
8876
3173
4365
1713
6914
7585
8368
2462
8162
7162
7976
8066
3108
9180
8626
2363
1300
2389
2888
1874
43
7545
9638
1851
2856
3101
8548
9319
8370
8759
7626
8379
4901
5615
7973
3043
3794
231
9033
1265
6940
2722
8025
876
295
2189
2053
4808
5993
874
9917
6178
9360
6791
547
3653
1111
2049
6092
831
1592
6723
2039
5597
1115
4484
5249
1366
906
4767
8888
1186
5174
531
1651
2762
8003
4789
4969
629
3447
4857
8818
7272
27
2431
4991
370
579
2513
4896
3862
3082
5351
1870
3131
9423
679
942
9674
7999
3347
6394
1138
7349
5639
7450
1815
5620
8276
3327
8672
5659
7009
8133
6826
1633
6218
7002
647
2772
454
3432
2594
1992
3969
866
8822
5555
6438
7883
6877
8732
4166
5495
3160
5089
3464
5198
246
6245
9305
6551
7318
1312
1410
811
9927
8105
7375
3629
3877
6492
7638
7829
8476
3198
4482
1865
131
2684
4488
1103
3970
6243
7464
2451
9138
4430
9846
6181
8150
4777
5106
7159
8904
1394
7127
8049
2219
9634
6881
320
5822
9769
3817
3782
4080
6872
4253
2035
1950
2516
6120
1127
7912
724
2421
6917
3536
6756
784
1566
3542
5177
987
4679
7209
249
4438
5386
2423
7672
7760
1937
3621
2311
7506
3575
7578
3178
8540
9214
7995
844
7642
2338
2679
6965
159
4315
1314
1452
5560
7830
8342
7203
2384
2453
1954
840
5027
8907
3325
4871
908
4444
5487
8126
2960
2475
5575
5496
7531
3000
7280
5335
5713
1607
8336
2615
3176
5200
2460
142
1229
1254
3518
4997
9258
5764
7661
374
6321
3627
4939
4378
6725
372
2237
3244
3247
3612
3008
6808
1160
6196
8097
349
7264
3405
7406
9348
764
4569
8017
4408
2564
1880
4411
5709
2626
6169
1625
4702
269
4616
9673
7589
3589
3549
5023
9548
6046
8360
4211
936
2699
3505
8716
6702
8796
356
6893
5580
6198
5449
8247
3450
4649
3649
8885
8799
199
1659
28
2385
5587
1373
517
8152
3729
9916
562
2367
5485
5940
8708
1568
1051
2693
5260
7529
3183
4512
3248
5788
3154
4551
5336
5098
4709
2010
4217
5751
1760
4054
4587
6757
8676
6426
2670
8658
503
2698
6814
6907
4403
4441
8992
9436
8692
9462
457
5862
2240
2998
1439
3766
7982
2597
7168
7773
6850
1988
9267
323
475
4221
1670
2164
6970
9978
1750
6360
3085
9274
654
5225
8579
2873
5590
1329
328
4578
2228
4001
8509
449
6704
7639
3256
5180
5699
5997
8349
5009
5046
3631
1209
3371
952
1500
7212
1501
3985
9372
4386
6399
6161
8453
9925
1054
7663
316
1083
9678
1810
9363
351
2776
8011
8283
4149
8965
1009
5598
2700
3397
5281
1014
4172
358
1775
4029
7699
493
796
6297
8155
9764
9252
886
3776
529
4783
6594
1450
5554
1249
2534
7975
7764
3906
6464
9647
6184
277
2706
6817
3046
6860
9254
1602
6280
2568
3191
4448
3357
6144
1328
1167
7291
9691
470
5652
191
7372
8420
9215
6482
5497
7161
7256
7988
4070
4571
6462
2567
9859
3876
5261
5528
1179
1889
5923
2437
2018
9904
3567
6330
9019
4352
980
7179
117
1517
2726
3592
1571
7805
1290
3969
4074
3258
4343
3760
8325
4379
837
1153
5522
893
4301
4134
7485
4979
9636
488
1109
7016
1740
3138
7903
6442
5125
8
3757
1795
3619
9985
6447
5849
5356
5967
1639
3793
8212
7811
9712
1383
4725
6470
8495
7306
6033
8204
5346
6433
1369
326
953
4110
8823
8278
6268
4710
965
4567
9626
546
5786
610
8271
4051
5407
5752
738
932
9909
3168
220
4128
6145
2777
5504
9218
3114
1123
3554
6219
9411
9416
3223
5510
9751
6398
4775
3588
835
3436
3881
6382
720
2600
9726
7019
9164
4853
3654
8515
9127
5446
420
4266
5473
5701
3251
3979
6102
2093
3192
9471
2436
8638
6600
8366
5289
3922
8763
9553
9816
3510
4899
6536
6740
8509
1859
3566
5073
8130
1338
4542
306
1757
515
4176
0
3630
8918
9690
7424
1621
3688
3095
7201
1326
1893
4973
8364
2096
7145
7147
5271
1818
3691
4564
5468
1038
5900
8547
4793
2345
4276
3316
6332
7181
2418
6763
3233
1429
6683
1072
3934
70
3529
2646
4644
7521
3134
7990
4035
5571
7972
9492
4963
6073
6979
5421
7105
2929
6189
4640
8999
879
4845
6802
1085
8167
8932
9550
3213
9063
4510
5100
2892
8539
9153
757
631
6352
6544
6569
7153
8857
9500
6666
473
2501
1380
9101
3886
3608
3933
6024
6812
9529
4323
360
383
1868
2429
4490
5821
6237
9027
5718
1036
3836
6074
7732
83
5968
3483
3789
6722
1702
1080
4119
6293
706
5087
5296
8990
9291
7073
8089
9505
8755
7526
7678
8165
9177
6428
8374
3511
8211
9289
3040
9179
1324
2498
8121
2614
9208
9864
2548
8429
1351
2751
2731
976
5645
4864
4333
8135
9856
5726
570
8596
1027
3564
2371
181
2121
1555
2081
1999
5393
7331
1095
2111
4550
4818
312
1623
5603
5870
158
3444
7360
9596
3998
5678
6936
2552
3938
3868
5224
5975
7755
6974
7316
2728
912
1365
4976
7264
1563
3988
6048
7486
7900
9217
2119
5145
1703
8951
888
2147
7368
7767
3635
7928
9542
2402
3046
2845
1994
891
5155
3605
1626
6142
3869
8657
8737
5349
8094
9089
5489
1401
9205
910
1509
1488
5553
311
876
5814
8163
1309
3816
1784
5887
9300
474
4241
4883
7759
5723
5983
2047
7854
3435
5379
6337
909
6089
6480
4027
7689
8302
2996
6244
5991
568
5181
1156
4383
3808
4305
6374
3974
3174
2339
6775
9951
5429
3972
5266
8582
5885
3245
3743
3990
7030
3195
5184
169
2278
6245
2215
4076
465
7320
4021
5186
6560
187
3453
6883
710
5546
4248
7671
8149
1510
7065
9140
2480
3362
9702
7311
3891
4104
3862
3287
5666
5238
596
4666
3487
3698
1544
2255
8248
589
6966
7864
2192
2262
619
2961
7666
2815
6021
5749
3560
7740
6522
6190
3823
4083
7809
9567
3777
414
2238
4785
6211
6103
1301
3655
8237
7636
5895
1540
7910
9847
9557
8187
8541
1800
7685
7634
250
905
5183
4137
6920
9409
439
1994
5802
5657
6079
6712
9960
7668
9015
6447
5341
9340
4322
6475
7616
9599
5438
7257
9796
3603
5360
2291
4511
5916
4306
3711
5987
1142
8153
9588
6767
3196
6731
3061
4101
4982
5395
1799
3264
9669
6
6545
2619
5728
8542
9521
1200
41
6193
7410
2865
2086
5330
1773
6818
5501
3764
5159
96
7921
8500
4837
4206
2078
6644
1683
3694
6350
1927
7784
6477
9897
7084
2004
8623
2177
4400
8198
9939
4388
377
7543
4487
2331
1232
6875
9212
2577
5854
2163
4979
4674
9332
8970
880
1739
1033
8132
3670
3962
4519
9789
1617
3864
9572
8758
180
3937
9896
7
4717
7433
8869
9344
702
7816
5943
284
3482
5304
3018
3389
9076
9865
1182
1375
3294
2179
6196
5513
4747
1732
1389
122
7918
4040
1522
2545
8242
1674
6171
8963
7154
4668
6230
7432
8302
2952
1993
6634
6721
8929
605
6284
7409
6217
8630
2721
445
1350
5958
9516
2771
9465
2261
1778
9742
6040
3383
6639
8444
9688
178
8656
5226
8250
481
1758
2259
9043
775
8607
1448
3194
4377
7477
4689
7307
6154
3638
5435
7592
3255
4886
2847
6106
719
2114
3263
5314
4175
4478
6975
7184
3406
5859
9523
3271
1194
4094
7798
5835
1427
3828
6335
3103
3137
9899
3089
8982
1753
4470
8605
5399
257
1431
8812
282
1895
1471
5722
9181
9888
721
9985
9456
2115
3758
109
5301
9196
1876
6580
7258
4024
4348
4606
8518
2361
8214
612
2640
1100
7326
7363
6994
2252
5669
5022
9452
3543
4280
7148
7571
849
864
3401
6226
5486
2220
4553
7040
948
8002
2183
3766
8732
797
9641
8332
5311
8705
8512
245
2058
2512
2643
3059
683
3899
7552
9440
9988
9282
3215
3259
906
9007
984
6495
4303
7559
4486
8119
9612
5628
9256
8405
8210
200
3673
7874
4875
7234
959
9782
9986
5081
362
8769
2372
9642
2456
6960
7843
6948
8313
8614
9445
6333
340
392
779
1283
3080
7903
9111
1967
1715
6700
4123
5662
4262
8662
4153
3058
6868
7807
2478
8525
6443
5830
5993
409
5276
9439
5153
5736
2015
703
4414
565
5447
7802
2054
4311
2592
1977
6518
2964
2272
7301
7467
7886
4737
7825
2924
198
2795
3813
533
8412
9271
106
2517
1277
1824
772
4330
7277
5770
8177
2812
635
963
5917
688
823
7204
2007
3389
371
6387
172
833
8724
780
2008
1831
6016
8663
977
4945
9632
6259
4380
5724
7383
8462
2212
4942
6289
4080
6126
9385
5557
8009
2239
4608
69
627
6772
2304
127
1263
6803
256
6549
1768
8467
1610
3816
7278
232
4166
6591
3636
4685
5154
4289
4053
5510
1527
2973
9005
7838
9977
6379
6056
5083
4155
7463
7199
1307
2325
2624
3473
6324
1363
7909
9371
6677
2821
5146
2828
5217
5622
7759
7573
1460
7657
278
4092
7069
350
5152
5423
7124
9555
1724
5712
2768
155
6832
6005
456
747
7625
9667
9462
4980
5144
8361
6515
7878
3958
8102
321
3943
5511
5318
6151
711
463
9660
1791
7001
3679
8396
1751
1536
7582
7823
664
1026
3571
5686
9752
3819
1406
5455
3177
811
2492
5948
9158
8892
5071
5836
2563
3534
1856
2073
2160
7538
7417
934
6724
7681
9769
5451
7834
6014
3216
3472
5746
7555
3281
7476
3521
6326
1729
4469
667
2101
9940
4291
1546
3996
226
9478
5582
5038
5459
6332
6958
7462
7984
734
5254
4003
6590
6851
7949
2674
4543
1867
5216
2140
7838
209
8543
9286
6823
1709
47
2749
2000
5371
7369
9733
1899
7797
7058
9700
6680
7992
9276
1586
2122
592
7193
7703
1049
1593
611
9580
2044
2804
5297
5512
8558
345
2689
8191
3896
5072
295
7951
5267
6287
6490
1268
8957
966
2693
6412
5432
5688
5531
6112
9189
8526
508
8490
62
8100
7680
241
7008
7594
4185
1398
5444
1569
2459
8060
1803
7508
6615
765
5490
2628
1089
2785
61
814
907
7999
7142
168
3076
317
7612
762
1116
4872
6315
7835
1489
6752
2024
4385
4801
8201
643
2654
4007
2320
9604
9670
7342
4439
9208
1613
4234
5893
9830
8611
3948
3352
6967
4298
7987
9115
3724
5936
2330
5687
5908
9283
1549
7623
8503
9285
1115
4201
7940
2214
3794
5766
1423
2431
6090
3997
3164
6423
6274
6688
2477
7627
2685
4610
7177
4453
5351
8144
4699
8618
677
2914
6573
4361
715
353
4447
6022
4228
7107
2820
4428
4539
8205
6233
2264
2678
2106
6179
4958
9767
4626
7373
7537
5953
8925
4881
6918
7686
3338
9161
830
8413
919
1105
3561
4513
716
1094
3261
6322
8767
5328
8480
4015
967
3133
5242
7532
8162
924
1742
2079
3017
5163
2513
2557
8576
8790
603
2474
2161
1814
7226
6983
3031
4692
8245
5797
2124
3904
9083
5389
1631
5743
3748
7471
521
2236
9176
9976
6390
7292
1155
3656
2984
3238
3620
3848
3451
2269
800
4500
318
5845
9139
4677
2281
3925
9236
6889
1788
2426
7069
5175
4906
11
2060
7302
3749
3430
9842
5041
63
1240
2919
4916
2791
8137
6722
7904
6429
4099
8565
646
4754
2162
6348
7647
3183
5272
166
4889
4782
4342
53
6486
7019
82
487
2112
9799
9774
6087
8781
9426
6479
1848
142
5260
6819
5635
7766
3336
6729
617
4239
6618
8950
9721
1436
1987
2346
9066
429
3108
5735
7049
3090
4762
6185
1746
6640
8788
5401
4734
1707
6813
623
9068
4661
8430
4249
3894
4135
7246
9261
4721
5209
6463
3148
7309
8637
5003
5380
8288
5585
1244
6840
8709
5270
3622
7893
6386
7430
2483
4351
1939
4184
8222
3337
4838
6759
7111
3217
7645
2666
9561
9877
5053
1782
2222
6499
7539
6585
7338
583
700
8092
6863
7285
3824
6684
7483
4832
107
4989
5377
7044
2038
7507
3765
4528
8284
8741
3372
657
1023
4324
8189
6277
532
3121
2296
3910
7538
9900
9642
1012
9536
1175
4923
7056
7692
5141
7394
5750
3735
9134
2155
5201
1361
7454
8331
2258
2444
5824
8281
8450
8719
8461
9446
6240
1898
7862
7329
9204
4069
207
3178
6290
6695
2467
6097
3812
6784
5577
6627
3530
432
4859
9810
1295
6397
9113
8429
9583
8920
1917
2508
7306
4059
9526
9004
2143
898
6650
4031
5789
7188
7993
9151
9251
436
7186
9109
4854
5325
4761
8943
8989
9762
486
1079
9498
739
8498
4546
763
2822
9486
7180
2753
270
3315
7074
5196
3763
4194
8734
7475
6645
8260
358
2260
3268
7197
8161
3489
4445
6730
1964
2493
9675
320
1415
614
3291
5127
8141
1924
5220
6674
2006
6950
9042
4986
7148
4091
8262
5968
8840
8845
4281
5230
3427
3432
7155
9087
1021
7781
8428
8006
9992
4524
8573
4728
5856
9792
1695
3130
4716
4749
1314
2699
5375
4897
9386
694
6866
485
3909
6864
7519
9541
2782
4415
8904
6869
6708
1706
9381
8379
1046
2318
2849
154
1572
233
3104
4313
8224
2757
7875
7220
9209
3033
9195
9538
4328
7710
2927
4124
4284
4037
8986
6692
9415
243
1828
5206
2326
2833
4771
1783
3030
6181
1959
2673
4960
2341
9244
5342
662
1891
1317
6215
5005
4725
5183
1061
102
6262
6827
4921
5765
6578
8143
8359
2814
2701
6337
7337
9441
5711
5650
9556
2373
3174
8997
2425
5105
5876
9145
8380
1196
9978
3874
1585
3506
9321
2299
9611
6147
2172
5580
5839
6251
792
2769
7024
2797
5629
7488
5472
8314
2995
4105
1750
5507
9044
4565
2181
2883
1634
4418
94
1010
8911
4043
4547
9653
2238
5470
2343
4903
7390
252
1337
8673
4888
3490
841
8460
2736
2684
812
5785
939
8930
8062
1592
3462
431
4008
3276
4714
1884
3257
1540
2574
9685
4466
5565
4013
4790
6396
2265
8178
1974
4321
9430
5553
8442
5122
8530
9740
2943
8696
8933
3892
5699
6075
8731
1054
1082
3535
6047
691
3850
9143
7800
3770
8308
3708
541
6129
2263
2805
7005
9814
7501
7492
1738
5562
8599
854
3755
2070
2773
3842
6331
2899
4381
7012
9619
1518
6159
3767
4676
8434
3422
6300
6556
430
3647
1121
2368
4760
5626
9846
2717
5460
5529
6893
1255
6795
2116
4740
7023
4349
8109
8220
1131
1437
6367
2861
3940
572
6146
7785
2589
5819
5613
6858
1274
8544
8667
9803
2184
4425
7336
979
5552
8482
2393
4187
5448
6897
6961
3542
6042
8669
7490
144
834
4779
5816
3524
7240
8101
9838
5471
499
9362
9995
2754
6860
3282
9564
2616
5996
1816
6566
6679
192
4757
4619
625
5946
3709
2906
5719
7499
7876
7049
9627
8134
9346
3313
9379
6543
3733
8437
494
1508
9825
5930
4417
1733
3798
828
965
2799
2395
5363
2172
9378
420
3144
5809
8174
4736
3991
8972
9450
9091
9552
3150
5784
4780
3279
5515
7830
942
5409
6743
1690
7400
696
5579
6953
7494
991
1421
5703
1117
2158
1512
739
1377
8033
9913
6512
2931
5424
9677
5851
6755
7047
7182
8029
254
4019
4506
8574
5685
9202
792
407
598
7646
7452
2555
2484
2835
860
2400
2733
9763
911
1528
6661
8340
5092
7566
8269
9272
5236
8872
7469
7845
5941
2986
6555
214
1407
3379
7444
5344
6051
7113
2019
6887
7858
3796
5971
8894
8375
9093
6511
3449
9777
3464
4672
8270
6718
5712
6525
3570
3234
6658
6804
8587
1682
8275
5663
9006
1889
4580
6037
6082
7092
3795
9262
8016
5388
1336
275
9240
5385
1318
4421
9406
3949
5161
7864
6422
4908
8670
185
9870
5902
6716
9426
124
282
6599
8905
1401
1584
8069
4208
6122
7239
9794
4733
8978
9330
19
1784
7448
9505
9716
6759
4505
6175
8545
9738
6628
9737
2976
900
1712
5116
5508
8194
86
1853
2502
2310
5178
7273
3481
5841
5526
9133
9577
5348
5796
4034
8436
903
5090
4634
5358
636
4029
7594
2578
3786
3391
2895
5162
4471
8779
4209
3616
4498
7402
9898
5979
92
7052
8483
4767
7130
1531
8819
5811
3042
1888
2655
3385
4438
995
6265
5313
6487
7787
1097
3559
689
7351
8264
630
5586
9319
1954
4718
3959
7046
412
3931
3913
4946
365
4741
9384
2174
5541
8826
7749
6694
6715
7321
8554
4407
9437
5431
7482
7931
1819
6684
1397
3731
6488
1882
768
3484
3975
8282
5415
5099
3032
5133
5780
2732
4341
8234
8444
9991
8037
5890
7705
2027
2430
9074
135
4405
1039
6861
998
940
7980
3127
5079
6818
9377
4885
5282
6895
6245
5336
5250
9880
1370
7109
7911
8466
8899
1357
8659
4304
2714
4793
5300
6241
6442
9480
8343
1556
4705
3220
4726
6404
3706
1532
1563
2874
9711
2788
8426
6168
7353
9490
6228
8509
9339
2380
3411
4213
6304
6061
776
5337
6686
1117
3603
3674
9866
1376
4018
5039
8953
8551
7388
6731
4327
5779
2891
3105
9739
3113
4246
4559
5642
7509
3001
6010
7027
1657
8363
1502
3513
5355
5370
8086
1960
4809
1108
6801
7391
9472
5558
7946
1203
6624
510
8508
8513
1282
2598
3955
3888
8738
375
6468
6693
731
2959
3780
4138
7082
7888
2035
8507
7926
8748
9369
5332
8298
1911
6600
7632
4180
7974
9851
556
7777
8753
4160
6145
5292
6914
9435
1223
3222
2541
2556
8809
5097
5067
9136
4185
7496
9608
1242
6571
591
5502
9822
1966
1231
7317
2203
7505
1794
26
7527
1346
6022
710
2978
9483
863
6576
2758
6475
7449
6293
1681
4560
7712
2537
1086
3629
4267
7572
8601
8346
2067
8070
5187
7495
9194
2294
5618
6377
8055
7655
1477
793
3784
4642
5660
9164
6143
6381
6401
9337
5878
6264
9057
850
8226
9215
427
4827
9375
325
641
3000
3061
5445
7245
1150
4258
9876
1359
7941
2084
3082
7608
3394
5477
7968
6830
4491
6917
4392
4552
9581
5462
6191
8784
3730
9509
4550
6548
336
3670
4427
6936
8644
1137
2844
5160
280
5100
2076
1610
1668
1766
9571
4950
242
7555
3249
4954
8470
3849
2915
7116
8868
2928
2641
872
9023
4411
8711
9100
9686
4377
9971
6320
5740
7752
422
99
1726
8383
2742
7788
8582
3213
5353
5396
4106
7359
9206
1102
6651
6690
6927
8757
8692
9966
3552
5560
7247
3409
7051
2604
4044
4154
5437
9237
2462
6214
7435
7579
6713
4232
5886
9926
3023
1562
5285
7943
6776
8588
8072
8684
4934
8992
9394
1843
6517
629
8056
2232
8555
9827
3683
1091
7076
7198
9421
4409
1254
2121
9064
5091
3083
5485
3056
1189
3012
1004
2612
3335
7551
7331
3158
1399
3466
3773
8496
9071
534
4772
9122
4633
2088
5944
4821
671
1973
1744
6721
1430
5387
6281
6036
9219
9287
7254
2158
3092
4995
6477
58
8217
5504
1863
4759
3184
5443
6216
1429
4042
4111
8091
3252
5486
2379
4962
9414
3055
3420
8685
4596
7522
1413
5730
1881
2383
6158
8052
2770
3717
3935
8817
2713
1505
4789
9937
225
382
3074
4371
5584
1089
5795
7808
9006
9010
6961
8285
1334
2874
5988
961
6457
4656
5889
5952
9247
6354
2449
9821
2367
2511
415
7261
7877
8294
5287
2653
4766
4890
767
2417
5054
795
1498
9303
6527
433
2780
4978
5381
5110
7368
536
6546
9919
3901
7975
3070
6421
5407
1237
1547
2661
4690
8063
3253
7604
7367
5975
6849
454
3485
9506
2012
8558
6212
8854
4739
7006
9411
2620
101
8838
2979
9170
6709
9676
2169
5213
5576
7490
5434
5645
4398
8569
7129
8321
5454
1817
326
4839
5616
77
8594
6262
9656
9686
6430
9990
6020
6763
4259
2554
4365
1764
3075
6502
1652
1316
5566
6157
5147
8058
8621
586
6946
6617
6831
9391
173
8447
4064
5076
9092
5413
8258
7932
2410
3454
7437
6125
4798
5864
2321
5533
8635
9128
4841
7762
9998
5840
8947
5481
7599
1600
199
6579
3959
9425
7146
7335
9312
1940
2464
348
5397
1190
7925
7078
8600
3549
6542
7041
8547
3809
1062
2896
8895
865
9370
4886
6491
8256
397
3349
714
4225
821
8046
9032
5524
7666
4382
3492
4383
1279
2427
6514
8616
2806
7384
4412
7442
3727
8730
9307
8368
3605
5847
8278
8504
4794
8990
2892
5065
9545
1114
2573
475
3332
3508
5849
1259
8961
5671
1515
1230
8065
4545
6817
2972
2165
4810
187
3971
8124
5369
7897
156
7077
871
5392
7287
988
618
1310
8991
2068
5963
2927
836
4265
4516
3601
8214
8858
9645
8624
408
2095
2309
4581
8931
7190
4861
7731
6649
5342
9826
9927
8221
9655
1006
2382
1323
2139
5268
7728
9284
4363
49
4222
544
8605
2475
8607
8348
9855
8248
5808
8580
416
1575
4315
9185
9867
287
4121
7386
9460
3611
3039
1587
2697
9015
9698
1983
5475
396
9647
2710
6136
6248
8942
6235
1109
4822
9709
6349
5192
1342
1883
2910
1009
4211
1048
5262
9463
3364
5534
450
8698
2406
7036
74
3390
9467
4646
5404
6837
9743
7593
8382
8099
8414
9973
6417
5461
8996
8594
1440
1978
6424
7441
2145
209
195
7727
542
2476
5863
5860
9050
619
3900
6258
3227
795
7418
7708
3713
2022
7922
8421
8750
4878
809
5715
2255
9979
6631
9764
1973
7158
1692
7857
6562
4323
5283
8083
1614
9915
8655
1426
1847
4993
5096
7281
7854
8536
4943
5784
6997
3662
6570
5573
6456
3126
9062
1644
9788
9299
9725
1671
2826
5503
334
4459
6523
9485
4939
2002
8341
659
441
1211
1661
8481
9150
88
8073
2583
5793
5942
8385
2126
2811
902
6402
9111
9872
7421
2191
3903
7140
2682
1032
2185
5828
8630
5846
1743
2568
9606
1071
8280
8912
8251
8632
9365
4753
5694
8561
2468
129
3847
5212
640
7426
7706
8884
4223
6588
686
9901
9690
2721
6021
1075
4052
5734
8782
2737
9792
1803
3958
7072
514
4078
8672
2275
7744
9542
3339
5306
2634
1166
7252
8033
9593
3687
4112
8541
2336
2137
8130
4276
3628
9216
5683
6411
439
826
1840
6947
8855
1879
1653
16
4333
6148
197
1234
4268
9477
1772
6135
6331
8441
8164
8988
3941
4275
3667
9250
2873
1459
2694
5418
4284
7328
4806
9916
5373
3368
5648
7976
2543
1405
9883
5084
9547
6535
8429
1448
3256
6770
4344
7375
9214
9270
1256
7634
3211
6237
2709
189
2723
4770
60
9086
1635
2925
9
5317
2867
9906
933
7176
7954
7709
3591
8493
4944
8742
1650
6942
705
4440
9438
4609
6821
9360
3952
268
997
4645
6797
6944
9325
9680
2534
6756
4902
2323
3171
496
193
233
1165
7790
7834
8739
2947
3297
8876
761
2917
3131
6394
6235
8200
3479
410
1486
1573
8540
121
1589
4632
7855
673
1791
5265
3343
7944
8775
9618
1975
1554
1013
201
6591
2420
1181
1871
3704
5319
8422
1056
228
1576
2438
34
3573
8694
2260
6646
8508
3413
5480
6356
6457
8686
361
7957
3138
5870
6464
7565
8625
2776
3970
803
2994
9965
3270
6669
5327
3285
8985
4510
2045
1456
7827
9539
3095
1505
6130
7395
7895
8048
1728
2482
9126
4322
2062
3880
2884
2948
6778
354
2666
1926
5744
7682
7128
2674
8211
8492
3434
7015
6133
4535
3395
3722
565
8166
5947
3756
669
1199
9056
3302
2182
9660
6730
6951
6784
9037
370
1313
7949
4288
7486
8649
7966
9622
3916
5695
6665
3400
3494
6632
7955
6520
8850
4176
7603
8671
6870
7355
8551
8844
1834
5679
5689
7289
4963
14
4803
8645
8328
3739
6060
1543
2853
389
8679
9497
3570
3902
6176
6696
7017
9029
3684
4300
4413
9710
5753
8822
483
932
1406
7866
7105
2465
2643
4319
5045
5191
1741
9892
71
3438
7864
9779
5499
2117
1308
5807
2618
6257
8971
6608
8061
5239
1075
3576
4139
5225
2637
3309
6254
28
1159
8747
8946
7713
7086
6687
2001
2609
3354
2845
7500
4959
6426
9845
1017
6025
589
75
9949
2628
6910
5139
7248
6310
1490
3557
5799
1723
6406
2189
6023
8213
3711
2760
2050
3602
7948
2524
8183
8132
339
2563
3526
9173
6166
3581
4410
3619
1832
1854
9652
6490
7193
1703
2082
2693
3115
9251
1613
1700
8548
9828
3744
4317
2836
8087
462
3197
3697
8881
6252
7307
2418
4871
5136
7806
9986
1836
1129
6963
6420
6847
6892
8454
8639
1449
4242
9204
5468
3657
7446
7686
8460
6194
8142
2049
3446
1472
6573
2658
2715
6282
8607
5970
6744
5895
8612
2153
4277
623
5861
1298
2154
5569
6752
7253
3097
644
5515
1630
9575
8677
5074
3537
9729
9667
9260
5765
6180
6637
1229
1989
4030
272
3607
2151
6873
3642
5809
7724
1705
9418
7475
6568
5347
5713
8277
2015
5601
7984
8143
5741
9754
7841
8053
830
9648
9720
100
3110
8519
7057
9876
4596
5999
3405
4670
7114
7142
7302
3022
4569
7557
7616
9412
759
4042
2211
8527
2423
4415
6155
1941
2242
3659
9862
8035
8660
1775
1259
386
6479
8591
6906
9956
4858
5449
168
692
1853
6500
8089
2247
5761
9043
9419
734
4989
5657
3229
2046
8535
6891
9873
2981
4907
7633
1437
5642
533
8276
4324
6399
7751
6969
2646
2943
4147
3029
3774
866
7222
6625
1997
4307
3381
4165
3725
8311
9103
570
8074
8525
8856
3345
4220
4612
4949
5535
7263
1262
8842
2827
9639
3510
1838
8313
1057
3844
9825
492
8862
6079
6820
5875
2670
1290
7303
7412
7916
3417
6049
8506
8754
9033
1153
6247
4068
916
498
3718
4926
5044
7891
141
7377
3246
4720
9661
7701
1052
5935
3088
844
4478
279
3709
3243
3897
271
5822
7362
4076
4614
6571
9479
3254
353
7978
8777
5208
5430
8044
1289
804
147
7208
7373
3073
5462
4193
2113
5874
6402
1680
1458
9924
9541
9829
5395
5567
9051
2327
4928
8398
4310
1366
1568
4776
8837
9638
9672
7073
6727
686
2718
7403
5706
885
4323
3448
7521
9269
901
1634
625
7588
5484
9607
5864
6128
7534
5730
8518
6306
6326
9751
4577
2930
4350
9932
9904
333
1493
2252
2288
4744
7290
7060
9682
682
1503
3944
6885
4170
6224
5525
2356
744
8930
9760
1510
96
2240
2490
5918
5378
7737
1204
9999
5323
1034
4292
7856
8230
8826
1835
5948
7917
67
3036
5318
5755
6968
8040
5813
3146
4546
1195
402
8597
7595
2081
4800
534
3565
4811
3699
1412
1332
6859
9570
6833
6129
1474
8011
7607
9129
4746
3142
4615
912
5488
6648
8310
6450
7529
6270
559
6187
1058
3398
932
2756
9282
1078
103
396
566
1447
8995
6353
43
2775
5207
2724
3830
4228
5415
6431
617
521
9023
9662
4514
9227
9518
3371
6647
9446
4877
1815
5856
3404
3991
4722
6447
7783
8860
9104
3436
5601
7684
3308
4210
6383
781
7001
9323
6996
9080
6387
8345
8506
3887
9364
1637
6643
7043
8409
1483
971
6435
4549
234
303
5538
7350
7619
3380
1436
1588
2634
3665
3971
8145
6819
1951
9558
6924
6443
2260
2466
7669
442
301
5819
76
4602
4707
1476
5789
5910
393
3411
5123
9255
4611
5784
2127
6652
5540
6295
2855
8867
4139
9407
7267
1559
3057
3192
1765
3694
9578
8235
5858
258
7195
9818
853
6898
7671
818
9520
3076
8293
1198
7939
1341
7811
6107
6043
8631
7531
404
7677
3869
3938
3300
914
5778
2403
2757
9992
3043
2584
9264
8556
7943
1961
9380
3320
8209
7299
7778
2739
605
4894
4273
9874
7186
7295
2827
9175
2748
6997
8571
2109
4361
8461
3089
6932
824
9953
7734
4884
865
4555
3891
2322
5330
3441
6835
6640
9405
7893
3942
537
1744
7165
381
7013
3280
3053
3452
2824
6204
4642
5519
3806
6676
8081
5777
6702
8093
8987
653
3421
3617
8394
9161
4903
9869
4526
5924
1217
1606
6220
1141
4016
4638
8932
970
1757
3568
6716
5667
7933
2843
5451
7374
3645
3930
6713
400
9169
6127
8467
3465
4542
160
3273
3630
8020
4934
4785
894
3878
864
5369
8194
7658
2880
5922
3676
5799
3296
1422
3929
5750
253
3767
5078
1126
4237
2407
8298
6563
8956
4616
9936
2086
5469
212
4166
4793
1288
9058
5137
8108
3415
9955
1412
329
2619
9017
5109
287
6075
7839
5255
8733
1644
3250
8585
6365
1755
663
8532
9820
9871
4802
1316
3857
1293
2321
259
721
871
2651
1870
4971
6349
5038
8947
4091
5668
418
842
6335
7914
2691
2579
9049
9787
1136
9911
6759
2296
7182
7922
6393
9640
3241
91
1369
3010
3287
5167
2383
4067
205
2858
5653
7580
5252
2537
7215
4715
1857
3911
2334
8316
7850
1210
5095
5422
7871
6292
6501
547
2831
5280
7934
8391
9920
3274
9330
2699
5355
9526
7748
1890
4628
9928
7319
3020
3518
5375
9176
2221
1286
9131
945
6222
9268
4724
1179
1292
7489
136
4087
2585
1060
883
8203
777
2913
3323
7113
9775
1025
8660
4475
4620
4703
7591
8397
3993
6034
3715
5542
7994
2433
1618
4737
7513
1756
8317
7432
2802
8759
7103
7353
7354
8914
6427
3374
3574
2914
2146
188
2066
1135
3004
3245
3664
6213
2543
1236
247
1070
328
650
4850
7230
4692
9631
2057
4617
3284
83
9941
812
3134
4863
5803
2644
6112
551
5969
439
5456
6493
1985
8658
3190
5755
8904
1209
5716
9413
9935
2139
7662
250
5056
8646
4764
1957
4302
1087
403
769
2108
1789
9469
5719
9314
9656
8558
9402
3129
206
4428
8764
4763
3886
508
5801
4777
550
6549
9133
4757
609
8895
1979
2224
3263
641
8373
9072
3678
6430
1480
2129
7715
7996
587
1809
285
3497
2975
8425
2148
4117
1918
5495
7776
1275
9292
3973
6366
1636
3927
1533
5717
2607
876
7568
8929
1384
2446
4449
7497
7699
6201
4070
8886
3685
4128
7631
3792
4432
7882
311
9179
200
7323
9625
7139
3158
2903
3428
9737
182
3721
5034
7799
4544
5244
5312
1790
9356
322
395
4941
1250
5182
6945
8921
1597
7702
1530
1471
9117
2934
1522
5256
9367
863
6381
4330
4463
6363
1033
1560
9420
2926
5733
1844
9790
6286
5465
2501
5412
2349
8167
2
2025
3474
6567
8706
8614
1400
2019
5720
1621
546
1599
9176
3936
5760
383
6289
8867
6117
9276
9538
6723
2528
1829
7201
6780
1295
6884
5893
5700
1948
5246
4825
5241
9854
3194
2099
3267
8562
4347
9683
5842
8979
1808
3868
9492
758
9718
1777
1862
8951
9205
5216
6640
7854
7697
1219
9540
2403
4867
7828
5800
4085
6538
7164
40
3353
9983
7414
5450
2601
4468
5176
2248
2751
656
7144
70
3014
6305
4824
5148
3173
2929
9306
2865
6856
764
4485
6072
7918
5340
1628
3661
7163
6805
7492
9387
1531
5439
4977
5606
8451
901
7422
6757
2210
5417
4393
4774
5973
8521
6655
9147
8272
4244
7080
683
3206
3668
629
7885
6791
7773
127
6210
7772
1856
737
6470
3688
8366
2203
5331
6890
3017
742
2504
6547
8242
1054
8088
7639
2103
6382
1238
3493
6109
908
8012
1306
3137
3615
3589
9980
6514
8745
8882
3198
7485
4065
6903
8852
667
6749
4156
6009
9617
9633
2414
6994
4090
1287
7317
7852
9801
1790
7334
8019
432
2708
8281
890
2641
6084
2856
8717
5014
9501
548
4819
1906
5470
2601
7774
8595
9797
5519
7546
9399
640
3102
3226
3854
4891
6857
2186
3078
6590
2610
9936
3305
7990
7035
1329
791
1541
4488
426
6331
9811
5953
6342
6508
7750
6659
4372
2463
194
2895
7162
2175
3379
7602
622
5939
8656
727
3931
7986
9053
7154
8800
9503
1187
1721
4975
7229
2133
745
4335
7727
9002
8226
9000
5149
4738
7822
8509
7278
788
8640
2459
6873
2053
2545
2269
4634
2121
423
8802
1647
6412
4464
7170
3062
8851
2823
5342
9579
2692
2939
4649
5125
6752
2208
3067
4080
2751
2777
7123
1396
5975
1925
8468
826
7707
8370
9800
9149
5624
6597
4148
5804
4053
3237
1007
1090
5181
6062
8090
5954
7391
916
1466
7615
8237
7660
8291
1878
3501
874
1092
7296
5550
314
3424
9770
4807
4753
6054
8265
7610
8981
2071
6912
9251
1763
2256
7983
9401
2772
5580
7579
5673
3750
4362
6200
3867
6157
9337
1727
2387
5178
3153
4269
634
74
2814
4924
9303
1914
6960
8314
925
5994
5764
8812
9328
5579
9948
4000
9788
6767
8195
8864
5516
1118
6099
7678
6674
9917
4564
8758
8202
4422
5765
2821
5086
6324
6778
2623
6044
3106
9381
6623
7213
9083
1157
3899
9290
6364
8813
2718
5460
5916
9210
8244
8537
4015
2632
3155
8015
1937
8794
6167
6648
9464
9098
12
8911
5059
6518
3416
959
8077
9229
5329
5574
8267
2899
8517
6415
6391
2119
4348
3169
4713
7020
3984
4630
3506
2783
7672
8223
8254
9877
3074
3301
3932
5484
9422
6983
1249
4056
9803
4461
5685
3488
7297
5839
6173
1722
4274
7569
2547
4627
8069
425
9320
4519
4255
4662
7968
1877
3163
8344
1593
7040
9173
1150
2307
4558
3520
1730
5260
2244
8820
9012
892
4455
5930
5217
6832
6852
5622
6723
3337
473
5257
8638
9467
8381
9504
1001
7160
9351
2655
4203
7920
8323
1787
1516
379
3655
4151
5275
7329
8814
4499
6281
6098
6494
5889
3904
4281
3492
4048
6851
2779
6509
199
2957
2085
5283
572
2385
4259
6882
1558
6218
9019
416
1221
1351
8385
3511
5296
855
4789
5549
6288
8127
3032
592
3834
6602
1578
5654
8557
4028
6876
8687
6795
7358
7056
449
2635
69
2040
290
165
3221
3660
4669
1095
829
1810
2889
6454
3850
7067
8495
8078
5978
7379
3319
7207
9830
6921
5524
1251
2102
3309
9186
4374
7618
757
8006
9642
7271
4252
4647
2068
7147
557
6746
8779
1485
5009
657
5016
4378
216
3943
9870
3252
644
4442
7322
9086
2164
4624
8737
2336
9569
7402
5476
6337
9441
2767
4167
373
7149
7240
9530
377
3677
5985
435
7923
3876
3404
6772
1323
8185
7909
7527
8693
4854
5634
8548
4901
4930
4834
8464
8953
2205
4011
8689
5537
5884
2400
4396
6184
6949
9322
1344
2548
9486
4384
9859
1260
2153
7251
9934
341
1641
2970
6425
4283
9972
3666
7510
761
910
4083
7441
6134
3236
2572
7929
9549
1447
7636
2642
538
6513
7549
7964
2159
9730
6280
6703
3529
6982
5983
7520
1884
8110
7745
6832
5392
7937
9553
2515
3950
2340
2481
7135
7253
9332
8918
3364
346
909
344
1147
1431
8475
3462
6171
8615
8889
2494
5073
2065
8498
482
1919
6032
7860
5773
3174
4903
1338
2443
8787
3413
294
2714
933
4984
4877
7282
2352
8229
9874
7670
3201
8620
1859
2455
9919
6269
8092
1162
6854
9875
3960
3452
9866
708
3031
4908
2306
719
3471
5321
8937
5967
8751
846
6174
1382
5775
4523
8585
1501
9750
8696
859
2882
8027
3331
3889
9785
900
4814
4034
5633
956
5609
6330
7411
7416
8878
9979
9273
7228
1211
3631
9601
5852
2698
3112
6634
1882
2080
962
1488
9645
5338
2553
8462
1694
5536
1227
1201
2214
7777
3613
5218
4457
4208
2674
3785
134
2517
6934
7420
8139
7598
4394
7685
357
5752
9707
6063
6516
9502
541
5535
8062
3812
1
1218
8364
4094
7233
2270
6564
3234
3402
6972
92
8483
3403
4453
3769
9510
6909
5652
6373
6662
1871
7959
5093
1576
7747
7047
