736
258
531
552
674
578
766
264
433
627
381
249
233
351
504
457
719
393
490
668
360
415
533
836
321
558
722
738
403
492
598
237
302
615
620
721
454
642
726
240
256
343
447
672
423
545
242
285
665
179
341
438
619
289
376
391
464
609
439
500
386
573
628
209
234
590
727
419
670
795
569
626
678
269
425
437
469
284
586
597
72
331
400
600
740
357
778
383
566
170
435
542
608
633
495
690
693
783
299
370
472
479
587
624
695
697
701
729
825
444
519
618
798
867
298
324
398
432
498
580
673
410
503
595
634
761
803
318
344
372
422
431
460
818
142
340
442
493
253
359
411
485
546
646
206
369
371
392
426
539
560
791
295
471
548
596
658
712
165
630
108
245
280
293
430
652
259
378
517
544
621
870
147
202
246
260
323
396
421
448
708
725
513
520
530
405
506
537
703
728
122
243
319
397
477
481
532
666
731
748
186
283
714
756
850
863
54
229
281
468
480
534
553
554
563
623
638
212
255
306
402
404
507
315
346
322
571
585
594
215
347
379
406
509
676
698
704
806
824
871
320
325
428
752
776
887
88
104
181
226
277
613
459
515
650
734
311
328
349
483
631
653
661
250
526
551
724
55
300
412
458
272
190
191
218
361
443
476
514
659
129
131
312
355
491
671
685
188
216
446
535
579
694
794
145
309
335
463
474
543
644
707
57
200
294
297
326
348
445
496
559
601
86
199
267
292
308
622
675
743
765
390
606
718
750
802
841
220
373
389
567
769
847
222
276
377
522
541
99
112
178
241
310
408
417
424
452
499
749
140
177
232
266
282
314
502
696
547
799
90
117
275
354
465
478
583
610
660
817
126
198
329
333
450
455
617
751
780
846
164
193
223
363
380
486
715
184
225
427
516
556
811
497
538
612
759
873
146
155
219
616
745
334
162
169
173
221
235
307
629
657
774
895
205
858
924
114
278
413
691
786
819
852
884
70
152
368
461
680
97
151
436
473
603
635
648
63
109
204
217
732
385
494
576
640
820
210
130
394
401
591
73
213
236
362
833
115
182
244
388
508
705
859
931
505
801
943
65
118
189
684
688
815
839
274
76
669
716
832
339
387
116
160
482
643
822
829
353
382
777
805
874
27
80
83
575
775
52
150
711
842
227
337
441
581
105
263
265
562
692
287
87
157
296
536
823
876
892
144
254
664
861
303
773
137
257
332
467
133
268
487
760
790
908
100
384
561
831
864
356
637
865
34
111
141
475
855
121
407
5
156
175
301
882
364
757
171
588
720
853
316
785
67
416
649
138
350
747
176
647
800
273
814
827
935
71
134
196
915
521
682
106
330
488
742
900
208
555
687
809
172
238
19
69
194
527
837
737
812
872
21
247
153
161
313
50
163
94
197
270
753
772
845
888
929
982
2
834
107
110
166
290
434
898
98
192
896
25
656
826
95
148
174
788
907
557
568
969
211
912
928
792
881
717
689
914
922
979
962
540
906
125
262
843
168
183
3
409
84
762
201
271
510
919
868
429
835
252
529
456
709
85
32
139
763
860
866
917
810
878
923
862
857
894
903
47
24
466
342
934
304
796
261
11
79
167
787
925
955
988
840
577
662
893
828
143
700
963
128
78
101
51
932
885
956
214
549
904
62
869
136
420
784
135
449
8
29
61
851
28
936
972
625
462
45
524
804
966
767
886
901
451
593
23
550
10
58
1
926
744
942
961
991
938
0
528
39
56
954
965
844
976
944
838
484
582
584
960
679
564
414
891
951
918
699
920
149
994
46
978
902
916
41
987
641
286
607
981
655
367
899
983
910
975
677
315
807
997
22
589
808
702
103
523
35
533
447
336
710
344
718
713
177
802
362
489
