5.0
6.7
6.7
6.7
6.7
6.8
7.0
7.0
7.0
7.4
7.4
7.5
7.5
7.5
7.7
7.7
7.9
8.3
8.4
8.4
8.5
8.6
8.6
8.6
8.7
8.7
8.8
8.9
9.0
9.1
9.1
9.1
9.2
9.2
9.2
9.2
9.3
9.3
9.3
9.4
9.5
9.5
9.6
9.6
9.7
9.7
9.7
9.7
9.8
9.8
10.0
10.1
10.1
10.2
10.2
10.2
10.4
10.4
10.4
10.4
10.4
10.5
10.5
10.5
10.6
10.6
10.7
10.7
10.7
10.7
10.8
10.8
10.8
10.9
10.9
11.0
11.0
11.0
11.1
11.1
11.1
11.2
11.2
11.2
11.2
11.2
11.3
11.3
11.3
11.3
11.4
11.4
11.4
11.4
11.5
11.5
11.5
11.5
11.6
11.6
11.6
11.6
11.6
11.6
11.6
11.6
11.7
11.7
11.8
11.8
11.8
11.8
11.8
11.9
11.9
11.9
11.9
11.9
11.9
11.9
12.1
12.1
12.1
12.1
12.1
12.1
12.2
12.2
12.2
12.2
12.2
12.2
12.2
12.2
12.3
12.3
12.3
12.3
12.3
12.3
12.3
12.4
12.4
12.4
12.4
12.4
12.4
12.4
12.5
12.6
12.6
12.6
12.6
12.6
12.7
12.7
12.7
12.8
12.8
12.8
12.8
12.8
12.9
12.9
12.9
12.9
12.9
13.0
13.0
13.0
13.1
13.1
13.1
13.1
13.1
13.1
13.1
13.2
13.2
13.2
13.2
13.2
13.2
13.2
13.4
13.4
13.5
13.6
13.6
13.6
13.6
13.6
13.6
13.6
13.7
13.7
13.7
13.7
13.7
13.8
13.8
13.8
13.8
13.9
13.9
13.9
13.9
13.9
13.9
13.9
13.9
14.0
14.0
14.0
14.0
14.0
14.1
14.1
14.1
14.1
14.2
14.2
14.2
14.2
14.3
14.3
14.3
14.3
14.3
14.3
14.3
14.3
14.3
14.4
14.4
14.4
14.4
14.5
14.5
14.5
14.5
14.5
14.5
14.5
14.5
14.5
14.5
14.6
14.6
14.6
14.7
14.7
14.7
14.7
14.7
14.7
14.8
14.8
14.8
14.8
14.8
14.8
14.8
14.9
14.9
14.9
14.9
15.0
15.0
15.0
15.0
15.0
15.1
15.1
15.1
15.1
15.1
15.1
15.1
15.2
15.2
15.2
15.3
15.3
15.3
15.3
15.3
15.3
15.3
15.4
15.4
15.4
15.4
15.4
15.4
15.5
15.5
15.5
15.5
15.5
15.5
15.5
15.5
15.6
15.6
15.6
15.6
15.6
15.6
15.6
15.6
15.6
15.6
15.6
15.7
15.7
15.7
15.7
15.7
15.8
15.8
15.9
15.9
15.9
15.9
16.0
16.0
16.0
16.0
16.0
16.0
16.1
16.1
16.1
16.2
16.2
16.2
16.2
16.2
16.3
16.3
16.3
16.3
16.3
16.4
16.4
16.4
16.4
16.4
16.4
16.4
16.5
16.5
16.5
16.5
16.5
16.5
16.6
16.6
16.6
16.6
16.6
16.6
16.7
16.7
16.7
16.8
16.8
16.9
16.9
16.9
17.0
17.0
17.0
17.0
17.0
17.0
17.0
17.0
17.0
17.1
17.1
17.1
17.1
17.1
17.1
17.1
17.1
17.2
17.2
17.2
17.2
17.2
17.2
17.2
17.3
17.3
17.3
17.3
17.4
17.4
17.4
17.4
17.4
17.4
17.4
17.4
17.5
17.5
17.6
17.6
17.6
17.6
17.6
17.6
17.6
17.6
17.6
17.7
17.7
17.7
17.7
17.7
17.8
17.8
17.8
17.8
17.8
17.8
17.9
17.9
17.9
17.9
17.9
18.0
18.0
18.0
18.0
18.0
18.1
18.1
18.2
18.2
18.2
18.2
18.2
18.2
18.2
18.2
18.2
18.3
18.3
18.3
18.3
18.3
18.3
18.3
18.3
18.3
18.4
18.4
18.4
18.4
18.4
18.4
18.4
18.4
18.4
18.5
18.5
18.5
18.6
18.6
18.6
18.6
18.6
18.6
18.6
18.6
18.7
18.7
18.7
18.7
18.7
18.8
18.8
18.8
18.8
18.9
18.9
18.9
18.9
18.9
18.9
18.9
19.0
19.0
19.0
19.0
19.0
19.0
19.0
19.0
19.1
19.1
19.1
19.1
19.2
19.2
19.2
19.2
19.2
19.2
19.2
19.3
19.3
19.3
19.4
19.4
19.4
19.5
19.5
19.5
19.5
19.6
19.6
19.6
19.6
19.7
19.7
19.7
19.8
19.8
19.8
19.8
19.8
19.8
19.8
19.8
19.9
19.9
19.9
19.9
19.9
19.9
19.9
20.0
20.0
20.0
20.0
20.1
20.1
20.1
20.1
20.1
20.1
20.1
20.2
20.2
20.2
20.2
20.2
20.3
20.3
20.3
20.3
20.4
20.4
20.4
20.4
20.4
20.4
20.4
20.4
20.4
20.4
20.4
20.4
20.4
20.4
20.4
20.5
20.5
20.5
20.5
20.5
20.5
20.6
20.6
20.6
20.6
20.6
20.6
20.6
20.6
20.6
20.7
20.7
20.8
20.8
20.8
20.8
20.8
20.8
20.9
20.9
20.9
20.9
20.9
21.0
21.0
21.0
21.1
21.1
21.1
21.1
21.1
21.1
21.1
21.1
21.2
21.2
21.2
21.2
21.2
21.2
21.2
21.2
21.2
21.3
21.3
21.3
21.4
21.4
21.4
21.4
21.4
21.4
21.5
21.5
21.5
21.5
21.5
21.6
21.6
21.6
21.6
21.7
21.7
21.7
21.8
21.8
21.8
21.8
21.8
21.8
21.9
21.9
21.9
21.9
21.9
21.9
21.9
22.0
22.0
22.0
22.0
22.1
22.1
22.1
22.2
22.2
22.2
22.2
22.2
22.2
22.2
22.2
22.2
22.2
22.2
22.2
22.3
22.3
22.3
22.3
22.3
22.3
22.3
22.4
22.4
22.4
22.4
22.4
22.4
22.4
22.5
22.5
22.5
22.6
22.6
22.6
22.7
22.8
22.8
22.8
22.9
22.9
22.9
22.9
22.9
22.9
23.0
23.0
23.0
23.0
23.1
23.1
23.1
23.1
23.2
23.2
23.2
23.2
23.2
23.2
23.3
23.3
23.3
23.3
23.3
23.3
23.3
23.3
23.3
23.3
23.4
23.4
23.4
23.4
23.4
23.5
23.5
23.5
23.5
23.5
23.5
23.6
23.6
23.6
23.6
23.6
23.6
23.8
23.8
23.8
23.8
23.9
23.9
23.9
23.9
23.9
23.9
23.9
23.9
24.0
24.0
24.0
24.0
24.0
24.0
24.0
24.1
24.1
24.1
24.1
24.1
24.1
24.2
24.2
24.2
24.2
24.2
24.3
24.3
24.3
24.3
24.3
24.3
24.3
24.3
24.4
24.4
24.4
24.4
24.4
24.4
24.5
24.5
24.5
24.5
24.6
24.6
24.6
24.6
24.6
24.7
24.7
24.7
24.7
24.8
24.8
24.8
24.8
24.8
24.8
24.8
24.8
24.9
24.9
24.9
24.9
25.0
25.0
25.0
25.0
25.0
25.1
25.2
25.2
25.2
25.2
25.2
25.3
25.3
25.3
25.4
25.4
25.4
25.4
25.4
25.5
25.5
25.5
25.5
25.6
25.6
25.6
25.6
25.6
25.6
25.7
25.7
25.7
25.7
25.8
25.8
25.8
25.8
25.8
25.8
25.8
25.9
25.9
25.9
25.9
25.9
25.9
25.9
25.9
25.9
26.0
26.0
26.0
26.0
26.0
26.0
26.0
26.0
26.0
26.0
26.0
26.1
26.1
26.1
26.1
26.1
26.2
26.2
26.2
26.2
26.2
26.3
26.3
26.3
26.3
26.4
26.4
26.4
26.4
26.4
26.4
26.4
26.4
26.5
26.5
26.5
26.5
26.5
26.5
26.5
26.6
26.6
26.6
26.6
26.6
26.6
26.6
26.7
26.7
26.7
26.7
26.8
26.8
26.8
26.8
26.8
26.8
26.8
26.8
26.8
26.8
26.8
26.9
26.9
27.0
27.1
27.1
27.1
27.1
27.1
27.1
27.1
27.1
27.2
27.2
27.2
27.2
27.3
27.3
27.3
27.3
27.3
27.3
27.3
27.3
27.4
27.4
27.4
27.4
27.4
27.4
27.4
27.4
27.4
27.5
27.5
27.5
27.5
27.5
27.6
27.6
27.6
27.6
27.6
27.6
27.6
27.6
27.7
27.8
27.8
27.8
27.9
27.9
27.9
27.9
28.0
28.0
28.0
28.0
28.1
28.1
28.1
28.1
28.1
28.1
28.1
28.1
28.1
28.2
28.2
28.2
28.2
28.2
28.3
28.3
28.3
28.4
28.4
28.4
28.4
28.5
28.5
28.5
28.6
28.6
28.6
28.6
28.7
28.7
28.7
28.7
28.7
28.7
28.7
28.8
28.8
28.8
28.8
28.8
28.9
28.9
28.9
28.9
28.9
29.0
29.0
29.0
29.0
29.0
29.1
29.1
29.2
29.2
29.2
29.2
29.2
29.2
29.2
29.3
29.3
29.4
29.4
29.5
29.5
29.5
29.5
29.5
29.5
29.6
29.6
29.6
29.6
29.7
29.7
29.7
29.7
29.7
29.7
29.7
29.7
29.8
29.8
29.8
29.8
29.8
29.9
29.9
29.9
30.0
30.0
30.0
30.0
30.0
30.0
30.0
30.0
30.0
30.1
30.1
30.2
30.2
30.2
30.2
30.3
30.3
30.3
30.3
30.3
30.3
30.3
30.3
30.3
30.4
30.4
30.4
30.4
30.5
30.5
30.5
30.5
30.5
30.6
30.6
30.6
30.7
30.7
30.7
30.8
30.8
30.8
30.8
30.8
30.8
30.9
30.9
30.9
31.0
31.0
31.0
31.0
31.1
31.2
31.2
31.2
31.2
31.2
31.2
31.3
31.3
31.4
31.4
31.4
31.4
31.5
31.5
31.5
31.5
31.5
31.5
31.5
31.5
31.5
31.5
31.6
31.6
31.6
31.6
31.7
31.7
31.7
31.7
31.8
31.8
31.8
31.8
31.9
31.9
32.0
32.0
32.0
32.1
32.1
32.1
32.1
32.2
32.2
32.2
32.2
32.2
32.2
32.2
32.3
32.3
32.3
32.3
32.4
32.4
32.4
32.5
32.5
32.5
32.5
32.5
32.5
32.5
32.6
32.6
32.7
32.7
32.7
32.7
32.7
32.7
32.8
32.8
32.8
32.9
32.9
32.9
32.9
32.9
32.9
33.0
33.0
33.0
33.0
33.0
33.0
33.1
33.1
33.1
33.2
33.2
33.2
33.2
33.3
33.3
33.3
33.3
33.3
33.3
33.4
33.4
33.4
33.4
33.4
33.5
33.5
33.5
33.5
33.5
33.5
33.5
33.5
33.6
33.6
33.6
33.6
33.6
33.6
33.6
33.7
33.7
33.7
33.7
33.8
33.8
33.8
33.9
33.9
33.9
33.9
33.9
33.9
34.0
34.0
34.0
34.0
34.0
34.0
34.1
34.1
34.1
34.1
34.1
34.2
34.3
34.3
34.3
34.3
34.3
34.4
34.4
34.4
34.4
34.5
34.5
34.5
34.5
34.6
34.6
34.6
34.6
34.6
34.7
34.7
34.7
34.7
34.7
34.7
34.7
34.7
34.8
34.8
34.8
34.9
35.0
35.0
35.1
35.1
35.1
35.1
35.2
35.2
35.3
35.3
35.3
35.3
35.4
35.4
35.4
35.5
35.5
35.6
35.6
35.6
35.6
35.7
35.7
35.7
35.7
35.8
35.8
35.8
35.8
35.9
35.9
35.9
35.9
35.9
35.9
36.0
36.0
36.0
36.0
36.0
36.0
36.1
36.1
36.1
36.2
36.2
36.2
36.2
36.3
36.3
36.4
36.4
36.4
36.4
36.5
36.5
36.5
36.5
36.6
36.6
36.6
36.7
36.7
36.7
36.7
36.8
36.8
36.8
36.8
36.8
36.8
36.8
36.9
36.9
36.9
36.9
36.9
36.9
37.0
37.0
37.0
37.0
37.1
37.1
37.1
37.1
37.1
37.1
37.2
37.2
37.2
37.2
37.2
37.2
37.2
37.2
37.3
37.3
37.3
37.3
37.3
37.3
37.4
37.4
37.4
37.4
37.5
37.5
37.5
37.5
37.5
37.5
37.5
37.7
37.7
37.7
37.7
37.8
37.8
37.8
37.8
37.8
37.9
37.9
37.9
38.0
38.0
38.0
38.0
38.0
38.1
38.1
38.2
38.2
38.2
38.2
38.3
38.3
38.3
38.3
38.3
38.3
38.3
38.4
38.4
38.4
38.5
38.5
38.5
38.5
38.5
38.6
38.6
38.7
38.8
38.8
38.8
38.8
38.9
39.0
39.0
39.1
39.1
39.1
39.2
39.2
39.2
39.3
39.3
39.3
39.3
39.3
39.3
39.3
39.3
39.4
39.4
39.4
39.4
39.5
39.5
39.6
39.6
39.6
39.7
39.7
39.8
39.8
39.8
39.9
39.9
40.0
40.0
40.0
40.1
40.1
40.1
40.1
40.1
40.2
40.2
40.2
40.3
40.3
40.4
40.4
40.4
40.5
40.5
40.5
40.5
40.5
40.5
40.6
40.6
40.6
40.7
40.7
40.7
40.7
40.8
40.8
40.8
40.9
40.9
40.9
40.9
41.0
41.0
41.0
41.1
41.1
41.1
41.2
41.2
41.2
41.2
41.2
41.3
41.3
41.4
41.4
41.4
41.4
41.5
41.5
41.5
41.6
41.7
41.7
41.7
41.8
41.8
41.8
41.9
42.0
42.0
42.1
42.1
42.1
42.1
42.2
42.2
42.2
42.2
42.3
42.3
42.3
42.3
42.3
42.3
42.4
42.4
42.4
42.4
42.7
42.7
42.7
42.7
42.8
42.8
42.8
42.9
42.9
42.9
42.9
42.9
42.9
42.9
43.0
43.0
43.1
43.1
43.1
43.2
43.3
43.4
43.4
43.4
43.5
43.5
43.5
43.6
43.6
43.6
43.7
43.7
43.7
43.7
43.7
43.7
43.7
43.7
43.8
43.8
43.9
43.9
43.9
44.1
44.1
44.1
44.2
44.2
44.3
44.3
44.3
44.4
44.4
44.4
44.4
44.5
44.5
44.5
44.6
44.6
44.8
44.8
44.8
44.9
44.9
44.9
45.0
45.0
45.0
45.1
45.1
45.2
45.2
45.2
45.3
45.3
45.3
45.4
45.4
45.5
45.5
45.5
45.6
45.7
45.7
45.7
45.8
45.8
45.8
45.8
45.8
45.9
45.9
46.0
46.0
46.0
46.2
46.3
46.3
46.3
46.4
46.4
46.5
46.5
46.6
46.6
46.7
46.7
46.7
46.8
46.8
46.8
46.8
46.8
46.8
46.9
46.9
46.9
47.0
47.1
47.1
47.2
47.3
47.3
47.4
47.4
47.4
47.4
47.4
47.5
47.5
47.7
47.7
47.7
47.8
47.8
47.8
47.8
47.8
47.9
48.0
48.0
48.0
48.1
48.1
48.1
48.1
48.2
48.3
48.3
48.3
48.4
48.4
48.5
48.5
48.6
48.6
48.6
48.7
48.7
48.7
48.8
48.8
48.9
48.9
49.0
49.0
49.0
49.0
49.1
49.1
49.1
49.3
49.3
49.3
49.3
49.4
49.4
49.4
49.5
49.5
49.5
49.5
49.5
49.5
49.6
49.6
49.6
49.7
49.7
49.7
49.7
49.8
49.8
50.0
50.0
50.0
50.1
50.3
50.4
50.4
50.4
50.5
50.5
50.5
50.5
50.5
50.5
50.5
50.6
50.6
50.7
50.7
50.7
50.8
50.8
50.9
50.9
51.0
51.0
51.0
51.0
51.1
51.1
51.1
51.1
51.2
51.2
51.2
51.2
51.2
51.2
51.3
51.3
51.3
51.3
51.4
51.4
51.4
51.5
51.5
51.5
51.6
51.6
51.6
51.6
51.6
51.6
51.7
51.8
51.8
51.9
51.9
52.0
52.0
52.1
52.1
52.2
52.3
52.3
52.3
52.3
52.3
52.5
52.6
52.6
52.7
52.7
52.7
52.8
52.8
52.8
52.8
52.9
52.9
52.9
52.9
53.0
53.0
53.1
53.1
53.1
53.2
53.2
53.2
53.2
53.3
53.3
53.4
53.4
53.4
53.5
53.6
53.6
53.6
53.6
53.8
53.9
54.0
54.0
54.0
54.2
54.2
54.4
54.4
54.5
54.5
54.5
54.5
54.6
54.6
54.6
54.6
54.7
54.7
54.7
54.7
54.7
54.8
54.8
54.8
54.8
54.9
54.9
54.9
55.0
55.0
55.1
55.2
55.2
55.2
55.3
55.3
55.4
55.4
55.4
55.5
55.5
55.5
55.6
55.7
55.7
55.7
55.7
55.7
55.8
55.8
55.9
55.9
55.9
56.0
56.0
56.0
56.0
56.0
56.1
56.2
56.2
56.4
56.4
56.4
56.4
56.4
56.5
56.5
56.6
56.7
56.7
56.7
56.7
56.8
56.8
57.0
57.2
57.3
57.3
57.4
57.4
57.4
57.5
57.5
57.5
57.6
57.7
57.7
57.8
57.8
57.8
57.9
57.9
58.0
58.0
58.0
58.0
58.0
58.0
58.1
58.1
58.1
58.1
58.1
58.2
58.2
58.2
58.3
58.3
58.4
58.5
58.7
58.7
58.7
58.7
58.8
58.8
58.8
58.9
58.9
59.0
59.1
59.2
59.2
59.2
59.2
59.3
59.3
59.4
59.4
59.4
59.4
59.4
59.5
59.7
59.7
59.8
59.8
59.8
59.8
59.9
59.9
59.9
59.9
59.9
60.0
60.2
60.2
60.2
60.2
60.3
60.4
60.5
60.5
60.5
60.6
60.6
60.7
60.7
60.7
60.7
60.7
60.8
60.9
61.0
61.0
61.0
61.1
61.2
61.2
61.2
61.2
61.3
61.3
61.4
61.4
61.4
61.5
61.5
61.6
61.6
61.6
61.6
61.8
61.8
61.8
61.9
61.9
61.9
62.0
62.0
62.1
62.1
62.1
62.2
62.4
62.5
62.6
62.6
62.6
62.6
62.7
62.7
62.8
62.9
63.1
63.1
63.1
63.1
63.1
63.2
63.2
63.4
63.4
63.5
63.5
63.6
63.6
63.8
63.8
63.9
64.0
64.1
64.2
64.3
64.3
64.4
64.4
64.4
64.4
64.5
64.5
64.6
64.6
64.7
64.9
64.9
65.0
65.0
65.1
65.1
65.2
65.3
65.3
65.4
65.5
65.7
65.7
65.7
65.7
65.8
65.9
65.9
65.9
65.9
66.0
66.1
66.2
66.3
66.5
66.5
66.5
66.6
66.7
66.8
66.8
66.9
67.0
67.1
67.1
67.2
67.3
67.3
67.4
67.4
67.4
67.4
67.5
67.5
67.5
67.6
67.6
67.6
67.8
67.8
67.9
68.0
68.0
68.0
68.0
68.1
68.3
68.3
68.3
68.3
68.4
68.4
68.7
68.7
68.7
68.8
68.8
69.0
69.0
69.1
69.2
69.3
69.3
69.3
69.4
69.4
69.5
69.5
69.5
69.6
69.6
69.6
69.6
69.8
69.8
69.9
70.0
70.0
70.0
70.1
70.1
70.2
70.2
70.2
70.3
70.3
70.3
70.4
70.4
70.4
70.4
70.5
70.5
70.5
70.5
70.5
70.6
70.6
70.6
70.7
70.7
70.7
70.8
71.1
71.1
71.2
71.4
71.6
71.7
71.7
71.7
71.8
71.9
72.1
72.1
72.1
72.3
72.3
72.3
72.4
72.4
72.4
72.6
72.6
72.7
72.7
72.7
72.7
72.8
72.9
73.1
73.1
73.1
73.2
73.2
73.3
73.4
73.5
73.6
73.6
73.7
73.7
73.8
73.8
73.8
73.9
74.1
74.2
74.3
74.3
74.3
74.5
74.5
74.5
74.5
74.6
74.6
74.7
74.9
75.0
75.0
75.1
75.1
75.1
75.2
75.2
75.3
75.3
75.4
75.5
75.6
75.6
75.7
75.8
75.8
75.9
75.9
75.9
76.0
76.0
76.1
76.1
76.2
76.2
76.2
76.2
76.3
76.3
76.3
76.6
76.7
76.7
76.7
76.7
76.8
77.0
77.0
77.1
77.2
77.3
77.4
77.4
77.4
77.6
77.6
77.8
78.1
78.1
78.2
78.2
78.2
78.4
78.5
78.6
78.6
78.7
78.7
78.9
79.0
79.0
79.1
79.3
79.4
79.5
79.5
79.8
79.9
79.9
79.9
80.0
80.1
80.1
80.2
80.2
80.2
80.3
80.3
80.3
80.3
80.3
80.5
80.7
80.7
81.1
81.3
81.3
81.3
81.5
81.6
81.8
81.8
81.9
82.1
82.1
82.1
82.4
82.4
82.5
82.5
82.6
82.6
82.6
82.6
82.8
82.9
83.0
83.0
83.1
83.1
83.1
83.1
83.2
83.2
83.2
83.4
83.5
83.5
83.5
83.5
83.6
83.6
83.7
84.1
84.1
84.2
84.5
84.7
84.8
84.9
85.1
85.2
85.2
85.3
85.3
85.4
85.5
85.6
85.8
85.9
86.1
86.1
86.1
86.2
86.2
86.2
86.3
86.4
86.4
86.5
86.7
86.7
86.8
86.9
86.9
87.1
87.3
87.4
87.5
87.5
87.6
87.6
87.6
87.7
87.7
87.7
87.7
87.8
87.9
87.9
88.0
88.3
88.4
88.4
88.5
88.7
88.8
89.0
89.0
89.1
89.2
89.2
89.4
89.6
89.6
89.7
89.7
89.8
89.9
90.0
90.2
90.2
90.3
90.4
90.4
90.4
90.4
90.6
90.7
90.7
90.7
90.8
91.1
91.3
91.5
91.7
91.7
92.1
92.2
92.3
92.3
92.5
92.6
92.7
92.7
92.8
92.9
93.0
93.1
93.1
93.2
93.3
93.3
93.4
93.4
93.4
93.5
93.6
93.6
93.7
93.9
94.0
94.3
94.3
94.3
94.4
94.5
94.6
94.6
94.6
94.7
94.7
94.8
95.0
95.0
95.1
95.1
95.2
95.3
95.3
95.6
95.7
95.7
95.8
95.8
95.9
95.9
96.1
96.1
96.2
96.2
96.2
96.3
96.5
96.6
96.6
96.6
96.8
96.8
97.0
97.1
97.3
97.5
97.5
97.6
98.1
98.1
98.1
98.2
98.2
98.3
98.3
98.3
98.3
98.5
98.5
98.5
98.5
98.6
98.7
98.8
98.8
98.9
98.9
99.2
99.2
99.3
99.3
99.5
99.6
99.7
99.7
99.7
99.8
99.9
99.9
100.0
100.0
100.1
100.3
100.4
100.5
100.6
100.8
101.1
101.1
101.1
101.1
101.2
101.2
101.3
101.3
101.4
101.4
101.4
101.6
101.8
101.9
101.9
102.0
102.1
102.1
102.2
102.2
102.3
102.3
102.3
102.4
102.5
102.6
102.6
102.6
102.7
102.8
102.9
102.9
103.0
103.0
103.1
103.3
103.3
103.4
103.6
103.7
103.7
103.7
104.0
104.1
104.1
104.2
104.3
104.4
104.6
104.7
104.8
104.8
104.9
105.0
105.1
105.1
105.6
105.7
105.8
105.9
106.1
106.2
106.3
106.3
106.4
106.4
106.4
106.4
106.5
106.5
106.6
106.6
106.8
106.9
107.0
107.0
107.1
107.2
107.4
107.4
107.5
107.5
107.5
107.7
107.9
107.9
108.0
108.0
108.0
108.2
108.2
108.3
108.5
108.5
108.6
108.7
108.7
109.0
109.0
109.1
109.1
109.2
109.4
109.6
109.6
109.7
110.0
110.1
110.2
110.3
110.3
110.3
110.3
110.5
111.2
111.3
111.4
111.4
111.4
111.5
111.6
111.7
111.8
111.8
111.8
111.9
111.9
111.9
112.2
112.3
112.5
112.5
112.5
112.7
113.1
113.1
113.2
113.2
113.4
113.5
113.8
114.2
114.2
114.3
114.4
114.5
114.6
114.7
114.8
114.8
115.0
115.1
115.2
115.2
115.3
115.5
115.8
115.8
116.3
116.3
116.6
116.6
116.7
116.8
116.8
117.0
117.1
117.3
117.4
117.7
117.8
117.9
118.6
118.7
118.9
118.9
119.0
119.0
119.2
119.2
119.3
119.4
119.5
119.6
119.6
120.0
120.2
120.2
120.2
120.5
120.9
121.0
121.1
121.1
121.1
121.2
121.2
121.3
121.5
121.6
121.8
122.2
122.3
122.6
122.6
122.7
123.0
123.1
123.1
123.2
123.2
123.2
123.3
123.4
123.4
123.5
123.7
123.9
123.9
123.9
123.9
124.0
124.2
124.2
124.2
124.3
124.5
124.5
124.5
124.6
124.6
124.6
124.7
124.7
124.9
124.9
124.9
124.9
125.0
125.0
125.6
125.7
125.7
125.8
125.8
126.2
126.3
126.3
126.4
126.5
126.5
126.8
127.1
127.2
127.2
127.4
127.6
127.8
127.8
128.3
128.3
128.3
128.4
128.5
128.5
128.6
128.7
128.8
128.9
129.0
129.2
129.3
129.5
129.7
129.8
129.9
130.2
130.3
130.5
130.5
130.8
131.2
131.2
131.2
131.3
131.8
131.9
131.9
132.2
132.2
132.2
132.5
132.5
132.6
132.8
133.0
133.1
133.2
133.7
133.7
133.8
133.9
133.9
134.0
134.0
134.4
134.5
134.7
134.8
134.9
135.1
135.3
135.4
135.5
135.5
135.5
135.6
135.7
135.8
135.8
135.9
136.0
136.1
136.2
136.2
136.3
136.4
136.5
136.9
137.1
137.1
137.2
137.3
137.3
137.3
137.5
137.5
137.7
137.9
138.5
138.7
138.8
138.9
138.9
139.0
139.1
139.3
139.3
139.9
140.0
140.1
140.2
140.3
140.3
140.4
140.6
140.7
140.7
140.7
140.8
140.8
141.4
141.4
141.5
141.7
141.7
141.8
141.8
141.9
142.1
142.1
142.2
142.5
142.6
143.1
143.2
143.2
143.5
143.6
143.7
143.8
143.9
143.9
144.0
144.2
144.4
144.7
144.8
144.8
145.5
145.7
145.7
145.8
145.8
145.8
146.2
146.6
146.7
146.8
146.9
146.9
147.0
147.2
147.4
147.5
147.5
147.7
148.1
148.2
148.3
148.5
148.7
148.7
149.3
149.6
149.7
149.7
149.8
149.8
150.0
150.1
150.2
150.3
150.3
150.4
150.5
150.5
150.5
150.6
150.6
150.6
150.7
150.7
150.8
150.8
151.0
151.1
151.1
151.3
151.3
151.5
151.5
151.5
151.5
152.0
152.1
152.2
152.3
152.3
152.6
152.7
152.7
153.2
153.2
153.3
153.4
153.9
154.1
154.2
154.2
154.2
154.3
154.5
154.8
155.0
155.1
155.1
155.2
155.3
155.9
156.8
156.9
157.1
157.5
157.7
157.8
158.2
158.3
158.4
158.5
158.6
158.6
158.8
158.8
158.9
158.9
158.9
159.1
159.1
159.3
159.6
159.6
159.8
159.9
160.1
160.2
160.2
160.2
160.3
160.3
160.3
160.9
161.1
161.2
161.3
161.3
161.5
161.5
161.5
161.5
161.7
161.9
161.9
162.3
162.5
162.6
162.6
162.6
162.8
163.0
163.1
163.2
163.4
163.5
163.5
163.6
163.6
163.8
164.0
164.1
164.1
164.2
164.5
164.5
164.6
164.6
164.6
164.7
164.8
164.8
165.0
165.3
165.3
165.3
165.4
165.6
165.8
165.9
166.2
166.2
166.6
166.7
166.8
167.4
167.5
167.5
167.5
167.7
167.8
168.0
168.1
168.2
168.5
168.6
168.7
169.0
169.1
169.3
169.9
169.9
170.3
170.5
170.5
170.6
170.7
170.7
170.7
170.8
170.9
171.4
171.6
171.7
172.0
172.2
172.3
172.3
172.3
172.4
172.5
172.7
172.8
172.9
173.1
173.2
173.2
173.3
173.3
173.3
173.3
173.6
174.1
174.8
174.9
175.0
175.0
175.1
175.4
175.4
175.5
175.7
175.7
175.8
176.1
176.4
176.7
176.7
177.1
177.2
177.2
177.4
177.6
177.9
178.2
178.4
178.4
178.8
179.1
179.3
179.6
179.7
179.8
180.5
180.6
180.7
180.7
181.0
181.3
181.4
181.7
181.8
181.8
182.0
182.1
182.6
182.8
182.9
183.0
183.1
183.1
183.4
183.6
183.8
183.8
184.1
184.4
184.5
184.6
184.8
185.1
185.1
185.3
185.6
185.8
186.0
186.1
186.2
186.2
186.3
186.5
186.5
186.5
186.5
186.6
186.8
186.9
187.0
187.1
187.2
187.4
187.5
187.6
187.6
187.7
187.7
187.8
188.2
188.5
188.7
189.1
189.5
189.6
189.7
190.0
190.1
190.4
190.4
190.4
190.5
190.6
190.7
191.3
191.3
191.4
191.4
191.5
191.5
191.9
191.9
192.1
192.2
192.3
192.5
192.7
192.7
192.9
193.2
193.3
194.1
194.2
194.4
194.7
195.3
195.5
195.5
195.8
196.0
196.2
196.3
196.4
196.6
196.6
196.6
196.6
196.7
196.8
197.0
197.1
197.3
197.7
197.8
198.0
198.2
198.4
198.6
198.7
198.7
198.9
199.0
199.1
199.4
199.6
199.6
199.9
200.4
200.4
200.4
200.6
200.8
201.1
201.3
201.5
201.5
201.5
201.7
201.9
202.0
202.1
202.1
202.2
202.6
202.7
202.8
203.2
203.3
203.3
203.5
203.6
203.8
204.2
204.3
204.5
204.6
205.5
205.9
205.9
206.0
206.8
207.2
207.2
207.4
207.4
207.5
207.8
208.0
208.0
208.2
208.3
208.3
208.4
208.5
208.7
208.8
208.9
209.2
209.2
209.3
209.4
209.5
209.5
209.9
209.9
210.0
210.0
210.1
210.3
210.5
210.8
210.9
211.3
211.6
211.7
211.9
212.0
212.0
212.1
212.4
212.9
213.0
213.0
213.1
213.3
213.4
213.7
213.7
214.1
214.4
214.5
215.0
215.1
215.4
215.5
216.1
216.2
216.6
217.4
217.6
218.1
218.2
218.3
218.3
218.5
218.7
218.7
218.9
219.0
219.1
219.2
219.2
219.2
219.2
220.0
220.0
220.0
220.1
220.1
220.4
220.7
221.2
221.4
221.4
221.9
222.1
222.1
222.2
222.8
222.8
223.0
223.1
223.2
223.5
223.5
223.9
224.0
224.1
224.1
224.2
224.3
224.3
224.4
224.5
224.7
224.8
225.0
225.1
225.3
225.4
225.4
225.5
225.8
225.8
226.3
226.3
226.5
226.5
226.5
226.7
226.7
227.0
227.1
227.3
227.6
227.6
227.6
227.6
227.6
227.7
227.7
228.0
228.6
228.7
228.7
229.2
229.4
230.0
230.1
230.5
230.6
230.7
230.7
230.9
231.1
231.4
231.6
231.7
231.8
231.8
232.0
232.4
232.4
232.4
232.5
232.8
232.8
233.1
233.2
233.4
233.8
234.0
234.3
234.4
234.4
234.5
234.7
235.4
235.6
235.6
235.7
235.9
236.1
236.1
236.2
236.4
237.0
237.0
237.7
237.9
237.9
238.1
238.5
239.0
239.2
239.4
239.4
239.4
239.5
239.6
239.8
240.1
240.1
240.2
240.6
240.7
241.0
241.1
241.3
241.4
241.5
241.5
242.0
242.1
242.5
242.9
243.0
243.8
243.9
244.0
244.3
244.3
244.4
244.9
245.3
245.3
245.4
245.4
245.5
245.7
245.8
246.0
246.0
246.3
246.4
246.4
246.4
246.5
247.2
247.5
247.6
247.8
248.2
248.3
248.4
248.4
248.6
248.6
248.7
248.9
249.0
249.3
249.6
249.8
249.9
249.9
250.1
250.2
250.2
250.8
251.2
251.3
251.4
251.5
251.7
251.8
252.8
253.4
254.0
254.1
254.3
254.4
255.0
255.0
255.0
255.5
255.9
256.2
256.4
256.5
256.8
256.8
256.8
256.9
257.0
257.3
257.3
257.4
257.5
257.9
258.0
258.3
258.3
258.5
258.6
258.8
259.2
259.3
259.8
259.8
259.8
259.9
260.4
260.4
260.5
260.6
261.0
261.3
261.8
261.8
262.1
262.3
262.3
262.3
262.3
262.4
262.5
262.7
262.7
262.8
263.0
263.1
263.2
263.4
263.4
263.5
263.7
263.7
263.7
263.8
263.9
264.4
264.6
264.8
264.8
264.8
264.9
265.8
265.9
265.9
266.0
266.5
266.9
267.0
267.0
267.0
267.1
267.1
267.3
267.3
268.1
268.1
268.2
269.1
269.4
269.6
269.6
269.6
269.6
270.0
270.1
270.3
270.5
270.6
270.6
270.9
271.1
271.7
271.7
271.8
271.9
271.9
271.9
272.0
272.3
272.5
272.7
272.7
272.8
273.4
273.9
274.0
274.5
274.6
274.6
274.9
275.2
275.3
275.4
275.6
275.7
275.9
275.9
276.5
276.8
276.8
277.6
277.6
277.9
278.0
278.1
278.3
278.4
278.5
278.7
278.8
279.0
279.0
279.1
279.6
279.7
279.7
279.7
280.2
280.6
280.8
280.8
281.0
281.1
281.2
281.5
281.6
281.9
281.9
282.0
282.4
282.6
282.7
283.3
283.7
284.1
284.2
284.3
284.6
285.1
285.2
285.3
286.0
286.1
286.1
286.3
286.3
286.9
287.0
287.8
288.2
288.3
288.4
288.7
288.7
288.8
289.1
289.4
289.7
289.8
290.1
290.1
290.1
290.3
290.5
290.5
291.0
291.2
292.8
292.9
293.0
293.6
293.7
293.8
293.9
294.1
294.1
294.3
294.3
294.5
294.8
294.8
295.4
296.0
296.2
296.2
296.3
296.5
296.6
296.9
296.9
297.6
297.8
297.9
298.5
298.5
298.9
299.0
299.9
300.1
300.1
300.2
300.4
300.5
300.5
300.6
300.9
301.1
301.4
301.7
301.9
302.1
302.2
302.3
302.4
302.9
302.9
303.0
303.1
303.1
303.8
304.4
304.5
304.8
304.9
305.4
305.5
305.6
306.8
307.0
307.0
307.1
307.4
307.4
307.5
307.5
307.5
307.5
307.6
307.6
308.1
308.1
308.2
308.5
308.7
308.7
308.8
309.8
310.4
310.9
311.2
311.5
311.6
312.0
312.3
312.5
312.6
312.7
312.7
312.9
313.0
313.2
313.5
313.5
313.6
313.8
313.8
313.8
313.9
314.1
314.1
314.1
314.6
314.7
314.9
315.5
315.6
315.6
315.9
316.3
316.5
317.0
317.0
317.2
317.3
317.5
317.7
317.8
318.8
319.2
319.3
319.6
319.6
319.8
320.0
320.2
320.3
320.4
320.4
320.5
320.6
320.7
320.9
321.0
321.5
322.1
322.2
322.6
322.6
322.7
323.0
323.1
323.1
323.2
324.0
324.0
324.1
324.4
324.9
325.3
325.6
325.9
326.0
326.0
326.1
326.1
326.3
326.4
326.4
326.6
326.6
326.7
327.1
327.3
327.4
327.5
327.6
327.6
327.9
328.2
328.4
328.4
328.5
328.7
329.6
329.8
330.1
330.2
330.2
330.3
330.3
330.6
330.9
330.9
331.0
331.2
331.3
331.3
331.4
331.6
331.9
331.9
332.5
332.6
333.0
333.6
334.1
334.4
334.7
334.8
335.1
335.1
335.2
335.4
335.8
336.1
336.4
336.4
336.4
336.5
336.7
337.1
337.1
337.2
337.2
337.3
337.3
337.4
337.4
337.5
338.1
338.2
338.3
338.5
338.6
338.7
338.9
339.0
339.2
339.3
339.7
339.7
339.8
339.8
340.0
340.2
340.5
340.8
340.9
341.1
341.3
341.3
341.6
342.4
342.7
342.7
342.8
342.8
343.2
343.3
343.5
343.8
343.9
344.1
344.3
344.3
344.4
344.4
344.9
345.2
345.3
345.3
345.3
345.5
345.5
345.8
345.9
346.0
346.0
346.6
346.8
347.4
347.6
348.0
348.0
348.1
348.2
348.4
348.5
349.2
349.2
349.2
349.4
349.4
349.5
349.7
349.8
350.0
350.0
350.2
350.2
350.6
350.6
350.8
350.8
350.8
350.9
351.0
351.4
351.5
351.7
351.7
351.7
352.1
352.2
352.5
352.5
352.6
352.8
352.9
353.3
353.3
353.4
353.4
353.6
353.8
354.2
354.8
354.9
355.0
355.0
355.4
355.4
355.5
355.7
356.2
356.3
356.4
356.5
356.6
356.6
356.7
356.8
357.1
357.8
358.1
358.3
358.3
358.4
358.6
358.7
358.7
358.8
358.8
358.8
358.9
359.1
359.1
359.1
359.2
359.4
359.8
359.9
360.1
360.2
360.4
361.1
361.2
361.7
361.8
361.9
362.0
362.4
362.5
362.6
362.6
362.8
362.8
362.8
362.8
363.2
363.3
363.3
363.4
363.7
363.9
364.0
364.3
364.3
364.4
364.4
364.7
365.0
365.3
365.3
365.5
365.6
365.7
365.8
366.1
366.2
366.4
367.0
367.1
367.2
367.5
367.8
367.9
368.1
368.2
368.6
368.7
368.8
368.9
369.0
370.1
370.1
370.3
370.4
370.5
370.6
370.6
370.7
370.7
370.8
370.8
371.1
371.7
371.7
371.9
372.1
372.4
372.4
372.4
372.5
372.7
372.8
372.8
373.0
373.1
373.3
373.5
373.7
375.2
375.4
375.4
375.7
375.8
376.1
376.1
376.7
376.9
377.2
377.4
377.5
378.0
378.3
378.5
378.6
378.7
378.7
379.3
379.3
379.4
379.4
379.5
379.5
380.1
380.4
380.4
380.4
380.4
380.5
381.2
381.2
381.2
381.3
381.4
381.5
381.7
381.8
382.1
382.1
382.2
383.1
383.1
383.2
383.4
383.7
383.7
383.9
384.0
384.4
384.5
384.7
384.7
384.8
384.8
385.0
385.0
385.3
385.4
385.4
385.4
385.5
385.7
385.9
386.0
386.0
386.3
386.4
386.4
386.5
387.6
387.7
388.1
388.3
388.5
388.7
388.8
388.9
389.1
389.3
389.3
389.4
389.5
389.5
389.5
389.6
389.8
389.9
390.0
390.0
390.7
391.3
391.4
391.4
391.6
391.6
391.6
391.7
392.0
392.2
392.7
392.9
392.9
393.0
393.1
393.1
393.2
393.2
393.5
393.8
394.2
394.4
394.4
394.6
394.7
394.9
394.9
395.0
395.0
395.3
395.5
395.6
395.8
395.8
396.2
396.5
396.5
396.6
396.7
397.2
397.3
397.4
397.5
397.7
397.8
397.9
398.4
398.6
398.6
399.2
399.3
399.3
399.5
399.8
400.1
400.4
400.5
400.7
401.6
401.7
401.8
401.9
402.1
402.3
402.7
402.7
402.8
402.8
402.9
403.0
403.3
403.7
403.9
404.3
404.3
404.3
404.4
404.5
405.1
405.3
405.3
405.3
405.4
405.5
405.6
405.6
406.0
406.1
406.4
406.5
406.5
406.8
406.8
406.9
407.0
407.5
407.6
407.9
407.9
408.0
408.1
408.2
408.3
408.4
408.5
408.7
408.9
409.3
409.3
409.3
409.4
409.4
409.5
409.8
410.1
410.1
410.3
410.6
410.7
411.5
411.5
411.5
412.1
412.2
412.2
412.3
412.5
413.0
413.0
413.2
413.3
413.4
413.4
413.5
413.6
413.8
414.2
414.2
414.5
414.7
414.8
415.0
415.3
415.6
415.8
415.9
416.1
416.1
416.4
416.6
416.8
416.9
417.0
417.2
417.2
417.4
417.6
417.6
417.7
417.9
417.9
418.8
419.4
419.4
419.6
419.6
420.0
420.2
420.2
420.3
420.9
421.1
421.1
421.2
421.4
421.5
421.5
421.6
421.7
421.7
421.7
421.8
421.9
422.0
422.2
422.3
422.6
422.7
422.7
422.9
422.9
422.9
423.0
423.2
423.4
423.4
423.6
423.6
424.3
424.4
424.7
424.9
425.0
425.2
425.3
425.4
425.5
425.6
425.7
425.7
426.4
426.4
426.8
426.9
427.0
427.3
427.7
427.8
428.0
428.0
428.2
428.3
428.5
428.9
429.0
429.2
429.4
429.4
429.6
429.7
429.8
429.8
430.1
430.7
430.8
431.0
431.1
431.1
431.2
432.0
432.0
432.9
432.9
433.3
433.5
433.7
433.8
433.9
434.0
435.0
435.6
435.8
436.4
436.7
436.9
437.0
437.2
437.2
437.3
437.3
437.4
437.4
438.1
438.3
438.6
439.0
439.0
439.1
439.4
439.7
439.9
440.0
440.5
440.5
440.6
440.7
440.7
440.9
441.2
441.5
441.5
441.7
441.7
441.8
442.2
442.4
443.2
443.4
443.5
443.6
443.7
443.7
444.4
444.4
444.6
444.8
444.9
444.9
445.2
445.4
445.4
445.8
446.0
446.2
446.5
446.5
446.6
446.8
447.0
447.1
447.2
447.3
447.6
448.0
448.1
448.3
448.3
448.7
448.8
449.1
449.1
449.2
449.4
449.4
449.5
449.8
450.2
450.4
450.4
450.4
450.8
451.1
451.1
451.2
451.2
451.6
451.7
451.8
451.9
451.9
452.3
452.6
452.6
452.8
452.9
453.0
453.1
453.2
453.3
453.6
453.8
454.1
454.1
454.4
454.5
454.6
454.6
454.7
454.7
454.9
455.0
455.1
455.7
455.8
455.8
456.3
456.7
457.1
457.1
457.4
457.6
457.7
457.8
458.4
458.5
458.5
458.5
458.6
458.7
458.8
458.9
459.3
459.3
459.4
459.4
459.9
460.0
460.3
460.6
460.6
460.6
460.7
460.7
460.8
461.1
461.1
461.4
461.6
462.0
462.0
462.0
462.1
462.2
462.2
462.2
462.3
462.4
462.7
462.8
463.1
463.2
463.9
464.2
464.3
464.7
464.9
464.9
465.1
465.3
465.5
465.7
465.8
466.3
466.3
466.5
466.6
466.7
467.1
467.2
467.4
467.9
468.2
468.4
468.4
468.5
468.7
468.8
469.0
469.6
469.6
469.6
469.6
469.6
469.7
469.9
470.0
470.3
470.6
470.6
470.6
471.4
471.4
471.9
472.5
472.6
473.0
473.1
473.4
473.7
473.9
474.3
474.4
474.4
474.6
475.0
475.4
475.4
475.8
476.1
476.5
476.5
476.7
476.8
476.9
477.4
477.5
477.6
477.9
478.0
478.0
478.2
478.2
478.6
479.2
479.4
479.5
479.5
479.6
479.6
479.8
479.9
480.0
480.1
480.5
480.9
481.2
481.3
481.7
481.8
481.8
481.8
482.2
482.3
482.5
482.6
483.0
483.0
483.2
483.5
483.7
484.5
484.6
484.7
484.7
484.7
485.0
485.3
485.5
485.6
485.7
486.4
486.6
486.7
487.2
487.5
487.6
487.7
488.0
488.0
488.1
488.1
488.4
489.2
489.4
489.5
489.5
489.7
489.8
489.9
489.9
490.1
490.4
490.6
490.6
490.7
490.7
490.8
491.0
491.4
491.5
491.6
491.7
491.7
492.1
492.2
492.3
492.5
492.7
493.3
493.3
493.5
493.9
494.2
494.6
495.4
495.8
495.8
495.8
495.9
495.9
496.3
496.4
496.7
496.9
497.6
498.1
498.1
498.2
498.8
499.1
499.1
499.3
499.4
499.8
499.9
500.2
500.2
501.1
501.7
501.9
502.0
502.0
502.4
502.5
502.9
503.0
503.0
503.4
503.5
503.5
503.5
503.6
503.6
503.7
504.1
504.2
504.5
504.8
505.2
505.4
505.7
505.8
506.5
507.0
507.0
507.0
507.4
507.5
507.8
507.9
508.3
508.4
508.4
508.6
508.7
509.2
509.2
509.5
509.7
510.2
510.3
510.4
510.5
510.6
510.7
510.8
510.9
511.0
511.0
511.3
511.9
511.9
511.9
512.0
512.0
512.1
512.6
512.8
513.3
513.3
513.4
513.4
513.5
513.6
513.8
513.9
514.0
514.3
514.5
514.5
514.7
514.9
514.9
515.2
515.3
515.3
515.5
515.6
515.7
515.7
515.7
515.9
516.0
516.1
516.1
516.2
516.9
516.9
517.2
517.3
517.3
517.4
517.6
517.7
517.8
517.9
518.2
518.2
518.6
518.9
518.9
519.0
519.0
519.1
519.4
519.4
519.7
519.7
519.9
519.9
520.3
520.3
520.5
520.8
521.0
521.2
521.4
521.9
522.1
522.1
522.2
522.3
522.5
522.6
522.6
522.6
522.7
522.8
522.8
522.9
522.9
523.6
523.7
523.7
523.7
523.9
523.9
524.0
524.1
524.2
524.2
524.3
524.4
524.4
524.5
524.7
524.8
524.9
525.0
525.0
525.0
525.1
525.2
525.2
525.3
525.5
525.9
526.0
526.3
526.4
526.4
526.7
526.8
527.0
527.0
527.2
527.3
527.4
527.5
527.8
528.0
528.1
528.3
528.5
528.7
528.7
528.9
529.2
529.4
529.4
530.0
530.3
530.4
530.4
530.5
530.6
530.8
531.3
531.6
531.8
532.2
532.3
532.6
532.7
532.8
532.8
533.0
533.1
533.1
533.3
533.5
533.6
534.1
534.2
534.5
534.6
534.9
535.4
535.8
535.9
536.1
536.2
536.3
536.4
536.4
536.5
536.7
536.8
536.9
536.9
537.0
537.1
537.8
538.4
538.5
538.6
538.6
538.7
538.8
539.2
539.3
539.4
539.6
539.7
540.0
540.1
540.1
540.1
540.5
540.6
540.6
540.6
540.6
540.6
540.8
541.3
541.5
541.8
542.1
542.4
542.6
542.8
542.8
543.0
543.0
543.5
543.9
544.3
544.4
545.1
545.4
545.4
545.5
545.5
545.7
545.7
545.7
545.9
546.2
546.2
546.6
546.7
546.9
547.2
547.9
547.9
548.2
548.2
548.4
548.8
548.8
548.9
548.9
549.0
549.0
549.2
549.5
549.7
549.8
549.9
550.2
550.2
550.2
550.4
550.5
551.0
551.0
551.2
551.2
551.8
552.1
552.3
552.3
552.4
552.5
552.5
552.6
553.7
553.8
553.9
553.9
554.0
554.0
554.2
554.4
554.4
554.5
554.5
554.6
554.7
554.8
554.8
554.8
555.1
555.1
555.2
555.6
555.6
555.6
555.6
556.8
556.9
557.1
558.4
558.6
559.0
559.2
559.4
559.5
559.6
559.7
559.7
560.1
560.3
560.5
560.7
561.2
561.3
561.4
561.5
562.1
562.6
562.7
562.7
562.7
562.8
562.9
562.9
563.0
563.3
563.6
563.6
563.6
563.9
564.0
564.2
564.3
564.3
564.6
564.7
564.7
565.3
565.3
565.5
565.8
565.9
566.0
566.1
566.4
566.8
566.8
567.0
567.0
567.3
567.5
567.6
567.6
567.8
568.0
568.2
568.3
568.4
568.4
569.5
569.8
570.0
570.0
570.2
570.2
570.2
570.3
570.5
570.5
570.8
571.0
571.1
571.3
571.3
571.5
571.5
571.6
572.0
572.2
572.3
572.5
572.5
572.7
572.8
572.9
573.0
573.1
573.1
573.2
574.0
574.4
574.4
574.6
574.6
574.7
575.0
575.7
576.2
576.2
576.5
576.5
576.7
576.8
577.1
577.2
577.2
577.5
577.5
577.6
577.7
577.8
577.8
578.3
578.5
578.7
578.7
579.0
579.2
579.2
579.5
579.6
579.9
580.0
580.0
580.1
580.3
580.5
580.6
580.7
580.8
581.0
581.2
581.5
581.6
581.7
581.8
581.9
582.0
582.3
582.5
582.5
582.6
582.9
583.3
583.8
583.9
584.3
584.4
584.4
584.5
584.5
584.7
585.1
585.5
585.8
585.9
585.9
586.1
586.6
587.0
587.2
587.2
587.3
587.6
587.6
587.6
588.0
588.1
588.5
589.0
589.0
589.1
589.3
589.4
589.4
590.0
590.1
590.3
590.4
590.5
590.6
590.8
590.8
590.8
590.9
591.0
591.1
591.4
591.9
592.0
592.1
592.2
592.7
592.8
593.0
593.9
593.9
594.1
594.2
594.7
594.8
595.0
595.2
595.3
595.3
595.3
595.5
595.7
595.7
596.0
596.0
596.3
596.3
596.3
596.5
596.8
597.1
597.3
597.3
597.3
597.4
597.4
597.5
597.7
597.9
598.1
598.4
598.6
598.9
598.9
599.2
599.3
599.5
599.9
599.9
600.3
601.0
601.2
601.2
601.4
601.7
601.9
602.3
602.9
603.1
603.1
603.7
603.9
603.9
604.1
604.2
604.5
604.6
604.6
604.6
604.6
604.7
604.8
604.9
605.0
605.1
605.2
605.3
605.4
605.7
605.8
605.9
606.0
606.0
606.3
606.3
607.1
607.4
607.4
607.4
607.5
607.6
607.6
608.2
608.5
608.8
608.8
609.3
609.3
609.5
609.7
610.1
610.2
610.3
610.7
610.7
611.0
611.4
611.7
611.8
611.8
612.0
612.2
612.3
612.5
612.5
612.7
612.7
613.2
613.4
613.6
613.7
614.2
614.4
614.5
614.7
614.8
614.8
615.1
615.1
615.2
615.2
615.3
615.5
615.8
616.0
616.5
616.6
616.8
616.9
617.1
617.4
617.4
617.5
617.6
617.7
617.9
618.4
618.5
618.5
618.6
618.6
619.1
619.4
619.6
619.6
619.7
619.7
619.7
619.8
619.9
619.9
620.1
620.1
620.4
620.5
620.6
620.7
620.8
620.9
620.9
621.5
621.6
621.7
621.7
621.8
622.0
622.0
622.2
622.5
622.8
623.2
623.2
623.2
623.3
623.4
623.4
623.6
623.6
623.7
623.7
623.9
624.0
624.0
624.2
624.3
624.4
624.4
624.5
624.5
624.7
624.9
625.0
625.4
625.5
625.6
625.6
625.7
625.7
625.8
626.4
627.0
627.4
627.4
627.5
627.5
627.7
627.8
627.9
628.0
628.4
628.7
628.7
629.2
629.5
629.5
629.7
630.0
630.1
630.1
630.2
630.4
630.4
630.5
630.7
631.2
631.3
631.5
631.6
631.7
631.7
631.9
632.3
632.6
632.8
632.9
633.2
633.4
633.5
633.7
634.3
634.3
634.4
634.6
634.7
634.7
634.9
635.3
635.3
635.4
635.7
635.9
636.0
636.0
636.1
636.6
636.7
636.7
637.0
637.0
637.1
637.2
637.7
637.9
637.9
638.0
638.1
638.6
638.7
638.9
638.9
639.0
639.2
639.3
639.5
639.6
640.2
640.2
640.2
640.4
640.4
640.5
640.9
641.0
641.2
641.6
641.6
641.8
641.9
642.1
642.3
642.4
642.6
642.7
642.8
642.8
642.9
642.9
642.9
643.2
643.5
644.1
644.5
644.6
644.6
644.8
644.9
644.9
645.1
645.3
645.4
645.9
646.0
646.1
646.1
646.2
646.3
646.3
646.5
647.1
647.2
647.5
647.6
647.6
647.6
647.7
647.7
647.8
647.9
648.0
648.3
648.6
648.8
648.9
649.1
649.2
649.3
649.6
649.9
650.1
650.3
650.4
650.5
650.5
651.0
651.1
651.1
651.3
651.5
651.7
651.9
651.9
652.3
652.7
653.2
653.4
653.7
653.7
653.7
653.8
654.5
654.6
654.7
655.1
655.1
655.1
655.2
655.9
655.9
655.9
656.3
656.3
656.5
657.3
657.3
657.4
657.4
657.6
658.0
658.1
658.6
659.1
659.3
659.4
659.5
659.5
659.7
659.7
659.8
660.4
660.4
660.8
660.9
661.2
661.4
661.6
661.6
661.8
661.9
662.2
662.2
662.3
662.7
663.0
663.1
663.1
663.2
663.2
663.2
663.9
663.9
664.2
664.3
664.4
664.4
664.7
665.0
665.2
665.3
665.3
665.4
665.4
665.8
665.9
666.3
666.5
666.5
666.9
667.0
667.0
667.3
667.3
667.7
667.8
668.2
668.2
668.2
668.4
668.7
668.8
668.8
669.0
669.3
669.4
669.9
670.0
670.2
670.2
670.3
670.4
670.4
670.4
670.4
670.5
670.5
670.6
670.9
670.9
671.1
671.1
671.2
671.3
671.4
671.5
671.5
671.6
671.8
671.9
672.0
672.1
672.4
672.5
672.6
673.0
673.0
673.2
673.2
673.3
673.4
673.7
673.9
674.0
674.1
674.2
674.4
674.7
674.9
675.0
675.1
675.1
675.2
675.6
675.9
676.0
676.0
676.0
676.0
676.3
676.6
676.8
676.8
676.9
677.1
677.2
677.5
677.8
678.1
678.2
678.2
678.3
678.5
678.8
678.8
679.4
679.5
679.6
679.8
680.5
680.5
680.7
680.9
681.1
681.1
681.2
681.2
681.3
681.6
681.6
682.0
682.1
682.3
682.6
682.6
682.7
682.9
683.2
683.2
683.3
683.3
683.4
683.5
683.7
683.7
683.8
684.0
684.3
684.5
684.7
684.8
685.0
685.3
685.3
685.6
685.9
686.1
686.2
686.4
686.5
686.8
687.1
687.3
687.6
687.7
687.8
688.1
688.1
688.2
688.5
688.5
688.5
688.7
688.7
688.8
688.8
689.4
689.5
690.0
690.2
690.2
690.2
690.3
690.3
690.5
690.5
690.5
690.8
690.9
690.9
691.0
691.0
691.1
691.2
691.5
691.5
691.6
691.7
691.8
692.1
692.3
692.3
692.4
692.5
692.5
692.6
692.6
692.8
692.8
692.9
693.1
693.4
693.6
693.6
693.6
693.9
693.9
694.0
694.1
694.1
694.6
695.0
695.0
695.5
695.6
696.5
696.6
697.1
697.1
697.6
697.6
697.8
697.9
698.2
698.4
698.5
698.6
698.8
699.0
699.1
699.6
699.6
699.8
700.0
700.1
700.2
701.1
701.3
701.4
701.4
701.4
701.6
701.8
701.9
701.9
702.4
702.4
702.6
702.7
702.7
702.7
702.9
702.9
703.1
703.2
703.2
703.5
703.5
703.7
703.9
704.0
704.2
704.2
704.4
704.5
704.7
704.9
705.0
705.1
705.2
705.4
705.4
705.5
705.7
705.8
706.0
706.0
706.2
706.6
706.6
706.6
706.8
706.9
707.0
707.0
707.0
707.1
707.3
707.7
707.8
707.9
708.2
708.4
708.6
708.7
708.9
709.0
709.0
709.1
709.1
709.4
709.8
709.8
710.2
710.5
710.6
710.6
710.7
710.7
710.9
711.1
711.3
711.4
711.5
711.6
711.6
711.9
712.1
712.4
712.9
712.9
713.0
713.2
713.2
713.5
713.5
713.9
714.2
714.5
714.5
714.6
714.7
715.0
715.1
715.2
715.7
715.9
716.0
716.0
716.1
716.1
716.3
716.3
716.4
716.8
717.1
717.1
717.2
717.2
717.3
717.4
717.4
717.4
717.7
718.0
718.0
718.1
718.5
718.6
718.8
719.0
719.1
719.3
719.3
719.6
720.1
720.1
720.1
720.3
720.4
720.4
720.5
720.5
720.5
720.6
720.8
721.4
721.6
721.6
721.7
721.9
722.1
722.2
722.3
722.5
722.5
722.7
722.8
722.9
722.9
723.5
723.7
723.7
724.0
724.1
724.1
724.2
724.2
724.7
724.7
725.0
725.0
725.1
725.2
725.3
725.9
725.9
725.9
726.1
726.5
726.6
726.6
726.7
726.8
726.9
727.1
727.2
727.2
727.3
727.6
727.6
727.9
727.9
727.9
727.9
728.2
728.2
728.4
728.5
728.5
728.6
728.7
728.7
728.9
729.0
729.3
729.3
729.5
729.6
729.7
729.8
729.8
729.8
730.0
730.5
730.6
730.9
730.9
731.0
731.1
731.3
731.4
731.7
732.5
732.8
732.8
733.3
733.4
733.5
733.7
734.0
734.0
734.1
734.2
734.3
734.4
734.8
735.0
735.0
735.1
735.4
735.4
735.7
735.8
735.9
736.0
736.4
736.5
736.9
737.4
737.4
737.6
737.8
737.9
738.0
738.4
738.7
738.7
739.1
739.2
739.6
739.6
739.7
739.9
739.9
739.9
740.0
740.3
740.3
740.5
741.2
741.3
742.1
742.1
742.2
742.3
742.4
742.5
743.3
743.4
743.6
743.7
743.8
743.8
743.9
743.9
744.0
744.3
744.7
745.2
745.7
745.9
746.2
746.4
746.5
746.5
746.7
746.7
746.8
746.8
746.9
747.0
747.0
747.1
747.1
747.2
747.2
747.2
747.7
748.6
748.7
748.8
749.0
749.4
749.7
749.7
749.8
750.2
750.5
750.5
750.8
751.7
751.8
751.8
752.5
752.6
752.9
753.2
753.5
753.7
753.8
753.9
753.9
754.0
754.4
754.6
754.6
754.7
754.9
754.9
755.1
755.1
755.9
755.9
756.0
756.3
756.5
757.0
757.2
757.2
757.4
757.8
757.8
758.0
758.1
758.2
758.4
758.4
758.7
758.8
759.0
759.2
759.6
759.8
760.0
760.0
760.3
760.5
761.0
761.1
761.4
761.7
761.8
761.8
761.8
762.2
762.3
762.5
762.5
762.8
763.4
763.5
763.5
763.9
764.0
764.1
764.3
764.3
764.3
764.3
764.4
764.4
764.4
764.5
764.7
765.2
765.3
765.3
765.4
765.4
765.6
765.6
765.8
765.9
765.9
766.4
766.6
766.6
766.6
766.7
767.3
767.8
767.9
768.0
768.2
768.5
769.0
769.2
769.2
769.3
769.3
769.4
769.8
771.2
771.3
771.4
771.6
771.7
771.9
772.1
772.2
772.2
772.3
772.4
772.5
772.5
772.8
772.8
773.2
773.3
773.4
773.4
773.4
773.5
773.5
773.6
773.7
774.0
774.0
774.1
774.6
774.7
775.2
775.2
775.5
775.9
776.0
776.1
776.2
776.7
777.0
777.1
777.1
777.4
777.4
777.6
777.6
777.6
777.7
777.9
778.0
778.0
778.1
778.4
778.8
779.1
779.2
779.3
779.3
779.4
779.7
779.8
779.9
780.1
780.4
780.6
780.8
780.9
781.1
781.1
781.2
781.5
781.5
781.6
781.8
781.9
781.9
781.9
782.1
782.1
782.3
782.3
782.5
782.5
782.5
783.3
783.4
784.1
784.5
784.7
784.7
784.8
785.1
785.2
785.2
785.2
785.3
785.3
785.6
785.8
786.1
786.4
786.4
786.4
786.5
786.5
786.5
787.0
787.4
787.4
787.4
787.5
787.6
787.8
787.9
788.1
788.2
788.2
788.2
788.4
788.7
789.1
789.2
789.2
789.5
789.6
789.6
789.7
790.0
790.3
790.4
790.4
790.6
790.8
790.9
790.9
791.2
791.3
791.4
791.4
791.4
791.7
791.8
792.2
792.5
792.6
792.7
792.8
792.9
793.0
793.1
793.3
793.7
793.7
793.8
793.8
793.9
794.0
794.2
794.7
794.8
794.9
795.0
795.1
795.1
795.8
795.8
795.9
796.2
796.4
796.6
796.9
797.0
797.1
797.4
798.0
798.0
798.1
798.2
798.2
798.4
798.5
798.7
798.9
799.0
799.2
799.4
799.9
799.9
800.2
800.5
800.6
800.7
800.7
800.8
801.1
801.1
801.5
801.7
801.7
801.8
801.9
802.0
802.4
802.6
802.6
802.6
802.8
803.0
803.4
803.6
803.7
803.9
803.9
803.9
804.0
804.0
804.1
804.1
804.2
804.2
804.2
804.4
804.5
804.5
804.5
804.6
804.6
804.7
804.8
804.9
805.0
805.3
805.3
805.5
805.6
805.8
806.0
806.1
806.2
806.2
806.5
807.0
807.0
807.1
807.4
808.9
808.9
808.9
809.0
809.1
809.1
809.3
809.4
809.6
809.8
810.1
810.2
810.4
810.6
810.9
810.9
811.0
811.3
811.5
811.7
811.7
812.0
812.3
812.5
812.7
812.9
813.6
814.0
814.0
814.8
815.2
815.2
815.4
815.4
815.6
815.9
816.0
816.2
816.4
816.6
816.7
816.8
817.0
817.2
817.2
817.3
817.5
817.5
817.8
817.9
818.3
818.3
818.6
818.8
818.9
818.9
819.0
819.2
819.3
819.5
819.6
819.7
819.9
819.9
819.9
820.0
820.1
820.3
820.4
820.7
821.0
821.6
821.6
821.6
821.7
821.7
821.8
822.1
822.5
822.6
822.8
822.9
823.0
823.0
823.3
823.6
823.7
823.9
824.0
824.2
824.5
824.6
824.7
824.8
825.0
825.1
825.1
826.0
826.0
826.0
826.3
826.4
826.6
826.7
826.8
827.0
827.1
827.4
827.8
828.4
828.4
828.6
828.6
828.7
828.7
828.8
828.8
828.9
829.0
829.2
829.2
829.6
829.7
829.7
829.8
829.8
830.0
830.2
830.4
830.9
831.0
831.1
831.2
831.3
831.3
831.8
831.9
832.1
832.1
832.7
832.7
832.8
832.8
832.8
833.0
833.0
833.4
833.4
833.6
833.8
833.9
834.0
834.1
834.1
834.2
834.3
834.4
834.6
834.6
834.8
834.9
835.0
835.2
835.7
835.7
835.8
835.9
836.3
836.3
836.5
836.5
836.5
836.6
836.6
836.8
837.0
837.2
837.3
837.7
837.8
838.2
838.3
838.3
838.6
838.6
839.1
839.2
839.3
839.4
839.5
839.6
840.4
840.5
840.6
840.8
841.0
841.0
841.0
841.1
841.1
841.4
841.8
842.0
842.3
842.3
842.5
842.8
843.3
843.8
844.1
844.5
844.7
844.7
845.1
845.4
845.7
846.1
846.2
846.2
846.5
846.7
846.7
846.9
847.0
847.0
847.0
847.1
847.2
847.2
847.3
847.3
847.4
847.4
847.6
847.8
847.9
848.0
848.3
848.4
848.6
848.7
849.1
849.2
849.2
849.4
849.5
850.1
850.2
850.3
850.3
850.3
850.4
850.5
850.6
851.1
851.5
851.8
852.0
852.1
852.2
852.3
852.4
852.4
852.6
852.6
852.8
852.9
853.8
853.8
853.8
854.0
854.2
854.6
854.8
855.0
855.0
855.2
855.3
855.3
855.5
855.8
856.1
856.2
856.4
856.4
856.6
856.7
856.9
857.2
857.7
857.9
857.9
858.4
858.5
858.6
859.0
859.3
859.4
859.8
859.8
860.1
860.4
860.9
860.9
861.1
861.4
861.5
861.6
861.7
861.8
862.2
862.8
863.6
863.7
863.9
864.2
864.3
864.3
864.5
864.6
864.7
864.7
864.8
864.8
865.0
865.4
865.7
865.8
865.8
866.0
866.2
866.5
866.5
866.6
866.6
866.7
867.1
867.2
867.2
867.3
867.4
867.4
867.5
867.9
868.2
868.4
868.6
869.1
869.5
870.0
870.3
870.3
870.5
870.7
870.8
870.9
871.1
871.2
871.6
871.6
872.2
872.4
872.5
872.8
873.0
873.3
873.7
873.7
873.8
873.9
873.9
874.1
874.1
874.5
875.2
875.8
875.8
875.9
876.1
877.6
877.8
877.8
878.2
878.3
878.4
878.5
878.5
878.6
878.7
878.9
878.9
879.0
879.0
879.1
879.4
879.6
879.6
879.6
879.7
879.8
879.8
880.4
880.4
880.4
880.6
881.0
881.1
881.3
881.4
881.5
881.5
882.3
882.6
882.6
882.9
883.4
883.7
883.7
883.7
883.7
884.1
884.1
884.3
884.6
884.7
884.7
884.8
884.9
884.9
885.6
886.0
886.3
886.4
886.5
886.6
886.7
886.8
886.9
886.9
887.0
887.1
887.2
887.2
887.6
887.6
887.8
888.4
888.4
888.4
888.4
888.8
888.8
889.2
889.2
889.3
889.9
890.1
890.2
890.4
890.5
890.5
890.6
890.7
890.7
890.7
891.3
891.4
891.6
891.7
891.8
891.9
892.0
892.1
892.2
892.2
892.3
892.4
892.4
892.5
892.7
892.7
892.8
892.8
893.5
893.7
893.8
893.8
893.9
894.0
894.1
894.1
894.1
894.3
894.7
895.0
895.0
895.2
895.8
895.8
896.0
896.1
896.2
896.3
896.4
897.4
897.4
897.4
897.6
897.6
897.8
897.8
898.0
898.0
898.4
898.6
898.6
899.1
899.2
899.2
899.2
899.5
899.5
899.6
899.7
899.8
900.2
900.7
900.7
900.8
900.9
901.0
901.1
901.1
901.3
901.4
901.6
901.7
902.0
902.3
902.6
902.9
903.0
903.1
903.1
903.1
903.2
903.3
903.5
903.7
903.7
903.7
903.9
904.1
904.2
904.3
904.3
904.5
904.5
904.5
904.6
904.6
904.9
905.0
905.2
905.3
905.8
905.8
906.0
906.4
906.5
906.8
906.9
907.1
907.4
907.7
908.3
908.4
908.4
908.5
909.0
909.4
909.5
909.7
909.8
910.3
910.5
910.5
910.6
910.7
910.7
911.1
911.5
911.5
911.5
911.5
912.0
912.2
912.3
912.3
912.5
912.8
913.3
913.4
913.7
913.8
914.0
914.1
914.8
914.8
914.9
915.2
915.3
915.5
915.7
916.3
916.3
916.4
917.0
917.2
917.3
917.4
917.6
917.8
917.8
917.9
917.9
918.0
918.1
918.2
918.3
918.4
918.4
918.6
918.7
919.0
919.1
919.7
919.9
919.9
919.9
919.9
920.4
920.4
920.5
920.6
920.7
920.8
920.8
921.1
921.2
921.4
921.7
921.7
922.0
922.0
922.0
922.2
922.4
922.8
922.8
923.0
923.0
923.3
923.3
923.3
923.4
923.4
923.6
924.1
924.1
924.3
924.3
924.7
924.7
924.9
925.0
925.4
925.5
925.5
925.6
925.6
926.2
926.5
926.7
926.9
927.0
927.2
927.2
927.3
927.5
927.6
927.9
927.9
928.1
928.1
928.1
928.2
928.4
928.6
928.7
928.7
928.7
929.0
929.1
929.2
929.3
929.4
929.4
929.6
930.0
930.3
930.3
930.5
931.0
931.3
931.4
931.6
931.9
932.1
932.6
932.6
932.8
932.9
933.0
933.2
933.2
933.3
933.4
933.7
933.7
933.8
933.9
934.1
934.6
934.7
934.8
935.2
935.3
935.4
935.5
936.0
936.2
936.2
936.3
936.7
936.8
937.0
937.0
937.6
937.7
938.6
938.7
938.8
939.3
939.4
939.5
939.6
939.8
940.1
940.5
940.7
940.7
941.0
941.1
941.2
941.3
941.5
941.6
941.8
941.9
942.0
942.1
942.1
942.2
942.2
942.3
942.3
942.3
942.3
942.4
942.8
942.8
943.0
943.2
943.2
943.2
943.3
943.7
943.8
944.0
944.1
944.1
945.0
945.4
945.5
945.5
946.3
946.4
946.4
946.5
946.8
946.8
947.0
947.2
947.7
947.7
947.9
947.9
947.9
948.1
948.1
948.9
948.9
949.0
949.0
949.1
949.3
949.3
949.7
949.9
950.0
950.2
950.2
950.4
950.4
950.5
950.7
950.8
950.8
950.9
951.2
951.7
951.8
952.2
952.4
952.4
952.9
952.9
952.9
953.1
953.2
953.2
953.4
954.3
954.4
954.6
954.7
954.8
954.9
955.1
955.2
955.3
955.4
955.5
955.9
956.0
956.1
956.3
956.3
956.8
957.1
957.1
957.4
957.4
957.5
957.5
957.6
958.0
958.2
958.9
959.0
959.1
959.1
959.1
959.2
959.4
959.4
959.4
959.5
959.5
959.5
959.8
960.3
960.9
960.9
960.9
961.4
961.7
961.8
961.9
961.9
962.2
962.3
962.6
962.8
962.8
963.0
963.2
963.5
963.5
963.8
964.0
964.2
964.5
964.5
964.6
965.0
965.0
965.2
965.6
965.7
965.7
965.9
965.9
965.9
966.1
966.1
966.2
966.3
966.3
966.5
966.7
966.8
967.0
967.5
967.7
967.7
967.9
968.0
968.0
968.0
968.2
968.2
968.5
968.5
968.9
969.4
969.8
969.8
969.9
970.2
970.3
970.4
970.6
970.8
970.8
971.2
971.5
972.1
972.3
972.4
972.7
972.9
972.9
973.0
973.2
973.5
973.5
973.6
973.8
974.2
974.5
974.6
974.9
975.0
975.2
975.3
975.4
975.7
975.9
976.0
976.1
976.6
976.8
976.8
976.8
977.0
977.3
977.5
977.5
977.6
977.6
977.8
977.9
978.0
978.3
978.3
979.0
979.1
979.4
979.4
979.5
979.9
980.0
980.1
980.2
980.4
980.5
980.6
980.7
980.9
980.9
981.0
981.2
981.2
981.4
981.5
982.1
982.2
982.2
982.3
982.4
982.6
982.6
982.6
982.6
982.7
982.7
982.8
982.8
983.0
983.1
983.4
983.7
984.1
984.5
984.5
984.6
984.8
984.9
985.0
985.5
985.6
985.6
985.7
986.0
986.0
986.3
986.3
986.4
986.4
986.5
986.8
986.9
987.0
987.5
987.7
987.9
988.0
988.0
988.1
988.2
988.4
988.4
988.7
988.8
988.8
988.9
989.0
989.1
989.1
989.4
989.9
990.1
990.4
990.5
990.6
990.6
990.7
990.8
991.2
991.2
991.4
991.5
991.7
991.7
991.8
992.0
992.1
992.3
992.5
993.1
993.3
993.6
994.3
994.3
994.4
994.5
994.5
994.5
995.0
995.1
995.2
995.2
995.9
996.1
996.2
996.3
996.4
996.6
996.6
996.7
996.7
997.0
997.2
997.5
997.8
997.9
998.2
998.2
998.4
998.5
998.6
998.6
998.7
998.9
999.0
999.5
