766
649
668
519
539
290
859
330
587
627
460
420
437
274
295
507
590
758
810
379
825
409
408
659
669
795
373
441
619
338
152
463
497
253
432
721
292
459
554
576
154
311
464
467
422
719
731
400
478
855
237
425
304
496
713
875
535
230
378
827
794
561
411
537
661
673
358
224
492
525
169
448
596
612
723
732
310
329
481
512
515
142
178
324
524
235
319
435
584
776
393
433
404
446
498
455
469
555
637
236
442
472
443
696
306
647
698
488
194
372
414
516
598
316
349
468
643
332
640
667
215
260
710
753
804
258
357
471
530
711
738
815
193
217
245
266
283
557
607
697
832
578
602
354
489
527
568
818
654
817
293
709
518
728
736
739
790
257
586
641
644
767
192
391
485
529
606
127
577
256
813
254
390
896
918
923
180
187
392
111
252
336
501
651
765
800
101
281
407
533
591
688
141
202
229
288
313
415
445
416
450
339
611
544
628
282
345
413
599
706
775
430
563
594
93
439
551
579
157
452
902
410
571
877
251
613
657
772
210
318
384
556
834
100
503
742
322
453
458
714
597
603
633
693
177
225
760
851
383
616
188
275
558
695
729
773
399
797
588
724
899
343
369
398
583
618
666
690
783
526
567
789
824
362
566
626
543
575
645
745
560
655
153
740
97
107
708
255
730
175
203
287
559
173
347
479
532
605
161
249
389
796
397
401
133
218
805
807
387
418
440
534
552
663
233
361
857
939
200
370
396
412
705
913
406
704
865
382
726
854
493
211
547
565
299
486
158
916
298
549
784
179
806
610
553
635
419
930
146
155
656
76
839
135
835
961
117
212
321
348
658
672
402
423
632
799
495
757
958
222
514
456
388
609
546
595
717
881
148
499
508
748
792
513
240
297
328
787
870
92
646
664
84
143
268
366
509
689
105
276
780
334
725
737
405
569
562
793
145
457
523
371
674
144
375
170
466
858
900
264
296
634
871
831
380
777
205
280
528
801
431
630
734
933
675
172
186
289
184
904
906
90
648
160
538
139
476
844
213
162
593
350
884
294
335
340
427
451
190
809
948
494
680
779
98
385
679
208
216
344
677
843
886
951
323
752
816
763
164
682
620
112
781
782
701
337
700
771
692
317
300
828
617
761
949
171
269
238
751
755
244
520
197
239
363
866
94
623
473
291
341
823
694
86
685
837
924
191
589
922
301
174
531
691
545
621
652
480
69
307
309
542
681
482
436
614
386
785
733
189
484
140
702
359
47
932
454
447
940
811
168
582
234
720
209
365
956
214
601
138
353
662
978
477
957
72
980
928
962
426
183
502
653
660
622
879
263
272
615
449
487
883
185
762
403
368
522
87
109
808
678
134
228
351
914
67
325
821
830
267
284
221
136
897
352
580
106
604
741
346
852
320
302
303
131
864
887
997
838
377
231
511
665
79
364
376
703
541
715
889
167
911
540
327
470
676
950
873
976
42
219
625
963
128
727
510
917
895
8
271
206
639
699
305
993
331
490
461
68
99
953
243
356
248
822
312
814
572
122
592
853
848
506
539
259
103
