1271
9933
3656
4409
9136
5544
9244
6132
714
5886
1184
7117
2202
7182
4535
8364
9898
1250
7007
1189
4063
9199
9441
4404
6051
6265
8080
3584
7279
7939
7990
8737
2552
3294
4625
6636
9837
646
1188
2822
4376
5571
7688
9891
1975
5182
6422
8464
8741
3879
7888
856
1500
2619
2685
9062
5099
7742
821
1466
1533
2104
4367
4829
6141
6186
6898
8785
9097
9687
1226
1530
1572
1598
2052
2671
3574
3896
4708
6732
8476
9532
3736
5653
7594
143
3239
3396
4649
6014
6173
7789
9958
2120
2435
5179
7927
8024
276
1267
5161
3279
5746
6798
7774
8007
196
2690
2882
3614
4492
4973
5195
5835
9437
4667
5463
6031
6535
7538
8991
9020
402
1244
2745
2810
6396
6951
7912
9925
903
974
3093
3229
4648
6521
6947
7004
7149
7421
8231
9363
9780
1844
2646
5684
6836
7218
8804
9280
721
4099
5335
5351
6144
6428
6533
2775
2957
6310
8171
9107
2474
7843
8335
1216
1583
4373
4497
5559
5767
6739
7253
360
2489
3591
4097
4622
6430
6978
7320
9231
9500
1017
2505
2610
6223
6740
8948
826
1290
1796
2389
2494
2501
3208
4933
6509
7760
7987
9821
1823
2937
2977
4601
5543
6093
7135
7561
98
133
1865
2879
3798
4728
5272
5538
7721
9175
9624
9633
1033
1837
3026
3254
3676
5542
8979
9154
3997
4556
4900
7958
8139
8454
8693
9194
9657
1322
1866
2247
2672
2987
3529
4054
4407
4620
4866
5290
5413
5506
6080
6182
6964
9682
189
1330
1332
1469
1617
3324
3995
4726
7335
9030
9423
218
289
2130
2602
3246
3287
4543
4755
4965
5423
6652
7627
8539
8791
587
1389
1534
1552
2006
2948
3466
5333
5676
5821
6958
7511
9745
67
552
2271
3142
5568
5587
6070
7043
9089
9641
9700
456
759
1356
1644
2198
4632
5422
9504
89
2860
3420
3601
3738
4207
4553
5606
5890
6307
6823
8066
9004
703
704
3115
4635
5393
6148
7451
7719
7838
8762
9812
1407
1757
2668
3126
4360
8747
9278
9651
234
387
3111
4324
4612
5323
5766
6568
7809
8857
9259
1616
1732
2146
2208
2454
2673
4101
8228
8958
9125
144
230
758
965
2706
3434
4353
5363
5514
7078
7909
7926
8629
9129
9225
805
1772
1893
3327
3405
4120
5312
7358
7619
8163
9442
9519
9676
2587
3245
4018
4485
4562
5430
5695
7541
8218
9880
27
1014
1596
1649
4070
4792
5185
5274
5984
6467
6470
2
982
1705
3065
5294
7299
7806
875
1384
1455
1560
1633
3521
3647
7679
8598
281
692
2941
3359
4142
5790
5951
6201
6931
8288
9114
9400
9873
9915
1981
2898
3062
3187
4881
5084
5091
6344
6433
7503
8778
8870
9335
9882
1352
5434
5443
7251
7482
7671
7672
7949
8273
9521
161
913
1040
2343
2612
5916
6859
8264
9632
801
1709
4368
4464
5118
5621
5710
5804
6325
7142
7331
8267
9424
9857
2123
3109
3526
4567
5809
6209
6237
6447
6992
7366
7654
7874
8299
8313
8626
8837
9838
1060
1104
1752
2059
2695
2854
3632
4599
5226
5841
7381
7408
8875
9135
9190
9405
1071
1718
2061
2837
4105
4124
7681
8869
442
993
1131
1247
1782
2041
2112
2995
4022
4695
5097
7933
7948
9368
9550
9831
574
1584
1786
2385
2490
2626
3193
5148
5603
6323
8491
8592
8725
9045
960
1316
2017
2451
4534
6266
6499
6561
7252
7585
7868
9165
9176
509
2205
3247
3697
4236
5546
7861
8187
8586
9652
225
1112
2035
4673
4849
6264
7996
9663
9813
163
1009
1904
3418
3626
3938
4697
5257
5915
6742
7197
7818
8071
8087
8548
9166
9506
899
3678
6459
7282
8073
8121
8689
1278
1665
3041
4198
4451
4600
4613
5113
5140
7476
465
1029
2397
2399
3116
3333
5612
7131
7150
8045
8270
9603
9635
75
884
1722
1734
3624
6242
6745
8528
782
1551
1579
4623
4916
6057
7093
7508
9207
637
1232
1442
1654
1717
2447
3617
3947
4110
4545
5827
7100
8015
8496
687
948
2416
2931
2997
4832
5171
5693
5773
5949
9399
9614
1157
1372
1913
2294
2351
3709
3778
6717
1620
1816
2812
3214
4187
6808
6996
7322
7396
8207
8641
9106
9675
828
1374
2624
4802
4885
5244
6426
7715
8115
8970
2887
3711
4313
4636
5331
5651
6829
8319
9789
3675
4271
6162
7274
8758
9141
9182
9935
4651
4837
5218
6446
6526
6687
7685
8153
8179
8848
414
463
559
1347
1432
2064
2678
2774
3951
4899
5566
6124
6882
6938
7006
7459
7473
7860
9720
1609
3394
3620
3771
4220
5124
6443
6468
6684
7021
8050
8055
8445
8900
647
2814
4246
4957
7172
8022
8185
8280
8420
9281
9503
9570
266
547
792
1124
3098
3719
4297
4634
4950
5564
6000
6103
9474
9888
367
506
3523
3569
3863
5196
5907
7163
7675
7817
9232
9558
1116
2261
2722
3325
3348
3516
4078
4249
5129
6625
7014
7364
523
775
906
1470
1485
3787
4517
4610
5642
7229
8129
9589
37
1028
1275
1860
2235
2264
3166
3343
3858
5324
6102
6980
7708
8063
8771
9021
9658
256
288
1739
2114
2711
3392
3820
8032
94
432
1218
2517
2531
3508
6749
7073
9742
9752
399
953
2028
2460
3581
3657
4694
5194
6029
6604
7119
7618
334
448
1358
2681
2747
3611
3627
3744
6154
6402
7216
8817
9090
248
257
791
1463
2571
4023
4024
4143
5677
6743
7235
7547
7895
8493
8536
277
1459
2412
2476
2869
3234
3670
4590
5361
5919
6797
7242
7539
7598
8749
9541
9609
617
742
2308
3594
3851
5508
5743
6634
6854
8025
8924
9148
2157
2803
3266
3401
4055
4208
4614
4974
5343
5592
8783
9563
9699
9867
527
1885
2166
4169
4884
6690
8805
9052
9291
9743
309
5652
5738
6118
6806
7087
8616
8742
9215
11
606
1110
1396
2578
5316
6195
7309
8118
8665
724
1651
3039
3403
3998
5468
6615
6813
7849
9174
9740
2320
3096
3261
3306
5421
7261
7667
7776
500
1980
2623
2694
3104
4006
4043
4560
4760
4856
5820
6434
6922
7297
8455
9087
9478
9765
0
1869
2309
2791
4044
4422
4467
6217
7780
8930
179
392
1077
6770
6893
7121
7829
563
1092
1213
2688
2962
3715
4738
4858
5039
5381
5945
6735
6918
7470
7797
8089
8743
1528
3207
3885
4454
4971
5222
5398
6910
7008
7255
7461
7512
8581
1576
2328
4034
4150
4986
5871
5892
7038
7178
8774
9508
880
3598
4293
4656
4926
5518
6405
8117
8362
8380
132
157
994
1150
4127
5221
7631
8057
270
316
1284
2787
3506
4027
6302
7656
7801
7959
7972
9559
9673
3270
3797
3919
5255
5589
5702
6633
7273
9520
372
1768
2045
3613
3870
4266
4596
5460
5868
6819
7722
342
1767
2266
2952
3171
6030
6297
7796
8005
390
488
952
4504
6199
6277
6367
6962
7991
8443
8468
123
178
934
1787
3170
4809
5657
5988
6375
9982
391
653
3045
4252
4405
5899
6088
9832
2055
2607
3113
3407
5474
6616
7059
7680
7739
8720
9871
315
1319
1854
1911
1924
3552
4096
4791
6853
8038
8382
8728
147
238
429
5712
5818
5889
6027
6469
6781
7057
7610
8651
8782
8868
9307
9452
9791
2065
2947
6018
6138
247
486
859
1300
1586
2539
3743
4067
5173
6525
7464
8003
8675
9092
9238
95
173
2383
3551
4030
6488
6904
7362
7425
8751
8912
9293
26
2353
3768
3980
5273
7062
7122
7343
7962
745
2243
3498
6760
7120
8401
9735
2181
2430
2834
5644
7339
7485
8054
1694
2939
4340
4696
6279
6303
6514
7572
8318
8465
8983
9881
9900
9907
292
324
627
1532
2487
2845
3686
4116
4286
4347
4657
5104
5456
6085
6438
8947
9115
1564
2189
4392
4537
5784
7621
9724
40
670
783
2848
3210
3524
3543
4659
5040
5548
7398
7952
9422
310
452
1901
3128
3916
5616
6754
8197
2220
2367
2743
2874
4346
4416
5444
5703
5854
6733
7114
7467
8006
8690
749
2375
2922
3075
4215
4751
5254
5552
5694
6240
6335
8585
9766
329
2221
3250
4076
4135
4205
4499
4799
7351
8258
8423
9547
9719
1283
2174
4568
6771
8292
8759
9047
9564
9623
3628
5101
5386
6755
8672
9325
9587
318
2866
5321
5815
6075
7424
9317
1013
1467
1508
3836
7825
8136
9530
1156
1402
2611
3060
4983
5763
8152
9787
852
3349
5325
5663
5878
7658
7782
760
2465
4892
5330
5875
6612
8314
8896
9545
628
970
1196
2073
2933
5943
6782
6950
7735
8698
8777
8952
6965
7147
8604
9577
9964
572
1135
1441
3345
3961
4595
4766
5137
5355
6177
6864
7056
7745
8286
9103
24
2080
2206
3091
4129
5735
6609
8390
1769
2094
2318
2382
2572
5058
6009
6298
6689
6848
7830
7907
9178
9254
52
93
475
1465
2964
4662
5783
6096
6207
7071
8201
9477
508
1843
2033
2122
3262
4222
8208
8927
9622
464
1821
2594
3284
9022
9210
9490
9902
517
1129
3148
3694
4363
4951
6982
2559
3127
3527
4305
5232
5322
8278
9588
802
2497
5007
6019
6036
6456
7841
9970
2358
3243
3767
4758
4944
7562
8543
271
840
1875
2292
2951
3782
5918
5942
6524
9667
285
2441
2735
2859
3449
3513
4536
6295
6408
7823
8509
9128
810
5817
6317
6737
8713
9922
32
1939
6382
7341
7433
9295
9305
9339
1051
2081
2116
2562
4795
8565
9334
85
485
2565
3307
3596
5451
5715
8290
8478
8570
31
1819
2806
3899
6354
7970
8633
8811
9365
633
2790
5319
6343
7579
8226
8261
8326
9471
9595
13
562
1413
2507
2584
2686
4171
4465
6638
9955
373
2092
4241
7211
8232
8865
8980
9266
1003
1346
2925
3182
3252
4677
5787
6757
7531
8011
8354
9224
1624
2540
2990
3602
5673
6320
6350
6458
7917
9042
45
579
1790
1992
6778
8079
8138
553
1968
2955
3619
3708
3816
3928
5458
7206
7430
153
1759
2005
4338
4691
6406
6448
6512
6674
7193
739
1277
1464
1963
2109
2141
3213
7514
8612
890
1864
5464
6865
7049
8492
8826
9510
682
2066
2082
5532
5681
8497
9525
1892
2809
3013
3296
3869
4362
6286
6390
8275
9887
2828
5062
6210
6337
7494
8810
9063
9974
177
473
648
904
5239
6768
7289
7705
9179
811
3089
4002
4557
6161
7674
8149
8211
8769
9648
9654
350
1192
2214
3841
3962
6790
7082
8210
9482
2117
3476
5126
8427
8446
17
433
808
1105
2737
8243
9034
9077
242
461
3460
5503
9730
3074
4173
6013
7832
8169
9689
555
2003
2413
2428
3502
6160
6643
6677
8531
9829
9912
428
1170
1205
3378
3808
3814
4321
5006
6597
9475
2853
4641
5225
6065
7055
7434
9976
2522
3070
4260
5314
7592
7885
8108
9306
785
1132
5580
6119
7169
8042
8069
9300
9318
9784
568
1335
3081
5933
8398
8449
9931
5415
5781
7232
7452
9646
9653
772
5001
8151
8556
9188
260
347
2800
4456
4559
4720
5065
5131
5419
7563
9370
1361
2030
2524
3105
3687
4004
4898
5447
5845
7657
9180
1515
1788
2361
3194
6593
8569
8943
345
684
1502
1918
2637
7878
7893
9209
50
2558
2661
2928
3822
3957
4850
6605
7200
7417
8134
8687
8993
9586
5672
7246
9894
1113
3308
5930
8377
8652
9162
9809
898
932
1868
1989
4351
4839
5117
5832
7345
9001
7034
7171
8128
9112
9221
9619
693
1208
1414
4896
5641
5688
5896
7551
7716
9862
864
39
697
2173
2794
4932
8669
408
1178
8059
1395
2310
3764
4954
6373
6971
7240
7941
69
74
2355
4942
5125
5576
6206
7277
8863
858
1653
1955
2366
4583
5365
6056
6146
6942
3251
3368
6165
7646
7919
8806
2306
4387
4437
5860
5904
7876
9057
9387
717
1460
2994
3267
8554
233
1364
1619
1966
2237
2417
3016
5036
6640
7052
7731
1381
3824
3880
4389
5388
6176
6184
9294
9548
81
705
989
2470
3329
4442
4484
4664
7148
8295
1883
1965
3022
3241
4432
6764
6934
7231
7302
597
779
1161
1368
2331
2357
6301
6675
6844
7371
8344
8990
9379
9969
451
707
872
1308
4800
5034
5662
5885
7259
8637
9868
146
2868
4218
4826
6198
1136
1382
2374
3131
4941
6555
6821
7346
8016
172
726
1383
2241
3400
3679
3727
4889
5261
5909
6380
6439
7151
8133
8784
1153
2785
7353
8212
8505
325
729
3021
7013
355
1639
2083
9331
2098
2426
3935
6172
7344
7824
8300
8779
9992
3698
4608
5380
386
1420
2139
6116
8662
9170
349
2363
5227
8469
566
1753
2819
3101
3659
3900
7308
8082
910
1200
1475
1635
3538
6671
8434
8522
9534
9861
1657
5165
7081
9806
4598
7634
2575
4733
5637
7921
269
2307
2381
2741
3464
4011
5106
5565
6280
8622
1781
2209
2297
4621
6353
6631
7502
7898
8393
8914
9327
2323
4083
5431
6092
6391
5074
5407
5658
1119
1982
4681
6411
8750
9717
1022
1063
1245
1274
3040
3218
4515
4860
5005
6697
6894
7872
9465
4589
6121
7456
7632
2568
3007
3297
3699
9173
1897
2965
5424
6494
7391
7775
8885
9116
9644
241
715
3248
6262
6492
7513
1577
3320
8000
19
459
874
2376
3316
3642
3982
4498
4827
7754
5334
5563
7388
1839
4154
4492
4952
5256
6536
6805
7556
8202
978
4343
4831
5473
6895
7017
7858
1072
4428
5659
6920
8019
3979
6105
8938
9303
9515
3069
5135
7126
8162
454
882
1138
2472
3426
3492
4048
6115
6976
9505
9590
615
2645
3783
7010
9127
1491
1908
4650
5150
6425
6917
951
2183
4029
4196
5537
6626
7215
8060
8607
227
645
820
3393
5375
5593
5826
6628
7333
7700
8101
8610
99
2655
2909
6271
7820
9661
1648
1818
6086
7416
7848
9111
9153
1907
3008
8459
9777
689
855
1179
2249
9844
584
4606
7975
9026
4388
4929
5326
5465
7284
8786
156
5671
8544
931
1309
1926
3177
4082
4457
5427
5583
6564
88
1851
2304
3921
5992
6037
384
1144
1412
8448
9803
622
2137
2260
2918
3106
5262
6290
6607
8515
9109
192
3973
4450
7413
9456
1545
1640
3321
6050
8674
9374
9927
171
1130
6577
7080
8726
8923
9245
3103
3264
8944
9472
3222
3937
6378
9289
188
2076
3991
4167
6725
8096
9072
9978
118
909
2022
2950
5119
7946
1166
1669
2896
6880
7018
8787
9155
9739
6035
7639
7738
841
1018
1041
3055
6135
70
582
1948
3486
4788
4813
5638
9618
1902
3073
4074
4377
4530
5240
5529
7230
401
730
1872
165
207
409
1605
1737
2985
3542
6491
7785
8259
8529
835
4385
7094
2446
5353
5707
9905
1326
2891
6581
1683
2969
4627
4689
5714
6700
7027
7443
2102
3741
6941
9002
3595
7887
9866
1186
2168
4529
6023
7287
7296
8981
9007
2523
4469
5327
5477
1933
2729
2967
4115
5433
5650
6560
6704
175
3149
5717
7755
8558
621
1238
2768
3164
4555
5019
5699
7319
7357
9463
3161
7449
8323
8770
9330
9406
2669
4980
7866
8262
87
110
2924
5153
5470
5554
6686
7382
9901
9929
751
1101
2053
3756
5869
8801
9302
9741
300
431
518
1292
1433
2908
282
3322
6043
6306
8176
8575
9250
3301
8673
9793
410
5921
7217
543
1484
1940
2940
5632
154
2186
6131
7205
9571
9616
3151
8105
9073
9130
9554
215
2826
3319
5524
3437
5105
6998
7466
8227
9372
9688
3092
4744
4922
6619
1784
3615
3648
4680
4682
4943
4956
8294
8310
8845
9875
169
1053
4337
5969
6579
8563
9039
794
5077
8425
8892
9027
2827
5145
5462
8355
9549
2134
6349
7489
8643
9732
4330
5092
7041
7982
9147
1061
1369
5757
8677
9566
3867
4460
5164
6215
9600
103
525
624
5435
6038
7591
526
4712
9877
1692
2719
3809
3909
6516
9498
1375
1151
2516
2938
3095
3517
6949
8026
8714
9391
1285
2438
4141
4704
6002
3225
5449
844
2623
4158
4289
9555
9850
567
3914
9211
9495
376
5779
368
1159
1289
1329
4865
8046
8940
8973
9040
823
2591
5156
6680
6945
7821
9466
9983
200
2549
3291
7655
3829
4604
6134
6493
120
351
1304
2905
6398
8969
2515
4294
4725
2364
3969
4937
8429
1578
2724
8125
3440
4415
4502
5304
5902
7554
8585
1169
7822
2596
7768
1553
4311
5467
7448
2766
7000
8289
8514
2418
4654
6281
2469
3036
3444
9965
853
958
1190
2172
2598
4411
2658
3534
3684
5063
9511
1771
5000
5277
5730
6219
8967
9487
571
959
1242
1248
2935
3236
3456
5318
5689
6889
8820
2641
2676
8452
9843
1800
1859
3384
8803
1005
3144
3340
5297
5664
5906
7440
7807
9371
4618
4967
6919
7387
7510
48
512
4874
331
1720
2395
5429
7963
8365
9038
9479
136
2627
3259
3586
4425
7529
8342
9382
927
3693
6106
7349
3387
4538
8174
104
2127
5120
8155
9185
9634
936
4155
4835
5450
6651
212
3361
5846
8764
150
2844
4261
9208
6365
8184
9204
9808
2818
3221
3862
3971
6713
8908
677
5729
9514
3558
5279
5328
8571
2718
4729
5413
5620
6048
7481
7786
9950
80
3271
5141
6128
6274
8404
5366
6979
9271
2656
5133
626
3794
5041
7783
7915
354
3438
3616
8814
1606
5737
6747
8655
56
865
2175
4852
6648
2634
4014
9056
4381
6906
7301
2530
4582
7097
9485
4520
9491
2778
3023
4477
7404
8862
9117
1779
4754
5483
7288
8553
9048
1646
2477
2513
6326
7935
1794
3606
8656
813
4919
5750
6113
9132
9716
1978
3986
620
642
907
2662
688
9429
382
2410
5035
6409
8588
1715
6902
7050
7104
7540
8235
8297
332
4490
7340
3750
4010
8384
4488
6803
9872
2150
6892
8196
2892
5981
5990
1873
2509
4886
5681
6263
8701
2712
4915
8266
9650
675
871
1207
1721
3561
4854
5400
7499
7765
3099
5284
9414
9637
2510
3781
4059
4920
5401
8336
7139
7955
8596
8929
6104
2389
5302
5417
6785
8386
9859
3482
4061
5665
9262
5392
5837
8061
9436
9802
2054
2696
5502
5511
6621
6630
6912
7102
8474
2529
3695
4588
5453
6617
7208
1513
6159
6550
2793
5016
5727
5991
6691
7189
7245
722
2835
4961
6761
9431
2409
3031
3282
5387
5396
5551
9055
2644
3905
5926
1892
5276
9607
1443
3051
6730
7471
9169
1128
9513
592
2900
3780
4213
5666
7125
2846
3761
3875
4291
5512
7074
7698
8705
4036
6552
668
9706
1569
2160
3085
6139
3338
4349
5517
3843
6511
2379
8788
71
3284
8606
9761
422
3762
5771
7979
2207
2213
6921
8561
2368
2953
3788
4722
6828
8161
8215
1030
2971
3581
7406
8697
379
4299
9567
9874
7393
8107
6059
7626
9769
8866
1805
2313
7072
1183
8903
1481
1729
5266
7015
7359
8462
3428
5722
9301
9690
4775
2580
5207
7001
8757
594
1246
1931
2434
3066
4711
4757
5774
763
2684
4665
2577
2685
8120
3490
3882
4846
5231
5441
8645
1201
1604
1840
2176
5093
9094
239
3470
6332
7521
7846
976
5744
2154
6168
6763
9024
344
1801
6701
54
6376
7670
7524
7951
9157
9845
718
8285
8921
9313
7350
7709
7890
9247
9863
9918
489
4163
6993
2195
4825
5870
6569
925
1832
2187
8053
14
36
3242
5259
5329
8852
1297
8097
8156
1021
337
2329
3189
4186
4790
6983
9193
3042
5389
2089
1546
3363
5211
7439
2312
4979
1634
2473
5210
7372
348
771
5985
8773
8813
3932
4491
7166
8965
2443
4501
6269
8291
8843
8933
7
96
3866
4240
8736
9000
3837
4153
5584
6451
8572
1695
4216
5759
6657
663
7916
1829
3391
7883
3954
6358
6758
1746
2520
6445
7833
1147
2532
2990
6360
1652
6688
967
1967
8341
49
358
383
540
905
5187
5686
8836
4161
8816
21
3566
4463
4674
6045
6510
9307
4779
8510
1044
2004
7355
8122
8630
6021
6489
64
4576
8199
8361
8907
9655
8954
1961
4206
5377
79
1656
5734
5862
788
3376
9248
9584
4228
780
1915
4223
6370
9967
662
6284
1298
4245
4748
3959
4546
5770
6163
9738
564
1323
7782
8225
6239
1012
1905
5054
8395
9911
3623
323
698
4927
5037
895
3860
4461
4479
3383
2445
3494
4165
6903
7559
8312
8859
6129
6959
2100
3484
4783
7802
8931
2219
5260
1726
5733
7595
8593
8876
6696
5192
6990
7129
170
8052
7523
9213
2496
4314
5936
2163
2316
4904
8301
9216
1848
2060
5022
8920
3576
4781
6453
6602
8048
8822
9539
1122
2016
2750
2833
8412
228
2303
4268
6004
7146
2605
8953
894
4756
5656
6346
8387
23
4645
9416
58
3754
3839
3945
5031
8369
8617
494
654
5003
2978
3141
3186
3467
3746
3951
4730
2105
2118
1295
1512
8738
9384
3211
4709
5013
6107
6407
522
1080
7381
7986
9159
9640
7902
5834
6644
1158
6412
6874
6988
7091
2660
5610
6081
3821
5213
8772
657
1269
5014
7686
1974
2691
5627
6799
8618
131
4164
1399
4094
8223
1846
2300
6454
966
1591
1343
2751
4577
7597
253
6186
7143
7164
9329
2498
5749
6527
6970
817
3362
8028
1909
4818
2429
3088
7923
7548
3399
9448
1507
2158
2981
4963
7181
286
1024
1776
2781
4056
5020
6498
8552
1392
4542
7212
7600
498
1098
4103
5122
8567
9079
4713
666
2557
4345
5440
1969
9767
9984
341
2583
4686
5264
7354
219
2056
8963
195
957
5347
8321
77
8754
1036
8237
9686
8450
9437
6211
6435
9450
2282
3514
6330
1803
3650
8727
1774
2036
2493
7096
8530
4399
9060
3028
5409
5420
5848
6156
6181
1547
4441
5374
3146
160
6800
2419
4097
6967
8399
7852
8241
8507
447
4288
6189
1488
1655
5038
5245
7140
9799
3989
862
7690
9445
5404
8076
2278
8127
4496
6660
1879
3832
6556
9337
3121
3683
3915
4003
306
1932
5457
7285
8021
1087
4522
8997
6157
8584
2534
3192
8330
8424
9124
593
2566
4814
5100
5894
8654
9961
5354
7394
5882
6856
7889
8482
510
6706
7800
111
5863
7922
1447
2013
8865
198
1946
3499
9252
4750
7652
2820
3455
7032
2302
3667
3672
3685
7173
8744
8957
1834
2677
3202
4295
5599
6438
6571
7546
1222
1303
3370
6341
6884
4283
6052
6789
5152
5488
8882
9656
183
1479
2683
3033
6501
13
4134
2929
6513
7967
8551
585
9418
1912
3895
4478
5069
7324
204
1956
3373
2360
2633
8698
3217
3640
827
2015
7238
1548
1610
5196
1867
5661
6714
7867
8020
8256
9201
9440
9814
2592
3006
4130
8883
9753
4208
1972
2437
6779
7262
2142
7092
7831
3710
5484
7543
119
2767
6721
3779
5543
8252
9336
1473
3473
4271
1727
2190
7137
5174
7130
7695
9426
3029
5986
7098
9628
4747
4875
9449
135
1094
6849
8939
9523
1923
5670
8506
467
5704
7589
7901
9565
852
1008
3696
4058
4681
5123
6508
9542
4069
6782
406
2946
8564
9328
5203
5238
7058
1710
3507
7501
930
1253
1462
4548
5243
2593
7195
9256
2155
2788
5951
1403
5350
6572
7432
7495
4848
6066
6109
7747
280
2377
7882
1562
1791
511
3127
5674
5479
5762
7254
8919
2457
6822
9994
1331
5435
9751
3646
4124
5160
6930
4296
6629
3232
3817
4244
7929
8148
1970
1777
3731
3903
5987
6801
8251
5446
9705
4046
4225
8608
9747
2811
3459
6901
7934
2414
3681
4168
3748
3765
9134
9359
2927
4353
5219
5822
3204
3776
5976
3493
2708
6308
9909
5932
6974
8029
9064
4828
5251
1257
6401
1418
1567
3342
6113
1499
3466
6872
7826
9955
769
1228
7410
8245
5024
7844
8180
9537
1176
3669
6666
9126
1324
6282
7317
9854
1501
3409
5961
5693
6299
4374
2138
1193
7478
7897
9770
2338
4060
4369
9939
1096
2135
3335
1661
7490
8206
1589
3922
4421
4812
6421
3739
6814
5763
7257
9112
5500
5711
6232
6600
4355
5955
6968
979
8269
9995
2171
6178
7743
5015
8889
6810
5095
7300
6230
1066
6474
5785
7868
9362
3228
9404
529
5799
8293
8829
9016
683
923
1386
5395
8712
2840
8691
9849
578
504
7202
2403
5525
5402
6678
7770
867
3481
7653
8409
3815
1790
7453
8218
33
3283
3724
5941
7337
561
814
7920
9543
4447
7571
8370
8881
4869
3059
7865
1668
2258
4845
4348
5096
7707
7244
1925
6590
9794
1038
4300
4007
7550
9322
9921
3272
9198
453
8147
1164
1813
7
6064
3253
7339
7580
7791
5116
8417
8831
7567
5578
4805
5585
6006
6792
317
1206
1607
1711
3605
6427
1896
3084
6321
8214
3332
2963
3952
6914
9953
6616
6725
417
9949
7932
1551
2162
2996
4703
7892
9121
1678
4806
5777
8213
8824
8987
9759
7828
1424
4121
187
7451
208
4203
5887
4465
6058
2514
6786
8534
8621
8972
9904
1060
6345
8375
4985
7669
9044
4593
2097
4242
8790
946
2088
2986
1006
1469
5091
3249
3835
9453
4286
4391
5520
9348
9392
809
4001
5050
7545
493
8647
9856
2894
8977
9938
1240
3147
8704
1817
2704
5996
1497
3382
9274
8027
6532
8221
1471
4201
8580
9010
2273
2555
3255
2830
4368
832
2295
5216
824
2468
7772
6309
5810
5857
8819
3191
8203
1852
8064
2683
5555
2827
1478
3467
6423
6613
2758
7741
7068
7727
9316
1117
9810
1311
9842
4940
9215
3237
5177
6772
621
4575
5964
1379
9755
1954
4988
1365
2702
3753
9178
1828
2471
2543
2600
2850
6322
9009
1338
2230
5958
8760
2259
3311
3500
4471
4840
6287
7491
9186
9462
984
1167
7676
565
3652
6790
7107
9999
7575
3718
3876
7479
8392
2519
7644
9876
9669
30
1534
5687
8394
2698
6180
7651
9708
7505
7724
3346
4379
5755
7223
5709
9892
940
1339
4123
7156
9553
5494
1871
5775
7217
437
1957
4992
747
4584
5085
1367
3425
6084
9713
2067
7070
2349
9817
971
3668
7999
6486
8284
831
5796
35
1712
4531
6834
7313
9584
9930
2075
2554
4278
2272
2614
4254
5472
6311
1557
3854
9907
8040
9142
630
1059
3642
4192
4159
8780
4248
8543
9698
9860
1468
1876
3120
5300
4473
1934
3215
4603
444
5027
8406
9396
3181
6483
9203
9820
4449
4754
2662
8224
3924
3034
4772
7842
6505
6851
223
8499
8696
3155
2227
4727
7859
3078
7638
8767
6656
9071
1231
61
2506
9008
1919
8978
5598
2980
8498
5023
6709
8898
8721
3740
7557
7744
535
7637
8331
1487
1540
5214
7393
1941
2670
3675
4020
8105
9347
6142
4102
9235
879
2019
3461
1173
1435
9596
1722
5128
2275
4719
9733
2386
3045
9796
6934
6963
1559
829
1793
3906
843
6964
6773
7436
8658
2500
4978
3032
4717
7904
742
3336
6676
8634
2589
5514
7090
9104
3516
8167
3636
5190
3604
3266
9573
2453
4996
8989
3418
4370
8708
3165
4202
6868
5454
6646
8189
5530
2322
1177
3714
7409
8629
4439
4470
4780
5577
8082
562
4341
5094
981
2371
6377
1768
1809
5692
1480
1754
3726
5653
8157
8271
5480
5802
5010
5623
7914
6205
1671
6818
1700
4212
44
2121
1749
1832
3350
3580
5858
9790
4176
9051
980
8798
9783
4905
9524
1026
5615
6723
8090
1287
4141
4209
2760
5376
509
8351
363
5108
1461
7029
3993
7214
7966
8986
3256
3103
2217
9269
6254
8032
1942
3845
8785
9229
9714
1517
7022
7886
9507
5162
1939
2337
4782
7596
8438
9220
9497
4692
4265
8667
696
2180
2210
7066
3549
7188
8594
883
4505
2402
7286
5999
8055
5070
9257
9919
252
1831
6553
1269
4861
1106
5422
8058
1081
3196
6664
7913
8388
1388
4647
9069
9552
7683
8139
2804
6575
7756
4161
5721
9818
1267
2103
5891
7617
8533
1835
3167
0
3680
5900
9202
308
665
955
4088
4630
2232
6847
134
8949
5793
8281
4554
9726
3342
5556
8062
9593
5110
9335
7781
9272
447
5761
9536
7380
1306
7641
6645
8098
4070
9172
3026
6296
7108
5669
595
2293
2311
290
5175
8116
3789
8847
8229
702
7983
7138
8137
1728
6179
9839
2956
5778
2904
7483
8546
1402
3677
6519
7657
3638
5299
8688
6635
3002
1748
4025
9701
6208
2752
6929
6899
9819
364
5801
4400
611
3819
9376
3503
6538
8851
2613
4815
9988
1030
1792
5053
5487
51
3328
3847
5605
6011
4706
5629
226
6843
7937
1310
7111
1054
6055
6812
704
1445
324
1276
3023
4096
5356
8418
8684
2975
7642
1265
5561
185
1494
8440
4364
8165
8326
2290
5660
9184
4676
7368
7978
527
6707
2456
3035
4052
1109
3793
1708
4855
6694
8750
158
1550
511
8794
2151
4710
5021
7690
22
9737
703
1301
530
4700
7191
899
2430
311
3936
8231
5723
6500
2122
7233
441
6647
8230
9163
4953
4768
4501
6416
752
8205
8800
4398
6473
7113
1996
2458
6586
8135
3260
2496
3892
6148
6649
7492
9344
969
2770
4256
8979
5630
420
634
5609
7410
9613
5579
7321
5222
1062
2774
375
522
6419
9933
108
8649
2420
5498
2727
6054
824
2932
8332
9281
1637
5173
2038
7115
25
124
2222
9026
9768
3704
8276
1325
4548
3157
4785
581
6183
6578
411
5129
2807
1342
6839
839
191
881
6807
9754
1962
2301
5132
9122
936
2792
1046
4375
6067
8982
4999
3813
9694
1247
1621
9710
6787
3239
7799
2246
2960
3234
7536
5648
1280
3347
4552
5806
3524
8748
9920
4863
8890
2042
3795
9579
2179
4453
9715
618
1986
9021
266
4956
6360
9578
1118
2782
5097
7704
6515
7864
4617
7194
3364
8702
3304
9845
3169
5309
1615
3237
9773
2238
8123
9928
6558
9886
1802
5176
9049
9414
8342
2379
2606
3707
7222
992
5764
7327
8609
4894
9958
8338
5136
2384
2380
1042
4339
6611
2703
2816
4983
7256
8725
1628
3926
4104
4118
9114
6641
8113
255
2911
7649
4269
8169
122
8261
9028
4633
5
1057
8935
3851
9807
3285
5639
7435
4853
1725
5282
7370
7475
9486
2108
3247
8322
2780
8715
1555
8085
7516
7797
8857
3661
4285
1874
2133
5448
8197
8574
3579
8941
6737
3171
5453
7132
6355
9956
690
4533
674
3174
3557
6202
6471
4037
5115
6082
3405
5703
24
4472
6866
3725
4172
4543
1919
8700
590
5545
8711
3224
6415
243
691
6216
9962
3269
9230
3539
325
1400
1804
3453
4120
4747
4253
4518
8068
6221
9061
6162
7382
807
3977
6582
1945
7697
127
5391
4342
5223
6570
2244
7815
9255
4668
3000
7740
7862
915
2552
4519
8501
1394
3692
8317
2699
9228
9401
1973
1830
2730
4227
5004
6111
5215
8644
9544
7318
7672
449
4770
9151
7856
5278
9081
473
3188
8891
8517
2184
2556
7790
7234
397
520
4075
768
1860
3708
7329
7419
3410
4419
3827
5578
7453
5154
1525
9083
9156
298
5476
6458
303
4772
8173
8717
9764
7441
7964
8142
9660
672
1452
3132
480
2657
201
3400
8454
4571
8860
1249
6138
4711
3372
8003
2355
9912
4438
7298
388
9058
4737
4856
6121
9247
8548
1489
1526
4468
6319
4006
47
102
6256
9119
1565
3559
5212
6072
8399
9276
891
5683
6562
8183
7924
2528
4073
7904
557
1209
2982
7105
2242
7636
8245
7091
1252
5805
3341
7395
3412
8816
1691
2467
407
5748
5327
7423
7857
9009
3967
7303
4610
9499
1383
799
916
1272
4838
6126
7149
2901
8563
1074
4752
4853
5898
5236
9568
2305
2261
8477
8937
1420
7930
3745
6260
3348
6733
3591
8253
9129
7795
6212
748
4261
8141
934
2967
9395
5574
2821
1112
6193
2023
885
3319
8599
1232
5654
2542
9527
2144
6715
2170
3961
9099
353
5672
2769
7101
5880
2377
9637
9783
2180
4931
2350
2663
8427
9164
7662
7701
5989
139
7361
3996
8775
1758
7648
5461
8683
9234
4977
2356
5301
1438
9741
5831
8234
798
7098
1503
2231
5643
5003
7016
4671
4019
4395
7805
9667
2756
3226
5971
7006
7063
1319
3173
833
4816
9496
9341
9424
4836
9522
4724
3383
6603
3942
4033
8707
1111
5706
8164
8926
5708
4744
3855
4699
5582
695
6062
9795
1429
986
4638
8709
5016
5742
6744
7000
8106
4102
9397
1049
9262
2458
4011
4739
7468
5570
6465
9735
28
3871
4847
8582
1121
8622
8036
9920
741
5846
598
327
7258
8135
1618
3582
4232
7356
9790
3645
7159
8451
6730
2979
9006
5074
636
1548
3027
8482
8723
4020
5311
22
574
8540
1108
8132
2664
6090
3682
5390
710
9680
4834
5449
5957
7099
9013
7918
3700
4789
7168
579
9394
9650
1093
5009
7582
564
2276
6771
1439
3846
7097
394
1685
2341
5055
2072
7522
9011
2502
8377
436
4497
7025
1336
4639
8695
4523
4822
8597
1396
8315
4068
4949
3888
9434
8661
385
3547
4767
8958
5823
2378
8099
130
8195
9750
1256
4179
7647
906
5572
6091
804
4357
238
1366
6802
7295
9723
8138
6885
719
2612
4318
8785
7696
8832
3203
4193
9606
1052
937
2710
460
6665
7565
810
872
1064
3227
4250
34
5856
9460
7146
7957
6041
6748
7568
7837
5343
5924
1824
3183
9251
1872
9241
2849
4615
3657
5364
6174
1317
3639
1163
9671
607
5569
8381
1870
121
4085
5252
6671
1039
3216
1305
9427
1516
1900
3926
4211
5673
6653
2643
5278
3138
5403
572
3621
351
2169
2795
5366
1149
5647
6203
227
3052
5288
5363
7205
8013
4292
866
2366
6495
3441
7760
2594
3540
400
633
6012
1914
3154
4672
6003
6275
8
7350
1958
9131
304
6673
7325
7457
1378
1819
6080
4490
5237
6604
2698
6071
6242
4281
4550
6539
7945
9008
1842
6916
9959
613
1203
2200
7562
5230
7498
9814
744
975
9353
9649
1930
3029
4503
9085
8689
8776
2442
5321
8916
9636
4311
4866
5412
8320
673
1215
5753
6514
7218
7929
5531
7830
4051
5886
1670
5597
1027
3491
4177
8104
5093
5332
7005
6909
7558
7406
7910
9779
5292
5972
7293
8978
6461
6836
4922
4964
7730
7774
8023
4870
5836
1029
5064
5359
3048
9189
2875
6765
8690
5809
6797
7242
1092
1455
2391
9533
6190
4094
3401
5970
6
933
7320
7201
5719
1371
6550
3320
8259
6775
5405
5437
775
3654
1011
8998
1178
3271
3017
648
9653
9865
2778
5634
7001
2726
6191
2943
6766
2002
3794
6200
7020
8579
3440
8702
9354
6695
4069
7874
9059
5488
8624
6825
401
458
2727
6837
6385
8763
9286
957
5131
7443
4954
8646
8796
4263
3601
6101
700
3375
1286
4955
6702
656
4799
5561
5567
7127
3790
6250
3108
4086
9601
1028
1577
1651
1950
8792
2579
2205
6841
1370
3016
5614
8252
3312
3435
5906
4028
1811
2008
1917
7530
7801
6202
2439
6388
9803
3091
3357
1936
4154
1330
1536
1509
265
2474
949
746
3721
3285
7134
3402
15
1794
4994
8733
4873
9958
7507
5636
8797
2813
4779
3221
5595
8671
4124
194
7618
8611
4334
7026
6122
2828
7889
3706
8523
9102
3112
5029
6608
7863
1873
3296
896
968
1376
6398
4279
5835
9989
711
4431
781
2765
8911
7925
9152
269
720
2650
2009
89
503
1251
5138
7587
5182
2215
3291
4594
5142
1232
5409
8366
144
4963
4759
1058
9889
4183
7035
1078
5301
8233
2432
3479
6341
2947
3149
1495
1587
8121
2234
3572
5341
2959
5258
9596
4596
6915
8672
472
1662
2814
4586
8192
8605
316
3801
7593
8324
7896
524
4454
8339
2486
4762
4607
7200
5323
2406
6404
6753
1264
3106
4482
6911
8100
929
7323
1895
4764
2865
479
7926
9116
1393
3748
7096
1032
1313
5655
6925
8854
1126
9510
1760
1585
4752
2668
5983
8461
261
4331
5046
9969
3047
1270
2999
5247
5351
9824
1102
141
3030
6839
5842
7122
495
9047
6345
7769
9330
2128
5023
2837
5571
7480
4629
5169
7770
1706
6662
1315
9635
62
654
16
2395
6382
8561
2047
3927
9214
8673
5113
7463
2232
831
2693
4130
4296
6089
4526
7341
7592
5426
1826
5393
1021
9118
2648
3292
8411
3426
60
9171
8061
4008
9540
5864
6255
6533
4088
7961
3090
9331
9418
9791
8049
3569
3390
7404
2308
8597
1268
1890
2695
3308
5310
8496
1341
2231
5671
9580
2906
2671
4414
9727
421
5119
9767
1775
4056
4760
8565
4893
7622
9402
3814
8687
2338
2394
9735
3517
3209
6581
235
4555
9018
2346
2883
1475
2040
641
6036
9488
3603
8143
9370
346
5895
8117
9381
4783
2408
8865
2280
5095
6698
6886
7196
5202
9502
4193
2747
2799
180
6831
9620
5196
2240
3760
9494
1409
1904
2267
7666
3627
1233
4967
1574
7970
8242
8521
1227
4844
2204
4064
6864
4906
2503
3213
1397
5319
7305
2264
9297
5105
7068
9255
497
2567
4486
6522
4303
8051
7709
200
1343
202
4266
7788
7288
2533
8311
2740
5287
8041
8562
666
3168
7386
5172
9976
6088
5620
237
442
5869
6024
4609
9143
3775
4140
5553
9324
2706
5209
2162
1743
554
5089
5178
7428
635
7986
1816
5907
7447
2283
1789
7821
9155
4501
1951
8868
9390
471
3689
6705
8765
6936
7479
3056
7236
179
1437
5635
366
1340
6440
5231
8460
2798
7776
9001
961
2917
510
1103
5216
9785
2530
4628
9751
6559
8180
6315
67
6127
7913
9434
273
5538
5225
6742
9182
649
4986
2766
3276
6273
8328
1529
6658
4735
3568
9333
9987
3345
6366
2885
8968
3974
5923
6739
9278
7103
962
9463
8716
3459
6157
987
8112
8817
8872
3543
9711
2076
2119
2638
569
2257
6939
736
1881
4201
9822
9614
9921
3454
4005
4312
5726
8487
2665
6666
8614
4936
3544
4651
952
5867
9576
4442
4842
7768
9899
476
2378
5872
9730
6266
2767
3566
9537
2870
5434
3303
611
5645
8446
984
236
1817
2771
1737
1151
3096
7468
2381
4426
4802
3208
925
5887
6774
8194
2033
8623
6940
1293
2235
2808
5975
7566
8514
2396
8724
262
4200
8385
2044
4443
5566
7489
1735
4147
5736
6141
7899
734
1827
3094
8006
6308
601
4530
7838
1073
1877
5624
4040
8225
7650
8022
1597
5303
8886
954
1905
2789
3532
9310
4413
6335
1949
5417
7789
5961
6132
4327
7202
1468
9002
9355
4282
5953
5682
6892
5760
6178
6376
3599
5874
6848
383
868
12
5735
6583
7585
7839
7433
4533
347
4487
4197
6951
5560
2734
4707
9799
3485
3735
7351
8065
80
5352
8392
5832
9665
8858
5492
9925
424
8291
9609
8272
5938
7067
8892
7445
7794
309
4098
393
3521
4821
6746
7646
7657
5823
7871
9452
9055
1162
9998
7336
2156
7416
881
7248
6049
9855
7558
2399
3944
474
4006
7773
549
8107
9409
661
7307
91
2878
7504
3129
7412
9111
9514
2367
5952
2492
6040
8069
2288
2914
6453
505
1104
2490
5424
9349
4412
7927
7024
3844
7968
856
2353
6137
7062
2762
523
6124
6560
4519
4237
7898
9610
1549
3421
4858
7296
8019
9672
4433
5502
1077
2298
6466
3968
5897
8334
2436
642
8626
5194
9302
6288
494
5601
9175
1257
7071
1146
880
2880
5416
6867
5490
4278
6752
6811
9648
6350
8436
2833
9507
7338
1143
5045
1085
2383
6447
2001
6773
2246
357
3983
4491
7984
9219
6958
9791
7763
5039
3314
4073
5550
8663
4153
4476
6538
8435
3018
3850
6501
1328
3397
6704
432
9622
6654
2901
4137
5873
7238
1942
7300
9442
9567
774
2511
430
5894
6448
8984
2753
5915
8200
9157
9772
904
2534
5973
5298
3655
9503
5460
9968
5368
7969
9851
4231
9808
5397
7733
6418
1448
3772
5371
6172
8814
1586
2428
3005
945
1883
3519
6920
2603
3775
8423
3611
8874
2463
4416
4924
8627
113
9859
7580
2136
8224
356
6361
5482
9000
329
4597
8105
5808
7213
9506
3326
3513
6093
3466
2268
550
870
1614
3269
4132
5558
1573
837
2560
8802
3383
4139
4842
6377
8111
276
1780
4939
7732
487
610
4039
8940
9279
688
1675
3556
1863
9290
1428
8538
9694
2022
287
2321
3726
3443
4034
5514
3113
3845
8777
38
7462
1961
3415
5183
7045
3311
5337
1869
3133
1727
3100
5427
4624
8764
4239
8531
3406
900
191
6763
7590
5073
174
916
1087
7272
1647
1838
3037
7102
82
2713
1320
1663
7539
3322
597
3182
115
477
1604
5876
5932
7291
9584
4049
6117
9407
3162
5150
883
3553
169
8726
9703
4198
1731
5237
2508
437
2874
7591
3419
7411
8520
494
4279
2719
6819
1641
8411
5581
3943
1132
3015
4359
6409
352
1748
9340
8401
506
967
1436
4915
5263
6564
4972
0
4338
6755
7637
626
8075
8202
3882
6460
7271
910
7538
3455
6582
3283
4247
2078
3273
8432
7581
8985
9222
2282
2801
8030
8026
8355
600
1552
1609
3130
9712
7869
3259
5251
6160
7173
7357
563
4898
6531
6727
2529
3653
293
480
7756
7013
8839
8980
2854
5948
6798
8857
9319
8372
9722
8040
1089
1689
7699
6607
5057
5705
8182
6220
647
2327
6659
7749
1527
6776
7425
7573
1665
6823
7169
2291
8945
3448
9666
7070
4355
5164
9350
6281
533
678
9158
9621
9651
178
7109
8799
6588
126
7861
7647
464
6612
6969
858
205
8930
2809
4360
4131
7051
9677
5354
4753
2507
6709
714
742
1892
7089
6734
7311
749
2435
1769
7003
5348
8198
5458
5576
5599
7817
9883
9934
665
5407
8086
7473
9136
6007
2807
4060
7579
1163
289
8909
7290
4619
5827
6995
2620
6985
1975
6125
4896
5556
9045
2790
599
740
5077
7921
9941
5473
9674
9711
7107
1155
7301
7170
7505
7775
2615
7142
7816
9373
9583
4186
573
3678
5919
68
2312
8863
9033
9561
974
2484
5729
6302
9749
6005
9969
1244
4251
2509
4426
548
8447
646
4657
6036
8591
4071
3086
5125
8211
3853
4181
677
9016
7319
8100
1818
6069
1968
8992
9852
2705
9449
7017
8518
6639
1202
8473
6585
1570
2476
143
1245
4444
5568
6227
889
6878
555
3046
7500
451
2949
1297
2702
3917
9475
4826
3463
7513
8441
8688
513
1839
8825
9952
3583
7765
3069
5885
6213
8266
2130
6002
8475
1660
1796
8004
8620
3049
190
4046
4133
221
2961
5945
391
7483
2063
9342
466
826
3417
9139
3380
325
1598
3956
1562
8630
1532
7033
2923
5612
9615
1945
327
1138
3437
4233
9698
5058
1720
2733
3806
3824
6195
9025
1302
1798
4300
3010
4909
2781
5758
7060
4065
6044
9672
8790
3811
7283
3425
5970
8240
290
2286
3698
7985
4515
1496
2965
3624
4493
8578
66
3622
7943
9224
4758
7502
8257
9775
8628
6957
7750
7096
6502
8561
8121
8129
6549
1717
2632
4696
5748
3659
5686
614
1923
4441
8234
1000
1307
1407
483
1104
3607
7174
982
59
4613
8529
9455
9795
2025
6118
6291
4572
696
4516
397
2513
3560
7190
6367
5283
5542
8024
257
3878
7638
9368
2196
6066
335
9353
5815
2407
8519
9760
1288
6397
6303
9231
48
849
1285
9462
209
567
907
1432
7746
8422
9474
7206
5541
3416
6285
8671
3141
9066
462
8336
9937
5029
6237
3983
5788
1520
2794
3673
2930
4446
4622
9307
4701
8678
2331
3911
17
804
7041
7655
2814
5875
4704
8186
6393
9599
1170
1473
2147
8811
1460
9221
9519
291
822
4837
2222
2592
6325
6857
2000
4621
6759
1977
9444
3558
4070
1643
7940
8830
9960
2271
4739
4988
81
5591
1349
801
9971
2868
6113
7253
481
690
7484
286
1022
3449
9745
2191
9473
6579
4463
1927
5427
6452
9487
2110
3035
4513
1522
7274
3053
1967
5430
9616
7016
3656
6875
3131
5602
2058
7506
2621
4715
7178
8876
9699
4655
7258
8276
1870
6071
6241
5759
3353
4130
1331
8975
9359
5838
7707
4697
2750
6905
8258
133
3204
9815
2985
9915
2903
4033
8154
3089
4900
6528
2560
5536
6846
3332
2082
9103
8179
4460
735
4611
5947
8707
9399
4398
3523
8795
3351
8116
9377
1690
4990
603
2255
3220
7906
4324
5316
7136
399
8859
9159
7641
3631
9208
8719
4782
8433
2533
4042
5583
9897
6307
580
9615
9866
1329
2574
5107
5676
5413
5455
7743
6171
8057
384
8606
2982
3910
9743
3105
5304
4902
416
3890
9636
6572
8896
3431
4387
1840
2644
5300
9226
7110
7492
386
2604
3452
3858
615
4121
4349
2208
1199
5048
1223
5389
6423
818
4054
4265
7435
6131
8251
4043
5288
8181
4014
5212
3728
5280
1836
2422
2755
3614
4469
7891
4601
5665
5249
2795
6930
7452
8291
9991
662
2308
2593
8383
478
1742
8798
5738
2172
4785
5934
6883
5562
499
812
1055
406
9076
2692
7138
9531
1575
2805
7042
256
813
2673
8490
4484
9432
2976
3936
4102
1301
5121
6793
3906
9250
8590
9186
1235
3111
1230
5745
7229
4689
5084
5414
8689
6725
7521
7903
754
860
7633
8359
5718
6955
6602
9422
2206
9823
5184
2571
3754
1618
5603
8222
3462
265
3526
9468
9541
4909
8609
8622
5195
5936
8269
8943
2343
6907
5683
1141
6207
8539
2310
6018
11
5914
7934
8872
4743
6144
3287
3615
3366
4161
9223
47
727
9375
1684
3152
5127
7732
3786
7197
9
6881
27
4480
5406
7736
5055
8295
9565
1947
2120
3145
6787
3899
4920
6054
2990
6436
613
1159
3206
7714
9204
1175
9853
6896
7981
707
6537
833
1119
3898
8895
7652
5452
6219
9183
8824
6738
4466
57
5547
3400
5517
1089
7853
5495
5630
2006
2525
12
3107
5840
881
4406
6542
3767
4854
6413
8122
1729
15
3228
6758
1355
2098
8016
2749
6286
7150
7379
844
6318
6601
1790
2237
3534
2217
4549
8586
1354
6875
6983
8414
1080
1988
9292
4317
6455
7147
1144
4644
6853
4907
7108
3575
5731
4409
6620
9839
3949
4462
3210
3900
2064
9358
5369
6886
8313
6177
5989
5996
9733
5633
2154
4156
5651
2351
5112
9185
8920
5995
8281
2972
3902
5312
7266
8731
2515
1056
6271
8557
3770
5817
6369
8752
9023
532
3649
4904
9527
3363
4180
5097
6462
9311
5701
3201
8598
8831
760
1044
8092
154
1280
4599
7567
8163
1802
268
4293
4557
7390
7573
7421
6475
6574
7049
4652
4330
8963
1365
1278
484
1940
3638
4790
7192
2498
4058
3304
4669
6948
457
8145
5816
8545
4206
993
9196
3190
6376
9074
8038
8463
7465
8226
2804
8268
5254
5851
4925
3831
3264
8419
442
674
1690
2586
4338
2577
8619
2922
5121
5317
7331
8881
5177
4512
4552
5130
5700
6851
2042
4351
3474
5103
8735
4438
4467
6161
6283
5504
9927
2786
2892
1471
4352
6804
3707
647
7724
7851
7873
3894
9799
9508
2568
9166
9480
1649
4908
5695
6477
6891
5909
3710
9490
9130
9308
331
1184
9121
3077
6505
6909
1997
5315
5441
6206
3036
2344
1225
7048
7451
2750
9088
1238
3461
3919
7101
7219
9557
9762
5819
6112
137
1504
2024
7512
4546
9769
2979
3000
2034
3432
8566
5732
5835
1948
3028
717
9765
1513
3423
9541
3279
8538
3230
9697
3947
3424
4591
7795
6741
7264
8846
3684
4026
3841
3014
926
2123
1893
4738
5939
1427
907
2434
3001
7011
60
3361
146
5071
8362
1949
3480
4663
7199
9973
7168
9457
423
578
3810
8604
5906
3508
6191
966
6885
9596
1161
6270
669
1974
3392
7946
4029
5178
9664
4577
7237
8748
4432
7595
2861
9450
309
6674
6932
3184
1551
8089
9709
4939
2489
750
2758
3504
328
7560
2236
8028
284
4801
5086
252
4587
6546
7616
7671
3094
3385
2871
9416
4852
9880
2699
7648
810
6168
1538
1173
2722
3384
747
6040
4422
4589
5232
2843
5890
930
4537
7786
1192
3313
6339
1005
1243
9996
1747
3578
9630
1635
4311
5724
8870
472
1777
1265
1456
4965
7207
2663
676
4510
933
6854
2049
271
8077
1802
4286
9021
322
7044
9320
211
1543
8079
9299
3214
6151
1698
4343
5917
1897
3075
1633
5190
6229
107
6323
8835
2257
1718
9242
6138
765
1118
6076
5439
6146
9207
296
2251
9451
2541
7304
6921
4308
7916
9693
3272
7524
8762
3737
9975
2359
7791
8421
6104
7857
1886
9427
2527
121
7836
8729
4710
2363
751
2118
210
4297
9640
94
9957
4103
5791
5988
6019
3478
4954
5063
2723
8249
3159
8993
9623
412
7550
6808
36
1227
4049
2264
8479
9439
5350
5661
4371
8947
4419
7740
3601
208
7250
2140
5438
8505
1381
3260
6250
2510
9834
3874
6198
1797
4495
8426
413
1220
6751
9173
1420
8393
777
2810
1717
6009
2117
3155
4654
3795
4997
7603
9932
6521
8936
9420
5469
6650
2397
2501
8347
1914
5159
8603
2142
7715
383
571
1186
1765
6282
7370
6017
9809
2889
9994
1422
2759
2964
8754
9995
1498
4175
5426
8702
8172
3122
729
1779
5285
8474
6446
1787
7414
9079
1729
3023
9532
4791
6697
8518
9171
9472
1479
8484
5837
728
74
3413
5977
8477
1086
5449
9378
5334
7623
6047
7270
9681
591
8897
9542
7251
9692
2054
3475
2877
6830
3205
3456
6004
3102
3548
3916
4007
7146
2326
3281
6633
9434
6193
389
4608
7660
9484
6641
337
1367
2016
5881
2423
5284
8066
4727
4494
13
5710
665
5751
9057
9663
476
1408
2040
9298
1219
6871
6888
4649
474
9898
4855
6057
6706
1625
7442
3163
1061
6276
378
7019
3619
2952
5399
1833
6437
9248
935
5833
7124
6134
6535
7119
9656
5573
1222
248
3716
971
739
2639
4173
8697
3579
1676
7216
9801
7529
1013
3350
3721
1462
4408
9008
8636
2021
2323
3598
7953
9943
2596
5005
3101
3840
4126
4285
3435
4871
8110
2578
1372
3763
1685
4979
4853
7446
3804
4386
6375
9220
2840
4483
4545
8213
5829
3293
8033
2926
4443
1996
7218
8430
7055
5799
8371
2825
117
7940
147
7761
2307
5378
3629
5471
6780
5935
8548
8267
824
1894
2850
3001
2433
5563
6373
4558
9974
4283
8080
9380
363
1350
1357
4923
9418
6309
6769
8707
9539
6258
4222
9945
2613
2274
1939
7800
1205
5639
4541
5481
5373
429
3176
4911
7200
658
2160
8745
2670
5663
6728
6810
3321
7244
5488
6860
7291
9133
4550
3290
7932
426
2782
6442
9361
217
4805
2732
2957
6075
6551
5388
2569
1837
2011
106
1843
4071
5972
684
3300
4248
5352
4070
4707
192
6231
6619
1101
9652
2014
9417
287
6336
2617
7050
1865
6527
3439
622
5065
6710
5111
651
7135
8337
5313
9664
50
5621
8571
773
1088
3399
4384
2467
2499
8843
855
3586
3982
6412
8625
1850
4787
6087
7607
1217
3516
8674
5422
8159
2137
7438
5628
176
599
4378
4450
6748
7366
3355
8244
9917
5253
8885
9368
3265
4783
19
4859
3120
3913
5810
2954
6833
5060
6415
1588
7065
4879
4978
1024
4912
9700
7661
1370
1776
9983
3109
6182
7725
3091
5966
7631
9579
2248
9751
3861
9792
985
3724
1125
6736
9762
2334
6298
5818
1620
3156
6116
8356
2230
7991
6600
9323
5160
5123
6675
9805
5843
7223
8589
5590
490
6481
5548
6068
384
764
1546
5622
8670
8528
6587
405
720
2335
2690
6097
2681
3370
4895
7482
6278
6648
4295
3339
4575
3568
3573
3963
255
1244
5946
820
3893
1337
518
3420
4090
4399
7674
1492
842
1306
4031
4298
1785
4764
6348
5477
9015
2745
8169
1825
3512
9679
2418
529
2340
6150
8138
8215
1413
9646
8370
433
4225
8679
313
444
7677
7815
7908
7456
8669
435
6239
6506
6577
7548
7267
441
1348
395
551
2446
1145
2146
3762
3925
5959
4437
6299
1077
1302
3631
2431
3570
2685
7439
1424
5240
7798
2689
4677
456
5062
7994
7627
7963
1136
2373
4065
829
887
1946
7322
4430
9236
1615
2357
9110
3774
4633
3235
1530
6462
6912
9431
4401
9361
609
3630
5478
6048
7371
3436
9238
9382
4144
4388
5498
592
4451
6305
8866
8969
9132
8395
5671
1083
4658
9423
1151
6094
6707
2376
3096
3249
3410
3244
4304
4681
6207
8949
9240
3408
3818
3915
5218
4
2874
1677
2736
3773
722
8744
3170
4078
4789
785
6397
520
3018
9125
3538
7719
1620
4708
5217
8908
1384
3974
770
2223
8685
5492
8812
9633
6102
7785
3793
5949
2143
452
3621
3958
7103
3868
4161
2707
7109
7941
9936
1364
4075
7458
3740
1383
7276
753
3225
3414
7330
941
4862
9135
2278
4131
6431
1096
2203
2992
3148
7059
1012
1983
4604
9582
806
817
4693
1481
6690
7377
9986
2404
5120
8461
9817
2933
3903
402
2468
1241
9575
7391
9408
7689
161
1933
1446
5797
6019
8541
1536
3217
4484
9447
5359
7571
3687
7665
1134
3871
8923
7097
6774
7123
55
1678
8650
5293
6615
2131
2975
8417
4073
8986
855
4927
2200
4447
5157
5206
5757
145
984
6066
9425
6025
6989
7245
5143
7143
8701
9453
7500
4424
7186
4535
7268
5582
2558
6560
7365
9140
602
1111
619
4088
8036
2136
2971
8605
1346
6681
1693
8442
807
6592
1143
3324
4068
9833
9732
3228
8666
583
5474
301
1210
5395
188
3952
6752
7350
6013
1233
1330
8734
5571
1050
7935
32
1916
768
1928
9153
3021
9656
6558
8399
9846
1476
7025
5659
2384
9486
1785
18
1744
6468
711
733
5383
790
5841
7705
6364
1011
3226
7485
9563
8019
8168
5306
6970
9178
3007
9259
411
4413
3578
4643
3513
8919
78
1102
9091
3489
3771
666
6968
144
4647
9485
4366
4487
5607
1848
298
7655
521
6965
8681
4329
1419
8013
2421
193
5323
9025
3572
7380
175
2580
8581
3541
6045
1116
9639
3186
7956
1380
3996
9905
1813
2076
2449
2938
2032
1753
469
1704
6420
6858
9487
3969
1444
6624
8384
792
4532
3189
9343
492
2709
6085
4467
297
6447
5975
6077
1991
4746
6518
8652
4279
6176
670
9321
7525
8842
9257
9288
5187
6487
1461
4926
5337
8303
9119
338
9913
6179
6815
6829
155
306
216
9642
229
1861
5178
2837
6088
8223
1401
6246
87
704
3200
8385
7594
4751
7684
8554
3242
6903
5983
7658
9606
3515
4165
4851
6293
7618
3253
6217
6649
3580
392
1294
4817
1531
3005
7477
7890
9828
4361
7239
3502
9903
4804
7061
4776
7669
755
1379
986
6635
7546
8005
3971
4013
7948
2687
9584
1596
2912
2952
9977
3101
3071
6654
8926
4839
1842
2821
6520
5404
6944
2128
4955
6434
9389
6651
4671
5394
7752
756
1255
458
7321
1879
7749
3748
8669
2193
2437
7078
3248
7653
1254
5278
2836
223
1920
4314
7774
2498
4950
8486
480
1903
7811
9625
6441
3866
3334
4291
8564
1206
7725
2972
7856
2884
4275
1260
3303
5409
7762
4849
6566
3557
5768
4987
1616
5405
6585
8096
3864
9976
1927
8155
9787
3092
4404
4732
6038
9987
6223
7741
1029
1197
7246
6784
7959
5253
8544
6224
6407
3491
3119
7537
627
1855
8882
1293
7923
2068
6801
6159
7596
8813
2341
7806
9289
3471
5658
8756
6561
7583
1130
1981
2233
8207
2083
3914
9106
1322
1587
3901
4375
5466
8047
481
3453
5372
4054
9199
2137
4086
336
896
4540
2827
5588
4455
6130
6452
8261
8838
8519
3850
7293
7567
5046
7196
6342
8715
1016
1113
3585
5967
2162
995
3752
4777
8961
906
7121
2298
8271
2857
2962
7117
1941
8651
1189
8270
562
6513
895
4812
4414
7960
5304
9503
5723
148
276
4481
9772
552
5832
2232
2702
1407
2652
3374
1638
3854
4027
4590
9576
5296
92
7792
169
9249
3803
7416
4353
4422
9684
6778
8413
2000
2107
3839
9474
789
2714
5502
3989
3088
4412
5803
8141
1363
8387
3563
5186
8984
9513
2027
5819
4381
9612
9933
7847
4867
3735
9100
2007
6174
2986
6020
1457
2017
771
5543
1741
3964
4728
3642
7654
1414
5380
3347
714
5289
9544
7039
7396
8553
3703
3994
761
3372
8867
4378
8864
7984
171
1994
1492
3505
7080
4208
6197
8094
9098
116
1718
3331
6274
6718
8313
3121
4784
7547
1150
9559
7035
700
9315
8322
55
8379
888
2305
2806
2115
4126
4260
7458
1564
1968
4679
6183
5741
5134
34
9222
7946
9443
2898
3044
6248
4594
4618
6400
188
9108
2514
5514
8334
1714
2426
3284
7646
8506
6255
6188
6345
8602
118
533
3517
7787
6502
7696
9202
7010
5631
7449
6582
3024
8288
269
4780
8058
1748
2999
7635
3856
4832
6483
9879
9458
5693
8524
8074
4471
6491
5090
9413
9726
4581
8889
1608
4323
1245
3332
743
1815
8462
2095
8913
3984
4893
4120
8346
4215
4397
6363
6913
6327
4246
5193
4272
1130
8755
8967
8940
7835
43
4631
7297
3167
7062
2823
7508
1972
7479
262
6963
4937
5274
9819
168
9087
2051
3645
7937
3596
3711
4474
8412
2472
2951
3544
6980
7640
9858
6645
6705
2992
3521
3673
333
4016
1845
3483
3098
8291
4326
1091
5237
6570
6869
8437
3975
4015
2068
5052
5116
9790
7083
8302
2619
7354
2784
7266
3288
491
5298
5505
6157
8408
8542
1010
9362
310
3114
5170
6109
1342
2097
2632
643
3031
8797
5643
7648
9170
9653
9797
1947
5632
5743
1822
8460
4363
7586
7173
2533
5945
9571
9804
1669
5297
4567
5673
6254
7751
729
1453
3029
9682
4150
9694
3652
8944
9357
554
6781
6877
8567
9534
2174
9880
7385
2868
3708
6687
219
628
1805
8380
1601
806
4516
7572
9040
3668
1369
5141
618
2920
5166
807
3280
2297
3078
1147
5916
7842
476
1641
82
3071
8105
4367
8152
2610
3598
7492
9437
3389
6999
451
1639
5263
218
424
8324
2997
3966
3082
4028
5250
776
770
805
9838
3197
4764
1000
4221
4694
2910
7672
784
7087
788
7742
9911
2968
3571
5485
7720
404
1153
3017
4267
5051
9829
4693
5149
5442
9708
9932
9078
1055
1141
9281
4580
6991
8309
5716
5961
6883
9292
2379
6166
8990
6026
2154
6279
2691
4311
2635
8607
6209
1887
5494
669
958
8960
3650
7056
2464
4595
8617
7132
3595
5662
6676
5324
9142
6347
6213
8134
605
786
5131
9774
5014
2099
8882
5807
6681
7884
1588
2838
3175
4220
875
3052
6212
9409
69
8988
4969
8340
2303
9712
2818
749
2543
4335
4329
7462
4138
9346
674
793
6983
5176
8427
8556
8981
6136
6844
8282
589
5519
7221
3188
6867
9035
6162
6270
3896
8718
4645
4819
527
2220
4985
1920
6831
6841
2616
9833
5032
207
6262
8588
1809
5682
2626
3772
5822
2389
523
1731
2684
4868
2109
3398
4698
3068
3967
4306
1661
4203
8104
3395
8709
7478
4498
5349
8732
9645
2789
3826
2470
4642
6739
8575
9671
720
6488
6562
7118
146
3960
7826
3616
602
2995
4551
403
1752
8808
337
5229
7716
8443
8444
425
1537
4883
1311
6159
1874
4140
2006
7793
2393
6366
7561
1082
2729
227
9027
9131
5647
6839
7057
6953
9053
6945
7404
7626
6509
3930
6250
9565
8647
8737
4502
4584
9632
6310
8069
4135
189
1127
6275
4057
3817
5656
9099
3667
5202
5464
3514
1403
1772
7332
2315
8121
317
6616
6962
7654
8406
9041
8045
9794
9417
9496
2991
1002
1547
2535
3232
8695
9716
9438
129
690
1805
2102
5798
759
2585
3067
4632
5950
2295
7686
6123
8781
7876
4274
4648
3454
6115
8841
2130
6938
8738
6742
3714
4074
437
4622
840
2675
3691
8696
9460
1224
2907
7018
1229
6724
1899
3536
6935
8466
601
1710
4659
1911
3985
6817
6466
7437
9520
2726
3114
7798
1004
7970
140
235
238
3562
8946
9816
8470
4324
5867
1135
3558
8931
8963
151
9386
6832
9017
4425
5174
7151
2541
9433
3105
3161
3640
5805
6392
1760
3465
3950
6260
6923
7771
2121
2829
8521
5248
2844
9996
5840
5984
9680
403
8494
9858
90
464
7843
2679
2719
7690
8905
8832
5594
8255
9616
971
4327
266
8968
8990
3643
5088
2893
4287
6792
431
9756
2886
616
701
3470
7179
3165
7499
4185
8279
6268
6717
8814
4785
6419
7401
628
4352
2419
1510
1677
8916
3954
6627
8325
927
7873
1687
2599
1221
4796
7165
374
3883
5726
2864
6961
1734
2882
8420
9723
6794
9627
9852
4734
5246
8515
3783
9574
8677
551
2713
8769
1314
1388
3320
8048
8146
2306
6889
2277
9572
2242
131
3627
4179
4767
1068
4941
3632
9655
1852
5529
9702
109
1880
4176
9389
5962
5035
5538
2214
3663
3380
4414
8449
9272
5184
7279
1269
2570
6243
2833
6386
233
2037
5076
8130
9657
5043
4477
3473
2153
4480
9831
5722
6898
9695
9793
215
9530
1733
3678
4564
1555
3353
8211
1389
9690
535
5970
2891
217
4336
7386
3680
5239
2575
7402
9877
5591
5974
3106
16
3636
9215
4412
8839
4108
5525
8401
9082
1685
2243
4847
7032
3675
49
640
2550
5426
8706
2382
2603
3673
2023
3905
3960
5661
182
5098
6636
2216
5560
7638
8114
8610
4345
432
991
5031
98
3789
7087
8355
2293
3695
4375
4394
8129
585
8455
3435
4012
530
5583
7834
8209
9309
8886
6884
4294
6996
8767
1966
5419
7531
418
7869
8305
1393
8180
5997
3611
3685
4026
5863
7846
9679
9881
5848
7020
8733
9967
1829
4429
5855
2847
4459
6541
7127
9935
6964
2228
3102
6588
7769
9962
7101
2427
3724
4188
8351
3364
4900
5183
6435
3472
6971
3712
4408
4110
5106
7091
7194
6140
3626
1060
2270
8583
2506
8474
4789
9030
1574
9845
1549
4655
9221
1069
3623
6031
7040
8532
731
910
2285
4744
9119
4774
9239
4786
7556
7898
7976
1689
7290
1977
6895
2346
1982
6599
9934
8076
321
4967
5273
8025
6045
5709
8668
3216
8026
3840
4501
52
488
7217
9825
259
1628
1839
6808
7988
3582
9113
5102
8497
390
2032
5537
7668
9243
9608
739
9330
7760
8459
6732
3426
1108
1234
6891
6795
214
6430
9609
199
362
8331
8819
8869
4699
3978
84
3683
6267
3042
3819
6238
3147
304
1119
1320
5191
6297
6131
2477
3498
1144
7034
8662
8183
3727
3720
9349
5646
4218
4262
5606
6130
9024
6623
8530
3272
3736
9056
4591
6930
9763
2840
7766
3696
6346
9203
101
3215
7912
1066
375
2642
8233
2260
1084
1505
9665
437
8863
3348
7255
1730
4038
1099
7116
5142
7231
7513
7656
8294
1819
111
593
4459
8551
3547
2817
6498
6855
1156
3241
1606
6477
8912
3246
8921
9383
8029
4861
1272
302
724
2508
5598
6053
6160
6385
149
1398
9601
6465
4517
243
2273
7260
2612
3756
6303
7469
4712
5452
6554
3254
8109
3292
3865
270
5896
7773
7929
7454
8714
953
2450
2983
4114
9206
9692
341
8500
1003
5079
2980
5016
7345
8277
1162
5955
7283
7704
2055
3459
8013
2179
2220
7189
3651
3641
4873
9112
1078
2549
8158
2745
5934
8078
2447
6402
9528
8389
9982
2246
3758
3926
4183
4211
7366
7874
8550
8893
7066
8044
1518
2534
8289
319
2158
2310
2561
5565
5669
597
6727
9205
897
1723
4117
1912
3487
4742
9569
2676
3749
8081
7878
6669
6617
9230
7521
7909
6372
4725
4684
5554
9902
1917
6096
3378
3792
6296
4184
5932
3754
7506
8874
2704
2251
4194
3224
6557
5496
1450
5100
33
4576
7733
8095
8815
9271
9472
1190
5903
9150
2165
8933
3379
135
6454
3850
2124
4095
5995
3931
7840
662
6492
7226
7919
8557
9671
2568
7965
2979
4863
5561
3475
7641
5056
5969
5971
8712
4775
1459
8283
9704
617
9177
95
8377
2311
4864
5780
7448
572
8030
977
4059
6329
7640
3137
9187
2001
3569
5085
6516
6283
6933
86
693
5834
6545
8813
6466
6135
2960
1354
1961
3311
1686
4680
7864
6589
1486
1632
4887
6056
6029
6307
7576
7891
5195
9666
2173
6192
981
3128
5403
8543
1962
2563
4083
2049
3587
1356
2888
7644
7867
9422
9261
4525
4917
5691
1542
3811
3962
5268
8338
2970
8230
1711
6713
9756
5689
893
9175
3859
9552
3512
7859
1099
2309
2694
5736
5242
5720
6628
181
3965
2367
5893
6082
3528
4740
153
5734
1900
4533
4098
6782
7245
842
6790
7432
7625
2419
3181
6425
8101
808
8365
9784
880
1174
1494
4886
8040
9284
2353
7256
2168
4547
6036
6942
6219
884
1008
7299
3415
6269
1952
8231
6558
9287
3387
8683
3666
5446
8689
1791
6471
7719
1211
2667
5634
3306
3282
4953
6122
741
644
4553
3310
4602
8977
120
5520
6733
5787
1565
2686
6693
3484
2587
9241
1577
2877
510
652
2487
7339
4681
1168
9506
579
5699
6549
6757
9780
1240
9922
4023
7104
8935
7599
3868
4630
4811
4530
5578
6812
924
2660
4509
6574
67
2334
12
951
7548
8811
7156
7234
2623
5320
1364
2878
9927
3798
7372
7356
4697
9377
3293
6062
6485
9752
856
1473
6330
1304
9818
2239
5368
4236
5158
6950
7893
8105
7741
3279
6171
8910
8353
7397
1417
3360
1570
4423
8784
1945
4269
8329
9484
5668
46
2189
3620
1484
2459
8381
4910
2463
6842
2518
6840
9341
6217
9700
157
290
6534
9256
3108
3535
7947
8720
8820
1101
4984
691
8016
8516
1085
3194
387
7363
2656
4008
6706
4100
1344
8478
1707
5226
6353
1320
2187
7811
325
6065
1944
8390
17
1270
2209
4514
5892
9758
2260
6737
8133
2966
8979
4593
3796
6818
9403
4160
6911
8917
4839
2519
6272
3452
6189
2956
5288
2237
8844
522
1515
1680
6294
7216
3559
8383
1421
1778
165
2916
2785
3560
6763
8751
8224
8342
4554
7226
9931
5960
2159
2808
8888
9063
642
6215
6510
9086
5044
37
1990
3337
9333
5066
1998
2300
7429
9297
1475
2324
5433
3438
4995
2012
2034
4972
7568
6119
7987
2634
6734
8299
9788
2093
7357
9650
3052
4226
586
2428
3992
6775
8499
4757
1407
4014
5911
881
9664
5038
9622
4243
4635
7446
811
4805
5201
4636
8288
1646
4319
8062
5738
3037
6805
1160
3476
5343
3093
3446
3777
5119
2078
3059
1955
8501
9006
7417
1013
2896
2368
8196
1534
7259
3069
1128
1313
4152
5015
9441
918
2360
3886
2135
3039
3191
4924
3847
4842
5750
7094
2885
1624
783
5279
9737
3504
1539
7368
4852
5484
7162
1831
6432
9061
892
7655
3118
1079
6008
3722
6689
1558
9105
539
7152
4200
8953
848
748
6618
9142
473
1016
3445
6521
8035
5843
2114
4270
5858
9800
1660
8962
733
4312
4613
1495
8157
8057
377
6378
1797
5544
6223
6495
6949
930
2774
8875
7632
9154
3921
4481
1866
2123
716
3315
4802
6015
9634
25
1238
4474
5404
5442
5854
8358
5506
6248
515
2177
4334
4386
7291
10
1177
5302
1376
1451
5156
6498
2576
115
4009
9814
9955
54
4541
8212
2626
7708
1053
1717
5619
6643
5573
4803
7387
697
5782
7770
8056
1799
2311
2457
3072
8950
1611
8991
1675
4723
5548
6018
6380
9029
9306
2927
2985
7322
1688
6986
9419
2726
3800
4508
8857
9213
1540
6120
1289
1897
3246
4821
7795
5517
6076
1117
1350
3759
5196
5270
6850
6934
6093
6304
7167
8592
6503
4601
8363
5784
9724
9916
649
4294
1442
1532
7178
5014
895
8417
344
9072
2065
8066
2699
2851
5929
9266
1987
2892
7453
4036
4269
5391
9429
1796
1984
3041
6379
8690
6190
8316
8534
8685
5964
9994
3681
3946
5777
3381
7079
7188
3509
5968
9984
4271
505
3521
1243
3592
7624
2897
5124
8396
9886
6800
3461
8463
468
1909
7272
7973
9052
2004
2189
3939
4292
4960
7050
1124
8553
3990
9358
3923
3879
2578
4261
4591
121
436
8629
3265
8161
3742
9075
5027
992
4997
9801
9862
3696
4743
9965
5039
1642
2100
5221
4746
1536
7590
9185
9240
1352
1470
3416
3449
5627
8193
8898
3030
8924
1721
3101
6963
8969
9227
9568
3062
7193
8799
7008
9790
4585
7328
5764
6488
3329
6172
275
513
902
6148
7408
8213
925
4413
9588
9755
7337
5945
8297
8394
9887
755
960
1122
671
4946
6133
3565
4682
6824
2865
8531
130
3065
5371
6652
9913
8359
2043
3084
4814
3296
7909
3240
5434
7064
5724
2700
7563
4528
2738
6947
9092
1017
6251
5898
6022
7348
7430
8824
2074
3024
5479
8633
7514
1225
6301
1203
5449
9725
367
965
509
9825
2655
3955
2962
1634
3704
2647
5399
8059
5361
6559
7134
6225
1610
1857
6193
8623
680
1820
2712
3531
4106
5825
7373
1766
9537
9802
2352
8568
1094
1672
2146
6146
3532
5836
160
4395
6596
4240
457
1191
4175
5843
201
516
5252
7459
8698
7054
7544
72
4470
7732
212
7568
9711
9750
2383
646
7488
7489
1539
5068
5923
464
8547
1003
7962
6265
4935
1438
5087
8373
1199
9237
1934
6595
2939
9941
6166
1182
2671
9115
6609
8282
9370
5816
900
3723
5100
1164
7143
2085
1121
4124
2067
8093
9288
9575
4870
5503
3115
9551
6156
590
2263
4194
8417
1370
4921
3848
7297
2716
8717
9118
3672
9468
2410
4914
2751
6519
285
7945
9046
741
3737
1133
2371
4144
142
3830
4600
2753
4691
8958
9442
632
2478
9260
9948
5788
7096
9540
1396
6493
6969
9008
9324
9707
8395
9387
492
2590
980
5330
7085
6214
5120
150
998
1625
4304
2065
4215
4549
6073
7600
8582
6506
6663
3132
7925
8779
9649
6988
7051
6464
2883
3674
203
1477
2026
8749
497
7257
1671
7704
1689
3033
5920
6783
3938
536
1429
5139
8092
4673
8048
561
8439
4001
1818
3218
7182
8227
4734
5364
7028
7938
3290
3583
9820
5266
6707
9857
9549
5966
7424
7434
2131
7991
3650
6266
6180
8682
9818
4376
5623
6163
3358
4499
1967
2929
6436
5992
4219
9535
3750
4429
7138
8660
8948
6313
6642
1118
3786
4362
5993
7350
8454
317
1194
6598
1566
5380
1029
2226
251
8546
8938
9411
1397
6235
584
2678
8301
2891
2908
3631
9547
369
8656
1157
2319
3959
4792
4830
6772
1771
6232
2738
7081
5059
7892
2524
5854
8996
936
1361
3765
2299
6202
4031
5576
1498
2594
6157
2247
5258
7476
8073
559
4371
1526
4940
2350
2609
4832
8138
668
7137
1201
159
2855
4344
9296
9081
4458
8461
8536
1256
4715
5048
9015
2812
4281
5040
258
6853
9735
9526
818
3744
5752
8970
2035
2398
6686
6754
7202
7536
9184
276
3095
6084
1809
5825
7734
7965
447
6142
8088
6323
8495
138
1613
2120
7920
1554
2933
5826
9864
1073
1223
4255
9942
6511
9873
7865
542
3003
4815
7288
4435
1695
3335
359
2000
945
5039
8636
4844
2631
5011
6481
9064
3757
9089
9771
961
7941
3016
3430
3283
1580
3755
6466
6864
8374
9566
4130
575
2480
8312
8360
1746
9214
9389
6145
6547
7772
1512
2253
3794
4090
7229
3875
6845
7371
8071
3110
4293
5374
3922
610
3160
7460
8556
1907
9659
2830
6517
9567
798
1855
3689
5345
1892
2221
6636
2409
8083
43
1915
9954
1216
5796
1528
6077
9212
9799
1346
8746
31
8338
1349
6292
7021
9390
7989
728
4449
5513
8514
9014
1650
9444
3237
8606
9699
5147
1178
3729
7606
1575
2243
6221
9678
2690
8645
1086
9151
3558
6209
7578
3209
3158
5121
8415
2341
3539
5164
9001
7200
4626
177
1780
4112
2296
5909
9076
849
3162
4601
5841
8679
9960
1423
2348
7411
7170
9021
4917
9591
6817
4310
9180
3941
122
6932
823
8384
5042
9414
117
2388
4447
3121
7781
773
4983
1673
2723
8148
5163
8265
8532
5245
8818
8630
8632
4322
9879
5058
567
4346
147
4781
9018
309
3011
9754
4629
5597
3710
4615
9419
8896
4570
4881
1762
3993
7004
7747
2488
975
6780
1755
2741
6327
9084
6979
8492
3510
9564
1271
8489
5015
5274
8418
4751
4236
5673
1083
6671
7473
7812
8451
8675
9458
3169
3574
6698
7611
2250
7465
8377
5557
8402
5041
3057
5052
394
1643
5844
2937
6960
3742
4344
226
493
6099
9156
3227
3585
640
9923
5244
6588
914
1475
3595
6355
8246
8594
585
9449
9277
3202
1794
5424
9971
4686
4831
7443
2608
6280
952
1040
1253
2790
3005
5309
6879
1803
2818
2712
5198
4070
4165
8902
8948
9016
6241
6858
2103
5315
8468
5435
5495
862
7027
13
3542
4231
6441
8036
1928
2746
7679
3238
4731
2252
6334
6789
3780
9626
7075
8631
1455
1764
3163
5307
4406
2429
6183
9153
3031
8403
9412
3182
6281
4234
7534
7759
9972
6304
1489
7586
8598
5472
5450
6967
9137
3635
9152
7250
9445
5028
9761
5708
7703
6875
115
8202
161
3630
3844
3421
4968
7826
6779
7592
6367
7123
7481
7296
9838
163
1062
2061
9961
7347
4826
7794
7797
1918
6541
8366
1552
8222
4066
6322
49
8181
1726
3399
3885
6669
8894
2011
3001
9209
4710
57
1507
2382
6568
7662
6249
6327
765
1711
4626
9491
1006
8540
2349
9596
9348
1483
3725
6173
8897
9279
4667
4717
4809
1004
1362
3966
4550
3858
5853
1598
2558
7090
4428
4982
7603
2752
4125
9785
1155
7740
2644
4976
8806
748
3970
6086
6468
7555
6920
7078
7400
7563
4722
5210
869
8587
1842
7661
386
7115
7566
1957
6007
1685
921
5420
3110
3375
7070
1274
2810
6405
4987
4430
9464
3310
4942
7724
4476
7286
9617
2204
8272
9355
1070
3297
6376
7884
660
2467
5904
6396
7615
5147
6571
2212
7569
3619
4069
9493
2836
3853
2050
5464
689
2461
6228
8769
865
999
6661
5640
1500
9273
9782
6253
3135
7111
8618
2396
7073
844
1554
4806
6850
9713
6553
6766
7387
8807
3752
6651
7665
9217
1355
6302
9749
6947
4256
4579
7221
8273
176
1845
1659
8995
9668
78
6284
9465
7120
6603
4173
1670
6708
1129
4949
7163
7910
8244
1860
6540
45
4412
7899
8097
3239
3637
8112
2063
8821
2948
3049
4249
8951
9715
9398
339
1450
5505
3589
5256
2949
9390
3810
3948
4138
8665
1219
1960
674
3573
245
754
2802
4472
7214
890
6941
1183
8944
1650
3148
6280
7142
7698
7702
4829
9932
8833
240
4763
5831
1210
1750
4282
4592
200
2413
4478
4590
99
8133
5292
1655
7451
2434
2595
8875
8684
1319
6813
2646
2087
3804
5462
6987
9319
7680
8065
2173
3038
8466
9732
4107
4190
2698
4167
7276
8993
8008
5616
7766
8505
6147
8745
9604
1762
3455
1647
2320
5783
2
1826
1937
7552
8308
502
6715
4927
566
9727
4357
8937
6869
9811
9819
1861
5261
7336
512
9391
1791
8855
8519
8488
16
1321
7
1879
7285
2051
8856
6943
7921
7429
5287
8741
2356
3764
7916
7949
3453
6056
1630
2414
1921
2163
5969
3865
6660
8501
5396
5814
7511
83
2906
9341
1627
3484
117
4037
2254
2869
6311
1863
3887
4044
2458
3687
256
3087
8267
4669
5065
810
3684
8954
314
3851
6719
4343
3950
3748
4075
427
7718
9872
2721
4659
7546
9346
275
6283
7520
4097
86
1954
6475
521
9340
8275
904
1764
3332
4023
7112
924
4934
7346
5314
3378
4118
6187
2426
9618
6347
6662
558
6762
1044
7919
656
4962
7456
8145
5370
7440
6868
9283
9628
7390
9129
4944
9162
140
7466
315
6382
1394
7647
6047
9660
2422
3670
9854
1360
4943
9012
6013
5740
8531
7184
9034
9789
2238
9118
5918
718
3385
1261
4139
5328
837
6936
7847
8838
7068
7468
8398
5954
9285
5283
8022
9290
5080
5914
1973
5607
608
1294
2272
5235
4091
6470
4122
7286
4982
5588
6585
4517
6750
489
7619
8416
9729
7576
4042
8285
7462
1462
9953
2986
5426
7312
2550
5930
6512
3010
4392
3158
8562
9985
2642
7427
2160
6984
9734
1899
354
7347
5901
927
9893
4185
5353
8870
974
2632
4767
8887
497
4590
5698
6186
171
3276
1641
5845
651
6560
5906
6079
5273
7117
7587
58
2486
4503
8946
283
8558
4098
9416
9775
5351
6077
6917
9842
3009
3555
7521
8498
396
9019
2318
4254
634
2362
973
8311
3219
4011
4649
5572
8804
6085
2201
4353
7709
638
859
6074
5605
8635
110
5033
8462
4957
9806
1297
1388
13
8243
2379
5134
3134
747
8345
9429
3070
9189
880
8470
9801
1529
4502
6191
5122
7762
2321
4586
7198
7727
3698
5962
6799
6924
6307
7263
2129
2302
3167
1696
4399
9269
7128
1395
695
1378
1285
7176
2902
8852
4718
1691
2122
7455
5340
3915
1440
2601
6919
5795
7294
8936
9855
6737
519
6095
905
5436
3529
1869
2476
8014
8317
3144
3514
5521
9772
7677
8181
4282
4108
3176
5751
8316
2386
9557
2027
7886
6474
289
1107
6619
6881
7689
8710
9894
5107
6184
5973
8915
6630
8246
3450
3576
5475
9350
8118
8264
5072
9762
4088
5801
5913
7074
7292
6714
9822
8960
9075
829
4828
6381
7335
4226
5659
4355
2158
730
2787
6552
5228
9997
2024
2733
6599
7395
6300
7673
5341
6856
7337
7610
3258
8525
9490
1146
7893
8759
9418
8823
3952
6900
3857
9000
362
580
3863
8274
6131
9313
6058
6791
9304
1267
1288
2053
680
7659
4457
6336
7113
7995
453
3233
8891
1429
3974
7041
4939
9766
2197
8879
6179
4465
4490
7887
3472
4283
3363
4240
7627
7724
8427
3668
4332
9231
2956
7132
862
6520
1820
873
2472
2504
1849
8408
5692
395
2665
4340
2931
2998
5915
6759
2826
5209
7799
319
8794
3097
6735
471
2572
6579
444
1730
7581
8096
6478
9483
6429
9030
1240
3936
4111
2796
6346
8113
2230
261
1566
6614
6556
4558
8169
241
3047
8135
5540
273
3753
701
6983
6565
4530
2268
3334
7478
8658
6971
4745
3994
8171
3833
7793
9425
1836
8033
3548
7798
703
7040
2018
2301
8619
4212
4126
5278
7325
5141
5907
6309
1480
4146
8216
6805
6181
2679
7504
7692
9511
9524
2017
5486
7001
1436
1645
3015
5422
4494
6275
9477
6679
2491
4910
7423
1735
6966
8136
4794
917
4559
8021
5113
5860
5021
8192
4572
9052
41
1
6676
826
8600
1019
5710
6696
1146
8456
3254
4077
7809
21
600
607
1368
2144
1545
860
6048
8424
417
1142
5559
7352
7939
5615
3731
8669
6531
8671
7032
8624
7320
3240
8810
9633
9032
9538
6107
6224
9858
5887
2600
2996
168
5785
8986
4724
8375
7365
8378
8664
523
1133
6173
7564
3928
6910
7244
3441
3141
9892
8990
6188
8541
5440
5601
7727
663
2325
7421
8552
6996
7854
1569
1212
6455
791
3119
5430
5614
5541
7829
1914
520
874
7135
7562
3453
106
963
3734
7281
7996
8020
8286
3409
9172
5190
7484
1221
6751
7230
9685
9248
9420
3511
2661
7707
1798
5633
8589
2339
9107
6591
7797
398
2854
8082
306
5515
7310
9115
9937
1639
2638
673
3180
4131
2445
9466
5154
9580
7261
7277
7960
4511
5867
6012
158
228
730
682
1975
5832
8420
3882
7953
4711
9846
3133
7141
8391
8913
249
5876
9070
9761
1435
1956
7033
1014
9087
9157
9553
982
1563
5265
3413
3185
3408
4780
5531
3507
5794
2317
1120
679
758
5443
6742
8527
9514
3239
708
3809
3873
6672
4409
4120
4278
8061
9671
114
2761
4529
4565
37
1528
1046
3348
5200
1340
5643
18
774
5771
822
2771
6289
5358
8699
4932
6078
9069
1761
3716
8121
4948
5193
581
2739
2765
4345
3320
7072
8936
424
8841
9408
5617
7050
2059
2374
9140
5935
2197
6434
1998
5552
6753
1095
9502
9949
5416
7676
732
8733
4885
9121
6522
9621
4491
4695
5831
8661
4009
4405
4563
4384
9022
2269
6815
8570
5091
210
3122
5856
5197
2113
8656
9824
2100
3537
6352
9897
2231
5725
3908
6726
9686
4390
5650
8880
1374
7229
4380
7531
883
1788
4651
1234
4330
7173
1003
1702
9550
2781
9744
8122
9611
2384
1348
2521
3171
3106
1742
2196
2928
6420
4168
9709
6333
1733
3116
3208
3945
4625
2233
2949
7553
1366
3127
6108
3278
991
8811
7300
181
3976
8574
3648
9517
792
1872
3156
4846
5743
6882
7898
1783
4134
3436
3627
4029
3138
7463
7481
753
5337
5699
129
4815
6690
9785
7056
9553
944
1650
5997
9778
1231
2434
6128
6087
9997
5364
8425
2982
3531
7105
8281
6237
7905
9077
3440
7255
8808
3140
3367
3608
700
4162
5461
7648
5494
9038
4111
5758
141
1505
1291
1633
1971
3662
7877
515
6580
1638
6602
3166
6695
1827
4422
5040
8067
8102
9036
5331
7532
495
4757
4812
5320
9049
4132
353
4616
4648
2833
1877
4022
7525
9230
5000
7174
1993
8923
6439
146
6149
7375
342
7539
9899
1218
2218
4536
6535
3728
1382
4627
79
5285
8753
928
7882
935
4303
4961
3571
2779
5609
3564
4741
7128
7651
8173
74
3711
5412
3687
5631
9164
2208
3322
3972
469
1205
1830
5537
3107
6841
435
1197
4027
5241
7865
1814
2351
4007
5977
2611
8390
3815
3888
4762
5640
9196
9608
4492
3916
2730
5477
8321
9212
5597
7706
7059
3372
3998
5480
4080
9254
22
5222
2331
4064
4266
9216
337
699
9763
2090
3910
8765
1524
702
2899
5897
3359
227
7158
154
913
3599
2355
8444
2143
2629
8853
3666
1903
6097
2186
6214
1264
2402
8740
9316
399
3505
6722
1416
7467
3028
9877
9645
5228
4966
7285
1372
5655
6258
6861
5456
8901
9833
6172
9815
847
4628
5253
6495
6935
250
9669
371
8324
6193
2304
6956
4050
2873
6591
8819
2607
7271
1304
313
7116
4976
1187
7722
7873
1211
4882
5453
8782
4477
6093
9487
2280
5437
7813
4136
853
2290
9696
2966
7982
1101
4734
7118
5596
2600
8019
9843
9119
6329
635
4147
5006
5787
7585
2039
4978
5507
4970
2297
3735
3990
8900
8798
3924
3949
5195
5497
8340
1258
7047
8822
1805
2405
2695
2968
4940
7479
7881
1260
4893
9002
2341
9630
1290
799
5946
6345
6941
1586
7422
3705
976
8291
3891
5112
8867
534
30
9571
1129
2764
3297
3747
6761
7343
368
6451
9567
7977
9078
2672
3327
131
1041
2381
8593
1137
6907
3210
7980
8371
4138
1159
4218
7333
7754
8480
661
8441
2529
3377
5571
2475
336
6094
7652
8165
411
189
807
5589
6896
6218
2416
3157
5780
6632
8121
9566
3433
7507
8400
5260
7338
3280
3451
1968
4771
360
4980
8752
1382
6494
6872
9973
798
4842
4404
8130
2617
7321
9726
6385
6704
9598
2781
877
2385
1288
2294
7227
1604
8859
856
5137
465
3615
3170
6355
2788
2469
8622
9572
1284
8586
7530
2408
2725
6886
93
5352
4003
5789
5790
4539
9526
7714
8195
9622
9908
2448
5317
5017
1488
5259
5773
7209
1496
3669
214
5483
958
8348
8868
7782
492
5677
8262
6649
88
8426
2216
8629
2573
6156
8035
4546
5160
7432
3804
318
6785
549
4398
6594
9437
2462
4002
1776
5715
9151
2182
2283
1002
1271
1683
1832
9945
7332
5719
7030
6555
3602
2210
9330
8659
4451
7604
2256
4573
5761
2639
9602
322
2731
3543
9875
4501
8178
9430
2064
7926
348
1642
4479
7827
4402
9853
2729
3797
7835
9975
5749
729
2954
6553
7269
7969
6484
2707
5673
5645
6094
7908
1999
2286
7839
4965
5978
2962
9335
4799
9190
8276
2223
5381
4820
5142
3670
767
2844
4835
2200
4912
7062
8300
1010
2665
4169
5393
8306
2282
4938
7386
6459
7544
576
532
3226
419
2125
5527
3467
707
989
1124
5056
8873
950
3975
7559
1684
8772
9676
6461
864
7179
139
3323
6834
1064
8726
8673
2960
1700
6334
1948
4388
8074
6136
2155
4385
5421
6489
8140
4159
903
2793
4689
4372
7444
7452
8971
2628
6383
785
2071
7147
3981
7168
9080
75
954
4870
9489
7222
2772
5620
6436
2151
5453
7928
169
5827
6588
379
736
3566
5362
6801
5985
5042
7397
9337
696
9982
622
4020
1380
8764
24
2616
4790
397
4350
4785
6732
8031
1095
8654
4875
7254
3397
6806
5488
6310
8041
957
1138
8792
1590
5327
586
2465
4468
1162
6319
7725
4754
5792
2629
9868
1103
8846
4956
3457
8724
5384
8005
4889
4768
7994
9793
7415
4789
2992
8961
2203
990
1422
8709
8876
4363
5719
5900
6297
8312
972
8722
4714
6814
1386
762
2663
1025
1438
7966
8206
4416
5961
6215
7416
570
5530
1241
4773
8188
8333
8783
1894
4281
5610
8063
8742
9148
2806
8895
380
1100
6364
6257
2818
3832
7340
5375
5499
6044
9217
6865
7448
616
4035
7788
9192
5171
1373
9169
7495
4717
7031
2412
6918
7398
8981
8982
5051
4873
52
9024
2287
2290
4003
2354
4646
6703
6863
8016
146
7895
9804
2526
3331
5730
7540
9599
9295
3195
4194
5587
7789
9424
777
1184
6942
8445
4483
7354
4537
2857
4326
9505
158
365
3552
7759
1784
3944
4913
5402
7156
1740
7400
8405
1951
3504
3394
1303
6017
4679
9586
3598
5762
1056
9072
1818
3365
6455
3900
6894
9631
2234
92
301
781
6137
7605
9307
3957
5167
7367
778
3579
4860
7547
8623
2068
2139
64
2089
8410
2438
2262
145
2342
2535
7076
4990
6026
9674
3891
1158
4712
7185
4644
4959
8687
5686
8349
192
8686
248
4849
6752
1358
9288
1003
2079
4171
9751
6687
9921
2981
5385
6523
3354
7614
7753
3536
7319
1889
7903
7991
5647
9563
352
614
2178
5754
2947
5127
8208
1277
1368
9561
1109
8078
8278
56
288
4186
5024
9040
9764
5387
6564
6829
7616
2459
3027
7181
1084
2509
9992
5166
5337
2765
7889
181
10
3558
3835
9023
7858
9382
2623
9786
624
4702
2589
3243
4878
8933
8361
5394
3845
8057
5927
3987
4406
5254
8755
4314
4325
7368
9955
4603
2882
3751
6182
6229
3846
779
6469
5130
5760
1103
2239
2133
2605
8414
9489
3647
7940
8837
9519
4614
5184
9050
5153
2250
7069
2031
1828
3316
4797
4155
7571
9342
5300
8158
2069
2866
4307
2792
8941
5044
1813
2922
9546
5231
9593
910
1308
4568
6479
1057
4713
2319
5133
5168
6804
2669
7270
9936
3463
5880
7479
3809
4658
6370
7990
8446
425
1939
5229
7364
8259
1816
1681
4617
6882
514
992
8700
9578
1602
1659
5986
7603
7760
9857
7598
2076
5701
7083
8988
813
6113
3218
529
2580
3290
3443
3848
7145
5657
9890
7823
70
4542
6187
6684
1166
1347
5039
802
3102
3553
3601
6606
7780
7958
3611
6527
1525
3249
4723
5246
5466
2621
9292
2446
7856
2255
5543
6748
447
1852
7402
5401
8573
587
2061
4133
7216
6418
6388
8320
1088
8215
8458
9607
9525
2512
8633
1840
2354
9957
6011
1898
8790
7019
8118
6994
7971
5398
5634
6320
7831
3275
4747
6117
5589
2455
7885
9582
1718
2243
4290
5849
570
4463
8773
3790
2145
4149
8597
9320
1729
6407
6839
7861
1403
5913
6217
866
3189
311
4030
8859
7175
7695
819
1011
4718
2852
3079
6630
9813
8904
7263
1790
2439
7266
8669
5390
8065
1391
2531
3719
4410
7212
7339
8984
2217
3168
5908
8221
9494
236
3806
2538
8527
2990
5921
7527
1152
3269
9397
5413
1633
6511
8512
2957
3652
3905
4694
5448
7359
7775
8235
9461
5155
32
1446
5516
1591
3825
5325
8393
4922
7196
7912
2270
2604
3697
9658
2803
1592
4181
4779
7813
9720
498
9239
3890
4901
5320
4411
8973
1669
3651
3678
3750
4697
8070
8815
6375
7192
7730
2681
5409
2802
3118
6146
9750
647
1994
2555
560
4496
6368
5204
4481
7822
1387
7407
7868
9329
7579
2762
7003
8180
9839
1674
1931
5561
7573
17
5235
4970
5936
6852
3155
7016
428
4489
6119
9923
2612
5621
1536
3963
2062
2984
2836
6370
6822
6849
9145
7393
8191
413
2421
2975
6324
1577
3543
4265
4958
3061
3016
7542
2520
624
7225
9486
3885
5838
7098
6898
1119
1540
5289
7044
7346
8924
3148
1102
3267
8167
1503
9058
3988
415
9718
291
5357
9980
5073
4174
8017
9683
3393
6560
9401
8212
9369
394
527
7548
1113
6593
8125
2395
7757
9463
8132
1337
5942
6074
1773
5126
7913
2061
2498
7294
238
1266
7012
7183
8357
9736
7565
8497
657
7902
1601
2638
9240
2001
2141
2698
6256
798
5388
8641
5074
573
3683
2813
2882
605
3755
4715
3428
3942
5818
6608
1615
2025
5254
739
4836
3980
6355
5336
192
3657
1181
6743
5776
6293
7700
7153
8769
2801
5050
8657
3056
1697
6158
7070
8748
2110
6968
1096
9029
9251
3305
6648
7601
1923
6802
1647
3841
4113
7340
690
5294
7789
8960
1331
9065
5890
6096
4315
3295
2959
7645
6195
9809
7492
4515
2675
8186
1280
2176
3099
3204
7653
8267
1112
3553
2515
3739
9095
359
7242
385
715
3572
8653
262
3766
165
3054
8528
9043
6339
8380
3212
6575
8086
9085
5881
6518
8473
6614
7038
6415
667
1911
6489
8587
3338
8322
2050
6989
5081
7324
8758
592
3104
6402
1885
7901
8214
8260
1135
2540
8778
4052
1265
4034
7006
8745
2033
7170
197
78
4304
7353
8909
1675
7207
6216
1639
1249
2999
6057
1385
2153
2578
6245
7470
9103
883
3838
4968
282
5145
6571
8760
7915
2964
3551
6157
3625
7475
4433
854
9198
2597
8059
9396
1889
1206
7602
7929
4793
2799
3644
8882
8424
9381
2900
4900
4886
4920
9083
439
4597
8569
5078
9479
5862
1977
3699
2247
6880
4996
400
3693
381
603
1862
4952
8937
8388
4617
6344
5295
6918
7428
1614
5975
6640
8356
4177
5995
3663
948
3059
3927
4844
4581
3313
5697
5274
3816
4547
8449
9258
499
6677
9567
5546
8983
8826
1961
4176
6778
8413
2691
3478
8912
2789
4512
6911
484
4191
7060
7647
8060
6612
6925
2109
7826
3371
2926
3019
7764
8051
9444
2767
4893
6724
7828
6864
68
4789
6539
6646
9019
6975
7091
3289
7310
5517
3083
2817
6509
8645
4429
4876
1405
965
4188
9256
5046
374
1658
9507
3333
86
4357
8881
1276
6551
8319
3266
3351
494
6847
8109
629
5417
5661
9679
1522
7963
8652
8649
1954
8919
346
3921
6403
3368
2112
8435
9904
9513
4574
6393
2755
8194
2860
912
6003
6669
8382
9707
8205
3650
5604
7087
9310
1887
7164
4041
4772
5407
401
1141
793
5953
173
437
1193
3873
2497
1530
4145
4170
5560
1689
4081
4412
4000
6010
8616
4442
5942
9115
1531
7794
3480
8354
636
2056
2686
9799
9871
98
1770
2554
2415
5925
2608
9137
8580
3538
2037
6739
1622
1663
2086
5573
2377
7646
9947
7819
4193
6745
2103
577
845
2274
9383
2768
3182
2658
5733
5520
7609
8523
3462
4372
7737
2238
7026
4971
8670
1807
5640
9520
879
2666
8719
4083
7827
3117
8098
9176
3164
1502
4488
6135
6385
8211
9557
3154
4150
6688
9241
1068
7733
1557
4978
5678
9501
7289
0
8547
5906
81
9055
7173
7233
5025
572
84
2430
7948
9201
297
3250
3130
4864
8894
2539
5454
863
8630
354
1631
2029
5836
5123
4156
3089
7626
2939
3094
5208
9692
914
6195
653
1749
6808
458
5791
9131
1865
729
964
1924
8612
3746
2259
7122
968
7551
4014
7341
7820
3071
1988
2376
3682
4129
8131
9703
2092
2368
4441
4895
1691
3372
7518
2149
7886
9090
1018
7523
1989
3703
1888
3978
5694
7894
7972
2052
1115
3229
5027
7223
9461
533
2161
7473
2257
3389
156
6664
531
1975
1944
2782
3445
7587
1957
7370
1183
2260
4799
5910
6311
9112
7546
8029
9042
3754
5664
6877
7385
8189
9048
2481
3392
5170
2485
5277
3689
6927
9660
3330
9732
715
5519
7672
8754
4611
6129
2878
164
2102
9906
2358
9594
6242
7854
8496
8864
2994
6292
4331
3788
6418
6431
1518
4232
1678
6556
8406
8646
6891
9495
2516
6589
2785
7412
5236
8009
8676
9902
2660
5243
5859
3906
4882
8071
9549
7057
9678
2871
2674
5736
7605
9600
1341
8075
4513
9267
8679
9606
4671
6058
5348
8650
9482
1326
3391
7414
7097
8899
2160
4683
6922
244
2581
8032
5334
6433
1819
3091
2392
4908
9930
2693
4789
5771
1654
651
5482
9537
4788
6395
8047
9840
8135
8480
2106
6389
3006
8610
2763
650
7224
1428
6545
7067
1282
9665
9236
9527
9460
3041
6192
9044
2766
6243
6691
4804
5284
2573
8956
2746
8391
9330
2855
1454
5905
4612
254
4074
3820
4916
5331
5069
573
9393
3022
4583
6282
4510
3318
3561
5547
6034
8179
5118
5102
2096
5043
1344
4555
697
9985
1054
7098
5268
748
4366
2394
3581
3789
623
805
6848
9259
504
6235
3270
9195
6652
852
5622
7576
5833
4219
9358
2386
937
2800
4812
1568
8225
712
1757
1490
6263
8461
8554
1238
5057
964
430
9493
8201
5886
6978
9370
9470
713
5004
1758
4891
7995
370
7805
4223
9229
8168
1105
8914
858
1406
9569
2327
1413
1666
9746
1047
7478
4582
627
6831
7590
3909
9017
1506
9123
2114
3889
7681
8468
8334
4930
6278
7381
7839
1319
3094
5680
8605
3665
9987
2032
9413
3592
6845
953
1728
2436
8282
3174
6616
8797
6199
3143
4415
3890
5373
5515
500
9170
2965
5747
9411
5773
4543
6223
7667
6413
57
2508
9286
5607
6799
2171
5965
923
7543
3259
5654
7135
8329
4061
5885
1312
9516
8022
1926
1434
661
1607
8828
1749
5291
9386
436
563
7782
7239
2466
6144
2109
8321
1871
7887
2575
3688
7799
3883
90
1859
9590
9671
5759
3494
5237
2010
3589
8857
5001
8083
480
581
5443
8459
9706
5183
1229
4814
2431
3766
7015
7692
448
6315
2347
2805
9558
388
2137
566
8577
9347
6586
9950
1481
2013
4722
4689
8974
6622
6651
9611
6701
132
5653
8226
2074
6451
477
1495
3319
8824
9771
8998
9272
9748
2162
2664
3668
2559
8450
1089
4017
9066
706
5851
1866
303
6730
9093
1017
2683
4297
6643
2428
1610
268
3225
3415
4243
9191
4472
9519
9626
5187
5903
7474
4179
8578
6517
7009
8495
4459
5539
1318
6559
5619
9731
4148
4350
3578
5301
7959
3666
3299
116
5178
6671
9484
5611
8270
7199
922
3060
7624
7634
7855
5918
25
3973
4160
5639
8630
7194
4128
1270
1589
6189
6279
1837
9592
969
2235
4698
9433
1411
6991
3146
5028
5412
7726
2406
8032
8352
9965
2035
904
3192
8348
1600
2653
4733
1429
5988
9349
983
8066
545
4400
5043
7743
3004
8690
2195
3895
3971
4404
1932
3083
4342
4902
3384
5829
5234
2179
1938
6562
312
4495
9005
3796
7047
1256
3030
7478
2307
4506
7388
1147
2288
3655
4781
361
3972
2308
2620
5194
8750
4767
9843
3639
2955
4069
1933
6902
7837
8525
6306
2790
6221
1997
3315
3373
5399
6422
2327
7494
821
3037
1157
2753
4300
3246
1792
7957
4808
7453
2576
2136
6367
7850
9680
5210
7785
7890
1813
8254
5306
6468
7074
9958
4332
6022
4809
899
9370
8767
1976
31
750
6461
4763
1839
5068
9629
27
9396
9620
6025
519
583
4454
8926
1031
459
4995
6420
7522
5861
8532
6534
7918
2124
3885
4502
9261
9716
436
5491
435
3830
6778
6792
1432
6519
4892
1812
4483
6975
697
2499
913
3222
3431
3302
1824
8966
427
9754
9893
1225
1762
4314
3359
5559
6913
773
1725
7745
9096
9727
1272
6390
5076
4528
1930
2470
2936
3622
8455
617
7106
8984
4942
5038
132
3516
5501
4562
6408
2010
2230
6885
8161
9133
1236
5878
1262
4967
8802
842
1073
9501
1537
2554
8722
340
1847
5909
6623
4006
7964
6910
7620
1285
8972
6175
7955
9895
2123
2991
9748
2180
1722
5341
8043
8545
9057
1608
1688
7430
7485
6540
1796
1823
9015
677
4031
9377
3152
4157
5149
2057
8716
8489
2677
469
1234
2963
5359
908
4070
5114
6267
8430
7177
7508
8028
4021
802
3812
3834
1921
3737
4277
7405
4981
9581
478
740
2343
9252
9991
6429
8575
8609
6089
5971
7184
1136
6988
832
5020
3911
8593
263
3594
2956
3526
1299
7074
8192
2844
3029
5018
9390
3410
2898
1587
5948
2949
21
2590
9794
3539
7479
7386
270
1728
2608
3512
4675
6301
3093
3497
7447
1059
215
4263
759
5823
3256
9756
76
9637
2856
8879
4988
7349
9427
2337
6279
6530
8728
1603
1734
3950
6134
1071
2571
4813
425
6997
8746
8944
489
8001
2938
122
5190
7481
4308
7942
5853
8218
9867
4201
8870
7137
3407
2757
9552
3349
5174
5264
8107
7094
9792
1895
8433
8713
8801
1960
5054
4288
5065
7712
7844
158
265
8196
2332
4932
5586
9887
1400
625
1274
5650
3773
6680
7
3402
4441
1097
2970
3626
8049
4192
7920
1699
4884
9444
916
2352
2370
8657
1468
9426
590
1415
6740
2732
7539
8567
8872
6644
552
2192
3854
3842
4153
1677
4114
8462
8483
8931
645
2168
6409
7642
6730
8652
1883
3554
4048
5502
345
2835
8841
62
738
1444
9714
8028
9966
828
2447
7027
8660
6960
1230
8271
9903
424
9104
1455
2009
7967
7069
1394
2472
3889
4532
6202
9713
3818
9418
2107
2440
6127
8033
9948
640
6178
1639
1714
9700
4831
6400
2389
4776
7332
4183
585
3688
4630
2346
4077
6064
2161
178
5416
1139
3017
2879
4
760
3897
7656
2463
7771
7579
3434
6128
1470
7143
7126
7342
8025
5018
7309
9000
978
2116
3687
155
3161
3603
2599
3868
7618
1290
6727
2771
6707
8707
3630
3969
5666
7548
78
825
9639
319
5889
1321
2523
921
7847
6774
7298
2565
4282
6547
5924
5644
6052
8880
3731
4264
4546
1786
3096
3125
2572
5401
884
2115
8536
3832
8232
3667
1965
6088
9141
9758
2478
1408
4139
7002
8601
8637
8689
936
3290
9568
9003
6354
3607
6011
7819
7152
9031
4387
4575
4969
6502
7921
8377
689
4967
5554
420
5287
7820
9473
8522
1958
1950
2728
9273
342
7786
5571
2577
3413
547
8040
7799
4639
1295
3960
4601
6219
6708
7284
8531
9078
4649
2338
7849
2482
6790
8588
8621
1704
5
2359
2477
6162
1542
5169
7439
3281
5991
491
5612
6113
2841
4996
4120
9564
2225
5808
1485
9553
1609
6050
8182
5764
200
2457
6804
8145
8245
9525
5826
7527
1972
7000
4730
7536
9573
5784
9529
4065
8081
8965
9524
209
732
4302
8942
5393
7812
4852
1458
4320
5963
8079
8394
3304
6212
2838
3111
3966
4164
6676
9250
6387
8423
1501
3328
5010
7718
1094
7582
8739
4703
2165
3734
2000
2404
6934
4775
7039
9981
1995
7102
7232
1064
4705
2425
6352
6638
8087
343
2334
3276
8372
4097
8452
8851
3179
8789
2158
4156
7661
6406
6555
2906
2827
1507
7545
3505
5512
7040
8018
3275
990
8835
9872
5504
6655
7767
6369
7514
3900
7256
9635
9881
1793
5352
405
2714
4140
7417
7886
5442
8421
6548
7130
4187
4954
5077
4060
5970
8068
3069
1620
7526
1701
4529
9705
3333
6325
8383
644
1847
9510
9985
5410
9876
2085
7344
9144
752
571
5458
8152
1188
3590
4807
5389
5012
5418
5661
6697
8803
8511
2472
3
1126
1441
777
7469
9462
3018
3883
8550
5772
4879
3458
5534
6659
3483
3839
6821
6830
3637
9340
2557
8218
6833
4561
9841
6939
8943
225
3187
5302
2704
7032
7133
7853
6965
7169
7997
5522
8448
3496
8409
8476
7583
9106
5999
6469
7249
7045
3829
6628
1323
4986
5296
2458
4591
4941
5468
5806
9363
166
1445
1973
7990
8888
5455
3771
2523
8576
575
2341
8453
2530
