501
502
512
532
533
581
460
505
509
548
589
477
492
499
503
507
519
526
541
551
565
478
483
485
486
497
498
518
522
523
524
545
547
571
574
580
586
588
612
624
441
454
463
473
476
490
491
513
515
539
544
549
552
560
563
585
597
599
459
466
468
488
489
494
504
508
520
521
534
555
557
564
569
575
577
582
587
590
593
610
432
457
467
479
480
482
500
537
543
554
559
561
570
576
622
424
452
453
462
484
495
511
516
517
525
540
556
558
562
578
584
602
605
606
613
417
429
430
464
487
493
510
531
536
542
550
573
594
595
626
455
456
458
461
471
472
475
481
506
527
546
566
567
568
598
618
621
639
431
448
465
474
496
528
529
535
592
603
609
617
628
633
641
643
401
426
435
436
437
442
443
450
451
470
579
591
611
616
619
631
650
418
428
438
449
469
514
530
538
583
601
623
627
629
630
632
666
405
407
409
412
427
433
434
445
553
596
608
620
638
670
688
689
691
394
395
408
410
447
604
614
625
634
640
645
647
649
660
669
696
388
400
406
414
416
439
440
444
446
635
642
654
659
662
663
668
672
673
674
692
382
390
398
411
413
572
607
636
637
644
646
686
373
392
415
422
423
425
648
657
661
667
680
690
386
387
403
419
600
675
676
677
681
703
367
380
383
384
397
399
615
651
665
683
695
358
366
372
389
396
402
420
653
655
658
664
671
697
702
704
711
723
729
369
376
385
404
656
679
684
698
714
360
393
652
694
705
707
715
718
726
343
391
421
685
701
709
713
743
332
355
356
359
362
375
377
381
682
341
363
378
678
687
700
706
708
731
327
336
340
344
346
351
364
365
368
370
374
379
693
712
719
733
737
738
277
353
371
716
717
724
754
323
333
352
357
710
721
734
736
740
749
758
308
309
322
331
349
735
741
746
747
320
335
338
345
725
730
742
755
300
316
328
330
339
342
720
722
744
750
768
282
287
306
312
318
326
361
727
739
752
795
294
297
302
319
329
348
699
745
307
310
311
313
315
317
325
347
762
763
281
284
289
290
304
305
732
753
765
231
262
269
321
354
748
751
251
274
285
292
299
314
337
728
766
771
775
783
254
271
288
295
324
350
257
261
264
270
291
296
303
334
757
760
777
275
278
279
280
301
756
759
774
778
212
243
253
259
260
266
267
772
773
785
790
803
233
240
242
247
249
273
276
764
779
797
239
255
283
286
293
182
219
248
256
265
272
781
225
228
229
244
263
268
761
767
770
789
791
794
191
237
252
258
796
804
195
199
202
209
216
220
223
232
241
245
298
776
782
214
238
222
235
793
798
221
234
769
780
787
799
211
217
246
786
809
163
198
206
207
224
226
792
176
213
215
800
813
173
197
236
784
801
805
806
203
204
205
218
230
788
802
178
190
192
193
201
210
167
179
208
250
162
186
807
183
184
227
168
189
156
165
175
188
171
194
811
151
160
174
177
826
200
817
181
808
814
164
196
180
828
141
812
157
161
170
185
810
815
820
824
143
152
155
818
169
827
835
146
187
838
829
150
816
819
172
825
834
836
822
145
158
159
821
149
153
832
833
830
154
851
166
823
837
847
148
140
842
144
137
852
147
841
845
843
848
853
849
132
846
139
831
856
862
130
840
136
866
867
844
142
858
855
131
860
120
134
864
138
865
133
839
854
859
129
869
872
127
877
861
135
876
850
863
128
870
857
126
115
874
123
868
875
112
119
878
879
888
113
880
124
871
110
873
106
118
122
432
277
332
401
460
343
373
417
424
382
392
394
441
323
358
372
405
407
486
366
395
430
454
502
512
327
336
359
388
400
408
418
426
466
505
282
309
360
410
412
429
452
476
503
509
519
526
532
581
589
312
341
364
380
384
398
409
416
435
448
453
457
462
467
492
497
612
624
290
304
344
351
356
367
369
376
377
386
411
414
459
463
477
490
499
501
523
533
539
545
893
251
262
269
300
326
333
340
342
387
389
390
399
428
431
461
468
473
541
551
597
212
231
281
287
338
346
353
355
383
397
415
419
427
455
464
483
485
488
507
518
574
588
688
881
294
308
319
331
362
363
365
396
402
403
404
436
443
451
478
489
498
537
544
565
571
587
593
599
610
254
285
289
299
318
322
330
335
368
406
439
442
458
480
482
487
491
508
525
547
580
622
666
885
102
116
253
273
284
297
310
316
329
339
357
370
393
433
437
438
445
449
450
475
479
484
504
559
563
577
582
584
585
586
606
621
691
696
264
288
302
306
311
320
385
413
456
465
515
522
524
536
549
555
569
578
680
86
248
261
274
291
292
349
375
378
381
391
434
494
520
552
554
562
575
605
628
672
689
105
163
167
182
249
257
278
307
314
317
328
348
420
422
423
446
481
513
517
527
534
540
561
564
568
576
590
602
613
626
643
650
673
686
692
795
883
889
896
93
107
108
219
229
275
295
305
315
325
345
352
444
470
493
500
511
521
543
548
560
570
623
629
639
660
670
690
723
743
758
768
162
191
192
233
255
260
271
279
303
371
374
495
516
531
542
550
557
595
603
619
631
633
674
677
704
726
729
894
900
911
98
199
202
220
239
240
267
280
313
361
379
425
469
471
510
546
558
567
627
630
641
662
669
711
789
886
887
920
99
100
111
176
247
268
276
474
601
608
617
620
642
668
703
890
97
117
125
195
209
244
259
266
270
301
324
440
472
506
528
573
594
616
618
638
640
667
675
714
718
783
895
902
221
243
321
347
350
447
556
598
646
647
659
661
663
676
683
697
750
754
778
796
803
804
809
882
906
96
173
228
232
241
256
272
286
604
611
654
657
665
707
738
749
755
762
826
891
897
905
104
197
203
207
225
238
242
258
334
354
514
579
592
614
632
634
636
645
698
701
702
709
715
724
731
736
763
777
791
836
884
83
121
183
214
216
223
234
245
535
596
609
637
644
684
695
713
740
765
785
790
794
835
914
114
151
160
164
186
190
201
211
263
265
283
496
529
530
583
635
648
681
705
733
742
771
775
781
797
76
91
94
109
139
235
237
296
421
566
591
625
651
730
734
747
766
799
806
813
89
156
174
179
198
213
226
649
655
664
685
694
706
717
741
746
752
798
805
817
825
828
838
847
901
907
141
171
181
193
204
208
217
252
337
553
607
671
712
725
727
737
739
774
779
816
823
849
852
898
908
912
95
165
178
210
224
230
538
572
656
679
682
700
716
719
735
767
793
800
814
829
834
862
877
146
155
168
189
205
206
246
600
708
710
721
732
744
751
782
807
811
819
824
853
101
150
215
222
298
693
720
802
808
843
892
910
916
92
161
293
653
678
760
773
787
810
820
865
903
904
88
103
143
145
745
764
772
786
788
801
833
851
899
917
924
148
175
184
218
236
615
652
658
687
748
756
792
815
818
848
856
931
90
188
846
909
919
177
194
757
770
827
837
845
867
80
84
157
172
759
822
840
842
857
859
872
927
932
75
78
85
137
152
170
753
830
832
866
74
82
120
166
169
227
250
722
761
776
864
878
930
72
132
149
158
728
769
869
915
57
81
123
144
844
858
876
60
70
87
130
134
136
180
784
821
831
841
860
870
913
918
126
133
138
861
923
937
52
131
699
928
119
780
863
888
921
129
185
926
68
73
127
140
147
154
871
929
135
142
196
925
63
855
59
71
200
939
66
112
159
812
854
875
128
868
879
880
64
79
113
115
67
69
118
153
933
58
124
187
77
874
922
110
850
935
48
55
873
938
936
940
53
949
106
122
49
54
839
65
934
56
61
51
953
62
948
958
50
945
44
952
941
45
47
942
946
943
46
41
944
28
37
954
950
43
959
33
36
42
38
962
34
39
947
24
951
955
957
967
970
978
10
964
20
35
968
956
26
18
25
971
40
31
972
32
16
373
401
432
332
343
382
394
417
424
963
975
976
22
372
392
405
407
441
460
969
13
395
323
336
358
380
408
410
412
426
430
277
360
400
429
466
486
1
359
366
367
387
388
398
409
416
418
435
453
327
341
351
356
376
384
389
411
414
431
452
454
505
512
966
309
340
355
362
369
386
390
399
403
427
457
461
462
463
476
492
502
312
333
344
353
363
364
377
383
397
419
428
459
477
509
304
338
342
365
396
402
415
439
448
467
468
490
497
499
501
503
519
526
532
282
300
308
331
335
346
357
368
393
404
433
437
442
443
455
464
473
485
533
539
318
319
326
330
339
370
385
406
434
436
438
445
449
451
458
480
483
488
523
290
316
322
381
413
479
487
489
491
498
507
518
541
545
551
581
281
328
329
375
420
422
450
456
475
478
537
19
287
294
310
311
349
378
391
465
482
484
494
504
524
544
565
571
574
589
612
30
262
284
289
297
317
320
325
352
361
371
374
446
470
508
515
520
522
525
547
588
960
302
314
345
379
423
444
471
549
555
580
587
593
597
624
251
273
285
299
306
315
348
425
469
481
493
500
513
517
521
534
536
559
563
577
610
269
288
292
313
440
495
543
554
562
575
578
584
585
599
278
291
305
307
347
472
511
516
527
531
540
548
552
560
561
564
569
586
606
275
295
324
447
510
542
557
576
590
605
622
264
274
350
474
550
568
570
582
602
253
276
279
303
506
546
621
965
974
254
261
271
280
321
354
528
556
567
595
613
628
267
301
558
603
619
626
643
666
688
334
421
496
514
535
573
608
623
629
639
249
257
270
337
529
601
631
641
248
266
530
579
592
617
627
630
633
650
660
680
691
12
255
268
296
566
594
598
611
618
620
670
689
696
231
260
283
286
596
616
642
673
692
256
272
538
553
604
609
640
646
669
672
259
583
591
614
632
638
662
667
668
674
677
686
233
263
634
636
647
654
663
690
17
212
240
298
572
635
637
659
661
977
247
258
625
645
648
665
676
703
229
243
244
600
644
675
704
989
265
293
657
683
726
238
239
241
607
684
723
729
219
649
651
664
695
697
711
232
242
655
656
681
714
252
671
701
707
718
223
245
653
685
698
713
679
682
705
715
724
202
235
246
615
694
702
738
743
980
182
220
21
29
209
216
652
709
731
758
221
237
658
687
736
986
199
211
228
678
693
712
750
973
5
225
226
230
234
706
717
719
733
749
755
768
9
192
207
700
716
721
725
734
737
740
742
754
987
14
191
730
735
195
217
236
747
197
710
720
795
163
201
214
708
739
741
762
783
4
203
213
222
732
746
752
250
727
744
763
765
985
215
162
224
745
167
210
766
789
176
204
722
771
775
183
186
193
218
728
748
760
777
803
173
178
751
753
756
778
198
206
781
785
979
189
190
767
773
790
11
205
699
757
779
796
15
774
791
794
160
164
171
174
179
194
208
764
168
181
227
797
982
759
772
798
27
184
188
770
782
799
804
961
23
151
761
809
800
155
156
175
806
165
776
787
813
826
786
793
805
161
769
792
801
802
788
992
2
141
170
180
784
828
143
807
817
808
146
825
6
8
139
150
988
169
780
835
836
157
811
0
814
815
816
824
172
177
810
819
145
152
823
829
158
820
818
838
849
852
995
148
983
834
843
3
185
827
847
853
981
144
137
196
200
822
833
848
851
86
149
821
832
862
865
830
842
984
132
166
845
846
856
877
102
130
840
993
837
116
129
147
187
893
991
997
120
866
881
812
867
872
105
126
131
133
841
869
123
859
831
994
107
134
136
864
888
999
98
127
844
858
154
860
876
885
911
93
138
159
889
902
878
100
111
153
870
886
896
142
883
855
97
117
857
863
990
140
83
135
900
998
99
119
882
887
112
861
920
996
7
115
128
890
91
95
104
108
121
894
854
895
875
906
96
125
868
114
879
891
897
871
884
89
873
874
905
912
101
110
901
118
914
109
113
850
94
880
124
892
898
92
907
106
122
103
839
76
904
908
90
903
916
909
930
60
82
81
88
84
931
910
85
915
924
932
899
923
937
75
57
78
919
927
74
70
80
913
917
926
72
918
939
921
928
373
401
432
405
424
395
407
417
441
372
382
412
392
394
408
429
343
426
380
430
460
87
387
410
332
400
403
416
358
367
398
409
418
431
435
453
466
389
414
427
360
376
390
411
419
463
336
341
351
383
384
386
388
396
437
452
457
459
461
486
355
362
363
397
399
428
462
63
323
356
365
393
402
415
433
434
439
340
359
369
377
404
413
438
476
366
385
406
436
442
443
454
477
492
505
936
353
368
445
464
468
473
512
327
344
357
381
420
449
451
455
467
277
364
374
422
479
342
346
370
375
448
458
480
485
490
502
333
491
499
509
532
309
335
361
371
378
425
450
456
489
497
498
501
312
331
338
339
379
391
470
471
483
503
519
526
446
465
475
488
494
330
444
478
487
507
523
533
52
308
328
423
469
300
316
440
504
318
484
524
539
322
349
352
518
537
319
329
482
520
541
304
325
447
472
515
326
345
493
282
317
347
495
500
522
421
481
508
521
551
565
311
348
544
545
517
547
320
474
513
543
525
548
581
297
310
315
534
549
571
574
281
506
510
511
516
555
284
314
531
563
290
313
536
540
554
306
324
354
527
542
552
557
580
588
289
302
496
294
550
559
593
287
337
560
561
564
575
577
292
321
589
350
584
262
305
535
556
562
585
288
299
514
528
529
569
576
578
587
275
546
610
273
278
285
334
590
599
612
307
295
570
597
624
606
530
566
586
567
602
291
558
568
573
301
538
276
582
595
605
251
280
296
553
579
264
261
267
269
274
279
592
613
303
271
603
622
628
270
601
619
596
626
643
594
608
617
621
253
591
283
583
639
641
598
611
618
266
609
630
572
616
623
268
620
629
256
627
298
631
633
614
666
255
254
286
249
604
272
293
600
660
632
635
688
625
637
646
634
663
650
636
642
248
647
670
257
638
640
689
648
680
263
667
607
659
654
662
673
674
692
696
260
691
669
677
668
645
661
644
657
672
259
665
676
686
649
655
653
703
656
247
684
258
664
690
651
683
675
615
681
695
685
704
233
59
671
729
231
240
682
241
726
277
432
612
460
624
688
332
401
417
581
589
343
373
424
441
691
696
323
358
394
486
512
597
666
743
212
282
327
366
382
502
505
532
622
680
689
795
231
251
309
336
372
392
405
430
519
526
533
551
758
262
269
359
407
454
466
492
501
509
545
574
587
599
610
723
768
287
290
360
388
395
408
418
426
476
477
497
503
523
539
541
588
593
621
650
672
686
692
729
304
312
400
412
429
452
490
499
518
571
580
585
586
670
673
677
690
711
726
754
281
294
300
341
364
380
409
410
453
457
459
462
463
467
544
563
565
577
582
606
626
628
643
660
674
703
704
714
718
789
182
219
253
254
308
326
340
344
351
356
369
376
384
386
398
416
473
483
485
488
507
559
584
605
613
629
631
639
763
803
804
191
257
289
333
390
414
435
448
498
525
537
547
549
569
578
623
662
669
709
778
783
264
285
297
299
319
322
338
342
346
353
355
367
387
399
411
428
455
461
464
468
478
480
491
508
554
555
575
590
602
633
641
668
738
750
762
777
163
233
248
261
274
284
316
318
320
331
362
377
383
389
427
431
489
515
524
536
552
562
576
619
630
675
707
724
731
736
749
775
796
220
249
273
292
302
310
330
335
339
363
419
443
482
487
504
522
561
564
568
570
603
627
640
642
657
659
667
676
683
697
698
715
785
791
797
202
229
239
306
329
365
397
403
404
415
436
439
451
458
475
479
484
513
534
548
560
595
620
638
654
661
701
702
730
742
755
766
771
790
806
809
195
199
244
260
275
278
288
291
307
311
357
368
396
402
406
433
437
442
449
450
494
520
540
608
616
617
618
646
647
663
665
705
713
740
747
765
781
794
162
176
209
225
228
240
255
279
295
305
317
393
438
445
456
465
511
517
521
527
543
557
558
567
601
632
684
695
733
734
737
741
746
752
799
826
167
221
242
243
247
271
314
315
328
349
370
385
481
493
500
516
531
542
546
550
594
598
634
636
645
681
706
717
779
805
192
203
259
267
268
280
303
325
348
375
378
381
413
434
470
495
573
611
712
716
727
735
744
774
798
813
223
234
266
345
352
420
422
604
637
644
648
694
725
772
782
173
207
214
216
232
256
270
276
313
391
423
446
556
592
609
614
649
664
700
708
739
760
767
801
807
817
226
238
245
371
444
471
510
528
579
625
651
655
671
710
719
721
751
828
190
197
201
211
213
241
265
272
301
374
379
469
472
506
596
635
685
732
764
786
793
835
836
193
198
237
258
324
361
425
474
679
682
720
787
788
800
802
151
186
206
208
217
235
286
321
583
591
656
693
745
773
811
814
160
179
210
347
440
447
535
566
678
748
183
204
222
224
263
283
350
514
530
756
770
810
816
819
838
178
296
529
607
653
753
757
776
808
823
824
825
156
164
181
205
215
246
252
496
553
687
759
820
829
174
230
334
354
572
600
658
761
792
815
818
184
218
722
769
834
847
165
171
175
189
236
652
827
853
168
538
728
852
862
146
155
194
337
421
615
784
843
141
188
851
161
227
298
780
849
848
822
833
177
250
293
830
832
150
172
699
840
846
877
143
152
157
837
856
139
170
821
842
145
831
845
865
857
867
148
158
180
872
169
812
844
866
137
864
841
858
860
149
166
185
196
200
859
869
870
144
154
861
132
147
130
136
120
159
876
133
863
878
131
142
854
129
187
855
893
134
140
138
871
888
126
850
119
153
875
881
135
123
874
879
127
873
880
868
883
839
885
116
112
124
102
128
896
113
115
118
889
122
93
887
86
890
886
110
105
911
894
895
107
882
900
108
100
117
98
902
111
106
884
891
906
97
905
99
897
121
114
96
104
901
920
898
125
914
95
89
94
91
109
83
892
103
101
908
912
907
90
373
401
432
343
417
424
332
372
382
392
394
395
405
407
441
408
412
460
336
358
380
426
429
430
323
360
400
410
466
359
367
387
398
409
416
418
453
486
277
327
340
341
351
356
366
376
384
388
414
435
452
505
355
362
363
369
386
389
390
403
411
427
431
454
457
461
462
463
476
477
492
512
309
344
353
364
365
377
383
399
419
459
502
312
333
396
402
415
428
437
467
473
509
338
342
346
357
368
393
397
404
406
433
439
442
443
464
468
485
490
497
499
501
503
519
526
532
533
300
304
308
331
335
339
370
385
413
434
436
438
445
448
449
455
479
480
483
491
316
318
330
375
381
451
458
488
489
498
507
523
539
282
319
322
326
329
420
422
450
456
475
478
487
504
518
541
551
328
349
374
378
391
465
470
494
537
545
317
325
352
361
371
379
425
482
484
524
544
565
581
290
294
310
311
320
345
423
444
446
471
508
515
520
522
547
571
574
916
281
284
287
297
314
315
348
469
493
495
500
525
289
302
472
481
513
517
521
534
549
555
563
588
589
76
299
306
347
440
516
536
543
548
554
559
580
593
612
262
292
305
313
324
447
511
531
540
577
587
285
307
474
510
527
552
557
560
561
562
575
578
584
585
597
599
610
273
275
278
288
295
354
421
506
542
564
569
576
624
291
321
350
550
586
590
251
269
546
570
606
274
276
303
337
496
514
528
535
556
568
602
605
264
271
279
280
301
334
529
558
567
582
573
595
622
261
267
530
613
253
270
296
566
579
603
621
628
538
601
619
626
254
553
592
594
608
92
266
286
598
617
623
639
643
257
268
283
596
618
629
630
641
249
255
272
583
591
611
616
631
256
620
627
633
248
260
298
572
604
609
666
263
614
650
688
259
293
660
632
640
642
646
625
634
637
638
231
258
600
635
636
647
670
680
689
607
667
673
691
265
648
654
663
668
233
247
644
659
662
669
672
674
692
696
240
645
661
686
244
677
88
243
649
241
657
665
676
690
212
252
615
651
664
675
703
238
653
655
656
684
229
683
239
246
704
232
242
671
681
695
245
223
685
697
219
729
711
235
652
682
658
679
698
701
707
723
726
705
714
237
715
718
702
713
220
687
694
226
230
678
216
228
693
202
236
724
738
211
221
209
712
225
234
709
719
731
743
199
250
706
721
725
736
700
716
733
217
717
182
730
737
708
734
735
749
755
207
214
222
740
750
195
710
720
758
201
213
215
742
192
191
747
197
754
739
224
727
210
722
732
741
752
203
768
218
746
762
744
745
753
699
765
204
904
163
728
763
783
186
748
206
84
193
205
189
795
183
756
176
760
75
162
167
190
198
766
227
771
751
178
757
775
85
173
194
777
87
208
174
789
773
764
179
774
778
781
785
767
74
168
779
803
171
759
790
181
184
188
82
770
772
796
761
794
78
164
72
70
160
782
791
175
797
57
60
80
81
798
799
776
165
903
804
800
155
156
151
769
180
787
786
792
809
63
793
813
68
52
71
170
784
141
788
73
161
802
59
801
77
806
143
150
67
826
805
55
66
909
58
780
69
79
817
48
53
169
807
64
146
808
157
65
899
49
172
825
56
51
62
148
828
158
910
824
54
139
835
836
927
814
818
152
50
61
145
931
46
815
45
917
811
810
918
44
47
838
819
147
820
915
41
829
42
827
932
930
24
919
38
821
43
36
129
939
25
913
926
921
795
277
688
696
743
758
768
789
212
231
332
612
624
691
251
432
689
804
282
401
460
581
666
680
723
729
803
269
309
323
327
343
358
373
417
589
726
754
763
778
783
796
262
287
366
424
441
597
622
672
686
692
711
826
182
290
336
359
382
392
394
486
512
670
673
677
690
703
704
714
718
762
777
806
809
163
191
219
253
254
372
405
502
505
532
610
650
750
775
785
790
791
797
257
281
294
300
304
312
360
388
395
407
430
454
519
533
545
551
574
587
599
621
660
674
709
738
749
794
799
233
264
289
340
341
364
400
408
418
466
497
501
503
509
526
539
588
593
626
628
643
662
668
669
731
736
765
781
805
813
202
220
248
285
299
308
326
344
356
380
410
412
426
429
452
476
477
492
499
523
541
571
577
580
585
586
605
606
631
639
675
715
724
755
766
771
817
835
836
176
229
249
261
274
284
297
319
322
333
338
351
369
384
386
398
409
453
457
459
462
463
490
518
563
565
582
613
623
629
633
641
676
683
697
707
730
740
742
747
779
798
807
816
823
828
167
195
199
239
240
260
273
292
302
316
318
320
342
346
355
367
376
390
416
435
467
473
483
488
507
544
547
559
584
630
657
667
698
701
702
713
733
774
847
162
192
209
225
244
255
306
310
330
331
335
353
377
387
411
414
448
464
485
525
549
569
578
590
602
619
627
640
654
659
661
663
665
695
705
734
737
741
746
752
782
793
801
834
838
853
862
228
242
243
247
275
278
288
291
307
339
362
363
383
389
399
428
431
455
461
468
478
498
508
537
554
555
562
575
576
603
638
642
646
647
681
684
717
767
772
800
802
814
825
203
221
259
271
279
295
305
311
329
357
397
404
427
443
480
482
489
491
515
536
552
570
617
620
706
716
727
735
739
744
751
760
787
810
824
849
852
173
214
223
266
267
268
280
303
314
317
349
365
368
396
402
403
415
419
436
451
458
487
504
522
524
560
561
564
568
595
616
618
632
712
725
764
786
788
811
819
190
207
216
232
234
241
256
270
315
325
328
406
439
449
450
475
479
484
513
534
540
548
558
608
634
636
644
645
694
708
773
808
829
843
851
877
197
198
201
226
238
245
276
345
348
370
375
378
385
393
433
437
442
445
456
465
494
511
520
521
527
543
567
594
598
601
648
649
664
700
710
719
721
732
818
820
848
186
193
211
213
258
272
313
352
381
413
438
493
500
516
517
542
546
557
611
637
651
655
671
682
685
720
815
830
846
151
160
183
206
208
265
301
391
422
434
470
481
531
550
573
604
614
745
748
770
822
833
840
865
179
204
210
217
235
237
420
423
495
556
592
609
625
635
679
693
756
776
792
827
832
856
156
164
178
222
224
286
321
324
371
374
379
446
579
596
656
757
759
837
842
857
165
174
205
263
444
471
510
528
678
753
831
845
867
872
171
181
246
252
283
347
361
425
469
472
474
506
583
591
653
761
769
175
184
189
215
230
296
350
687
844
146
168
177
218
440
447
566
607
658
858
860
864
866
155
236
334
514
530
535
722
784
859
141
354
529
600
652
728
780
841
161
188
194
496
553
572
870
227
812
861
869
150
337
615
893
143
293
298
421
538
878
137
166
172
821
863
876
139
157
152
170
185
200
250
699
871
145
149
196
148
154
854
855
144
158
180
881
888
132
169
875
136
133
159
850
120
130
131
142
874
134
140
879
873
885
138
868
880
883
126
187
119
147
153
135
896
123
839
889
127
129
887
116
886
890
911
112
124
102
894
895
128
900
113
118
93
115
122
902
882
906
86
110
884
905
108
105
897
891
107
117
98
111
100
920
106
901
97
99
914
898
125
121
96
104
114
892
907
89
912
908
94
109
916
924
95
83
91
904
101
903
103
76
909
928
90
92
899
88
910
923
917
937
919
927
931
75
84
915
85
74
332
343
373
401
277
432
323
336
358
372
382
394
417
392
395
405
424
327
380
407
408
412
441
460
929
309
340
341
359
360
426
429
430
932
304
312
351
356
366
367
387
400
410
466
486
282
300
333
344
355
362
363
376
389
398
409
416
418
453
505
512
308
316
318
338
353
364
384
386
388
390
403
414
435
492
502
532
319
330
335
339
342
346
357
365
369
377
383
411
427
431
452
454
457
459
461
462
463
476
477
519
526
281
287
290
322
326
331
368
396
397
399
402
419
428
468
473
497
499
501
509
533
581
262
284
289
294
297
328
329
370
385
393
404
415
437
439
464
467
485
490
503
523
539
541
545
551
612
302
310
311
317
320
325
349
375
381
406
433
434
436
438
442
443
448
455
480
483
491
498
518
571
574
624
78
251
292
299
306
314
315
352
413
445
449
451
458
479
487
488
489
504
507
537
544
547
565
580
589
87
269
273
278
285
288
305
361
371
374
378
420
422
456
475
478
494
515
522
524
563
577
587
588
593
597
599
610
70
274
275
295
307
313
345
348
379
391
450
465
470
484
508
520
549
554
555
585
264
291
324
347
423
425
471
482
521
525
534
536
559
575
578
584
590
605
606
622
261
271
276
279
444
446
469
493
495
500
513
516
517
543
548
552
560
561
562
564
569
576
586
602
688
253
254
267
280
303
321
472
481
511
527
531
540
542
557
621
626
628
666
301
350
440
510
550
568
570
582
613
619
639
643
80
257
270
354
447
546
556
595
603
623
631
641
689
249
266
268
296
334
474
506
558
567
629
630
633
660
670
680
691
696
57
248
255
283
337
421
528
573
601
608
617
618
627
650
692
231
256
260
272
286
496
514
535
566
579
592
620
642
646
662
669
672
673
674
81
259
263
529
530
594
596
598
611
616
640
647
667
668
677
686
609
614
632
634
637
638
654
663
690
703
925
233
553
591
604
636
659
661
676
212
240
243
247
258
298
538
583
625
635
648
665
675
72
244
265
293
572
644
645
657
683
684
704
726
229
655
695
729
238
241
600
649
651
664
681
697
711
723
60
239
252
607
656
714
219
223
232
242
653
671
701
707
718
82
245
679
685
698
705
713
715
738
246
682
702
724
743
615
694
731
930
235
652
658
709
202
220
687
693
712
719
736
758
237
678
733
737
749
750
755
209
216
228
706
716
717
721
725
734
740
182
211
226
230
700
730
735
742
754
768
199
221
225
708
747
236
710
739
234
720
727
741
762
207
217
732
752
783
795
191
192
195
201
214
222
744
746
213
250
745
763
765
197
722
215
224
753
766
203
728
760
771
775
163
210
748
751
756
777
218
778
789
699
757
785
803
204
206
781
773
774
779
790
162
167
186
189
193
205
764
767
796
918
52
63
176
183
198
759
794
173
178
190
772
791
227
933
770
797
208
761
782
174
194
798
799
804
68
168
179
59
171
776
184
793
800
809
181
188
787
769
786
806
813
164
792
73
160
165
175
788
801
802
805
71
784
826
151
155
156
807
780
77
817
67
180
170
808
66
161
79
141
825
922
150
828
200
811
58
196
814
835
836
55
143
64
824
169
810
69
815
157
177
185
818
819
838
146
820
53
152
172
816
913
48
926
935
936
829
148
834
187
822
158
823
827
139
145
821
833
812
65
832
843
852
49
149
847
830
851
921
166
837
853
159
938
846
848
849
939
845
144
842
949
51
62
56
137
147
862
856
54
130
132
61
865
940
841
934
867
50
153
840
866
831
120
138
140
945
129
131
45
46
134
136
127
942
953
877
948
958
47
154
864
872
44
126
859
142
869
128
858
133
844
860
952
123
876
941
878
888
41
115
943
37
855
863
135
857
870
110
112
854
946
28
944
33
86
34
119
42
39
861
36
880
950
26
38
959
106
874
954
957
43
118
24
875
10
962
102
20
35
964
947
893
967
31
873
881
18
25
13
22
113
971
32
879
1
970
871
116
978
122
19
966
972
16
889
975
40
956
951
850
868
955
963
968
977
960
839
986
886
902
969
911
965
30
93
974
12
989
105
17
980
432
401
405
424
98
373
441
407
395
417
429
412
430
394
426
460
382
392
408
976
387
403
410
416
435
453
372
414
427
431
409
466
400
418
982
95
380
398
437
457
459
461
463
389
411
452
367
419
442
396
415
428
433
434
438
462
486
383
390
413
439
443
343
386
399
436
454
9
376
393
449
464
476
402
406
451
468
492
987
388
397
404
445
455
477
358
420
422
425
467
473
505
883
384
385
458
479
29
365
377
456
470
480
512
360
362
363
374
450
485
491
369
446
448
489
490
498
332
381
423
471
351
366
444
465
355
378
475
494
499
502
341
356
368
440
469
501
503
979
478
487
896
361
371
379
483
488
497
519
532
359
370
472
507
509
353
447
357
364
375
391
526
340
504
124
336
484
482
973
523
524
533
421
495
520
474
518
481
539
344
346
493
500
537
323
515
541
335
517
508
510
342
521
327
331
333
522
339
543
21
352
496
544
513
506
511
338
328
565
349
548
551
534
525
545
547
516
345
330
531
549
527
550
555
514
542
536
347
540
571
961
535
316
277
552
308
528
574
318
563
312
564
309
554
557
529
581
546
300
985
322
580
588
556
538
561
317
277
688
795
231
696
743
212
612
624
691
758
251
332
689
768
282
432
666
680
789
262
269
343
401
723
729
287
323
373
417
460
589
622
686
692
726
754
803
804
182
191
219
253
290
327
358
366
424
581
597
672
711
718
763
778
783
254
309
336
382
392
394
441
670
673
677
690
703
704
714
163
257
281
294
304
359
372
486
512
621
650
660
674
709
750
762
775
777
796
233
248
264
289
388
405
430
502
505
532
587
599
610
738
749
785
790
791
797
806
809
202
220
229
249
261
285
299
300
312
326
360
395
407
408
454
519
551
626
628
639
643
662
668
669
724
731
736
794
826
176
195
199
239
274
284
297
319
341
344
364
400
418
426
466
509
526
533
545
574
585
586
593
605
606
623
629
631
675
697
707
715
755
765
766
771
781
799
167
240
244
260
273
292
308
320
340
356
369
380
410
412
429
452
476
492
497
501
503
523
539
541
577
582
588
613
633
641
676
683
698
730
740
742
805
813
162
192
209
225
228
243
247
255
302
306
310
333
351
376
384
386
398
409
416
453
462
463
477
499
571
580
630
640
657
659
667
701
702
713
733
734
741
747
752
779
798
203
221
242
275
278
291
322
338
342
346
355
390
435
457
459
467
490
518
559
563
569
578
584
602
619
627
638
642
654
661
663
665
681
684
695
705
717
737
746
774
782
807
817
835
836
223
271
279
288
295
305
307
316
318
331
335
353
367
387
411
414
473
483
488
544
565
590
603
646
647
735
772
801
828
173
214
216
226
234
259
266
267
268
280
311
329
330
339
362
363
377
399
428
448
464
478
485
507
537
547
562
575
576
620
632
706
712
716
727
744
767
793
190
198
201
207
232
238
241
245
256
270
303
314
383
389
427
431
455
461
468
489
491
498
508
525
549
568
570
616
617
618
634
636
708
725
739
751
760
787
800
802
838
197
211
213
276
315
357
365
397
403
404
419
515
554
555
560
595
608
645
648
694
700
721
732
764
788
814
825
151
186
193
206
208
258
272
325
348
368
396
402
415
436
443
451
458
480
482
487
504
522
524
536
552
564
598
601
637
644
649
651
655
664
671
710
719
773
786
810
811
824
160
179
183
217
235
237
265
313
349
370
406
439
442
475
479
484
558
561
567
594
611
682
685
720
745
816
819
823
210
224
301
317
328
393
433
437
445
449
450
456
494
513
520
534
540
548
614
748
808
818
820
829
834
847
156
178
204
222
345
375
378
381
385
438
465
511
543
573
604
609
625
635
656
679
693
756
770
815
164
181
205
263
286
324
352
413
434
500
517
521
527
557
678
753
757
759
776
827
853
862
171
174
215
246
321
391
420
422
470
481
493
495
516
531
542
546
550
579
592
596
792
852
165
168
175
184
189
230
252
283
423
653
761
849
218
350
371
374
379
446
591
687
769
843
851
146
155
194
236
296
425
444
471
510
528
556
583
607
658
822
141
334
347
361
469
472
566
722
784
833
846
848
877
161
177
188
474
506
600
728
830
832
227
652
780
856
865
354
440
447
530
840
842
143
150
157
172
514
553
572
837
152
535
615
831
845
857
867
139
250
293
298
337
496
872
145
170
529
699
821
844
866
180
841
858
859
860
864
148
158
166
421
137
169
812
149
196
538
870
185
200
869
144
861
878
863
876
893
132
136
154
120
147
130
133
159
871
854
855
131
134
142
881
888
187
129
140
875
138
126
885
119
153
850
123
874
135
879
127
880
868
873
883
889
116
887
890
102
112
894
896
895
128
839
886
113
124
900
108
115
118
911
906
93
107
882
110
111
122
884
86
117
905
891
897
902
99
100
105
97
125
106
901
920
98
914
104
96
121
114
898
89
94
892
109
907
912
916
908
83
91
904
101
76
903
92
103
909
90
95
899
88
910
919
917
927
924
931
75
84
915
85
74
932
343
373
401
332
432
372
382
394
277
323
336
358
392
395
405
417
424
380
407
412
441
78
327
359
360
408
429
460
70
309
340
341
351
366
367
387
400
410
426
430
312
333
344
355
356
362
376
398
409
416
418
466
282
304
353
363
384
386
388
389
414
453
486
300
308
335
338
342
346
364
365
369
377
383
390
403
411
435
316
318
330
331
339
357
368
399
402
419
427
431
452
457
461
462
463
505
512
319
322
326
393
396
397
404
415
428
454
459
476
477
492
502
281
284
287
290
294
297
328
329
370
381
385
406
433
437
439
467
468
532
262
289
310
311
320
349
375
413
434
436
438
442
443
448
455
464
473
485
490
497
499
501
503
509
519
526
533
299
302
314
317
325
352
361
374
378
420
445
449
451
480
483
523
539
251
292
306
315
345
371
391
422
450
458
479
488
489
491
498
518
541
551
80
87
273
275
278
285
288
295
305
313
348
379
456
475
478
487
504
507
545
581
269
274
291
307
324
347
425
465
470
484
494
524
537
544
565
574
612
57
264
423
444
446
471
482
515
520
522
547
571
261
271
276
279
469
508
563
580
588
589
624
253
267
280
301
303
321
350
440
481
493
495
500
513
521
525
534
536
549
554
555
577
587
593
597
610
254
354
472
516
517
543
548
559
584
585
599
257
270
334
447
511
531
540
552
560
561
562
564
569
575
576
578
586
590
606
622
249
266
268
421
474
510
527
542
557
602
605
72
248
255
283
296
337
506
550
570
930
256
272
286
546
568
582
613
621
626
628
666
231
260
263
528
556
558
567
595
619
623
639
643
688
60
259
496
514
535
603
629
641
81
82
573
579
601
608
617
630
631
633
660
233
240
298
529
566
592
598
618
627
650
670
680
689
691
212
243
244
247
258
293
530
594
596
611
616
620
646
696
265
640
642
662
672
673
692
229
538
553
591
609
614
632
634
638
647
667
668
669
674
677
686
238
241
583
604
637
654
659
663
690
239
252
572
625
635
636
648
661
676
703
219
223
232
242
645
665
675
246
644
657
683
684
245
600
651
655
695
704
729
607
649
664
697
726
235
656
681
711
714
723
202
220
653
671
701
707
718
237
615
679
685
698
713
216
226
230
682
705
715
738
209
211
228
694
702
724
182
199
221
225
236
652
658
731
743
234
687
693
709
712
678
719
736
217
733
737
750
758
195
201
207
214
222
250
706
716
717
721
725
734
749
755
191
192
700
730
735
740
742
197
708
710
754
768
213
215
747
224
720
739
727
741
203
210
732
752
762
783
163
218
744
746
795
722
745
763
765
204
206
753
52
186
193
205
162
167
189
198
728
748
766
68
176
178
183
190
751
756
760
771
775
173
227
699
777
208
757
789
63
194
778
785
803
773
774
779
781
174
179
764
767
790
918
168
171
759
184
794
796
181
188
772
791
761
770
59
782
797
164
798
160
175
799
165
776
804
71
73
155
800
151
156
787
793
809
769
77
786
792
806
813
180
926
67
170
784
788
802
805
161
801
826
66
79
141
150
143
196
200
780
807
169
913
55
58
64
817
923
177
808
157
185
152
69
146
172
928
53
825
48
158
814
828
187
811
148
835
836
810
824
139
145
815
818
819
820
838
149
816
49
65
829
144
159
166
827
147
821
822
921
137
56
834
62
130
823
833
51
812
832
132
54
843
153
852
61
830
937
847
851
50
939
853
129
837
120
140
845
846
849
138
848
842
131
127
136
45
46
126
134
142
862
47
856
133
841
44
128
865
933
154
123
867
866
41
115
922
831
840
936
135
925
929
110
112
86
36
877
42
940
844
872
119
864
43
859
38
869
938
858
24
860
28
37
106
118
949
935
876
945
34
102
878
25
26
888
934
33
39
948
958
863
113
942
10
854
855
122
116
20
35
953
943
424
432
401
441
405
429
407
373
417
395
430
412
426
453
460
870
13
382
392
394
403
408
416
427
431
387
410
435
466
941
952
409
414
22
372
418
398
437
452
459
461
380
400
411
419
457
463
389
433
434
413
428
438
442
462
396
415
367
383
436
439
443
486
857
390
31
376
393
406
449
454
399
402
451
455
464
386
397
425
445
468
476
492
343
404
422
473
477
479
385
458
467
420
388
450
358
456
470
505
377
384
448
480
365
446
485
374
423
471
490
491
498
512
363
444
1
360
362
465
469
475
378
489
369
381
440
478
487
494
18
332
366
499
502
351
368
379
447
472
483
488
503
355
356
361
371
501
341
532
497
519
391
509
359
370
375
507
364
32
357
421
504
353
482
484
526
495
520
336
474
523
340
481
524
533
518
500
344
493
537
539
944
346
323
510
515
517
541
508
946
950
335
342
331
521
522
333
352
544
339
496
543
327
19
957
513
506
511
534
959
328
551
516
525
545
338
964
962
547
548
349
565
531
330
542
967
550
514
527
