859
563
425
101
866
152
943
616
801
192
379
527
103
766
649
668
855
810
404
590
290
795
378
794
178
953
923
524
258
939
951
657
153
400
558
940
235
896
725
469
224
468
280
455
601
106
170
976
837
787
282
647
535
8
508
739
666
876
993
453
126
761
818
182
800
557
584
475
50
204
449
317
939
509
446
199
699
854
316
789
685
542
585
241
977
206
392
902
282
624
786
778
95
545
47
939
265
142
437
632
514
477
882
69
868
188
484
172
482
186
737
6
701
492
359
683
629
118
689
896
233
201
463
476
407
645
754
352
914
681
104
986
430
560
655
934
767
76
83
496
301
743
574
929
292
993
585
647
489
250
360
646
756
257
211
848
638
152
686
949
624
252
529
736
233
68
200
725
124
236
271
412
505
597
482
240
551
416
928
56
446
671
201
989
698
650
561
896
429
405
607
114
887
8
838
922
889
234
179
737
969
439
440
898
17
992
170
713
274
705
995
723
84
696
219
928
874
48
76
600
74
59
110
141
243
131
477
370
426
372
377
50
806
927
425
182
5
433
383
176
526
560
460
980
756
476
220
656
994
174
505
229
205
308
897
251
14
93
624
720
912
973
971
542
882
782
880
709
512
907
994
663
528
944
364
920
33
517
817
18
188
957
722
886
824
660
860
160
661
866
462
732
876
420
11
702
819
820
155
21
874
93
976
687
972
937
351
630
530
541
81
569
177
423
524
638
483
950
762
659
154
521
258
385
563
704
77
866
789
854
321
144
420
351
121
668
440
670
870
643
889
415
11
662
416
423
996
582
537
521
178
214
322
926
787
163
551
468
917
21
76
448
976
777
954
53
78
844
456
