486
277
332
344
358
388
394
401
417
418
432
589
624
281
304
336
343
356
360
364
366
372
373
382
384
390
405
407
424
428
429
441
460
466
473
502
505
533
541
581
597
612
262
269
282
284
287
289
290
300
309
319
322
326
327
331
333
338
351
355
359
362
376
380
386
392
393
395
397
400
406
408
412
426
454
457
459
463
464
467
482
485
489
490
491
501
503
507
512
518
519
532
539
551
554
555
569
571
593
628
650
660
688
689
696
212
233
253
274
285
288
292
297
308
312
314
315
316
318
323
325
329
330
335
339
340
341
346
352
357
365
367
369
377
379
381
383
387
416
419
427
430
431
435
442
443
445
448
449
453
455
462
468
475
476
477
478
480
483
488
497
499
509
523
525
526
543
544
545
550
560
563
565
574
577
580
582
587
588
599
606
610
621
623
629
633
638
641
666
669
672
673
680
683
690
691
692
723
729
182
219
220
228
231
242
248
251
254
259
261
265
266
271
273
279
280
291
294
295
302
303
306
310
320
328
342
348
353
363
370
389
396
398
399
409
410
411
414
415
422
433
436
437
439
447
450
451
452
458
461
479
492
493
498
500
504
508
511
513
522
528
530
531
534
537
546
549
558
561
562
567
570
578
584
585
586
590
594
602
603
605
608
613
617
618
622
626
631
634
639
642
643
647
649
662
665
668
670
677
681
686
693
695
697
703
704
724
726
736
743
795
195
199
202
216
223
226
229
239
240
243
249
257
260
264
267
268
278
286
299
305
307
317
321
324
345
349
350
361
368
374
375
385
391
402
403
404
413
423
434
438
446
456
465
472
481
484
487
494
510
514
515
516
517
520
521
524
536
547
552
559
564
568
575
576
583
592
609
611
619
620
627
632
636
640
644
646
648
654
659
663
674
676
684
694
701
702
707
711
714
715
718
730
731
737
738
740
741
750
754
758
762
763
768
804
191
208
214
221
224
232
236
238
241
244
245
255
256
258
263
270
272
275
301
311
313
337
347
371
378
420
421
440
444
469
470
471
474
495
506
527
540
542
548
556
557
573
591
595
596
598
601
604
607
614
616
630
637
645
651
655
664
667
671
675
698
705
706
708
709
710
712
713
717
719
725
727
742
744
745
747
749
755
765
772
775
778
781
785
789
790
176
178
184
198
203
205
206
207
210
234
235
247
252
293
334
354
535
566
579
600
652
657
661
679
682
716
720
735
739
746
748
751
766
771
777
782
791
794
797
803
160
163
167
173
183
190
192
197
201
209
211
213
215
217
218
222
225
230
237
246
250
276
283
296
298
496
529
553
615
625
635
658
678
685
687
721
722
732
733
734
752
753
760
774
779
783
793
796
798
799
801
813
151
162
165
171
175
179
186
189
193
204
425
538
572
653
700
728
756
759
764
767
773
786
802
806
809
816
826
156
166
174
180
181
227
656
699
769
776
784
787
788
792
800
805
807
808
811
817
820
825
828
836
146
155
157
161
164
168
170
188
194
196
200
761
770
814
818
819
824
829
834
847
141
152
154
158
169
172
177
185
757
780
810
815
835
838
138
143
148
187
823
827
833
837
843
846
853
130
137
139
140
144
145
159
812
821
822
831
832
840
842
848
851
855
862
149
150
153
830
841
844
845
849
856
859
132
136
142
147
852
858
864
867
877
127
131
133
134
857
860
861
866
869
870
872
120
128
850
854
865
112
119
123
126
129
135
863
874
878
881
113
116
124
839
868
871
880
888
102
118
876
879
893
106
111
115
873
875
885
105
108
122
882
883
889
895
896
86
89
93
104
107
110
117
125
97
100
114
121
886
887
911
83
96
98
109
891
94
95
884
890
894
897
902
99
906
103
892
898
900
907
87
91
92
101
905
920
85
88
90
899
901
908
912
917
82
84
904
910
916
919
80
903
914
915
70
72
75
76
78
909
921
924
73
913
918
931
74
81
52
71
59
60
69
79
929
930
67
68
925
927
932
54
57
63
66
926
928
64
77
922
58
65
923
936
937
53
933
935
939
48
61
62
949
55
56
934
940
51
938
942
49
948
44
45
50
941
945
46
943
953
947
47
946
952
944
37
41
950
958
42
954
959
28
38
43
956
33
951
957
35
955
970
34
36
39
962
978
24
40
964
32
20
26
31
967
10
25
968
16
30
18
960
963
971
22
966
974
976
972
969
13
19
975
17
965
973
21
27
1
12
23
29
989
980
977
9
14
15
986
979
987
7
11
4
5
961
486
985
372
401
405
417
432
982
3
332
343
344
358
373
394
407
418
428
429
441
466
505
984
277
304
336
351
356
360
362
382
384
388
390
393
395
412
424
426
457
460
464
473
502
532
533
541
581
589
624
0
281
309
327
331
333
338
340
355
359
364
365
366
367
376
380
386
387
392
397
400
406
408
419
427
430
435
449
454
459
462
463
476
477
480
485
489
490
491
497
501
503
507
512
518
519
539
551
554
555
571
593
597
612
988
262
282
284
290
300
308
312
316
318
319
322
323
325
326
328
329
330
335
341
346
357
363
377
379
381
383
389
396
410
411
416
431
433
437
439
442
443
445
453
455
461
467
468
475
478
479
482
483
492
498
499
504
509
523
525
526
543
544
545
560
563
565
569
574
587
992
287
288
289
292
297
314
315
339
352
353
369
370
385
398
399
403
409
414
415
422
434
436
438
447
448
450
451
452
458
472
487
488
493
500
508
522
528
531
534
537
549
550
561
562
567
577
578
580
584
588
599
606
610
628
633
641
688
981
8
269
273
274
285
291
302
306
310
342
348
361
368
374
375
391
402
404
413
420
423
444
446
456
465
469
481
484
494
510
511
513
514
515
516
517
520
521
524
530
546
547
564
570
575
576
582
585
590
602
603
605
621
623
626
629
643
650
660
666
680
2
251
253
261
271
279
294
295
303
311
317
320
321
324
347
349
350
371
378
421
440
470
471
474
495
506
527
536
542
548
552
557
558
559
568
583
586
592
594
608
613
617
618
622
631
634
638
639
647
669
683
689
691
692
696
983
995
233
248
254
259
264
266
267
268
275
278
280
286
299
301
305
307
313
337
345
535
540
556
573
595
596
601
609
611
619
620
627
640
642
646
648
654
662
663
670
672
673
677
690
703
182
212
263
265
270
334
354
496
529
566
579
591
598
600
604
607
614
616
630
632
636
637
644
649
665
668
674
676
681
686
693
695
704
723
726
729
993
219
231
239
240
249
256
257
258
260
272
283
293
298
425
553
645
651
655
659
667
671
684
694
697
701
724
6
220
223
229
241
242
243
245
255
276
296
538
572
625
635
652
664
675
702
707
714
715
718
719
736
737
738
199
202
216
226
228
232
238
244
247
252
615
657
661
679
682
698
705
711
712
713
730
731
740
743
750
991
994
999
195
214
221
235
236
653
658
685
687
706
708
709
710
717
720
725
727
741
742
749
755
758
762
765
768
795
191
230
246
250
656
678
735
739
745
747
754
763
192
197
207
211
222
224
234
237
716
721
722
744
748
785
789
163
167
178
183
201
203
205
208
209
210
215
217
218
700
728
732
733
734
746
751
753
775
778
781
790
791
990
160
162
176
184
198
206
213
225
699
752
756
766
771
772
777
782
783
803
804
171
173
174
186
189
190
193
204
760
767
773
774
779
794
797
799
826
151
165
170
175
179
180
759
764
793
796
798
801
825
164
181
188
227
769
802
809
813
146
155
156
161
168
169
194
757
770
776
786
800
806
997
157
166
196
761
784
787
792
808
811
816
828
836
847
141
185
200
788
805
807
817
139
143
144
152
158
172
780
819
820
998
130
138
148
177
187
814
815
829
834
137
150
154
818
824
835
838
843
853
140
145
149
159
810
823
833
840
846
848
147
812
821
822
827
832
837
845
849
859
862
112
127
131
136
153
841
842
851
855
996
120
128
132
133
142
831
844
856
877
123
134
830
852
865
866
867
869
126
129
858
872
878
864
888
119
135
861
870
102
124
863
881
106
113
115
116
118
854
857
860
868
850
874
876
879
111
839
875
880
893
104
105
110
871
873
86
89
889
83
93
100
107
108
122
882
883
885
886
97
98
114
117
896
911
95
902
121
125
895
96
109
94
887
99
891
91
894
897
884
890
892
907
920
101
103
900
906
92
898
912
82
84
85
87
90
901
905
908
904
910
916
88
899
903
909
80
914
915
921
931
70
76
917
919
72
73
75
924
78
913
60
81
918
74
930
71
59
927
54
67
69
79
929
52
63
486
925
932
936
77
937
401
624
926
57
58
68
277
372
432
928
935
64
417
581
923
939
343
405
407
505
589
65
66
332
344
441
541
612
304
373
394
429
466
533
688
53
336
358
571
593
48
262
281
382
412
418
428
502
532
551
555
933
940
949
61
351
356
360
393
395
424
426
460
473
512
554
597
628
660
680
922
282
309
362
457
485
489
491
501
539
560
689
696
62
338
380
384
387
390
408
419
435
449
463
464
480
490
503
518
543
574
641
666
692
55
333
355
365
376
388
392
400
427
442
459
476
497
507
509
519
523
526
565
569
577
587
633
691
182
284
290
300
312
316
319
323
327
331
340
367
386
397
406
416
430
431
437
439
445
453
461
462
467
468
477
499
504
531
545
550
563
580
588
606
623
683
729
934
212
289
308
318
322
325
328
329
335
341
357
359
363
364
366
381
383
389
410
433
443
454
479
482
483
492
522
534
537
544
561
578
599
610
621
669
677
690
726
51
56
269
287
288
292
326
330
339
346
352
377
379
396
403
411
414
415
434
436
438
448
451
452
455
475
478
488
493
498
500
525
549
562
567
584
585
603
626
629
639
643
703
942
233
253
273
274
297
314
315
353
368
374
385
398
399
402
409
413
422
447
450
458
465
472
487
494
508
510
514
520
521
524
528
530
546
547
570
575
590
602
605
608
631
650
662
672
673
704
723
795
938
285
342
361
369
370
391
404
420
421
440
444
446
456
469
481
484
511
513
515
516
517
542
564
576
592
617
634
695
724
248
251
261
271
295
302
317
324
371
375
423
470
471
495
506
536
548
552
557
558
568
582
586
613
618
622
638
646
647
663
665
670
686
693
718
737
768
789
945
279
291
303
306
310
321
347
348
349
378
474
527
535
540
556
559
583
594
611
619
620
642
648
654
668
674
676
736
738
941
943
948
199
219
264
266
267
268
278
311
320
337
345
350
496
529
573
595
596
601
609
627
640
681
684
701
740
743
750
254
259
275
280
286
294
299
301
305
307
313
334
354
425
566
579
591
600
614
630
632
636
637
649
667
694
758
762
763
202
220
239
256
265
270
553
598
604
607
616
659
697
714
719
755
765
785
953
46
223
229
231
240
241
249
263
272
293
298
538
644
651
655
671
713
715
742
826
44
195
216
255
257
258
276
283
296
572
645
652
664
675
707
711
712
725
730
731
781
804
49
232
238
242
243
245
260
615
625
635
661
679
682
702
741
749
754
803
191
214
226
228
235
244
657
698
705
720
739
790
791
825
45
50
183
192
221
230
236
247
252
653
685
687
710
717
727
735
745
775
777
782
794
47
162
163
167
178
211
658
706
709
747
778
783
197
207
222
656
678
708
721
734
744
748
751
772
796
799
160
176
184
201
209
215
246
250
716
722
728
733
771
798
836
847
173
203
205
210
217
218
224
234
237
732
753
766
774
779
809
813
171
174
186
189
193
198
208
213
225
700
767
797
801
828
947
146
151
180
190
699
746
752
756
760
773
793
816
155
161
164
165
175
179
204
206
764
800
944
946
952
958
168
170
181
759
802
806
808
811
820
950
139
156
157
169
188
769
770
817
956
141
166
194
227
776
786
787
792
829
37
41
138
144
172
757
784
788
805
819
824
834
835
843
853
38
42
130
143
158
761
807
196
814
815
838
849
862
954
28
137
145
148
152
185
200
818
823
840
846
848
859
43
150
154
187
810
833
959
131
136
140
149
177
780
832
845
112
120
127
133
822
827
837
844
851
147
153
821
841
842
856
867
869
957
123
132
159
855
866
877
878
128
134
142
812
831
865
33
35
126
129
852
864
872
24
36
119
830
858
34
39
102
135
486
888
955
964
113
124
624
861
967
26
32
118
857
863
870
881
106
115
978
116
401
589
854
10
111
277
860
879
951
31
40
86
105
417
432
581
850
868
874
875
876
893
962
970
25
100
104
110
871
880
83
89
93
107
372
612
688
885
16
97
98
108
122
839
873
889
20
117
343
882
886
896
960
971
95
125
332
405
505
883
30
96
114
344
407
541
911
18
22
304
394
441
680
94
99
121
358
593
597
696
895
902
109
262
336
373
418
466
533
571
628
660
689
963
91
428
502
691
887
13
17
19
356
429
555
692
976
281
360
382
388
532
666
891
894
974
460
551
554
723
729
897
966
968
21
92
101
103
182
282
384
395
641
683
690
907
969
27
90
366
393
412
424
473
512
633
884
890
900
920
965
972
84
85
212
351
426
501
503
539
623
650
669
726
795
892
898
906
1
82
87
290
309
338
364
390
489
560
677
703
704
12
327
362
386
392
454
457
485
490
518
569
574
587
908
287
376
400
463
464
545
577
724
743
901
905
912
975
23
29
80
269
333
359
408
482
491
507
519
606
621
672
673
768
789
973
76
233
284
289
319
326
331
397
406
435
449
497
499
509
526
543
565
737
989
9
70
88
322
459
467
476
580
599
603
610
629
638
643
662
686
695
736
916
14
72
73
75
253
300
340
355
380
383
387
455
462
477
478
480
483
523
525
544
563
578
582
588
626
631
639
740
763
904
910
15
274
308
312
329
346
365
419
443
445
448
718
750
762
804
899
903
909
914
931
986
60
285
292
314
315
330
369
430
475
534
550
567
670
693
738
758
11
78
297
316
323
341
352
367
377
399
411
427
453
479
488
492
500
531
549
561
562
585
586
665
765
785
915
4
7
251
318
325
328
357
379
436
442
450
452
504
508
570
584
642
668
701
755
917
919
921
5
59
71
74
273
288
335
339
381
410
416
431
437
439
447
461
468
498
513
522
528
594
605
622
634
647
649
663
676
681
697
714
741
781
826
81
199
219
220
231
248
261
291
348
391
396
398
414
458
493
537
546
558
590
608
613
618
640
646
654
674
711
730
754
924
980
228
254
294
303
320
350
363
370
389
409
415
433
511
530
568
602
648
694
715
790
791
979
202
259
271
306
404
423
451
472
575
576
583
617
684
702
742
778
803
913
918
977
987
3
54
63
67
69
191
280
310
321
342
353
385
422
456
481
484
514
515
547
627
644
731
52
195
242
257
265
295
302
307
345
349
368
375
413
434
465
524
536
552
564
592
611
620
632
713
719
782
825
930
0
239
266
279
286
305
378
438
487
510
517
520
609
619
636
707
727
775
777
794
961
79
260
264
299
324
403
420
444
446
521
559
598
604
698
705
709
747
749
927
216
240
270
402
421
440
474
494
516
542
595
616
659
667
671
675
772
797
847
77
163
214
229
267
301
361
374
573
607
637
645
712
725
751
799
836
2
57
64
167
223
226
245
249
268
311
317
337
371
469
506
527
540
557
630
664
706
708
710
717
745
982
58
68
160
176
208
241
244
258
278
334
347
470
471
495
548
556
591
596
601
651
655
744
766
783
801
813
929
932
8
243
272
313
614
657
739
793
796
809
816
828
65
178
183
203
221
263
293
496
535
600
652
720
771
798
936
937
985
66
162
234
238
255
256
275
354
425
579
661
679
735
746
748
925
6
151
184
224
529
566
682
802
811
926
928
984
53
192
232
298
538
553
615
625
678
716
774
820
935
981
48
173
206
236
252
296
779
834
923
939
165
205
207
247
250
572
806
988
190
198
210
218
246
276
283
635
653
685
721
722
733
734
752
992
146
156
186
197
204
235
732
760
767
817
829
55
61
166
170
171
211
237
687
728
786
800
805
807
853
161
164
174
193
201
222
227
230
700
808
922
933
949
983
993
62
175
209
215
486
658
753
759
819
835
995
157
180
213
225
656
773
787
814
843
862
139
179
196
401
417
432
699
756
769
846
940
991
56
217
589
788
838
141
152
155
169
189
200
764
770
823
824
840
130
138
154
372
818
837
137
140
144
177
185
394
405
418
441
581
792
851
934
994
999
51
168
172
181
188
194
332
343
344
358
388
407
428
505
624
776
815
848
849
859
942
148
158
277
502
541
780
784
810
877
356
373
460
466
612
855
938
336
360
366
384
429
533
597
833
844
945
143
145
149
159
304
382
571
827
831
948
187
364
395
532
555
593
757
761
822
832
845
878
943
133
136
150
393
412
424
473
503
867
112
127
142
281
426
454
512
551
554
856
869
120
153
262
282
390
501
628
688
812
842
861
865
866
290
338
351
386
489
490
539
650
841
858
953
990
46
131
132
287
327
376
392
457
518
545
560
633
660
680
691
821
864
872
888
941
309
359
362
400
464
482
485
569
623
696
830
852
881
44
123
128
134
147
463
574
587
641
666
689
723
119
269
326
333
397
406
408
497
507
509
519
577
669
692
893
997
116
319
322
331
435
449
491
582
606
621
690
870
102
126
284
289
499
543
565
603
638
683
857
49
129
135
212
274
455
459
467
525
526
580
599
629
998
124
233
340
346
476
478
483
610
631
672
673
677
704
729
743
860
47
50
253
300
308
355
369
383
448
477
523
544
563
578
588
626
643
703
45
108
182
285
292
312
314
380
443
462
480
586
639
662
686
726
850
315
329
387
534
567
670
695
863
868
874
113
118
297
330
365
399
419
445
475
550
562
724
871
879
89
105
111
115
251
352
411
430
488
549
585
594
642
649
668
736
854
885
93
106
107
228
231
316
323
341
377
450
492
500
531
561
570
647
665
693
697
737
740
768
795
875
889
895
100
104
125
254
273
318
328
348
367
436
452
453
479
508
622
634
640
654
663
681
701
711
714
718
839
896
911
947
996
117
220
288
291
294
325
357
379
584
605
613
618
646
676
738
741
876
880
83
248
261
303
320
427
504
513
558
608
644
674
694
702
715
750
758
762
763
789
882
86
219
335
339
350
410
442
447
498
528
546
568
590
648
730
765
804
958
109
114
242
257
259
271
280
306
381
391
398
684
754
883
944
950
265
439
458
522
530
537
583
602
617
627
632
755
873
952
97
191
199
307
396
431
437
461
468
493
511
576
698
727
731
778
886
946
96
98
110
310
370
409
414
415
416
575
611
707
709
747
781
956
122
195
202
260
286
423
705
713
719
742
790
239
295
302
321
345
363
404
604
636
749
785
954
94
305
349
389
451
481
484
547
598
619
620
671
675
791
902
907
95
121
208
216
240
266
270
279
299
342
353
385
433
456
472
514
552
609
708
710
775
797
214
229
264
375
515
536
592
616
645
706
717
772
782
378
422
524
564
659
664
667
712
744
745
751
777
803
891
897
167
176
368
517
559
595
607
725
794
887
894
163
203
226
244
245
413
637
746
766
793
826
906
959
37
38
42
99
249
301
324
434
465
510
651
957
91
160
223
258
520
657
739
799
28
82
221
224
234
243
267
487
630
655
801
890
41
241
268
420
446
474
521
542
573
720
748
771
783
802
813
825
847
884
92
183
272
438
444
516
816
178
206
311
403
540
652
716
735
796
836
900
912
920
84
85
337
402
421
440
591
614
661
774
798
809
43
103
151
238
263
317
334
494
527
596
601
678
679
682
811
828
892
898
964
80
101
184
278
374
557
904
905
910
916
293
347
371
752
908
967
90
162
165
198
236
313
361
548
556
779
834
899
190
205
218
255
256
506
600
615
733
917
166
173
192
469
625
721
760
786
806
915
919
924
73
88
156
207
210
232
250
252
275
722
732
734
807
820
901
903
921
955
978
87
186
204
246
495
579
767
805
914
75
227
470
471
496
685
700
759
800
817
909
247
535
653
728
931
24
76
146
171
354
829
72
170
298
566
589
753
814
913
35
175
196
296
425
486
529
687
773
808
835
853
157
193
197
235
237
417
538
635
769
787
918
33
70
78
164
388
401
432
553
819
39
161
174
200
201
211
215
366
418
699
756
962
34
152
154
180
394
428
770
788
838
846
36
177
213
358
384
441
502
572
929
32
140
179
209
222
225
230
276
283
364
372
405
407
454
460
581
658
764
780
818
837
862
970
69
71
81
139
185
332
344
356
360
466
505
840
843
951
26
54
60
343
373
382
395
429
503
597
624
656
792
823
824
141
277
336
386
390
393
424
426
473
533
541
612
925
971
169
376
392
412
482
501
532
810
930
137
138
359
400
457
464
489
490
512
555
571
776
855
960
130
304
327
338
397
406
455
463
518
545
551
593
650
784
851
52
59
74
144
148
155
189
217
287
290
326
351
408
435
448
449
467
478
485
497
507
509
519
539
554
25
159
281
282
362
369
459
476
483
491
499
569
582
815
827
848
849
10
79
172
188
322
333
383
443
525
560
691
831
859
937
158
181
194
262
309
319
331
346
399
462
475
477
526
543
574
623
628
633
688
723
844
877
963
63
149
168
269
340
411
430
445
450
480
488
544
565
577
587
638
822
833
274
289
314
315
355
377
380
387
419
436
452
500
523
534
580
586
599
603
621
660
696
927
928
145
284
285
308
329
348
352
365
379
453
479
492
508
563
567
594
606
641
680
743
832
935
31
142
187
292
300
312
330
341
350
391
447
549
550
562
578
588
610
629
669
689
690
761
812
861
867
67
68
253
294
297
320
357
367
398
410
427
458
513
531
631
666
692
845
932
57
143
212
303
316
323
381
442
498
504
528
558
561
570
643
649
757
40
150
233
291
318
325
328
339
370
396
409
423
437
439
461
511
546
568
584
585
626
639
672
673
683
704
842
878
922
136
228
231
254
280
306
307
335
414
415
416
431
468
493
522
530
537
613
642
856
976
64
127
133
153
251
257
273
288
345
404
481
583
590
622
640
644
647
670
677
686
729
858
866
869
926
16
77
265
310
349
451
456
484
576
605
608
618
662
668
703
841
865
936
949
974
65
66
242
259
261
271
286
321
363
433
472
602
604
632
634
654
695
697
711
726
821
830
939
260
305
342
353
375
385
389
514
547
575
598
611
617
646
665
681
702
872
132
182
220
248
270
295
302
378
515
552
627
648
663
693
701
714
724
736
741
864
923
120
299
422
536
694
715
740
852
20
112
116
219
279
368
524
609
636
674
676
698
718
730
737
768
795
860
870
881
893
58
128
131
134
208
266
517
559
564
592
616
619
620
804
888
191
240
264
301
413
465
595
607
645
684
709
727
738
754
762
789
965
966
22
48
119
123
239
324
705
707
758
763
778
857
244
671
675
706
747
750
765
933
940
969
147
434
510
520
664
708
731
850
968
972
30
102
108
195
199
216
229
234
245
249
258
637
651
659
667
710
713
755
18
53
56
135
202
203
214
226
474
487
573
657
717
719
790
126
224
243
272
420
521
630
742
746
749
781
874
934
267
542
744
751
124
129
176
221
241
268
444
446
516
655
712
745
772
797
868
989
13
17
206
223
311
337
438
540
725
863
871
895
19
61
89
125
163
167
591
652
775
785
791
55
111
263
596
601
614
661
766
777
782
839
854
885
911
118
334
403
527
678
716
793
889
938
975
986
238
317
440
679
682
720
739
794
62
105
113
160
278
293
402
421
748
802
93
107
117
494
557
615
735
803
879
104
106
109
115
178
183
236
347
371
374
771
801
880
896
100
114
198
218
255
313
556
752
783
799
875
51
83
165
250
252
625
826
876
21
151
184
190
205
246
256
548
589
600
721
733
774
816
883
166
210
227
361
722
847
882
942
204
275
809
811
813
825
973
86
207
232
506
700
732
760
796
836
12
27
162
173
192
653
685
734
786
798
834
948
96
156
186
579
759
873
1
247
366
388
469
779
807
110
728
828
941
122
196
486
805
806
907
121
417
886
94
97
170
171
687
767
820
98
175
418
495
496
699
753
200
237
364
471
535
800
817
945
979
146
177
197
298
401
769
943
980
95
152
193
235
432
470
635
814
891
154
296
394
566
581
756
773
894
906
23
29
157
164
174
215
354
384
428
454
502
624
650
787
829
902
82
140
161
185
211
358
597
612
770
780
897
9
201
887
987
50
180
441
460
788
808
819
835
953
91
213
344
356
360
529
179
222
225
332
538
553
723
764
46
92
99
209
230
425
503
658
691
884
890
14
15
277
372
386
853
910
44
336
482
582
743
792
818
837
846
80
84
85
139
287
359
382
390
405
407
505
838
141
343
376
392
393
395
424
466
473
541
545
656
917
11
169
276
290
326
400
426
429
455
501
572
688
823
977
49
159
327
369
373
397
406
448
457
478
489
490
533
593
638
696
776
843
899
912
103
137
283
304
463
464
467
518
532
555
571
824
840
855
862
924
45
138
148
282
338
399
408
412
435
449
483
507
512
519
525
623
784
810
900
904
916
919
920
4
130
269
322
383
443
450
476
485
497
499
509
539
551
554
569
633
7
101
333
346
348
351
411
459
462
475
488
586
628
680
905
73
217
262
281
319
331
350
362
377
436
445
452
477
491
500
508
544
560
660
690
898
947
5
47
155
189
228
274
314
315
340
379
391
430
447
453
480
526
534
543
574
594
603
621
669
689
831
144
231
285
289
294
309
320
352
380
387
398
419
423
458
479
492
513
523
565
577
587
599
851
892
915
921
88
90
188
194
303
308
329
341
365
409
410
427
498
511
549
562
567
580
606
629
641
649
692
815
827
961
149
172
212
307
330
345
355
357
367
370
381
396
404
414
442
481
493
504
528
531
550
558
563
568
578
631
666
673
704
903
3
142
158
253
254
257
280
284
291
292
297
312
339
415
416
431
437
439
451
456
461
468
484
530
546
570
588
644
672
812
822
848
908
75
168
233
242
300
306
323
328
349
378
472
522
537
561
583
610
640
683
711
181
265
286
310
316
321
325
375
385
422
433
514
584
585
604
613
686
741
761
844
849
914
72
145
260
305
318
335
353
363
389
515
576
598
622
626
639
642
643
697
702
729
833
877
909
87
187
208
251
259
288
342
368
413
465
536
547
552
590
618
632
647
670
677
804
859
913
0
261
270
273
517
524
575
605
608
662
668
714
726
832
901
918
931
220
271
295
299
302
559
602
611
654
698
703
736
795
861
944
982
76
301
324
434
474
510
564
595
607
609
616
617
627
634
681
695
701
715
727
730
150
182
279
420
446
487
520
592
636
646
665
694
709
724
740
757
768
778
845
946
78
143
191
248
266
444
645
648
663
693
754
69
153
219
234
240
264
438
521
573
619
620
706
747
925
929
956
136
244
337
516
540
542
674
676
705
718
737
758
762
763
789
867
70
127
239
258
403
440
589
708
203
224
245
249
272
311
334
421
527
664
671
675
684
707
738
746
765
842
858
952
81
133
214
226
366
388
402
494
591
637
651
657
710
731
750
821
830
2
54
71
116
243
267
371
374
596
630
659
667
717
790
950
958
981
176
206
216
229
268
293
317
347
557
601
797
856
869
37
195
241
263
614
652
713
744
755
772
781
841
860
866
132
221
313
361
486
548
556
615
655
719
749
751
865
199
202
278
417
661
678
742
878
506
745
60
600
625
712
716
766
793
959
120
128
134
167
223
236
238
250
252
255
418
725
791
6
52
163
246
275
364
469
679
682
775
782
785
852
864
872
8
218
256
579
777
850
857
870
42
79
108
112
227
720
748
802
881
893
28
38
41
160
198
739
794
930
954
119
401
653
735
752
888
165
190
204
432
581
650
700
721
771
801
985
131
147
166
178
183
205
210
394
74
123
232
247
384
454
624
685
722
733
803
928
59
102
358
495
496
502
597
612
732
799
135
151
184
196
207
428
774
783
816
922
298
471
535
895
984
43
124
186
687
759
811
839
937
89
126
129
156
237
699
734
760
826
125
192
200
356
566
635
807
809
834
847
57
63
68
296
360
460
723
728
786
813
874
993
173
344
441
470
691
868
871
177
332
354
796
836
935
988
995
93
111
175
235
582
779
798
825
863
64
66
162
170
277
287
753
805
65
109
386
743
854
67
152
171
215
503
769
806
828
932
983
105
117
193
197
336
482
767
911
957
992
77
107
154
185
211
372
638
104
113
114
118
359
688
696
756
889
35
100
157
174
290
390
545
658
780
820
885
927
949
140
146
201
326
770
773
817
106
213
230
541
553
800
814
33
48
115
164
225
382
505
529
538
787
880
24
83
161
180
222
228
327
343
369
376
392
405
633
879
896
395
407
455
593
623
788
882
926
991
179
209
269
282
400
473
478
883
39
304
393
424
448
501
656
680
764
875
56
231
397
466
533
571
586
628
690
876
32
58
406
426
489
660
669
829
955
964
34
322
373
425
490
518
532
569
649
689
939
994
96
262
276
338
348
399
457
467
525
555
819
835
940
86
159
274
429
483
594
808
923
26
169
294
450
463
464
519
551
554
621
704
36
110
281
320
346
350
383
497
507
512
572
666
692
792
212
242
283
333
443
509
603
629
673
711
741
53
139
141
208
254
257
285
314
319
408
435
449
475
499
599
644
672
776
818
837
934
978
61
121
137
289
303
307
315
412
488
539
702
838
853
873
967
94
122
148
331
391
411
476
631
641
683
697
999
233
351
377
459
500
508
544
560
846
907
97
217
280
352
436
452
477
485
574
640
686
784
933
936
253
260
309
345
379
462
534
577
587
729
804
823
265
291
340
445
447
513
558
567
568
606
698
714
98
130
189
292
308
329
362
423
458
491
562
565
604
670
727
810
840
138
144
194
286
330
398
430
479
526
543
549
642
668
677
715
855
25
220
259
297
306
453
492
511
570
580
598
709
726
736
778
795
82
155
188
251
284
341
349
370
409
480
523
578
583
632
647
730
747
754
824
831
862
886
906
51
95
172
191
305
410
456
481
484
498
528
588
610
613
622
701
703
768
10
142
149
182
234
270
310
357
365
378
380
381
387
404
419
493
530
546
563
618
626
639
643
654
662
740
843
938
55
321
339
355
396
414
415
427
451
531
550
681
724
891
300
312
366
375
388
439
442
461
504
561
585
589
695
708
812
951
158
261
367
385
416
431
437
468
472
514
537
576
694
706
758
762
815
827
894
962
168
187
203
271
299
316
318
323
328
342
422
433
465
515
522
552
584
616
627
705
746
92
224
244
325
335
353
368
389
413
474
517
536
605
607
608
611
645
693
761
763
789
851
897
62
181
273
288
295
301
302
363
547
559
590
634
665
737
765
822
31
40
145
206
240
417
420
434
444
446
486
524
575
595
602
609
636
797
219
248
279
324
364
418
510
520
646
663
710
176
214
239
264
266
337
438
440
487
564
592
617
674
707
718
738
84
99
245
258
403
421
521
527
540
573
648
675
676
717
731
790
970
16
91
226
243
334
402
454
516
542
620
671
902
910
80
249
272
311
371
384
394
401
432
494
619
657
664
744
750
849
887
85
293
347
374
591
651
684
751
757
772
844
848
884
890
153
195
216
229
361
428
502
557
781
917
150
313
317
358
506
548
581
596
615
793
143
221
267
460
469
556
601
630
637
650
659
667
749
755
833
241
263
268
441
597
614
652
678
713
877
167
227
250
278
356
360
719
745
766
859
861
919
924
73
199
246
600
612
625
661
716
832
163
202
238
252
344
386
482
496
579
582
624
655
742
899
116
127
136
218
236
255
332
471
495
503
775
802
275
712
791
845
20
103
133
198
359
372
535
679
725
904
912
50
160
223
256
287
336
390
470
782
916
204
298
545
653
682
748
777
830
942
101
166
190
196
277
326
354
382
505
566
700
723
739
752
785
801
948
165
205
369
376
392
405
455
541
638
691
720
794
941
971
88
210
290
296
327
478
132
247
343
395
400
407
721
735
771
821
842
858
905
960
183
232
473
722
743
921
200
393
448
501
635
685
732
733
860
867
184
207
237
397
424
586
593
856
915
990
22
178
406
533
699
759
799
803
75
151
156
186
282
304
466
529
553
571
623
633
687
774
816
841
90
128
134
269
322
348
373
426
489
538
688
696
900
177
490
569
783
807
108
228
338
399
467
518
525
532
555
594
628
760
786
869
30
72
235
649
734
811
834
294
457
483
728
865
866
892
920
963
120
192
231
274
320
350
660
669
680
690
809
813
898
87
173
175
262
346
429
450
621
870
152
463
464
519
551
554
658
847
850
878
119
170
185
215
383
507
603
805
918
281
333
425
443
497
509
512
629
644
689
753
857
925
257
285
307
314
826
864
929
947
112
154
242
254
303
315
319
408
599
666
673
704
711
779
796
798
836
893
903
18
69
131
162
171
193
211
276
475
499
692
769
780
852
909
913
914
78
147
197
230
289
435
449
488
631
641
656
806
943
208
213
539
672
702
767
872
881
135
140
225
280
331
391
412
560
572
640
697
756
825
908
76
157
174
201
260
411
500
544
741
828
839
13
123
351
476
508
683
770
773
125
222
265
345
352
377
574
686
997
17
54
124
209
212
233
283
291
459
587
787
814
901
180
253
309
436
452
534
558
577
604
670
698
895
81
102
340
567
642
714
820
888
945
19
146
161
164
286
308
379
477
485
513
568
598
606
668
729
817
931
974
998
46
89
179
292
462
562
715
727
800
329
632
709
70
126
366
423
647
677
764
788
129
159
259
306
330
362
447
565
583
589
730
736
44
251
297
305
445
458
549
570
580
747
220
270
398
654
701
703
804
871
71
111
234
284
349
388
491
511
543
613
622
681
726
778
829
868
874
109
479
610
618
626
643
662
754
191
310
341
370
430
526
578
639
706
708
740
746
93
492
588
795
169
409
705
768
863
49
321
453
523
694
695
724
819
217
563
776
792
45
117
203
224
261
357
378
481
484
528
546
835
206
244
404
616
627
808
105
299
339
364
410
456
645
762
837
854
976
114
137
271
300
312
381
480
498
530
550
710
758
763
47
52
182
576
585
607
611
665
693
737
946
139
141
148
189
240
375
531
561
765
911
365
493
634
784
818
104
194
355
605
636
707
717
797
838
113
301
380
387
396
414
418
419
608
646
650
885
118
214
219
295
323
415
451
663
731
789
853
966
79
107
176
188
273
302
318
342
417
486
584
609
675
676
738
744
790
889
968
37
100
245
258
316
514
671
718
922
226
239
248
288
328
504
536
552
648
674
810
823
846
172
243
266
279
325
353
385
454
590
595
657
60
106
138
142
155
367
427
472
515
537
664
750
751
772
855
83
144
149
264
335
559
602
684
953
187
439
442
517
522
617
831
972
12
130
227
384
422
461
468
749
812
840
880
115
195
216
249
272
324
368
431
465
474
651
766
793
956
996
21
158
221
229
437
575
781
394
413
416
547
597
755
882
896
944
502
581
761
824
928
930
937
401
446
582
678
723
862
879
181
334
337
358
389
428
432
433
444
592
619
620
716
745
883
96
168
250
293
363
420
524
573
615
822
460
540
564
612
713
843
875
876
246
311
356
434
440
482
510
520
527
719
802
827
74
167
360
386
421
441
487
503
624
952
241
438
521
542
591
637
652
743
775
815
851
935
959
57
198
218
287
344
359
371
403
516
661
667
691
757
1
145
236
263
332
347
369
390
402
455
494
659
965
68
163
199
202
252
267
326
374
448
478
545
638
742
791
238
313
336
372
376
392
506
557
630
782
121
190
196
204
268
317
361
382
400
469
505
548
596
601
712
153
290
327
393
395
397
405
406
407
424
473
496
556
614
625
655
752
777
59
110
166
277
278
495
501
541
748
969
165
343
348
399
426
466
467
471
489
490
586
600
725
27
160
228
255
450
457
470
483
525
533
535
579
700
86
350
373
518
593
594
801
94
205
210
322
354
429
443
463
464
532
569
571
679
200
269
275
282
294
320
338
383
507
519
555
623
682
66
223
298
304
346
408
475
497
509
566
633
653
150
296
366
391
435
449
488
499
512
649
696
739
771
785
794
873
231
256
307
411
500
529
538
551
554
720
177
274
333
388
412
436
476
508
688
844
950
247
303
314
315
345
377
452
459
539
553
621
628
732
63
64
257
285
319
331
352
425
544
599
603
644
721
722
122
183
237
242
379
423
462
477
485
513
589
635
669
699
733
156
262
351
447
534
560
629
690
735
759
41
65
143
151
184
207
208
232
254
280
281
340
445
458
558
660
680
807
861
178
186
289
398
567
568
574
799
362
430
479
491
511
562
577
604
631
685
711
816
82
116
260
291
308
329
349
492
549
587
598
640
687
848
907
136
309
364
370
409
526
565
583
641
673
689
702
774
786
152
265
286
330
341
453
543
570
606
666
760
185
292
306
580
672
704
803
833
906
97
305
378
481
523
572
692
697
741
297
310
484
528
811
949
235
253
270
276
321
357
404
546
578
613
632
642
783
834
175
456
563
588
610
658
698
127
259
410
647
670
683
686
728
734
849
284
339
381
498
530
618
622
67
133
233
418
480
714
173
212
215
234
283
550
643
668
727
830
932
56
154
170
312
375
576
626
656
709
780
813
832
251
299
300
531
616
639
654
98
365
417
493
561
585
677
715
859
877
192
355
486
607
611
627
650
95
211
230
261
645
681
805
809
48
132
193
213
225
271
396
662
706
729
753
891
954
220
301
387
454
701
730
769
821
845
140
244
323
380
414
415
419
605
747
847
636
694
703
708
746
224
451
584
608
705
975
162
197
295
318
342
634
736
171
302
609
695
726
92
203
316
552
646
754
756
778
796
989
191
206
222
240
384
514
536
665
740
779
128
174
201
209
328
767
886
897
157
273
325
504
590
595
663
770
798
77
353
693
724
804
108
279
288
385
515
559
648
710
842
858
894
934
134
159
180
258
367
472
597
657
836
860
266
537
582
602
671
675
773
806
926
335
427
707
768
80
179
245
581
617
826
958
9
394
664
674
676
243
517
717
850
28
164
264
272
324
502
522
737
787
219
226
248
612
758
814
910
239
358
442
651
762
368
474
684
731
744
146
214
401
439
718
723
85
161
217
227
249
422
428
468
575
764
795
765
788
828
84
432
465
763
917
119
624
287
461
547
817
820
867
120
176
250
615
619
638
678
738
940
334
337
356
431
482
691
751
797
169
437
620
884
919
182
293
360
460
743
800
229
246
386
413
216
221
841
890
359
573
592
749
326
503
716
750
772
825
73
790
856
91
369
416
194
332
125
311
344
540
637
652
789
446
545
661
713
23
189
195
745
290
363
564
766
924
927
218
228
444
455
667
135
389
390
441
448
478
659
719
793
236
241
252
420
586
591
99
263
755
147
348
433
527
61
336
524
776
58
198
366
781
792
148
188
196
327
277
294
392
649
655
131
137
630
839
238
376
594
204
231
269
623
187
350
625
819
633
700
869
400
520
696
712
752
267
510
829
320
388
397
742
268
382
542
802
870
167
190
200
440
166
208
399
644
688
951
242
406
589
257
307
372
837
142
313
347
434
450
601
614
421
487
525
775
163
467
748
852
141
202
274
282
371
596
857
210
322
395
501
139
393
473
521
669
725
784
424
483
505
516
254
489
541
569
711
88
255
407
426
490
593
690
112
124
149
177
205
364
405
438
443
457
518
653
679
165
172
260
303
346
383
391
464
466
475
488
702
818
278
343
345
402
463
494
497
507
508
519
533
557
621
682
835
899
338
403
411
452
500
509
761
408
423
429
435
436
449
469
476
496
499
506
532
571
199
304
317
373
374
377
447
458
459
548
555
556
600
603
604
628
314
315
361
379
418
462
477
495
512
513
544
680
280
285
398
412
445
454
471
551
599
123
333
352
409
430
470
479
485
511
539
554
558
568
579
598
640
865
378
417
453
481
484
492
534
535
629
791
331
349
354
370
456
486
491
660
732
319
404
425
538
549
562
567
583
777
265
286
340
351
410
526
528
560
698
782
291
298
498
523
529
543
570
574
577
631
160
329
341
362
384
480
493
530
546
565
566
650
697
699
721
741
275
289
305
357
375
381
673
722
396
414
553
587
739
810
155
181
281
296
306
330
394
415
419
451
502
580
606
632
672
812
237
262
308
310
321
387
428
531
550
563
578
757
234
339
432
588
808
109
270
292
309
365
401
460
472
482
514
576
582
613
641
720
380
642
666
689
704
223
297
385
427
504
515
561
618
355
358
386
474
536
552
610
616
635
733
158
247
256
442
465
503
597
622
759
342
367
422
439
468
517
537
572
581
585
607
611
647
259
299
353
369
455
461
686
356
360
431
437
441
448
522
559
584
670
709
727
301
312
413
478
668
284
359
366
368
390
595
645
144
253
323
328
643
692
300
416
446
609
626
654
185
545
590
605
608
627
316
318
325
335
344
444
547
639
714
715
295
302
326
332
612
683
685
771
866
244
324
420
540
636
271
337
348
389
433
575
602
687
261
276
392
706
708
287
334
363
586
233
251
573
746
336
681
29
283
288
376
524
527
634
168
207
638
327
388
564
624
735
224
617
662
705
801
206
279
232
592
258
594
658
747
794
293
350
400
615
677
694
646
701
290
311
591
656
212
240
273
186
220
266
294
397
648
156
89
272
589
619
657
178
620
663
723
203
320
183
264
399
665
651
671
382
664
695
807
152
153
675
710
730
406
520
691
277
649
703
623
372
510
729
245
633
450
525
693
307
707
736
243
227
250
235
440
542
674
364
760
644
831
467
637
652
676
743
678
774
322
728
138
754
625
630
778
269
249
717
347
726
724
263
501
246
395
228
483
257
661
345
393
734
215
569
473
248
786
313
303
274
391
659
421
667
684
604
371
454
346
650
418
601
847
826
836
853
862
828
825
829
834
838
843
846
867
877
804
813
820
824
835
840
848
851
856
859
864
878
816
818
827
832
833
837
844
849
855
866
869
872
182
789
795
817
819
823
841
842
852
857
861
803
809
811
814
854
858
860
865
870
871
881
888
893
160
785
797
799
801
806
808
810
830
831
845
874
876
151
163
167
791
794
796
798
807
815
863
880
896
141
146
162
176
782
790
793
800
805
821
822
850
879
885
889
143
173
178
183
184
191
195
199
202
212
777
778
781
868
875
895
130
138
139
155
156
157
161
165
171
763
768
775
802
873
911
144
145
154
164
166
786
787
788
792
812
882
883
887
137
140
148
158
172
174
175
179
186
192
762
779
783
132
136
152
168
169
170
180
181
190
193
197
205
214
219
220
765
766
771
772
774
784
886
897
112
120
131
133
147
149
150
177
189
198
201
208
216
228
758
839
894
902
119
123
127
135
142
203
207
210
221
223
233
743
750
754
767
776
890
891
900
124
128
129
134
153
206
209
231
755
760
773
884
906
126
204
211
213
215
222
226
229
736
751
764
769
898
907
920
113
116
188
194
217
218
224
239
740
741
770
780
892
102
118
159
185
225
232
726
729
737
738
742
747
749
761
105
187
196
230
240
242
248
723
724
744
748
756
759
905
908
106
115
122
200
235
238
243
245
251
253
262
730
731
739
745
899
901
917
111
236
241
696
718
727
734
752
753
910
912
914
919
86
93
107
108
234
237
244
247
249
254
269
277
703
704
709
714
717
733
735
746
904
916
89
97
110
227
688
708
713
715
719
720
725
728
757
903
915
98
100
104
117
257
259
261
266
281
680
683
689
690
691
692
695
710
711
712
732
909
114
121
256
258
260
264
265
268
273
274
282
287
290
677
693
701
702
707
722
924
931
96
125
246
252
255
271
284
289
672
686
697
705
706
716
721
921
83
94
95
250
267
279
285
288
292
304
660
666
673
676
681
684
694
698
913
99
109
263
272
297
300
309
662
665
669
674
918
275
278
280
291
295
668
670
675
103
270
286
299
302
303
306
308
312
319
322
332
624
650
682
685
700
92
294
316
318
326
327
333
336
344
663
671
679
927
930
91
101
276
283
310
314
315
323
325
329
330
338
343
358
628
641
649
654
655
659
664
667
678
699
932
87
90
301
305
307
328
331
335
356
372
612
633
638
639
642
643
646
648
657
687
929
88
293
311
317
320
321
324
339
340
346
351
355
360
362
621
623
626
629
631
634
647
651
661
85
296
298
313
341
359
364
366
373
401
622
636
637
640
644
652
658
925
926
928
84
342
348
352
357
382
384
388
394
417
581
589
597
627
632
645
76
353
363
365
376
380
386
395
405
418
432
593
606
610
617
618
619
620
630
656
337
349
367
390
393
400
407
412
429
486
587
599
603
605
613
653
936
70
78
80
82
334
345
347
350
368
369
377
381
383
387
392
397
408
426
428
441
541
554
555
560
569
571
574
577
585
588
602
608
611
614
922
923
361
370
374
379
389
406
424
460
466
473
505
532
533
551
563
578
580
582
584
586
590
607
609
616
625
635
937
939
72
75
354
375
385
396
398
399
416
419
427
430
435
457
501
502
503
512
518
539
565
567
570
575
592
594
933
73
371
378
391
402
403
409
410
411
414
415
431
442
443
449
454
459
462
463
464
467
482
485
489
490
491
497
509
519
525
526
534
543
545
550
558
561
562
576
583
596
598
600
601
604
935
74
404
413
422
433
436
437
439
445
453
455
476
477
478
480
483
499
504
507
522
523
531
537
544
546
547
549
564
568
573
591
595
615
81
420
423
434
438
447
448
450
451
452
458
461
468
475
479
488
492
493
498
500
513
528
530
552
559
579
421
465
472
487
494
508
510
511
514
515
516
520
521
524
536
542
548
556
557
949
52
59
440
446
456
469
481
484
506
517
540
566
60
444
470
471
474
527
553
67
71
79
495
535
572
934
940
68
425
496
529
63
69
66
538
938
54
57
64
77
58
942
945
953
948
53
65
61
62
48
941
55
943
51
56
49
952
45
944
947
958
946
44
950
46
959
47
50
954
956
955
41
957
970
38
42
43
951
28
37
962
978
33
967
964
36
35
34
971
39
24
968
31
10
26
969
963
32
40
966
974
972
960
18
25
965
30
20
975
22
976
16
826
973
13
182
19
21
825
277
17
795
989
212
262
199
202
233
624
195
688
219
220
223
248
281
304
1
27
162
163
178
183
192
216
229
251
253
160
167
191
197
214
239
269
273
282
284
789
171
173
184
201
207
221
226
232
235
261
289
290
729
146
151
174
176
189
209
211
222
228
230
231
238
240
241
243
249
254
259
271
274
288
300
309
680
726
785
977
155
164
168
179
181
193
205
210
215
217
242
245
256
264
266
267
268
287
292
332
343
689
803
14
141
161
165
170
175
180
186
190
198
203
213
218
236
244
247
279
285
297
312
344
372
692
696
750
768
138
139
143
156
169
204
208
224
225
255
257
258
263
265
275
278
291
308
316
318
319
336
660
703
724
737
738
755
762
763
765
781
791
836
130
157
188
194
206
237
252
260
272
295
302
323
325
338
666
683
736
758
798
980
144
158
172
246
250
280
299
306
322
327
333
351
677
690
691
695
704
723
740
775
777
782
799
804
813
12
29
145
148
150
166
234
270
276
283
286
303
314
315
326
328
329
330
331
335
358
373
693
718
742
754
783
790
794
796
847
23
112
127
137
147
294
301
310
317
340
355
356
360
362
401
612
628
662
713
719
731
739
743
749
767
771
778
779
797
800
808
809
828
120
136
149
152
154
305
311
324
339
665
669
672
673
674
676
684
686
701
712
720
725
730
741
745
766
772
773
774
801
806
843
987
9
123
131
132
140
185
187
196
227
293
296
298
307
313
321
341
346
405
641
681
694
697
707
714
715
734
735
744
747
748
751
753
756
760
764
784
792
793
816
817
820
824
829
853
126
128
129
133
153
177
200
320
342
359
365
382
407
486
633
663
668
670
705
710
717
727
728
776
786
787
811
819
835
848
859
134
159
352
353
357
363
367
380
394
417
432
581
623
639
675
682
702
708
709
711
722
732
733
752
759
769
770
788
802
805
818
833
838
846
849
878
142
384
393
395
626
634
643
646
648
654
655
659
667
671
679
685
698
716
721
761
807
814
815
832
845
862
11
135
334
337
347
348
364
376
387
412
429
589
593
621
629
631
642
647
650
664
706
746
757
810
821
823
834
840
842
851
856
866
867
5
106
115
119
124
349
350
361
366
368
381
386
390
392
400
408
597
606
610
637
651
687
827
841
865
888
15
102
113
118
374
377
383
388
389
397
418
424
426
428
441
466
505
541
555
571
587
617
620
622
627
636
638
640
649
661
678
700
780
822
837
844
869
872
877
986
345
354
369
370
375
379
385
406
419
532
533
551
554
560
574
577
599
603
605
608
618
619
630
632
652
657
658
812
830
852
855
7
86
116
371
396
402
403
410
416
427
435
512
539
569
578
580
585
588
602
613
644
645
656
699
831
858
864
105
110
398
399
404
411
414
415
430
431
433
437
439
442
449
457
460
463
473
485
491
501
502
543
561
563
565
584
590
592
609
611
614
635
653
979
4
104
111
378
391
409
413
422
445
459
462
464
480
489
490
497
503
518
519
523
526
545
550
562
567
570
575
601
625
870
95
97
122
420
434
436
438
443
453
461
467
468
476
477
499
504
507
509
522
531
534
537
544
546
547
549
564
576
582
586
596
600
607
616
854
861
863
89
93
100
107
421
423
447
448
451
452
454
455
475
479
482
483
492
493
498
510
520
524
525
528
542
558
568
579
583
591
594
595
857
880
3
83
98
440
444
446
450
458
465
469
472
478
487
488
494
500
508
513
514
515
516
521
530
536
548
552
556
557
559
573
598
604
615
860
876
881
0
108
456
470
471
481
484
506
511
517
566
868
874
879
117
121
495
527
535
540
553
572
850
873
875
961
96
114
425
474
529
839
886
889
893
94
125
496
871
882
91
109
538
985
99
883
896
982
2
902
103
885
92
911
8
101
887
85
981
84
90
895
82
87
884
897
890
891
894
6
892
898
920
900
70
88
906
60
80
908
912
984
76
826
901
907
72
905
75
992
73
78
182
904
988
993
277
899
74
81
909
59
71
624
916
983
910
914
991
995
67
903
921
931
63
54
795
917
919
994
77
688
915
69
924
999
52
79
825
58
930
64
918
57
913
927
262
65
68
304
990
66
53
212
281
680
932
48
61
372
926
936
937
343
689
729
929
789
925
332
344
997
55
62
660
692
726
199
233
282
923
284
309
401
696
935
939
202
336
612
928
998
56
486
666
683
785
248
724
253
289
300
373
628
703
768
996
51
273
290
405
691
737
750
251
269
312
351
358
581
677
803
940
219
288
338
407
432
690
738
949
46
223
695
704
763
933
162
195
220
274
292
316
318
319
323
333
356
641
736
755
261
297
308
325
360
362
417
669
693
718
723
758
762
765
922
287
355
382
662
781
239
271
327
328
331
589
593
740
791
836
192
216
229
394
505
633
672
673
934
942
44
267
285
322
335
429
541
665
676
686
804
945
163
178
183
268
329
330
340
412
441
571
623
674
742
47
232
264
266
365
393
395
466
639
643
684
798
191
249
259
295
314
380
533
555
597
663
701
713
719
775
777
782
794
796
49
167
214
241
256
278
279
302
315
326
532
554
606
626
670
743
783
790
799
943
45
160
197
254
291
341
367
387
428
551
587
668
754
948
173
184
235
238
240
339
346
363
384
418
560
574
577
610
621
634
646
648
681
694
712
725
731
739
813
828
847
211
275
317
376
390
424
426
512
539
629
749
809
938
50
201
226
231
306
357
359
408
580
631
654
697
707
730
953
146
221
222
230
245
263
392
400
419
473
485
502
578
588
650
714
715
720
745
779
941
207
209
243
265
310
324
352
460
491
565
569
603
642
647
171
176
228
255
280
299
303
311
342
353
386
388
389
397
427
457
501
526
543
563
585
599
605
608
659
667
735
741
771
772
778
151
155
161
164
174
189
242
247
257
258
272
321
381
383
406
435
463
464
480
489
490
518
523
617
800
808
820
843
193
217
236
244
270
276
283
286
294
301
313
364
416
449
550
561
584
602
619
622
655
675
767
816
168
210
215
260
305
361
366
368
377
431
437
439
442
497
503
507
509
519
590
618
620
637
638
671
711
734
801
139
141
179
180
181
186
205
252
298
320
347
374
379
396
410
430
433
445
459
462
476
499
504
531
545
613
679
682
705
748
774
797
203
213
293
296
307
370
385
402
403
415
461
468
477
544
567
575
627
630
728
747
751
766
806
817
130
143
165
169
170
175
190
198
218
224
225
334
337
348
349
369
411
414
522
534
537
562
592
636
664
702
710
717
811
138
237
246
250
350
375
398
399
434
443
453
467
570
640
727
744
753
829
853
144
157
172
204
345
354
371
404
413
422
436
438
479
492
525
547
549
564
611
649
651
685
756
760
773
824
156
158
188
194
208
234
391
409
420
451
454
455
475
482
483
498
524
546
792
835
848
206
378
421
447
448
452
487
493
510
520
528
530
576
601
609
614
632
687
709
733
764
819
42
166
458
472
478
488
494
500
516
521
542
596
652
661
698
722
793
849
859
862
112
120
145
423
440
444
446
450
465
469
508
513
514
515
536
552
557
558
559
568
586
600
644
708
721
732
776
784
38
136
137
148
150
456
470
471
506
511
517
548
556
579
582
583
594
595
645
706
716
815
950
131
147
227
277
481
484
495
573
591
607
616
635
657
658
787
788
802
28
37
41
127
133
149
187
527
535
540
566
625
653
678
752
769
770
786
833
846
944
123
152
154
185
196
425
474
529
553
598
604
656
805
818
823
832
838
840
867
132
140
200
496
572
746
759
878
947
129
153
177
615
700
761
810
814
845
869
958
43
126
128
134
538
757
834
856
119
262
304
699
842
851
866
135
142
159
182
281
807
821
827
865
946
124
332
343
344
372
624
841
844
952
102
113
282
877
956
115
118
336
822
837
872
106
212
284
309
401
852
864
888
24
233
780
954
373
486
688
855
86
105
290
358
831
107
111
116
253
289
300
405
432
612
812
830
957
33
34
35
36
39
97
100
104
248
269
351
407
680
858
26
93
98
110
122
199
273
338
417
581
660
689
32
83
89
202
251
312
356
589
692
696
288
319
360
628
666
691
857
95
108
117
333
362
382
683
729
795
854
870
959
274
287
316
318
394
505
593
641
690
723
726
861
863
881
964
96
219
292
297
308
323
541
633
669
677
703
10
25
114
125
261
325
327
331
355
441
571
623
662
673
695
704
724
879
967
94
99
121
220
429
597
672
737
874
875
195
223
412
466
533
555
665
686
693
736
738
876
91
322
328
395
676
718
750
768
826
850
860
880
31
109
271
393
639
643
740
873
285
329
340
532
554
606
663
674
684
743
755
758
762
763
765
789
868
871
103
216
239
330
335
365
428
551
587
626
670
701
229
380
418
621
668
839
40
101
384
512
560
574
577
713
742
785
825
882
885
886
893
90
92
162
314
326
502
539
610
629
634
646
650
681
719
781
889
896
978
85
259
267
315
387
424
648
694
754
804
883
16
84
87
264
266
268
367
376
390
426
473
631
697
731
791
803
163
178
191
192
295
341
346
460
569
580
654
712
775
955
22
82
183
291
408
485
565
578
588
707
714
715
730
739
749
777
782
790
20
30
76
214
249
254
279
302
339
359
388
392
400
501
603
642
725
962
18
88
167
363
419
491
543
563
599
647
783
794
887
902
70
232
357
457
526
585
605
741
745
799
75
80
160
231
240
386
397
489
490
518
720
778
798
911
241
256
278
364
366
435
463
464
503
608
617
638
659
667
796
971
72
73
184
306
406
449
480
523
622
772
813
13
60
352
427
497
507
509
519
545
550
561
584
675
711
735
891
895
960
19
78
197
228
238
383
602
618
771
836
897
173
226
265
317
389
459
499
590
619
779
809
970
17
59
74
176
221
242
245
275
280
303
310
381
416
442
476
531
567
613
620
655
671
705
797
884
894
71
235
243
342
353
430
431
439
462
544
637
702
747
892
898
900
951
963
257
321
324
377
437
445
477
504
562
627
766
828
890
21
81
151
263
294
299
410
454
467
534
575
679
682
710
717
734
748
751
801
847
907
63
146
201
207
211
379
396
433
461
468
482
537
570
636
640
649
664
727
767
774
800
67
258
260
270
286
311
320
368
369
411
443
522
525
549
744
816
908
920
52
171
244
301
305
348
399
453
483
592
630
906
54
272
307
370
385
415
455
479
492
611
901
69
79
203
222
230
255
350
398
414
436
448
547
651
709
728
820
77
164
208
209
361
374
475
546
564
582
806
808
811
905
205
210
236
313
349
375
391
402
403
452
478
488
498
528
586
632
698
760
793
817
68
161
165
174
193
224
247
345
404
409
422
434
500
524
530
576
753
912
965
27
57
155
186
347
413
447
450
451
493
594
609
644
685
773
974
1
58
64
198
234
293
337
438
458
508
510
520
558
708
756
976
170
180
190
215
218
252
334
472
513
568
583
706
733
829
843
65
139
141
156
179
189
206
371
378
420
423
487
514
521
552
614
792
916
969
66
175
250
276
298
465
511
515
536
542
559
601
645
652
661
802
12
157
166
204
246
456
481
516
517
595
596
721
722
732
909
914
53
138
213
217
283
296
421
444
446
484
494
616
657
687
716
764
824
835
853
899
903
904
130
168
225
237
557
598
604
607
819
972
48
55
169
181
354
440
573
600
746
752
966
469
540
548
556
591
678
786
910
227
474
506
527
776
784
787
915
931
29
144
471
579
769
788
805
968
23
143
470
495
625
989
9
62
154
158
172
535
635
759
834
917
919
921
975
14
137
152
194
196
653
770
807
818
838
846
848
862
56
61
140
148
188
277
566
615
700
145
200
496
658
814
177
425
529
815
924
149
185
332
553
823
859
913
918
51
344
372
401
656
810
833
849
304
336
343
358
624
699
840
927
112
120
127
133
136
150
262
281
282
486
538
572
11
15
290
356
373
417
432
832
159
187
309
360
394
405
589
761
837
851
867
269
284
287
289
338
351
382
407
973
142
212
300
319
327
333
827
930
5
123
131
132
153
182
233
253
274
312
331
362
441
581
273
292
308
316
318
322
323
355
384
393
395
418
428
429
612
757
780
4
7
128
147
251
288
297
325
340
388
412
505
688
845
46
134
248
285
326
328
329
330
466
541
856
261
314
315
335
346
359
364
365
366
376
380
390
424
822
842
844
855
878
119
126
271
392
400
426
460
502
533
571
593
597
691
821
869
877
932
936
3
129
135
219
220
341
367
386
387
408
473
532
555
628
723
866
986
116
291
339
397
512
551
554
623
633
660
680
696
831
926
44
124
199
202
254
259
295
302
357
363
406
419
457
539
641
669
689
841
865
929
0
102
239
264
266
267
279
352
383
435
463
464
485
490
491
501
503
560
650
666
690
692
812
223
229
268
306
449
489
518
569
574
577
587
606
673
683
45
49
195
216
231
249
280
303
310
377
381
427
454
459
480
497
507
526
543
565
580
621
643
672
704
743
795
852
872
937
118
228
265
278
294
342
353
369
389
430
462
476
499
509
519
523
545
578
588
610
626
629
639
662
677
686
729
864
191
240
242
257
317
321
379
410
416
431
442
445
467
482
563
599
603
631
670
695
703
726
939
108
113
214
241
299
320
324
348
396
399
411
437
439
443
477
544
550
585
634
638
663
665
668
693
724
888
923
928
47
105
106
107
115
256
275
286
433
455
461
483
504
531
561
646
674
676
701
736
830
50
111
245
260
263
270
305
307
350
368
370
415
448
453
468
525
534
562
567
584
605
608
642
647
648
654
681
684
737
740
858
925
935
89
93
163
226
232
238
243
258
301
311
385
436
478
479
492
522
537
549
590
602
613
617
618
622
694
697
718
861
980
86
178
221
398
414
475
570
582
714
738
768
789
987
100
104
162
167
183
192
244
272
452
488
575
619
713
715
750
758
762
763
765
2
117
125
235
349
391
450
498
500
528
546
547
586
620
627
640
649
707
711
719
730
741
754
804
933
160
176
374
375
404
409
447
508
530
564
592
594
659
667
731
755
83
208
255
345
361
402
403
422
451
458
493
524
558
576
611
636
637
671
675
702
712
742
114
184
203
313
413
434
513
632
705
749
781
826
857
977
97
197
207
510
520
568
583
609
630
644
655
664
725
790
870
949
979
109
110
122
173
211
224
236
438
472
739
745
778
860
881
922
96
98
230
234
347
423
511
514
552
651
720
727
747
775
785
791
6
201
210
247
337
487
515
521
536
679
682
698
710
717
777
782
8
95
121
151
205
222
293
334
378
420
456
481
517
542
559
595
614
709
735
772
854
863
94
206
252
465
484
601
604
645
794
825
850
874
171
209
371
516
596
598
607
616
706
708
744
751
783
803
940
165
190
198
218
444
652
661
748
186
246
250
421
446
494
573
657
685
766
771
797
799
146
174
193
215
557
734
893
91
164
204
276
298
839
868
440
540
548
556
591
600
687
716
728
746
796
798
880
156
161
474
678
721
722
733
774
779
801
809
871
879
934
942
945
99
170
175
180
469
813
875
166
179
189
283
296
506
527
625
732
760
793
836
213
217
237
579
752
753
767
816
876
885
82
92
155
227
938
103
354
471
756
802
882
948
84
85
141
157
225
495
615
653
800
811
828
847
889
38
42
139
635
883
953
470
535
773
806
873
101
168
169
624
700
820
196
566
759
764
786
817
896
961
80
277
658
895
90
138
152
154
181
769
808
911
88
130
200
496
589
792
886
28
177
401
486
770
37
41
140
344
553
699
787
805
941
943
43
73
185
332
417
529
656
776
788
807
829
75
76
87
144
358
432
137
143
148
172
194
336
372
784
72
158
819
834
982
188
343
356
394
425
835
304
360
581
612
843
981
70
78
282
290
538
814
891
262
287
388
405
418
572
688
887
281
366
373
723
824
853
897
145
149
269
407
441
691
818
902
159
338
382
384
428
780
894
907
69
212
327
364
597
761
289
309
884
60
71
81
182
233
274
351
395
502
505
696
810
815
838
846
890
906
150
253
319
322
326
333
393
650
823
54
187
284
331
359
390
429
460
466
541
680
743
136
142
362
376
386
392
412
593
633
848
862
292
300
308
400
424
426
533
571
623
628
660
757
837
985
52
127
133
251
285
297
312
314
315
329
340
346
397
454
473
669
689
690
840
898
316
323
330
355
406
408
503
532
555
833
24
79
153
220
273
288
318
325
328
341
365
369
380
383
457
666
692
849
36
39
59
74
120
261
291
335
352
357
367
387
435
449
463
464
489
490
501
512
551
554
641
673
704
795
900
33
34
231
248
254
271
294
303
339
348
377
399
419
455
482
485
539
545
683
827
859
912
944
26
228
259
280
306
320
350
363
379
381
411
430
443
445
448
459
467
491
497
507
518
569
672
892
35
63
132
219
257
295
302
310
353
410
427
462
476
499
509
519
560
574
621
638
729
832
851
32
112
242
265
266
279
307
321
342
370
389
391
396
398
416
431
436
439
442
453
477
478
480
483
526
543
577
587
606
686
920
264
286
299
305
324
368
385
414
415
433
437
450
452
461
475
479
523
525
544
565
582
599
603
629
677
726
855
905
908
191
199
239
260
267
270
345
349
404
409
447
468
488
492
580
610
631
662
822
899
68
128
195
202
240
249
268
301
311
317
375
458
500
504
531
534
550
563
578
588
626
639
643
668
670
703
736
812
831
916
958
57
77
147
216
229
278
413
422
423
451
498
508
549
561
562
567
586
695
697
701
724
845
993
208
214
245
258
361
374
378
402
403
434
493
513
522
528
537
570
584
585
594
665
693
740
821
901
904
910
950
116
123
134
223
226
241
243
244
263
272
275
438
456
472
530
546
605
613
634
642
647
654
681
768
804
844
867
131
256
313
337
347
420
481
511
514
524
547
558
568
590
608
618
622
646
649
663
674
676
694
711
714
741
758
919
984
64
65
67
119
238
334
465
484
510
515
520
575
576
583
602
640
648
715
730
737
754
762
842
917
947
66
234
293
371
444
446
487
517
536
552
564
617
644
684
718
763
765
789
25
176
203
221
224
255
421
521
592
611
627
702
738
856
163
167
232
440
516
542
559
604
609
619
620
632
636
707
750
909
946
126
129
135
236
474
494
595
598
731
778
914
58
124
178
183
206
252
616
671
675
705
713
755
877
903
915
952
10
160
235
250
298
469
540
573
607
630
637
659
667
698
719
727
747
781
841
866
869
921
48
102
246
247
506
527
548
557
596
601
645
651
664
709
790
924
192
207
210
276
354
471
556
614
710
712
742
749
995
108
184
218
296
495
591
655
706
830
956
988
991
198
205
211
230
277
401
470
486
589
600
657
708
717
725
745
772
865
878
162
283
652
661
679
775
791
957
992
53
89
165
190
197
204
227
417
535
579
682
739
744
861
931
954
983
151
173
201
344
624
625
720
746
751
777
782
785
797
913
918
31
56
186
215
222
237
332
358
432
615
678
852
858
209
496
566
735
766
826
61
111
166
193
372
685
716
748
794
864
994
118
171
336
771
872
93
105
107
113
125
156
174
394
529
581
635
653
687
175
196
213
356
553
612
721
722
783
803
106
117
170
225
360
388
733
734
793
799
51
104
146
164
180
217
343
418
728
732
752
801
860
888
16
115
161
290
366
700
774
999
109
179
189
200
282
304
825
857
959
55
100
114
287
658
62
157
177
405
425
597
753
760
802
40
262
384
428
441
538
779
798
809
850
870
152
269
364
373
572
656
688
691
699
796
813
816
22
83
86
155
185
407
650
723
759
767
929
154
169
281
382
502
756
811
20
327
338
836
96
110
139
141
181
505
696
786
964
168
274
541
633
769
773
839
122
140
194
212
233
289
395
460
680
806
847
97
309
326
593
623
743
764
770
800
828
881
925
121
322
333
351
359
390
393
628
660
807
854
30
188
253
319
386
454
466
571
669
820
874
94
98
138
172
376
533
690
805
817
930
17
18
130
137
148
158
284
392
429
689
863
13
144
182
331
400
503
555
666
776
787
967
159
285
412
424
473
692
788
792
308
362
397
426
532
641
673
704
834
19
95
228
251
292
314
346
406
482
638
868
297
300
315
340
369
501
545
551
672
780
808
893
220
231
408
554
569
683
784
149
254
329
330
457
489
490
512
621
143
294
312
348
383
455
463
464
518
539
582
686
814
871
145
242
291
355
399
435
448
449
467
560
729
829
927
50
92
187
257
259
261
303
318
320
341
350
352
478
497
507
519
587
629
819
273
280
316
323
365
377
443
483
485
509
574
577
603
606
670
677
928
82
99
248
265
271
288
307
325
328
380
387
411
459
476
499
525
599
631
662
757
761
795
91
306
339
357
379
445
462
491
668
697
703
726
835
880
142
219
260
367
391
419
430
450
475
477
544
586
639
643
736
21
191
208
286
310
335
381
436
488
526
543
565
580
695
701
818
879
150
295
321
345
370
398
410
452
480
523
594
610
626
649
711
724
741
84
270
302
305
427
453
479
500
534
567
578
588
642
922
937
239
299
342
349
353
396
447
492
508
562
563
654
665
681
693
714
715
740
875
876
46
85
153
195
264
266
279
363
409
414
415
416
431
439
442
458
549
647
810
882
895
199
214
240
385
389
404
423
437
461
504
513
531
550
570
613
640
644
694
702
730
754
838
883
885
926
932
136
216
229
249
301
324
368
375
433
468
498
528
558
561
585
618
622
634
663
676
768
843
103
202
244
378
422
451
493
511
530
546
568
605
646
674
737
758
804
815
824
853
80
133
234
243
245
258
413
456
481
522
537
583
584
608
762
823
837
44
101
203
224
226
267
311
472
484
632
684
765
12
127
268
272
317
402
403
420
434
465
514
576
590
604
627
648
707
718
738
763
846
889
1
47
176
241
263
278
334
337
361
374
438
444
446
515
524
547
598
602
611
698
727
747
778
49
88
206
223
313
347
371
421
474
510
517
520
536
552
575
617
705
731
789
873
73
221
238
293
401
417
440
486
487
559
564
589
636
709
750
45
167
275
521
592
609
675
840
896
132
163
256
358
388
432
494
516
542
595
607
616
619
620
671
955
997
255
332
344
366
394
469
527
540
645
710
862
911
978
90
120
236
250
252
277
354
372
418
506
573
664
706
708
713
719
755
812
827
935
990
75
232
246
298
336
356
360
471
557
637
651
659
717
781
790
87
160
470
495
548
591
601
630
667
749
116
128
183
218
227
296
343
364
384
556
596
624
27
72
178
247
276
428
441
496
535
581
614
657
712
742
745
746
772
822
831
848
198
205
210
235
290
405
600
655
744
962
112
184
204
207
283
287
304
373
382
407
579
612
615
652
661
725
833
855
134
147
190
282
502
751
775
797
849
851
165
327
425
460
529
566
597
625
678
679
939
192
237
338
739
131
230
269
395
454
505
553
682
716
766
791
78
119
151
166
186
211
262
281
326
359
386
390
393
650
720
832
76
162
173
196
322
466
538
541
748
859
886
936
197
215
274
333
351
376
635
653
777
782
821
923
949
69
156
201
222
289
309
319
392
429
691
735
123
200
209
400
503
533
593
685
687
135
331
424
473
571
572
723
785
793
175
193
213
225
633
688
700
721
722
752
771
794
844
845
9
70
81
170
171
397
412
426
482
532
555
623
732
23
108
253
284
285
346
406
628
733
891
971
29
54
124
174
177
217
233
308
314
362
369
501
545
658
728
734
940
180
315
696
799
801
803
842
212
292
340
551
554
569
582
638
656
660
669
680
699
774
783
907
71
152
179
185
297
408
455
457
489
490
512
743
802
906
126
129
164
300
329
518
760
146
161
189
228
251
294
348
383
448
463
464
539
621
641
690
157
231
330
399
435
467
478
560
666
689
753
759
856
894
102
154
254
291
312
320
449
507
519
673
826
830
884
303
350
497
509
525
574
587
629
692
897
37
257
352
355
443
483
485
577
603
672
704
933
52
242
280
341
377
499
586
599
606
683
841
867
887
125
169
220
259
261
307
323
411
459
476
631
756
779
813
998
140
265
316
318
365
686
767
786
798
809
816
890
89
271
273
306
325
450
462
491
544
670
877
970
15
79
155
182
194
260
357
379
380
387
445
475
565
580
594
649
796
934
60
181
288
328
339
391
430
477
488
526
610
639
643
668
677
697
769
773
811
861
111
188
286
436
543
626
662
825
41
159
208
248
310
419
452
534
567
578
642
729
807
902
14
105
168
270
345
367
480
500
523
562
588
770
93
139
141
305
321
335
370
381
398
410
479
508
563
647
654
701
703
711
764
866
869
11
109
113
219
295
453
492
549
640
644
695
726
858
117
118
172
302
447
570
613
665
681
714
805
806
836
74
158
191
299
349
427
513
550
558
715
736
741
780
800
137
148
396
409
458
531
568
618
622
634
693
702
865
57
114
138
266
279
342
415
423
528
561
585
663
694
724
787
852
860
59
239
240
264
353
404
439
442
583
646
740
68
106
187
244
301
414
431
504
546
589
605
632
676
730
847
996
104
115
130
144
214
234
363
375
385
416
461
498
511
530
584
604
608
674
776
788
828
834
63
107
195
229
249
324
378
437
468
493
598
627
648
698
795
817
149
203
216
245
368
389
451
537
754
792
100
224
243
258
433
456
481
484
522
576
590
611
684
737
820
864
226
602
707
727
768
878
899
422
486
514
617
705
747
758
814
850
951
38
199
202
206
272
366
388
413
472
636
709
757
784
857
917
919
64
66
83
267
311
417
536
575
718
738
761
762
870
872
892
910
912
65
142
401
465
515
547
552
616
671
675
731
765
963
145
176
517
559
607
609
645
763
778
804
839
42
77
221
241
263
268
334
337
420
446
524
619
706
708
710
905
916
4
28
96
293
358
418
432
434
444
474
564
592
595
620
664
808
829
898
7
238
317
510
520
750
67
121
143
153
223
278
344
364
394
402
624
713
86
250
313
332
347
403
438
487
651
717
746
110
150
277
356
371
374
421
440
540
637
719
819
900
904
924
167
246
360
361
384
521
542
573
581
659
667
5
227
236
275
516
527
657
749
755
789
48
163
252
336
372
428
612
630
3
255
256
287
494
650
744
56
122
218
290
441
454
502
591
597
601
745
790
343
469
506
557
655
712
781
818
888
94
136
198
210
354
382
405
407
460
596
614
615
652
661
742
772
835
298
327
373
386
471
495
548
556
678
751
810
58
160
178
183
204
232
282
304
326
359
390
395
470
725
97
190
205
247
269
296
338
376
392
393
496
505
600
797
322
400
466
503
535
579
625
691
723
854
915
165
207
397
424
429
482
541
679
716
766
881
921
184
235
274
276
281
319
333
351
369
406
425
426
473
682
775
863
901
133
262
331
412
529
533
566
874
0
43
98
196
237
283
289
309
346
455
501
545
571
593
739
837
908
61
127
166
362
408
448
457
532
538
553
555
582
623
633
720
95
285
314
315
340
348
383
399
464
467
478
489
490
653
688
748
791
815
838
151
186
308
435
449
463
512
518
638
812
823
909
82
200
284
294
320
329
350
443
483
507
551
554
569
635
824
853
868
938
960
192
211
230
253
292
297
330
352
377
411
450
497
509
519
525
539
628
743
777
782
132
215
233
303
459
476
485
499
572
685
696
700
846
156
173
228
291
300
307
341
355
379
391
462
475
560
669
687
722
735
752
843
871
177
231
254
312
365
387
430
436
445
477
488
491
586
621
660
680
721
793
914
918
920
53
116
197
212
222
257
280
357
380
452
544
574
903
92
162
213
225
251
306
318
323
339
345
398
419
500
526
577
587
594
599
603
641
690
732
733
771
893
175
193
201
209
242
316
325
328
367
370
381
410
447
479
480
508
543
565
606
629
699
827
120
259
265
310
453
492
523
534
658
666
673
689
794
822
948
33
128
170
185
260
261
286
321
349
427
458
562
567
580
785
152
271
273
288
305
335
396
409
513
549
631
656
672
734
831
840
270
423
563
578
588
610
649
692
704
728
802
171
217
220
404
415
528
550
558
570
589
913
174
295
302
342
353
439
442
531
568
643
683
134
180
208
299
414
431
498
504
511
546
561
626
639
644
670
686
760
774
801
51
91
461
530
583
613
640
642
759
84
85
248
363
375
385
416
468
493
585
647
662
668
697
799
855
862
942
99
147
154
179
279
301
378
437
584
604
618
622
783
929
119
266
366
368
388
389
451
456
481
484
486
598
654
677
711
803
974
2
164
264
324
522
537
605
608
632
131
146
157
189
417
576
634
753
833
945
161
234
240
244
433
590
681
695
701
702
851
80
219
422
514
611
627
646
663
665
703
714
729
182
401
472
602
715
741
895
35
140
239
249
258
413
536
694
726
880
103
112
169
191
194
515
552
617
648
693
756
786
135
224
243
245
311
547
575
616
636
674
676
698
736
925
36
159
272
418
432
465
517
559
607
609
724
848
885
108
203
229
358
364
730
779
88
188
214
216
645
767
813
816
821
849
73
226
334
394
524
595
619
705
727
740
769
807
832
62
206
267
337
344
446
474
564
581
592
624
684
707
709
875
6
123
332
420
444
675
754
809
811
879
55
181
195
263
268
293
510
520
620
671
770
798
876
101
155
277
356
434
612
706
747
773
780
882
124
241
317
384
650
664
737
796
844
965
24
168
360
708
718
826
221
487
540
597
651
710
764
50
238
250
278
347
402
428
573
637
731
738
805
883
931
141
187
287
313
336
438
454
542
657
768
859
32
139
148
172
176
199
202
246
440
502
521
746
758
762
830
845
972
129
158
290
371
372
403
421
527
659
667
717
795
26
75
137
227
516
630
713
765
806
889
34
39
125
126
223
236
374
778
90
252
275
441
591
601
873
361
460
615
750
763
787
842
102
652
655
719
800
326
343
557
661
691
776
804
138
149
218
255
256
327
359
382
386
596
614
678
723
744
749
788
269
494
87
144
282
304
390
405
407
503
755
757
834
167
198
482
745
825
72
505
506
548
582
712
836
89
130
210
338
376
392
395
556
625
792
817
142
163
274
322
369
373
393
469
541
600
633
638
761
204
298
623
716
742
751
911
247
354
400
545
679
772
847
861
205
397
466
495
579
593
688
725
789
814
190
262
281
333
455
473
682
790
820
828
896
109
111
153
232
319
406
424
533
571
784
69
117
196
289
348
448
471
496
535
743
781
841
8
114
145
178
228
296
346
426
470
478
501
555
653
160
183
294
331
351
429
532
628
696
766
856
941
165
207
285
314
350
399
467
490
569
669
797
78
93
166
235
237
309
315
320
457
489
586
739
105
200
383
408
412
464
483
518
525
660
720
231
276
435
443
450
463
507
512
551
554
566
680
748
775
150
184
253
254
257
292
303
307
308
340
362
377
411
425
449
497
509
519
529
553
621
700
858
54
233
284
329
352
391
459
475
476
499
538
539
635
685
690
113
242
280
291
297
330
379
436
445
452
462
488
594
603
867
143
283
341
345
430
477
485
500
560
589
641
673
752
922
118
370
398
447
491
508
544
574
599
629
649
666
808
177
186
260
300
306
355
357
365
366
380
381
387
388
410
419
423
453
458
479
577
587
687
721
722
819
212
251
265
286
312
339
349
409
480
492
513
526
534
543
689
735
829
215
305
310
321
323
328
367
396
404
427
523
562
565
567
572
606
631
672
732
208
259
316
318
325
414
415
417
486
549
558
580
692
860
953
76
107
151
270
335
375
378
439
442
498
511
528
568
570
578
644
699
704
777
782
877
211
230
261
271
342
353
385
401
418
431
451
456
461
481
484
493
504
531
546
550
563
588
733
791
793
850
25
192
288
299
364
416
437
468
530
583
604
610
640
670
852
156
220
273
295
302
363
368
389
432
561
598
613
642
668
683
686
697
869
104
106
115
173
185
301
358
394
422
433
472
643
324
413
514
522
537
584
585
618
626
639
658
711
771
818
969
136
175
213
225
279
465
576
622
647
656
197
222
344
384
515
632
654
662
71
81
234
266
332
356
474
517
536
552
590
605
608
702
810
866
193
244
248
264
360
420
428
444
446
454
547
611
677
728
839
152
170
201
209
434
524
559
581
734
70
100
240
311
334
337
502
575
602
627
634
681
258
336
510
520
616
701
802
928
372
564
595
607
609
646
665
698
715
741
759
272
277
402
438
441
487
597
617
624
636
663
695
714
760
886
162
217
224
249
287
293
440
460
540
592
612
648
650
694
812
835
219
239
243
245
317
347
371
403
421
521
645
703
794
10
171
527
542
573
729
774
785
865
127
133
191
203
267
290
313
619
693
837
154
174
180
263
374
386
516
620
674
676
726
206
326
359
727
736
121
214
226
229
343
705
709
891
83
182
268
278
327
361
382
671
707
730
753
801
179
216
390
503
591
675
684
706
724
79
250
405
407
482
557
664
241
582
651
740
783
870
116
132
505
601
615
637
708
747
857
246
304
494
630
657
754
799
815
157
269
275
282
376
392
395
596
710
161
164
221
227
238
252
338
369
659
667
756
906
140
159
195
393
541
545
691
52
96
189
322
373
506
548
614
638
718
737
746
786
838
864
884
236
400
556
652
723
823
194
255
274
633
717
731
593
623
661
803
110
146
176
188
256
397
455
625
655
466
469
571
600
678
738
122
169
473
533
758
769
822
831
128
223
298
333
348
406
448
713
31
199
218
281
319
478
807
202
262
354
424
495
501
555
719
778
780
289
346
579
762
767
872
86
294
569
586
688
765
768
846
943
314
350
426
532
628
744
770
824
44
228
285
399
750
907
187
198
320
331
351
467
496
535
743
779
247
315
429
490
518
589
669
679
712
795
937
181
489
525
660
696
716
749
763
773
930
134
147
204
210
309
457
471
551
554
594
621
653
745
120
303
307
383
483
682
811
827
897
94
231
257
296
450
680
764
853
968
366
464
470
497
507
512
519
603
725
755
798
804
805
816
167
254
443
463
509
649
690
751
843
46
190
196
242
253
280
308
388
408
629
742
796
809
813
894
205
232
292
340
391
412
435
499
539
673
155
168
172
233
291
352
377
449
475
560
566
599
641
840
297
329
345
411
488
666
119
260
284
362
476
772
855
163
237
330
459
508
544
574
587
631
635
644
148
158
200
265
379
436
500
553
577
700
276
452
689
131
235
286
306
462
477
485
534
685
720
757
766
208
251
529
567
606
672
692
790
137
165
207
305
341
445
513
558
562
97
139
141
166
259
349
364
370
398
430
447
486
538
604
640
704
108
270
417
423
568
580
670
687
739
787
310
458
479
491
549
565
598
697
721
748
776
788
806
183
300
357
418
492
526
543
570
583
642
722
752
781
789
212
321
409
668
797
98
149
160
178
312
339
410
425
453
511
523
578
610
686
711
60
283
355
381
480
613
683
699
761
135
271
365
387
401
404
419
528
588
632
643
647
735
800
49
184
261
323
378
380
396
546
563
618
626
639
702
40
142
177
299
318
328
358
375
394
415
432
454
456
481
484
498
530
550
572
622
654
732
775
316
325
367
384
414
427
493
531
234
302
353
451
504
561
650
95
186
220
295
301
335
342
356
385
428
431
439
442
461
581
585
826
874
74
138
153
273
288
344
360
368
416
422
437
468
472
502
514
576
584
662
733
834
890
37
332
363
413
433
537
608
854
878
887
112
215
244
389
441
460
465
474
515
522
536
597
605
627
82
144
279
324
444
446
517
552
590
611
612
616
624
677
698
868
68
185
230
287
336
372
386
420
559
658
681
792
821
833
124
266
434
547
607
634
701
741
264
334
337
359
440
482
510
524
575
602
646
714
715
814
240
277
290
311
326
382
390
421
438
487
503
520
595
609
656
224
248
258
402
403
405
407
540
582
636
645
665
784
272
327
343
369
371
376
392
521
527
564
617
663
695
793
863
125
130
211
293
347
374
395
505
542
573
592
694
151
175
243
393
400
455
516
648
703
156
206
213
245
249
317
361
373
397
448
545
192
313
406
466
473
541
771
203
225
338
424
478
494
619
620
727
729
817
92
145
239
263
304
322
591
705
709
45
222
282
348
426
501
506
533
557
671
674
676
730
777
851
862
152
219
267
269
399
467
469
615
693
706
782
791
191
346
548
638
726
728
65
123
173
250
268
278
333
350
429
490
571
593
601
664
675
691
707
734
197
209
226
274
319
366
457
489
532
555
556
596
657
684
736
129
193
201
214
229
450
483
495
518
525
569
586
589
651
708
759
836
246
294
320
331
351
354
383
388
623
633
637
723
747
926
59
216
275
314
464
724
832
881
150
170
227
315
443
496
507
630
710
241
252
281
289
463
471
497
509
519
551
594
614
820
57
285
307
408
512
535
554
802
848
217
298
303
579
600
659
740
746
754
760
238
309
391
412
435
499
625
652
667
255
262
449
470
539
628
661
221
236
340
377
411
475
182
308
345
352
488
828
844
56
154
228
476
603
621
678
774
825
256
257
280
560
717
919
66
174
292
296
329
362
459
508
544
655
669
84
171
254
291
379
436
500
599
688
64
126
180
649
718
731
737
143
218
330
452
566
574
753
830
847
47
195
231
297
364
577
587
629
660
743
888
242
284
162
176
260
462
477
485
486
534
641
696
253
513
567
644
653
713
265
286
306
558
562
631
680
738
179
417
445
553
794
935
305
341
349
568
604
606
690
719
159
223
247
370
398
418
423
447
673
679
430
529
565
580
666
744
310
598
716
785
801
102
198
270
458
549
570
583
640
756
758
233
479
491
526
635
682
778
808
819
189
202
204
538
117
140
194
199
210
259
357
492
543
578
712
208
251
276
300
321
672
689
745
783
109
511
610
642
762
80
157
164
196
339
409
454
613
768
136
237
358
401
523
588
650
670
749
188
312
410
453
528
632
786
232
384
394
647
668
692
697
845
381
404
546
563
581
618
700
63
190
355
378
432
622
639
643
704
725
750
765
99
111
200
205
271
480
550
626
751
161
365
530
799
299
323
481
484
502
597
686
711
261
356
387
428
654
685
755
812
89
360
419
531
561
612
849
169
234
235
318
375
380
498
585
683
687
702
769
344
396
425
456
576
624
763
316
325
328
332
415
608
742
780
212
287
301
302
493
167
283
295
584
616
627
810
187
367
414
572
582
605
607
611
720
85
244
273
342
353
460
662
699
770
807
504
698
721
207
427
451
772
114
288
336
385
386
514
795
803
146
220
335
359
536
552
590
634
722
804
279
290
326
441
482
677
472
559
645
646
681
165
368
439
442
522
537
609
636
752
16
163
166
324
461
474
503
515
766
767
181
277
422
431
468
602
701
714
715
266
372
437
517
595
739
748
818
77
177
369
390
224
327
413
416
465
575
617
638
665
735
773
829
363
547
337
382
433
455
545
648
133
240
258
264
272
334
366
389
392
444
446
658
663
741
376
420
448
478
589
694
732
400
524
311
343
348
388
395
397
405
406
407
505
520
540
573
183
248
293
393
434
440
473
510
527
564
592
695
178
243
322
399
421
424
438
467
487
541
709
764
91
338
350
466
501
542
586
656
703
871
206
269
371
373
426
450
490
516
521
533
619
705
706
727
733
790
203
347
402
403
457
483
489
525
620
691
779
93
127
249
282
294
304
320
346
383
429
443
464
518
623
633
842
245
274
374
463
494
532
571
591
593
615
671
723
313
333
391
497
507
509
555
569
594
160
361
408
435
449
469
475
506
519
657
664
730
797
186
215
230
250
307
314
317
331
364
411
412
488
499
512
557
674
675
168
172
185
315
319
351
377
436
476
548
551
651
693
263
303
345
417
418
452
459
486
495
496
500
508
539
554
556
676
708
729
132
184
352
379
471
596
601
757
781
103
116
239
246
285
354
462
477
544
805
158
289
340
445
447
470
535
707
362
423
454
485
560
637
227
267
268
281
309
398
430
458
513
534
603
226
278
308
329
599
628
630
684
88
155
228
280
370
401
479
579
614
621
191
219
257
291
330
349
384
394
409
432
491
492
558
574
649
73
252
341
453
562
567
577
600
625
710
736
746
262
275
292
358
511
526
549
568
726
298
410
587
604
652
101
105
229
254
297
306
357
404
428
502
543
565
598
629
644
661
747
775
837
214
241
260
286
305
523
528
566
570
667
669
378
381
480
529
580
583
659
113
213
231
242
296
310
481
484
606
148
255
284
339
356
360
538
553
678
789
811
265
321
355
387
530
546
581
631
211
365
419
456
578
724
216
270
396
498
550
563
588
641
650
660
688
225
238
375
380
597
640
236
344
531
717
728
743
137
221
253
300
415
460
613
256
312
332
493
610
655
175
561
696
754
835
323
582
673
414
425
612
632
653
761
798
259
328
367
386
576
618
642
666
680
690
152
222
287
299
318
325
740
776
796
359
316
353
482
585
622
647
759
218
301
336
342
451
504
584
734
793
156
208
271
427
441
624
626
635
643
672
771
850
251
302
326
233
276
385
514
670
816
142
295
608
611
616
639
787
503
536
149
552
605
607
668
731
718
247
261
290
335
369
697
192
209
472
572
590
627
654
689
737
193
197
366
372
537
559
679
713
234
368
439
515
522
692
716
217
390
442
474
589
682
702
151
153
273
288
327
609
711
324
461
545
719
788
195
277
283
388
422
468
517
686
704
744
638
809
201
431
455
595
602
237
279
437
634
645
683
198
382
478
636
223
244
376
392
575
698
700
170
176
348
448
813
173
413
465
547
662
416
738
337
617
646
196
204
363
400
586
712
760
139
334
350
266
397
406
505
681
777
322
343
395
118
182
210
399
573
685
232
444
393
433
467
540
541
687
745
200
294
320
364
407
420
473
594
648
272
389
405
446
501
525
564
758
778
264
338
450
524
633
258
663
677
753
311
483
699
269
346
520
571
623
714
806
293
424
533
592
691
224
490
527
569
307
426
593
619
665
715
802
205
466
489
518
701
725
220
282
749
274
304
615
141
314
383
440
443
510
373
391
418
457
555
620
333
345
434
497
542
694
315
347
532
240
303
421
454
464
475
487
507
509
519
706
721
751
235
417
486
488
591
782
212
463
521
762
371
499
516
551
723
774
190
319
438
508
411
429
331
377
435
436
500
512
657
664
408
449
452
554
649
695
285
476
539
544
658
352
513
603
709
722
154
384
447
459
462
671
243
403
423
458
477
604
621
651
727
791
379
394
401
402
412
445
494
502
741
250
280
351
398
428
432
534
557
558
560
705
358
479
485
599
644
248
313
374
430
469
492
496
506
511
568
596
650
199
340
370
453
548
556
562
598
601
257
349
409
460
481
491
495
567
675
471
484
628
765
289
361
410
549
583
750
800
174
202
245
249
356
362
378
404
456
470
480
482
526
528
535
574
581
329
360
523
543
570
577
582
587
703
768
206
246
263
291
354
498
546
597
629
656
674
720
317
330
381
386
441
530
637
260
308
341
396
493
503
565
625
630
676
708
281
286
305
357
366
375
387
415
419
580
309
414
451
531
203
228
388
550
579
159
306
344
359
455
538
332
339
365
380
427
529
566
310
369
390
425
472
478
504
514
563
578
600
614
254
292
297
321
448
474
588
606
612
631
355
385
442
640
669
742
367
439
561
576
589
461
468
515
545
553
652
336
392
422
536
613
270
326
372
376
431
437
465
552
610
298
353
382
400
517
693
227
242
287
397
406
413
522
537
585
632
265
584
707
752
342
368
399
416
559
618
641
231
262
323
395
467
505
660
755
278
328
348
364
473
661
180
284
393
450
624
678
684
730
267
312
327
405
407
299
350
607
252
268
296
300
325
433
444
616
642
275
446
501
541
547
586
590
622
746
301
316
318
335
483
525
608
611
667
207
363
420
424
595
290
389
605
302
343
324
540
638
647
337
426
572
594
710
490
575
626
322
418
466
524
609
673
688
732
239
259
295
320
346
489
533
643
659
334
602
653
253
338
383
443
518
573
627
735
748
666
391
454
520
255
527
569
571
294
417
457
564
639
271
177
373
696
277
345
486
497
635
670
440
593
307
464
475
509
654
668
226
507
510
519
532
555
645
655
288
488
672
743
333
617
592
636
463
680
690
434
499
279
311
315
411
421
314
384
508
500
293
377
487
542
261
436
234
634
241
251
303
347
371
408
623
633
697
304
429
521
208
276
394
452
551
747
435
229
615
729
319
352
449
476
502
282
331
513
544
273
512
554
401
591
274
428
423
432
516
604
379
438
539
646
358
236
702
447
462
458
558
619
256
366
459
711
717
269
477
266
398
582
603
283
244
568
598
650
698
388
445
460
534
349
511
238
412
482
370
285
581
689
272
356
560
649
351
479
360
386
599
430
567
340
280
597
484
620
648
409
492
562
644
481
485
378
503
589
549
455
478
583
570
456
621
453
369
402
403
557
359
448
441
491
404
364
526
530
528
410
546
494
496
548
498
480
543
493
390
450
451
545
454
467
506
375
469
474
472
381
523
406
495
514
399
471
418
483
396
414
465
473
392
397
400
415
461
470
504
525
468
501
515
565
442
490
419
517
531
535
574
376
424
427
439
443
486
489
505
387
422
437
446
556
417
466
577
662
305
431
444
457
475
536
382
395
425
464
587
385
393
413
426
488
407
433
329
550
348
405
416
463
507
538
420
518
576
374
522
537
552
391
452
497
541
362
428
436
502
508
586
440
500
509
596
344
449
529
533
350
357
476
499
519
411
423
432
435
447
460
380
429
482
561
341
372
388
458
459
563
383
384
580
394
524
540
366
401
462
527
389
532
559
594
326
434
477
365
421
487
510
513
520
445
512
408
361
368
367
547
544
332
354
479
377
438
481
511
455
430
588
484
492
503
379
386
578
478
555
566
584
409
398
412
345
539
612
373
571
521
551
448
453
456
878
893
862
877
896
853
867
881
889
847
888
895
911
864
871
872
861
887
866
900
857
869
876
879
880
885
851
856
865
894
920
836
846
859
897
902
840
843
844
854
874
848
863
875
898
849
852
855
860
870
882
906
907
886
914
825
826
829
835
832
834
837
838
858
873
883
890
905
917
841
868
884
891
892
899
910
828
833
901
904
919
824
842
908
912
915
931
823
827
916
924
845
820
903
909
921
850
913
930
818
819
831
830
918
932
927
816
928
813
810
926
817
814
821
839
925
929
811
822
936
808
809
923
939
935
937
804
815
922
933
949
803
806
801
807
789
799
805
940
934
798
812
938
796
785
795
942
945
953
793
800
797
791
794
948
787
130
802
788
941
143
146
138
141
782
943
792
120
777
781
790
151
139
112
119
124
132
135
136
145
123
133
160
116
140
779
784
786
113
126
148
102
129
144
147
162
163
105
118
137
154
127
134
128
131
182
778
122
157
952
167
944
947
93
107
783
156
161
173
775
106
142
149
164
946
958
97
155
86
111
150
115
950
100
110
768
108
176
98
763
767
172
117
184
158
103
104
168
171
178
89
95
96
183
114
152
774
121
169
153
165
771
776
83
94
772
959
166
170
780
91
766
92
99
191
199
773
101
179
765
956
109
195
762
174
955
764
87
957
88
180
181
85
90
177
202
84
758
125
175
186
192
193
954
769
190
770
761
978
76
159
189
760
70
78
970
80
967
81
197
212
205
962
82
750
188
754
72
74
755
201
73
75
60
187
79
964
185
59
756
194
198
207
214
751
951
52
67
77
209
759
71
66
222
971
63
203
58
216
54
69
57
210
211
68
215
220
213
219
225
743
64
757
738
223
742
969
206
753
739
748
53
221
737
734
62
217
736
745
741
61
65
749
747
740
204
486
401
417
432
441
394
405
407
418
428
429
460
466
505
358
372
373
382
384
388
390
393
395
412
424
426
454
457
463
464
473
489
490
502
503
332
343
344
356
360
364
366
376
380
386
392
397
400
406
408
419
427
430
435
442
445
449
453
455
459
462
467
476
477
480
482
483
485
491
501
507
512
518
532
533
541
336
351
355
362
383
387
411
416
431
433
436
437
439
443
448
450
452
461
468
475
478
479
488
492
497
498
499
504
509
519
523
526
539
551
555
581
589
277
304
327
331
333
338
340
346
357
359
365
367
377
379
381
389
396
399
403
409
410
414
415
422
434
438
447
451
456
458
465
472
481
487
493
500
508
522
525
543
544
545
554
571
300
309
316
319
322
323
325
326
329
335
341
352
363
369
370
374
385
391
398
402
404
413
420
423
440
444
446
469
484
494
510
511
513
514
515
520
521
524
528
530
531
534
537
549
550
560
563
565
569
574
593
597
281
282
284
287
290
308
312
314
315
318
328
330
339
342
348
353
361
368
375
421
470
471
474
495
506
516
517
536
546
547
561
562
567
577
580
584
587
588
612
262
274
285
288
289
292
297
345
349
350
371
378
527
540
542
548
552
558
564
570
578
582
585
590
599
624
269
291
294
295
302
303
306
310
317
320
321
324
347
496
535
556
557
559
568
575
576
583
586
594
606
610
271
273
279
280
299
305
307
311
337
354
425
529
573
602
603
608
253
261
266
267
268
275
278
286
301
313
334
566
592
595
596
605
613
617
621
628
633
248
251
254
259
264
265
270
272
293
538
553
579
591
598
601
604
609
611
618
619
623
626
629
641
233
249
256
257
258
263
276
283
296
298
600
607
620
622
631
638
643
650
242
255
260
572
616
630
632
634
639
647
231
239
240
241
243
244
252
614
627
637
640
642
646
648
660
228
229
238
245
247
615
636
644
649
654
666
226
232
235
236
246
625
645
663
669
670
688
234
250
635
651
659
662
667
668
673
680
689
692
224
230
237
652
655
664
665
672
681
683
690
691
208
653
657
661
671
674
676
677
684
686
695
696
218
675
693
694
697
703
212
658
679
682
701
704
656
685
687
698
702
707
723
729
219
220
227
678
705
711
714
715
182
216
223
712
713
718
719
724
726
195
196
199
202
706
710
200
214
221
708
709
717
720
721
725
730
731
191
700
716
722
727
735
203
207
210
211
222
699
184
197
198
201
205
206
209
215
217
225
732
744
176
178
183
190
192
213
728
733
746
163
167
173
186
193
752
160
165
175
189
204
151
162
171
174
179
180
736
737
738
743
170
181
194
155
156
161
168
188
740
741
742
750
146
157
164
166
169
185
749
755
152
739
745
747
754
758
762
768
141
158
172
177
748
763
765
154
187
734
751
753
138
143
148
772
795
130
139
140
144
145
149
150
159
766
771
775
778
781
137
153
756
760
774
777
782
783
785
789
790
142
759
767
791
804
136
764
773
779
797
803
131
132
133
147
769
794
127
128
134
757
761
770
776
786
793
796
798
799
801
120
802
123
126
129
135
784
787
792
800
806
809
112
780
788
807
813
113
119
124
805
811
816
826
116
118
808
817
102
115
820
825
828
106
111
814
819
836
105
108
122
810
815
818
829
86
107
110
125
824
834
93
100
104
114
117
812
835
838
847
89
96
97
121
823
827
843
83
95
821
822
833
837
94
98
109
831
832
840
846
853
842
848
851
862
91
99
830
844
855
103
841
845
849
856
859
92
101
852
85
90
858
82
84
87
864
866
867
869
48
88
857
860
872
877
70
80
850
854
861
870
55
72
76
865
56
73
78
839
863
874
51
75
878
60
71
74
81
871
881
888
49
52
59
69
868
876
880
45
50
67
44
46
79
401
417
432
486
879
54
63
66
372
394
405
407
418
429
441
873
875
57
64
68
332
343
344
358
373
382
393
395
412
424
426
428
460
466
505
883
893
77
336
356
360
376
380
384
386
387
388
390
392
400
406
408
419
435
449
457
463
464
473
502
885
47
58
277
304
338
351
355
362
364
365
366
367
383
397
416
427
430
431
433
437
439
442
443
445
453
454
459
461
462
467
476
477
480
485
489
490
491
501
503
512
532
533
541
882
309
327
331
333
340
341
357
359
363
377
379
381
389
396
399
403
409
410
411
414
415
422
434
436
438
447
448
451
452
455
468
475
478
479
482
483
492
497
498
499
504
507
509
518
519
526
539
551
581
589
53
65
281
282
300
312
316
319
322
323
325
326
328
329
330
335
339
346
352
368
369
370
374
385
391
398
402
404
413
420
446
450
456
458
465
472
487
488
493
500
523
543
554
555
571
889
896
37
41
42
262
284
290
308
314
315
318
342
353
361
375
421
423
440
444
469
470
481
484
494
508
510
514
520
522
524
525
528
531
534
537
544
545
550
560
565
593
887
895
38
62
287
288
289
292
297
348
349
350
371
378
471
474
495
506
511
513
515
516
517
521
530
546
549
563
569
574
597
624
28
43
61
269
273
274
285
295
302
303
306
310
317
320
321
324
345
347
425
536
542
547
561
562
567
577
580
584
587
588
612
886
33
271
279
291
294
299
305
311
313
334
337
354
496
527
540
548
552
564
570
578
585
599
606
911
35
253
261
267
275
278
280
286
301
307
529
535
556
557
558
559
568
575
576
582
590
610
891
36
251
259
264
266
268
270
293
573
583
586
592
594
602
603
628
884
890
897
34
39
248
254
263
265
272
283
296
298
538
566
595
605
608
613
621
623
633
641
894
902
233
249
256
257
258
276
553
579
591
596
601
611
617
618
626
629
643
24
26
40
255
260
598
600
609
619
620
622
631
639
650
898
20
31
32
231
239
240
241
242
252
572
604
634
638
660
892
900
906
10
229
238
243
244
245
607
614
616
627
630
640
642
646
647
666
688
226
228
232
235
236
247
632
636
637
648
669
680
907
16
25
212
246
250
615
644
649
654
662
663
689
691
692
18
30
219
230
625
635
645
665
668
670
672
673
683
696
905
908
182
220
223
224
234
237
651
659
667
677
690
901
920
22
216
652
655
664
671
674
676
681
684
686
695
899
912
199
202
208
218
661
693
694
703
704
917
195
214
221
653
657
675
697
701
729
904
919
211
222
658
679
682
723
914
916
13
17
19
191
192
197
203
207
209
210
215
227
656
687
702
718
724
726
909
910
183
201
205
217
225
678
685
698
705
707
711
713
714
715
719
903
915
21
27
176
178
198
206
213
712
163
167
184
186
190
193
196
204
706
730
921
924
160
162
171
173
174
175
189
710
720
725
731
913
1
29
165
179
180
200
708
709
717
721
735
918
931
12
23
151
170
181
188
194
716
722
727
155
161
164
168
169
699
700
737
9
14
15
156
166
736
738
743
146
157
185
728
732
733
740
929
930
11
141
158
172
742
744
750
4
5
7
152
187
741
746
755
927
139
143
144
177
739
745
749
752
926
138
148
154
758
762
768
925
932
130
137
145
149
150
159
734
747
754
765
928
3
140
153
748
751
753
763
0
136
147
795
923
936
939
127
131
133
142
756
922
937
2
8
120
128
132
771
772
775
778
781
789
112
134
759
766
777
783
785
790
935
123
126
129
760
774
782
933
949
764
767
773
6
119
135
757
769
779
791
794
803
934
804
940
102
113
115
116
124
770
796
797
798
106
118
761
776
793
799
801
786
800
802
111
486
809
104
105
110
401
784
787
792
806
942
86
89
108
122
417
432
788
813
825
826
938
93
117
372
405
407
780
811
83
97
100
107
114
343
429
441
805
807
808
816
95
98
121
125
277
332
344
373
394
466
505
541
820
945
96
109
358
382
412
418
428
581
589
624
817
836
941
948
304
336
356
393
395
424
460
473
502
532
533
828
94
351
360
362
384
426
457
512
814
815
819
953
99
281
380
387
388
390
408
419
435
449
463
464
485
489
490
491
501
503
539
551
554
555
571
612
829
834
847
943
91
262
309
338
355
365
376
392
400
427
459
480
518
593
810
818
824
103
282
327
331
333
367
386
397
406
416
430
442
445
454
462
476
477
497
499
507
509
519
523
526
543
560
597
812
835
92
101
284
290
300
312
319
340
359
364
366
383
389
431
433
437
439
453
461
467
468
482
504
565
574
947
308
316
318
322
323
325
328
329
335
341
346
357
363
381
396
410
411
443
455
479
483
492
531
544
545
550
563
569
577
587
821
822
823
838
843
846
84
85
287
288
289
326
330
377
379
414
415
434
436
438
448
452
475
478
498
522
525
534
537
561
580
588
606
628
833
837
82
87
90
269
292
297
314
315
339
352
385
398
399
402
403
422
447
451
472
487
488
493
500
528
549
578
827
832
840
845
853
950
952
273
274
285
342
353
361
368
369
370
374
409
413
420
450
458
465
494
508
510
520
524
530
546
547
562
567
584
585
599
610
831
848
849
958
968
253
375
391
404
421
440
444
446
456
469
481
511
513
514
515
516
521
570
590
603
623
633
641
841
842
851
859
862
946
88
261
271
291
295
302
306
310
317
321
324
371
423
470
471
484
506
517
536
542
564
575
621
660
688
830
844
855
944
963
80
233
248
251
279
303
347
348
349
350
378
495
552
558
576
582
592
602
605
608
626
629
643
666
680
856
956
960
972
266
267
268
278
299
311
320
345
474
527
548
557
559
568
586
613
631
639
650
852
974
70
72
76
259
264
275
280
294
301
305
313
337
354
425
496
535
540
556
583
594
617
618
689
866
957
959
966
73
75
254
286
307
334
529
573
595
596
611
619
620
622
634
638
669
683
691
692
858
867
869
954
78
212
249
256
263
265
270
293
566
579
601
609
642
646
647
662
696
864
877
976
60
239
255
257
258
272
276
283
296
298
553
591
600
627
648
663
672
673
677
690
861
865
872
965
81
231
240
241
260
538
598
614
630
632
636
640
654
665
668
670
870
74
182
229
242
245
572
604
607
616
637
649
674
686
695
857
878
951
964
970
71
219
232
238
243
244
644
659
667
676
703
704
839
860
863
888
973
975
978
220
226
228
235
247
252
645
681
684
693
723
729
854
955
962
59
199
223
236
625
635
651
655
664
671
694
701
726
850
868
967
989
48
52
67
69
79
202
216
230
615
652
675
697
724
881
980
54
63
195
246
250
661
718
874
55
214
234
237
679
707
876
880
77
191
211
221
224
653
657
682
702
713
714
715
719
871
879
56
57
68
192
218
222
658
698
705
711
712
873
986
987
58
64
66
183
197
207
208
209
656
685
687
875
971
977
979
51
163
178
201
203
205
210
215
217
678
725
730
731
885
167
176
184
198
213
225
706
709
710
720
737
882
883
886
893
160
162
173
193
708
717
727
735
736
889
961
65
174
186
189
190
206
227
721
738
743
53
171
175
179
180
204
716
722
740
750
151
165
170
181
700
742
755
896
44
46
155
161
164
168
188
194
196
486
699
728
741
744
895
982
984
985
49
61
146
156
169
732
733
758
762
911
992
45
50
62
157
166
200
401
739
745
749
754
765
768
969
981
983
141
158
172
417
432
746
763
887
902
47
139
185
734
747
748
752
795
884
891
988
