173.7
173.7
173.7
173.7
173.7
173.7
173.7
173.7
173.7
173.7
173.7
173.7
173.7
173.7
173.7
173.7
173.7
173.7
173.7
173.7
173.7
173.7
173.7
173.7
173.7
173.7
173.7
173.7
173.7
173.7
173.7
173.7
173.7
173.7
173.7
173.7
173.7
173.7
173.7
173.7
173.7
173.7
173.7
173.7
173.7
173.7
173.7
173.7
173.7
173.7
173.7
173.7
173.7
173.7
173.7
173.8
173.8
173.8
173.8
173.8
173.8
173.8
173.8
173.8
173.8
173.8
173.8
173.8
173.8
173.8
173.8
173.8
173.8
173.8
173.8
173.9
173.9
174.1
174.1
174.1
174.1
174.1
174.1
174.1
174.2
174.2
174.2
174.3
174.4
174.4
174.4
174.5
174.5
174.6
174.6
174.6
174.7
174.9
175.0
175.1
178.2
178.2
178.2
178.2
178.2
178.2
178.2
178.2
178.2
178.2
178.2
178.2
178.2
178.2
178.2
178.2
178.2
178.2
178.2
178.2
178.2
178.2
178.2
178.2
178.2
178.2
178.2
178.2
178.2
178.2
178.2
178.2
178.2
178.2
178.2
178.2
178.3
178.3
178.3
178.3
178.3
178.3
178.3
178.3
178.3
178.3
178.3
178.3
178.3
178.3
178.3
178.3
178.3
178.3
178.3
178.3
178.3
178.3
178.3
178.3
178.3
178.4
178.4
178.4
178.4
178.4
178.4
178.4
178.4
178.4
178.5
178.5
178.5
178.5
178.5
178.6
178.7
179.2
179.2
179.2
179.2
179.2
179.3
179.3
179.4
179.5
179.5
179.7
179.7
179.9
179.9
180.1
180.1
180.2
180.2
180.3
180.6
180.8
181.1
181.4
181.8
181.8
181.8
181.8
181.8
181.8
181.9
181.9
181.9
181.9
181.9
181.9
181.9
181.9
181.9
181.9
181.9
181.9
181.9
182.0
182.0
182.0
182.0
182.0
182.0
182.0
182.0
182.0
182.0
182.0
182.0
182.0
182.0
182.0
182.0
182.1
182.1
182.1
182.1
182.1
182.1
182.1
182.1
182.1
182.1
182.1
182.1
182.1
182.1
182.1
182.1
182.1
182.2
182.2
182.2
182.2
182.2
182.2
182.2
182.2
182.2
182.3
182.3
182.3
182.3
182.3
182.4
182.5
182.5
182.5
182.5
182.6
182.6
182.7
182.7
182.9
183.1
184.0
184.0
184.1
184.1
184.1
184.2
184.3
184.5
184.6
184.8
184.9
185.0
185.0
185.3
185.5
185.8
185.9
186.1
186.3
186.3
186.3
186.3
186.3
186.3
186.3
186.3
186.4
186.4
186.4
186.4
186.4
186.4
186.4
186.4
186.4
186.5
186.5
186.5
186.5
186.5
186.5
186.5
186.5
186.5
186.5
186.5
186.6
186.6
186.6
186.6
186.6
186.6
186.6
186.6
186.6
186.6
186.6
186.6
186.6
186.6
186.7
186.7
186.7
186.7
186.7
186.7
186.7
186.7
186.7
186.7
186.7
186.7
186.8
186.8
186.8
186.8
186.9
186.9
186.9
186.9
186.9
187.0
187.0
187.1
187.1
187.1
187.1
187.3
187.3
187.3
187.3
187.4
187.4
187.4
187.6
187.6
187.8
187.8
188.0
188.5
188.8
188.9
188.9
188.9
189.0
189.0
189.1
189.4
189.5
189.6
189.6
189.6
189.7
189.7
189.7
189.7
189.7
189.7
189.7
189.7
189.8
189.8
189.8
189.8
189.8
189.8
189.8
189.8
189.8
189.8
189.8
189.8
189.8
189.9
189.9
189.9
189.9
189.9
189.9
189.9
189.9
189.9
189.9
189.9
190.0
190.0
190.0
190.0
190.0
190.0
190.0
190.0
190.0
190.0
190.1
190.1
190.1
190.1
190.1
190.1
190.1
190.1
190.1
190.1
190.1
190.2
190.2
190.2
190.2
190.3
190.3
190.3
190.3
190.4
190.4
190.4
190.4
190.5
190.5
190.5
190.6
190.7
190.8
190.9
190.9
191.0
191.0
191.0
191.1
191.1
191.2
191.3
191.3
191.4
191.7
191.9
192.2
192.7
192.9
192.9
193.0
193.0
193.1
193.1
193.1
193.1
193.1
193.1
193.1
193.2
193.2
193.2
193.2
193.3
193.3
193.3
193.3
193.3
193.3
193.3
193.3
193.3
193.3
193.4
193.4
193.4
193.4
193.4
193.4
193.4
193.5
193.5
193.5
193.5
193.5
193.5
193.5
193.6
193.6
193.6
193.6
193.6
193.7
193.7
193.7
193.7
193.7
193.7
193.7
193.8
193.8
193.8
193.8
193.8
193.8
193.8
193.8
193.8
193.8
193.8
193.8
193.9
193.9
194.0
194.0
194.0
194.0
194.0
194.0
194.0
194.1
194.1
194.1
194.2
194.2
194.3
194.3
194.3
194.5
194.5
194.7
194.7
194.9
195.0
195.0
195.0
195.0
195.4
195.4
195.5
195.6
195.8
195.8
196.0
196.2
196.2
196.2
196.2
196.3
196.3
196.3
196.3
196.4
196.4
196.4
196.5
196.5
196.5
196.5
196.5
196.5
196.5
196.6
196.6
196.6
196.6
196.6
196.6
196.6
196.6
196.6
196.7
196.7
196.7
196.7
196.7
196.7
196.7
196.7
196.8
196.8
196.8
196.9
196.9
196.9
196.9
196.9
197.0
197.0
197.0
197.1
197.1
197.1
197.2
197.2
197.2
197.2
197.3
197.3
197.3
197.3
197.4
197.4
197.4
197.5
197.5
197.5
197.5
197.5
197.7
197.7
197.7
197.7
197.7
197.7
197.8
197.8
197.8
197.8
197.9
197.9
198.1
198.3
198.4
198.5
198.5
198.6
198.6
198.6
198.7
198.7
198.7
199.0
199.0
199.1
199.1
199.2
199.2
199.2
199.2
199.3
199.3
199.3
199.4
199.4
199.4
199.5
199.5
199.5
199.5
199.5
199.5
199.6
199.6
199.6
199.6
199.7
199.7
199.7
199.7
199.7
199.7
199.7
199.7
199.7
199.7
199.7
199.8
199.8
199.8
199.8
199.8
199.9
199.9
199.9
199.9
200.0
200.0
200.0
200.0
200.1
200.1
200.1
200.1
200.1
200.2
200.2
200.2
200.2
200.3
200.4
200.4
200.4
200.5
200.5
200.5
200.6
200.6
200.6
200.6
200.7
200.7
200.7
200.8
200.8
201.0
201.0
201.0
201.0
201.1
201.1
201.1
201.1
201.2
201.3
201.3
201.5
201.5
201.7
201.8
201.8
201.8
202.0
202.1
202.1
202.2
202.2
202.4
202.5
202.6
202.6
202.6
202.6
202.6
202.7
202.7
202.7
202.8
202.8
202.8
202.8
202.8
202.9
203.0
203.0
203.0
203.0
203.0
203.1
203.1
203.1
203.1
203.1
203.2
203.2
203.2
203.2
203.2
203.2
203.2
203.2
203.2
203.2
203.3
203.3
203.3
203.4
203.4
203.4
203.4
203.4
203.5
203.5
203.6
203.6
203.6
203.7
203.7
203.7
203.8
203.8
203.8
203.8
203.8
203.8
203.9
203.9
203.9
204.0
204.0
204.0
204.0
204.0
204.2
204.2
204.2
204.3
204.3
204.3
204.4
204.6
204.6
204.6
204.6
204.7
204.7
204.7
204.7
204.8
204.8
205.0
205.1
205.2
205.4
205.4
205.5
205.5
205.6
205.6
205.6
205.6
205.6
205.7
205.7
205.7
205.8
205.8
205.8
205.8
205.9
205.9
205.9
206.0
206.0
206.0
206.0
206.0
206.1
206.1
206.1
206.1
206.1
206.2
206.2
206.2
206.3
206.3
206.3
206.3
206.3
206.4
206.4
206.4
206.4
206.4
206.5
206.5
206.5
206.5
206.5
206.5
206.6
206.6
206.6
206.6
206.7
206.7
206.8
206.8
206.8
206.8
206.8
206.9
206.9
207.0
207.0
207.0
207.0
207.0
207.0
207.1
207.1
207.2
207.2
207.2
207.2
207.2
207.4
207.4
207.5
207.5
207.5
207.6
207.6
207.6
207.7
207.8
207.9
207.9
207.9
207.9
208.0
208.0
208.1
208.1
208.4
208.8
208.9
208.9
208.9
209.0
209.0
209.0
209.2
209.2
209.2
209.2
209.2
209.3
209.3
209.3
209.3
209.3
209.3
209.4
209.4
209.4
209.4
209.4
209.4
209.5
209.5
209.5
209.5
209.5
209.5
209.6
209.6
209.6
209.6
209.6
209.6
209.6
209.7
209.7
209.7
209.7
209.7
209.7
209.8
209.8
209.9
209.9
210.0
210.0
210.0
210.0
210.0
210.0
210.1
210.1
210.1
210.2
210.2
210.2
210.2
210.2
210.3
210.4
210.5
210.5
210.6
210.6
210.6
210.7
210.7
210.8
210.8
210.8
210.9
210.9
210.9
211.0
211.0
211.1
211.3
211.3
211.3
211.4
211.4
211.4
211.5
211.5
211.5
211.7
211.7
211.8
211.8
211.8
211.8
211.9
211.9
211.9
212.0
212.0
212.1
212.2
212.2
212.2
212.3
212.3
212.3
212.3
212.4
212.5
212.5
212.5
212.5
212.5
212.5
212.6
212.6
212.6
212.6
212.6
212.6
212.6
212.7
212.7
212.7
212.8
212.8
212.8
212.8
212.9
212.9
212.9
213.0
213.0
213.0
213.0
213.0
213.1
213.1
213.1
213.1
213.2
213.2
213.2
213.2
213.3
213.4
213.4
213.5
213.5
213.5
213.6
213.7
213.7
213.7
213.8
213.8
213.8
213.8
213.8
213.8
213.9
213.9
214.0
214.1
214.1
214.1
214.1
214.2
214.2
214.2
214.4
214.4
214.5
214.6
214.7
214.7
214.7
214.7
214.7
214.7
214.8
214.8
214.8
214.8
214.8
214.9
214.9
214.9
215.0
215.0
215.1
215.1
215.2
215.2
215.2
215.3
215.3
215.3
215.3
215.3
215.3
215.3
215.4
215.5
215.5
215.5
215.5
215.5
215.6
215.6
215.6
215.6
215.6
215.6
215.6
215.6
215.7
215.7
215.7
215.8
215.8
215.8
215.9
215.9
216.0
216.0
216.0
216.1
216.1
216.2
216.2
216.2
216.2
216.3
216.4
216.4
216.4
216.5
216.5
216.5
216.6
216.6
216.7
216.7
216.9
216.9
216.9
217.0
217.0
217.0
217.0
217.2
217.2
217.2
217.3
217.3
217.3
217.3
217.3
217.4
217.4
217.5
217.7
217.8
217.8
217.9
217.9
217.9
217.9
218.0
218.0
218.0
218.1
218.1
218.2
218.2
218.2
218.2
218.2
218.3
218.3
218.4
218.4
218.4
218.4
218.5
218.5
218.6
218.7
218.7
218.7
218.7
218.7
218.8
218.8
218.8
218.8
218.8
218.8
218.8
218.9
218.9
219.0
219.0
219.0
219.0
219.0
219.1
219.1
219.2
219.2
219.3
219.3
219.3
219.4
219.4
219.4
219.4
219.5
219.5
219.5
219.5
219.5
219.5
219.6
219.7
219.7
219.9
220.0
220.0
220.0
220.1
220.2
220.3
220.3
220.3
220.3
220.3
220.4
220.5
220.5
220.6
220.6
220.6
220.7
220.7
220.8
220.9
220.9
221.1
221.2
221.2
221.2
221.3
221.3
221.4
221.4
221.4
221.4
221.5
221.5
221.5
221.5
221.5
221.5
221.5
221.6
221.6
221.6
221.7
221.7
221.7
221.7
221.7
221.7
221.7
221.8
221.8
221.9
221.9
221.9
221.9
221.9
222.0
222.0
222.0
222.1
222.1
222.1
222.1
222.2
222.3
222.3
222.4
222.4
222.5
222.5
222.5
222.6
222.6
222.6
222.6
222.7
222.8
222.8
223.0
223.0
223.0
223.0
223.2
223.4
223.4
223.4
223.4
223.5
223.5
223.5
223.6
223.6
223.6
223.6
223.6
223.7
223.7
223.7
223.8
223.8
223.8
223.8
223.9
223.9
224.0
224.0
224.5
224.6
224.7
224.7
224.7
224.7
224.8
224.8
224.8
224.8
224.9
224.9
225.0
225.1
225.1
225.1
225.3
225.3
225.3
225.4
225.4
225.5
225.6
225.7
225.7
225.7
225.7
225.8
225.9
225.9
225.9
226.0
226.0
226.0
226.2
226.2
226.3
226.3
226.5
226.5
226.6
226.7
226.7
226.7
226.7
226.8
226.8
226.8
227.0
227.1
227.1
227.1
227.1
227.2
227.2
227.2
227.3
227.3
227.3
227.4
227.4
227.9
227.9
227.9
227.9
227.9
227.9
228.0
228.0
228.0
228.1
228.1
228.1
228.1
228.1
228.1
228.1
228.2
228.2
228.2
228.2
228.2
228.2
228.2
228.2
228.2
228.3
228.3
228.3
228.4
228.4
228.4
228.4
228.5
228.5
228.5
228.5
228.6
228.7
228.7
228.8
228.8
228.9
228.9
228.9
228.9
229.0
229.2
229.2
229.2
229.4
229.5
229.5
229.5
229.6
229.7
229.7
230.0
230.0
230.0
230.1
230.1
230.1
230.1
230.2
230.2
230.4
230.5
230.5
230.5
230.6
230.7
230.7
230.8
230.8
230.8
230.9
230.9
230.9
230.9
230.9
231.0
231.0
231.0
231.0
231.0
231.1
231.1
231.1
231.1
231.1
231.2
231.2
231.2
231.2
231.2
231.3
231.4
231.4
231.4
231.5
231.5
231.6
231.6
231.6
231.6
231.7
231.7
231.7
231.8
231.8
231.8
231.8
231.9
232.0
232.0
232.0
232.0
232.0
232.1
232.2
232.2
232.3
232.3
232.4
232.5
232.5
232.6
232.7
232.7
232.9
233.2
233.2
233.2
233.3
233.3
233.3
233.4
233.4
233.4
233.6
233.6
233.6
233.6
233.7
233.7
233.7
233.8
233.8
233.9
233.9
234.1
234.1
234.1
234.1
234.2
234.2
234.2
234.3
234.3
234.3
234.3
234.4
234.4
234.4
234.5
234.5
234.5
234.6
234.6
234.6
234.6
234.7
234.7
234.7
234.8
234.9
235.0
235.0
235.0
235.0
235.0
235.1
235.1
235.1
235.1
235.1
235.1
235.3
235.3
235.3
235.3
235.3
235.4
235.4
235.4
235.7
235.7
236.0
236.0
236.1
236.1
236.2
236.7
236.7
236.7
236.8
236.9
236.9
236.9
236.9
236.9
236.9
236.9
237.0
237.0
237.1
237.1
237.2
237.2
237.2
237.2
237.3
237.3
237.3
237.3
237.3
237.3
237.4
237.4
237.4
237.4
237.4
237.4
237.5
237.5
237.5
237.6
237.6
237.7
237.7
237.7
237.7
237.7
237.8
237.8
237.9
237.9
237.9
238.0
238.0
238.2
238.2
238.3
238.3
238.5
238.5
238.5
238.5
238.6
238.6
238.6
238.6
238.7
238.7
238.7
238.8
238.8
238.8
238.8
238.9
239.0
239.0
239.0
239.0
239.0
239.1
239.1
239.1
239.1
239.2
239.3
239.6
239.6
239.9
239.9
240.0
240.0
240.0
240.1
240.1
240.1
240.1
240.2
240.2
240.3
240.3
240.4
240.4
240.4
240.4
240.5
240.5
240.5
240.5
240.6
240.6
240.6
240.6
240.6
240.7
240.7
240.7
240.8
240.8
240.8
240.8
240.9
241.0
241.0
241.0
241.0
241.1
241.1
241.1
241.2
241.3
241.4
241.5
241.5
241.5
241.5
241.7
241.8
241.8
241.8
241.8
241.8
241.9
242.1
242.2
242.2
242.3
242.3
242.3
242.4
242.4
242.4
242.4
242.4
242.5
242.5
242.6
242.6
242.7
242.8
242.8
242.8
242.9
243.0
243.0
243.0
243.2
243.2
243.2
243.3
243.3
243.4
243.6
243.7
243.7
243.7
243.7
243.8
243.8
243.8
243.8
243.8
243.8
243.9
243.9
243.9
243.9
244.0
244.0
244.0
244.1
244.1
244.1
244.1
244.2
244.2
244.3
244.3
244.3
244.3
244.4
244.4
244.4
244.5
244.5
244.5
244.6
244.6
244.6
244.6
244.7
244.7
244.9
244.9
244.9
244.9
245.0
245.0
245.1
245.2
245.3
245.3
245.3
245.3
245.4
245.6
245.9
245.9
246.1
246.1
246.2
246.2
246.3
246.3
246.3
246.4
246.5
246.5
246.6
246.7
246.7
246.7
246.7
246.7
246.8
246.8
246.8
246.9
246.9
247.2
247.2
247.3
247.4
247.4
247.4
247.5
247.5
247.5
247.5
247.5
247.6
247.6
247.7
247.7
247.7
247.7
247.7
247.8
247.8
247.8
247.8
247.9
247.9
247.9
247.9
247.9
248.0
248.0
248.1
248.1
248.1
248.1
248.2
248.2
248.2
248.3
248.4
248.4
248.4
248.4
248.6
248.6
248.6
248.6
248.6
248.7
248.9
248.9
249.0
249.0
249.0
249.0
249.0
249.0
249.1
249.1
249.1
249.2
249.3
249.4
249.4
249.5
249.5
249.6
249.7
249.7
249.7
249.8
249.9
249.9
250.0
250.2
250.2
250.3
250.3
250.4
250.4
250.5
250.5
250.6
250.7
250.7
250.7
250.7
250.8
250.8
250.9
251.0
251.0
251.0
251.0
251.1
251.1
251.1
251.2
251.2
251.2
251.3
251.3
251.3
251.3
251.4
251.4
251.5
251.5
251.6
251.6
251.6
251.6
251.6
251.7
251.7
251.7
251.8
251.8
251.8
251.8
251.9
251.9
251.9
252.1
252.2
252.2
252.2
252.2
252.3
252.3
252.3
252.4
252.4
252.4
252.5
252.5
252.5
252.6
252.6
252.6
252.6
252.7
252.7
252.7
252.8
252.9
252.9
253.0
253.0
253.2
253.3
253.3
253.4
253.4
253.4
253.6
253.6
253.6
253.7
253.8
254.0
254.1
254.2
254.2
254.2
254.2
254.3
254.3
254.4
254.4
254.5
254.6
254.6
254.7
254.7
254.7
254.7
254.8
254.8
254.8
254.8
254.9
254.9
254.9
254.9
254.9
254.9
255.0
255.0
255.1
255.1
255.1
255.2
255.2
255.3
255.3
255.3
255.4
255.5
255.5
255.6
255.7
255.7
255.7
255.8
255.8
255.8
255.9
256.0
256.0
256.1
256.1
256.1
256.2
256.2
256.2
256.3
256.3
256.4
256.4
256.5
256.5
256.6
256.6
256.6
256.6
256.6
256.9
257.0
257.0
257.1
257.2
257.3
257.3
257.5
257.5
257.5
257.6
257.6
257.7
257.8
257.9
258.0
258.1
258.1
258.1
258.2
258.2
258.2
258.3
258.4
258.5
258.6
258.6
258.7
258.8
258.9
259.0
259.0
259.0
259.1
259.1
259.1
259.2
259.4
259.4
259.4
259.4
259.4
259.5
259.6
259.7
259.7
259.9
260.0
260.0
260.1
260.2
260.2
260.4
260.5
260.5
260.5
260.5
260.6
260.6
260.8
260.8
260.9
260.9
260.9
260.9
261.0
261.1
261.1
261.1
261.1
261.2
261.2
261.4
261.4
261.4
261.4
261.5
261.5
261.6
261.7
261.7
261.8
262.0
262.0
262.3
262.3
262.3
262.4
262.4
262.5
262.7
262.7
262.7
262.8
262.8
262.9
262.9
263.1
263.2
263.3
263.3
263.3
263.4
263.5
263.6
263.7
264.0
264.1
264.1
264.1
264.2
264.2
264.4
264.5
264.5
264.5
264.6
264.6
264.6
264.8
264.8
264.9
265.1
265.1
265.4
265.5
265.6
265.6
265.7
265.9
265.9
265.9
266.0
266.2
266.2
266.2
266.3
266.3
266.5
266.8
266.9
266.9
267.1
267.3
267.4
267.5
267.7
267.9
267.9
267.9
268.2
268.2
268.2
268.4
268.5
268.7
268.8
268.9
269.0
269.0
269.1
269.2
269.2
269.3
269.3
269.4
269.7
269.9
269.9
270.2
270.5
270.6
270.8
270.9
271.1
271.3
271.6
271.6
271.6
271.7
272.0
272.5
272.8
273.1
273.8
274.0
274.0
274.0
274.5
274.6
274.7
275.2
275.3
275.5
275.9
275.9
276.2
276.3
276.7
276.9
277.3
277.6
277.9
278.8
279.7
279.7
281.0
281.0
282.6
283.6
283.8
285.0
285.8
286.3
287.7
289.9
292.5
293.0
293.2
296.0
319.7
319.9
502.0
502.0
502.0
502.0
502.0
502.0
502.0
502.0
502.0
502.0
502.1
502.1
502.6
502.6
502.7
502.8
502.8
502.8
502.8
502.8
502.8
502.8
502.8
502.8
502.8
502.8
502.8
502.8
502.9
503.1
503.4
503.7
503.8
504.7
504.8
505.0
505.0
505.0
505.0
505.2
505.2
505.3
505.4
505.6
505.7
505.7
505.7
505.8
505.8
506.2
506.3
506.3
506.5
506.5
506.5
506.6
506.6
506.8
506.8
506.9
507.0
507.0
507.0
507.1
507.1
507.1
507.2
507.2
507.2
507.3
507.4
507.4
507.4
507.4
507.4
507.5
507.5
507.5
507.5
507.5
507.6
507.6
507.6
507.7
507.7
507.7
507.7
507.7
507.7
507.7
507.7
507.8
507.8
507.8
507.8
507.8
507.8
507.8
507.8
507.9
507.9
507.9
507.9
507.9
507.9
507.9
507.9
507.9
508.3
508.3
508.4
508.4
508.6
508.6
508.7
508.7
508.7
508.7
508.7
508.7
508.8
508.9
509.0
509.1
509.2
509.2
509.4
509.8
509.8
509.9
509.9
510.1
510.1
510.1
510.3
510.3
510.3
510.3
510.4
510.5
510.6
510.7
510.8
511.0
511.1
511.1
511.2
511.2
511.3
511.5
511.6
511.7
511.8
511.8
511.9
512.0
512.0
512.1
512.3
512.3
512.3
512.4
512.4
512.4
512.5
512.5
512.5
512.5
512.6
512.6
512.6
512.7
512.7
512.8
512.8
512.8
512.8
512.8
512.8
512.8
512.9
512.9
512.9
513.0
513.0
513.0
513.0
513.0
513.0
513.0
513.0
513.0
513.0
513.0
513.1
513.1
513.1
513.1
513.1
513.1
513.9
513.9
514.0
514.0
514.0
514.6
514.6
514.7
514.8
514.8
514.9
515.1
515.1
515.5
515.5
515.6
515.7
515.7
515.7
515.7
515.8
515.8
515.8
515.8
515.8
515.9
515.9
516.0
516.0
516.1
516.1
516.1
516.2
516.2
516.2
516.3
516.4
516.5
516.5
516.6
516.6
516.6
516.7
516.8
516.8
516.9
516.9
517.0
517.0
517.1
517.1
517.1
517.4
517.4
517.4
517.5
517.5
517.5
517.6
517.6
517.6
517.7
517.7
517.7
517.8
517.9
517.9
517.9
518.0
518.0
518.0
518.1
518.1
518.1
518.1
518.1
518.2
518.3
518.3
518.3
518.3
518.4
518.5
518.5
518.5
518.5
518.5
518.5
518.5
518.6
518.6
518.6
518.6
518.6
518.6
518.6
518.7
518.7
518.7
518.8
519.0
519.0
519.2
519.2
519.6
519.6
519.6
519.7
519.8
520.0
520.2
520.2
520.3
520.4
520.5
520.7
520.7
520.7
520.8
520.8
520.9
521.0
521.0
521.0
521.0
521.1
521.1
521.3
521.3
521.4
521.4
521.4
521.4
521.4
521.6
521.6
521.8
521.8
521.8
521.8
521.8
521.9
521.9
521.9
522.0
522.1
522.1
522.1
522.1
522.1
522.1
522.2
522.2
522.3
522.4
522.4
522.4
522.5
522.5
522.5
522.6
522.6
522.7
522.7
522.7
522.8
522.8
522.8
522.9
522.9
522.9
522.9
522.9
522.9
522.9
523.0
523.0
523.0
523.1
523.1
523.1
523.2
523.2
523.2
523.3
523.3
523.3
523.3
523.4
523.5
523.5
523.6
524.4
524.8
525.4
525.6
525.8
525.9
526.2
526.2
526.3
526.3
526.5
526.6
526.7
526.8
527.1
527.1
527.2
527.3
527.3
527.3
527.3
527.4
527.4
527.4
527.4
527.5
527.5
527.6
527.6
527.7
527.7
527.8
527.9
528.0
528.0
528.0
528.0
528.1
528.1
528.1
528.2
528.2
528.2
528.2
528.2
528.3
528.3
528.4
528.5
528.5
528.7
528.7
528.7
528.8
528.8
529.0
529.0
529.1
529.1
529.1
529.2
529.2
529.2
529.3
529.3
529.3
529.4
529.4
529.4
529.4
529.5
529.6
529.6
529.6
529.6
529.7
529.7
529.7
529.7
529.8
529.8
529.9
530.0
530.0
530.1
530.1
530.1
530.1
530.1
530.3
530.3
530.3
530.3
530.3
530.4
530.4
530.5
530.5
530.6
530.6
530.7
530.7
530.8
530.9
530.9
530.9
531.0
531.0
531.1
531.1
531.3
531.3
531.4
531.4
531.4
531.4
531.5
531.5
531.5
531.6
531.6
531.6
531.6
531.7
531.7
531.8
531.9
531.9
531.9
532.0
532.0
532.0
532.0
532.1
532.1
532.1
532.1
532.2
532.2
532.3
532.4
532.4
532.6
532.6
532.7
532.7
532.7
532.8
532.8
532.9
532.9
532.9
533.0
533.1
533.2
533.2
533.2
533.3
533.4
533.4
533.4
533.5
533.5
533.5
533.6
533.6
533.7
533.7
533.8
533.8
533.8
533.9
533.9
534.0
534.1
534.1
534.1
534.2
534.2
534.2
534.3
534.3
534.3
534.3
534.4
534.4
534.5
534.6
534.6
534.6
534.7
534.8
534.9
535.0
535.0
535.0
535.1
535.1
535.1
535.1
535.1
535.1
535.1
535.1
535.2
535.2
535.3
535.4
535.4
535.4
535.4
535.4
535.5
535.5
535.5
535.6
535.6
535.6
535.6
535.7
535.7
535.7
535.7
535.7
535.8
535.8
535.8
535.9
535.9
535.9
535.9
536.0
536.0
536.0
536.0
536.1
536.1
536.1
536.1
536.2
536.4
536.4
536.4
536.5
536.5
536.5
536.5
536.5
536.6
536.6
536.6
536.6
536.7
536.7
536.8
536.8
536.8
536.9
536.9
536.9
536.9
536.9
536.9
536.9
537.1
537.1
537.2
537.2
537.2
537.3
537.3
537.4
537.5
537.5
537.5
537.6
537.6
537.7
537.8
538.0
538.2
538.4
538.5
538.8
539.0
539.1
539.1
539.2
539.2
539.2
539.3
539.4
539.4
539.5
539.5
539.6
539.6
539.6
539.6
539.7
539.7
539.7
539.7
539.8
539.8
539.8
539.9
539.9
539.9
539.9
539.9
539.9
540.0
540.0
540.0
540.0
540.0
540.0
540.0
540.1
540.1
540.2
540.2
540.2
540.3
540.3
540.3
540.3
540.4
540.4
540.5
540.6
540.6
540.6
540.6
540.6
540.7
540.7
540.7
540.8
540.8
540.8
540.8
540.8
540.9
541.0
541.0
541.0
541.0
541.0
541.0
541.1
541.1
541.2
541.2
541.2
541.3
541.3
541.4
541.4
541.5
541.5
541.6
541.6
541.7
541.8
541.9
541.9
541.9
541.9
542.0
542.0
542.1
542.3
542.4
542.4
542.4
542.5
542.7
542.7
542.8
542.9
542.9
542.9
542.9
542.9
542.9
542.9
542.9
543.0
543.1
543.2
543.3
543.3
543.3
543.3
543.4
543.4
543.4
543.5
543.5
543.5
543.5
543.5
543.6
543.6
543.6
543.6
543.6
543.7
543.7
543.7
543.7
543.7
543.8
543.8
543.8
543.8
543.8
543.9
543.9
543.9
544.0
544.0
544.0
544.0
544.0
544.0
544.2
544.2
544.2
544.2
544.2
544.3
544.3
544.3
544.3
544.3
544.4
544.4
544.4
544.4
544.4
544.4
544.5
544.5
544.5
544.6
544.7
544.7
544.8
544.8
544.8
544.8
544.8
544.9
545.0
545.0
545.0
545.1
545.1
545.2
545.2
545.3
545.4
545.4
545.5
545.6
545.6
545.6
545.8
545.9
546.0
546.0
546.1
546.1
546.1
546.2
546.2
546.2
546.2
546.3
546.3
546.3
546.3
546.4
546.4
546.4
546.5
546.5
546.5
546.5
546.6
546.7
546.7
546.8
546.8
546.8
546.9
546.9
546.9
546.9
547.0
547.1
547.1
547.1
547.2
547.2
547.2
547.3
547.3
547.3
547.3
547.4
547.4
547.4
547.4
547.5
547.5
547.5
547.5
547.6
547.6
547.6
547.6
547.6
547.6
547.7
547.7
547.8
547.8
547.8
547.8
547.9
547.9
548.0
548.1
548.1
548.1
548.1
548.2
548.2
548.2
548.3
548.3
548.3
548.4
548.5
548.5
548.6
548.6
548.6
548.7
548.8
548.9
549.0
549.0
549.1
549.2
549.2
549.3
549.4
549.4
549.4
549.7
549.7
549.7
549.7
549.8
549.9
549.9
550.0
550.0
550.0
550.0
550.0
550.1
550.1
550.1
550.1
550.1
550.2
550.2
550.3
550.3
550.3
550.3
550.4
550.4
550.4
550.5
550.6
550.6
550.6
550.7
550.7
550.8
550.8
550.8
550.8
550.9
550.9
550.9
550.9
550.9
550.9
550.9
551.0
551.0
551.0
551.0
551.0
551.1
551.1
551.1
551.2
551.2
551.3
551.3
551.4
551.4
551.4
551.4
551.5
551.5
551.5
551.6
551.6
551.6
551.7
551.7
551.7
551.7
551.8
551.8
551.8
551.9
551.9
552.0
552.0
552.0
552.1
552.1
552.2
552.4
552.5
552.6
552.7
552.7
552.7
552.7
552.8
552.8
552.9
553.0
553.0
553.0
553.1
553.1
553.1
553.1
553.2
553.2
553.2
553.2
553.3
553.3
553.3
553.3
553.3
553.3
553.4
553.4
553.4
553.4
553.5
553.5
553.5
553.6
553.7
553.7
553.7
553.8
553.8
553.8
553.8
553.8
553.9
554.0
554.0
554.0
554.0
554.1
554.1
554.1
554.1
554.1
554.2
554.2
554.2
554.3
554.3
554.3
554.3
554.4
554.4
554.4
554.4
554.4
554.4
554.5
554.5
554.5
554.6
554.7
554.7
554.7
554.7
554.7
554.8
554.8
554.8
554.8
554.8
554.8
554.8
554.8
554.9
555.0
555.0
555.1
555.1
555.2
555.2
555.2
555.4
555.6
555.7
555.8
555.8
555.8
556.0
556.1
556.1
556.2
556.2
556.2
556.2
556.3
556.3
556.4
556.4
556.5
556.5
556.6
556.6
556.6
556.6
556.6
556.7
556.7
556.8
556.8
556.9
556.9
556.9
556.9
556.9
556.9
556.9
557.0
557.0
557.0
557.0
557.1
557.3
557.3
557.4
557.4
557.4
557.4
557.4
557.5
557.5
557.5
557.6
557.6
557.6
557.7
557.7
557.7
557.7
557.8
557.8
557.8
557.8
557.8
557.8
557.9
557.9
557.9
558.0
558.0
558.1
558.2
558.2
558.2
558.2
558.2
558.2
558.3
558.3
558.3
558.3
558.4
558.5
558.5
558.6
558.6
558.6
558.7
558.7
558.9
558.9
559.0
559.0
559.0
559.1
559.2
559.2
559.2
559.2
559.2
559.3
559.3
559.4
559.4
559.5
559.5
559.5
559.6
559.6
559.6
559.6
559.6
559.6
559.7
559.7
559.7
559.7
559.7
559.8
559.9
560.0
560.0
560.0
560.1
560.1
560.2
560.2
560.2
560.2
560.3
560.3
560.3
560.3
560.4
560.4
560.4
560.4
560.4
560.4
560.5
560.5
560.6
560.7
560.8
560.8
560.8
560.8
560.8
560.8
560.8
560.9
561.0
561.0
561.0
561.0
561.1
561.2
561.2
561.2
561.2
561.2
561.2
561.3
561.3
561.3
561.4
561.4
561.4
561.4
561.4
561.5
561.6
561.7
561.8
561.8
561.9
561.9
561.9
561.9
562.0
562.1
562.1
562.1
562.2
562.2
562.3
562.4
562.4
562.4
562.5
562.6
562.6
562.6
562.7
562.7
562.7
562.7
562.8
562.8
562.8
562.8
562.9
563.1
563.1
563.2
563.3
563.3
563.4
563.4
563.5
563.5
563.5
563.5
563.5
563.5
563.6
563.6
563.6
563.6
563.6
563.7
563.7
563.7
563.8
563.8
563.8
563.9
563.9
563.9
563.9
564.0
564.0
564.0
564.0
564.1
564.1
564.1
564.1
564.1
564.2
564.2
564.3
564.3
564.4
564.4
564.4
564.5
564.5
564.5
564.6
564.6
564.6
564.6
564.6
564.7
564.7
564.8
564.9
564.9
564.9
565.0
565.0
565.1
565.2
565.3
565.4
565.4
565.4
565.5
565.5
565.5
565.5
565.6
565.6
565.7
565.7
565.7
565.7
565.8
565.9
565.9
565.9
566.0
566.0
566.0
566.1
566.1
566.1
566.1
566.1
566.2
566.2
566.3
566.4
566.5
566.5
566.5
566.5
566.6
566.6
566.6
566.7
566.7
566.7
566.7
566.9
566.9
566.9
567.0
567.0
567.0
567.0
567.0
567.1
567.1
567.1
567.1
567.2
567.2
567.3
567.3
567.3
567.4
567.5
567.5
567.5
567.5
567.5
567.5
567.6
567.6
567.6
567.6
567.7
567.7
567.7
567.7
567.9
567.9
567.9
568.0
568.0
568.0
568.1
568.2
568.2
568.3
568.3
568.4
568.5
568.5
568.5
568.5
568.6
568.6
568.6
568.6
568.6
568.7
568.7
568.8
568.8
568.9
568.9
568.9
568.9
568.9
568.9
569.0
569.0
569.1
569.1
569.1
569.1
569.1
569.2
569.2
569.5
569.6
569.6
569.6
569.7
569.7
569.8
569.9
569.9
570.0
570.1
570.1
570.1
570.1
570.2
570.3
570.3
570.3
570.3
570.4
570.4
570.4
570.4
570.5
570.5
570.5
570.5
570.6
570.6
570.6
570.7
570.7
570.7
570.7
570.8
570.8
570.9
570.9
571.1
571.1
571.2
571.2
571.2
571.3
571.4
571.5
571.6
571.6
571.6
571.7
571.8
571.9
571.9
571.9
571.9
571.9
572.0
572.0
572.0
572.0
572.1
572.2
572.2
572.3
572.3
572.4
572.4
572.5
572.5
572.5
572.7
572.8
572.8
572.9
572.9
573.0
573.0
573.1
573.1
573.2
573.2
573.2
573.2
573.2
573.3
573.4
573.4
573.5
573.6
573.6
573.6
573.6
573.6
573.6
573.7
573.7
573.7
573.7
573.8
573.8
573.9
574.0
574.0
574.0
574.0
574.0
574.1
574.1
574.2
574.2
574.2
574.3
574.3
574.3
574.4
574.5
574.5
574.5
574.5
574.6
574.6
574.6
574.6
574.6
574.7
574.8
574.8
574.8
575.0
575.0
575.0
575.0
575.1
575.1
575.2
575.2
575.3
575.3
575.4
575.4
575.5
575.5
575.6
575.6
575.6
575.7
575.7
575.8
575.9
575.9
575.9
575.9
576.0
576.0
576.0
576.2
576.2
576.2
576.2
576.2
576.3
576.3
576.4
576.4
576.4
576.5
576.5
576.5
576.6
576.6
576.6
576.7
576.7
576.7
576.7
576.7
576.8
576.8
576.9
576.9
577.0
577.0
577.0
577.1
577.1
577.2
577.2
577.2
577.3
577.3
577.4
577.5
577.6
577.7
577.9
577.9
577.9
578.1
578.1
578.2
578.2
578.3
578.3
578.3
578.3
578.4
578.4
578.4
578.5
578.5
578.6
578.6
578.6
578.6
578.7
578.8
578.9
579.0
579.1
579.2
579.4
579.4
579.4
579.5
579.5
579.5
579.5
579.5
579.6
579.6
579.7
579.7
579.9
579.9
579.9
579.9
579.9
580.0
580.0
580.0
580.1
580.1
580.1
580.2
580.3
580.3
580.3
580.3
580.4
580.4
580.4
580.5
580.5
580.6
580.6
580.6
580.7
580.8
580.8
580.8
580.9
581.0
581.1
581.3
581.3
581.4
581.4
581.5
581.5
581.7
581.9
581.9
581.9
581.9
582.0
582.0
582.1
582.1
582.1
582.2
582.2
582.3
582.3
582.3
582.4
582.4
582.5
582.5
582.6
582.7
582.7
582.7
582.7
582.8
582.8
582.8
582.9
582.9
583.0
583.1
583.1
583.1
583.2
583.2
583.4
583.4
583.4
583.4
583.4
583.4
583.4
583.5
583.5
583.5
583.6
583.6
583.7
583.8
583.8
583.8
583.8
583.8
583.9
583.9
584.0
584.0
584.0
584.1
584.1
584.1
584.2
584.2
584.2
584.2
584.3
584.3
584.4
584.4
584.4
584.5
584.5
584.6
584.7
584.7
584.8
584.8
585.2
585.2
585.3
585.4
585.4
585.4
585.4
585.6
585.7
585.7
585.7
585.7
585.8
585.8
585.9
585.9
585.9
586.0
586.1
586.1
586.2
586.3
586.3
586.4
586.5
586.6
586.6
586.6
586.7
586.7
586.7
586.8
586.9
586.9
586.9
586.9
586.9
587.0
587.0
587.1
587.2
587.3
587.3
587.4
587.4
587.4
587.4
587.5
587.5
587.6
587.6
587.7
587.7
587.9
587.9
587.9
588.0
588.1
588.1
588.5
588.5
588.5
588.6
588.6
588.8
588.8
588.9
588.9
588.9
588.9
588.9
589.0
589.1
589.1
589.1
589.2
589.2
589.2
589.4
589.5
589.6
589.7
589.7
589.8
589.8
589.8
589.9
589.9
589.9
590.0
590.0
590.1
590.1
590.1
590.2
590.2
590.3
590.3
590.3
590.3
590.3
590.3
590.4
590.5
590.5
590.6
590.6
590.7
590.7
590.7
590.7
590.8
590.8
590.8
590.8
590.9
590.9
590.9
591.0
591.0
591.1
591.2
591.3
591.3
591.3
591.4
591.4
591.4
591.5
591.5
591.6
591.7
591.8
591.9
591.9
592.1
592.1
592.1
592.2
592.3
592.3
592.3
592.3
592.4
592.4
592.4
592.6
592.9
592.9
592.9
592.9
593.0
593.0
593.0
593.1
593.1
593.1
593.1
593.2
593.2
593.2
593.2
593.3
593.3
593.4
593.4
593.4
593.4
593.5
593.5
593.6
593.7
593.9
593.9
593.9
594.0
594.0
594.0
594.0
594.0
594.1
594.1
594.1
594.1
594.1
594.2
594.2
594.3
594.3
594.4
594.4
594.5
594.5
594.5
594.5
594.8
594.9
595.0
595.1
595.2
595.2
595.2
595.3
595.3
595.3
595.3
595.4
595.4
595.4
595.5
595.6
595.6
595.7
595.8
595.9
595.9
596.0
596.1
596.1
596.2
596.2
596.2
596.3
596.4
596.5
596.6
596.6
596.6
596.7
596.7
596.8
596.9
596.9
596.9
597.0
597.0
597.2
597.3
597.3
597.3
597.3
597.4
597.5
597.6
597.6
597.7
597.7
597.8
597.8
597.8
597.8
597.8
597.9
598.0
598.0
598.0
598.0
598.2
598.2
598.2
598.4
598.4
598.4
598.5
598.5
598.6
598.6
598.7
598.7
598.7
598.8
598.8
598.9
598.9
598.9
599.0
599.0
599.0
599.0
599.1
599.1
599.2
599.2
599.3
599.4
599.5
599.5
599.5
599.5
599.6
599.7
599.8
599.8
599.8
599.8
599.8
600.0
600.0
600.0
600.0
600.0
600.0
600.0
600.1
600.1
600.2
600.3
600.4
600.5
600.5
600.6
600.6
600.7
600.8
600.8
600.8
600.8
600.8
600.9
600.9
601.0
601.0
601.2
601.3
601.3
601.3
601.4
601.5
601.5
601.6
601.6
601.6
601.7
601.7
601.7
601.8
601.8
601.8
601.8
601.9
601.9
601.9
601.9
602.0
602.0
602.0
602.1
602.1
602.2
602.2
602.4
602.4
602.4
602.5
602.5
602.5
602.5
602.5
602.5
602.5
602.6
602.6
602.7
602.7
602.8
602.9
602.9
602.9
603.1
603.1
603.1
603.1
603.3
603.3
603.3
603.3
603.3
603.3
603.3
603.4
603.5
603.6
603.6
603.7
603.9
603.9
603.9
604.0
604.0
604.0
604.0
604.0
604.1
604.1
604.1
604.2
604.3
604.5
604.6
604.8
604.9
604.9
605.0
605.0
605.1
605.1
605.2
605.2
605.2
605.2
605.3
605.3
605.3
605.4
605.4
605.4
605.5
605.5
605.5
605.5
605.5
605.6
605.6
605.8
605.9
605.9
606.0
606.0
606.1
606.2
606.3
606.3
606.4
606.4
606.4
606.6
606.6
606.7
606.7
606.7
606.7
606.8
606.8
606.9
606.9
606.9
606.9
607.1
607.1
607.1
607.2
607.2
607.3
607.3
607.3
607.4
607.5
607.5
607.5
607.5
607.7
607.7
607.8
607.8
607.8
607.9
607.9
607.9
607.9
608.0
608.0
608.1
608.3
608.3
608.4
608.4
608.4
608.5
608.6
608.7
608.8
608.8
608.8
608.8
608.9
609.1
609.1
609.1
609.1
609.2
609.2
609.3
609.3
609.3
609.3
609.4
609.6
609.7
609.7
609.7
609.7
609.7
609.7
609.7
609.7
609.8
609.8
609.9
609.9
610.0
610.0
610.0
610.0
610.3
610.5
610.5
610.5
610.6
610.6
610.7
610.7
610.7
610.7
610.7
610.8
610.8
610.8
610.8
610.9
610.9
611.0
611.0
611.1
611.2
611.2
611.3
611.3
611.4
611.4
611.6
611.6
611.6
611.7
611.7
611.7
611.8
611.8
611.8
611.8
611.9
611.9
611.9
611.9
611.9
612.0
612.1
612.1
612.3
612.3
612.4
612.5
612.5
612.5
612.6
612.7
612.7
612.8
612.8
612.9
613.0
613.0
613.1
613.1
613.1
613.1
613.2
613.3
613.3
613.4
613.4
613.4
613.5
613.5
613.6
613.7
613.8
613.8
613.9
613.9
613.9
613.9
614.0
614.0
614.0
614.0
614.1
614.2
614.2
614.3
614.3
614.3
614.3
614.4
614.4
614.4
614.5
614.5
614.6
614.6
614.6
614.7
614.7
614.7
614.8
614.8
614.8
614.9
615.1
615.1
615.2
615.2
615.2
615.3
615.3
615.3
615.3
615.4
615.4
615.4
615.5
615.5
615.6
615.7
615.8
615.8
615.9
615.9
615.9
615.9
616.1
616.3
616.3
616.4
616.4
616.5
616.6
616.6
616.6
616.6
616.7
616.7
616.8
616.8
616.8
616.9
617.0
617.2
617.2
617.2
617.3
617.5
617.5
617.5
617.5
617.6
617.7
617.7
617.8
617.8
617.8
617.8
617.8
618.1
618.2
618.2
618.2
618.2
618.2
618.3
618.3
618.4
618.4
618.5
618.6
618.6
618.7
618.8
618.8
618.8
618.9
618.9
618.9
619.0
619.0
619.1
619.1
619.2
619.4
619.4
619.5
619.5
619.5
619.5
619.6
619.7
619.7
619.7
619.7
619.8
619.8
619.9
619.9
620.0
620.1
620.2
620.2
620.3
620.5
620.5
620.5
620.6
620.6
620.6
620.7
620.7
620.7
620.8
620.8
620.8
620.9
621.0
621.0
621.1
621.2
621.3
621.4
621.4
621.5
621.5
621.6
621.6
621.6
621.7
621.7
622.0
622.1
622.2
622.2
622.3
622.3
622.4
622.5
622.5
622.5
622.6
622.6
622.8
622.8
622.9
622.9
622.9
622.9
622.9
623.0
623.0
623.0
623.1
623.1
623.1
623.5
623.5
623.5
623.6
623.6
623.8
623.8
623.9
623.9
623.9
624.1
624.1
624.3
624.4
624.5
624.6
624.7
624.7
624.7
624.8
624.8
624.9
624.9
624.9
625.0
625.1
625.2
625.2
625.3
625.3
625.4
625.4
625.4
625.5
625.5
625.5
625.7
625.7
625.9
626.0
626.1
626.1
626.1
626.2
626.3
626.4
626.5
626.6
626.6
626.6
626.7
626.7
626.7
626.9
626.9
627.0
627.0
627.1
627.2
627.3
627.4
627.5
627.5
627.5
627.5
627.6
627.7
627.8
627.9
627.9
627.9
628.0
628.1
628.1
628.3
628.4
628.5
628.5
628.6
628.6
628.6
628.8
628.9
629.0
629.1
629.1
629.2
629.2
629.3
629.3
629.3
629.3
629.5
629.5
629.7
629.7
629.8
630.0
630.0
630.1
630.1
630.2
630.2
630.2
630.3
630.5
630.6
630.6
630.7
630.7
630.8
630.9
631.0
631.0
631.0
631.2
631.2
631.3
631.4
631.4
631.5
631.5
631.5
631.7
631.8
631.9
632.1
632.1
632.2
632.2
632.4
632.5
632.6
632.7
632.8
632.8
632.8
633.0
633.1
633.1
633.2
633.2
633.3
633.5
633.5
633.6
633.7
633.7
633.8
633.9
634.1
634.1
634.2
634.2
634.4
634.5
634.6
634.7
635.0
635.1
635.1
635.3
635.4
635.4
635.6
635.7
635.8
635.9
636.0
636.1
636.1
636.3
636.4
636.4
636.5
636.6
636.6
636.8
636.9
637.2
637.3
637.3
637.4
637.5
637.7
637.7
637.7
638.2
638.3
638.5
638.6
638.7
638.8
638.9
639.5
639.6
639.9
639.9
640.2
640.2
640.3
640.4
640.6
641.1
641.1
641.1
641.4
641.5
641.6
641.9
642.2
642.3
642.8
643.0
643.9
644.4
644.5
644.5
644.9
645.1
645.2
645.3
645.6
645.6
646.1
646.4
646.9
647.0
647.6
647.8
647.8
648.5
648.5
648.9
649.4
650.0
650.2
650.8
651.1
651.6
651.6
652.6
652.7
655.6
659.9
661.4
662.5
668.8
679.7
684.1
684.6
684.7
684.9
685.4
685.6
686.2
686.4
686.4
686.4
686.5
689.7
821.2
821.2
821.2
821.2
821.2
821.2
821.2
821.2
821.2
821.2
821.3
821.4
821.9
822.0
822.0
822.9
823.2
823.5
823.5
823.5
823.5
823.5
823.5
823.5
823.5
823.5
823.5
823.5
823.5
823.5
823.7
823.9
825.0
825.1
825.4
825.7
826.7
827.3
827.3
827.3
827.4
827.8
827.8
827.8
827.9
827.9
827.9
828.0
828.0
828.1
828.1
828.2
828.2
828.2
828.2
828.7
828.8
828.8
828.8
829.2
829.2
829.3
829.4
829.6
829.7
830.1
830.3
830.3
830.3
830.3
830.3
830.3
830.4
830.5
830.5
830.6
830.7
830.7
830.7
830.9
830.9
831.0
831.0
831.1
831.2
831.4
831.5
831.5
831.5
831.8
831.8
832.0
832.1
832.2
832.3
832.4
832.9
832.9
833.0
833.1
833.2
833.2
833.3
833.4
833.4
833.4
833.5
833.5
833.7
833.8
833.8
833.8
833.8
833.9
833.9
834.0
834.0
834.1
834.1
834.2
834.3
834.4
834.4
834.4
834.5
834.5
834.5
834.5
834.6
834.6
834.6
834.7
834.7
834.8
834.8
834.8
834.8
834.9
834.9
834.9
834.9
834.9
834.9
834.9
834.9
835.0
835.3
835.4
835.4
835.6
835.7
835.9
836.0
836.0
836.4
836.4
836.8
836.9
836.9
837.0
837.2
837.3
837.4
837.5
838.2
838.2
838.3
838.4
838.5
838.6
838.6
838.7
839.0
839.0
839.2
839.3
839.3
839.4
839.5
839.6
839.6
839.6
839.8
839.9
839.9
840.0
840.0
840.3
840.4
840.5
840.7
840.8
840.8
840.9
840.9
841.0
841.0
841.2
841.3
841.3
841.4
841.4
841.8
841.8
841.9
842.0
842.0
842.1
842.2
842.3
842.3
842.4
842.5
842.5
842.6
842.6
842.6
842.6
842.7
842.7
842.8
842.8
842.9
842.9
843.0
843.1
843.1
843.4
843.4
843.5
843.5
843.5
843.6
843.6
843.7
843.7
843.8
843.8
843.8
843.9
843.9
843.9
843.9
844.0
844.2
844.2
844.3
844.5
844.5
844.5
844.5
844.5
844.6
844.6
844.6
844.7
844.7
844.7
844.7
845.0
845.4
845.6
846.0
846.2
846.5
846.5
846.5
846.7
846.7
846.9
846.9
847.0
847.4
847.6
847.7
847.8
847.9
848.3
848.5
848.5
848.6
848.8
849.0
849.0
849.5
849.7
849.7
849.7
849.8
849.8
850.0
850.5
850.5
850.6
850.7
850.8
850.9
851.1
851.3
851.4
851.6
851.6
851.8
851.9
851.9
852.0
852.0
852.1
852.1
852.1
852.2
853.0
853.3
853.5
854.3
854.6
854.8
854.9
854.9
854.9
855.1
855.3
855.4
855.5
855.9
856.6
857.0
857.0
857.2
857.3
857.6
857.7
857.8
857.9
858.0
858.4
858.7
858.7
859.1
859.7
860.2
860.3
860.4
860.4
860.5
860.9
861.0
861.7
862.0
862.1
862.5
863.2
863.3
863.5
863.5
863.7
864.6
864.8
867.0
867.8
868.1
869.4
870.3
870.7
873.0
877.1
880.3
883.2
891.7
902.5
903.1
974.3
974.3
974.3
974.3
974.4
974.4
974.4
974.4
974.4
974.4
974.4
974.4
974.4
974.4
974.4
974.4
974.4
974.5
974.5
974.5
974.5
974.5
974.5
974.6
974.6
974.6
974.6
974.6
974.7
974.7
974.7
974.7
974.7
974.7
974.8
974.8
974.8
974.8
974.8
974.8
974.8
974.8
974.8
974.8
974.8
974.8
974.8
974.8
974.8
974.9
974.9
974.9
974.9
974.9
974.9
974.9
974.9
975.0
975.0
975.0
975.1
975.1
975.1
975.1
975.1
975.1
975.2
975.2
975.2
975.2
975.3
975.4
975.5
975.5
975.6
975.6
975.6
975.6
975.7
975.7
975.8
975.9
975.9
976.0
976.0
976.0
976.0
976.0
976.1
976.1
976.4
976.4
976.5
976.7
976.7
976.8
976.8
977.0
977.1
977.1
978.7
978.7
978.7
978.7
978.7
978.7
978.7
978.7
978.8
978.8
978.8
978.8
978.8
978.8
978.8
978.8
978.9
978.9
978.9
978.9
978.9
979.0
979.0
979.0
979.1
979.1
979.1
979.1
979.1
979.1
979.1
979.1
979.1
979.2
979.2
979.2
979.2
979.2
979.3
979.3
979.3
979.3
979.3
979.3
979.3
979.3
979.3
979.3
979.3
979.3
979.3
979.3
979.3
979.3
979.4
979.4
979.5
979.5
979.5
979.6
979.6
979.6
979.7
980.0
980.1
980.1
980.2
980.2
980.2
980.2
980.2
980.3
980.3
980.3
980.3
980.5
980.5
980.6
980.6
980.6
980.6
980.6
980.7
980.8
980.9
980.9
981.6
981.6
981.6
981.6
981.7
981.8
982.0
982.3
982.3
982.3
982.3
982.4
982.5
982.5
982.5
982.5
982.5
982.6
982.6
982.6
982.6
982.6
982.6
982.6
982.7
982.7
982.7
982.7
982.7
982.8
982.8
982.8
982.8
982.8
982.8
982.9
982.9
982.9
982.9
983.0
983.0
983.0
983.0
983.0
983.1
983.1
983.2
983.2
983.2
983.2
983.2
983.2
983.2
983.2
983.3
983.3
983.3
983.3
983.3
983.3
983.4
983.4
983.4
983.5
983.5
983.5
983.5
983.5
983.6
983.6
983.7
983.7
983.7
983.9
984.0
984.1
984.3
984.4
984.4
984.5
984.6
984.6
984.6
984.7
984.8
985.0
985.1
985.1
985.1
985.1
985.2
985.3
985.4
985.4
985.4
985.5
985.9
986.0
986.1
986.4
986.6
986.6
986.7
986.7
986.7
986.8
986.8
986.9
986.9
986.9
986.9
986.9
986.9
986.9
987.0
987.0
987.0
987.0
987.0
987.1
987.1
987.1
987.1
987.1
987.1
987.1
987.1
987.1
987.2
987.2
987.2
987.2
987.2
987.3
987.3
987.3
987.3
987.3
987.4
987.5
987.5
987.5
987.6
987.6
987.6
987.6
987.6
987.6
987.6
987.6
987.6
987.6
987.7
987.7
987.7
987.7
987.7
987.7
987.8
987.8
987.9
987.9
987.9
987.9
987.9
987.9
988.0
988.0
988.4
988.4
988.5
988.6
988.6
988.7
988.8
988.9
988.9
989.0
989.0
989.1
989.4
989.7
989.8
989.9
989.9
989.9
989.9
989.9
990.0
990.0
990.0
990.0
990.0
990.1
990.1
990.1
990.1
990.1
990.2
990.2
990.2
990.2
990.2
990.2
990.3
990.3
990.3
990.3
990.3
990.3
990.3
990.3
990.4
990.4
990.4
990.4
990.4
990.4
990.4
990.4
990.5
990.5
990.5
990.5
990.6
990.6
990.6
990.6
990.7
990.7
990.8
990.8
990.8
990.8
990.8
990.8
990.9
990.9
990.9
990.9
990.9
990.9
991.0
991.0
991.0
991.0
991.0
991.0
991.0
991.1
991.1
991.2
991.3
991.3
991.3
991.3
991.3
991.4
991.8
991.9
992.0
992.0
992.2
992.2
992.3
992.4
992.4
992.4
992.4
992.5
992.6
992.6
992.7
992.8
992.8
993.2
993.4
993.4
993.4
993.4
993.5
993.5
993.6
993.6
993.6
993.6
993.7
993.7
993.7
993.7
993.8
993.8
993.8
993.8
993.8
993.8
993.8
993.8
993.9
993.9
993.9
993.9
993.9
993.9
993.9
993.9
993.9
994.0
994.0
994.0
994.0
994.0
994.0
994.0
994.0
994.1
994.2
994.2
994.2
994.2
994.2
994.2
994.3
994.3
994.4
994.4
994.4
994.4
994.4
994.5
994.5
994.5
994.5
994.5
994.5
994.5
994.5
994.6
994.6
994.6
994.6
994.7
994.7
994.7
994.8
994.9
994.9
994.9
994.9
995.0
995.0
995.0
995.0
995.0
995.1
995.2
995.5
995.6
995.8
995.9
996.0
996.2
996.3
996.3
996.4
996.4
996.4
996.4
996.5
996.5
996.6
996.6
996.6
996.7
996.7
996.7
996.8
996.8
996.8
996.8
996.8
996.8
996.8
996.9
996.9
996.9
996.9
997.0
997.0
997.0
997.0
997.0
997.0
997.0
997.0
997.0
997.0
997.0
997.0
997.1
997.1
997.2
997.2
997.2
997.3
997.3
997.3
997.4
997.4
997.5
997.5
997.5
997.5
997.5
997.6
997.6
997.7
997.7
997.7
997.7
997.7
997.7
997.7
997.7
997.7
997.8
997.8
997.8
997.9
997.9
997.9
997.9
997.9
997.9
998.0
998.0
998.1
998.1
998.2
998.2
998.2
998.2
998.2
998.2
998.3
998.4
998.5
998.7
998.7
998.9
999.0
999.0
999.0
999.1
999.1
999.2
999.3
999.3
999.3
999.4
999.4
999.5
999.5
999.5
999.5
999.6
999.7
999.7
999.7
999.7
999.7
999.8
999.8
999.9
999.9
999.9
999.9
999.9
