401
417
486
332
344
358
372
384
388
394
405
418
432
441
277
304
336
343
356
360
364
366
373
382
386
390
393
395
400
407
412
424
426
428
429
460
466
473
505
581
589
281
282
287
290
309
322
326
327
331
333
338
340
351
355
359
362
376
380
383
392
397
406
408
430
435
454
457
463
464
489
490
491
501
502
503
532
533
541
597
612
624
212
262
269
284
285
288
289
292
300
308
312
315
316
319
323
325
329
330
335
341
346
352
357
363
365
367
369
377
379
381
387
396
411
416
419
427
431
436
442
443
445
449
453
455
459
462
467
476
477
478
480
482
483
485
497
507
509
512
518
519
526
539
545
551
554
555
560
569
571
574
587
593
182
233
253
261
274
291
295
297
303
306
314
318
320
328
339
342
348
353
368
370
385
389
391
398
399
403
404
409
410
414
415
422
433
434
437
439
447
448
450
451
452
458
461
468
475
479
488
492
493
498
499
500
504
508
513
522
523
525
531
534
543
544
549
550
561
563
565
567
577
580
582
584
588
599
606
610
621
628
633
641
650
688
219
220
228
231
242
248
251
254
259
264
265
266
271
273
279
280
294
299
302
305
307
310
317
321
324
345
349
350
361
374
375
402
413
420
421
423
438
446
456
465
472
481
484
487
494
510
511
514
515
524
528
530
537
546
558
562
570
576
578
585
586
590
594
602
603
605
622
623
626
629
631
638
643
647
660
666
669
680
683
689
690
691
692
696
195
199
202
216
223
226
229
239
240
243
249
257
258
260
267
268
275
278
286
301
311
337
347
371
378
440
444
469
474
506
516
517
520
521
527
536
542
547
548
552
559
564
568
573
575
583
592
608
609
611
613
617
618
619
620
632
634
639
640
642
646
649
662
663
668
670
672
673
677
681
686
695
703
723
729
191
208
214
221
232
241
244
245
255
256
263
270
272
293
313
334
354
470
471
495
540
556
557
591
595
596
598
604
607
627
630
636
637
644
648
654
665
674
676
684
693
697
701
702
704
714
715
724
726
736
743
163
176
178
184
198
203
205
206
210
222
224
234
235
236
238
247
252
283
298
425
496
529
535
566
579
600
601
614
616
645
651
655
659
664
667
671
675
694
705
707
711
718
730
737
738
740
741
160
167
173
183
190
192
197
207
209
211
215
218
225
230
237
246
276
296
553
615
625
652
657
661
679
682
698
706
708
709
710
712
713
717
719
727
731
742
747
749
750
754
755
758
762
763
768
795
151
162
165
171
175
179
186
193
201
204
213
217
250
538
572
635
653
658
678
685
716
720
725
735
739
744
745
751
765
775
778
789
804
174
180
181
189
687
721
722
733
734
746
748
752
766
771
772
777
781
782
785
790
791
146
155
156
157
161
164
166
170
194
196
227
656
700
728
732
753
774
783
794
797
803
141
152
154
168
169
172
177
185
188
200
699
756
759
760
767
779
793
796
798
799
801
158
764
769
773
776
786
802
806
809
813
826
130
138
139
140
143
145
148
187
761
770
784
787
788
800
805
807
811
816
817
137
144
149
150
159
757
780
792
808
820
825
828
836
153
814
818
819
834
847
136
142
147
810
815
824
829
835
838
131
132
133
812
823
827
843
120
127
134
821
822
831
832
833
837
840
846
853
128
129
135
842
848
851
855
862
112
119
123
830
841
844
845
849
856
859
116
124
126
852
113
858
864
866
867
869
872
877
118
854
857
860
861
870
102
115
850
865
105
106
111
122
839
863
874
108
871
878
881
93
107
110
114
117
121
868
880
888
86
97
104
125
876
879
89
873
875
96
98
100
109
883
885
893
882
94
95
103
889
896
83
895
99
101
886
887
92
911
91
884
891
897
87
88
90
890
894
902
84
85
892
898
900
906
82
907
905
908
76
78
899
901
912
920
80
917
70
72
75
904
916
919
81
910
73
903
909
914
915
74
79
921
924
71
913
918
52
60
931
59
67
68
69
66
77
63
929
54
57
64
930
58
925
926
927
932
928
922
61
65
923
936
53
62
937
939
933
48
935
51
940
55
56
934
949
49
938
45
44
942
945
46
941
50
948
953
47
943
41
946
947
952
37
944
42
958
38
950
28
43
959
954
956
33
36
957
951
955
35
34
970
39
962
31
32
40
24
26
978
964
967
10
971
20
30
968
16
18
25
22
960
969
963
19
624
17
972
976
974
966
965
486
13
21
277
973
27
975
688
372
401
1
12
29
14
581
432
989
343
505
612
986
405
680
541
407
7
304
11
628
593
9
23
262
689
987
660
373
466
979
332
533
182
980
571
5
15
977
4
344
692
696
961
429
555
826
666
281
0
3
795
729
589
532
554
641
683
417
336
351
362
412
309
355
358
365
382
441
356
380
394
395
300
312
316
323
328
335
338
360
363
367
393
331
333
341
387
282
284
318
325
327
340
319
329
346
357
361
384
308
376
322
330
339
342
352
353
359
377
381
386
389
392
400
408
419
426
288
289
317
364
368
374
383
403
424
726
981
379
390
397
416
418
982
315
324
326
370
388
396
428
314
369
371
375
385
427
290
297
321
347
366
398
402
406
292
337
349
354
404
410
411
415
430
431
435
825
302
306
310
311
348
409
413
414
313
345
350
378
391
399
433
437
273
287
295
320
334
422
442
285
434
439
303
420
438
445
449
457
512
278
301
421
274
307
436
443
291
294
296
305
463
464
485
551
275
279
299
423
460
461
462
703
267
271
293
453
473
298
440
451
459
261
283
425
491
280
447
452
455
468
266
268
269
286
444
446
467
539
450
454
480
264
276
448
456
458
490
373
465
476
477
489
560
372
469
475
502
574
253
263
270
471
479
472
504
251
343
401
470
494
497
498
501
503
509
526
2
405
483
484
487
492
493
507
518
256
344
482
499
519
543
565
332
474
478
488
522
523
481
510
524
531
259
407
500
520
537
248
255
506
521
563
265
272
495
587
513
514
515
516
544
550
577
508
530
547
588
429
432
511
525
528
534
546
578
580
606
258
496
517
527
529
542
545
549
561
569
584
548
562
585
597
254
535
536
564
567
540
552
570
575
590
610
556
249
557
599
602
559
576
257
558
592
608
233
417
538
566
568
573
605
596
6
579
586
603
626
633
643
304
466
486
553
583
613
617
582
591
595
611
572
594
601
609
623
260
620
621
252
619
241
277
631
639
618
629
634
600
622
240
598
614
212
505
630
677
604
646
669
239
533
541
647
532
607
616
627
648
281
245
632
642
663
637
232
636
638
615
625
662
247
635
555
571
640
650
554
659
589
654
581
645
695
644
667
665
441
691
668
670
649
652
672
673
651
690
412
593
674
219
243
693
244
238
655
653
671
676
229
661
664
681
658
684
235
686
223
612
336
624
656
704
242
724
250
657
694
262
682
675
512
679
718
236
246
551
394
687
362
230
628
701
395
993
382
685
485
426
351
424
428
539
641
697
678
719
216
560
473
358
387
355
380
491
237
707
713
393
419
737
231
211
714
408
457
442
437
427
574
435
449
463
725
464
712
698
480
460
220
705
277
304
624
262
281
282
287
290
332
336
343
344
358
589
612
269
274
284
285
288
289
292
300
309
319
322
326
327
333
338
356
360
372
401
417
486
581
597
628
633
641
650
666
680
688
253
271
273
291
297
303
308
312
316
318
323
325
329
330
331
340
351
355
359
362
364
366
373
382
384
388
394
405
418
432
593
638
660
669
673
689
690
691
692
696
233
251
254
259
261
266
279
280
294
295
302
306
314
315
328
335
341
346
376
380
386
390
393
395
407
412
428
429
441
533
541
551
554
555
571
574
587
599
606
621
623
629
631
634
639
642
643
647
649
654
662
668
670
672
677
683
686
695
703
723
242
248
257
260
264
265
267
268
286
299
305
307
310
320
321
339
342
348
352
357
365
383
387
392
397
400
408
424
426
460
464
466
473
502
505
512
532
539
560
563
569
577
582
585
588
603
610
617
618
622
626
632
640
644
646
648
663
665
674
676
681
684
693
697
701
729
231
243
244
249
258
263
270
272
275
278
301
311
317
324
349
353
363
367
369
377
379
381
406
419
435
449
454
457
463
482
485
489
490
491
501
503
507
518
519
545
561
565
567
570
578
580
584
586
590
594
602
605
608
611
613
619
620
627
630
636
637
651
659
664
667
671
675
694
702
704
707
715
726
228
240
256
313
345
350
368
370
389
396
399
411
416
427
430
442
443
455
459
462
467
476
477
478
480
483
497
499
509
523
525
526
534
543
544
546
549
550
558
562
568
575
576
583
609
645
655
705
714
724
737
738
212
216
223
229
236
239
241
245
252
255
276
283
293
298
334
337
347
361
374
375
385
391
398
403
404
409
410
414
415
431
433
436
437
439
445
448
450
452
453
468
475
479
488
492
493
498
500
504
508
513
522
528
530
531
537
547
552
564
573
592
595
596
598
604
607
614
616
652
657
661
679
682
698
708
709
710
711
712
713
718
719
736
743
219
220
226
232
238
246
247
296
354
371
378
402
413
422
423
434
438
447
451
456
458
461
472
481
487
510
511
514
515
516
520
521
524
536
542
548
559
579
591
600
601
625
635
658
678
685
687
706
717
727
730
731
221
235
250
420
421
446
465
484
494
506
517
527
540
556
557
615
653
716
720
725
740
741
745
747
749
750
754
224
230
234
440
444
469
470
471
474
535
566
656
721
722
735
739
742
744
755
182
195
202
208
214
237
495
529
553
572
700
733
746
758
762
206
218
496
699
728
732
734
752
765
199
210
211
215
217
222
425
538
748
751
753
763
768
203
205
209
191
198
207
213
225
756
766
775
795
190
197
201
204
227
759
760
771
772
778
774
176
178
192
757
773
781
782
783
790
184
189
193
764
767
777
785
175
183
186
761
769
779
791
797
194
196
770
776
789
804
165
167
173
174
179
188
200
786
793
799
803
163
171
180
181
185
784
794
798
160
796
801
802
162
170
780
792
800
151
168
187
787
813
169
177
788
806
155
156
161
166
152
157
164
805
807
809
172
158
808
811
817
159
816
826
141
146
154
812
814
153
818
143
148
815
819
820
825
828
145
149
150
810
140
144
824
836
137
138
139
821
829
834
838
130
142
822
827
835
147
823
833
847
831
837
136
830
832
843
846
132
842
131
848
853
128
134
840
841
845
851
855
127
133
120
844
856
862
129
135
849
852
859
858
126
112
123
839
864
866
867
119
854
860
869
850
870
872
857
877
113
116
124
861
863
115
865
874
118
122
106
121
868
111
102
105
876
880
888
110
871
878
114
117
881
108
873
104
875
879
125
86
97
883
93
107
109
89
98
885
95
96
882
100
893
103
889
101
83
94
886
887
896
99
895
92
884
890
891
911
91
897
902
84
87
88
90
892
894
898
85
906
900
82
901
905
907
908
78
912
920
899
904
917
72
76
80
75
81
919
70
916
903
909
910
79
915
74
73
914
624
921
71
913
918
60
924
68
67
77
931
52
69
277
59
66
486
57
58
63
64
930
688
54
925
926
927
929
932
372
61
928
401
923
936
581
612
53
922
939
65
343
62
432
937
48
405
505
933
304
541
262
407
628
680
940
589
689
795
935
373
593
51
332
344
660
696
934
571
692
281
466
533
949
55
417
441
729
555
49
56
938
44
641
666
945
336
532
429
726
942
351
45
683
182
948
46
551
512
554
412
953
941
560
768
47
358
212
362
691
943
539
382
703
737
50
789
574
724
394
677
946
395
41
952
944
690
309
485
695
950
958
43
947
28
42
38
826
825
633
491
957
669
37
956
282
954
959
662
36
34
970
33
597
955
24
967
39
486
417
401
418
432
441
505
533
541
589
388
394
405
407
428
429
460
464
466
473
502
503
551
571
581
358
366
372
373
384
395
400
412
424
426
449
454
457
459
462
463
467
476
477
478
482
483
485
489
490
491
497
501
507
509
512
518
519
532
539
554
555
560
343
360
364
376
380
382
386
390
392
393
397
406
408
430
435
442
443
455
480
488
492
498
499
500
504
508
522
523
525
526
543
544
545
550
563
569
574
593
332
344
356
362
383
387
396
416
419
427
431
433
436
437
439
445
448
450
452
453
458
461
468
475
479
493
511
513
515
528
530
531
534
537
546
549
561
565
567
587
588
597
612
336
355
359
365
367
369
377
379
381
389
398
399
403
409
410
411
414
415
422
434
438
447
451
456
465
472
481
484
487
494
510
514
516
517
520
521
524
536
547
552
558
562
564
570
576
577
578
580
582
584
585
586
590
594
599
624
327
338
340
341
346
351
352
357
363
370
385
391
402
404
413
420
423
440
446
469
471
474
506
527
540
542
548
559
568
573
575
583
610
329
331
333
361
368
374
375
421
444
470
495
535
556
557
602
603
606
608
316
322
323
325
326
335
339
342
345
348
349
350
353
371
378
496
529
566
592
596
598
605
613
617
304
308
309
312
315
319
328
330
553
579
591
595
604
609
611
618
619
621
628
633
641
300
314
318
320
337
347
425
538
601
607
623
626
629
631
638
277
310
317
321
324
354
572
600
616
620
622
643
650
281
284
287
290
303
311
334
627
630
632
634
639
647
282
289
292
294
297
302
305
306
307
313
614
615
637
640
644
646
285
288
291
295
301
625
636
642
648
649
274
299
654
660
666
279
280
293
635
645
663
262
270
271
273
275
286
298
651
668
669
670
269
278
296
652
659
667
688
283
653
655
662
664
665
673
680
261
266
267
268
276
657
661
671
681
689
691
692
263
264
265
272
672
674
683
690
253
254
259
676
677
684
686
696
251
257
258
260
658
675
695
697
256
656
679
682
693
694
703
248
249
255
687
252
678
685
701
702
698
704
707
723
233
240
242
244
705
715
241
243
711
714
729
231
245
246
247
713
719
236
239
250
706
712
724
726
238
708
710
718
223
228
229
232
235
699
709
717
721
212
219
220
226
234
700
722
725
730
731
736
737
738
216
230
237
716
720
727
735
740
743
221
224
741
749
214
733
739
742
745
211
218
222
728
732
734
744
746
747
750
202
208
215
217
755
195
199
206
210
225
748
752
753
754
182
203
207
209
227
758
198
205
213
751
762
191
197
201
204
765
190
192
756
763
768
759
178
189
193
766
772
176
183
184
186
196
757
760
771
775
175
194
200
778
795
173
174
179
180
181
188
764
773
774
781
783
163
165
167
171
767
769
777
782
790
160
185
761
770
779
785
789
170
776
791
162
168
187
797
804
151
169
786
794
803
155
157
161
164
166
177
784
793
796
798
799
801
802
152
156
780
172
787
788
792
800
158
159
806
146
807
809
813
141
154
805
153
808
811
148
149
816
817
143
145
150
826
140
144
814
820
130
137
138
139
812
815
818
819
825
828
810
142
147
824
834
836
829
136
821
822
823
827
835
838
131
132
833
847
133
831
837
843
128
134
830
832
846
120
127
840
842
848
853
129
135
845
851
855
841
844
862
849
856
859
112
126
852
119
123
858
124
864
866
113
116
867
869
870
115
839
850
854
857
860
861
872
877
118
122
865
874
106
121
863
102
111
105
868
110
888
108
114
117
871
876
878
880
881
104
86
93
107
125
873
875
879
97
109
883
89
96
98
885
95
100
882
893
103
83
94
486
889
101
624
886
887
895
896
99
92
884
91
401
890
891
911
88
432
897
372
581
902
84
87
90
589
894
898
85
405
505
541
892
612
900
906
407
417
82
277
343
441
466
533
593
905
907
373
571
901
908
344
429
555
688
78
532
912
332
628
899
920
917
72
76
80
551
904
75
304
394
412
512
554
660
919
70
81
916
336
358
539
903
910
915
74
79
382
680
909
73
560
395
485
597
689
914
351
502
641
71
281
428
692
921
362
491
666
696
924
460
574
913
918
473
60
262
691
68
424
683
52
67
69
77
633
931
309
418
66
426
577
59
393
501
356
58
457
565
587
677
690
57
282
360
489
526
669
930
54
63
64
518
543
606
703
729
929
463
464
480
490
503
569
925
563
623
926
927
523
580
588
610
626
932
61
387
419
507
578
662
928
380
435
621
643
338
449
509
519
639
695
923
936
355
408
497
922
53
365
427
726
390
499
550
65
939
384
531
585
629
673
62
284
333
504
603
672
937
300
367
442
459
724
312
476
561
704
48
331
392
477
545
933
437
439
544
584
599
665
212
316
319
327
400
323
663
737
289
461
468
522
567
634
686
693
940
325
335
431
462
605
795
51
290
537
590
631
935
318
340
376
416
328
608
723
182
602
934
308
445
648
670
676
534
646
288
363
397
433
718
768
55
273
329
430
949
406
562
650
674
549
575
617
684
738
56
389
547
49
492
668
736
269
292
453
467
479
44
233
322
620
622
642
938
253
330
789
740
592
945
654
681
750
570
45
381
942
483
613
248
297
341
564
619
701
434
647
755
46
251
357
762
948
520
525
659
713
719
941
386
410
524
667
546
953
47
618
510
694
339
493
765
396
743
383
638
758
763
287
388
697
498
521
199
50
530
785
943
482
487
528
781
274
403
825
346
637
742
803
826
946
630
655
415
712
725
627
438
443
285
402
475
414
41
261
314
636
952
494
516
202
714
731
315
944
542
43
219
947
707
836
958
28
950
42
359
576
715
749
739
38
195
268
601
614
796
267
317
451
374
775
385
361
411
640
352
730
782
223
271
377
422
37
368
353
379
413
472
777
436
342
488
370
398
454
409
404
420
557
611
791
364
371
421
452
469
514
675
295
375
399
447
455
794
326
391
446
798
813
440
444
302
324
369
500
596
347
366
378
423
465
957
354
954
425
448
458
470
956
450
456
471
321
278
349
720
337
350
311
310
345
279
306
334
348
495
313
484
275
478
506
401
266
474
291
320
373
405
481
515
395
407
394
412
671
372
393
387
417
388
418
303
382
429
264
298
386
392
397
432
307
376
383
403
424
426
301
305
380
384
390
408
441
556
293
362
365
367
396
400
299
358
406
419
428
508
296
343
416
381
389
430
754
256
356
360
363
427
959
415
283
351
410
414
431
435
548
286
344
682
355
357
402
496
513
536
511
517
294
346
433
438
336
341
434
437
445
332
443
449
442
552
263
280
453
331
527
276
439
466
529
34
340
457
535
335
461
462
463
328
339
600
338
464
459
460
259
333
327
486
735
322
473
329
475
36
323
467
468
540
270
255
359
783
330
239
325
374
559
272
538
480
316
491
476
479
490
319
451
485
304
558
385
498
318
309
566
489
482
312
308
411
477
249
492
265
361
483
422
494
502
505
413
568
487
504
573
258
501
493
497
553
499
503
579
315
436
300
377
512
472
379
507
509
368
469
420
229
352
452
510
33
447
24
