563
801
859
425
101
103
943
866
192
616
135
855
378
152
295
766
953
404
815
732
338
942
527
448
651
590
649
730
379
810
430
795
227
306
76
106
565
88
316
154
524
637
210
875
776
258
290
668
330
642
958
471
851
97
963
923
47
202
460
596
349
237
416
400
794
141
497
100
587
178
535
235
657
832
153
758
98
765
825
442
478
939
519
865
463
659
951
469
93
613
698
459
230
558
961
464
292
896
507
787
8
142
980
455
940
648
514
916
778
997
274
933
725
224
797
913
468
170
653
800
601
817
976
935
539
748
545
822
993
216
282
641
611
799
280
276
42
329
772
647
385
834
512
588
526
880
490
837
358
351
288
658
87
830
852
552
357
553
818
138
571
262
410
450
402
688
967
953
508
492
827
789
728
828
739
106
453
231
485
979
150
876
918
666
515
731
787
761
66
833
182
484
378
440
126
557
207
271
646
245
624
218
898
487
77
845
640
422
104
74
475
800
584
398
524
965
643
570
193
336
97
506
50
204
838
742
919
91
449
48
297
599
293
950
188
244
657
888
675
247
768
671
802
407
779
966
446
490
736
939
860
509
302
317
904
668
29
763
473
615
975
652
864
216
711
544
391
157
875
806
62
199
324
607
870
86
365
699
432
166
692
977
564
854
288
316
582
884
428
206
707
837
385
789
771
751
212
543
776
916
268
685
352
851
52
508
542
843
624
609
392
151
585
241
725
399
310
282
143
971
95
514
153
482
902
786
0
756
304
897
880
515
991
923
632
313
437
778
520
545
201
303
939
386
406
187
142
265
562
47
249
685
477
273
320
465
850
414
924
298
978
786
69
868
805
771
435
427
606
862
491
256
143
29
204
45
66
285
188
429
842
533
484
595
882
660
131
712
288
115
698
753
172
967
123
267
392
534
475
913
263
957
590
359
239
235
202
975
350
635
787
902
257
130
887
325
776
482
636
617
527
186
589
224
823
858
492
694
456
307
613
866
680
828
14
166
737
236
811
729
777
549
6
101
683
701
36
784
941
69
463
90
376
211
80
588
201
246
510
629
525
242
645
58
914
118
11
993
379
689
476
233
896
234
940
383
262
923
600
93
560
184
675
174
256
462
352
878
754
667
99
706
466
723
854
520
616
407
946
655
367
597
360
104
833
953
232
425
322
681
882
281
206
859
986
306
937
185
241
872
181
320
357
914
553
783
677
499
483
825
508
89
764
121
559
629
430
773
910
934
195
245
800
570
343
767
687
894
76
622
458
91
560
960
646
751
305
83
482
443
857
813
743
179
656
301
6
826
19
372
220
300
496
804
46
790
251
294
498
929
562
691
993
450
574
292
346
207
489
848
638
918
475
250
476
863
678
585
775
522
152
647
776
936
167
713
211
428
725
461
594
529
948
49
756
257
814
353
233
907
539
908
509
246
535
686
949
633
200
278
444
471
236
512
624
736
20
818
445
47
412
68
698
252
795
4
543
745
443
124
717
174
293
688
835
852
271
822
671
700
150
393
505
917
262
551
597
851
441
876
95
990
482
532
119
951
927
966
928
577
244
889
825
518
240
466
342
542
490
218
526
56
912
703
416
749
686
412
620
650
284
986
367
177
377
584
308
429
771
742
871
760
975
446
26
372
50
394
595
982
114
380
229
422
405
762
965
790
84
201
311
831
896
444
357
609
698
67
132
887
989
496
858
607
550
109
108
838
561
922
737
209
617
288
579
254
179
8
197
744
29
448
610
621
623
611
832
316
260
910
649
6
446
702
234
676
523
705
463
274
733
43
440
889
559
439
500
480
969
865
458
83
700
48
962
190
200
239
473
347
838
898
74
170
17
525
789
992
187
488
599
689
541
745
990
545
622
718
936
271
713
38
528
995
478
470
696
218
671
274
243
723
40
705
219
812
860
456
823
176
425
737
966
59
300
4
928
223
888
985
531
363
314
615
673
600
912
874
76
32
84
992
832
742
151
546
308
227
693
484
834
193
301
352
92
492
197
522
855
738
74
407
448
395
146
548
36
580
711
751
877
86
815
782
272
808
836
54
359
458
341
476
110
788
496
108
323
309
477
316
141
843
131
575
851
965
2
55
16
321
370
332
377
383
625
460
826
174
320
426
882
510
714
372
385
841
824
50
471
387
35
429
656
806
962
724
967
994
802
120
527
61
441
969
361
335
675
664
5
927
562
362
433
897
913
973
584
900
182
91
609
34
425
526
205
633
113
777
10
176
201
188
415
689
963
560
830
914
348
229
220
756
980
383
505
600
977
74
827
476
308
615
251
416
20
197
474
430
164
14
496
652
912
93
958
284
141
971
852
720
990
624
761
890
868
697
824
660
559
782
456
150
542
371
337
724
814
880
54
512
254
667
813
464
516
300
964
663
154
994
876
786
310
292
671
414
180
110
944
709
297
466
546
949
907
45
723
937
448
38
528
817
672
576
819
743
921
920
395
617
364
547
989
106
565
33
574
323
756
188
494
200
256
928
554
675
255
987
30
140
969
420
18
688
886
287
896
957
638
517
482
317
555
824
324
874
939
477
512
470
102
93
519
722
904
315
702
732
544
7
294
912
760
364
714
160
504
383
872
860
462
600
560
866
943
580
948
793
486
394
629
175
135
661
890
865
305
322
706
514
126
840
886
594
876
824
820
297
33
230
753
739
809
832
420
11
615
21
737
772
481
810
153
906
897
174
694
788
307
636
687
738
27
976
455
623
630
4
713
972
155
947
530
774
541
565
453
388
168
645
549
237
413
937
351
889
792
702
967
158
43
524
154
483
177
443
587
106
569
613
29
995
622
81
659
181
874
423
721
345
638
515
547
97
950
779
42
668
762
557
611
973
476
930
735
528
144
934
963
618
258
521
904
960
321
134
148
581
789
385
837
728
156
944
377
420
866
586
452
295
436
563
630
68
818
121
77
164
236
854
357
690
981
315
271
492
24
851
724
659
351
108
889
704
983
96
494
457
696
440
372
144
660
329
879
74
231
670
770
643
582
243
692
247
193
870
766
943
646
655
324
124
560
755
14
362
527
573
680
797
83
415
361
924
11
510
988
662
242
795
253
996
214
979
188
423
75
338
665
381
909
587
933
774
542
365
521
322
783
857
451
416
535
453
600
532
537
78
210
399
47
500
595
265
163
928
223
95
178
269
787
498
910
106
926
24
468
142
761
707
716
328
304
354
727
227
551
853
947
240
337
222
249
775
676
35
76
708
89
21
704
466
524
615
917
322
825
543
566
976
332
448
787
267
978
597
444
777
972
383
762
878
657
363
46
840
555
434
671
316
483
618
277
844
800
578
209
911
914
162
53
954
902
262
133
270
553
172
78
624
456
572
952
372
370
254
605
589
600
799
251
449
858
989
860
169
975
379
122
871
276
732
