11.1
13.2
13.2
13.4
13.5
13.7
13.7
14.3
15.3
15.3
15.4
15.6
15.9
16.1
16.1
16.2
16.3
16.5
16.5
16.6
16.7
16.7
16.7
16.9
16.9
16.9
17.0
17.1
17.4
17.4
17.6
17.6
17.6
17.7
17.8
17.9
17.9
18.1
18.2
18.2
18.2
18.3
18.5
18.6
18.6
18.8
18.8
18.8
18.9
19.0
19.0
19.3
19.3
19.4
19.4
19.5
19.6
19.7
19.7
19.9
20.0
20.2
20.3
20.3
20.4
20.4
20.6
20.7
20.9
21.0
21.1
21.1
21.4
21.5
21.6
21.8
21.9
21.9
21.9
22.0
22.0
22.2
22.2
22.3
22.4
22.4
22.5
22.8
22.8
22.8
22.8
22.9
22.9
22.9
23.0
23.1
23.2
23.4
23.5
23.5
23.6
23.6
23.6
23.6
23.8
23.9
23.9
23.9
24.0
24.0
24.1
24.1
24.2
24.2
24.4
24.4
24.6
24.7
24.7
24.7
24.8
24.9
24.9
24.9
25.0
25.0
25.2
25.3
25.3
25.4
25.4
25.7
25.7
25.7
25.8
25.8
25.9
26.0
26.0
26.1
26.1
26.2
26.2
26.3
26.4
26.7
26.7
26.7
27.0
27.0
27.1
27.1
27.2
27.2
27.4
27.4
27.5
27.5
27.5
27.5
27.6
27.6
27.6
27.6
27.7
27.8
27.8
28.0
28.2
28.2
28.2
28.3
28.3
28.4
28.4
28.5
28.5
28.6
28.6
28.6
28.6
28.7
28.7
28.7
28.8
28.8
28.8
28.9
29.0
29.0
29.0
29.0
29.0
29.1
29.2
29.2
29.3
29.4
29.6
29.6
29.6
29.7
29.7
29.7
29.9
29.9
29.9
29.9
30.1
30.2
30.3
30.3
30.4
30.5
30.5
30.6
30.6
30.7
30.7
30.7
30.8
30.8
30.8
30.9
31.0
31.0
31.0
31.1
31.2
31.2
31.2
31.2
31.2
31.3
31.3
31.4
31.4
31.5
31.5
31.6
31.6
31.6
31.6
31.7
31.7
31.7
31.8
31.9
32.1
32.1
32.2
32.3
32.5
32.5
32.6
32.7
32.7
32.9
32.9
33.0
33.0
33.0
33.1
33.1
33.1
33.2
33.3
33.3
33.3
33.3
33.4
33.6
33.6
33.7
33.7
33.9
33.9
34.1
34.1
34.1
34.2
34.2
34.5
34.5
34.7
34.7
34.9
35.0
35.0
35.0
35.0
35.1
35.2
35.2
35.6
35.6
36.0
36.1
36.2
36.3
36.6
36.7
36.9
36.9
37.0
37.1
37.1
37.2
37.3
37.3
37.3
37.4
37.4
37.5
37.7
37.7
37.8
38.0
38.1
38.1
38.3
38.4
38.4
38.4
38.4
38.4
38.5
38.6
38.7
38.7
38.7
38.8
38.8
38.8
38.8
38.8
38.9
38.9
39.0
39.0
39.0
39.1
39.1
39.1
39.1
39.4
39.6
39.6
39.6
39.7
40.1
40.2
40.2
40.5
40.5
40.7
40.7
40.9
41.0
41.2
41.3
41.4
41.5
41.6
41.6
41.8
41.8
42.0
42.1
42.1
42.2
42.3
42.3
42.5
42.6
42.6
42.7
42.9
43.2
43.2
43.3
43.3
43.3
43.4
43.4
43.4
43.4
43.5
43.5
43.6
43.6
43.7
43.7
43.7
44.1
44.4
44.7
44.7
45.0
45.0
45.1
45.2
45.2
45.3
45.3
45.6
45.6
45.7
45.7
45.9
45.9
45.9
46.0
46.2
46.3
46.3
46.5
46.5
46.5
46.6
46.9
46.9
46.9
47.0
47.0
47.0
47.1
47.2
47.3
47.4
47.5
47.5
47.6
47.8
47.9
47.9
48.2
48.4
48.5
48.6
48.8
48.9
49.0
49.2
49.2
49.3
49.3
49.5
49.9
50.0
50.0
50.1
50.3
50.4
50.4
50.5
50.5
50.5
50.7
50.8
50.8
51.0
51.1
51.6
51.7
51.9
51.9
52.0
52.0
52.1
52.1
52.2
52.2
52.2
52.3
52.4
52.4
52.4
52.7
52.9
52.9
52.9
53.0
53.0
53.1
53.1
53.2
53.5
53.6
53.8
53.8
53.9
54.1
54.2
54.6
54.7
54.8
54.9
54.9
55.1
55.3
55.4
55.4
55.4
55.5
55.5
55.6
55.6
55.7
55.7
56.0
56.1
56.2
56.5
56.6
56.6
56.7
56.8
56.9
57.1
57.2
57.2
57.4
57.4
57.4
57.5
57.6
57.7
57.7
57.9
57.9
57.9
58.1
58.1
58.1
58.2
58.4
58.4
58.5
58.5
58.5
58.6
58.6
58.7
58.8
58.8
58.9
58.9
59.2
59.3
59.4
59.4
59.5
59.6
59.7
59.9
60.0
60.0
60.1
60.2
60.2
60.3
60.8
60.8
60.8
60.9
61.1
61.3
61.4
61.4
61.4
61.9
61.9
61.9
62.3
62.4
62.5
62.6
62.6
63.0
63.0
63.0
63.5
64.0
64.2
64.3
64.4
64.5
64.9
65.0
65.1
65.2
65.4
65.9
65.9
66.0
66.0
66.2
66.2
66.4
66.4
66.5
66.7
66.7
66.7
66.8
67.0
67.6
68.0
68.1
68.3
68.3
68.4
68.4
68.6
68.6
68.7
69.1
69.2
69.2
69.2
69.2
69.3
69.9
70.0
70.1
70.2
70.4
70.5
70.6
70.7
70.8
70.9
71.0
71.0
71.3
71.5
71.6
71.6
71.7
71.8
71.9
72.1
72.2
72.2
72.4
72.5
72.5
72.5
72.9
72.9
73.0
73.1
73.5
73.5
73.5
73.7
74.0
74.1
74.3
74.8
75.1
75.6
75.8
76.1
76.4
76.8
77.7
77.8
78.0
78.1
78.5
78.8
79.5
79.8
79.9
79.9
80.0
81.6
81.6
81.7
81.7
81.8
81.8
81.9
82.3
82.6
82.9
83.3
83.7
83.7
84.0
84.2
84.3
84.3
84.9
85.2
85.6
85.8
85.8
86.0
86.6
87.0
88.4
88.6
88.6
88.8
89.2
89.4
89.6
89.6
89.6
89.7
91.3
91.4
91.8
92.9
93.3
93.3
93.6
93.8
93.9
94.0
94.2
94.9
95.2
95.2
95.2
95.8
96.6
96.6
96.6
96.9
98.0
98.4
99.2
99.4
99.5
101.0
101.8
101.9
102.3
102.6
102.9
102.9
103.8
105.2
105.5
105.8
106.0
107.6
107.6
108.2
109.7
110.5
110.8
110.9
111.8
111.9
112.0
112.1
112.3
112.5
112.6
113.0
114.5
114.7
115.3
115.7
116.1
118.0
120.0
120.4
120.5
120.7
120.7
121.2
122.3
123.2
123.4
123.8
124.1
124.4
124.5
128.9
129.0
129.4
130.3
130.3
133.4
134.2
136.8
138.2
138.6
138.9
140.9
141.5
141.9
142.4
143.0
143.3
143.5
144.8
145.2
147.1
147.6
148.7
148.7
149.6
151.7
152.0
153.1
153.2
154.3
154.9
154.9
155.1
155.6
158.3
160.5
161.5
163.0
165.7
168.7
170.2
170.9
182.7
184.5
187.5
189.3
189.5
190.5
195.8
197.1
197.6
197.8
200.3
201.8
205.6
213.5
220.0
222.1
222.3
225.6
234.9
236.6
239.1
240.9
241.4
242.9
243.2
246.8
247.6
248.1
256.6
262.7
263.5
267.8
271.3
272.2
272.8
279.7
293.3
294.3
294.4
298.1
301.3
305.9
308.7
309.1
309.9
322.2
323.3
324.5
332.5
339.8
343.3
346.2
351.0
354.3
354.8
358.2
359.7
362.9
373.1
373.3
373.6
390.5
391.9
394.2
398.0
400.3
410.6
414.4
416.4
417.2
420.0
430.9
432.8
432.9
433.9
439.5
441.2
445.2
447.8
458.0
464.9
465.1
477.0
477.1
483.0
486.2
491.0
491.2
491.9
498.3
498.9
500.5
501.0
501.3
502.8
504.4
507.6
509.8
512.9
514.0
515.2
522.1
523.7
528.9
529.0
537.9
540.4
540.8
553.2
553.8
566.9
571.0
571.3
573.1
577.6
582.9
587.0
590.6
599.4
599.6
604.4
607.5
610.4
613.4
618.9
619.9
622.5
623.4
625.4
626.3
628.4
633.3
633.5
634.7
636.7
641.4
644.9
645.3
645.7
645.7
654.5
655.0
658.5
660.5
665.1
667.3
668.6
670.8
672.6
673.2
673.7
675.3
675.5
676.5
679.8
684.1
692.7
695.3
695.3
696.9
697.7
698.4
701.0
703.6
705.6
712.7
713.7
715.9
719.0
719.2
719.7
719.8
721.8
727.6
728.4
729.7
734.2
739.4
740.4
743.1
746.3
747.2
748.0
750.8
763.5
768.0
768.5
769.7
770.7
778.5
779.5
780.1
784.2
786.3
790.5
790.7
791.3
804.2
810.1
811.9
830.3
831.3
832.9
836.2
837.3
839.2
847.5
847.7
858.2
859.8
860.5
861.3
861.6
862.1
866.7
869.0
869.6
871.5
876.3
882.7
888.3
890.0
892.6
893.9
902.7
904.4
906.5
908.3
909.6
915.0
915.0
917.5
928.4
929.3
941.1
942.6
943.1
951.5
952.9
953.5
954.4
958.9
959.4
960.1
962.0
964.1
964.2
966.7
968.5
974.2
980.4
989.0
993.7
994.1
