1271
9933
3656
5544
9136
9244
4409
714
7117
2202
5886
6132
7007
4535
1250
6265
9199
7939
8737
9898
3584
6636
9441
1189
8364
2822
8741
5099
7688
646
1975
4063
5182
856
1188
1533
2104
2685
6051
1598
2052
4376
6173
6732
7888
1572
4367
4625
4829
6141
8080
8476
1530
2619
3294
3736
3896
7594
9958
1267
6422
7774
1184
2120
3239
7182
8785
9062
196
3574
4649
5746
6535
9891
1500
8007
143
821
3229
3279
4708
5835
7927
9020
2435
4648
6186
6898
2810
4404
4492
6031
1844
4667
5179
5351
7912
9107
721
1244
6836
6947
7990
8171
8804
9363
2552
3093
6310
7742
8335
402
1216
4373
5335
6533
9097
3879
5195
7149
276
903
3396
6428
6430
6951
2505
5543
6521
7760
9437
2489
2610
2646
2690
4497
4622
6014
6739
7538
8464
974
3208
5463
6978
7421
8024
9687
9821
1823
2775
5767
7561
8231
8979
9175
9925
1017
1290
2745
2977
3614
4407
9280
1466
1866
2501
2957
3997
4097
6798
7958
1865
2671
2879
3026
6223
8991
2494
2672
5653
6080
6652
7253
8139
9423
1322
1389
1617
1796
2006
4755
5538
5559
8948
9657
189
1226
1469
7279
7511
8791
9089
9745
98
2937
4965
5587
5821
8454
8539
9030
9154
2130
2198
4054
4601
4866
7451
9504
9837
1552
2948
2987
3142
4543
4728
6070
6964
7843
133
218
2668
3798
4207
4360
4900
6182
8747
4324
5423
6307
9259
9624
9641
387
2474
3115
4553
4556
4933
758
1407
1644
2706
3324
3601
5568
7335
9129
9278
9700
5323
5333
6093
6823
7809
704
759
9812
1332
1616
3245
3246
6396
7218
7721
9004
9442
234
805
2208
3254
3738
8066
9880
965
1033
1772
3591
8762
9519
1649
3327
3434
3676
4018
4632
4635
5274
5290
5695
7627
8958
9676
456
1705
3126
5790
5984
9194
9400
9633
9915
281
552
3187
4070
4792
5413
5443
6344
6958
7719
9225
9682
5185
5312
5766
6931
7619
8264
8857
9873
913
2454
3405
4142
5118
7135
7838
8163
8288
9125
2
1040
1455
2146
2673
4101
5226
6470
7806
9114
289
1060
1981
2247
3420
7043
8218
1352
4120
6467
7671
8870
1709
1893
2389
2602
2941
4105
5710
6148
6237
7541
8626
1014
1583
1782
2112
3065
4124
4612
5148
5916
5951
9335
161
2860
4534
5294
5393
5506
7142
7366
7482
8267
9190
9405
703
982
1247
1560
1757
2123
2587
2995
3529
4099
5621
7672
7868
8592
9838
574
3109
3632
4368
4695
5097
5542
6209
6325
7948
8228
8299
8869
8875
2061
2612
3647
5603
7679
9506
1316
1584
2041
7408
7503
7818
8071
8629
9651
9831
27
587
960
1071
4849
5676
6499
6859
6992
7299
8491
9176
9424
163
225
442
1009
3041
3626
5140
6323
7004
7331
9135
9652
3247
3333
4697
7508
7909
8313
9045
465
1732
7131
7282
8586
8689
1551
2205
3678
4110
4353
4451
5113
6459
8073
89
884
2059
2397
4485
4545
4567
5257
5890
6433
7100
7197
9813
1278
2271
2451
5949
6447
8187
8270
8548
8778
9207
875
1131
1734
2343
2837
4236
4623
6740
8496
75
948
1157
1356
2035
4599
9614
3116
3526
3709
4198
4802
5084
6057
6745
8121
9166
9789
1904
2399
2624
6426
6561
6717
8970
9603
687
1654
2385
7396
7459
7860
67
1620
1717
1786
2812
2887
3521
5171
6446
6996
7473
7996
8050
9141
9632
9857
3111
3947
8758
2064
5218
6468
7006
7251
2447
4600
4651
5566
7685
8045
8900
9474
993
1347
2931
3719
4832
5124
5804
6568
6808
7021
8179
8319
8420
9106
9182
463
2294
3325
3516
3771
3778
4673
5841
6687
7381
8598
266
647
1609
2261
3620
4973
6201
8022
9570
414
1374
1633
2490
3951
4078
5773
6443
8063
9663
792
4899
4957
5324
5331
6124
7364
7708
7817
8055
9558
3863
4246
8771
94
6684
7322
8207
9021
9232
9368
2747
3418
3858
4187
4297
4313
6000
7675
7681
230
432
547
3348
3394
3657
5272
5361
5546
7073
7229
8032
8817
9720
448
1218
1470
1718
3627
4517
5907
7618
7895
8493
9635
506
1104
1358
1463
1485
2517
3234
3670
3675
4634
5129
6102
7172
8185
775
6604
8641
9148
9589
1372
2028
2412
2476
2681
4169
4613
4885
5508
6103
6634
6797
6829
828
899
953
4636
4837
5194
5606
5677
6162
8616
1860
4726
6266
8445
9658
1110
1752
2460
2774
4694
4916
7776
7874
9174
500
3401
3995
5316
7309
9609
724
791
1116
1384
1396
1432
2351
2869
3287
3569
5652
5820
8153
9503
9541
9742
9882
0
2571
2882
3166
5343
5919
6690
7261
8025
8930
606
4208
6526
7216
7585
7789
7949
8118
8129
9888
392
563
1124
1275
3266
3998
4143
4467
4881
7780
309
1077
3207
3306
3581
3611
4422
5651
8924
9087
9550
1232
3715
4044
4464
5222
6144
6625
6918
7038
7235
7470
8837
8848
9281
9563
9675
527
2320
2578
6434
7150
7163
8693
9752
906
1651
2308
3062
4271
4656
5693
7358
8581
399
1980
2166
2711
4856
4950
4986
6806
6922
8057
8749
9090
256
270
3261
3851
5612
5642
6195
7829
8742
8774
11
3594
3598
4614
5871
6302
7008
7476
1768
2309
2997
3171
4006
5592
6854
8805
316
1150
3508
4055
5221
5244
5589
6819
8665
9508
9673
334
801
994
1092
1213
1576
2787
5398
5514
5945
6633
7297
7654
7722
2114
5702
6375
7059
7656
8380
2623
2688
2803
4560
4884
6962
8117
1284
1459
1869
3797
4504
4926
4971
6813
6910
7991
9935
429
488
952
4027
4293
7461
8720
9982
238
523
3617
4024
4596
4738
5564
5889
6030
6217
6735
7093
7610
9052
4150
4252
7680
7739
8005
8273
8751
2266
2607
3613
3744
6199
7057
8382
8782
9871
315
1787
1924
3885
3919
4096
4454
5892
6853
1854
3214
6402
6525
9520
178
3768
4266
4791
6488
6770
7464
7801
2383
2834
4067
5039
5899
6138
6405
7343
7485
934
2845
3270
4405
5988
6760
7425
7598
7667
8038
3711
4590
8115
8783
9307
1300
1739
1911
2189
3039
3686
4340
5468
6781
9559
95
1319
2952
4346
4657
6088
8536
4286
4392
5173
5552
6438
9092
9452
147
342
452
627
859
3551
4116
5548
5784
6085
6277
6303
7120
7339
7952
8651
9735
2055
3128
3980
4347
6240
6754
9832
40
2430
3466
4858
6904
7114
486
2243
5386
5444
5703
6075
292
653
670
1901
2181
3075
3096
5456
6733
8006
8947
9293
9317
9766
2174
2220
4499
5040
5101
5273
5694
8003
8690
9422
4076
6335
7539
8197
745
880
2375
2487
4249
4659
4751
7467
9564
391
1402
7398
637
2743
3624
4760
5663
5875
6612
8258
9765
367
1508
2073
2611
2874
3045
3250
5325
5815
7933
8777
8952
9547
318
749
4215
4568
5196
6177
8054
1013
1196
2318
3210
3543
4220
4416
4983
5878
6950
7362
8286
8292
277
628
2065
3523
6755
7147
8314
8585
9103
26
970
3743
4135
6264
324
4205
7907
8698
360
2122
2206
4129
5743
5854
7351
8868
9215
4799
5058
6982
8152
8927
464
742
2695
3284
6514
179
329
1112
2866
2939
2947
3527
4537
7658
8280
24
1821
2157
3113
5783
6749
9530
247
2382
3349
4696
5322
5943
9325
9964
2497
4222
5007
5942
8201
8208
8672
8743
3091
4892
5330
5460
6782
6848
6965
7962
9115
9254
9667
1283
1913
3148
3767
3836
4536
7572
7825
8713
8896
9295
3104
5657
5817
6036
8390
8509
9622
2848
5104
5818
6469
6689
8136
32
783
3127
3449
3782
4758
6279
6298
6737
390
617
2292
6354
7830
8543
123
517
2465
2735
3498
3820
9922
2416
2507
5232
5355
6408
8565
9210
31
826
1528
2092
2094
2790
3252
4305
6382
6524
6980
7252
8423
9128
9477
2565
4951
6317
7341
8261
8278
8290
8811
9334
9022
9595
173
562
3596
3961
5712
9047
9521
1129
2955
7970
85
372
3708
5137
5451
6207
6350
7014
7178
7579
8633
9165
810
1843
9266
9365
9907
1624
1769
3307
4241
6320
7119
9339
153
553
1963
2081
2141
2806
7797
8826
8983
9970
3619
7430
7433
9577
1003
7917
8011
8478
9510
285
559
1465
3962
4127
4363
6286
8497
9623
9719
257
890
4338
5319
5673
5681
6161
6448
7745
8211
8275
8604
9525
473
904
3013
4034
4557
5464
6118
7049
7823
8079
8492
9532
1051
1277
2922
3841
4362
7206
9238
633
648
1968
6210
7514
8401
8427
1892
4002
5787
7211
7705
8769
9077
782
811
2990
4465
4691
4766
4809
5239
5503
5532
6406
7531
7674
8865
144
433
1759
5321
6337
9490
9724
1790
2109
2853
8612
9034
9730
2737
5006
2522
2540
4173
5933
9305
9648
555
2441
3814
4023
4171
5809
6013
6865
8243
9300
9500
45
1532
1722
3074
5421
5715
8759
9545
9653
37
373
808
3182
3378
4662
5255
6757
7434
7885
8108
5580
5738
5781
6512
6742
1694
1767
2859
4321
6643
7232
7562
8151
9188
9646
9784
9912
772
3105
4004
6343
7452
8042
8087
8531
310
840
2005
2361
3081
6065
7169
8069
9063
9699
347
3899
6768
7592
8398
9887
485
1502
3808
6593
9178
760
2413
2800
739
1788
2428
4595
5065
5419
9787
682
1515
2558
2559
3502
5415
5447
6597
7417
8149
1335
7424
9894
9974
17
3524
4839
9180
9955
932
2358
2809
7345
8449
9318
52
157
693
2221
4351
5117
8810
2173
4677
7246
461
4043
4896
6154
8128
8556
8569
9370
9619
9976
1586
2264
3060
9162
1837
3602
5365
6373
260
568
1989
4795
5930
6018
9791
350
2310
4850
7240
69
852
1653
3262
3308
3687
3822
3869
5684
7876
7919
9654
74
3916
5832
8806
9387
1105
2116
4456
5126
3089
3928
5036
8138
8295
1955
4484
5896
7277
1361
2791
3016
4664
5860
7551
989
1965
2357
3880
9057
9482
508
1132
3476
4389
5672
9548
9588
9862
1441
4432
5125
6844
7121
7274
1161
2661
6764
7231
8863
8990
707
5763
7052
7731
8377
9809
872
1868
2785
3938
4218
6821
7151
8133
1136
1368
2117
7346
7646
8637
9306
898
2306
2417
3194
4889
6096
6934
7148
7289
7878
726
1460
1619
1883
2868
5845
1639
1383
3698
3935
4387
4800
5034
6172
7716
2241
7353
8669
9001
779
1364
2098
6184
7259
8212
2030
2214
3329
6864
8505
8662
233
345
3131
4720
5641
7013
7308
8210
1966
3697
4583
6671
1208
2925
4898
7921
9806
146
509
2814
2951
3460
3727
6119
50
325
1420
2363
3021
5904
6677
7056
7972
271
597
2374
2575
4941
5062
5227
5407
5918
6675
2139
2209
5885
7371
4826
6367
6391
7034
7081
8393
7715
864
1178
2928
3101
3957
4942
5431
5662
6092
7502
7872
8750
2083
3679
4515
5388
6697
6971
858
3218
6894
9327
269
1063
1781
4598
5571
5658
6056
7456
9969
3022
3764
4608
6206
6280
7344
8000
1022
2584
4681
5424
6019
6121
6411
19
3900
4860
6439
6458
7563
39
355
5165
7657
1413
2307
2686
3040
4733
9112
2965
3297
3982
5637
5735
6160
7556
7754
9717
874
1897
5005
7302
8885
978
1475
6116
8019
8300
8914
9465
2082
2472
4621
3251
6262
6536
9116
9515
81
1381
2819
9505
3816
4343
4827
7200
8522
2426
5150
5256
241
7017
7824
8016
1753
3979
4196
6425
6917
8938
9743
2355
3492
4428
5135
5458
6976
459
1113
1205
1816
1908
3069
3267
3464
5688
6555
7333
7388
9661
227
1648
3552
5659
6029
6942
7010
7858
715
3320
5001
7775
8060
9026
9992
615
2470
2645
3248
9777
454
3659
5474
9111
1851
1864
6626
6628
8101
931
1839
4457
4492
8015
8610
156
1144
88
566
645
1179
3008
3824
7848
4929
5563
7413
7898
9127
9844
9867
3007
3783
4450
5427
7513
384
584
2137
3400
4831
6037
6353
1119
1640
2304
4083
5537
5671
7782
7975
8455
349
5106
6564
7080
7416
5375
8082
9294
684
1382
1577
2376
2381
3991
5334
6290
1072
2323
5826
2896
6725
7639
9179
9245
3973
4167
5119
6378
9902
1018
2297
2994
6895
7631
7893
9472
118
820
1309
1918
3106
3321
6027
8787
9153
1669
1948
2562
4788
6880
9534
841
1464
3296
6295
7738
70
1412
2183
3073
4498
5583
7018
1657
1902
4813
5529
7785
8544
9905
802
1041
6581
7443
9618
7632
7796
8344
9291
1605
1907
2102
3222
3937
5707
6577
93
835
1166
3741
7027
8529
9374
401
909
1683
2260
5240
8726
5477
5717
8448
8943
9289
9866
9978
3426
4589
6941
7391
9002
4530
5699
7700
7755
7946
8981
9739
207
1933
3164
3595
7230
5327
9456
2967
5353
5593
6135
9072
9173
692
730
4377
6494
2053
2249
7887
8176
9463
132
4388
8770
1737
3149
9931
582
2924
2969
8459
8575
9302
2331
5433
300
951
1101
3486
7449
8354
1138
2186
2741
4627
5554
6023
8622
8923
9471
2446
2918
5262
6306
543
910
2022
2669
2768
5470
5524
6043
7866
215
729
2168
2891
4650
5909
9406
3103
4680
7357
7820
8673
689
1292
4682
5632
5921
8105
9027
3322
4943
7094
8892
621
705
2722
4082
5462
6579
1926
1940
3437
5992
6115
7466
8202
9073
9571
1061
3301
6271
6560
9549
165
8310
751
1414
5077
7126
410
525
4260
5105
5868
7982
4048
5153
8355
9007
282
409
1467
2568
3867
4460
5164
5465
6704
3648
8227
8677
1484
2826
3909
4956
5869
794
2940
4704
6038
6050
9147
9803
431
1872
3316
6619
103
8801
175
4337
6516
8714
624
855
1665
1784
4606
4689
7591
9039
3177
4141
4158
9929
376
1159
2827
5261
5435
2962
5714
6002
8944
9040
9331
2516
2950
2985
1029
1304
7821
8845
9875
9983
844
1329
2905
6215
6349
1186
3095
4865
9391
2366
4562
2729
4744
8125
8940
9211
9554
9793
4725
6131
7217
9616
172
1053
1169
7554
120
2719
7193
8969
9498
110
351
2591
3444
2418
6949
7062
7382
9555
622
853
1274
4311
4442
6638
6893
6998
7448
2766
3440
6281
6493
8262
8294
8674
368
1375
3151
4330
4604
5730
6680
526
2623
5902
6134
8259
8967
13
958
2134
3291
99
1190
2598
3829
3914
8289
3684
7655
9511
2172
2658
4967
8429
9566
8514
9109
9466
3225
5297
9155
48
87
571
4411
5689
7171
7349
9382
9965
959
4502
5063
5467
6106
8452
9843
200
2364
4538
5277
6686
6945
8820
3236
4618
5846
8169
212
5664
6398
9901
2724
3517
5450
5757
3615
1545
9371
9475
475
9478
677
2438
5318
6713
3971
8026
9185
9634
9829
4155
4261
9038
1800
2017
3271
3387
4874
6146
9271
9808
3862
7959
154
5145
2127
4115
5381
7440
9741
567
7481
8342
8558
80
3340
3616
4729
5620
6048
7000
8365
9204
9850
7529
7822
697
2634
4014
6616
8786
9372
785
8404
7041
7783
9379
2237
2530
2676
7404
9950
1028
1553
865
1326
5366
823
2656
3259
2513
4381
7296
8764
936
1771
1978
2596
3438
7489
8908
9514
136
4477
6906
9132
9877
2175
7301
8553
3534
3809
9056
9485
1859
9487
9600
4289
1130
4852
6326
7050
7915
2395
4010
5279
8563
2778
4029
7340
3221
6902
8656
1779
2410
3750
8297
9491
9872
4835
6128
7849
9117
2892
150
382
4555
4886
8323
1242
3606
4980
7215
7540
8687
1720
2510
3561
4854
9209
1646
3264
1794
5429
5483
5906
7104
9927
871
1156
3781
5750
6113
6803
9429
4919
9650
1715
1873
2054
3986
5981
6617
5990
6263
6409
3482
4915
9170
4920
8336
2662
2712
5400
6621
722
2696
5302
5502
5926
6219
6550
7189
2793
6892
6912
688
3099
5665
3384
3905
7765
8196
9431
9607
2835
3051
4059
5091
332
1207
2627
3031
7245
2846
2900
5401
6605
7499
5453
7139
8061
3761
4588
6730
6785
7471
1443
3780
6365
8386
1721
6159
9330
1892
4294
5417
4488
9055
1135
8046
8059
1433
1569
3284
5512
8784
2160
354
1513
2379
2971
9637
2509
6921
7406
8468
379
4722
8561
9513
331
592
1692
3581
6640
6828
9859
1030
2953
5041
6139
6761
7208
2353
6790
8266
8606
1481
2549
2644
5511
8788
8866
5387
8232
9414
4036
4213
5722
2935
3843
6059
9690
9874
2313
5207
7359
8757
2577
3393
4952
6456
239
1183
2176
7979
8184
9706
8462
2409
4665
9780
4846
5727
5774
8725
2641
7846
9479
1805
2684
3428
3788
5771
7521
9157
4061
7955
9436
8588
9024
1729
5231
6651
9313
976
9094
1246
1982
3066
7074
8161
675
2580
4291
4711
6993
8120
9247
927
1840
4825
5666
7125
7001
7890
54
344
3085
5329
8705
36
1534
1931
3875
5259
6701
8852
9802
3242
2187
2685
8053
1832
3695
7698
8156
4011
8903
9301
9918
14
763
8701
9208
1021
1153
4163
8155
9169
1634
1801
5389
4775
6168
2477
3042
7439
8097
8645
4074
4186
5210
6376
668
6763
7709
2312
8446
9567
348
2329
9000
4979
5837
7166
337
4491
5759
6648
7494
7832
8572
8933
771
2195
8215
8285
4240
7372
2718
3189
6758
358
7883
620
3391
3866
4153
4790
8843
1695
3837
626
4501
6688
6983
7319
7833
104
408
489
1652
1746
3566
8630
905
2529
4463
6510
6360
8813
967
4216
7670
2004
6451
8965
9655
5093
7393
8199
8954
788
6045
9193
540
925
1546
2520
4779
5187
8816
512
1915
1961
2990
5734
6569
4206
9584
5211
8510
4576
5862
7
2532
3932
4228
4754
6163
7355
9845
1829
1967
5074
8907
9495
8341
5985
21
1012
4961
5686
8836
9967
6239
323
1905
5770
8361
9248
4520
9911
564
1044
49
2089
1298
2443
5584
6176
8876
79
6021
3860
4674
718
4165
7559
9761
1323
4479
5936
2496
8929
2445
6284
6959
2473
4223
5260
4757
9213
170
1248
3243
4954
7595
3376
8593
8736
8412
8920
2016
2080
1285
1726
2605
3954
4314
9539
5054
6602
7288
8387
6990
4161
4781
4904
71
6004
2163
2833
3467
8052
654
2100
2105
8953
3484
3945
4756
5031
4748
4927
6696
8225
188
8048
3754
5013
7986
23
1080
2219
7935
9216
9640
5003
7782
698
4268
6657
7902
8369
4709
1158
9159
3494
4529
6805
522
2660
6453
7523
8772
780
594
1604
5014
5733
6412
1343
3576
5610
8223
3623
6988
1399
8301
3821
8312
8617
2300
3186
4730
6903
3746
494
3951
1295
5035
5192
6489
2429
2751
7548
1507
2158
4103
5627
2981
7015
7164
9079
2750
253
5122
3211
8028
1846
9448
341
3399
6346
6527
5022
386
3362
5020
6700
8859
219
5440
195
2557
2282
4056
6269
2781
1969
4818
7143
7212
4349
6107
6644
7951
4645
1036
2316
6920
383
957
6492
1122
7354
8384
9450
2583
5374
9416
6156
1848
2056
8530
96
895
7861
8779
7181
4399
518
6800
3146
5834
6967
228
6407
2278
1547
5264
5245
8241
9445
2434
3989
6211
7524
9767
9799
3121
3832
1655
6970
4097
4542
5409
4713
5457
5656
160
6660
8076
5848
9124
1879
1932
2539
4003
4522
5038
3762
7923
1024
4814
5347
5894
7800
8021
8424
2493
8330
1447
3192
3383
3672
8127
4750
1946
3141
5404
6081
306
1776
3915
6189
7852
2013
8654
2820
8450
8997
5599
9250
9961
593
7652
8399
1442
9686
242
3667
6341
7129
8754
5882
4283
8744
3642
4295
8865
9656
6884
4288
8882
1087
7967
9252
3685
6501
7173
1606
1774
1909
3217
6556
3683
6513
1834
8174
1610
5661
6358
7238
1867
7597
1564
8020
198
2633
7867
5484
9440
3373
5363
6052
8963
119
1303
4686
4963
7262
8931
1956
4130
4577
6789
2534
3456
9418
585
1479
9814
422
4478
7032
8803
9336
447
3710
6779
6856
8507
2015
6706
7130
3473
2437
3029
5749
6849
9329
8727
3202
8883
5069
9426
1548
9753
4875
6435
9449
1923
4747
6721
7543
183
3779
1803
3033
4546
7901
1912
5670
2155
7695
2419
2592
2788
4548
7747
204
8697
8939
6009
7195
7589
406
1727
1403
3319
3696
8773
9523
894
2377
2593
4094
1094
1791
2929
4134
7432
9399
1462
1473
8698
135
1972
2457
6714
9201
511
1331
5160
9256
2677
4244
8148
5238
2036
3903
6930
3895
5479
9328
6066
3370
3646
7922
9751
7929
8251
7934
3817
6186
3459
8608
5203
280
1970
2811
2708
9705
9747
4046
5976
4271
6308
5518
5744
1562
8814
3765
6872
7600
1257
7381
9126
3342
6508
2927
4225
4828
1418
8180
286
2946
9854
9565
1819
1501
2338
5196
510
2302
2683
1661
4374
7844
1228
5650
8551
7324
111
4369
1499
9064
4060
4559
4812
6666
5435
7495
8269
769
6421
7490
7743
9628
1176
6299
7257
7478
4469
4168
6282
7317
8206
9955
4355
5955
3922
6230
9939
3776
4124
6572
6810
8293
1096
9909
7098
8245
9404
6178
5123
6401
6968
9016
923
3228
7831
1066
2171
683
2840
3739
867
1386
5711
9995
8712
3669
6232
6474
529
8552
3070
5488
6919
9362
5402
5941
561
7920
9112
5095
1596
2258
3481
7501
814
3815
33
3514
7707
7653
5015
6901
498
1038
4069
9359
9537
9921
663
1925
5420
6600
7453
9849
8147
5213
7285
8881
7254
504
7300
8370
6678
7339
7791
1164
3272
453
7865
3023
3232
4007
7567
317
5693
6631
6064
7410
3253
1813
6321
6427
1607
2150
9198
3952
6006
2162
1668
9134
1551
6799
208
1678
2996
7571
7892
8417
8824
5120
2514
3409
4203
4300
5024
1147
7244
7828
8528
2414
7550
2097
8831
7932
3249
7
1711
2898
1006
5520
8596
4001
8375
4391
2088
8213
9121
9949
467
3084
3835
8977
187
3127
4242
8973
7802
1817
8704
2894
6786
946
2403
6532
9274
1193
8618
3059
1206
4496
5161
7897
9348
1240
1469
2704
1497
2273
3882
4245
2118
9392
4368
4121
5276
1589
6674
2468
5050
2138
3147
3724
9303
9337
9904
1117
7669
9938
3191
4805
7941
4806
5585
824
5395
1471
4703
1311
8647
9842
5964
6772
3237
5177
5887
8221
2259
5422
1379
3605
4415
5810
4988
5996
1828
6792
984
7491
8027
8987
1365
2986
4940
9186
4471
2600
7644
1939
3311
5555
7575
1954
2471
1478
5737
2963
8162
3876
9708
5576
1167
2230
2295
8571
1871
2698
5709
1339
7545
8534
9553
6180
5494
8362
5775
4985
8392
3718
9669
747
9876
831
6084
30
437
2003
8284
9930
4123
9817
35
2543
4254
5551
7727
2272
5755
7320
1060
6311
6834
3500
7223
7651
5681
8780
2067
3345
5472
9044
7826
5027
1059
4593
444
5644
9770
1852
6505
1338
1367
7096
7676
8224
3181
4772
4159
5687
9203
223
2303
3854
5300
7313
1557
3346
6483
8096
8499
630
2614
3028
4603
3668
7140
971
8580
2702
3078
8203
428
2227
7770
1231
1919
2850
4192
8691
930
3382
7842
4278
5796
9142
2908
1392
6709
9755
1876
9322
3155
8394
3034
4286
8498
4164
7638
8696
9347
1468
2275
7156
9860
1269
3363
5128
7479
2670
7637
8898
3740
6934
7557
8543
9235
1173
2019
2980
3461
5214
832
4020
535
5023
5598
6142
7436
843
3906
8331
3924
7744
8658
9008
9104
9820
829
4978
5543
4992
5958
8326
2386
7904
9953
3032
3266
3604
7091
1559
5530
8406
8819
3336
8708
4102
1177
8634
5525
61
5577
5096
8554
3636
6963
5190
8189
4780
5010
5692
9130
1809
3350
4470
5802
9733
1934
4212
7409
7914
8767
1435
6205
6773
4176
9524
3467
5094
6676
1700
3753
981
4209
6297
2121
1461
1749
980
2371
8629
6818
8157
6868
7505
8040
1480
6646
8351
8986
2760
363
8829
9573
9790
3726
3993
7029
9497
7886
8798
1671
8271
9714
4692
5623
8105
8167
7596
4370
7214
2337
8032
5514
2210
4202
7966
3215
9071
7916
509
2217
3549
8989
5615
4265
5070
8252
9892
9220
5162
6254
5243
44
5156
5454
3103
4719
6377
3516
9257
252
3845
9919
493
4505
8388
5108
9552
883
9069
4782
5721
6423
1517
2180
1831
3680
1106
8533
9051
7690
8058
5858
696
5891
7068
8090
6553
4630
7380
177
9178
3714
9818
2498
5376
5037
5216
4161
7108
9172
9272
3580
5669
1388
9396
9907
8667
4341
6645
9593
9596
862
1835
7859
6723
6847
3026
2293
9202
8785
8847
2103
1081
7641
2956
6058
879
9726
6575
665
3638
6208
7913
2904
5556
6656
8116
8438
595
7483
4439
5299
8594
1728
1748
8229
1245
3847
3677
5517
8098
2232
6011
9701
2154
3036
1269
5578
51
5629
8684
5761
4400
6899
4096
1310
4025
1494
8440
9988
1722
8214
3503
6707
9262
1424
1030
1550
226
6694
2613
4647
5561
1054
8750
6296
9819
3694
7368
8584
1301
4700
5605
2290
2500
4861
5110
9737
1276
311
3167
4364
22
3035
6500
7286
5723
7983
8949
2637
3793
3936
1708
4815
5053
5660
9783
8231
441
6416
8135
4398
8851
4768
899
1005
1754
1265
6148
4248
4706
5266
6473
2458
6055
2430
8230
375
634
8649
9344
7113
7233
8205
108
511
5630
158
7321
2038
1792
9613
134
5799
6538
6649
7115
290
581
124
4676
7191
5498
6578
2727
5173
8546
1109
1637
8979
2774
881
2792
6067
191
4256
3157
8982
8165
308
6054
9754
5609
7799
25
2960
9163
6183
6839
2246
3347
8418
3819
6419
9768
530
1621
8890
4552
6787
1325
5648
579
3234
3795
6929
2932
9710
9715
4453
1118
6647
562
5097
955
752
2122
4855
6515
7137
5793
3364
4869
8276
3237
578
2151
9886
8702
6635
6807
9694
1280
1962
6964
8123
527
7222
7327
7686
2606
4339
6586
8342
9578
3892
7704
9009
8609
2523
4983
2380
9773
9958
3707
4617
4863
9920
2782
6558
4118
8055
1057
1615
9928
6641
8137
122
4269
8935
7370
5175
9644
2453
8064
7435
1042
9028
9486
255
2780
3247
4785
618
3579
7649
1768
4533
4853
7256
1725
5806
6082
8085
1555
5764
2816
5448
266
4956
882
5453
5219
6105
6843
691
7864
1919
611
690
936
8711
1400
3725
3224
6202
4518
4037
4120
5801
2133
4253
6415
8068
6216
6355
6737
4285
5480
5639
6570
3539
3269
4342
4610
8700
807
5391
9255
674
8322
8574
325
243
1945
7815
2655
3453
4668
5762
1804
1973
8501
9230
3926
2730
3977
6582
7937
8644
127
3704
5545
7132
2244
3174
3000
7090
1635
1830
3661
2379
1402
1628
8891
3675
8517
7146
1540
3188
6611
7329
5215
5223
8113
2184
3708
5154
6498
1394
9807
4770
2556
2699
7419
473
4548
3171
4772
9544
1860
7441
3410
1525
7234
4075
298
480
520
3789
7964
3405
8317
3304
8142
8941
4571
9912
5282
388
2554
1565
3132
4468
303
1489
3559
2830
2355
8003
1452
5999
3400
5683
4490
7194
8717
9764
672
1526
557
4419
4737
4006
2938
7636
2807
3412
5212
6121
1252
6319
8197
6111
992
4172
2566
1272
2238
5805
9119
1209
7105
7202
9247
4073
5327
6256
7395
7857
1942
5898
7756
9499
2528
2982
8477
5176
6260
9229
1691
7516
8399
748
3591
5278
9395
2967
5748
885
6212
5016
799
1249
6162
5654
6193
5574
8482
1112
9527
4856
3967
8318
9129
1802
2170
3961
4582
8141
4633
2821
3745
6072
6126
4838
47
8775
6562
8683
4953
1232
7662
891
2663
5449
2144
2356
1503
1758
7350
4977
6458
2023
9660
4944
5301
5971
8427
7648
3173
7063
3493
5880
3827
5831
7805
5643
5870
3226
2305
4724
833
4019
9341
1319
4752
7361
2322
1111
9496
3855
6715
201
695
6771
4671
2222
9164
5582
8707
139
986
6744
9401
2901
4472
5708
7016
2769
8036
3383
4836
5236
9397
8164
5989
7258
1049
5703
4739
7924
4638
6730
353
7000
7468
2180
7097
7303
8451
2231
4816
4847
5706
1121
8132
102
636
5074
3942
7356
2979
3871
8106
9013
5390
8234
2664
7918
3996
4789
3794
6062
4699
798
8540
2377
5957
7006
6090
394
9394
4834
2502
2341
5987
3846
8621
5003
4141
8723
5311
7582
8695
9011
7102
8315
3682
4523
7159
7522
6733
8661
1396
1429
2276
4639
2350
5823
130
5055
8377
7099
9234
8958
3888
2612
1256
5570
9723
598
1342
4318
7168
4011
572
937
3700
385
8138
460
8832
9750
1618
9434
5924
28
7647
906
5364
7797
4250
9460
7101
3227
4710
6748
8978
7205
2594
7149
121
1366
4767
5252
3183
3657
3639
9241
3582
5856
1516
3216
9790
7957
607
9522
1064
6671
7837
804
719
5673
6174
1900
3138
4085
6203
3621
5569
9427
1149
1824
1870
8381
1163
7107
8013
6242
2710
3052
9543
2467
3341
9006
4292
1039
1305
3154
4615
2756
1685
5366
3196
6495
6603
8794
4550
7696
633
4931
400
2698
7242
351
744
4922
7498
7562
227
613
7457
6012
8926
5230
6916
2643
4503
6071
8
8320
3540
7945
1914
7325
9085
5321
9353
5531
5886
8776
3491
5403
5412
64
9008
5332
4311
5292
4211
9251
7293
2420
4949
7730
1027
5093
6653
9189
5972
7406
1317
2442
4177
7774
7910
6604
3048
2975
5742
1215
4964
9959
975
1455
3285
3401
2875
6
9533
5359
5970
6275
7201
8690
3441
7830
1930
6629
4051
1011
673
8023
3029
5131
5405
4296
8998
8916
3320
2378
648
2795
5288
1203
1178
169
3271
6514
7020
9814
9059
8702
3654
2002
2726
2778
8579
6200
3017
6615
6775
8796
2169
6825
8763
4954
7889
9286
6909
5719
1286
4263
1330
4955
4154
5437
5561
6702
775
6250
401
2727
3601
6797
9637
8597
4086
2205
3016
5809
5614
1577
6101
9131
1371
1370
2943
9601
7530
1872
4717
6837
8792
3375
2439
6695
5753
1536
6388
3357
2828
4799
7134
15
2474
3790
265
9649
746
4873
1917
6465
8611
4672
5356
4779
8099
8671
1950
3813
194
7026
741
5029
9989
7863
1670
4279
3706
5835
8733
4334
4281
5636
1509
1651
7507
8797
656
711
1936
2009
2813
5567
9152
1873
9803
9102
269
896
5182
4431
2765
8911
2579
9889
89
6608
2650
1251
7925
4183
3748
6202
1232
1794
4193
1078
6802
590
3027
4594
3291
144
949
4088
3112
4963
7565
3479
1587
7618
8192
472
5595
6915
7926
7593
524
1811
4454
4586
1058
2432
9667
6404
2959
1662
4762
3312
957
7122
7200
8605
6345
7035
8121
4596
2215
2406
7323
5064
9735
5258
7896
1495
8100
2668
6385
1585
2865
8339
9116
1393
5983
8854
5323
8324
141
4752
6925
8252
9824
3435
458
1270
4629
7558
8461
5169
5138
1264
2128
3927
5351
6885
4759
1313
62
3030
9214
4482
1706
3047
5571
1826
4124
9969
5341
5113
5836
2693
831
9047
7463
9171
60
710
2648
4094
5046
6662
9540
4331
7341
1895
4130
1102
5597
3149
6911
3390
8253
1092
1268
7769
3569
3801
9962
304
2047
7404
261
9727
421
3839
5310
7480
2671
3426
4783
654
3292
6461
5284
5842
2695
6255
7622
6191
235
666
9018
2040
3209
641
9580
2486
1760
8183
4893
4414
9488
3213
6036
9502
9791
6581
9381
2280
9370
8865
4764
3814
5095
2231
6089
7970
180
7196
9635
9118
9418
1574
1775
2799
4064
4501
6157
9653
7666
916
8496
5895
3760
968
346
4303
7443
2533
1397
7961
2503
2740
2264
5105
8311
16
8117
1475
5287
6864
2204
202
8242
8562
237
4967
4056
6024
5553
5864
6088
9143
4486
7288
364
5634
3168
1816
2394
200
8561
7447
8765
3308
6080
179
4266
5225
554
3775
5869
8868
4008
1103
7236
720
961
2240
2883
8041
8061
9354
9620
1890
9976
2076
6127
8460
3627
4140
2338
7428
8521
5231
7068
1343
4201
9333
273
3568
3507
4628
7776
9182
2885
6522
6273
5172
6559
5538
8112
3459
6936
2766
3276
7724
2767
5319
8968
2162
7768
2119
5961
5009
7479
1881
2638
7103
5434
5726
962
1529
7098
4005
5426
569
1151
1710
366
9614
9751
3544
649
3454
5645
952
4312
2665
3303
5872
236
2033
2235
2257
7657
8194
9255
9324
635
8748
1437
4519
8623
1737
8724
2396
6539
9987
2808
3543
8385
2911
601
6774
5736
4200
2381
3096
4530
8716
8514
4936
5132
1817
7899
925
954
8291
9865
8225
8487
4842
9353
9278
6892
2657
6739
8886
1949
4327
3208
5178
2789
6848
12
984
4058
6266
4609
5303
6440
5760
6376
6132
4395
9002
5237
9711
3735
4282
6335
5975
1735
6951
7839
868
5624
9665
1026
5566
2346
4821
7070
6673
3056
8858
4442
5874
6831
8107
3094
5492
5938
5953
7067
8065
9855
2156
7646
9310
3572
7351
881
1597
3599
474
383
2367
2399
661
91
5823
6886
393
8892
7871
2530
6049
7248
2878
8069
7416
7504
1877
7307
3566
9111
9409
8687
6746
2490
856
3129
6453
7445
7968
309
523
9507
9494
7062
7773
9799
9998
2492
4707
5424
2734
6560
8392
5352
2298
4433
1077
6742
1549
2391
8672
5952
7412
8334
4098
642
7071
7794
8328
5601
1146
5194
7566
5490
7024
880
549
2914
9648
8272
2880
5832
6867
5682
7338
7336
5502
5045
9316
494
6773
2383
6958
7984
3314
9330
2833
6350
5039
357
3983
4147
4487
9219
2246
6811
2837
7927
2917
4491
432
3421
1143
5915
6654
6141
4476
6466
6704
7238
9672
6538
6752
2753
3655
3850
9636
430
5397
7580
9772
2353
8411
2534
8446
9442
9851
8436
8814
8872
2436
5873
9503
9157
5368
356
5894
7475
9808
8423
8627
3519
4416
1883
5550
5897
9859
5482
9968
4426
8200
5973
316
5635
837
8874
9302
4924
5560
9462
5808
6418
9279
1586
3091
2603
2463
9506
5460
8224
2428
4039
6533
1614
2560
6501
8940
9000
1341
3397
3775
1104
1428
6377
4034
3326
4939
3721
3772
329
610
2268
9055
7821
9785
3113
4239
1863
3406
1727
8626
287
3556
6763
4139
5932
3513
487
900
477
174
1328
5620
8531
3005
5427
8180
1838
6448
0
327
1675
1789
3968
4231
688
3162
1869
3322
5876
597
9703
3726
9584
7462
8538
1663
1731
8726
2321
1961
3415
1641
1647
2408
2719
7732
2713
3419
3311
9735
6361
1320
5073
5150
7272
3283
4858
5263
5251
8401
5183
3466
4279
9452
3943
3455
7591
967
4972
8984
910
626
5581
6755
8790
6460
7300
1448
7538
3273
1604
2078
2814
8857
4915
7581
9222
8355
8985
8432
8520
1552
1609
6040
883
7637
3130
9712
82
7733
8030
2529
6607
9228
3653
480
7756
9319
2508
2854
293
1089
3882
8026
8372
6160
8839
7357
8040
7173
2327
8945
2288
1689
7573
178
1665
1827
3259
4359
6798
563
6776
6823
6531
742
5057
6117
4360
7271
7109
352
4131
9158
7861
858
5164
7425
5354
464
7311
1527
126
4355
749
8022
1573
8817
5458
115
276
6137
6659
714
7089
2762
9136
9407
4060
5407
5576
9677
6125
7473
6995
8799
2620
1227
7290
9883
3133
4753
6612
7921
4619
7301
2801
5298
740
9934
1155
9350
9621
7579
68
599
9373
9674
8863
2507
573
6005
6409
647
7816
2136
1244
7142
1436
5729
8992
4657
5827
1087
677
9941
6069
8182
8591
9033
1818
2509
8518
8688
6220
1769
2705
7169
451
5125
5077
8980
1202
6878
3046
6969
548
889
3917
2702
5556
8825
6585
143
3583
8266
4251
4898
2130
513
6213
2790
9561
7013
6588
3853
7017
8620
8909
9698
678
1839
6227
1660
3380
2807
4046
7500
8447
826
325
5945
9615
1796
7969
7699
8630
4826
8441
9899
3417
2476
2484
3069
8004
1085
1968
7096
1138
8930
4909
1720
4444
1945
3425
2949
4233
221
3010
3956
665
1302
290
7319
397
7505
9795
2286
7985
8578
8257
2733
4758
3049
7483
8129
3622
4493
289
391
1717
442
6957
8473
2965
8240
7060
6195
8565
6447
4441
4696
5758
6639
5612
8234
8628
9290
6502
9775
1000
9139
497
1798
5686
1923
3806
3811
3607
3659
9455
4300
7213
8086
66
3624
6367
9224
9368
3437
9122
1598
2196
8024
483
2025
6066
5283
257
7930
466
6727
3824
7174
1285
8529
3141
6044
7638
209
849
804
5029
9307
6285
3673
6237
4572
6393
7041
4033
8561
1520
9449
1170
2794
4516
5705
2592
4446
3416
4070
4613
7190
9221
7003
2930
4837
6325
7655
6857
2615
1562
1643
9960
5875
1977
9760
17
6759
2308
7940
8475
1473
7206
801
481
462
1892
4197
7484
4463
8671
1022
907
4515
6452
822
4513
2868
8336
5541
567
9622
9956
449
2222
9487
4049
9514
2621
2058
3035
3449
5542
3131
9616
7253
9699
1349
5430
5759
3204
1967
9745
6113
7746
2110
2331
2903
4697
9599
4988
9971
9359
9937
3332
8975
1297
6071
4900
2750
7506
4701
5536
8519
5591
9342
735
9815
3353
5907
8116
286
8422
8211
2191
1690
2255
8258
3053
399
4398
3656
9159
3560
4704
3220
7641
6528
8689
2560
9473
8811
533
6709
8795
603
5676
1329
3631
580
8876
9866
7492
8179
1288
1331
8678
690
5947
5107
8606
7178
1199
2809
9226
1840
8896
4054
5583
6131
7110
2208
386
384
6572
8057
2644
9103
9399
3614
7891
4265
7743
614
5249
3728
2593
5300
6930
2604
662
5048
5280
8383
7452
6171
1742
2422
4043
4102
7138
7042
2795
4387
8490
499
813
4121
8798
6423
615
1230
3111
4469
8777
9250
1235
5934
5745
574
8590
7229
8802
3936
8359
1575
6602
256
1836
2976
7521
5121
5665
9186
2172
8622
7633
7906
2673
7435
5084
8433
9422
6734
406
4042
7765
2571
8222
5568
3526
6907
8609
265
2343
3911
6793
5562
7291
7502
6875
8181
2923
4484
4689
4785
6144
8251
8539
6846
8707
4782
5683
8269
4480
2755
4909
8154
3615
8291
3287
2310
4014
3786
4902
7934
8943
5055
1055
812
1618
9223
3145
4920
5184
2120
3206
6436
5838
5195
1175
5718
7981
727
3899
4338
9853
3754
1119
5414
2692
5413
7853
6054
1729
9204
9541
5304
7736
2525
7652
4161
2006
6413
3107
4743
8016
5495
57
5316
8586
8824
5452
6318
9183
6549
478
5840
4549
5517
5936
6758
8414
1141
1988
4854
1144
3575
4462
6286
4317
3949
1355
4907
1080
555
8895
5369
7108
2098
9839
8920
4601
1684
4409
5989
6753
2267
5547
2574
3351
8281
2351
3366
7903
2990
4406
2749
3902
5112
2237
3770
532
2805
2515
6787
760
6369
3201
6886
154
4904
1056
9023
844
4330
7421
1947
5603
2498
2972
7049
7266
3210
4790
8163
8963
3304
6455
9074
5097
6896
8226
6574
9358
5701
7192
3831
7136
2042
2804
9311
2206
5254
5817
2217
6018
1044
6851
5816
48
4206
4438
1278
4925
4652
1365
6177
6983
6853
3190
5177
2892
3452
2985
8463
4351
8881
6161
5700
647
3707
3018
4156
7573
9799
4512
8831
457
7379
5633
6283
1802
674
3400
4467
6271
6505
7451
4908
3264
4065
9088
2786
5312
331
1238
717
3474
5103
9762
5441
5732
7873
7101
4293
9697
754
9765
2344
9480
3424
3036
6462
8566
8735
926
7795
9596
2123
9375
3841
4026
6741
9121
2434
5906
6909
8419
1427
8276
5996
3910
6207
3361
5819
3462
9927
9557
1354
3810
6477
9973
1893
4738
5071
2577
2922
7390
4058
1974
3014
3919
3423
3432
8619
6885
4577
6932
2861
3392
3480
4029
7237
7011
1513
6191
3028
7168
578
7048
6674
5738
6270
6948
9166
6804
2282
2489
2758
3184
3504
146
1161
1997
3001
4432
4663
7616
707
810
4939
7219
3508
7560
7595
9416
284
669
7671
9196
4852
933
9880
9709
9823
2750
6168
7786
1173
3845
4589
2699
1504
5232
3384
5724
1551
676
4621
7207
9996
3900
60
1243
4587
322
1777
2049
9001
907
4965
2663
5086
7567
9991
5890
4311
3363
9630
8077
8079
1265
9299
5190
8870
6229
6138
6475
8835
4343
7304
3313
6323
6546
1897
3279
9242
9308
1192
1698
9427
9975
9693
4510
6076
8762
4308
2118
4710
2359
6921
8421
9450
1747
3898
2527
1886
6601
210
5063
211
1633
5917
94
309
472
1543
2723
2874
121
2843
3272
7916
8249
4103
7250
2541
6151
765
7331
2251
6854
2140
3159
4739
7740
9439
5661
9021
3077
3601
8947
3075
8731
1797
3874
5438
3578
3737
5939
8846
9834
476
4073
777
7147
6009
5469
7603
6521
4495
6650
9420
6250
9173
9994
6112
6282
7550
9769
9995
7857
8754
6198
8702
9957
2117
3947
4654
413
8993
833
2510
6017
1479
9171
4791
9532
1381
5285
74
1498
1717
747
2397
3023
9472
729
8729
8897
8505
2759
4071
7251
2264
728
9378
6830
3205
5837
6004
9434
3155
3916
2877
7660
571
8347
5710
6641
1186
8066
4180
2810
5178
2964
1625
3102
7623
9663
7650
2040
3163
6057
6888
1729
3795
1219
5159
13
1225
5284
6706
1408
5909
7442
4855
8426
6535
6047
7124
4173
4644
4443
4494
971
1676
3716
6751
5449
6193
3619
9932
4608
9656
739
1833
935
1013
4408
2326
3579
7714
8393
6437
6291
248
4126
7529
9943
3475
2021
2596
3840
4285
7953
3101
4979
7146
6375
8545
2016
3293
3598
4871
5399
5439
5829
8430
5881
9220
3350
4386
8213
1914
7218
5471
2578
147
1787
5426
8548
5935
1222
9692
4727
9664
824
5833
2433
5573
412
8110
1422
4007
5378
6258
484
2307
5563
474
1685
5799
9542
9974
1350
1357
9945
2274
2613
6633
363
4283
8707
2160
4923
5481
7761
4558
1939
5005
4466
7200
5663
6075
6309
5373
9733
6697
9361
684
7932
6860
2569
5388
6780
217
9380
9652
1843
426
1101
9444
106
9133
1280
2014
4550
930
8474
5065
2011
1372
5972
9298
6619
1205
1865
651
4990
8843
6769
5422
5621
6412
8571
1217
4707
1850
8697
3214
3399
5628
7135
50
1837
855
8244
5111
8745
6087
8033
622
3321
4384
2670
4805
3913
7438
4859
9417
4248
6182
2840
8885
6373
7725
9579
6833
7446
8674
6415
9762
1370
1894
3861
5060
9792
6276
3109
19
3982
5818
7607
3176
4787
4911
6675
4978
5160
9805
6736
2926
4783
3370
6116
8670
9484
1546
720
4295
2137
5548
6481
6040
7065
4222
4575
2335
2952
4912
5590
6442
8528
3156
6298
1620
3339
1588
3568
5123
5622
2954
1024
255
6097
6648
7631
405
6397
1492
8337
8356
2690
6231
3573
6068
6348
9015
1337
3512
518
4764
9646
529
4895
6150
2340
8169
429
764
1125
7366
6506
4090
2334
435
1306
1940
6748
7677
2782
8679
313
433
3355
1348
1145
7223
4298
7439
395
3570
6219
441
3435
6299
6336
7267
2357
3762
551
3925
6912
1077
3631
5959
7627
4401
5062
8636
2499
6728
3774
1615
2745
3893
8138
9361
3120
5671
592
3763
2681
4378
6239
6587
4388
3974
7815
1413
4225
6094
3915
7482
4450
456
9008
3410
4304
9238
609
2736
4451
4789
287
3096
7414
9236
4681
4708
6019
9423
3818
4633
4677
3244
3228
3773
7719
5949
3408
4419
9125
1301
8812
722
1677
1785
4031
5498
2223
9240
4
3420
3958
5492
8908
452
2707
770
3249
3516
6305
9751
3170
7276
2870
2143
7330
753
4131
2376
2431
9582
3740
8461
8484
941
5120
7103
1522
2278
1933
490
3538
6527
3225
9132
1446
9986
9817
887
2404
1536
296
1012
6577
4862
8159
1088
1481
3687
2200
9408
8650
3903
7991
6102
6690
1241
4693
4879
8923
7391
817
1061
7143
8417
6989
8541
1678
3630
5206
8701
9633
4447
5157
3871
7458
855
1134
7059
9447
1096
5797
4088
5315
8557
8866
602
2558
4144
5757
5293
7377
7665
2468
3001
3324
7109
9575
9700
4068
7785
1346
1233
5143
9732
583
3868
2971
6560
619
4413
8442
3235
8603
188
9425
7268
301
2136
1151
8734
1620
1330
7025
1693
1476
7500
18
6681
1928
3952
5571
9025
8036
7186
8399
1210
8019
9936
5337
7674
807
8168
6278
7935
7963
8986
3226
5306
2732
3513
7365
3007
5841
790
9259
768
3489
4643
6968
9485
5395
4535
2689
4487
298
829
6558
1848
4552
9091
193
1813
6965
2421
3572
8666
4366
6420
2580
3148
6858
1136
6468
55
1753
666
6045
3578
1116
175
1704
2709
3586
8669
297
1380
9292
5474
5253
2449
2938
3189
1991
9418
5313
6487
1444
600
8385
8681
6829
145
216
1461
1861
4279
7956
8303
6077
8581
6518
7245
3186
6592
9913
338
1083
229
3200
7648
9905
2975
9110
9119
704
2837
4926
2131
4751
6364
9606
8371
6903
306
6293
411
9453
3242
4361
4165
1401
5983
9343
3971
8554
3515
4804
9903
7749
9584
755
3253
4532
7948
9977
7525
8223
9563
2821
2687
2912
5350
1927
7752
8005
9623
392
4839
1532
2193
7684
87
2437
6651
9828
3071
711
5406
4671
8486
3248
6615
6066
7856
9625
5383
4849
5278
6566
4950
5405
756
5768
1206
6217
8685
3303
3748
4329
4987
6585
8096
6784
7653
6434
4291
6223
7811
1293
1855
3491
7741
9833
9787
6179
7762
6159
3502
2068
4955
8842
627
1197
7583
1842
3864
3621
6561
8013
2083
32
480
4776
8047
481
3119
2373
4422
1029
1322
8838
6452
133
336
4540
7537
3901
3471
7594
8652
4013
3585
806
7567
4054
5466
3850
2233
1016
2000
6774
2827
3092
7216
8271
8756
9639
1407
2024
8564
8313
2137
3752
6513
895
1920
4275
2298
4414
9642
4481
5975
7196
4086
1879
1254
6520
8961
5723
9079
1718
995
9474
9976
2857
5967
7121
2232
8544
9576
8882
1130
7806
7946
4027
562
1189
2384
2962
4412
6441
6342
2714
5296
986
7960
4590
9684
169
3803
3088
7546
7416
8413
9249
2107
8141
8984
3563
1996
7477
906
8207
6635
670
3735
5803
789
7117
5394
4381
2986
3989
5832
7396
9513
2027
3994
3347
4728
6085
896
3505
5380
714
6197
8553
1414
3642
8387
3121
761
3914
5543
116
5186
8867
2007
2992
1150
7080
6274
8080
2115
7792
4679
3105
9098
4867
8094
9443
6718
7654
2305
4208
8322
6400
9222
2514
5741
6248
6255
6188
3703
4594
8602
8926
8334
7646
3284
1968
9202
6407
7010
269
2999
6502
1714
5514
8058
7547
9879
6582
771
1245
3839
6491
4378
8524
118
3721
6183
1994
2017
4581
533
9559
9458
9726
4272
5693
8379
378
8969
3332
4215
1363
8462
5289
8288
262
3024
4246
7039
4618
7508
4474
3645
2051
7479
5631
9819
168
3596
4397
3580
7984
7787
9288
3521
4832
3098
743
7035
9087
4631
3975
888
2632
4784
4323
6157
2619
6883
1972
2898
3331
5052
1342
7640
8437
9790
491
9933
2097
2823
3544
5751
1010
3483
1845
8408
3288
7835
6980
7083
6913
2533
8797
9797
1822
2784
4126
5643
2806
8460
7586
6446
5743
7751
9170
8864
5116
5632
1669
6944
7385
6705
333
6363
3708
7350
9679
729
8074
2174
554
5141
4746
5916
9880
1091
5090
1453
424
3114
310
2920
218
4326
82
8302
4471
6570
3598
451
643
8291
8105
8889
5166
3711
5673
9437
1369
7173
4777
628
6781
2868
2997
9804
2154
6687
7087
8346
7492
6999
788
2610
3082
4221
4694
9078
9829
9932
9708
4764
1055
8309
5485
5961
4311
618
5274
9911
1147
8542
8944
6166
7056
8960
6869
1641
7742
9565
4693
7672
223
1887
2635
6327
9772
4567
5149
7884
806
2464
3571
8134
5807
6676
4516
5324
2910
1587
6209
2838
9040
3175
4220
9281
1588
9409
8152
9858
9838
2379
8607
2099
3052
8340
1805
4015
1947
4138
3650
4335
6038
6844
8282
875
3017
2543
337
8617
7462
9571
8988
4367
749
5263
1638
3896
8718
2220
5945
674
4868
605
3652
2626
6262
3398
6841
9413
523
2303
8104
7618
4028
5014
5658
4306
7720
3188
2109
3856
1661
8990
3826
3595
6026
8588
6488
786
1809
4985
7478
8808
8755
1920
589
1731
2470
4819
9346
6739
1874
7826
146
2995
6983
5682
4267
6562
2006
5176
6839
8981
9035
2616
6483
6213
9645
9671
7404
7626
5647
2684
8737
9053
9131
7798
4140
425
3616
770
4135
6953
8069
5229
7561
8813
6250
1082
2032
3068
9027
1127
7118
793
1537
8045
8444
6159
1805
6275
2789
7716
6509
8575
3667
690
3232
5656
5798
8695
9496
317
403
171
1772
4648
8406
4622
9438
2535
1367
4595
7686
129
3067
4074
840
1462
227
3514
9794
6962
2585
1229
7246
8696
3454
4274
5202
1547
3714
6466
1224
1710
4969
2726
3536
4324
6817
6115
4375
2675
6254
8466
9520
700
4645
5464
8946
8963
5950
6935
6963
1616
9389
5867
6832
140
9632
4584
9433
2102
3985
8931
3465
1255
9386
3960
7151
9017
5174
3930
8738
235
2121
7970
9680
7018
2315
9996
4150
6260
9460
5840
2829
4580
2541
8832
4352
1153
6938
90
9616
3640
3558
2886
5248
7690
3161
3562
6392
266
2679
4185
3954
6923
4796
6419
927
4551
1687
1760
4287
6627
6961
2844
9852
5984
7499
2419
9756
2719
374
8841
7771
1221
3673
2599
151
701
8916
1748
8515
5349
3470
8146
8521
2277
4659
8494
8048
109
1068
4327
4425
8677
9627
7401
9702
4632
5246
5035
4176
3627
7279
4941
2130
3663
5726
6386
2882
4642
4414
4785
233
8279
431
8325
4477
2864
5805
6243
1852
6270
5502
1880
2570
5722
3678
3691
9108
3353
3473
971
1555
1102
217
3380
7386
7354
3950
131
2214
3636
4483
4893
5525
9657
9695
535
16
2833
1733
3680
8839
9082
9690
3071
7402
1000
5974
4057
9831
1269
1364
7087
9357
6794
7843
5970
5560
2729
3632
9723
7876
9041
6808
2393
5661
2382
4412
8709
8449
9106
1389
640
8886
2603
3695
49
3724
4480
5426
5591
7869
6884
4847
5098
5583
1966
2037
7834
1393
2550
4294
8209
437
1829
3106
3435
2575
4108
4012
6130
4459
9309
2243
4429
7846
7873
3611
9962
4179
6123
8114
5419
5183
8180
5848
8610
4110
9572
3960
8733
9967
8305
1060
9881
5997
98
9030
9845
6636
8706
3626
5106
8767
2285
2506
3472
8455
1314
3102
6031
8474
2270
6717
6895
2228
8651
3685
7898
8583
2427
731
1639
7976
7638
8668
585
9119
4774
5863
7290
4501
6891
8076
1628
3840
7127
9221
7132
8497
4967
6020
601
3623
7217
488
8351
3789
5102
7668
9935
1549
1839
9608
9877
3582
1977
6430
5537
5855
1689
7165
9609
4900
3147
362
1320
2477
9330
739
4591
7769
214
9113
8026
2023
3683
6131
1004
5709
6795
8869
3498
6297
7449
9763
9024
7221
52
2568
6930
3819
4937
3736
6346
1234
807
7116
2840
1084
3215
1730
2346
375
390
3712
3978
8530
3272
8420
8233
2260
7656
418
1111
7255
4345
9383
3246
5191
7194
3241
6477
8921
1099
1156
6732
6303
5372
8029
1505
7556
5822
6498
2508
1066
4744
6160
5962
6554
149
8109
1119
101
724
1272
2642
7283
8662
9601
8294
3254
9530
8500
2055
3651
5016
5079
2983
6053
3865
2450
8550
7513
4712
1078
2549
6267
7929
215
319
2745
302
2179
2980
8013
2612
7469
243
9099
199
2561
2534
4183
5896
9569
1912
8044
2817
897
9206
1518
7874
1723
84
3348
4211
3378
4117
9205
1982
7066
593
4459
8551
9982
9230
6372
1162
5565
7909
5932
4576
7034
953
3792
7189
6617
9472
5594
3379
6454
551
4194
8874
8289
2124
3487
2979
6096
8933
4095
3931
3850
7101
3547
7226
4861
5995
8081
572
617
2158
8557
1917
2847
9271
2165
6385
8283
9671
5971
7919
8277
8712
2676
6933
4775
5561
6516
9203
5056
9150
7448
3224
8893
2001
5496
6329
5903
7704
189
6545
6307
977
1354
842
1003
4742
2311
1632
432
86
6466
95
8543
3569
7965
8912
2173
1686
2251
6056
9239
9666
2888
9187
8815
3984
2563
3475
6492
6669
4083
7321
7864
9177
2049
597
3758
1486
3962
9552
2310
2970
4525
4684
6991
1141
9261
3128
6082
5691
1099
3528
6790
662
3101
5689
8813
6713
6782
4786
1542
3811
4917
7040
7859
9175
4098
1711
9784
5669
4886
5242
9902
7432
8365
2168
6238
4740
4203
3965
808
3415
7245
7840
5734
5268
3587
9284
4547
5446
3883
3512
7020
7625
1174
5195
5893
6628
5934
7299
8231
3387
8338
3320
8689
3167
9704
6471
5634
9287
341
5520
1791
8040
741
3310
1211
7366
7548
5100
644
5787
7297
1565
3484
7380
1577
8977
2487
5720
7104
6942
5699
6549
7640
4023
1494
4530
510
3868
153
652
5578
2273
7234
4811
8101
9528
9241
12
6310
6812
2686
7372
8811
6036
6693
4697
4630
9506
2239
2878
135
6062
5085
6757
8910
7741
7397
9818
1086
4517
4553
6950
6171
7893
46
1484
3293
8784
7339
9112
2518
3696
1356
4681
3926
290
6842
9272
8329
856
2463
2877
6840
1085
8720
6534
2189
9341
9716
4514
9484
387
2656
8133
1344
3798
6737
7947
6065
6706
6733
67
3108
4008
8516
1900
6269
325
3306
691
4839
5892
9922
6330
951
4100
4541
6189
6818
8820
1945
2209
1270
4423
2667
4593
2237
3452
522
3194
8917
4269
4554
6911
8390
9403
7091
7226
7867
3559
9063
2587
3535
4236
2808
1304
3364
5226
7429
8844
9333
1952
7644
1707
1680
8979
6510
6727
8095
1778
4995
7216
1998
8230
3560
5955
6855
1421
2785
9297
1475
2324
7891
37
3438
2634
2660
5960
8751
2012
4243
642
8342
2093
5834
9377
9622
2956
3992
7568
1515
5911
881
1407
9142
3777
7357
8499
4636
1473
2428
7256
2300
733
4319
8016
7655
1160
2896
4635
8288
8224
5015
157
4984
3039
4924
586
4509
5750
3886
7446
783
9006
6775
5343
9441
1624
4910
7094
5442
892
1539
7368
8478
7719
1831
4852
6215
3165
5843
6465
8035
5158
784
4725
7152
3504
1660
5404
2114
3722
6294
539
3118
2159
4757
4270
8953
2774
7259
6495
473
848
7322
4805
3921
5484
6378
8358
748
8157
1016
5240
5506
9154
4802
4334
6402
4564
25
1451
2576
4481
5738
6949
5156
7632
1797
515
7291
6485
1866
1675
2123
4474
1128
8056
5782
697
2177
5119
7708
1495
3072
2459
3756
9634
3476
4887
7770
8212
1177
1540
8875
8991
9955
1313
1450
2457
4734
6986
8857
930
3800
1558
6248
1350
2726
8962
4723
6934
7987
3847
6223
2927
6122
7167
5854
4601
5270
1079
1289
5517
9213
10
6503
6734
8888
6119
1238
3445
9916
6093
1117
1398
3282
6380
8417
8905
1168
4821
5619
3279
6643
2699
8363
2851
3041
6018
2065
5964
7387
7453
5391
505
9429
4803
9994
4386
8389
3759
8732
1984
6850
1799
8685
9825
4036
5302
1897
3939
3681
7050
9737
6763
8066
5968
884
3265
9816
7188
9052
4960
8463
9650
5433
6800
4591
6521
2578
3381
3446
6190
5027
9306
9358
9801
7272
8396
468
3879
2153
43
2694
6379
3461
4261
8316
7795
9075
3742
3449
8629
9185
1008
3030
9984
5627
1053
1721
4743
5548
7624
436
8556
4336
6148
5196
1536
4997
4585
9568
8213
1122
464
9862
7008
7337
1642
9227
755
6133
7408
8819
5764
344
8799
3062
4508
8531
7193
9588
6304
7064
4682
925
1017
9887
9788
9913
918
6947
671
2700
5898
8824
2146
5945
6022
276
2100
3084
5039
5479
513
3065
2367
6652
509
367
2004
3955
5449
1203
5371
7348
6225
1225
3024
1610
2647
2962
1417
3565
6193
3592
1796
1094
3532
5544
1376
7590
7430
9092
5252
6146
1191
7514
1820
4972
9266
1534
7054
8698
680
8568
9537
516
1634
4395
9802
9711
1857
457
1003
2738
72
4413
8059
646
7488
6824
7373
2135
1717
5825
7962
275
5068
2939
6595
8547
992
6166
6596
8395
7143
3723
6609
9237
4935
2712
5816
4124
6272
5361
142
8093
2263
5724
5843
3990
1438
9575
492
1934
3115
6805
7945
9260
4528
8534
9948
2371
9115
9886
4914
9965
7096
2891
8373
741
6588
9707
8717
9551
6969
590
6156
3521
4946
6663
2065
998
3830
4304
4600
3848
5087
5503
6214
285
6988
9118
8779
980
1955
3737
8958
4215
4549
6707
7051
1182
1672
5788
9442
536
3938
8417
9649
1477
6783
2085
6488
8582
1429
8749
160
3674
6493
7134
1818
4921
7182
7938
2671
497
1625
4673
1671
5923
8048
759
6266
4376
1470
5966
3290
7991
8439
5266
8297
2131
5920
6073
6436
5100
1962
9387
6464
561
1689
3672
3750
115
6163
7417
1403
8092
9240
1118
9818
4219
3358
5434
1320
5623
7434
1566
2067
2678
2716
2929
4429
2410
8454
8546
3033
3631
6642
4362
4499
9820
7081
5032
2908
7162
9105
369
9468
6772
1121
5139
7892
8193
5364
8377
1361
5330
6157
4870
8301
2226
2247
8948
2524
251
5380
9324
3765
9549
4940
1526
2319
5048
9547
1201
818
9419
668
2398
7476
258
1256
4371
6180
3744
4281
9015
7137
5752
1397
2933
5258
8394
9288
1967
4344
8970
6084
6323
8996
2035
5059
2594
359
6511
138
8495
8938
5039
5826
9942
3704
9864
9873
7965
9771
4830
4844
1554
7257
8138
3335
7424
3755
9089
1580
3430
4815
961
6481
8360
5993
7941
9389
9526
4031
6301
7920
9008
2120
2855
2253
2609
8427
2631
7229
8071
6466
6845
7371
1442
575
2000
7772
9411
2043
2383
1685
6145
1907
2187
2299
5374
8636
9954
2350
1695
610
3237
6432
798
1349
3283
1809
7989
8227
8501
8746
1892
2074
2409
9567
3729
8536
1575
2341
9699
6292
4293
2480
1528
3689
8532
945
1346
4130
8898
7865
8415
3003
3158
4626
1855
1216
1780
8679
3539
5040
9064
5796
1178
3941
1423
4449
8083
9390
9591
7288
2348
7170
8384
3209
3786
5011
177
5147
1650
9960
117
773
7454
2243
823
9001
9021
2690
6932
3160
7021
5163
8148
8645
4983
6817
3757
309
5164
7459
8630
147
3121
9151
4781
1915
2388
8606
6864
7704
9046
4447
9076
2741
3016
4881
8492
6979
4322
4435
4629
5597
7411
3710
3794
9014
31
1271
1746
3011
8896
5841
5058
6671
7734
3181
9754
7747
8675
6327
7611
8265
4310
5042
640
3585
7563
4570
7473
9923
2818
7465
394
5844
8246
3574
9277
2250
1762
9156
493
4831
5041
6355
2897
2937
2751
8418
9564
259
2488
5557
8594
9971
447
1794
3005
1083
5424
3202
226
2723
8902
5198
9449
9016
3110
5245
1475
7443
8451
4231
6541
8036
6280
4680
5854
7027
5315
1040
3031
8818
1673
6698
8374
6334
7732
862
2296
3238
2712
377
8631
8353
2252
5244
9153
6754
3780
5673
8403
3182
3227
4406
2746
5472
2790
3635
1311
9152
7534
6780
7075
6967
13
5307
7703
3844
163
8202
9761
6779
9972
3922
7460
7759
6367
7578
161
7250
7826
5708
4114
4470
8632
7794
9879
4240
8366
5015
6789
1062
1489
3421
7347
8894
9444
1157
8222
1643
3885
9799
765
2011
8468
4710
6304
8181
7296
8540
3966
8769
9838
3001
9961
4615
49
1918
6322
1133
4809
6173
6249
9348
2558
9491
4218
8598
6879
9596
1726
4667
6086
7555
2382
3630
4717
57
1073
4976
6327
4066
7592
4070
4125
8897
4234
9279
5435
6183
8806
4430
1498
6920
869
4626
6015
3310
7115
1004
1507
6568
4476
7078
7603
7400
4982
6405
5777
2467
2752
2810
7740
6376
7569
9018
584
3970
5513
6661
9493
936
8587
9355
3993
7070
7662
9752
5640
1755
6553
1274
3853
6571
3135
7286
8807
9217
9273
2461
2836
3725
7797
1483
1500
5904
7073
844
6228
8272
3163
78
2644
6651
7090
6253
1659
5858
7615
4949
7163
7899
6708
5420
5505
176
1355
45
2948
8618
9390
3375
2063
6540
7910
9713
4722
689
6202
7123
960
3297
4472
6284
7221
3239
4256
7724
5256
1070
9782
865
8821
2802
7142
1219
2949
7698
7766
7214
999
4173
339
5909
924
1129
4282
3573
1670
1210
7665
9464
2413
9932
3589
3752
4601
4829
6987
9626
4579
3804
9212
1655
4763
9398
4165
9668
674
8656
2087
9319
7276
8505
8993
4167
7702
245
1764
1937
7451
5450
6715
5784
6941
4190
502
5616
6869
1647
4987
5292
2173
2595
4357
8133
6603
8937
2698
6283
8466
9465
5969
150
4927
5495
1861
3946
7285
8488
3158
8008
8856
16
6996
1321
8684
6943
2051
5831
3453
8745
4255
2163
8097
2885
6209
7949
8875
6660
8741
83
1630
8519
1879
7921
4590
3148
6056
1842
7552
9604
3038
1183
2906
7429
4669
256
3687
5396
6147
8514
5261
8267
1863
7576
3484
8308
6077
4968
2608
7718
7520
4107
9872
86
240
3087
4097
4767
566
6347
2426
7112
904
2356
1013
4659
5314
3684
1044
2320
8145
1199
1954
121
1650
6599
9340
6187
7466
140
4962
3670
6382
7390
4943
8954
9854
1762
6868
7919
2422
9660
656
7184
8196
558
5065
7387
9789
3865
5918
314
1960
6013
4746
9285
1899
4944
7440
837
1973
3385
2869
5464
7336
9341
6585
9729
6470
5235
7521
7468
4122
5954
7462
7619
9985
1294
9535
6984
7546
7647
754
5273
3010
6512
8995
9893
4037
5353
7456
8870
5588
5607
8470
1223
3764
1641
5698
5814
8416
2721
7312
4392
2986
6560
8531
9953
5845
9283
9290
5283
8275
5901
2160
5370
651
9162
1860
4185
497
3009
880
2642
4458
6858
8558
1388
5906
4011
3555
4353
8562
3219
6917
7427
6719
5572
2486
4091
1627
6085
58
973
4502
9034
283
5605
8804
638
3332
718
6519
7762
9734
5122
396
747
2362
5134
8946
9019
2254
2318
7709
8243
3698
4254
4957
6307
859
2379
6750
4649
8833
9429
13
4226
7884
3315
4042
9806
6186
9269
5351
7455
9129
3455
4075
2122
7727
1395
6919
927
5426
6007
7128
9189
3134
905
2238
8936
8635
3595
2
519
99
7294
4343
8181
3915
8398
6095
1691
5436
3514
8317
1378
2386
7886
3529
7263
4139
1107
695
1261
8710
1155
2902
2027
5328
4586
5107
5475
2129
7689
2476
4282
4828
3276
6619
1791
8316
2158
8345
9075
9762
8915
2787
9997
289
6856
6475
829
1394
4088
7395
6381
5659
5341
8264
8274
730
3857
8759
6131
2601
6336
6924
4718
7659
8823
4355
1146
8525
7041
9313
3863
9304
5913
1267
6179
8891
1240
6058
4457
6474
9894
6791
8118
453
3363
6184
362
3668
6971
862
7113
7887
2472
2504
5228
8285
8879
9012
5915
3576
5033
6520
395
680
3952
4490
9231
3472
9370
1552
7799
471
2572
7581
4503
7132
2103
4332
261
1849
2796
6799
8135
2024
6579
2230
5692
273
3450
3334
7478
444
3047
8794
171
6241
7627
8096
9350
241
6300
3950
6614
9418
2197
3240
3097
3753
8658
2301
701
5287
2018
1696
4111
5907
2998
4126
8665
7893
4340
5141
6552
7798
3531
4745
6275
7001
8136
7117
9483
4559
6396
2491
5486
5540
6696
3548
4572
1360
3167
4939
9511
1436
3833
1480
8171
8456
7809
826
41
3994
8424
1368
4794
6309
5615
2931
4146
6441
9566
6966
3731
860
7032
9524
3619
7504
2733
3258
4001
4724
6531
8375
6173
7939
5785
9032
7423
168
8671
6498
2996
7564
7365
417
6676
9858
5710
7320
6556
5601
2665
3510
5614
7829
7135
874
4399
106
3734
5345
791
9685
703
7793
2679
5072
1914
3141
3441
9248
1352
2661
3928
2325
2339
8589
2017
9172
3453
9466
1212
8855
523
2302
9937
4511
5190
6751
228
9580
8990
9184
8020
1975
5154
9420
7261
5867
398
3882
8420
8073
5633
3408
7854
6455
158
7033
4780
1435
6742
8913
4009
3809
9087
4711
5515
6910
682
8527
2638
3132
4409
2317
9416
306
4120
1014
7277
8810
1569
1735
1340
1120
4565
7536
6672
9671
3133
4529
7707
9553
4212
1639
1046
5200
8246
774
5771
3409
5876
3511
4932
3413
7481
2739
6012
8121
2434
5443
5541
5887
982
7328
581
1956
8061
9069
1798
6434
7421
249
7050
3070
7692
424
3507
5531
9070
4131
6753
5935
8161
4345
9140
822
9514
9785
4695
3320
7676
4910
5617
8841
2765
2854
6815
2113
4563
9502
9897
7281
9121
2231
7953
5552
7072
607
5725
708
8286
8661
679
9408
7229
5197
6224
6726
8733
9824
4330
7352
8880
3185
4651
883
1374
7531
5358
3716
4380
2781
5091
7325
9550
4384
3171
2196
9846
2100
3122
1003
2521
3119
3945
181
8986
1366
3537
3976
7310
8699
1733
6333
8811
3648
7553
8574
8664
4885
1234
6352
3627
9686
2374
4815
7173
1783
7463
5320
9778
792
3138
5416
7292
2928
4550
5997
1742
4162
7648
7905
9038
5699
2982
5337
6087
6237
1633
7105
753
944
3662
1505
9036
5758
5856
991
6695
7056
3666
6108
8281
3106
8067
4132
141
1971
4134
1993
4022
5331
6882
9621
2600
7174
7375
4625
9022
9709
3140
7877
928
4536
8113
9230
79
7532
8425
6149
8173
4961
3564
5412
1095
1382
7141
9517
6535
3687
8753
3711
4627
7539
3873
1872
3322
9049
3728
9899
3972
7255
8656
74
935
435
7882
353
2611
5537
2144
5831
1830
6591
2730
4492
8808
9608
2218
4027
3998
5364
9997
1218
8321
9819
2833
9254
3107
469
1545
1638
9216
1827
3367
6172
4266
699
3910
8765
337
4080
3436
3571
5640
3815
5897
9633
673
2090
2186
5477
154
146
2629
3372
9196
2143
8740
7059
8901
399
1288
1761
7158
7706
8853
110
702
6193
4648
4966
3116
6580
7865
22
6258
6956
3359
4064
6935
9763
3887
4628
6841
2607
3015
1563
2355
4812
4757
1304
5480
9077
371
1372
9487
2331
6214
1101
7673
2966
4762
4616
7116
7982
9696
5453
2873
4882
853
5596
3916
4138
2899
9877
1645
5006
2280
6805
8782
5497
1187
3735
5437
5787
6735
8798
495
3949
7346
8900
1524
758
4893
2297
3924
4978
6107
4390
4976
5507
1260
1921
8340
7422
7479
2968
3705
4271
2208
4136
5655
847
7047
313
7343
1586
5195
6451
1290
913
976
5253
1129
3327
368
635
1258
2039
2405
661
8371
8822
1231
3157
3377
1137
336
5589
2529
5222
6345
4771
3747
131
5112
3451
360
1159
2269
7980
6872
807
5946
7652
2672
411
5461
7722
4842
2475
9726
6094
2617
5780
6704
6907
8121
8291
6385
1998
5440
9645
6630
1284
7227
3599
3615
3505
9598
4980
1968
2788
8622
3990
6494
8859
6886
3891
7530
8019
5137
3170
8065
799
1416
93
7714
6861
9571
9622
2448
5483
5790
210
5352
5260
5677
8262
2216
3280
5317
8593
8035
8427
958
2381
798
2385
8868
318
856
8426
1041
4002
2290
6594
9316
1820
3669
227
9945
465
7230
1832
2408
4546
2573
4477
7813
2462
8348
9330
8178
2729
549
2725
5719
9437
1683
7835
2639
4283
7604
8629
9602
4741
2707
729
9572
877
6555
4050
7209
4820
4218
6156
7544
5715
9335
1124
5978
7969
8300
9843
348
5393
5761
4111
5645
3670
8441
9973
9975
7062
8867
1642
9853
4451
8276
9107
532
5142
2731
5773
9875
7926
2282
8873
1271
4169
3467
2960
2962
6785
1684
9190
9526
5422
3226
4938
9676
6602
707
3975
6136
7559
950
4159
6334
8074
1845
8140
4003
903
8669
2628
7179
2125
5421
8400
8726
9489
8673
9080
785
2200
2844
4965
5362
6588
7222
736
2304
6801
6875
4372
7147
4870
169
696
1776
2210
4385
5042
7332
7386
989
9137
8764
24
2616
4350
4785
6484
8772
1700
6461
1604
1590
6732
957
7397
397
864
8654
2294
9982
586
1010
9833
2629
379
8312
567
4790
5327
990
7994
8961
7444
1380
1948
8846
4789
7839
2203
6383
1103
8619
1241
8005
8188
9908
6355
6489
762
4889
7416
8792
75
2806
4835
5530
4754
2286
7754
8722
2663
1422
5488
6865
1100
7340
2283
5610
6806
7495
972
6044
4035
3543
3311
8982
7031
616
4468
380
8016
1025
4717
6436
8981
9169
2287
3331
4773
5051
7452
9192
7540
7448
5587
7895
4483
6814
2857
6918
9337
2526
7254
5961
9505
9804
7040
1184
7398
4537
6048
9424
1951
4875
4679
7156
365
1740
4194
4689
3900
9072
3552
4646
3394
3365
6894
777
3804
7789
8623
2234
9295
6017
9631
6703
92
301
1056
3579
2354
778
2068
64
2089
8410
781
2262
6439
6455
7759
8687
3504
570
5792
1784
2079
5171
7076
2342
2535
4416
7185
1158
5499
9751
520
7605
9307
4712
1003
4849
3354
8480
9921
6137
7319
248
9561
3558
5167
8552
5387
145
7903
9217
9563
56
6026
9040
5127
3027
4186
5337
5754
7991
6687
6942
7889
2459
2623
3243
6564
2589
9992
9586
5927
4990
181
614
3845
8057
352
624
8933
2155
4644
6229
10
6182
2882
7368
2509
7585
5647
9786
3846
6469
6752
7858
2239
9955
5394
1889
7614
5166
192
3987
5130
779
4171
9519
3647
2605
9342
6829
9382
7753
7181
5760
8158
5184
5044
4363
7069
3536
8078
2319
3751
6181
8837
1057
2765
2922
4878
910
1103
3457
4568
5300
5133
6804
4155
7244
3218
5229
5986
9857
9023
6479
6370
5231
4797
9593
2061
7990
9890
1681
5701
7145
529
1308
2076
4617
52
7780
6113
2580
9050
70
425
3848
8361
3601
7958
9489
3553
4406
419
7364
1939
7823
2031
1602
6527
7598
4713
7402
8633
8700
9292
514
4542
4314
2621
2446
6187
813
1828
4133
7216
5657
9957
5113
9607
3102
2512
5401
6320
5384
7019
2255
5254
5634
8790
3275
7831
5402
6388
447
7083
7760
4463
1813
1525
1898
1088
8941
570
7695
8320
1718
7603
3835
5880
8446
7885
4747
5849
9813
866
819
4326
4290
311
5390
6863
8859
4149
4970
9582
2439
5168
4614
7338
7861
7339
2217
3269
5385
8984
8904
5908
3079
7359
3905
1729
32
2990
8773
3168
5921
7940
1391
2145
9397
1166
8393
3249
4030
7881
1591
3806
4658
2538
5448
9461
2803
6117
7912
4411
9630
4922
7196
8973
9720
8070
2681
2270
3443
3651
4702
647
3719
3825
4697
8815
2604
3678
8512
2555
3611
1152
3118
8573
1347
5155
8180
17
8960
1931
3750
6146
1674
7573
428
4779
9658
3210
6074
5621
6849
6370
2852
5936
4481
3890
6418
6852
7393
2062
2802
4410
7003
5289
9145
3652
8527
6822
2984
802
1503
3061
7579
8191
1211
8167
7044
1669
7263
7098
9923
6684
9329
3393
4265
6839
2395
3016
5126
6748
4174
6593
8458
1119
5561
8125
560
7757
4694
5942
8132
1266
9538
992
7266
527
238
4603
4901
394
657
2954
7913
1773
7183
291
4715
2698
8216
6256
9718
3267
9486
9980
7225
1291
8497
3683
6608
8215
8017
9463
413
1577
2025
1181
2882
3988
6968
2498
9936
8769
605
3056
5204
7902
9251
4496
2151
7788
2050
3755
9401
2110
6648
573
3657
6158
1096
1994
4315
5153
5388
1647
5294
9240
9029
1331
7542
3305
3885
5890
3553
3739
7601
6375
7548
8186
385
4515
8653
3204
715
3212
7153
9809
165
4836
4958
9085
2836
7789
8260
7294
4491
6415
2033
7006
1885
5838
6518
1112
2064
4304
1135
2153
6195
8758
3572
6614
2520
6057
3942
4052
197
6571
7915
8587
78
4034
8570
8745
6489
359
2964
1265
9567
282
854
3625
9198
2578
3104
6157
1206
1348
3338
6339
6802
6630
7353
9239
4920
9083
2597
3644
9381
3699
9058
7929
7207
8322
7602
2515
6880
2247
3693
8388
7242
8937
1615
3059
5145
439
3838
3663
667
5295
8449
5995
3816
1614
4547
8983
5975
6989
1337
499
6245
1862
1961
5274
5697
400
2767
8909
9065
9479
2926
4844
2999
8059
3927
7826
948
4893
7764
8060
4177
4876
4886
8826
2789
3371
1540
6925
6975
5046
9019
4968
965
2675
3333
7827
7828
2109
4429
6509
2959
8356
8319
1522
8214
8645
8652
8649
7963
3921
8109
1403
9000
1276
4512
8919
6539
8435
3083
346
6677
912
3368
3428
7324
4574
9679
6403
7060
9904
1658
4191
4900
5073
7091
5407
9310
4412
3351
4170
8205
9115
9557
1385
6724
494
9507
5900
6010
4081
5546
5560
415
2056
2554
7571
8194
6669
9871
7507
3480
5942
2686
3019
5573
5925
9513
6739
6745
2497
636
5953
5520
4357
2086
5417
1141
2274
845
9799
5640
9383
1502
1405
4372
7026
9176
1689
6096
7470
7819
4188
6135
879
3873
1280
1531
4150
5409
173
9241
7901
4083
401
68
577
2768
3462
5678
1770
5604
0
1102
7173
7646
139
2037
9520
9103
437
354
9947
7289
3154
7269
8894
5025
7233
8547
2666
4193
3130
3089
322
4488
2415
4156
2612
914
2029
2539
2939
4145
7725
3478
4442
6093
572
1865
6808
4799
8612
8424
8445
2658
1924
2103
2376
4041
7626
1193
9692
2092
968
4864
458
7886
297
9055
7122
2455
9090
4113
7551
8382
3372
5791
7341
1018
2052
7587
7948
7223
8267
4789
9501
86
5454
4014
5694
793
7972
2149
8098
7733
3538
156
1749
7518
8029
9703
3389
6311
3754
9042
7473
374
381
1183
3445
5277
9660
9732
3978
7385
3330
6927
5664
3117
6402
6522
7672
6129
9906
6217
9048
6877
7854
5836
8189
84
3229
3766
2485
6589
4895
6242
8864
3689
4978
2516
3094
1678
5236
164
8009
9495
9678
1957
2660
2878
8616
8646
9267
4513
7523
4331
5243
8679
2871
8406
2161
8650
9599
5348
9606
3392
7097
6058
2392
6433
7414
3703
5736
2581
8391
2763
6389
8075
9482
2368
964
1622
651
7224
6431
9537
4804
8032
2785
9369
2106
6418
9665
1911
5905
9840
9930
4671
4908
2994
7412
1819
8523
9330
4232
1454
5334
8676
3820
9131
5482
7170
3041
8630
6192
6243
254
5543
5069
2096
7782
1654
7370
9044
4510
5547
2257
4074
6911
8071
8748
7098
748
5622
5170
690
5833
8135
697
5057
2693
7605
8719
5519
504
5284
244
4683
623
3164
3270
4812
6263
7995
713
937
8554
9229
2481
6235
7576
2573
5910
2327
8461
650
9868
1666
858
1758
6778
1428
4366
8168
1757
1047
4891
370
4582
6831
6845
5118
9259
9987
1406
5886
4916
6278
9746
3581
6395
7590
9201
4223
4555
1506
1728
8022
8797
9411
9123
57
9017
5515
6199
2508
4612
5043
5607
430
2608
3592
805
627
7805
4441
2965
6413
1319
7135
4415
5373
3890
5291
7667
8605
5654
9569
9671
9516
1568
2394
2109
6978
2032
3259
2766
90
6034
8201
3494
5759
6144
5102
6616
9170
9611
480
500
9706
436
563
8321
7381
3313
5885
7839
661
2436
1607
2238
8459
566
2010
388
5680
9558
1871
2805
8828
9396
9347
9386
8226
1495
7478
2137
6282
2013
6451
2074
4017
8329
8956
1866
5747
7681
7799
8824
303
1481
2428
9460
1610
2347
1064
6918
9902
7543
9771
477
6622
8998
706
5903
7474
4404
8225
5653
6651
2664
3319
9626
9594
5619
8495
5268
5187
8760
9748
5301
5178
9731
4243
8282
1859
5611
6643
9286
922
3299
1089
3666
4179
7855
1318
5639
8334
6671
9950
116
1697
2466
3060
6189
7726
8270
1270
5004
4160
2406
4882
6517
1589
2431
1429
6991
9433
9965
4400
4128
6922
9349
5028
1807
2195
3192
2653
3971
3973
3889
2162
3384
4342
6551
2010
2235
8066
132
7194
8032
983
4722
9093
6664
9370
6730
8352
904
6279
1147
3895
4506
2307
3030
3655
6003
7388
312
5081
5829
6559
5237
3146
1157
1926
2620
3037
8525
2386
3639
4781
7074
9005
1997
2288
7494
2790
4069
9680
1229
6022
4808
7546
4495
3246
6420
1792
2136
8578
5988
9066
5194
1031
1839
2753
9261
519
459
7850
4763
4996
1812
7367
27
5068
1432
3830
1312
1411
4297
5559
5210
2499
6367
6562
9444
4483
9620
9843
750
8532
4502
6519
3578
9096
1930
6792
436
1837
3222
4942
3415
8455
773
6306
8577
4767
617
3083
5076
5234
5878
1236
5038
1262
1434
4967
5909
7957
1976
6468
340
8722
8657
2554
4892
6885
1537
5399
6975
6910
8348
842
2991
9133
7964
8597
9893
9716
8043
1688
1285
2677
5341
677
6461
8972
2963
3152
4031
9377
9629
4981
2936
4454
6267
4157
9991
7430
478
802
1084
7508
7620
8430
4006
7822
6175
1796
6623
8192
1823
6390
8028
2343
7479
4070
9581
1938
9895
9985
3526
5491
3302
3431
21
5948
7184
270
7386
469
5359
9794
215
899
1234
6540
2956
5823
4277
8879
9637
8609
263
4021
2180
2057
2337
3029
3688
3950
8575
1299
2571
9600
3022
4263
6011
6429
6279
3539
158
489
342
6534
8218
9493
6530
2179
2938
1136
4201
5174
7856
4308
1847
1587
5018
1895
3911
1017
2757
6652
8713
969
3349
5054
5586
7712
7
2061
5650
6988
8728
1639
7844
2124
1071
3402
739
6997
7137
7920
1468
3773
8489
8944
1699
4288
7453
3004
7942
6701
3883
5065
9552
552
3626
4153
2370
3359
759
6134
6740
9756
916
6409
4192
2123
738
625
2732
8660
6680
1883
5516
1734
1444
3554
7967
9714
828
7094
62
1455
4698
2835
6511
8196
6202
6913
8841
1394
4884
9426
2168
7820
9104
1921
6301
9418
9948
1097
645
7485
8483
2440
7539
5502
3561
4831
6127
2161
4532
4
3832
6400
2879
4114
6064
9887
3434
8001
5416
1933
3842
8801
5264
7009
7069
2771
7971
4988
1714
7342
5398
1230
2107
2352
155
76
8567
178
319
825
7298
7309
8899
978
2447
3290
3603
4282
9792
2599
5771
1139
1603
7527
8049
5644
5114
4048
4546
8536
3125
6128
5924
3969
6799
9057
2115
6902
921
8232
98
7002
3854
9867
2009
7847
2478
2565
2389
4139
9000
2472
7745
9700
9473
7332
3607
8637
1408
4387
8601
3598
7819
6502
7548
9758
2332
5571
8025
9141
9273
547
9078
7959
1965
9525
3091
4639
4969
7656
7786
4649
6790
8040
1274
4575
2338
2482
1950
1295
6708
590
1542
2477
3161
3413
5169
8033
8689
2225
3281
5666
1704
1840
2841
1344
7439
2457
7284
200
732
5826
2523
8182
420
9573
4065
5784
8245
1824
3017
4601
6804
8423
8079
9529
5
1458
3966
9564
3111
4120
8462
7177
7849
2404
7039
2000
1485
5393
9524
7582
9981
3304
2334
8872
4730
5661
5963
343
4302
9003
3734
4097
4320
1995
7522
1501
1609
9250
7661
4703
265
1958
7767
990
1793
8835
2827
7514
6406
9881
3731
7040
7799
5504
3410
4164
5764
8739
342
5554
6676
7536
8746
2425
9872
5442
5077
6354
8068
884
1507
5352
7886
2906
9635
405
8372
2158
4775
9137
9510
7027
5970
8152
752
3590
6387
7143
6697
7232
3900
6113
9462
7130
8803
6655
8383
2165
4264
1441
1701
4879
5012
6659
6548
7102
5458
8511
3458
9340
6212
2577
5401
7256
7853
8394
225
3275
3496
4156
3333
1256
6369
6547
5512
9144
3018
8943
9252
1323
3637
6052
