49
50
64
68
70
71
72
76
77
78
79
84
41
43
44
45
46
47
48
51
52
53
54
55
58
59
62
65
66
67
69
73
74
75
80
81
82
83
85
86
87
42
56
57
60
61
63
88
89
11
12
13
14
16
18
20
30
35
37
38
39
40
90
4
5
6
7
9
10
15
17
19
21
22
23
24
25
27
28
29
31
32
34
36
8
26
33
91
92
3
2
93
94
95
1
0
96
97
98
99
78
79
72
70
50
68
49
76
71
74
80
84
48
53
77
85
69
54
64
44
73
83
52
75
82
55
86
87
45
51
47
81
62
66
65
67
43
46
41
58
56
61
42
57
59
63
88
60
89
13
35
12
37
18
38
14
39
11
16
20
90
30
40
25
9
29
22
21
10
15
28
6
7
34
17
23
24
19
27
31
32
36
5
26
8
4
33
91
49
64
68
70
71
72
76
78
79
44
45
47
48
50
51
52
53
54
55
58
62
65
66
67
69
73
74
75
77
80
81
82
83
84
85
86
87
41
42
43
46
56
57
59
60
61
63
88
89
11
12
13
14
18
30
35
37
38
39
40
90
5
6
7
9
10
15
16
19
20
21
22
23
24
25
27
28
29
31
32
34
36
4
8
17
26
33
91
92
3
2
93
94
95
1
0
96
97
98
99
78
79
72
70
50
68
49
71
76
84
74
80
48
77
53
85
54
64
69
73
44
83
52
75
82
86
87
51
55
45
47
81
62
66
65
67
43
46
41
58
56
61
42
57
59
63
88
60
89
13
35
12
18
37
38
14
11
16
39
20
90
30
40
9
25
21
22
29
10
15
28
6
7
34
17
23
24
19
27
31
32
36
5
26
8
4
33
91
48
49
50
53
68
70
71
72
74
76
77
78
79
84
41
43
44
45
46
47
51
52
54
55
56
58
62
64
65
66
67
69
73
75
80
81
82
83
85
86
87
12
13
35
37
42
57
59
60
61
63
88
89
6
7
9
10
11
14
15
16
18
20
21
22
23
24
25
28
29
30
34
38
39
40
90
4
5
8
17
19
26
27
31
32
33
36
3
91
92
2
93
94
95
1
0
96
97
98
99
78
79
72
70
50
68
49
76
71
48
74
80
84
53
77
85
69
54
64
44
73
52
83
75
82
55
86
87
45
51
47
81
62
66
43
65
67
46
41
58
56
61
42
57
59
63
88
60
89
13
35
12
37
18
38
39
14
16
11
20
30
90
25
40
29
9
21
22
10
15
28
6
34
7
17
23
24
19
27
31
32
36
5
26
8
4
33
91
78
92
48
49
50
52
53
54
64
68
69
70
71
72
73
74
76
77
79
84
3
41
43
44
45
46
47
51
55
56
57
58
59
62
65
66
67
75
80
81
82
83
85
86
87
42
60
61
63
88
89
11
12
13
14
16
18
20
30
35
37
38
39
40
90
2
6
7
9
10
15
21
22
23
24
25
28
29
34
93
5
17
19
27
31
32
36
8
26
4
94
33
95
1
0
96
97
98
99
78
79
72
70
50
68
49
76
71
74
80
84
48
91
53
77
69
85
54
64
44
73
83
52
75
82
55
86
87
45
51
47
81
62
66
67
43
65
46
41
58
56
61
42
57
59
63
88
92
60
89
13
35
12
18
37
38
39
14
16
11
20
90
30
40
25
29
9
3
21
22
10
15
28
6
34
7
17
23
24
19
27
31
32
36
5
26
48
49
50
53
54
64
68
69
70
71
72
74
76
77
78
79
80
84
85
41
42
43
44
45
46
47
51
52
55
56
57
58
59
61
62
63
65
66
67
73
75
81
82
83
86
87
11
12
13
14
16
18
20
35
37
38
39
60
88
89
6
7
8
9
10
15
17
19
21
22
23
24
25
27
28
29
30
31
32
34
36
40
90
4
5
26
33
91
3
92
2
93
94
95
1
0
96
97
98
99
78
79
72
70
50
68
49
76
71
48
74
80
84
53
77
85
69
54
64
44
73
52
83
75
82
55
86
87
45
51
47
81
62
66
43
65
67
46
41
58
56
61
42
57
59
63
88
60
89
13
35
12
37
18
38
39
14
16
11
20
30
90
25
40
29
9
21
22
10
15
28
6
34
7
17
23
24
19
27
31
32
36
8
5
26
4
33
72
78
91
44
48
49
50
52
53
54
64
68
69
70
71
73
74
75
76
77
79
80
84
41
42
43
45
46
47
51
55
56
57
58
59
61
62
65
66
67
81
82
83
85
86
87
13
35
37
38
39
60
63
88
89
92
3
6
7
9
10
11
12
14
15
16
18
20
21
22
23
24
25
28
29
30
34
40
90
5
8
17
19
26
27
31
32
36
4
33
2
93
94
95
0
1
96
97
98
99
78
72
79
70
68
71
74
76
77
80
84
69
50
75
85
83
49
53
64
82
73
54
48
86
65
66
52
62
87
44
55
67
51
47
81
45
56
57
61
43
58
59
63
46
41
88
60
91
42
89
90
37
35
39
12
13
38
18
14
16
92
20
30
40
11
9
29
25
21
28
22
10
34
15
7
19
23
6
24
31
17
32
36
27
26
5
8
33
49
50
68
70
71
72
76
78
79
41
43
44
45
46
47
48
51
52
53
54
55
62
64
65
66
67
69
73
74
75
77
80
81
82
83
84
85
86
87
12
13
35
37
42
56
57
58
59
60
61
63
88
89
4
6
7
9
10
11
14
15
16
17
18
20
21
22
23
24
25
28
29
30
34
38
39
40
90
5
8
19
26
27
31
32
33
36
3
91
92
2
93
94
95
1
0
96
97
98
99
72
78
79
70
74
71
76
68
80
84
69
77
75
85
50
83
53
82
49
64
73
54
86
65
66
48
52
55
62
87
67
44
51
81
47
45
56
57
61
59
63
58
43
46
88
41
60
89
42
90
37
35
39
38
12
13
18
14
16
20
30
40
11
9
29
25
21
28
22
34
10
15
91
7
19
23
6
31
24
17
32
36
27
26
92
5
8
4
33
70
72
78
79
44
45
47
48
49
50
51
52
53
54
55
62
64
66
68
69
71
73
74
75
76
77
80
81
82
83
84
85
86
87
35
41
42
43
46
56
57
58
59
60
61
63
65
67
88
89
6
9
10
11
12
13
14
15
16
18
20
21
22
25
28
29
30
34
37
38
39
40
90
4
5
7
8
17
19
23
24
26
27
31
32
33
36
91
92
3
2
93
94
95
0
1
96
97
98
99
72
78
79
70
71
74
76
68
80
84
77
69
75
85
83
50
53
82
49
64
73
54
86
65
66
48
52
55
62
87
67
44
51
81
47
45
56
57
61
59
63
58
43
46
88
41
60
89
42
90
37
35
39
38
12
13
18
14
16
20
30
40
11
9
29
21
25
28
22
34
10
15
7
91
23
19
6
31
24
17
32
36
27
26
92
5
8
33
4
70
72
78
79
44
45
47
48
49
50
51
52
53
54
55
64
68
69
71
73
74
75
76
77
80
81
82
83
84
85
86
87
41
42
43
46
56
57
58
59
60
61
62
63
65
66
67
88
9
10
11
12
13
14
15
16
18
20
21
22
25
28
29
30
35
37
38
39
40
89
90
4
5
6
7
8
17
19
23
24
26
27
31
32
33
34
36
91
92
3
2
93
94
95
0
1
96
97
98
99
72
78
79
70
71
74
76
68
84
77
80
69
75
85
83
50
82
49
53
64
73
54
86
65
66
48
52
62
87
55
67
44
51
81
47
45
56
61
57
59
58
63
43
46
88
41
60
89
42
90
37
35
39
38
12
13
18
14
16
20
30
40
11
9
29
25
21
28
22
34
10
15
7
91
23
19
6
31
24
17
32
36
27
26
92
5
8
33
4
70
72
78
79
44
45
47
48
49
50
51
52
53
54
55
64
68
69
71
73
74
75
76
77
80
81
82
83
84
85
86
87
41
42
43
46
56
57
58
59
60
61
62
63
65
66
67
88
9
10
11
12
13
14
15
16
18
20
21
22
25
28
29
30
35
37
38
39
40
89
90
4
5
6
7
8
17
19
23
24
26
27
31
32
33
34
36
91
92
3
2
93
94
95
0
1
96
97
98
99
72
78
79
70
71
74
68
76
84
80
69
77
75
83
85
50
82
49
53
64
73
54
86
65
66
48
52
62
87
55
67
44
51
81
47
45
56
61
57
59
58
63
43
46
88
41
60
89
42
90
37
35
39
38
12
13
18
14
16
20
30
40
11
9
29
25
21
28
22
34
10
15
7
91
23
19
6
31
24
17
32
36
27
26
92
5
8
33
4
70
72
78
79
44
45
47
48
49
50
51
52
53
54
55
64
68
69
71
73
74
75
76
77
80
81
82
83
84
85
86
87
41
42
43
46
56
57
58
59
60
61
62
63
65
66
67
88
9
10
11
12
13
14
15
16
18
20
21
22
25
28
29
30
35
37
38
39
40
89
90
4
5
6
7
8
17
19
23
24
26
27
31
32
33
34
36
91
92
3
2
93
94
95
0
1
96
97
98
99
72
78
79
70
71
74
68
76
84
80
69
77
75
83
85
50
82
49
53
64
73
54
86
65
66
48
52
62
87
55
67
44
51
81
47
45
56
61
57
59
58
63
43
46
88
41
60
89
42
90
37
35
39
38
12
13
18
14
16
20
30
40
11
9
29
25
21
28
22
34
10
15
7
91
23
19
6
31
24
17
32
36
27
26
92
5
8
33
4
70
72
78
79
44
45
47
48
49
50
51
52
53
54
55
64
68
69
71
73
74
75
76
77
80
81
82
83
84
85
86
87
41
42
43
46
56
57
58
59
60
61
62
63
65
66
67
88
9
10
11
12
13
14
15
16
18
20
21
22
25
28
29
30
35
37
38
39
40
89
90
4
5
6
7
8
17
19
23
24
26
27
31
32
33
34
36
91
92
3
2
93
94
95
0
1
96
97
98
99
72
78
79
70
71
74
68
76
84
80
69
77
75
83
85
50
82
49
53
64
73
54
86
65
66
48
52
62
87
55
67
44
51
81
47
45
56
61
57
59
58
63
43
46
88
41
60
89
42
90
37
35
39
38
12
13
18
14
16
20
30
40
11
9
29
21
25
28
22
34
10
15
7
91
23
19
6
31
24
17
32
36
27
26
92
5
8
33
4
70
72
78
79
44
45
47
48
49
50
51
52
53
54
55
64
68
69
71
73
74
75
76
77
80
81
82
83
84
85
86
87
41
42
43
46
56
57
58
59
60
61
62
63
65
66
67
88
9
10
11
12
13
14
15
16
18
20
21
22
25
28
29
30
35
37
38
39
40
89
90
4
5
6
7
8
17
19
23
24
26
27
31
32
33
34
36
91
92
3
2
93
94
95
0
1
96
97
98
99
72
78
79
70
71
74
68
76
84
80
69
77
75
83
85
50
82
49
53
64
73
54
86
65
66
48
52
62
87
55
67
44
51
81
47
45
56
61
57
59
58
63
43
46
88
41
60
89
42
90
37
35
39
38
12
13
18
14
16
20
30
40
11
9
29
21
25
28
22
34
10
15
7
91
23
19
6
31
24
17
32
36
27
26
92
5
8
33
4
70
72
78
79
44
45
47
48
49
50
51
52
53
54
55
64
68
69
71
73
74
75
76
77
80
81
82
83
84
85
86
87
41
42
43
46
56
57
58
59
60
61
62
63
65
66
67
88
9
10
11
12
13
14
15
16
18
20
21
22
25
28
29
30
35
37
38
39
40
89
90
4
5
6
7
8
17
19
23
24
26
27
31
32
33
34
36
91
92
3
2
93
94
95
0
1
96
97
98
99
72
78
79
70
71
74
68
76
84
80
69
77
75
83
85
50
82
49
53
64
73
54
86
65
66
48
52
62
87
55
67
44
51
81
47
45
56
61
57
59
58
63
43
46
88
41
60
89
42
90
37
35
39
38
12
13
18
14
16
20
30
40
11
9
29
21
25
28
22
34
10
15
7
91
23
19
6
31
24
17
32
36
27
26
92
5
8
33
4
70
72
78
79
44
45
47
48
49
50
51
52
53
54
55
64
68
69
71
73
74
75
76
77
80
81
82
83
84
85
86
87
41
42
43
46
56
57
58
59
60
61
62
63
65
66
67
88
9
10
11
12
13
14
15
16
18
20
21
22
25
28
29
30
35
37
38
39
40
89
90
4
5
6
7
8
17
19
23
24
26
27
31
32
33
34
36
91
92
3
2
93
94
95
0
1
96
97
98
99
72
78
79
70
71
74
68
76
84
80
69
77
75
83
85
50
82
49
53
64
73
54
86
65
66
48
52
62
87
55
67
44
51
81
47
45
56
61
57
59
58
63
43
46
88
41
60
89
42
90
37
35
39
38
12
13
18
14
16
20
30
40
11
9
29
21
25
28
22
34
10
15
7
91
23
19
6
31
24
17
32
36
27
26
92
5
8
33
4
70
72
78
79
44
45
47
48
49
50
51
52
53
54
55
64
68
69
71
73
74
75
76
77
80
81
82
83
84
85
86
87
41
42
43
46
56
57
58
59
60
61
62
63
65
66
67
88
9
10
11
12
13
14
15
16
18
20
21
22
25
28
29
30
35
37
38
39
40
89
90
4
5
6
7
8
17
19
23
24
26
27
31
32
33
34
36
91
92
3
2
93
94
95
0
1
96
97
98
99
72
78
79
70
71
74
68
76
84
80
69
77
75
83
85
50
82
49
53
64
73
54
86
65
66
48
52
62
87
55
67
44
51
81
47
45
56
61
57
59
58
63
43
46
88
41
60
89
42
90
37
35
39
38
12
13
18
14
16
20
30
40
11
9
29
21
25
28
22
34
10
15
7
91
23
19
6
31
24
17
32
36
27
26
92
5
8
33
4
70
72
78
79
44
45
47
48
49
50
51
52
53
54
55
64
68
69
71
73
74
75
76
77
80
81
82
83
84
85
86
87
41
42
43
46
56
57
58
59
60
61
62
63
65
66
67
88
9
10
11
12
13
14
15
16
18
20
21
22
25
28
29
30
35
37
38
39
40
89
90
4
5
6
7
8
17
19
23
24
26
27
31
32
33
34
36
91
92
3
2
93
94
95
0
1
96
97
98
99
72
78
79
70
71
74
68
76
84
80
69
77
75
83
85
50
82
49
53
64
73
54
86
65
66
48
52
62
87
55
67
44
51
81
47
45
56
61
57
59
58
63
43
46
88
41
60
89
42
90
37
35
39
38
12
13
18
14
16
20
30
40
11
9
29
21
25
28
22
34
10
15
7
91
23
19
6
31
24
17
32
36
27
26
92
5
8
33
4
70
72
78
79
44
45
47
48
49
50
51
52
53
54
55
64
68
69
71
73
74
75
76
77
80
81
82
83
84
85
86
87
41
42
43
46
56
57
58
59
60
61
62
63
65
66
67
88
9
10
11
12
13
14
15
16
18
20
21
22
25
28
29
30
35
37
38
39
40
89
90
4
5
6
7
8
17
19
23
24
26
27
31
32
33
34
36
91
92
3
2
93
94
95
0
1
96
97
98
99
72
78
79
70
71
74
68
76
84
80
69
77
75
83
85
50
82
49
53
64
73
54
86
65
66
48
52
62
87
55
67
44
51
81
47
45
56
61
57
59
58
63
43
46
88
41
60
89
42
90
37
35
39
38
12
13
18
14
16
20
30
40
11
9
29
21
25
28
22
34
10
15
7
91
23
19
6
31
24
17
32
36
27
26
92
5
8
33
4
