12.8
16.1
16.5
18.1
18.2
18.4
19.1
19.1
19.2
19.5
19.5
19.8
20.1
20.1
20.7
20.8
20.9
21.0
22.3
23.3
23.8
24.0
24.1
24.2
24.6
24.9
25.0
25.0
25.0
25.1
25.7
25.9
26.3
26.4
26.4
26.6
26.6
26.7
26.9
27.0
27.1
27.4
27.6
28.1
28.2
28.2
29.0
29.0
29.3
29.5
29.6
29.6
29.7
29.7
30.0
30.2
30.3
30.6
30.7
30.7
30.9
31.1
31.1
31.4
31.4
31.6
31.9
32.0
32.0
32.5
32.8
32.9
32.9
33.2
33.4
33.8
33.8
33.9
33.9
34.0
34.3
34.3
34.3
34.3
34.4
34.4
34.9
35.0
35.1
35.1
35.1
35.2
35.3
35.5
35.6
35.8
35.8
35.9
35.9
36.0
36.0
36.1
36.1
36.2
36.3
36.4
36.4
36.5
36.5
36.5
36.8
36.9
37.1
37.1
37.2
37.2
37.5
37.5
37.6
37.8
38.2
38.5
38.6
38.6
38.6
38.7
38.9
39.2
39.3
39.6
39.7
39.9
40.0
40.0
40.2
40.4
40.5
40.8
40.8
41.1
41.3
41.4
41.4
42.0
42.2
42.4
42.9
43.3
43.6
43.7
43.8
44.6
44.8
45.0
45.1
45.1
45.1
45.2
45.2
45.3
45.4
45.4
46.0
46.1
46.3
46.4
46.6
47.0
47.1
47.3
47.3
47.5
47.5
47.7
47.7
47.8
47.8
47.8
47.9
48.2
48.4
48.5
48.5
48.6
49.0
50.3
50.7
50.8
51.1
51.5
51.6
51.9
52.2
52.5
52.8
53.1
53.2
53.3
53.3
53.7
54.1
54.3
54.6
54.7
55.1
55.1
55.4
55.6
56.5
56.7
57.0
57.1
57.3
57.3
57.4
57.8
58.0
58.3
58.5
58.6
59.2
59.2
59.3
59.3
59.4
59.6
59.8
59.8
59.9
60.0
60.4
60.8
61.0
61.1
61.3
61.7
61.8
62.4
62.6
62.9
63.2
63.3
63.7
64.1
65.8
66.1
66.2
66.3
66.5
66.5
67.5
67.8
68.1
68.5
69.0
69.2
69.4
69.9
69.9
70.0
70.0
70.1
71.2
71.2
71.5
71.5
71.7
71.7
71.8
72.4
72.4
74.0
74.3
74.4
74.7
75.4
75.4
76.2
76.3
77.7
78.1
78.3
78.7
78.9
79.2
79.3
80.1
80.1
80.2
81.4
82.1
83.0
84.2
84.7
85.3
85.5
86.9
87.4
88.6
88.8
90.4
90.7
90.8
91.5
91.8
92.0
92.1
92.2
93.2
93.2
93.7
96.3
97.3
97.5
97.7
99.0
100.1
100.5
103.4
104.0
105.4
105.7
107.3
107.3
108.9
109.3
110.4
111.6
111.7
112.7
116.8
118.3
120.4
124.5
128.1
130.9
134.7
136.4
136.5
142.8
145.1
149.2
149.4
157.6
157.9
159.0
159.2
161.5
163.5
192.9
207.4
207.7
212.4
214.2
232.2
278.9
330.5
350.5
386.0
414.3
424.5
439.2
457.1
482.0
504.4
507.2
516.7
536.0
556.2
583.2
597.4
632.3
638.5
652.3
669.5
681.1
692.7
710.3
718.3
731.3
794.6
823.1
837.9
848.4
866.0
875.6
878.3
906.2
913.2
934.9
951.9
