443
543
411
441
561
373
539
437
515
516
576
432
358
472
439
518
555
295
452
466
554
380
409
627
433
607
667
298
390
588
767
713
229
415
598
362
519
319
766
313
485
414
537
418
644
688
468
602
281
599
393
369
311
446
489
695
647
478
663
673
310
412
455
530
708
736
496
706
260
440
457
656
597
649
348
578
346
481
594
668
773
329
728
609
633
641
384
635
731
322
392
420
710
366
215
453
324
330
567
654
323
336
509
726
402
292
659
343
359
383
422
479
488
512
287
525
666
222
345
426
557
827
494
612
696
304
535
568
779
790
542
249
590
354
464
507
587
396
435
382
556
274
493
456
498
332
467
389
534
719
740
399
606
739
397
626
339
528
316
408
589
619
224
297
637
575
305
577
318
775
169
407
655
777
808
460
459
701
240
387
423
583
217
378
251
529
693
372
593
711
463
682
669
679
700
723
763
513
334
579
586
611
717
357
870
194
264
614
640
492
289
643
338
180
266
413
566
235
306
825
230
677
445
738
253
503
447
634
391
364
279
321
618
254
784
732
780
715
721
473
497
233
495
709
328
325
501
502
293
762
776
546
205
725
228
660
275
809
451
282
361
630
753
755
271
142
714
547
674
175
724
252
211
533
213
804
184
187
628
540
672
158
236
284
405
232
562
745
288
208
458
296
245
757
155
157
299
191
370
335
758
615
661
269
559
729
551
257
795
705
793
690
353
805
625
237
256
692
