10.7
10.8
13.4
15.0
15.7
16.8
16.9
17.0
17.7
18.5
20.3
20.4
20.5
21.7
22.8
23.0
23.2
23.5
23.7
23.8
24.0
24.4
24.4
24.6
25.3
26.5
27.4
27.7
28.1
28.9
29.1
31.3
31.9
32.1
32.8
33.6
34.2
34.3
34.6
35.5
36.1
36.5
36.8
37.1
37.1
37.3
38.8
38.8
39.2
39.5
39.7
40.7
41.4
41.8
41.9
42.6
42.6
43.7
44.9
46.5
46.6
46.9
47.1
47.6
49.2
49.7
51.2
51.6
52.5
53.6
53.9
54.3
55.6
56.0
56.3
57.8
60.0
61.0
61.4
61.7
61.9
64.7
66.0
66.9
67.0
68.1
68.7
70.1
70.7
73.2
73.9
75.1
76.0
78.2
79.4
82.6
82.7
84.2
84.7
87.0
91.3
91.6
91.9
92.1
93.7
94.3
95.0
95.2
97.4
97.4
97.5
98.4
98.5
98.6
98.8
101.5
102.5
104.5
108.2
109.7
111.2
113.2
113.5
119.7
120.3
121.5
122.2
123.7
125.6
126.4
127.0
127.3
129.6
131.1
132.8
133.8
134.8
140.4
146.5
147.6
149.6
150.1
150.9
151.9
152.0
156.9
160.7
165.6
165.6
168.7
169.6
170.2
174.1
175.2
175.8
176.5
177.0
177.2
177.8
178.2
178.3
179.0
180.1
182.9
184.9
185.4
186.1
187.3
187.4
189.4
189.6
189.9
192.2
192.4
194.1
194.7
195.9
196.2
196.4
197.9
199.9
200.8
204.0
204.8
205.2
207.7
207.8
208.2
208.3
209.7
211.9
217.2
217.3
218.4
220.4
220.5
222.0
224.5
225.1
225.5
226.3
226.3
226.5
229.2
230.7
230.9
232.0
232.2
232.7
232.8
235.3
235.9
240.3
241.3
242.2
244.3
244.6
247.2
247.9
247.9
248.3
249.1
249.9
250.7
252.2
257.7
258.7
261.9
262.1
263.6
265.1
266.3
266.9
267.0
268.5
268.6
272.3
273.5
274.5
275.6
276.9
278.2
278.6
280.6
280.7
281.4
283.8
285.1
285.3
286.8
287.1
287.1
287.2
287.9
291.4
293.2
295.9
296.0
297.2
298.8
301.4
305.4
306.9
307.0
309.1
310.5
310.9
311.9
312.2
314.3
315.2
320.5
321.7
324.1
327.5
329.4
330.1
332.7
333.5
333.9
334.7
335.4
337.0
338.3
339.2
339.5
340.5
343.5
344.3
346.2
346.9
347.9
348.2
349.1
350.2
350.9
353.4
353.9
354.2
355.2
356.5
357.2
357.5
358.3
360.1
363.1
363.5
364.3
365.5
366.0
366.5
366.8
368.1
368.5
369.9
371.9
373.0
376.0
376.7
376.8
378.7
378.7
379.9
380.4
381.2
383.1
383.5
384.1
384.7
385.6
386.3
387.2
387.2
387.5
387.8
388.7
390.7
391.9
391.9
393.4
394.1
398.9
399.7
400.8
401.4
402.6
404.7
404.9
405.9
406.0
409.5
409.5
410.6
411.1
411.6
411.9
412.8
413.0
413.6
414.0
414.3
414.5
415.0
415.1
415.3
416.4
417.3
418.2
418.2
418.2
418.9
419.0
420.2
420.3
421.4
424.4
429.6
430.3
431.7
435.1
436.0
436.5
437.0
439.3
440.0
441.9
442.2
443.6
444.8
451.1
453.3
457.0
457.4
457.9
459.7
461.2
462.3
463.4
465.1
466.5
469.0
473.6
474.7
475.2
475.9
477.3
477.5
480.3
480.7
481.0
482.2
482.7
483.2
483.9
485.1
485.5
486.5
486.9
488.7
488.8
489.1
490.9
492.8
494.6
496.0
496.2
497.1
497.2
498.1
498.1
499.4
501.4
502.1
502.2
502.3
504.5
506.9
511.3
511.4
513.6
514.7
519.2
519.6
521.8
523.2
524.2
525.8
527.7
528.4
528.4
529.5
532.7
532.8
533.9
536.9
538.3
542.0
542.3
542.5
543.8
544.3
551.4
554.2
556.3
556.3
557.6
559.9
561.3
561.8
564.1
564.5
568.1
569.7
570.1
570.1
570.2
570.9
572.1
572.6
572.7
573.4
575.1
575.4
575.6
578.0
578.2
578.4
579.5
581.0
581.3
582.2
583.4
584.2
584.3
584.7
585.5
586.3
588.2
590.0
592.3
592.7
593.5
595.9
596.1
597.8
600.2
600.3
600.6
600.6
604.5
604.5
607.7
612.5
612.8
612.9
613.9
614.5
616.6
617.3
617.5
619.6
621.2
621.2
621.6
622.4
623.9
625.7
626.5
627.3
627.7
629.1
629.5
629.8
632.4
632.8
633.9
635.3
635.4
638.5
639.8
639.9
640.2
640.8
641.5
641.8
642.4
644.0
644.4
645.1
645.9
646.3
646.9
647.0
647.3
648.7
648.9
650.9
650.9
653.0
654.5
655.8
656.0
659.3
659.5
659.7
659.8
659.9
660.1
662.3
665.6
665.8
666.1
666.6
667.0
668.4
672.9
674.0
679.0
680.4
681.0
681.4
681.8
683.0
683.1
683.6
685.2
685.9
688.2
688.4
690.4
691.0
694.6
695.6
697.2
697.7
700.1
702.6
703.7
704.4
704.6
708.7
709.0
709.7
710.2
710.4
711.7
712.1
713.5
715.4
716.0
716.9
717.6
720.9
721.6
721.6
723.7
724.2
725.1
726.9
727.9
728.8
730.2
736.5
736.5
736.9
737.0
738.1
738.6
739.4
739.7
740.1
740.8
743.1
743.3
744.4
746.4
747.4
747.9
748.0
751.3
751.4
751.4
753.2
753.8
755.0
756.5
757.0
759.1
759.5
760.7
760.8
762.0
764.5
765.1
765.6
768.2
768.2
769.2
770.2
770.3
772.6
773.9
774.4
777.9
779.2
779.5
780.5
782.7
783.1
783.1
784.0
785.2
785.4
786.8
788.0
788.9
791.4
791.7
792.1
794.8
796.2
796.6
800.4
804.7
805.0
805.5
805.6
806.4
807.9
808.5
808.5
811.1
811.6
811.9
812.1
812.7
814.1
815.8
816.0
817.7
818.1
818.9
821.5
821.7
821.8
826.6
827.4
828.8
829.7
831.6
833.2
833.6
833.9
835.3
835.5
835.5
835.9
836.1
837.6
841.4
842.2
843.1
844.1
846.3
846.3
848.0
848.4
848.9
849.7
849.8
852.1
852.3
853.2
859.2
859.7
860.3
861.2
863.8
867.2
868.1
870.8
871.0
871.7
871.7
872.5
873.7
876.4
878.5
883.6
884.9
886.3
887.3
887.5
888.3
890.8
891.7
897.2
897.3
897.7
897.7
898.0
898.8
899.2
899.4
900.1
904.4
905.4
905.8
908.3
909.9
912.7
913.1
914.1
915.2
915.5
917.4
918.3
919.4
919.9
920.6
920.8
921.7
922.3
925.9
927.3
928.9
929.3
931.2
935.0
935.5
935.8
937.3
941.7
943.7
944.3
944.4
945.1
948.2
949.8
951.0
953.0
954.5
955.4
958.5
961.6
963.0
963.1
964.1
966.1
967.8
968.9
970.2
972.2
973.5
975.0
976.0
977.1
977.6
978.4
978.8
982.4
988.8
989.5
992.5
992.8
996.1
997.3
998.3
999.9
