182.8
182.8
182.8
182.8
182.8
182.8
182.8
182.8
182.8
182.8
182.8
182.8
182.8
182.8
182.8
182.8
182.8
182.8
182.8
182.8
182.8
182.8
182.8
182.8
182.8
182.8
182.8
182.9
182.9
182.9
182.9
182.9
182.9
182.9
182.9
182.9
182.9
182.9
182.9
182.9
182.9
182.9
182.9
182.9
182.9
182.9
182.9
182.9
182.9
182.9
182.9
182.9
182.9
182.9
182.9
182.9
182.9
182.9
182.9
182.9
182.9
182.9
182.9
182.9
182.9
182.9
182.9
182.9
182.9
182.9
182.9
183.0
183.0
183.0
183.0
183.0
183.0
183.3
183.3
183.3
183.3
183.3
183.3
183.3
183.4
183.4
183.4
183.6
183.6
183.7
183.7
183.8
183.8
183.8
183.9
184.0
184.0
184.2
184.4
184.6
187.7
187.7
187.7
187.7
187.7
187.7
187.7
187.7
187.7
187.7
187.7
187.8
187.8
187.8
187.8
187.8
187.8
187.8
187.8
187.8
187.8
187.8
187.8
187.8
187.8
187.8
187.8
187.8
187.8
187.8
187.8
187.8
187.8
187.8
187.8
187.8
187.8
187.8
187.8
187.8
187.8
187.8
187.8
187.8
187.8
187.8
187.8
187.8
187.8
187.8
187.8
187.8
187.8
187.8
187.8
187.8
187.9
187.9
187.9
187.9
187.9
187.9
187.9
187.9
187.9
187.9
188.0
188.0
188.0
188.0
188.0
188.1
188.1
188.1
188.1
188.2
188.3
188.8
188.9
188.9
188.9
189.0
189.0
189.0
189.2
189.3
189.3
189.6
189.7
189.9
189.9
190.2
190.2
190.3
190.3
190.4
190.6
191.0
191.2
191.3
191.3
191.3
191.3
191.3
191.3
191.3
191.4
191.4
191.4
191.4
191.4
191.4
191.4
191.4
191.4
191.4
191.4
191.4
191.5
191.5
191.5
191.5
191.5
191.5
191.5
191.5
191.5
191.5
191.5
191.5
191.5
191.5
191.5
191.6
191.6
191.6
191.6
191.6
191.6
191.6
191.6
191.6
191.6
191.6
191.7
191.7
191.7
191.7
191.7
191.7
191.7
191.7
191.7
191.7
191.7
191.8
191.8
191.8
191.8
191.8
191.8
191.9
191.9
191.9
191.9
191.9
191.9
192.1
192.1
192.1
192.2
192.2
192.2
192.2
192.3
192.6
192.7
193.7
193.8
193.9
193.9
194.0
194.1
194.1
194.5
194.8
194.8
195.1
195.2
195.3
195.7
195.8
195.9
195.9
195.9
196.0
196.0
196.0
196.0
196.1
196.1
196.1
196.1
196.2
196.2
196.2
196.2
196.2
196.2
196.3
196.3
196.3
196.3
196.3
196.3
196.4
196.4
196.4
196.4
196.4
196.4
196.4
196.4
196.4
196.5
196.5
196.5
196.5
196.6
196.6
196.6
196.6
196.6
196.6
196.6
196.6
196.7
196.8
196.8
196.8
196.8
196.8
196.8
196.8
196.8
196.9
196.9
196.9
196.9
196.9
196.9
196.9
197.0
197.0
197.0
197.0
197.0
197.0
197.1
197.1
197.2
197.2
197.4
197.5
197.5
197.6
197.6
197.7
197.7
197.7
197.8
198.0
198.1
198.1
198.6
198.7
199.6
200.7
200.7
200.9
201.5
201.5
201.8
202.4
202.4
203.3
203.4
203.5
203.6
203.8
203.8
203.8
203.8
203.9
204.0
204.0
204.0
204.0
204.1
204.5
204.5
204.6
204.6
204.7
204.8
204.8
204.9
204.9
205.0
205.0
205.2
205.2
205.2
205.2
205.3
205.4
205.6
205.6
205.7
205.7
205.8
206.0
206.1
206.1
206.1
206.1
206.2
206.2
206.3
206.3
206.3
206.4
206.4
206.4
206.5
206.5
206.6
206.6
206.8
206.8
206.9
207.0
207.0
207.1
207.3
207.5
207.5
207.6
207.8
207.8
207.9
207.9
208.0
208.1
208.2
208.3
208.4
208.4
208.7
209.0
209.0
209.2
209.4
210.1
210.3
210.4
210.7
210.8
211.1
211.1
214.1
215.3
217.3
218.8
226.7
253.6
351.0
351.0
351.0
351.0
351.0
351.0
351.0
351.0
351.0
351.0
351.0
351.0
351.0
351.0
351.0
351.0
351.0
351.0
351.0
351.1
351.1
351.1
351.1
351.1
351.1
351.1
351.1
351.1
351.1
351.1
351.1
351.1
351.1
351.1
351.1
351.1
351.1
351.1
351.1
351.1
351.1
351.1
351.1
351.1
351.1
351.1
351.1
351.1
351.1
351.1
351.1
351.1
351.1
351.1
351.1
351.1
351.1
351.1
351.1
351.1
351.1
351.1
351.1
351.1
351.1
351.1
351.1
351.1
351.2
351.2
351.2
351.2
351.2
351.2
351.2
351.2
351.3
351.5
351.5
351.5
351.5
351.6
351.6
351.6
351.7
351.7
351.7
351.9
351.9
352.1
352.1
352.2
352.2
352.3
352.3
352.4
352.5
352.7
352.9
353.2
356.2
356.2
356.2
356.3
356.3
356.3
356.3
356.3
356.3
356.3
356.3
356.3
356.3
356.3
356.3
356.3
356.3
356.3
356.3
356.4
356.4
356.4
356.4
356.4
356.4
356.4
356.4
356.4
356.4
356.4
356.4
356.4
356.4
356.4
356.4
356.4
356.4
356.4
356.4
356.4
356.4
356.4
356.4
356.4
356.4
356.4
356.4
356.4
356.5
356.5
356.5
356.5
356.5
356.5
356.5
356.5
356.5
356.5
356.5
356.5
356.5
356.6
356.6
356.6
356.6
356.6
356.6
356.6
356.7
356.7
356.7
356.8
356.8
356.8
356.8
357.0
357.0
357.8
357.8
357.8
357.9
357.9
357.9
357.9
358.2
358.3
358.3
358.8
358.9
359.2
359.3
359.7
359.8
359.9
360.0
360.4
360.6
361.2
361.2
361.3
361.3
361.3
361.3
361.3
361.3
361.3
361.3
361.3
361.3
361.3
361.4
361.4
361.4
361.4
361.4
361.4
361.4
361.4
361.4
361.4
361.4
361.4
361.4
361.4
361.4
361.4
361.4
361.5
361.5
361.5
361.5
361.5
361.5
361.5
361.5
361.5
361.5
361.5
361.5
361.6
361.6
361.6
361.6
361.6
361.6
361.6
361.6
361.6
361.6
361.6
361.6
361.6
361.6
361.7
361.7
361.7
361.7
361.7
361.7
361.8
361.9
361.9
361.9
361.9
362.0
362.0
362.0
362.0
362.1
362.2
362.3
362.4
362.4
362.4
362.5
362.7
362.7
363.1
363.3
363.4
363.6
363.6
363.6
363.7
364.2
364.2
364.2
364.3
364.7
364.9
365.2
365.8
365.9
365.9
365.9
365.9
365.9
366.0
366.0
366.0
366.0
366.0
366.1
366.1
366.1
366.1
366.2
366.2
366.2
366.2
366.2
366.3
366.3
366.3
366.3
366.3
366.3
366.3
366.3
366.4
366.4
366.4
366.4
366.5
366.5
366.5
366.5
366.5
366.5
366.5
366.6
366.6
366.7
366.7
366.7
366.7
366.7
366.8
366.8
366.8
366.8
366.9
366.9
366.9
366.9
366.9
366.9
367.0
367.0
367.1
367.1
367.2
367.2
367.2
367.3
367.3
367.3
367.3
367.4
367.5
367.5
367.6
367.7
368.0
368.1
368.2
368.2
368.3
368.3
368.4
368.5
368.9
369.0
369.2
369.6
370.3
370.5
371.0
371.0
371.1
371.2
371.3
371.7
371.9
372.0
372.2
372.2
372.3
372.3
372.4
372.4
372.4
372.6
372.6
372.6
372.8
372.8
372.8
372.8
372.8
372.9
372.9
373.0
373.0
373.0
373.1
373.2
373.2
373.2
373.2
373.3
373.3
373.4
373.4
373.4
373.5
373.5
373.7
373.8
373.8
373.9
373.9
374.0
374.0
374.0
374.1
374.1
374.1
374.2
374.2
374.3
374.4
374.4
374.4
374.6
374.7
374.8
374.9
374.9
374.9
375.0
375.0
375.0
375.1
375.1
375.1
375.2
375.3
375.4
375.4
375.4
375.7
375.8
375.9
375.9
376.4
376.5
376.7
376.8
377.6
377.6
377.8
377.8
378.2
378.6
379.2
379.3
379.4
379.8
380.7
381.9
382.3
389.7
392.3
509.1
509.1
509.1
509.1
509.1
509.1
509.1
509.1
509.1
509.1
509.1
509.1
509.1
509.1
509.1
509.1
509.1
509.1
509.1
509.1
509.1
509.2
509.2
509.2
509.2
509.2
509.2
509.2
509.2
509.2
509.2
509.2
509.2
509.2
509.2
509.2
509.2
509.2
509.2
509.2
509.2
509.2
509.2
509.2
509.2
509.2
509.2
509.2
509.2
509.2
509.2
509.2
509.2
509.2
509.2
509.2
509.2
509.2
509.2
509.2
509.2
509.2
509.2
509.2
509.2
509.2
509.2
509.2
509.2
509.3
509.3
509.3
509.3
509.3
509.3
509.3
509.4
509.6
509.6
509.6
509.6
509.6
509.6
509.7
509.7
509.8
509.8
509.9
510.0
510.1
510.1
510.2
510.3
510.3
510.3
510.4
510.5
510.7
510.9
511.2
514.1
514.1
514.1
514.2
514.2
514.2
514.2
514.2
514.2
514.2
514.2
514.2
514.2
514.2
514.2
514.2
514.2
514.2
514.2
514.2
514.2
514.2
514.2
514.3
514.3
514.3
514.3
514.3
514.3
514.3
514.3
514.3
514.3
514.3
514.3
514.3
514.3
514.3
514.3
514.3
514.3
514.3
514.3
514.3
514.3
514.3
514.3
514.3
514.3
514.4
514.4
514.4
514.4
514.4
514.4
514.4
514.4
514.4
514.4
514.4
514.4
514.4
514.5
514.5
514.5
514.5
514.5
514.5
514.5
514.6
514.6
514.6
514.6
514.6
514.6
514.8
514.8
515.6
515.6
515.7
515.7
515.7
515.7
515.8
516.0
516.2
516.2
516.7
516.8
517.0
517.0
517.4
517.5
517.7
517.8
518.1
518.4
518.8
519.1
519.1
519.1
519.1
519.1
519.1
519.1
519.1
519.1
519.1
519.1
519.1
519.1
519.2
519.2
519.2
519.2
519.2
519.2
519.2
519.2
519.2
519.2
519.2
519.2
519.2
519.2
519.2
519.2
519.2
519.3
519.3
519.3
519.3
519.3
519.3
519.3
519.3
519.3
519.3
519.3
519.3
519.3
519.3
519.3
519.3
519.3
519.3
519.3
519.4
519.4
519.4
519.4
519.4
519.4
519.4
519.4
519.5
519.5
519.5
519.5
519.5
519.6
519.7
519.7
519.7
519.7
519.7
519.7
519.8
519.8
519.9
520.0
520.0
520.0
520.0
520.1
520.3
520.4
520.8
521.0
521.0
521.2
521.2
521.3
521.3
521.8
521.9
521.9
522.0
522.4
522.5
522.8
523.5
523.6
523.6
523.6
523.6
523.6
523.6
523.7
523.7
523.7
523.7
523.8
523.8
523.8
523.8
523.9
523.9
523.9
523.9
523.9
523.9
523.9
524.0
524.0
524.0
524.0
524.0
524.0
524.1
524.1
524.1
524.1
524.1
524.1
524.2
524.2
524.2
524.2
524.2
524.2
524.2
524.3
524.3
524.4
524.4
524.4
524.4
524.4
524.4
524.5
524.5
524.5
524.5
524.5
524.5
524.5
524.5
524.6
524.7
524.7
524.7
524.8
524.8
524.8
524.9
524.9
524.9
525.0
525.0
525.1
525.1
525.2
525.5
525.6
525.7
525.7
525.8
525.9
525.9
526.0
526.3
526.6
526.6
527.3
528.1
528.6
528.6
529.0
529.0
529.1
529.4
529.5
529.9
530.2
530.4
530.9
531.0
531.0
531.0
531.2
531.2
531.3
531.4
531.5
531.5
531.5
531.7
531.8
531.8
531.8
531.9
531.9
532.0
532.0
532.1
532.2
532.2
532.5
532.5
532.6
532.8
532.8
532.9
532.9
533.0
533.0
533.1
533.2
533.4
533.4
533.6
533.6
533.6
533.7
533.7
533.9
533.9
534.0
534.1
534.1
534.2
534.2
534.2
534.3
534.4
534.4
534.5
534.5
534.5
534.5
534.6
534.7
535.0
535.0
535.1
535.2
535.2
535.3
535.4
535.6
535.6
535.8
535.8
535.8
536.1
536.2
536.3
536.3
536.9
537.1
537.4
537.7
537.8
537.9
538.1
538.3
539.3
539.5
539.5
539.6
539.8
541.8
547.2
548.5
549.5
549.9
554.4
564.5
567.3
667.0
667.0
667.0
667.0
667.0
667.0
667.0
667.0
667.0
667.0
667.0
667.0
667.0
667.0
667.0
667.0
667.0
667.0
667.0
667.0
667.0
667.0
667.0
667.0
667.0
667.0
667.0
667.0
667.0
667.0
667.0
667.0
667.0
667.0
667.1
667.1
667.1
667.1
667.1
667.1
667.1
667.1
667.1
667.1
667.1
667.1
667.1
667.1
667.1
667.1
667.1
667.1
667.1
667.1
667.1
667.1
667.1
667.1
667.1
667.1
667.1
667.1
667.1
667.1
667.1
667.2
667.2
667.2
667.2
667.2
667.2
667.2
667.3
667.3
667.3
667.3
667.4
667.6
667.6
667.7
667.7
667.7
667.7
667.7
667.8
667.8
667.9
668.0
668.1
668.2
668.2
668.4
668.4
668.4
668.4
668.5
668.6
668.9
669.1
669.4
671.8
671.9
671.9
671.9
671.9
671.9
671.9
671.9
671.9
671.9
671.9
671.9
671.9
672.0
672.0
672.0
672.0
672.0
672.0
672.0
672.0
672.0
672.0
672.0
672.0
672.0
672.0
672.0
672.0
672.0
672.0
672.0
672.0
672.0
672.0
672.0
672.0
672.1
672.1
672.1
672.1
672.1
672.1
672.1
672.1
672.1
672.1
672.1
672.1
672.1
672.1
672.1
672.1
672.1
672.1
672.1
672.1
672.2
672.2
672.2
672.2
672.2
672.2
672.2
672.3
672.3
672.4
672.4
672.4
672.4
672.5
672.5
672.5
672.6
672.6
672.8
672.9
673.7
673.7
673.8
673.8
673.8
673.9
673.9
674.2
674.3
674.4
674.9
675.1
675.3
675.4
675.8
675.9
676.0
676.1
676.4
676.7
676.7
676.7
676.7
676.7
676.7
676.7
676.7
676.7
676.7
676.7
676.8
676.8
676.8
676.8
676.8
676.8
676.8
676.8
676.8
676.8
676.8
676.8
676.8
676.8
676.8
676.8
676.8
676.9
676.9
676.9
676.9
676.9
676.9
676.9
676.9
676.9
676.9
676.9
677.0
677.0
677.0
677.0
677.0
677.0
677.0
677.0
677.0
677.0
677.0
677.0
677.0
677.1
677.1
677.1
677.1
677.1
677.1
677.1
677.1
677.2
677.2
677.2
677.3
677.3
677.3
677.4
677.4
677.5
677.5
677.6
677.6
677.7
677.7
677.8
677.9
677.9
677.9
678.2
678.2
678.4
678.8
679.0
679.1
679.3
679.3
679.3
679.4
680.0
680.0
680.0
680.4
680.7
681.1
681.1
681.1
681.1
681.2
681.2
681.2
681.2
681.3
681.3
681.3
681.3
681.4
681.4
681.4
681.4
681.4
681.4
681.4
681.5
681.5
681.5
681.5
681.5
681.5
681.5
681.5
681.6
681.6
681.6
681.6
681.6
681.6
681.7
681.7
681.7
681.7
681.7
681.8
681.8
681.8
681.9
681.9
681.9
681.9
682.0
682.0
682.0
682.0
682.1
682.1
682.1
682.2
682.2
682.2
682.2
682.2
682.2
682.2
682.3
682.3
682.3
682.4
682.5
682.5
682.5
682.5
682.6
682.7
682.7
682.7
682.8
682.9
683.3
683.3
683.3
683.4
683.5
683.6
683.7
683.8
683.8
684.5
685.2
685.3
685.8
686.3
686.7
687.1
687.6
687.6
687.6
687.8
688.1
688.2
688.2
688.4
688.5
688.5
688.6
688.8
688.8
688.9
689.0
689.1
689.1
689.2
689.2
689.2
689.2
689.3
689.3
689.3
689.4
689.6
689.7
689.8
689.8
689.8
689.9
690.0
690.0
690.1
690.1
690.2
690.3
690.4
690.4
690.5
690.6
690.6
690.6
690.7
690.7
690.8
690.9
690.9
690.9
691.0
691.1
691.3
691.3
691.3
691.4
691.6
691.6
691.7
691.7
691.8
691.8
691.9
692.0
692.2
692.3
692.4
692.4
692.6
692.7
692.8
693.0
693.1
693.1
693.2
693.8
693.9
694.2
694.4
694.7
695.4
696.0
696.1
696.3
696.3
698.0
698.7
699.0
700.0
700.6
701.5
702.9
703.9
703.9
825.9
826.0
826.0
826.0
826.0
826.0
826.0
826.0
826.0
826.0
826.0
826.0
826.0
826.0
826.0
826.0
826.0
826.0
826.0
826.0
826.0
826.0
826.0
826.0
826.0
826.0
826.0
826.0
826.0
826.0
826.0
826.0
826.0
826.0
826.0
826.0
826.0
826.0
826.0
826.0
826.0
826.0
826.0
826.0
826.0
826.0
826.0
826.0
826.0
826.0
826.0
826.0
826.0
826.0
826.0
826.0
826.0
826.0
826.0
826.0
826.0
826.0
826.0
826.0
826.0
826.0
826.0
826.0
826.0
826.1
826.1
826.1
826.1
826.1
826.1
826.1
826.1
826.3
826.3
826.4
826.4
826.4
826.4
826.4
826.4
826.5
826.5
826.7
826.7
826.7
826.7
826.9
826.9
827.0
827.0
827.2
827.2
827.3
827.5
827.8
830.9
830.9
830.9
830.9
830.9
831.0
831.0
831.0
831.0
831.0
831.0
831.0
831.0
831.0
831.0
831.0
831.0
831.0
831.0
831.0
831.0
831.0
831.0
831.0
831.0
831.0
831.0
831.0
831.0
831.1
831.1
831.1
831.1
831.1
831.1
831.1
831.1
831.1
831.1
831.1
831.1
831.1
831.1
831.1
831.1
831.1
831.1
831.1
831.1
831.1
831.1
831.1
831.1
831.1
831.1
831.1
831.1
831.1
831.1
831.1
831.1
831.2
831.2
831.2
831.2
831.2
831.2
831.2
831.2
831.2
831.2
831.2
831.2
831.2
831.2
831.2
831.3
832.1
832.1
832.2
832.2
832.3
832.3
832.4
832.6
832.7
832.8
833.3
833.4
833.4
833.5
833.8
833.9
834.4
834.4
834.7
835.0
835.2
835.8
835.9
835.9
835.9
835.9
835.9
835.9
835.9
835.9
835.9
835.9
835.9
835.9
835.9
835.9
836.0
836.0
836.0
836.0
836.0
836.0
836.0
836.0
836.0
836.0
836.0
836.0
836.0
836.0
836.0
836.0
836.0
836.0
836.0
836.0
836.0
836.0
836.0
836.0
836.0
836.0
836.1
836.1
836.1
836.1
836.1
836.1
836.1
836.1
836.1
836.1
836.1
836.1
836.1
836.1
836.2
836.2
836.2
836.2
836.2
836.2
836.2
836.3
836.3
836.3
836.3
836.3
836.3
836.3
836.3
836.3
836.4
836.4
836.5
836.5
836.5
836.5
836.7
836.7
837.4
837.5
837.6
837.6
837.6
837.8
837.8
838.1
838.4
838.4
838.6
838.8
838.9
839.0
839.6
839.7
840.2
840.2
840.2
840.2
840.2
840.2
840.2
840.3
840.3
840.3
840.3
840.4
840.4
840.4
840.4
840.4
840.4
840.4
840.4
840.4
840.4
840.5
840.5
840.5
840.5
840.5
840.5
840.6
840.6
840.6
840.6
840.6
840.6
840.6
840.6
840.6
840.6
840.7
840.7
840.7
840.7
840.8
840.8
840.8
840.8
840.8
840.8
840.9
840.9
840.9
840.9
840.9
840.9
840.9
840.9
840.9
841.0
841.0
841.0
841.0
841.1
841.1
841.1
841.1
841.1
841.2
841.2
841.3
841.3
841.4
841.6
841.6
841.6
841.6
841.7
841.8
841.8
841.9
842.1
842.2
842.2
842.7
843.6
843.7
843.7
844.0
844.2
844.3
844.3
844.8
845.1
845.2
845.8
845.9
845.9
846.2
846.5
846.6
846.6
846.7
846.7
846.8
846.8
846.8
846.9
847.0
847.1
847.1
847.1
847.2
847.2
847.3
847.3
847.3
847.4
847.4
847.5
847.5
847.5
847.6
847.6
847.7
847.7
847.8
847.8
847.8
847.9
848.0
848.1
848.1
848.2
848.2
848.2
848.3
848.4
848.4
848.4
848.4
848.5
848.5
848.6
848.6
848.7
848.7
848.7
848.7
848.7
848.7
848.7
848.8
848.8
848.8
848.9
849.1
849.2
849.2
849.3
849.3
849.3
849.4
849.4
849.5
849.6
849.7
849.7
849.9
850.0
850.3
850.3
850.5
850.6
850.7
851.0
851.4
851.5
851.5
851.8
852.0
853.6
854.0
860.2
860.7
862.0
862.1
863.9
865.1
867.4
867.8
868.0
874.5
984.8
984.8
984.8
984.8
984.8
984.8
984.8
984.8
984.8
984.8
984.8
984.8
984.8
984.8
984.8
984.8
984.8
984.8
984.8
984.9
984.9
984.9
984.9
984.9
984.9
984.9
984.9
984.9
984.9
984.9
984.9
984.9
984.9
984.9
984.9
984.9
984.9
984.9
984.9
984.9
984.9
984.9
984.9
984.9
984.9
984.9
984.9
984.9
984.9
984.9
984.9
984.9
984.9
984.9
984.9
984.9
984.9
984.9
984.9
984.9
984.9
984.9
984.9
984.9
984.9
984.9
984.9
984.9
985.0
985.0
985.0
985.0
985.0
985.0
985.0
985.0
985.1
985.3
985.3
985.3
985.3
985.4
985.4
985.4
985.5
985.5
985.5
985.7
985.7
985.9
985.9
986.1
986.1
986.1
986.1
986.2
986.3
986.6
986.8
987.0
990.0
990.0
990.0
990.0
990.0
990.0
990.1
990.1
990.1
990.1
990.1
990.1
990.1
990.1
990.1
990.1
990.1
990.1
990.1
990.1
990.1
990.1
990.1
990.1
990.1
990.1
990.1
990.2
990.2
990.2
990.2
990.2
990.2
990.2
990.2
990.2
990.2
990.2
990.2
990.2
990.2
990.2
990.2
990.2
990.2
990.2
990.2
990.2
990.2
990.2
990.2
990.2
990.2
990.2
990.2
990.3
990.3
990.3
990.3
990.3
990.3
990.3
990.3
990.4
990.4
990.4
990.4
990.4
990.5
990.5
990.5
990.5
990.5
990.5
990.6
990.7
990.8
991.7
991.7
991.8
991.8
991.8
991.8
991.9
992.2
992.3
992.4
992.9
993.0
993.3
993.4
993.8
993.9
994.0
994.1
994.5
994.8
995.4
995.6
995.6
995.6
995.6
995.6
995.6
995.6
995.6
995.7
995.7
995.7
995.7
995.7
995.7
995.7
995.7
995.7
995.7
995.7
995.7
995.7
995.7
995.7
995.7
995.8
995.8
995.8
995.8
995.8
995.8
995.8
995.8
995.8
995.8
995.8
995.8
995.8
995.8
995.8
995.8
995.8
995.8
995.8
995.8
995.8
995.9
995.9
995.9
995.9
995.9
995.9
995.9
995.9
995.9
996.0
996.0
996.0
996.0
996.0
996.0
996.1
996.1
996.2
996.2
996.2
996.2
996.3
996.3
996.4
996.4
996.5
996.5
996.6
996.7
996.7
996.7
996.9
997.0
997.0
997.4
997.6
997.6
997.8
997.9
997.9
998.0
998.4
998.5
998.5
998.5
998.8
999.1
999.3
