81
47
49
50
52
53
54
55
56
57
58
59
61
62
63
64
65
66
67
68
69
70
71
72
73
74
75
76
77
78
79
80
32
33
35
36
37
38
39
40
41
42
43
44
45
46
48
51
60
82
83
84
13
14
15
17
18
19
20
21
22
23
24
25
26
27
28
29
30
31
34
85
86
9
10
11
12
16
87
7
8
88
5
6
89
4
90
2
3
91
92
93
94
1
95
96
97
99
98
0
78
75
76
77
79
81
74
80
55
57
59
50
52
56
66
67
71
72
73
47
51
53
54
58
61
62
64
69
48
49
63
65
68
70
37
42
46
60
38
33
35
36
41
43
44
45
39
40
82
83
27
32
34
84
28
29
31
23
30
15
26
85
86
17
18
19
20
21
22
24
25
14
13
11
12
16
9
10
87
7
8
88
89
6
5
4
3
90
2
91
92
93
94
63
73
59
70
96
62
65
66
74
76
58
71
78
79
80
98
60
67
68
69
83
51
64
75
55
56
72
52
53
57
82
95
97
99
50
54
61
81
86
48
49
77
47
84
87
43
46
45
89
1
44
41
42
85
40
39
35
38
88
37
34
33
31
30
36
32
28
27
29
90
26
59
19
22
25
63
91
23
21
24
65
55
52
58
51
62
92
60
73
56
50
53
70
66
71
18
48
54
57
17
20
49
64
67
68
47
74
45
43
61
69
75
46
44
76
79
72
10
15
42
78
80
12
13
39
16
40
83
41
35
82
38
31
33
37
9
30
14
34
81
11
27
94
28
29
32
86
36
87
26
59
84
48
23
93
22
55
56
57
59
74
75
76
77
78
79
80
81
42
44
46
47
48
49
50
51
52
53
54
58
60
61
62
63
64
65
66
67
68
69
70
71
72
73
27
31
32
33
34
35
36
37
38
39
40
41
43
45
82
83
84
85
86
10
11
12
13
14
15
16
17
18
19
20
21
22
23
24
25
26
28
29
30
9
87
7
8
88
89
5
6
4
90
2
3
91
92
93
94
1
95
96
97
98
99
0
78
75
76
77
79
81
74
80
55
57
56
59
50
52
53
66
67
71
72
73
47
51
54
58
61
62
64
69
48
49
60
63
65
68
70
37
42
46
38
44
33
35
36
41
43
45
82
39
40
83
27
32
34
84
28
29
31
23
30
15
21
25
26
85
86
14
17
18
19
20
22
24
13
12
16
10
11
9
87
7
8
88
89
6
5
4
3
90
2
91
92
93
94
1
95
96
97
55
57
75
76
77
78
79
80
81
37
41
42
44
46
47
48
49
50
51
52
53
54
56
58
59
60
61
62
63
64
65
66
67
68
69
70
71
72
73
74
14
15
17
18
19
20
21
22
23
25
26
27
28
29
30
31
32
33
34
35
36
38
39
40
43
45
82
83
84
85
86
9
10
11
12
13
16
24
87
7
8
5
6
88
89
3
4
90
2
91
92
1
93
94
95
96
97
99
98
0
75
76
77
78
79
80
81
55
57
74
59
50
56
66
67
71
72
73
51
52
53
54
58
61
62
64
69
42
47
48
49
63
65
68
70
37
46
60
36
38
33
35
41
43
44
45
39
40
82
83
27
32
34
28
29
31
84
23
30
15
26
85
17
18
19
20
21
22
24
25
86
13
14
11
12
16
9
10
87
7
8
88
89
6
5
4
3
90
2
91
92
93
94
96
98
73
63
59
66
70
74
76
79
80
62
65
71
78
83
95
68
69
97
99
58
60
67
75
82
64
72
51
55
56
52
53
57
81
50
54
61
86
77
84
48
87
47
49
1
85
89
46
43
45
41
42
44
88
35
40
38
39
37
34
90
91
59
63
92
33
31
65
62
73
66
55
70
30
58
60
36
51
52
29
67
56
71
32
53
64
68
28
54
76
27
74
79
50
57
69
61
75
49
80
78
72
48
26
83
47
82
22
23
45
19
24
43
25
21
44
20
46
81
41
17
40
94
86
42
87
39
93
18
38
59
77
10
13
35
55
37
51
63
65
84
15
50
52
56
57
60
16
31
33
34
49
53
54
58
62
66
67
70
71
73
12
27
30
36
48
61
64
68
69
74
75
76
11
28
32
45
47
72
78
79
80
85
9
14
29
43
44
46
81
19
22
23
26
41
82
83
89
21
24
25
40
42
7
8
17
20
86
88
39
4
5
6
87
2
96
3
90
91
92
95
97
18
98
99
1
94
0
93
38
59
77
37
35
52
55
31
33
48
13
50
51
63
10
30
34
36
45
56
57
65
15
27
28
32
44
47
49
29
43
46
53
54
58
12
16
26
39
42
60
62
19
22
23
24
40
41
71
73
21
25
66
75
84
11
14
61
64
74
9
17
67
70
18
20
68
76
78
79
69
72
80
81
5
7
4
8
85
6
82
83
3
2
86
89
87
88
1
90
0
38
91
92
95
98
96
35
37
33
30
31
10
19
24
27
94
26
32
28
93
29
39
97
22
23
15
12
13
16
42
45
21
34
40
25
36
48
99
11
17
18
44
9
20
43
14
59
41
46
5
47
52
51
50
49
55
4
7
6
8
58
77
3
84
53
63
65
73
54
74
75
76
56
79
2
57
71
62
72
80
83
64
66
69
61
67
70
60
78
68
0
85
1
38
86
30
82
87
19
81
24
89
10
33
22
37
88
35
12
26
23
31
15
27
13
39
29
90
21
55
57
74
75
76
77
78
79
80
81
28
32
33
35
36
37
38
41
42
43
44
45
46
47
48
49
50
51
52
53
54
56
58
59
60
61
62
63
64
65
66
67
68
69
70
71
72
73
13
14
15
16
17
18
19
20
21
22
23
24
25
26
27
29
30
31
34
39
40
82
83
84
85
86
9
10
11
12
87
7
8
88
89
4
5
6
2
3
90
91
92
93
1
94
95
96
97
98
99
0
75
77
78
76
79
80
81
55
57
74
59
50
56
66
67
72
73
51
52
53
61
62
69
71
42
47
49
54
58
64
65
68
70
37
46
48
60
63
36
38
32
33
35
41
44
45
39
40
43
82
83
27
28
34
29
31
84
23
30
15
17
25
26
85
18
19
20
21
22
24
86
14
13
11
12
16
9
10
87
7
8
88
89
6
5
4
3
90
2
91
92
93
94
1
95
96
57
75
76
77
78
79
81
37
42
44
46
47
48
49
50
51
52
53
54
55
56
58
59
60
61
62
63
64
65
66
67
68
69
70
71
72
73
74
80
15
21
23
25
26
27
28
29
30
31
32
33
34
35
36
38
39
40
41
43
45
82
83
84
85
86
9
10
11
12
13
14
16
17
18
19
20
22
24
87
7
8
88
89
4
5
6
2
3
90
91
92
97
93
1
94
99
95
98
96
0
77
78
75
76
79
81
55
74
80
57
59
56
66
67
72
50
52
53
61
62
71
73
47
49
51
54
58
64
65
68
69
70
42
46
48
60
63
37
33
35
36
38
41
44
45
43
82
32
34
39
40
83
27
29
31
84
23
28
30
15
26
85
17
18
19
20
21
22
25
86
14
24
13
12
16
10
11
9
87
7
8
88
89
90
6
91
92
5
94
4
93
59
63
65
73
98
58
62
66
70
55
67
71
74
76
79
96
97
60
68
78
80
51
52
53
56
64
69
75
99
50
57
54
72
61
3
83
95
81
82
48
49
47
2
77
43
45
46
86
44
84
42
41
40
39
87
35
38
37
33
31
34
85
30
36
32
27
28
29
26
23
22
24
25
19
21
1
59
18
20
89
63
65
17
55
52
58
51
62
50
56
60
53
48
73
71
54
16
49
57
64
66
10
70
15
45
12
47
67
74
68
13
43
46
44
61
69
88
42
75
79
76
11
39
72
41
40
80
9
78
35
14
38
33
37
90
30
82
83
31
91
32
92
34
27
28
29
36
26
5
81
23
4
19
22
24
6
21
7
8
84
18
25
86
94
98
17
77
48
0
45
59
50
49
51
2
20
3
52
55
87
58
16
75
77
78
37
42
44
46
47
48
49
50
51
52
53
54
55
56
57
58
59
60
61
62
63
64
65
66
67
68
69
70
71
72
73
74
76
79
80
81
15
19
21
22
23
25
26
27
28
29
30
31
32
33
34
35
36
38
39
40
41
43
45
82
83
84
85
86
9
10
11
12
13
14
16
17
18
20
24
87
7
8
5
6
88
89
4
90
2
3
91
92
1
93
94
95
96
97
99
98
0
78
75
76
77
79
81
74
80
55
57
59
56
66
67
72
50
52
53
62
71
73
47
49
51
54
58
61
64
65
68
69
70
37
42
44
46
48
60
63
38
33
35
36
41
43
45
39
40
82
32
34
83
27
28
29
31
84
23
30
15
26
85
17
19
20
21
22
24
25
86
13
14
18
10
11
12
16
9
87
7
8
88
89
6
5
4
3
90
2
91
92
93
94
1
95
96
47
49
50
51
52
53
54
55
56
57
58
59
61
62
64
65
66
67
68
69
70
71
72
73
74
75
76
77
78
79
80
81
23
27
28
29
30
31
32
33
34
35
36
37
38
39
40
41
42
43
44
45
46
48
60
63
82
83
84
9
10
11
12
13
14
15
16
17
18
19
20
21
22
24
25
26
85
86
87
7
8
5
6
88
89
4
2
3
90
91
92
1
93
94
95
96
97
99
98
0
78
75
76
77
79
81
74
80
55
57
56
59
50
52
53
62
66
67
71
72
73
47
51
54
58
61
64
65
69
42
46
48
49
60
63
68
70
37
33
36
38
41
44
35
43
45
32
34
39
40
82
83
27
84
23
28
29
30
31
15
17
19
20
21
22
25
26
85
86
14
18
24
13
12
16
10
11
9
87
7
8
88
89
6
5
4
3
90
2
91
92
93
94
1
95
96
50
51
52
53
54
55
56
57
58
59
61
62
66
67
69
71
72
73
74
75
76
77
78
79
80
81
23
27
28
29
30
31
32
33
34
35
36
37
38
39
40
41
42
43
44
45
46
47
48
49
60
63
64
65
68
70
82
83
84
9
10
11
12
13
14
15
16
17
18
19
20
21
22
24
25
26
85
86
87
7
8
5
6
88
89
4
2
3
90
91
92
1
93
94
95
96
97
99
98
0
78
75
76
77
79
81
74
80
55
57
59
50
52
53
56
66
67
71
72
73
47
51
54
58
61
62
64
65
69
42
46
48
49
63
68
70
37
60
33
36
38
44
35
41
43
45
32
34
39
40
82
83
27
84
23
28
29
30
31
15
17
20
21
22
25
26
85
86
14
18
19
24
13
12
16
10
11
9
87
7
8
88
89
6
5
4
3
90
2
91
92
93
94
1
95
96
97
99
98
80
73
76
79
63
82
83
74
78
67
65
75
86
66
81
68
71
72
70
58
87
60
62
50
51
52
53
54
55
56
57
59
61
62
66
67
69
71
72
73
74
75
76
77
78
79
80
81
23
27
28
29
30
31
32
33
34
35
36
37
38
39
40
41
42
43
44
45
46
47
48
49
58
60
63
64
65
68
70
82
83
84
9
10
11
12
13
14
15
16
17
18
19
20
21
22
24
25
26
85
86
87
7
8
5
6
88
89
4
2
3
90
91
92
1
93
94
95
96
97
99
98
0
78
75
76
77
79
81
74
80
55
57
59
50
52
53
56
66
67
71
72
73
47
51
54
58
61
62
64
65
69
42
46
48
49
63
68
70
37
60
33
36
38
44
35
41
43
45
32
34
39
40
82
83
27
84
23
28
29
30
31
15
17
20
21
22
25
26
85
86
14
18
19
24
13
12
16
10
11
9
87
7
8
88
89
6
5
4
3
90
2
91
92
93
94
1
95
96
50
51
52
53
54
55
56
57
58
59
61
62
66
67
69
71
72
73
74
75
76
77
78
79
80
81
23
27
28
29
30
31
32
33
34
35
36
37
38
39
40
41
42
43
44
45
46
47
48
49
60
63
64
65
68
70
82
83
84
9
10
11
12
13
14
15
16
17
18
19
20
21
22
24
25
26
85
86
87
7
8
5
6
88
89
4
2
3
90
91
92
1
93
94
95
96
97
99
98
0
78
75
76
77
79
81
74
80
55
57
59
50
52
53
56
66
67
71
72
73
47
51
54
58
61
62
64
65
69
42
46
48
49
63
68
70
37
60
33
36
38
44
35
41
43
45
32
34
39
40
82
83
27
84
23
28
29
30
31
15
17
20
21
22
25
26
85
86
14
18
19
24
13
12
16
10
11
9
87
7
8
88
89
6
5
4
3
90
2
91
92
93
94
1
95
96
99
97
98
80
76
73
82
79
63
83
75
74
65
67
86
50
51
52
53
54
55
56
57
58
59
61
62
66
67
69
71
72
73
74
75
76
77
78
79
80
81
23
27
28
29
30
31
32
33
34
35
36
37
38
39
40
41
42
43
44
45
46
47
48
49
60
63
64
65
68
70
82
83
84
9
10
11
12
13
14
15
16
17
18
19
20
21
22
24
25
26
85
86
87
7
8
5
6
88
89
4
2
3
90
91
92
1
93
94
95
96
97
99
98
0
78
75
76
77
79
81
74
80
55
57
59
50
52
53
56
66
67
71
72
73
47
51
54
58
61
62
64
65
69
42
46
48
49
60
63
68
70
37
33
36
38
44
35
41
43
45
32
34
39
40
82
83
27
84
23
28
29
30
31
15
17
20
21
22
25
26
85
86
14
18
19
24
13
12
16
10
11
9
87
7
8
88
89
6
5
4
3
90
2
91
92
93
94
1
95
96
50
51
52
53
54
55
56
57
58
59
61
62
66
67
69
71
72
73
74
75
76
77
78
79
80
81
23
27
28
29
30
31
32
33
34
35
36
37
38
39
40
41
42
43
44
45
46
47
48
49
60
63
64
65
68
70
82
83
84
9
10
11
12
13
14
15
16
17
18
19
20
21
22
24
25
26
85
86
87
7
8
5
6
88
89
4
2
3
90
91
92
1
93
94
95
96
97
99
98
0
78
75
76
77
79
81
74
80
55
57
59
50
52
53
56
66
67
71
72
73
47
51
54
58
61
62
64
65
69
42
46
48
49
63
68
70
37
60
33
36
38
44
35
41
43
45
32
34
39
40
82
83
27
84
23
28
29
30
31
15
17
20
21
22
25
26
85
86
14
18
19
24
13
12
16
10
11
9
87
7
8
88
89
6
5
4
3
90
2
91
92
93
94
1
95
96
99
97
98
80
73
76
82
63
79
75
83
74
50
51
52
53
54
55
56
57
58
59
61
62
66
67
69
71
72
73
74
75
76
77
78
79
80
81
23
27
28
29
30
31
32
33
34
35
36
37
38
39
40
41
42
43
44
45
46
47
48
49
60
63
64
65
68
70
82
83
84
9
10
11
12
13
14
15
16
17
18
19
20
21
22
24
25
26
85
86
87
7
8
5
6
88
89
4
2
3
90
91
92
1
93
94
95
96
97
99
98
0
78
75
76
77
79
81
74
80
55
57
59
50
52
53
56
66
67
71
72
73
47
51
54
58
61
62
64
65
69
42
46
48
49
60
63
68
70
37
33
36
38
44
35
41
43
45
32
34
39
40
82
83
27
84
23
28
29
30
31
15
17
20
21
22
25
26
85
86
14
18
19
24
13
12
16
10
11
9
87
7
8
88
89
6
5
4
3
90
2
91
92
93
94
1
95
96
50
51
52
53
54
55
56
57
58
59
61
62
66
67
69
71
72
73
74
75
76
77
78
79
80
81
23
27
28
29
30
31
32
33
34
35
36
37
38
39
40
41
42
43
44
45
46
47
48
49
60
63
64
65
68
70
82
83
84
9
10
11
12
13
14
15
16
17
18
19
20
21
22
24
25
26
85
86
87
7
8
5
6
88
89
4
2
3
90
91
92
1
93
94
95
96
97
99
98
0
78
75
76
77
79
81
74
80
55
57
59
50
52
53
56
66
67
71
72
73
47
51
54
58
61
62
64
65
69
42
46
48
49
63
68
70
37
60
33
36
38
44
35
41
43
45
32
34
39
40
82
83
27
84
23
28
29
30
31
15
17
20
21
22
25
26
85
86
14
18
19
24
13
12
16
10
11
9
87
7
8
88
89
6
5
4
3
90
2
91
92
93
94
1
95
96
99
97
98
80
73
76
82
79
63
75
50
51
52
53
54
55
56
57
58
59
61
62
66
67
69
71
72
73
74
75
76
77
78
79
80
81
23
27
28
29
30
31
32
33
34
35
36
37
38
39
40
41
42
43
44
45
46
47
48
49
60
63
64
65
68
70
82
83
84
9
10
11
12
13
14
15
16
17
18
19
20
21
22
24
25
26
85
86
87
7
8
5
6
88
89
4
2
3
90
91
92
1
93
94
95
96
97
99
98
0
78
75
76
77
79
81
74
80
55
57
59
50
52
53
56
66
67
71
72
73
47
51
54
58
61
62
64
65
69
42
46
48
49
60
63
68
70
37
33
36
38
44
35
41
43
45
32
34
39
40
82
83
27
84
23
28
29
30
31
15
17
20
21
22
25
26
85
86
14
18
19
24
13
12
16
10
11
9
87
7
8
88
89
6
5
4
3
90
2
91
92
93
94
1
95
96
50
51
52
53
54
55
56
57
58
59
61
62
66
67
69
71
72
73
74
75
76
77
78
79
80
81
23
27
28
29
30
31
32
33
34
35
36
37
38
39
40
41
42
43
44
45
46
47
48
49
60
63
64
65
68
70
82
83
84
9
10
11
12
13
14
15
16
17
18
19
20
21
22
24
25
26
85
86
87
7
8
5
6
88
89
4
2
3
90
91
92
1
93
94
95
96
97
99
98
0
78
75
76
77
79
81
74
80
55
57
59
50
52
53
56
66
67
71
72
73
47
51
54
58
61
62
64
65
69
42
46
48
49
63
68
70
37
60
33
36
38
44
35
41
43
45
32
34
39
40
82
83
27
84
23
28
29
30
31
15
17
20
21
22
25
26
85
86
14
18
19
24
13
12
16
10
11
9
87
7
8
88
89
6
5
4
3
90
2
91
92
93
94
1
95
96
99
97
98
80
73
76
82
79
63
50
51
52
53
54
55
56
57
58
59
61
62
66
67
69
71
72
73
74
75
76
77
78
79
80
81
23
27
28
29
30
31
32
33
34
35
36
37
38
39
40
41
42
43
44
45
46
47
48
49
60
63
64
65
68
70
82
83
84
9
10
11
12
13
14
15
16
17
18
19
20
21
22
24
25
26
85
86
87
7
8
5
6
88
89
4
2
3
90
91
92
1
93
94
95
96
97
99
98
0
78
75
76
77
79
81
74
80
55
57
59
50
52
53
56
66
67
71
72
73
47
51
54
58
61
62
64
65
69
42
46
48
49
60
63
68
70
37
33
36
38
44
35
41
43
45
32
34
39
40
82
83
27
84
23
28
29
30
31
15
17
20
21
22
25
26
85
86
14
18
19
24
13
12
16
10
11
9
87
7
8
88
89
6
5
4
3
90
2
91
92
93
94
1
95
96
