310
343
362
363
364
372
376
456
180
224
243
261
267
272
275
284
286
289
290
296
303
306
307
308
309
311
312
314
316
317
318
321
323
324
325
327
328
331
332
333
334
336
337
339
340
341
342
344
345
347
349
351
352
353
354
355
356
359
360
361
365
366
367
368
369
371
377
378
379
381
384
385
386
387
388
390
391
392
393
395
396
397
400
401
402
403
404
405
406
409
410
411
412
413
414
415
416
417
418
419
420
421
422
423
424
425
426
427
428
429
431
432
435
437
439
440
442
443
445
446
449
451
452
453
454
463
464
465
467
470
477
479
480
481
485
489
493
494
500
503
507
508
511
524
529
530
536
538
557
582
598
669
721
760
770
778
803
804
813
832
841
848
80
83
85
87
98
99
103
104
105
109
110
111
113
114
115
116
117
119
120
123
124
125
126
128
130
131
132
133
134
135
136
137
138
139
142
144
145
146
147
151
152
155
156
157
158
159
162
163
164
165
166
167
168
169
170
172
173
175
176
177
183
185
186
187
189
192
194
195
196
198
200
201
203
204
205
206
208
210
211
212
213
214
215
216
218
220
221
222
225
230
231
232
233
234
236
237
238
239
240
242
245
246
247
249
251
252
253
257
258
259
262
263
264
265
268
269
270
271
273
274
276
277
278
279
280
281
282
283
285
287
288
291
292
293
294
295
297
298
299
300
301
302
304
305
313
315
319
320
322
326
329
330
335
338
346
348
350
357
358
370
373
374
375
380
382
383
389
394
398
399
407
408
430
433
434
436
438
441
444
447
450
455
457
458
459
460
461
462
466
468
469
471
472
474
475
476
478
482
483
484
486
487
488
490
491
492
495
496
497
498
499
501
502
504
505
506
509
510
512
513
514
515
516
519
520
521
522
525
526
527
528
531
534
537
540
541
542
543
544
545
547
548
549
551
552
553
554
555
558
559
560
563
564
565
566
567
570
571
572
574
575
576
577
578
580
581
583
585
586
587
588
589
590
591
593
595
596
597
599
602
603
608
609
610
611
612
613
615
616
617
619
620
621
624
625
626
627
628
630
631
633
634
635
638
639
641
643
645
646
647
648
650
652
653
654
657
658
660
662
663
664
665
666
667
671
672
673
674
676
677
681
683
684
685
689
690
691
695
696
697
699
701
702
704
705
707
710
713
715
719
722
723
724
728
729
730
733
735
738
742
743
745
749
750
751
753
754
755
757
759
761
763
764
767
768
771
774
775
777
779
780
781
782
783
786
788
790
791
792
794
797
799
800
805
806
808
809
810
811
814
816
817
818
820
821
822
824
826
828
829
833
834
835
836
839
840
843
844
845
847
849
851
852
856
857
858
859
862
864
866
868
870
872
874
875
878
879
881
884
887
894
898
73
75
76
78
82
84
88
90
93
95
96
97
100
101
102
106
107
108
112
121
122
127
129
140
141
143
148
149
150
153
154
160
161
171
174
178
179
181
182
184
188
190
191
193
197
199
202
207
209
217
219
223
226
227
228
229
235
241
244
248
254
255
256
260
266
448
473
517
518
523
532
533
535
539
546
550
556
561
562
568
569
573
579
584
592
594
600
601
604
605
606
607
614
618
622
623
629
632
636
637
640
644
649
651
655
656
659
661
668
670
675
678
679
680
682
686
687
688
692
693
694
698
700
703
706
708
709
712
714
716
717
718
720
725
726
727
731
732
734
736
737
739
740
741
744
746
747
748
752
756
758
762
765
766
769
772
773
776
784
785
787
789
793
795
796
798
801
802
807
812
815
819
823
825
827
830
831
837
838
842
846
850
853
854
855
860
861
865
867
869
871
873
876
877
880
882
883
885
886
888
889
890
891
893
895
897
899
900
901
902
903
904
905
906
907
908
909
911
915
918
919
920
923
924
57
59
60
62
63
64
65
67
68
69
70
71
72
74
77
79
81
86
89
91
92
94
118
250
642
711
863
892
896
910
912
913
916
917
921
922
925
929
931
932
933
935
936
937
950
43
47
51
52
54
55
58
61
66
914
926
927
928
930
934
938
939
940
941
942
945
946
947
948
952
955
33
36
44
46
48
49
53
56
943
944
949
951
953
956
957
958
960
964
25
28
34
35
37
38
40
41
42
45
50
954
959
961
963
968
24
27
29
30
32
39
962
965
966
970
971
974
975
977
978
21
22
26
31
967
972
979
981
13
14
16
19
20
23
973
976
980
984
985
7
12
15
17
969
982
983
986
987
989
991
992
4
8
9
18
2
6
11
988
990
993
994
996
0
1
3
10
995
5
997
998
999
372
310
343
376
456
284
289
290
309
312
314
325
332
362
363
364
366
384
401
180
224
243
267
286
308
317
318
324
327
328
337
341
351
354
355
359
360
368
369
378
385
390
393
395
397
400
403
405
411
416
417
422
424
425
429
432
446
454
479
480
481
507
582
117
144
152
156
169
170
211
225
231
232
253
261
264
269
272
275
278
281
283
285
292
296
301
303
305
306
307
311
316
321
331
333
334
336
344
347
352
356
361
365
367
371
379
381
386
387
391
396
402
404
406
409
412
414
415
419
421
426
431
437
449
452
453
463
465
477
494
500
508
511
524
529
530
536
538
553
557
578
596
598
608
609
617
634
646
669
677
699
705
721
724
760
770
778
804
813
814
832
128
135
146
164
167
177
185
186
192
195
196
198
200
201
205
208
214
220
230
236
240
245
246
249
251
252
263
268
274
276
280
282
287
288
294
300
302
313
319
322
323
330
339
340
342
345
349
353
357
370
373
377
382
388
392
410
420
423
428
434
439
440
442
443
445
451
461
462
464
467
470
475
478
485
489
493
503
506
526
531
537
540
541
543
549
554
558
559
565
566
572
576
581
587
588
590
597
599
602
603
610
612
613
615
619
620
624
628
630
633
639
641
647
653
658
662
663
673
684
690
695
697
702
719
723
733
750
753
764
779
780
783
803
805
822
826
841
848
98
99
104
109
113
114
115
120
123
125
129
132
133
134
137
142
145
147
155
157
158
162
166
168
173
176
183
187
189
194
199
204
206
210
212
215
216
218
221
222
233
234
237
238
239
247
258
259
262
265
270
271
273
277
279
291
293
295
297
298
304
315
320
326
329
335
338
346
348
358
375
380
383
389
394
398
399
407
413
418
427
430
435
436
438
441
455
459
460
466
468
472
474
482
484
491
492
495
505
510
512
513
514
519
520
522
525
527
534
542
545
555
560
564
567
568
570
571
575
577
583
585
589
595
611
616
621
625
626
631
635
638
648
650
654
657
660
664
665
667
671
672
676
683
685
687
704
707
710
722
728
729
731
735
749
751
754
755
757
759
763
767
768
774
775
777
781
782
791
792
794
800
806
809
816
818
829
839
843
845
847
866
83
85
103
105
110
111
116
119
124
126
131
136
138
139
143
148
149
150
151
153
159
163
165
172
174
175
179
181
188
190
191
193
197
202
203
213
217
223
227
229
235
241
242
244
248
254
257
260
266
299
350
408
433
447
450
457
469
471
486
487
488
490
496
497
498
499
502
504
509
516
521
528
539
544
547
548
551
552
561
563
569
574
580
584
586
591
593
600
605
606
614
622
623
627
629
632
636
640
643
645
649
652
655
656
666
668
670
674
675
680
681
688
689
691
692
693
696
698
701
713
715
716
730
742
745
761
771
784
786
788
790
799
810
811
820
821
828
833
834
849
858
859
864
868
881
884
898
78
80
87
93
106
108
112
121
122
127
130
140
154
160
161
171
178
182
184
207
209
219
226
228
255
256
444
458
476
483
501
515
518
523
535
546
556
573
579
592
594
604
618
651
661
679
682
694
700
708
709
717
718
725
727
737
738
740
741
743
747
748
752
756
758
766
776
787
789
793
795
797
802
808
812
817
819
824
836
838
840
844
851
852
856
857
860
870
872
875
878
82
84
90
95
96
101
102
107
141
374
473
517
532
562
601
607
637
644
659
678
686
703
712
714
720
732
734
736
744
765
769
772
773
785
798
801
807
825
830
831
835
837
842
846
861
862
869
873
874
879
883
885
886
887
894
899
900
908
75
76
88
92
97
118
250
448
533
550
642
706
726
739
746
762
796
815
823
827
850
853
854
855
865
867
871
880
882
888
897
901
903
907
919
920
81
86
91
94
100
711
863
876
877
889
890
891
892
893
895
902
904
905
906
909
911
918
924
60
62
70
71
73
74
77
79
89
910
913
915
923
67
69
896
912
916
921
925
59
63
64
65
68
72
917
922
927
932
933
936
66
914
928
929
931
937
940
54
57
58
61
926
930
935
950
52
934
938
945
946
947
948
47
49
51
55
56
939
941
942
952
955
43
46
53
949
951
964
48
943
944
953
956
36
44
957
958
960
33
35
40
41
42
45
50
954
963
37
38
959
961
968
28
30
34
39
965
25
29
32
962
970
27
31
971
975
977
24
966
978
22
967
974
19
21
26
969
972
15
16
17
23
973
976
979
980
981
14
985
7
20
982
18
984
986
9
12
13
983
987
989
4
8
990
6
988
992
994
11
993
2
5
991
995
996
1
3
10
997
998
0
310
343
372
332
362
364
284
318
366
378
384
390
422
289
290
324
328
369
393
397
409
411
446
456
479
481
507
999
292
311
316
325
354
359
368
391
396
402
405
412
414
415
432
452
453
463
494
598
180
224
275
281
287
305
314
323
336
341
345
361
376
385
386
392
400
403
420
423
425
426
437
439
440
443
449
454
464
480
485
489
503
530
557
576
578
590
634
753
169
211
253
267
269
274
296
306
309
312
313
319
321
322
331
334
339
344
347
363
382
387
395
401
416
419
424
429
445
455
467
468
478
493
529
537
543
554
587
588
602
609
612
633
669
673
677
695
719
721
724
760
205
232
249
251
264
283
288
297
298
301
304
307
317
329
330
337
348
351
353
355
356
357
358
360
370
371
373
379
406
417
418
441
451
465
466
472
492
511
512
516
536
538
555
559
582
599
615
619
626
635
641
647
654
663
667
723
779
804
813
144
170
177
186
194
230
236
240
243
245
272
278
280
282
286
293
295
302
320
327
349
365
380
383
388
399
407
408
410
431
435
462
496
498
513
525
540
549
558
561
566
567
568
575
577
583
586
589
597
610
611
617
628
630
646
658
697
701
705
710
733
755
805
832
117
133
135
146
152
155
162
173
187
195
208
215
222
225
229
231
252
259
260
261
271
276
279
291
299
333
338
346
377
381
389
413
433
442
447
459
461
470
477
488
491
495
500
508
519
524
528
531
539
542
553
560
571
572
596
603
627
631
655
660
666
668
690
702
713
728
729
731
763
775
777
780
814
128
142
145
157
158
164
175
192
200
213
217
218
233
237
239
246
257
258
266
268
277
285
294
300
303
308
335
342
375
398
404
427
428
457
460
475
482
486
497
506
509
515
518
520
534
535
541
544
547
551
581
591
593
594
605
606
608
613
614
621
625
639
640
643
649
657
672
676
688
692
693
699
722
745
757
761
767
782
784
790
794
800
809
816
848
191
193
228
235
238
247
254
256
315
340
367
421
430
434
469
484
487
501
502
545
546
556
565
585
595
607
618
622
637
644
645
650
652
656
662
664
665
671
674
679
681
682
685
696
698
708
715
717
738
742
751
766
781
783
789
792
810
818
843
109
119
123
134
136
137
139
147
154
165
167
168
172
185
201
203
204
206
210
223
234
263
265
270
326
352
394
436
450
471
474
510
514
526
527
552
563
564
579
584
624
648
651
659
670
675
687
689
691
700
704
709
732
740
750
768
771
773
793
795
808
817
828
839
849
99
115
127
131
138
148
149
151
161
171
174
176
179
183
184
188
189
190
196
197
198
209
212
214
216
221
244
255
350
458
499
505
522
562
569
623
632
636
653
661
680
694
706
716
725
730
736
752
756
758
770
776
778
785
786
791
797
824
833
841
857
858
104
105
111
113
116
122
129
130
156
159
178
220
241
242
248
438
473
476
523
533
548
574
592
638
703
714
718
720
735
737
739
741
764
772
774
787
799
803
806
812
820
821
829
834
859
870
884
85
93
98
110
112
114
141
143
273
374
444
448
483
517
600
604
616
620
678
683
684
711
726
727
748
749
759
762
796
798
811
825
837
845
847
861
864
898
108
120
132
140
160
163
166
181
202
219
226
262
504
521
570
580
707
747
765
802
807
819
822
826
827
831
835
838
844
873
878
881
886
84
95
96
101
102
107
153
199
207
490
532
573
629
686
734
744
754
788
815
823
830
840
842
851
854
855
866
875
879
883
87
103
125
150
601
743
746
769
852
867
871
887
897
900
908
76
78
82
90
97
124
126
182
227
250
801
836
853
874
899
94
100
106
550
712
860
862
868
872
877
880
895
903
919
80
92
118
121
850
856
865
885
894
911
75
91
846
869
902
904
918
920
924
81
889
891
906
913
79
83
86
642
888
890
69
77
863
896
905
921
67
88
876
893
901
916
925
70
74
89
882
892
909
917
923
71
73
912
62
66
68
922
932
64
65
72
907
914
936
60
910
928
930
915
929
933
59
927
61
63
52
54
926
931
940
948
56
58
937
939
950
47
57
945
952
46
49
935
938
955
941
944
946
934
949
951
957
964
53
942
956
51
947
958
953
33
42
43
48
55
963
45
943
35
37
41
44
961
38
40
962
28
34
39
959
965
32
30
960
31
50
968
954
27
971
978
36
977
29
343
970
975
310
332
969
318
362
372
366
369
384
974
284
364
378
411
422
24
409
479
481
21
25
289
290
324
390
393
446
507
598
15
287
292
316
414
753
979
19
275
311
354
359
391
396
397
402
412
432
440
452
576
590
966
224
253
281
305
323
328
345
415
420
456
494
554
578
609
612
633
634
695
719
976
980
981
169
180
313
322
329
405
423
437
443
453
463
464
485
489
530
557
588
677
973
16
296
325
368
392
426
455
503
537
587
602
619
626
635
641
673
724
205
249
269
274
297
298
319
361
382
439
468
472
478
516
543
555
599
654
663
667
669
710
721
723
760
14
211
232
264
293
304
306
330
331
336
339
386
493
586
615
647
779
972
229
240
321
341
348
357
358
370
400
466
512
529
561
568
577
658
666
668
701
763
813
7
215
230
251
288
295
334
347
373
380
403
418
441
445
467
480
492
528
575
583
611
630
655
713
755
986
22
194
236
271
314
408
449
513
539
558
559
582
597
628
731
733
766
805
173
186
252
260
282
283
301
320
344
385
387
407
419
425
498
525
589
594
607
614
627
649
688
697
702
777
804
832
982
20
23
26
144
155
208
217
222
267
279
280
309
353
371
376
429
435
454
496
538
556
566
567
610
643
644
660
692
708
729
775
983
133
142
162
170
177
239
245
256
266
291
312
346
433
488
535
536
571
593
605
606
617
631
640
646
672
682
693
705
717
728
732
745
761
780
985
9
146
187
233
338
349
379
383
389
401
416
424
447
451
519
542
546
637
659
679
738
757
789
790
816
17
157
213
257
259
278
299
302
317
395
399
459
462
495
509
511
515
540
549
591
767
773
782
800
809
848
145
154
175
218
235
307
356
365
518
544
547
551
572
603
618
625
645
674
676
690
698
736
742
784
810
818
135
158
191
193
225
228
277
335
406
413
497
531
581
596
652
656
681
696
700
715
722
758
794
967
18
117
128
152
192
195
200
223
237
254
261
276
375
417
465
553
560
622
657
665
714
739
740
751
781
817
119
164
243
272
337
355
363
388
410
460
470
491
534
650
706
792
808
814
828
136
139
172
258
286
377
398
457
482
487
579
584
621
639
661
664
685
699
709
711
725
776
793
795
843
990
8
184
209
231
294
315
351
360
431
501
502
541
648
662
670
771
796
849
123
127
210
246
268
461
486
508
520
613
651
671
675
680
689
694
730
772
783
785
797
839
857
984
165
171
179
204
238
247
300
303
327
506
552
562
595
687
691
752
756
812
837
870
987
5
137
151
161
197
203
221
234
255
265
270
326
333
442
469
484
500
569
585
632
704
716
720
762
824
858
884
109
147
148
188
212
428
458
475
477
524
533
563
564
565
678
703
859
131
138
141
149
185
206
340
381
545
636
653
726
786
833
834
994
11
105
111
122
130
167
168
178
190
342
430
450
741
825
134
174
201
285
499
592
623
718
768
807
861
992
4
13
93
99
176
214
263
350
427
608
737
787
798
829
886
898
115
143
216
404
434
471
473
517
604
624
750
811
819
821
827
883
12
85
183
189
308
510
526
765
820
879
116
159
198
241
244
248
436
448
474
514
523
791
799
815
831
835
855
864
873
996
110
112
129
196
522
638
748
802
806
844
854
887
988
989
107
113
140
242
394
527
574
683
830
838
871
993
96
101
102
219
367
374
476
616
686
727
823
841
845
875
878
881
897
95
104
108
160
220
421
505
601
735
747
851
867
84
114
548
764
774
842
853
900
995
3
202
226
573
908
98
483
580
600
620
684
770
847
866
895
76
97
100
120
352
532
734
769
1
132
163
181
273
749
778
90
94
156
874
877
899
997
998
153
207
438
521
707
743
744
746
826
840
852
103
166
803
6
82
754
759
822
880
919
199
250
444
570
629
862
903
911
2
10
712
788
918
118
504
894
913
78
91
850
904
87
92
125
262
490
836
902
920
124
906
924
860
885
182
801
865
891
81
86
106
150
550
889
896
991
126
227
872
75
79
77
69
642
856
868
921
67
121
869
916
917
80
846
925
863
923
890
905
922
888
901
892
893
909
914
932
66
70
936
71
912
68
88
928
930
62
882
89
876
999
72
73
74
64
83
65
929
948
926
910
0
56
939
54
907
931
933
52
915
61
927
59
945
58
60
63
940
952
950
46
955
937
951
47
957
49
938
956
57
944
946
964
935
941
343
949
958
934
332
310
965
598
953
942
963
943
318
590
362
578
576
602
42
345
695
962
284
287
724
366
384
961
281
422
446
753
224
588
292
609
290
369
633
641
719
211
215
402
364
229
663
667
53
409
537
583
947
440
516
169
298
577
626
39
634
528
555
561
615
619
723
55
329
599
658
289
612
311
710
554
959
155
390
405
713
37
43
275
316
393
529
253
415
507
673
296
423
557
274
324
378
251
677
194
322
452
479
630
702
721
485
668
305
468
666
48
313
607
614
813
960
41
264
647
481
489
503
543
357
701
240
439
512
558
587
731
760
33
51
180
186
494
414
611
372
397
496
591
271
455
492
766
205
232
269
628
655
293
472
717
319
568
586
745
177
323
463
530
575
669
38
304
391
396
411
420
649
777
162
328
347
361
331
412
464
682
45
249
358
433
493
531
692
478
559
297
354
618
236
280
306
432
456
688
732
133
170
443
733
208
437
498
35
154
513
556
693
142
336
34
386
643
705
359
540
146
539
635
755
40
144
380
536
597
654
763
546
780
157
453
589
640
32
222
295
809
128
325
392
187
729
832
660
971
382
627
800
158
582
646
805
291
714
525
197
283
408
117
260
230
551
594
736
173
233
348
466
690
794
44
606
617
538
179
193
400
135
407
605
761
779
245
266
341
426
256
344
228
301
542
782
789
239
288
445
535
659
454
700
804
977
447
674
217
416
467
171
191
279
339
425
622
740
403
708
818
346
495
334
353
603
715
28
272
321
418
419
213
218
312
637
435
596
644
175
320
808
330
373
775
172
223
370
441
571
767
816
368
954
309
385
519
828
338
127
139
771
136
267
50
387
547
299
449
706
145
470
738
451
508
261
567
164
192
501
664
488
511
857
200
515
843
335
480
31
165
388
122
593
203
549
709
195
282
413
751
796
742
758
377
518
728
898
176
752
123
482
544
739
613
817
147
389
584
650
848
225
579
119
431
442
259
410
497
562
679
257
672
246
459
625
703
645
401
184
109
252
314
429
566
462
484
697
978
665
790
792
534
975
333
371
621
757
652
698
722
399
793
553
502
237
725
773
30
137
375
685
681
514
221
457
461
509
524
968
243
356
776
711
974
254
406
795
383
315
812
302
465
552
231
689
491
379
520
810
506
235
572
631
376
424
970
670
825
671
487
326
661
138
278
152
355
541
303
610
680
209
657
469
694
190
837
565
784
395
477
460
585
636
756
317
360
277
696
849
29
159
365
450
870
486
475
148
560
206
499
651
716
151
337
608
286
797
687
258
604
517
653
691
210
474
783
581
143
786
310
343
362
363
364
372
376
456
180
224
243
261
267
272
275
284
286
289
290
296
303
306
307
308
309
311
312
313
314
316
317
318
321
323
324
325
327
328
331
332
333
334
336
337
339
340
341
342
344
345
347
349
351
352
353
354
355
356
359
360
361
365
366
367
368
369
371
377
378
379
381
384
385
386
387
388
390
391
392
393
395
396
397
400
401
402
403
404
405
406
409
410
411
412
413
414
415
416
417
418
419
420
421
422
423
424
425
426
427
428
429
431
432
435
437
439
440
442
443
445
446
449
451
452
453
454
463
464
465
467
470
477
479
480
481
485
489
493
494
500
503
507
508
511
524
529
530
536
538
557
582
598
669
721
760
770
778
803
804
813
832
841
848
80
83
85
87
98
99
103
104
105
109
110
111
113
114
115
116
117
119
120
123
124
125
126
128
130
131
132
133
134
135
136
137
138
139
142
144
145
146
147
151
152
155
156
157
158
159
162
163
164
165
166
167
168
169
170
172
173
175
176
177
183
185
186
187
189
192
194
195
196
198
200
201
202
203
204
205
206
208
210
211
212
213
214
215
216
218
220
221
222
225
230
231
232
233
234
236
237
238
239
240
242
245
246
247
249
251
252
253
257
258
259
262
263
264
265
268
269
270
271
273
274
276
277
278
279
280
281
282
283
285
287
288
291
292
293
294
295
297
298
299
300
301
302
304
305
315
319
320
322
326
329
330
335
338
346
348
350
357
358
370
373
374
375
380
382
383
389
394
398
399
407
408
430
433
434
436
438
441
444
447
450
455
457
458
459
460
461
462
466
468
469
471
472
474
475
476
478
482
483
484
486
487
488
490
491
492
495
496
497
498
499
501
502
504
505
506
509
510
512
513
514
515
516
519
520
521
522
525
526
527
528
531
534
537
540
541
542
543
544
545
547
548
549
551
552
553
554
555
558
559
560
563
564
565
566
567
570
571
572
574
575
576
577
578
580
581
583
585
586
587
588
589
590
591
593
595
596
597
599
602
603
608
609
610
611
612
613
615
616
617
619
620
621
624
625
626
627
628
630
631
633
634
635
638
639
641
643
645
646
647
648
650
652
653
654
657
658
660
662
663
664
665
666
667
671
672
673
674
676
677
681
683
684
685
689
690
691
695
696
697
699
701
702
704
705
707
710
713
715
719
722
723
724
728
729
730
733
735
738
742
743
745
749
750
751
753
754
755
757
759
761
763
764
767
768
771
774
775
777
779
780
781
782
783
786
788
790
791
792
794
797
799
800
805
806
808
809
810
811
814
816
817
818
820
821
822
824
826
828
829
833
834
835
836
839
840
843
844
845
847
849
851
852
856
857
858
859
862
864
866
868
870
872
874
875
878
879
881
884
887
894
898
73
75
76
78
82
84
88
90
93
95
96
97
100
101
102
106
107
108
112
121
122
127
129
140
141
143
148
149
150
153
154
160
161
171
174
178
179
181
182
184
188
190
191
193
197
199
207
209
217
219
223
226
227
228
229
235
241
244
248
254
255
256
260
266
448
473
517
518
523
532
533
535
539
546
550
556
561
562
568
569
573
579
584
592
594
600
601
604
605
606
607
614
618
622
623
629
632
636
637
640
644
649
651
655
656
659
661
668
670
675
678
679
680
682
686
687
688
692
693
694
698
700
703
706
708
709
712
714
716
717
718
720
725
726
727
731
732
734
736
737
739
740
741
744
746
747
748
752
756
758
762
765
766
769
772
773
776
784
785
787
789
793
795
796
798
801
802
807
812
815
819
823
825
827
830
831
837
838
842
846
850
853
854
855
860
861
865
867
869
871
873
876
877
880
882
883
885
886
888
889
890
891
893
895
897
899
900
901
902
903
904
905
906
907
908
909
911
915
918
919
920
923
924
57
59
60
62
63
64
65
67
68
69
70
71
72
74
77
79
81
86
89
91
92
94
118
250
642
711
863
892
896
910
912
913
916
917
921
922
925
929
931
932
933
935
936
937
950
43
47
51
52
54
55
58
61
66
914
926
927
928
930
934
938
939
940
941
942
945
946
947
948
952
955
33
36
44
46
48
49
53
56
943
944
949
951
953
956
957
958
960
964
25
28
34
35
37
38
40
41
42
45
50
954
959
961
963
968
24
27
29
30
32
39
962
965
966
970
971
974
975
977
978
21
22
26
31
967
972
979
981
13
14
16
19
20
23
973
976
980
984
985
7
12
15
17
969
982
983
986
987
989
991
992
4
8
9
18
2
6
11
988
990
993
994
996
0
1
3
10
995
5
997
998
999
372
310
343
362
376
456
284
289
290
309
312
314
324
325
328
332
360
363
364
366
378
384
401
180
224
243
267
275
286
308
317
318
327
337
341
351
354
355
359
368
369
385
390
393
395
397
400
403
405
411
416
417
422
424
425
429
432
446
452
453
454
465
479
480
481
507
524
530
582
598
608
634
669
770
117
144
152
156
169
170
205
211
225
231
232
253
261
264
268
269
272
274
276
278
281
283
285
287
292
296
301
303
305
306
307
311
316
321
331
333
334
336
342
344
345
347
352
356
361
365
367
371
377
379
381
386
387
391
396
402
404
406
409
412
414
415
419
421
423
426
428
431
437
439
449
463
477
494
500
508
511
529
536
537
538
549
553
557
572
576
578
587
588
590
596
602
603
609
610
613
615
617
624
646
673
677
697
699
705
719
721
724
750
760
778
803
804
813
814
832
848
128
133
134
135
146
162
164
167
177
185
186
187
192
194
195
196
198
200
201
208
214
220
222
230
236
238
240
245
246
249
251
252
258
263
280
282
288
291
294
297
298
300
302
313
319
320
322
323
330
339
340
349
353
357
370
373
382
388
392
410
418
420
427
434
440
442
443
445
451
455
461
462
464
467
468
470
475
478
485
489
491
492
493
503
505
506
526
531
540
541
543
554
555
558
559
560
565
566
567
571
575
581
585
595
597
599
611
612
619
620
621
626
628
630
631
633
635
638
639
641
647
653
654
657
658
662
663
664
667
671
676
684
685
690
695
702
707
723
733
753
755
759
764
779
780
783
792
805
822
826
841
98
99
104
109
113
114
115
116
119
120
123
125
129
132
137
142
145
147
151
155
157
158
165
166
168
173
175
176
183
189
199
203
204
206
210
212
213
215
216
218
221
233
234
237
239
241
242
247
259
260
262
265
270
271
273
277
279
293
295
299
304
315
326
329
335
338
346
348
358
375
380
383
389
394
398
399
407
413
430
433
435
436
438
441
459
460
466
472
474
482
484
495
496
498
502
510
512
513
514
516
519
520
522
525
527
528
534
542
545
547
551
564
568
570
577
580
583
584
586
589
591
593
600
605
616
622
623
625
627
629
632
640
643
645
648
649
650
652
655
656
660
665
666
670
672
674
675
680
681
683
687
689
691
692
693
696
698
701
704
710
713
716
722
728
729
730
731
735
745
749
751
754
757
761
763
767
768
774
775
777
781
782
786
791
794
800
806
809
816
818
821
828
829
839
843
845
847
849
866
83
85
87
103
105
110
111
124
126
130
131
136
138
139
143
148
149
150
153
159
163
172
174
179
181
188
190
191
193
197
202
207
209
217
223
227
228
229
235
244
248
254
255
256
257
266
350
408
444
447
450
457
469
471
476
486
487
488
490
497
499
501
504
509
521
539
544
548
552
561
563
569
574
579
592
594
604
606
614
636
651
661
668
679
682
688
694
700
708
709
715
717
727
737
738
741
742
743
771
784
787
788
790
797
799
808
810
811
817
820
824
833
834
840
857
858
859
864
868
881
884
898
78
80
84
93
101
106
108
112
121
122
127
140
154
160
161
171
178
182
184
219
226
374
458
483
515
518
523
535
546
556
562
573
601
607
618
637
644
659
686
703
712
718
720
725
740
744
747
748
752
756
758
765
766
776
785
789
793
795
798
802
812
819
835
836
838
844
846
851
852
856
860
861
870
872
874
875
878
894
82
90
95
96
102
107
141
448
473
517
532
533
550
642
678
706
714
726
732
734
736
746
769
772
773
796
801
807
815
823
825
827
830
831
837
842
854
862
869
873
879
883
885
886
887
888
897
899
900
903
908
75
76
81
88
92
97
100
118
250
711
739
762
850
853
855
865
867
871
880
882
889
901
902
904
906
907
911
918
919
920
924
86
89
91
94
863
876
877
890
891
892
893
895
905
909
60
62
67
69
70
71
73
74
77
79
910
913
915
921
923
59
63
72
896
912
916
917
925
932
933
64
65
68
922
927
931
936
937
940
54
57
58
61
66
914
926
928
929
930
950
935
947
948
47
51
52
56
934
938
939
941
945
946
952
49
55
942
955
43
46
53
944
949
951
953
964
36
48
943
956
957
958
44
954
960
33
35
41
42
45
50
963
38
40
959
961
968
28
37
39
962
30
32
34
965
25
29
970
971
975
24
27
966
977
978
31
974
22
967
26
969
972
19
21
979
980
17
23
973
981
15
16
976
985
20
14
982
984
986
7
12
18
989
9
13
983
987
4
8
988
990
992
6
991
994
11
2
993
996
10
995
1
3
5
0
343
997
310
332
362
364
366
372
384
284
318
324
369
378
390
393
397
409
411
414
422
432
446
479
481
998
287
289
290
292
305
311
316
325
328
345
354
359
361
368
391
392
396
402
405
412
415
420
423
426
437
439
440
443
452
453
456
463
464
489
494
507
224
253
275
281
296
297
304
306
313
314
319
321
322
323
329
330
331
336
339
341
348
370
373
376
382
385
386
400
401
403
416
418
419
424
425
429
441
445
449
454
455
466
467
468
472
478
485
493
503
516
530
537
557
578
598
999
169
180
205
211
232
249
264
267
269
274
283
288
293
295
298
301
309
312
317
320
334
344
347
349
353
356
357
358
363
365
371
379
380
383
387
395
406
407
408
417
433
435
451
459
480
492
496
512
513
529
539
543
554
555
576
587
588
590
599
602
609
612
619
633
634
753
215
222
229
230
236
240
251
260
271
278
279
280
282
286
291
299
302
307
335
337
338
346
351
355
360
375
377
388
389
398
399
410
413
447
461
462
465
470
488
491
495
498
509
511
515
518
519
525
528
535
536
538
558
559
561
566
567
568
575
577
582
583
586
589
597
611
615
626
628
630
635
641
647
654
663
667
669
673
677
695
719
721
723
724
760
144
170
173
177
186
194
195
208
217
231
233
239
243
245
252
256
257
258
259
261
266
272
276
277
294
300
327
333
381
427
428
431
442
457
460
469
475
477
482
486
487
497
500
501
502
506
508
531
534
540
541
542
544
546
547
549
551
553
556
560
571
572
591
593
594
603
605
607
610
614
617
627
631
637
646
649
655
658
660
666
668
697
701
705
710
713
733
755
779
133
135
142
146
152
155
157
162
164
175
187
192
193
200
213
218
225
228
235
237
246
247
254
268
285
303
308
315
326
340
342
367
404
421
430
434
436
450
458
471
484
520
524
545
579
581
584
595
596
606
613
618
625
640
643
644
645
652
656
659
672
674
676
679
682
688
690
692
693
698
699
702
708
728
729
731
745
761
763
775
777
780
804
805
813
117
145
154
158
185
191
204
209
210
223
234
238
263
265
270
350
352
394
448
473
474
499
510
514
526
533
552
562
563
564
565
569
585
608
621
622
639
650
651
657
661
662
664
665
671
675
681
685
691
696
700
706
709
715
717
722
732
738
742
751
757
766
767
782
784
790
814
832
119
123
128
136
139
147
148
161
165
167
168
171
172
174
176
179
184
188
190
197
198
201
203
206
212
214
216
221
244
255
374
438
444
476
483
505
517
522
523
527
592
623
624
632
636
648
653
670
680
687
689
704
711
714
725
736
739
740
758
768
773
781
783
789
792
794
800
809
810
816
818
848
109
127
131
134
137
138
149
151
178
183
189
196
220
241
242
248
273
521
532
548
574
604
616
638
678
694
703
716
718
720
726
730
741
750
752
756
771
772
776
778
785
786
793
795
796
797
808
817
828
843
93
99
104
105
111
113
115
116
122
129
130
141
143
156
159
202
219
226
504
573
580
600
620
683
684
727
735
737
762
764
770
787
791
799
812
820
824
833
839
849
857
858
85
98
112
114
140
160
163
166
181
199
207
262
490
570
601
629
686
747
748
749
765
774
798
802
803
806
807
811
821
829
834
837
841
859
870
95
96
101
102
107
108
110
120
132
153
250
550
707
734
744
746
754
759
815
819
825
826
827
831
845
861
884
898
84
125
150
182
743
769
788
822
823
830
835
838
844
847
851
854
855
864
873
878
879
886
76
82
87
90
97
100
103
124
227
712
840
842
866
867
871
875
881
883
887
900
78
92
94
106
118
126
801
836
852
853
874
877
897
899
908
91
121
642
850
860
862
865
872
880
895
75
80
81
856
868
869
885
902
903
911
919
79
86
846
891
894
904
913
918
920
924
69
77
889
890
906
67
83
863
888
896
905
70
74
88
89
916
917
921
925
64
66
68
71
73
876
882
892
893
901
909
923
62
65
72
912
922
914
930
932
60
928
936
61
907
910
929
52
54
59
63
927
933
56
58
915
926
931
940
948
47
939
46
937
945
950
57
952
49
53
935
938
941
944
946
955
942
949
957
964
934
951
956
51
43
45
958
33
42
48
55
947
35
953
963
37
41
38
44
943
39
962
34
40
961
28
30
959
965
32
50
968
31
960
971
27
29
954
977
978
36
970
975
974
24
25
969
21
343
15
19
332
966
310
318
362
411
979
366
369
384
409
422
364
372
378
414
479
481
976
980
16
287
292
316
390
391
396
402
432
440
507
981
311
323
324
393
412
420
423
443
446
452
464
494
503
516
578
598
14
281
284
289
290
305
313
322
329
359
392
397
415
463
472
478
485
489
554
576
590
612
253
304
319
328
345
354
405
408
426
437
439
453
455
466
468
493
530
587
588
633
695
753
972
973
275
297
306
348
358
361
441
512
537
539
543
555
557
561
609
634
654
719
7
22
169
205
224
274
293
296
298
336
339
368
380
382
418
456
467
492
568
586
619
626
635
641
668
723
180
211
229
249
269
295
331
370
373
386
445
496
513
535
575
594
599
602
666
667
673
677
701
710
23
26
264
288
325
330
341
357
400
407
435
447
449
498
515
518
525
528
529
577
583
607
611
647
663
713
721
724
215
230
232
240
251
260
271
320
321
334
387
403
419
433
488
556
558
614
637
644
655
669
760
982
20
194
236
266
346
383
480
509
546
559
589
597
615
627
628
630
658
659
688
708
731
732
755
763
986
217
239
245
256
280
282
283
344
353
385
389
429
451
459
495
497
519
566
567
606
618
649
766
779
985
173
186
222
233
252
279
299
314
338
347
371
399
425
542
544
571
593
605
640
660
679
682
692
693
717
17
155
177
208
213
301
349
454
538
547
551
591
631
643
672
697
728
729
738
739
745
761
777
9
142
144
162
187
228
235
257
267
291
335
375
379
413
416
457
462
487
511
536
610
625
674
700
702
706
711
733
736
773
775
780
790
967
146
154
170
175
191
193
218
237
254
259
309
376
395
424
482
491
533
540
549
579
656
690
705
740
757
784
789
983
18
133
157
277
278
302
312
365
398
401
410
460
469
470
486
501
534
560
582
617
646
652
681
696
698
714
725
758
804
805
813
158
223
317
356
388
406
461
531
562
572
603
645
676
709
715
767
782
8
135
145
184
195
225
258
276
307
417
458
502
541
581
584
622
650
651
657
661
722
742
810
832
164
200
209
243
261
450
465
552
553
596
665
726
751
776
794
809
171
192
231
294
315
377
448
473
508
520
563
595
670
675
691
762
772
800
816
818
117
119
128
136
172
197
246
255
272
286
300
337
431
442
484
500
506
569
585
621
664
678
680
685
694
756
781
785
793
795
796
139
161
247
326
351
355
363
475
477
517
564
689
699
703
720
771
808
817
984
152
165
179
188
203
210
238
265
268
270
360
428
430
471
545
613
632
639
662
704
752
792
797
123
127
137
141
148
204
234
427
592
636
648
671
687
730
741
814
848
131
149
174
178
190
212
221
327
333
499
510
523
565
604
716
718
828
987
990
147
303
436
474
783
812
824
837
843
857
151
167
168
206
216
342
374
381
434
514
524
623
737
839
849
109
138
185
189
248
285
653
786
12
13
93
105
122
130
244
263
340
350
404
476
768
787
798
825
870
111
134
176
201
394
522
527
532
574
601
750
807
858
4
5
11
143
241
483
505
526
608
815
827
833
834
989
99
115
214
219
226
242
548
765
859
159
160
183
198
624
638
735
748
791
819
820
861
884
992
994
102
107
112
116
367
421
444
573
686
727
799
811
854
85
308
683
747
802
829
831
855
113
129
140
196
202
273
769
806
821
830
873
883
886
988
207
250
521
580
600
616
734
746
823
835
871
879
898
95
96
101
108
438
774
838
844
993
110
744
84
220
352
749
867
76
181
620
764
875
887
94
97
100
104
504
684
707
842
851
864
878
897
996
6
120
163
570
743
845
114
629
770
853
881
895
1
2
3
90
166
199
550
778
841
877
995
98
153
712
900
908
82
847
490
262
754
156
840
852
874
91
118
132
788
92
103
182
759
801
826
899
919
862
880
87
866
902
918
10
803
836
850
903
911
913
150
227
822
865
904
920
77
78
79
896
69
997
642
998
75
81
86
124
125
106
894
924
891
67
126
860
872
885
889
906
991
916
917
921
856
66
869
925
80
890
922
68
121
863
846
905
932
923
868
888
914
64
70
89
901
71
893
65
74
892
936
73
912
930
909
928
72
88
62
929
56
876
52
882
948
61
939
0
933
83
926
927
54
58
999
46
910
63
945
59
60
952
950
931
940
957
907
47
915
49
951
944
955
956
964
938
941
937
949
57
946
958
963
935
343
53
42
33
310
934
962
598
590
602
318
332
576
953
298
961
588
965
37
516
284
942
229
663
169
578
287
369
612
292
633
322
586
619
641
607
609
626
253
281
290
293
297
323
329
577
568
943
35
554
561
555
215
275
274
345
666
695
719
316
611
649
667
959
211
271
583
753
366
409
528
537
655
240
289
311
614
635
304
668
39
41
230
673
55
634
45
224
615
543
305
503
557
669
205
313
362
546
594
710
269
296
485
644
724
260
468
658
264
446
575
440
494
587
464
539
630
688
713
732
280
384
647
257
493
606
618
682
971
217
599
723
40
43
558
677
411
507
513
32
38
556
402
478
324
496
525
591
605
763
48
295
393
535
589
51
249
364
571
640
659
978
34
378
529
766
180
232
251
422
481
717
155
479
512
643
453
567
660
236
339
455
489
186
628
654
319
414
530
701
223
288
627
331
582
721
729
222
306
412
637
692
245
291
301
415
423
947
173
396
622
755
187
466
472
498
515
559
154
208
213
551
593
597
736
142
700
708
625
733
31
133
228
492
488
693
977
44
603
702
347
391
354
452
954
239
443
171
584
745
175
960
28
302
463
739
328
711
162
194
195
761
420
432
731
235
283
373
549
562
674
760
358
334
336
531
30
146
266
357
540
679
705
158
372
542
968
256
519
538
645
547
646
832
397
681
179
282
437
631
330
380
661
837
170
390
433
773
813
177
191
370
439
445
518
579
738
127
136
279
456
50
128
209
382
405
566
805
969
536
690
714
975
144
321
715
252
361
441
541
197
509
696
706
193
816
348
495
800
218
259
569
974
320
312
777
184
572
617
621
648
426
780
157
254
338
119
299
418
533
672
261
563
775
970
979
233
277
419
789
828
359
793
408
145
407
544
709
779
165
790
857
192
552
758
467
480
610
742
122
203
309
870
325
656
697
725
809
276
335
386
757
818
848
664
980
172
703
812
27
553
843
694
139
237
534
596
680
776
135
796
447
685
808
344
400
246
613
652
651
138
392
716
117
728
487
670
740
794
141
817
29
225
368
501
632
771
491
898
604
678
346
687
258
726
858
722
267
353
976
601
272
278
689
341
810
123
517
636
206
459
624
470
650
827
168
425
511
268
497
807
873
751
462
782
595
178
825
151
762
767
109
221
265
137
247
581
210
752
435
795
303
792
375
691
861
772
784
231
585
451
457
161
824
966
148
665
159
234
592
238
484
981
111
502
188
523
639
200
871
804
720
676
147
185
399
730
508
564
403
326
765
781
176
244
698
662
718
839
560
130
657
835
786
834
164
514
524
506
107
377
314
797
849
864
454
190
886
102
829
623
140
469
387
482
270
565
831
671
986
349
216
574
198
785
520
815
371
830
116
286
887
783
973
859
152
416
398
101
204
385
310
343
362
363
364
372
376
456
152
180
224
243
261
267
272
275
284
286
289
290
296
303
306
307
308
309
311
312
313
314
316
317
318
321
323
324
325
327
328
331
332
333
334
336
337
339
340
341
342
344
345
347
349
351
352
353
354
355
356
359
360
361
365
366
367
368
369
371
377
378
379
381
384
385
386
387
388
390
391
392
393
395
396
397
400
401
402
403
404
405
406
409
410
411
412
413
414
415
416
417
418
419
420
421
422
423
424
425
426
427
428
429
431
432
435
437
439
440
442
443
445
446
449
451
452
453
454
463
464
465
467
470
477
479
480
481
485
489
493
494
500
503
507
508
511
524
529
530
536
538
557
582
598
669
721
760
770
778
803
804
813
832
841
848
80
83
85
87
98
99
103
104
105
109
110
111
113
114
115
116
117
119
120
123
124
125
126
128
130
131
132
133
134
135
136
137
138
139
142
144
145
146
147
151
155
156
157
158
159
162
163
164
165
166
167
168
169
170
172
173
175
176
177
183
185
186
187
189
192
194
195
196
198
200
201
202
203
204
205
206
208
210
211
212
213
214
215
216
218
220
221
222
225
230
231
232
233
234
236
237
238
239
240
242
245
246
247
249
251
252
253
255
257
258
259
262
263
264
265
268
269
270
271
273
274
276
277
278
279
280
281
282
283
285
287
288
291
292
293
294
295
297
298
299
300
301
302
304
305
315
319
320
322
326
329
330
335
338
346
348
350
357
358
370
373
374
375
380
382
383
389
394
398
399
407
408
430
433
434
436
438
441
444
447
450
455
457
458
459
460
461
462
466
468
469
471
472
474
475
476
478
482
483
484
486
487
488
490
491
492
495
496
497
498
499
501
502
504
505
506
509
510
512
513
514
515
516
519
520
521
522
525
526
527
528
531
534
537
540
541
542
543
544
545
547
548
549
551
552
553
554
555
558
559
560
563
564
565
566
567
570
571
572
574
575
576
577
578
580
581
583
585
586
587
588
589
590
591
593
595
596
597
599
602
603
608
609
610
611
612
613
615
616
617
619
620
621
624
625
626
627
628
630
631
633
634
635
638
639
641
643
645
646
647
648
650
652
653
654
657
658
660
662
663
664
665
666
667
671
672
673
674
676
677
681
683
684
685
689
690
691
695
696
697
699
701
702
704
705
707
710
713
715
719
722
723
724
728
729
730
733
735
738
742
743
745
749
750
751
753
754
755
757
759
761
763
764
767
768
771
774
775
777
779
780
781
782
783
786
788
790
791
792
794
797
799
800
805
806
808
809
810
811
814
816
817
818
820
821
822
824
826
828
829
833
834
835
836
839
840
843
844
845
847
849
851
852
856
857
858
859
862
864
866
868
870
872
874
875
878
879
881
884
887
894
898
73
75
76
78
82
84
88
90
93
95
96
97
100
101
102
106
107
108
112
121
122
127
129
140
141
143
148
149
150
153
154
160
161
171
174
178
179
181
182
184
188
190
191
193
197
199
207
209
217
219
223
226
227
228
229
235
241
244
248
254
256
260
266
448
473
517
518
523
532
533
535
539
546
550
556
561
562
568
569
573
579
584
592
594
600
601
604
605
606
607
614
618
622
623
629
632
636
637
640
644
649
651
655
656
659
661
668
670
675
678
679
680
682
686
687
688
692
693
694
698
700
703
706
708
709
712
714
716
717
718
720
725
726
727
731
732
734
736
737
739
740
741
744
746
747
748
752
756
758
762
765
766
769
772
773
776
784
785
787
789
793
795
796
798
801
802
807
812
815
819
823
825
827
830
831
837
838
842
846
850
853
854
855
860
861
865
867
869
871
873
876
877
880
882
883
885
886
888
889
890
891
893
895
897
899
900
901
902
903
904
905
906
907
908
909
911
915
918
919
920
923
924
57
59
60
62
63
64
65
67
68
69
70
71
72
74
77
79
81
86
89
91
92
94
118
250
642
711
863
892
896
910
912
913
916
917
921
922
925
929
931
932
933
935
936
937
950
43
47
51
52
54
55
58
61
66
914
926
927
928
930
934
938
939
940
941
942
945
946
947
948
952
955
33
36
44
46
48
49
53
56
943
944
949
951
953
956
957
958
960
964
25
28
34
35
37
38
40
41
42
45
50
954
959
961
963
968
24
27
29
30
32
39
962
965
966
970
971
974
975
977
978
21
22
26
31
967
972
979
981
13
14
16
19
20
23
973
976
980
984
985
7
12
15
17
969
982
983
986
987
989
991
992
4
8
9
18
2
6
11
988
990
993
994
996
0
1
3
10
995
5
997
998
999
372
310
343
456
284
332
362
363
364
376
384
286
289
290
308
309
312
314
318
324
325
328
351
355
360
366
368
369
378
385
390
393
395
397
400
401
403
405
416
417
422
424
425
429
446
454
479
481
582
180
224
243
267
272
275
303
307
317
327
333
337
341
354
356
359
379
386
391
406
409
411
421
426
432
437
449
452
453
463
465
480
494
507
524
530
538
598
608
617
634
646
669
677
697
699
721
724
760
770
778
804
813
117
144
152
156
169
170
211
225
231
232
253
261
263
264
268
269
276
278
281
282
283
285
287
292
296
301
305
306
311
313
316
321
323
331
334
336
342
344
345
347
352
353
361
365
367
371
377
381
382
387
388
392
396
402
404
410
412
414
415
419
420
423
428
431
439
440
442
443
445
451
464
467
470
477
489
500
503
508
511
529
536
537
549
553
557
559
566
572
576
578
587
588
590
596
597
599
602
603
609
610
612
613
615
619
620
624
628
630
639
641
647
653
658
662
663
664
673
684
690
702
705
707
719
723
733
750
753
764
779
780
783
803
805
814
832
841
848
128
133
134
135
146
164
167
177
185
186
187
192
195
196
198
200
201
205
208
214
220
230
236
238
240
245
246
249
251
252
274
280
288
294
298
300
302
319
320
322
330
339
340
349
357
370
373
383
394
413
418
427
434
435
441
455
461
462
468
474
475
478
485
491
492
493
505
506
514
526
527
531
534
540
541
543
545
554
555
558
560
565
567
571
575
581
585
589
595
611
621
625
626
631
633
635
638
648
650
654
657
660
665
667
671
672
676
685
687
689
695
704
710
722
729
735
749
751
755
759
767
768
781
792
800
809
816
822
826
839
843
98
99
104
109
110
113
114
115
116
120
123
125
129
132
137
142
145
147
155
157
158
162
166
168
173
175
176
183
189
194
203
204
206
210
212
215
216
218
221
222
233
234
237
242
247
258
259
262
265
270
271
273
277
279
291
293
295
297
304
315
326
329
335
338
346
348
358
375
380
389
398
399
407
430
433
436
438
457
459
460
466
469
471
472
482
484
486
495
496
497
498
502
504
510
512
513
516
519
520
522
525
542
547
548
551
564
568
570
577
580
583
584
586
591
593
600
605
616
622
623
627
629
632
640
643
645
649
652
655
656
666
670
674
675
680
681
683
688
691
692
693
696
698
701
713
715
716
728
730
731
745
754
757
761
763
774
775
777
782
784
786
788
790
791
794
806
818
820
821
828
829
833
845
847
849
858
859
864
866
83
85
87
103
105
111
119
124
126
131
136
138
139
143
148
149
150
151
153
159
163
165
172
174
181
188
190
191
193
199
202
213
217
223
227
229
235
239
241
244
248
254
257
260
266
299
350
408
444
447
450
476
487
488
490
499
501
509
521
528
539
544
552
561
563
569
574
592
594
606
614
618
636
651
661
668
679
682
694
700
708
709
717
725
727
737
738
740
741
742
743
747
771
787
793
797
799
808
810
811
817
824
834
840
851
857
868
878
881
884
898
78
80
84
101
106
108
112
121
122
127
130
140
161
171
178
179
182
184
197
207
209
219
226
228
255
256
374
458
483
515
518
523
535
546
556
562
573
579
601
604
607
637
644
659
678
686
703
712
718
720
732
734
744
748
752
756
758
765
766
772
776
785
789
795
798
801
802
812
819
835
836
838
842
844
846
852
856
860
861
870
872
874
875
886
894
82
90
93
95
96
102
107
141
154
160
448
473
517
532
642
706
714
726
736
739
746
769
773
796
807
823
825
827
830
831
837
862
869
873
879
883
885
887
897
899
900
903
75
88
250
533
550
711
762
815
850
853
854
855
865
867
871
880
882
888
889
901
902
904
907
908
911
919
920
924
76
81
91
92
97
100
118
863
876
877
890
891
893
895
905
906
909
918
60
62
70
73
74
79
86
89
94
892
910
913
915
923
67
69
71
77
896
912
916
921
925
59
63
65
72
917
922
932
933
64
68
914
927
929
931
936
937
940
54
57
58
61
66
926
928
930
935
950
947
948
47
51
52
56
934
938
939
941
942
945
946
952
49
55
955
43
46
53
944
949
951
953
964
36
48
943
956
957
44
958
960
33
41
42
50
954
963
35
38
40
45
959
961
28
37
968
34
39
962
965
25
30
32
970
971
29
966
975
977
978
24
27
31
967
974
22
972
26
969
19
21
979
980
981
17
23
973
976
15
16
985
982
14
20
984
986
7
12
18
987
989
13
983
9
4
8
988
990
992
6
991
994
2
11
993
995
996
10
1
3
5
372
0
310
332
343
362
364
366
378
384
318
324
359
369
390
393
397
409
411
414
422
446
479
481
997
284
289
290
292
311
316
325
328
345
354
361
368
376
385
386
391
392
396
400
402
405
412
415
420
423
426
432
437
439
440
443
452
453
456
463
464
489
494
507
998
275
281
287
296
305
306
309
312
313
314
319
321
322
323
329
331
336
339
341
344
348
357
370
379
382
387
401
403
416
418
419
424
425
429
441
449
454
455
466
467
468
472
478
480
485
493
503
529
530
537
578
590
598
224
249
253
267
269
274
288
293
295
297
298
304
307
317
320
330
334
337
347
349
351
353
356
358
360
363
365
371
373
380
383
388
389
395
399
406
407
408
410
413
417
433
435
445
451
462
465
492
511
512
516
539
543
554
555
557
576
587
588
602
609
612
619
633
634
999
169
180
205
211
232
240
251
264
271
272
278
279
280
282
283
286
291
299
301
302
327
333
335
338
346
355
375
377
381
398
431
442
447
459
460
461
470
477
488
491
495
496
497
498
500
508
509
513
519
525
528
536
538
540
558
559
561
566
568
575
577
582
583
586
589
599
615
626
635
641
654
663
667
669
673
677
695
719
724
753
170
177
186
194
208
215
222
229
230
236
239
243
245
252
259
260
261
266
276
277
294
300
303
308
315
342
367
404
421
427
428
430
434
450
457
469
475
482
484
486
487
501
502
506
515
518
520
524
531
534
535
541
542
544
547
549
551
553
556
567
571
572
591
594
596
597
603
610
611
614
617
627
628
630
631
646
647
658
666
668
697
701
710
721
723
760
144
146
155
173
187
195
200
213
217
218
225
231
233
237
246
254
256
257
258
268
285
326
340
394
436
458
471
474
499
514
545
546
552
560
579
581
593
605
606
607
608
613
618
625
637
640
643
644
649
655
660
672
674
682
688
690
692
693
699
702
705
713
729
731
733
755
763
779
804
813
117
133
135
142
145
152
157
158
162
164
175
192
193
223
228
234
235
238
247
263
265
270
350
352
438
444
448
473
505
510
522
526
527
533
562
563
564
565
569
584
585
595
621
622
624
639
645
648
650
651
652
656
657
659
662
664
665
671
675
676
679
681
685
696
698
700
706
708
709
717
722
728
732
738
745
757
761
766
767
775
777
780
805
832
128
147
154
172
184
185
191
197
201
203
204
206
209
210
212
214
216
221
241
244
255
374
476
483
517
523
548
592
623
632
636
653
661
670
680
687
689
691
704
714
715
725
736
739
740
742
751
781
782
784
789
790
792
794
800
809
814
816
848
119
123
131
134
136
137
139
148
149
151
161
165
167
168
171
174
176
179
183
188
189
190
196
198
220
242
248
273
504
521
532
574
600
604
616
638
678
694
703
711
716
720
726
730
750
752
756
758
768
771
773
776
778
783
785
786
793
795
810
817
818
828
99
104
109
113
115
127
130
138
156
159
178
219
490
570
573
580
601
620
683
684
718
735
737
741
748
764
770
772
787
791
796
797
808
839
841
843
849
858
93
105
111
116
122
129
141
143
163
199
202
207
226
262
629
686
727
747
749
759
762
765
774
798
799
803
806
811
812
820
821
824
829
833
834
857
859
870
85
98
107
108
110
112
114
120
140
160
166
181
250
550
707
734
744
754
802
807
819
825
826
837
845
861
884
84
95
96
101
102
125
132
153
227
743
746
769
788
815
822
823
827
830
831
835
838
844
847
864
866
873
878
886
898
82
103
124
150
182
712
840
842
851
854
855
875
879
881
883
887
76
78
87
90
94
97
100
106
126
801
836
852
853
867
871
874
897
900
92
118
121
642
860
862
872
877
895
899
908
75
80
91
850
856
865
868
880
885
903
911
919
79
81
846
869
891
894
902
918
920
69
86
888
889
890
904
906
913
924
67
77
83
896
88
89
863
905
921
925
68
70
71
73
74
876
882
892
893
901
916
917
64
66
909
922
923
62
65
72
912
60
914
930
932
936
907
910
928
929
59
61
63
915
933
52
54
56
58
926
927
931
948
940
47
937
939
945
950
46
57
952
49
935
955
53
938
941
944
946
934
942
949
964
51
951
956
957
55
42
43
947
958
33
45
48
963
35
953
37
38
41
943
44
39
40
962
28
34
959
30
961
965
32
50
960
968
31
27
954
971
29
36
977
978
970
975
25
310
343
974
318
332
362
366
369
372
378
384
409
411
422
21
24
364
414
440
479
969
390
391
393
396
402
446
481
15
19
287
316
324
345
359
392
397
412
423
432
443
452
464
966
292
311
405
415
420
437
439
472
494
507
516
979
281
284
290
305
322
323
348
354
358
361
426
453
455
463
466
478
485
489
289
304
313
319
328
329
408
441
468
493
503
512
554
590
598
976
980
16
275
297
306
325
357
368
380
382
386
400
418
467
530
537
539
557
576
578
612
981
224
296
298
331
336
339
373
407
435
447
449
456
492
543
555
561
587
588
609
619
633
634
695
753
249
253
274
293
295
330
341
370
385
387
403
433
445
496
498
528
529
586
635
641
654
14
169
211
320
321
334
344
346
383
389
399
419
429
513
556
568
575
599
602
626
667
668
673
719
972
180
205
229
240
269
288
314
353
371
425
488
509
515
525
535
577
583
677
701
710
723
724
973
7
22
194
251
264
271
338
347
416
451
454
459
480
495
497
518
559
589
594
607
614
615
627
663
760
230
232
236
260
299
356
379
410
413
424
462
519
546
558
611
628
658
666
669
713
721
763
26
215
222
256
266
279
280
283
335
349
365
401
457
501
542
544
637
647
649
655
731
755
779
23
208
217
233
239
245
267
282
291
309
312
375
376
388
395
406
460
470
486
491
511
536
538
547
551
566
597
606
618
630
640
644
659
682
688
692
708
732
766
982
155
173
177
186
252
301
461
482
487
540
567
591
593
660
693
777
985
986
20
144
162
170
257
259
302
307
317
377
398
417
450
465
469
534
549
571
579
605
631
643
646
674
679
702
706
728
733
761
142
146
187
193
213
228
235
237
254
278
337
431
442
502
531
533
560
582
610
672
697
700
711
717
729
736
740
745
775
17
133
154
175
218
277
315
430
458
520
562
617
625
690
698
705
714
738
739
773
780
784
789
790
804
805
813
135
157
158
191
360
448
477
484
508
541
572
603
650
656
696
709
967
145
200
243
258
261
272
276
351
355
363
475
506
552
553
581
596
645
651
652
676
681
715
757
758
767
782
832
983
9
184
195
197
209
223
225
286
294
326
333
381
471
473
499
500
584
622
657
661
665
722
725
742
794
18
117
128
164
172
192
231
300
427
428
434
517
621
776
810
119
152
179
203
246
268
327
563
664
675
726
751
795
800
809
816
818
136
139
161
171
342
374
474
510
524
564
569
585
595
613
670
685
694
703
752
756
772
781
785
793
817
123
165
234
238
247
255
265
270
303
394
404
436
514
545
565
592
639
671
680
691
699
704
720
762
771
792
796
808
8
147
148
210
523
632
648
678
687
689
848
984
127
131
137
141
190
204
221
350
604
662
716
797
814
149
168
174
178
188
212
216
285
340
421
444
483
522
608
636
718
730
828
843
109
130
138
151
167
206
476
527
623
783
812
849
857
189
244
263
526
532
737
741
824
987
122
134
185
201
248
367
653
786
798
837
839
990
93
143
176
241
505
548
768
787
825
833
858
870
105
111
159
183
242
308
574
807
834
859
13
115
226
438
750
819
827
12
99
112
116
160
214
352
573
624
747
765
791
815
861
219
600
601
638
686
748
820
821
830
102
107
140
196
198
250
504
521
727
799
823
829
831
854
855
873
884
886
989
4
11
85
96
113
129
273
616
734
735
811
835
898
992
5
84
95
108
202
207
802
806
994
101
110
220
683
744
746
774
838
867
879
883
104
844
163
580
764
871
76
94
100
120
490
684
841
842
845
851
887
988
993
769
864
875
90
97
98
114
166
181
570
878
897
629
707
749
778
550
743
881
895
900
6
853
908
996
82
199
262
620
877
995
153
759
847
3
770
840
852
899
1
91
118
132
156
182
712
826
874
92
103
788
801
803
919
2
87
754
866
850
902
78
79
150
862
911
913
920
106
227
836
880
903
918
865
904
124
125
642
822
77
896
69
81
10
75
86
872
891
126
860
885
924
997
916
998
67
890
894
906
991
889
921
917
121
80
869
925
66
922
68
856
846
863
868
89
888
893
905
914
932
70
923
71
64
912
930
928
936
74
901
73
88
892
65
909
929
876
72
62
52
56
939
948
61
83
882
926
933
60
54
910
927
59
999
945
0
63
931
46
47
58
940
950
957
952
907
956
49
944
964
955
963
951
949
915
937
941
57
938
958
33
935
53
934
310
961
318
343
946
962
42
37
35
953
942
965
409
943
332
366
369
384
590
48
362
287
753
45
576
588
284
39
411
169
364
229
43
51
633
34
391
28
422
959
292
516
345
378
440
695
554
719
971
322
602
414
507
281
275
598
673
40
667
41
298
609
224
329
612
297
455
978
289
724
44
316
412
290
619
723
663
766
423
710
393
479
586
478
537
55
249
446
688
443
634
324
677
38
626
402
32
668
211
472
396
635
293
503
304
481
180
494
641
607
655
205
319
253
432
323
452
578
701
420
654
721
555
348
977
615
658
666
372
31
415
763
274
528
682
947
271
464
561
215
305
732
264
577
599
311
313
568
669
296
644
269
611
439
692
142
702
240
468
659
556
643
453
155
397
27
359
708
390
755
760
649
614
733
380
512
700
485
295
539
647
194
358
408
575
392
789
466
630
717
713
310
343
362
363
364
372
376
456
152
180
224
243
261
267
272
275
284
286
289
290
296
303
306
307
308
309
311
312
313
314
316
317
318
321
323
324
325
327
328
331
332
333
334
336
337
339
340
341
342
344
345
347
349
351
352
353
354
355
356
359
360
361
365
366
367
368
369
371
377
378
379
381
384
385
386
387
388
390
391
392
393
395
396
397
400
401
402
403
404
405
406
409
410
411
412
413
414
415
416
417
418
419
420
421
422
423
424
425
426
427
428
429
431
432
435
437
439
440
442
443
445
446
449
451
452
453
454
463
464
465
467
470
477
479
480
481
485
489
493
494
500
503
507
508
511
524
529
530
536
538
557
582
598
669
721
760
770
778
803
804
813
832
841
848
80
83
85
87
98
99
103
104
105
109
110
111
113
114
115
116
117
119
120
123
124
125
126
128
130
131
132
133
134
135
136
137
138
139
142
144
145
146
147
151
155
156
157
158
159
162
163
164
165
166
167
168
169
170
172
173
175
176
177
183
185
186
187
189
192
194
195
196
198
200
201
202
203
204
205
206
208
210
211
212
213
214
215
216
218
220
221
222
225
230
231
232
233
234
236
237
238
239
240
242
245
246
247
249
251
252
253
257
258
259
262
263
264
265
268
269
270
271
273
274
276
277
278
279
280
281
282
283
285
287
288
291
292
293
294
295
297
298
299
300
301
302
304
305
315
319
320
322
326
329
330
335
338
346
348
350
357
358
370
373
374
375
380
382
383
389
394
398
399
407
408
430
433
434
436
438
441
444
447
450
455
457
458
459
460
461
462
466
468
469
471
472
474
475
476
478
482
483
484
486
487
488
490
491
492
495
496
497
498
499
501
502
504
505
506
509
510
512
513
514
515
516
519
520
521
522
525
526
527
528
531
534
537
540
541
542
543
544
545
547
548
549
551
552
553
554
555
558
559
560
563
564
565
566
567
570
571
572
574
575
576
577
578
580
581
583
585
586
587
588
589
590
591
593
595
596
597
599
602
603
608
609
610
611
612
613
615
616
617
619
620
621
624
625
626
627
628
630
631
633
634
635
638
639
641
643
645
646
647
648
650
652
653
654
657
658
660
662
663
664
665
666
667
671
672
673
674
676
677
681
683
684
685
689
690
691
695
696
697
699
701
702
704
705
707
710
713
715
719
722
723
724
728
729
730
733
735
738
742
743
745
749
750
751
753
754
755
757
759
761
763
764
767
768
771
774
775
777
779
780
781
782
783
786
788
790
791
792
794
797
799
800
805
806
808
809
810
811
814
816
817
818
820
821
822
824
826
828
829
833
834
835
836
839
840
843
844
845
847
849
851
852
856
857
858
859
862
864
866
868
870
872
874
875
878
879
881
884
887
894
898
73
75
76
78
82
84
88
90
93
95
96
97
100
101
102
106
107
108
112
121
122
127
129
140
141
143
148
149
150
153
154
160
161
171
174
178
179
181
182
184
188
190
191
193
197
199
207
209
217
219
223
226
227
228
229
235
241
244
248
254
255
256
260
266
448
473
517
518
523
532
533
535
539
546
550
556
561
562
568
569
573
579
584
592
594
600
601
604
605
606
607
614
618
622
623
629
632
636
637
640
644
649
651
655
656
659
661
668
670
675
678
679
680
682
686
687
688
692
693
694
698
700
703
706
708
709
712
714
716
717
718
720
725
726
727
731
732
734
736
737
739
740
741
744
746
747
748
752
756
758
762
765
766
769
772
773
776
784
785
787
789
793
795
796
798
801
802
807
812
815
819
823
825
827
830
831
837
838
842
846
850
853
854
855
860
861
865
867
869
871
873
876
877
880
882
883
885
886
888
889
890
891
893
895
897
899
900
901
902
903
904
905
906
907
908
909
911
915
918
919
920
923
924
57
59
60
62
63
64
65
67
68
69
70
71
72
74
77
79
81
86
89
91
92
94
118
250
642
711
863
892
896
910
912
913
916
917
921
922
925
929
931
932
933
935
936
937
950
43
47
51
52
54
55
58
61
66
914
926
927
928
930
934
938
939
940
941
942
945
946
947
948
952
955
33
36
44
46
48
49
53
56
943
944
949
951
953
956
957
958
960
964
25
28
34
35
37
38
40
41
42
45
50
954
959
961
963
968
24
27
29
30
32
39
962
965
966
970
971
974
975
977
978
21
22
26
31
967
972
979
981
13
14
16
19
20
23
973
976
980
984
985
7
12
15
17
969
982
983
986
987
989
991
992
4
8
9
18
2
6
11
988
990
993
994
996
0
1
3
10
995
5
997
998
999
372
310
343
362
363
364
376
456
284
290
309
325
332
366
378
384
390
286
289
308
312
314
317
318
324
328
341
351
354
355
360
368
369
385
393
395
397
400
401
403
405
416
417
422
424
425
429
432
446
453
454
465
479
480
481
507
582
224
243
267
272
275
303
307
327
333
336
337
347
356
359
367
379
386
387
391
404
406
409
411
414
415
419
421
426
431
437
449
452
463
494
508
524
530
538
598
608
617
634
646
669
677
697
699
721
724
760
770
778
804
813
117
144
152
156
169
170
180
211
231
232
253
261
264
268
269
276
278
281
282
283
285
287
292
296
301
305
306
311
313
316
321
323
330
331
334
340
342
344
345
349
352
353
361
365
370
371
377
381
382
388
392
396
402
410
412
420
423
428
439
440
442
443
445
451
464
467
470
477
489
500
503
511
529
536
537
549
553
557
559
572
576
578
587
588
590
596
597
599
602
603
609
610
612
613
615
619
620
621
624
630
639
641
647
658
663
673
684
690
702
705
719
723
733
750
753
764
779
780
783
803
805
814
832
841
848
128
135
146
164
167
177
185
186
192
195
196
198
200
201
205
208
220
225
236
240
245
246
249
251
263
274
280
288
294
300
302
319
320
322
338
339
357
358
373
383
389
394
399
413
418
427
434
435
438
441
455
461
462
468
474
475
478
485
492
493
505
506
514
526
527
531
540
541
543
554
555
558
560
565
566
567
571
575
581
585
589
625
626
628
631
633
635
638
648
653
654
657
660
662
664
665
667
671
676
685
689
695
704
707
710
722
729
735
749
755
759
767
768
781
792
800
806
809
816
822
826
839
843
866
98
99
104
109
113
114
123
125
132
133
134
142
145
147
155
157
158
162
166
173
176
183
187
189
194
204
206
210
212
214
215
218
221
222
230
234
238
247
252
258
259
262
271
277
279
291
293
295
297
298
304
315
326
329
335
346
348
375
380
398
407
430
433
436
457
459
460
466
469
471
472
482
484
486
491
495
496
497
498
502
504
510
512
513
516
519
520
522
525
534
542
545
551
564
568
570
577
580
583
586
591
595
605
611
616
622
627
629
632
640
643
645
649
650
652
655
656
666
670
672
674
675
680
681
683
687
688
691
692
693
696
698
701
713
715
716
728
730
731
745
751
754
757
761
763
774
775
777
782
788
790
791
794
818
821
828
829
845
847
849
858
859
864
83
87
103
105
110
111
115
116
119
120
124
126
129
131
136
137
138
139
149
150
151
159
163
165
168
172
174
175
190
199
202
203
213
216
217
233
237
239
241
242
244
248
257
260
265
266
270
273
299
350
408
444
447
450
487
488
490
499
501
509
521
528
539
544
547
548
552
561
563
569
574
584
592
593
600
606
614
623
636
651
661
668
679
682
694
700
708
709
717
727
737
738
741
742
743
771
784
786
787
797
799
808
810
811
817
820
824
833
834
840
857
868
878
881
884
898
80
85
106
108
127
130
143
148
153
161
179
181
182
188
191
193
197
209
219
223
227
228
229
235
254
255
256
374
476
483
515
518
523
535
546
556
562
573
579
594
604
618
637
644
659
678
686
703
718
725
740
744
747
748
752
756
758
766
776
785
789
793
795
798
801
802
812
819
835
836
838
844
846
851
852
856
860
870
872
874
875
886
894
78
82
84
93
96
101
102
107
112
121
122
140
154
160
171
178
184
207
226
448
458
473
517
601
607
706
712
714
720
726
732
734
736
765
769
772
773
823
825
830
837
842
861
862
869
873
879
883
885
887
897
900
903
90
95
141
532
533
550
642
711
739
746
762
796
807
815
827
831
850
853
854
865
867
880
888
899
901
907
908
919
920
75
76
81
88
92
97
250
855
871
876
882
889
890
891
893
902
904
906
911
918
924
91
94
100
118
863
877
892
895
905
909
60
62
70
71
73
74
77
79
86
89
910
913
915
921
923
59
63
67
69
896
912
916
925
932
64
65
68
72
917
922
927
933
936
937
57
61
66
914
928
929
931
940
54
58
926
930
935
950
941
947
948
47
51
52
56
934
938
939
942
945
946
952
49
55
955
43
53
943
949
951
953
964
36
46
48
944
956
44
957
958
960
33
954
963
35
38
40
41
42
45
50
959
961
37
968
28
34
39
965
25
30
32
962
970
971
975
24
27
29
966
977
978
31
967
974
22
26
972
21
969
979
19
23
973
980
981
15
17
976
985
16
14
20
982
984
986
7
989
12
13
18
983
987
8
9
990
992
4
6
988
991
994
2
11
993
996
10
995
3
310
332
343
362
366
372
384
1
5
318
364
369
378
390
393
397
409
411
422
446
479
0
284
289
290
311
316
324
325
328
341
345
354
359
368
376
386
391
396
400
402
405
412
414
415
423
426
432
437
440
452
453
456
463
481
507
997
281
287
292
296
305
309
312
313
314
322
323
329
331
336
347
361
379
382
385
392
401
403
416
418
419
420
424
425
429
439
443
449
454
455
464
468
480
485
489
494
503
529
530
537
557
578
598
224
253
267
269
274
275
288
297
298
301
304
306
317
319
320
321
330
334
339
344
348
349
351
353
355
356
357
358
360
363
365
370
371
373
380
383
387
388
395
406
407
408
417
433
435
441
445
451
466
467
472
478
492
493
512
516
543
554
555
576
587
588
590
602
609
612
634
998
169
180
211
232
240
249
251
261
264
272
280
282
283
286
293
295
302
307
327
333
335
337
338
346
375
377
381
389
398
399
410
413
428
431
442
447
459
460
461
462
465
470
477
488
491
495
496
498
508
511
513
519
525
528
531
536
538
539
540
558
559
561
568
575
577
582
583
586
599
615
619
626
633
641
647
654
663
669
677
695
719
723
724
753
760
170
177
186
194
205
208
215
222
230
231
236
243
245
260
266
268
271
276
278
279
285
291
294
299
303
308
340
404
427
434
457
469
475
482
484
486
487
497
500
502
506
509
515
518
524
534
535
541
542
547
549
551
553
556
566
567
571
572
589
591
596
597
603
610
611
617
627
628
630
635
646
658
666
667
673
697
701
710
721
813
117
133
135
144
146
152
155
162
173
187
195
200
213
217
218
225
229
233
239
246
252
256
257
258
259
277
300
315
326
342
352
367
394
421
430
436
450
471
474
501
514
520
544
546
560
581
584
593
594
595
605
606
607
608
613
614
618
621
625
631
637
640
643
645
649
655
660
668
672
674
688
690
702
705
713
729
731
733
745
755
763
777
779
780
804
805
999
142
145
147
157
158
164
175
191
192
193
210
223
228
234
235
237
238
247
254
263
265
350
438
448
458
473
499
505
510
522
526
527
533
545
552
562
563
564
565
579
585
622
624
639
644
650
652
656
657
659
662
664
671
675
676
679
681
682
692
693
696
698
699
708
717
722
728
738
742
751
757
761
766
767
775
784
792
794
800
809
814
816
832
119
123
128
136
154
165
168
171
172
176
185
196
197
198
201
203
204
206
209
212
214
216
221
244
255
270
374
444
476
483
517
523
569
592
623
632
636
638
648
651
653
661
665
670
680
685
687
689
691
694
700
704
706
709
714
715
716
725
732
736
740
750
768
771
778
781
782
783
786
789
790
817
818
848
109
131
134
137
138
139
148
149
151
156
159
161
167
174
179
183
184
188
189
190
220
241
242
248
273
504
521
548
574
600
604
616
620
678
703
711
720
726
730
737
739
741
752
756
758
764
770
773
776
785
791
793
795
803
810
828
839
841
843
849
99
104
111
113
115
116
122
127
129
130
163
178
202
490
532
570
573
580
601
683
684
718
727
735
749
759
762
772
774
787
796
797
799
806
808
811
812
820
821
824
829
833
834
857
858
85
93
98
105
107
110
112
114
132
140
141
143
160
199
207
219
226
262
629
686
707
744
747
748
754
765
788
798
802
807
819
825
826
837
845
847
859
870
884
898
96
101
102
108
120
125
153
166
181
550
734
743
815
822
823
827
830
831
835
838
844
861
864
866
878
84
95
103
124
126
150
182
227
250
746
769
840
842
851
854
855
873
875
879
881
883
886
887
78
82
87
100
106
712
801
836
852
853
867
871
874
897
900
76
80
90
94
97
121
642
860
862
872
885
899
908
75
91
92
118
846
850
856
865
868
869
877
880
895
903
911
919
920
81
83
891
894
902
913
918
924
79
86
888
889
890
904
906
67
69
77
863
905
70
88
876
882
893
896
901
921
68
71
73
74
89
892
909
916
917
923
925
64
912
922
60
62
66
72
907
932
65
910
914
930
936
59
63
915
926
928
929
54
61
927
933
58
52
56
931
940
939
948
47
57
937
945
950
952
46
935
49
938
941
946
955
53
934
942
944
949
951
957
51
55
956
964
43
947
943
953
958
42
45
48
33
41
963
35
38
37
44
962
34
39
40
961
959
960
28
965
30
50
32
968
36
31
954
971
977
27
29
970
975
978
974
25
343
332
310
362
366
384
422
966
969
21
24
318
372
409
979
15
364
369
378
402
411
446
19
390
393
396
414
440
479
481
976
980
287
292
311
316
324
345
391
397
412
420
423
432
452
507
284
290
305
354
359
405
415
437
443
464
485
489
494
281
313
322
323
328
329
392
426
439
463
468
472
503
516
578
598
972
981
16
224
289
304
319
348
358
361
368
380
382
408
453
455
466
478
492
493
530
554
557
576
590
753
253
275
296
306
325
331
336
386
400
418
441
456
467
512
537
543
555
561
587
609
612
633
695
14
22
211
249
274
297
298
330
339
341
357
370
373
433
496
528
529
539
634
641
719
973
169
288
293
295
334
387
403
407
419
435
445
447
449
498
513
577
586
588
599
602
619
626
654
723
180
205
215
229
232
269
320
321
347
353
385
480
488
525
568
583
635
663
667
668
677
701
710
760
982
985
7
26
194
230
240
251
264
271
314
338
344
346
383
399
425
454
515
535
556
559
575
594
607
647
673
713
721
724
23
186
236
260
266
280
283
299
389
413
416
429
451
459
495
518
519
546
558
611
615
627
630
658
666
755
986
155
170
233
256
267
349
371
376
379
401
509
536
589
614
628
669
731
763
779
813
967
144
146
173
177
208
217
222
279
282
312
375
395
424
497
538
540
542
551
566
567
597
618
637
644
655
688
708
732
745
766
777
804
17
133
142
162
187
239
245
252
291
301
309
335
356
365
406
410
460
462
470
487
511
531
544
547
571
591
606
640
649
659
717
728
729
733
761
780
805
20
135
154
157
213
218
228
257
302
317
388
398
457
469
491
582
605
610
643
660
672
682
692
693
697
702
738
775
789
790
117
158
175
191
193
235
237
259
417
461
482
486
501
549
593
625
631
674
679
690
736
739
773
784
794
832
200
261
272
277
278
307
355
377
465
502
533
534
579
617
645
646
705
706
711
714
740
757
767
782
809
816
983
9
145
195
223
254
276
431
442
450
458
484
508
560
603
656
696
698
715
742
758
795
800
810
817
8
119
128
139
152
164
171
197
225
258
286
337
351
428
448
477
506
520
541
553
562
584
596
622
700
722
751
776
818
848
18
184
192
209
231
243
294
315
326
327
360
363
473
572
650
676
681
709
725
785
793
123
127
136
147
161
165
172
179
246
300
333
427
430
475
500
552
581
621
651
652
657
762
771
781
792
796
808
814
828
984
987
137
148
210
247
265
268
303
381
563
595
613
661
665
675
694
726
752
772
843
849
857
109
131
151
203
238
255
471
499
517
564
569
585
664
670
691
720
756
797
812
122
134
141
149
178
204
206
221
234
270
285
340
404
434
514
524
671
685
783
824
825
837
870
990
130
138
168
174
188
190
374
394
474
510
523
545
565
639
678
687
689
699
704
730
786
93
111
189
212
342
350
436
592
632
648
680
703
716
741
807
834
858
13
99
105
159
167
176
185
201
216
244
604
636
662
718
737
798
827
833
839
884
989
107
115
116
476
483
522
623
750
815
819
859
861
898
992
102
112
263
308
768
787
791
811
820
821
829
831
994
4
12
140
143
196
608
855
85
96
113
198
241
248
421
444
505
527
532
574
765
823
830
835
854
873
886
988
95
108
110
129
160
183
214
226
367
438
526
624
799
802
838
867
883
84
101
806
864
878
887
993
5
104
219
638
653
748
871
879
100
202
242
352
548
747
841
844
851
11
98
220
521
600
601
727
744
845
875
897
900
996
76
94
97
163
273
573
616
734
735
774
778
842
881
114
895
995
90
120
686
746
764
769
853
877
899
908
82
207
504
683
749
847
6
132
181
788
874
87
153
250
852
3
92
199
803
866
913
918
919
91
156
166
490
570
580
620
684
759
840
880
911
1
103
118
629
770
801
850
822
862
2
78
550
743
902
903
920
106
182
262
826
865
891
79
86
124
707
754
836
991
69
75
81
150
904
924
125
126
872
885
896
997
712
10
77
860
894
906
917
67
80
998
889
916
921
121
227
890
68
869
925
642
922
846
856
888
66
868
70
905
932
64
912
914
863
71
893
901
923
89
936
74
928
930
892
73
65
72
876
929
88
909
62
83
56
61
52
926
882
54
939
60
910
948
933
58
999
59
927
945
907
931
47
63
0
950
46
915
940
952
955
957
57
49
951
956
964
937
941
949
944
935
938
958
946
963
53
934
42
33
962
961
942
45
953
943
343
965
35
37
51
41
43
753
48
40
55
310
38
39
332
318
947
959
34
287
409
366
292
32
576
719
590
384
695
28
362
369
598
411
31
44
229
169
971
224
440
588
311
329
554
960
422
633
284
215
609
978
612
578
310
343
362
363
364
372
376
456
152
180
224
243
261
267
272
275
284
286
289
290
296
303
306
307
308
309
311
312
313
314
316
317
318
321
323
324
325
327
328
331
332
333
334
336
337
339
340
341
342
344
345
347
349
351
352
353
354
355
356
359
360
361
365
366
367
368
369
371
377
378
379
381
384
385
386
387
388
390
391
392
393
395
396
397
400
401
402
403
404
405
406
409
410
411
412
413
414
415
416
417
418
419
420
421
422
423
424
425
426
427
428
429
431
432
435
437
439
440
442
443
445
446
449
451
452
453
454
463
464
465
467
470
477
479
480
481
485
489
493
494
500
503
507
508
511
524
529
530
536
538
557
582
598
669
721
760
770
778
803
804
813
832
841
848
80
83
85
87
98
99
103
104
105
109
110
111
113
114
115
116
117
119
120
123
124
125
126
128
130
131
132
133
134
135
136
137
138
139
142
144
145
146
147
151
155
156
157
158
159
162
163
164
165
166
167
168
169
170
172
173
175
176
177
183
185
186
187
189
192
194
195
196
198
200
201
202
203
204
205
206
208
210
211
212
213
214
215
216
218
220
221
222
225
230
231
232
233
234
236
237
238
239
240
242
245
246
247
249
251
252
253
257
258
259
262
263
264
265
268
269
270
271
273
274
276
277
278
279
280
281
282
283
285
287
288
291
292
293
294
295
297
298
299
300
301
302
304
305
315
319
320
322
326
329
330
335
338
346
348
350
357
358
370
373
374
375
380
382
383
389
394
398
399
407
408
430
433
434
436
438
441
444
447
450
455
457
458
459
460
461
462
466
468
469
471
472
474
475
476
478
482
483
484
486
487
488
490
491
492
495
496
497
498
499
501
502
504
505
506
509
510
512
513
514
515
516
519
520
521
522
525
526
527
528
531
534
537
540
541
542
543
544
545
547
548
549
551
552
553
554
555
558
559
560
563
564
565
566
567
570
571
572
574
575
576
577
578
580
581
583
585
586
587
588
589
590
591
593
595
596
597
599
602
603
608
609
610
611
612
613
615
616
617
619
620
621
624
625
626
627
628
630
631
633
634
635
638
639
641
643
645
646
647
648
650
652
653
654
657
658
660
662
663
664
665
666
667
671
672
673
674
676
677
681
683
684
685
689
690
691
695
696
697
699
701
702
704
705
707
710
713
715
719
722
723
724
728
729
730
733
735
738
742
743
745
749
750
751
753
754
755
757
759
761
763
764
767
768
771
774
775
777
779
780
781
782
783
786
788
790
791
792
794
797
799
800
805
806
808
809
810
811
814
816
817
818
820
821
822
824
826
828
829
833
834
835
836
839
840
843
844
845
847
849
851
852
856
857
858
859
862
864
866
868
870
872
874
875
878
879
881
884
887
894
898
73
75
76
78
82
84
88
90
93
95
96
97
100
101
102
106
107
108
112
121
122
127
129
140
141
143
148
149
150
153
154
160
161
171
174
178
179
181
182
184
188
190
191
193
197
199
207
209
217
219
223
226
227
228
229
235
241
244
248
254
255
256
260
266
448
473
517
518
523
532
533
535
539
546
550
556
561
562
568
569
573
579
584
592
594
600
601
604
605
606
607
614
618
622
623
629
632
636
637
640
644
649
651
655
656
659
661
668
670
675
678
679
680
682
686
687
688
692
693
694
698
700
703
706
708
709
712
714
716
717
718
720
725
726
727
731
732
734
736
737
739
740
741
744
746
747
748
752
756
758
762
765
766
769
772
773
776
784
785
787
789
793
795
796
798
801
802
807
812
815
819
823
825
827
830
831
837
838
842
846
850
853
854
855
860
861
865
867
869
871
873
876
877
880
882
883
885
886
888
889
890
891
893
895
897
899
900
901
902
903
904
905
906
907
908
909
911
915
918
919
920
923
924
57
59
60
62
63
64
65
67
68
69
70
71
72
74
77
79
81
86
89
91
92
94
118
250
642
711
863
892
896
910
912
913
916
917
921
922
925
929
931
932
933
935
936
937
950
43
47
51
52
54
55
58
61
66
914
926
927
928
930
934
938
939
940
941
942
945
946
947
948
952
955
33
36
44
46
48
49
53
56
943
944
949
951
953
956
957
958
960
964
25
28
34
35
37
38
40
41
42
45
50
954
959
961
963
968
24
27
29
30
32
39
962
965
966
970
971
974
975
977
978
21
22
26
31
967
972
979
981
13
14
16
19
20
23
973
976
980
984
985
7
12
15
17
969
982
983
986
987
989
991
992
4
8
9
18
2
6
11
988
990
993
994
996
0
1
3
10
995
5
997
998
999
372
310
343
362
363
364
376
456
284
290
309
325
332
360
366
378
384
390
286
289
308
312
314
317
318
324
328
341
351
354
355
368
369
385
393
395
397
400
401
403
405
416
417
422
424
425
429
432
446
453
454
465
479
480
481
507
582
608
669
724
180
224
243
261
267
272
275
303
307
327
333
336
337
344
347
352
356
359
367
379
386
387
391
404
406
409
411
414
415
419
421
426
431
437
449
452
463
494
508
524
530
538
596
598
617
634
646
647
677
697
699
705
721
750
760
770
778
804
813
848
117
144
152
156
169
170
211
225
231
232
253
263
264
268
269
276
278
281
282
283
285
287
292
296
301
305
306
311
313
316
321
323
330
331
334
340
342
345
349
353
361
365
370
371
377
381
382
388
392
396
402
410
412
420
423
428
439
440
442
443
445
451
464
470
477
489
500
503
511
529
531
536
537
540
549
553
557
559
565
566
572
576
578
587
588
590
597
599
602
603
609
610
612
613
615
619
620
621
624
626
630
631
633
639
641
653
658
662
663
664
673
684
690
695
702
707
719
723
733
753
764
779
780
783
792
803
805
814
832
841
128
135
146
164
167
177
185
186
192
195
196
198
200
201
205
208
220
236
238
240
245
246
249
251
252
274
280
288
294
295
298
300
302
319
320
322
338
339
357
358
373
383
389
394
399
413
418
427
434
435
438
455
461
462
467
468
474
475
478
485
492
493
506
514
526
527
541
543
554
555
558
560
567
571
575
581
585
589
611
616
625
628
635
638
645
648
650
652
654
657
660
665
666
667
671
672
676
681
683
685
687
689
704
710
722
728
729
735
745
749
751
755
757
759
767
768
774
777
781
800
806
809
816
818
822
826
839
843
866
98
99
104
109
113
114
123
125
132
133
134
142
145
147
155
157
158
162
166
176
183
187
189
194
204
206
210
212
214
215
218
221
222
230
233
234
247
258
259
262
265
270
271
277
279
291
293
297
304
315
326
329
335
346
348
375
380
398
407
430
433
436
441
457
459
460
466
469
471
472
482
484
491
495
496
497
498
502
504
505
510
512
513
516
519
520
522
525
534
542
545
548
551
564
568
570
577
580
583
586
591
595
605
606
614
622
623
627
629
632
640
643
649
655
656
670
674
675
680
688
691
692
693
696
698
701
713
715
716
730
731
742
743
754
761
763
771
775
782
784
786
788
790
791
794
820
821
828
829
845
847
849
858
859
864
83
103
110
111
115
116
119
120
126
129
131
136
137
138
139
149
150
151
159
163
165
168
172
173
174
175
190
199
202
203
213
216
217
237
239
241
242
244
248
257
260
266
273
299
350
408
444
447
450
486
487
488
490
499
509
521
528
539
544
547
552
561
563
569
574
584
592
593
600
636
651
661
668
679
682
694
700
703
708
709
717
725
727
737
738
740
741
747
756
787
793
797
799
808
810
811
817
824
833
834
840
857
868
878
881
884
898
80
85
87
105
108
124
127
130
143
148
153
161
179
181
182
188
191
193
197
209
219
223
227
228
229
235
254
255
256
374
476
483
501
515
518
523
535
546
556
562
573
579
594
601
604
618
637
644
659
678
686
712
714
718
732
734
744
748
752
758
765
766
772
776
785
789
795
798
801
802
812
819
835
836
838
844
846
851
852
856
860
861
870
872
874
875
879
886
894
78
84
93
101
102
106
107
112
121
122
140
154
160
171
178
184
207
226
458
473
517
607
706
720
726
736
739
769
773
807
823
825
827
830
837
842
862
869
873
883
885
887
897
900
82
90
95
96
141
448
532
533
550
642
711
746
762
796
815
831
850
853
854
865
867
880
888
899
901
903
907
908
920
75
76
88
92
97
250
855
871
876
877
882
889
890
891
893
902
904
906
909
911
918
919
924
81
91
100
118
863
892
895
905
60
62
70
71
73
74
77
79
86
89
94
910
913
915
921
923
63
67
69
896
912
916
925
932
59
65
68
72
917
922
933
57
61
64
914
927
931
936
937
940
54
58
66
926
928
929
930
935
950
948
47
52
56
934
938
939
941
942
945
946
947
952
51
55
955
43
49
53
949
951
964
36
46
48
943
944
953
956
957
958
960
33
44
954
35
38
41
42
45
50
963
37
40
959
961
968
28
34
39
25
30
32
962
965
970
971
975
24
27
29
966
977
978
31
967
974
22
972
21
26
969
979
19
980
981
15
17
23
973
976
16
985
14
982
20
984
986
7
12
13
18
987
989
983
9
992
4
6
8
988
990
991
994
993
2
11
995
996
10
310
332
343
362
372
1
3
318
324
364
366
369
378
384
390
393
411
422
446
0
5
284
289
290
325
328
354
359
368
391
396
397
402
405
409
412
414
432
440
452
456
479
481
507
275
281
287
292
296
305
309
311
312
313
314
316
322
323
331
336
341
345
347
361
376
385
386
392
400
401
403
415
416
420
423
424
425
426
429
437
439
443
449
453
454
463
464
489
494
530
997
224
253
267
269
274
286
297
298
301
304
306
307
317
319
320
321
329
330
334
337
339
344
348
349
351
353
356
357
358
360
363
365
370
371
373
379
380
382
387
388
395
406
407
418
419
435
441
445
451
455
466
467
468
472
478
480
485
492
493
503
516
529
537
554
557
576
578
587
588
590
598
634
998
169
180
211
240
249
251
261
264
272
280
282
283
288
291
293
295
302
327
333
335
338
346
355
375
377
381
383
389
399
408
410
413
417
431
433
447
459
462
465
496
498
508
511
512
513
528
536
538
539
543
555
558
559
561
568
575
577
582
586
599
602
609
612
615
619
626
633
635
641
654
663
669
677
695
724
753
170
205
208
215
222
230
232
236
243
245
260
271
276
278
279
294
299
303
308
315
342
367
398
404
427
428
434
442
457
460
461
469
470
475
477
482
486
488
491
495
497
500
509
515
518
519
524
525
531
535
540
541
542
549
553
566
567
571
572
583
589
596
597
603
610
611
617
628
630
646
647
658
666
667
673
697
701
705
710
719
721
723
760
999
144
177
186
194
195
200
217
225
229
231
233
239
246
252
256
257
258
259
266
268
277
285
300
326
340
352
394
421
430
436
450
474
484
487
501
502
506
520
534
544
546
547
551
556
560
581
591
593
594
605
606
607
608
613
614
625
627
631
640
643
649
655
660
668
674
682
690
693
699
702
713
729
731
733
755
763
779
813
133
135
142
146
152
155
162
173
175
187
192
213
218
228
235
237
238
247
254
263
265
270
350
438
458
471
499
510
514
526
527
545
552
562
563
564
565
579
584
585
595
618
621
622
637
639
644
645
650
652
653
656
657
659
664
672
676
679
681
688
692
696
698
700
708
717
722
728
745
757
761
766
767
775
777
780
794
804
805
832
117
128
145
147
157
158
164
172
185
191
193
197
198
201
203
204
206
209
210
214
216
221
223
234
255
374
444
448
473
476
483
505
517
522
523
533
548
569
592
623
624
648
651
661
662
665
671
675
680
685
687
689
691
704
706
709
715
725
732
736
738
739
740
742
751
781
782
783
784
789
790
792
800
809
814
816
818
848
119
123
136
139
148
151
154
161
167
168
174
176
179
183
184
188
189
190
196
212
220
241
242
244
248
273
504
521
574
580
600
604
616
632
636
638
670
678
694
703
711
714
716
730
750
752
756
758
768
770
771
773
776
778
786
793
795
810
817
828
841
843
99
109
113
116
127
131
134
137
138
149
156
159
165
171
262
490
532
570
573
601
620
683
684
718
720
726
735
737
741
747
748
749
764
772
785
787
791
796
797
799
803
806
808
839
849
857
858
104
111
114
115
122
129
130
141
143
163
166
178
199
202
219
226
629
686
707
727
759
762
765
774
798
807
811
812
820
821
824
829
833
834
859
85
93
98
105
108
110
112
120
140
160
181
207
250
734
743
744
754
802
819
822
825
826
837
845
861
870
884
898
84
95
96
101
102
107
125
132
153
227
550
746
769
788
815
823
827
830
831
835
838
840
844
847
864
866
873
878
879
886
103
124
150
182
712
801
836
842
851
854
855
875
881
883
887
76
82
87
90
100
106
126
852
853
867
871
874
897
900
78
94
97
118
121
642
860
862
872
877
880
895
899
908
75
80
91
92
846
850
856
865
868
869
885
903
911
919
920
79
81
891
894
902
904
918
69
86
890
906
913
924
67
77
83
88
863
888
889
896
905
89
892
893
901
909
921
70
71
73
74
876
882
916
923
925
62
66
68
912
917
922
64
65
72
60
907
910
914
932
915
929
930
936
59
61
63
928
933
52
54
926
927
56
58
931
948
940
47
57
937
939
945
950
46
935
952
49
946
938
941
944
955
53
942
934
949
951
964
43
51
55
956
957
947
958
48
33
42
45
953
963
35
41
943
37
38
44
39
28
34
40
959
962
30
961
50
965
32
960
968
954
31
36
971
27
977
29
978
970
975
343
310
332
362
25
378
318
366
369
372
384
409
422
974
364
411
414
24
324
390
393
402
440
446
479
21
284
287
316
345
391
396
412
423
452
481
969
289
290
292
311
323
359
392
397
405
415
432
443
464
507
15
281
305
313
322
328
348
354
358
361
420
426
437
439
453
455
463
472
478
494
516
966
19
275
304
319
329
357
408
466
468
485
489
493
503
590
598
979
224
253
274
296
297
298
306
325
331
336
339
368
380
382
386
400
418
441
512
537
539
554
557
576
578
249
295
341
370
373
387
403
435
449
456
467
492
530
543
555
561
612
619
633
634
695
753
980
211
293
320
321
330
334
344
385
407
433
445
447
496
528
529
586
587
588
602
609
641
654
976
981
16
169
180
205
240
269
346
347
353
371
399
419
425
429
498
568
575
626
635
719
723
229
251
264
271
288
314
338
383
389
416
454
513
525
556
577
583
599
615
663
667
668
673
677
701
710
724
14
194
215
230
232
236
260
280
356
379
413
451
459
480
488
495
509
515
518
535
589
658
666
713
721
763
972
208
222
256
267
279
282
283
291
299
301
312
335
349
365
401
424
462
497
558
559
594
607
611
614
627
669
760
779
973
233
239
245
266
309
375
376
388
406
410
542
546
628
647
731
732
755
766
7
22
26
155
177
186
217
252
307
317
395
457
460
482
491
501
511
519
544
551
566
630
637
640
649
655
682
688
692
708
144
170
173
213
257
259
302
337
377
398
461
469
470
486
487
536
538
540
547
567
582
591
593
597
606
644
659
660
674
693
728
733
777
23
142
146
162
175
187
193
228
237
254
277
278
315
360
431
465
534
549
571
605
618
631
643
646
679
697
702
706
717
729
736
745
761
775
982
985
133
154
218
235
261
417
442
450
502
531
579
610
617
672
690
700
705
739
740
773
805
813
986
135
157
158
195
243
272
286
294
351
355
430
484
508
533
560
562
572
625
711
738
757
767
780
784
789
790
794
804
20
145
184
191
200
223
246
258
276
326
333
363
381
458
475
477
500
520
541
603
652
656
696
698
709
714
715
782
832
967
128
192
197
209
225
231
300
448
553
581
596
622
645
650
681
725
758
800
117
119
164
172
268
327
427
428
434
499
506
651
657
676
722
742
751
776
793
809
810
818
17
136
139
152
161
179
203
247
270
342
471
473
517
552
584
661
664
665
781
795
816
817
983
9
18
123
171
234
238
303
394
404
524
563
621
703
726
752
756
771
785
792
808
127
148
165
210
255
265
374
436
474
510
545
569
613
675
685
694
699
704
772
796
848
137
147
204
221
285
340
350
514
523
564
565
585
592
595
648
670
671
680
691
720
762
797
814
828
843
131
141
168
174
178
190
206
212
216
263
639
678
689
984
109
138
151
167
188
244
421
483
526
623
687
730
783
837
849
857
8
130
149
185
201
367
444
476
522
527
604
608
632
662
716
718
741
786
812
824
858
122
134
143
176
189
241
636
798
839
93
183
242
248
308
653
737
768
787
807
825
833
870
987
111
116
159
214
226
505
532
791
834
859
99
105
352
748
750
827
112
115
160
196
198
438
548
574
815
819
829
861
990
107
113
219
747
765
799
811
820
823
831
884
886
898
13
96
102
108
140
250
573
616
686
802
806
821
830
873
84
85
101
129
220
273
521
600
601
624
638
727
854
855
12
95
110
202
504
734
735
835
844
879
104
207
683
744
774
838
841
883
989
992
4
163
867
887
76
100
114
120
746
842
845
851
871
994
94
166
490
580
749
764
864
875
5
11
90
98
181
684
769
778
878
97
881
897
900
199
262
877
895
993
570
759
853
988
629
908
82
132
153
550
707
743
770
852
899
996
91
103
156
182
620
803
840
847
6
118
826
866
92
754
874
801
919
3
87
227
712
788
850
862
995
78
79
125
150
836
880
903
911
913
1
106
124
822
902
920
865
904
918
2
77
69
75
81
86
896
126
891
860
872
885
924
121
906
67
642
894
916
10
890
80
921
997
998
917
66
846
889
991
869
925
68
856
71
89
922
863
893
905
888
914
70
868
932
923
64
912
73
88
930
74
892
901
909
928
936
72
65
62
876
929
56
52
61
948
83
60
939
882
54
926
933
910
59
47
999
46
927
0
58
63
945
931
940
950
907
49
57
915
955
952
956
957
944
964
949
951
33
937
963
938
941
958
53
310
935
343
42
946
318
934
35
37
43
362
332
962
45
48
378
384
961
366
369
942
409
953
411
422
753
440
287
943
41
51
965
364
414
590
28
39
695
316
391
402
169
40
292
576
55
345
507
44
229
719
724
588
479
281
612
34
284
275
516
38
423
390
554
32
329
598
224
710
31
393
249
446
412
396
633
503
205
641
322
253
443
311
959
668
481
472
766
211
420
760
289
723
701
348
667
978
432
673
455
305
