898
75
532
884
555
17
190
192
357
585
711
278
859
42
488
649
819
862
394
870
610
107
612
968
62
211
156
316
402
441
46
919
832
144
837
930
609
100
146
292
854
106
911
79
780
939
949
232
63
485
875
103
152
454
712
293
738
751
576
403
594
791
195
467
478
841
980
407
697
149
509
502
208
815
693
586
844
85
809
991
295
91
471
47
202
371
64
500
314
956
88
224
582
120
519
15
910
795
179
499
871
882
445
648
722
760
851
7
466
948
308
694
957
998
268
704
396
606
0
520
733
977
389
280
822
637
8
372
719
908
546
857
334
522
240
465
741
852
984
598
69
133
964
104
872
734
735
785
823
645
808
974
587
778
183
687
831
739
615
521
135
943
529
163
754
641
164
710
341
674
57
137
474
93
246
559
845
937
921
490
533
428
422
30
748
142
563
864
10
458
168
729
866
666
717
67
3
480
601
966
274
588
604
895
617
786
973
675
756
367
297
53
434
362
967
33
287
501
932
528
40
508
663
150
902
965
114
65
285
503
633
127
339
504
953
48
386
826
728
918
129
148
348
656
744
661
217
835
286
270
258
779
220
356
182
154
912
850
241
455
222
513
199
807
579
523
909
767
453
346
411
566
205
153
925
979
570
312
21
72
295
421
569
543
829
817
771
709
313
322
452
25
181
477
492
161
761
526
483
463
424
537
468
701
759
265
561
757
294
947
215
200
497
83
886
438
627
157
901
426
659
613
825
565
903
457
820
643
650
22
184
247
58
248
345
688
658
307
600
655
470
28
19
230
276
556
673
888
928
544
219
988
373
708
86
878
726
43
986
36
495
985
384
507
834
748
21
448
330
971
487
651
158
531
890
419
383
695
702
945
4
39
916
764
525
669
574
584
917
941
261
762
490
329
180
243
638
510
175
87
885
799
922
660
365
391
891
346
355
593
177
730
879
447
387
119
68
284
412
863
464
611
620
121
997
296
887
209
929
290
238
855
942
742
277
852
746
838
349
186
539
476
640
123
270
632
189
92
279
993
116
815
0
860
98
315
555
718
69
413
328
275
300
668
843
393
959
111
197
788
511
861
192
172
970
853
665
647
703
29
140
130
724
927
332
911
654
323
768
171
602
96
76
51
73
541
624
523
494
716
289
126
395
403
407
317
575
439
418
619
162
576
440
277
242
721
433
461
271
78
631
805
267
423
625
758
680
136
233
110
546
893
894
268
553
436
638
247
425
621
549
427
213
80
182
915
944
906
816
617
239
187
954
530
26
58
714
493
157
689
232
41
108
443
639
306
884
703
141
13
858
582
779
994
62
543
849
302
234
707
510
48
273
837
280
2
801
464
450
797
337
592
35
564
442
935
408
666
887
74
962
634
117
585
818
999
341
866
949
31
386
725
155
751
963
562
299
22
657
77
807
650
789
336
285
786
505
204
587
731
402
513
791
193
878
992
642
23
456
189
667
539
129
812
325
788
859
772
18
258
444
660
971
468
484
821
536
715
520
466
173
270
828
711
552
256
119
641
913
154
753
729
434
99
14
600
877
251
496
105
814
936
404
301
899
867
412
40
491
504
194
575
883
712
260
291
516
558
580
671
25
534
409
798
706
368
996
440
629
181
265
881
347
124
104
652
991
826
830
415
804
866
958
717
220
257
977
862
228
648
790
966
615
65
394
303
531
659
268
710
568
548
874
272
665
702
635
373
459
947
766
542
530
242
694
386
263
827
610
300
360
934
808
120
246
393
925
630
353
712
814
437
759
264
188
633
375
293
897
623
53
60
448
747
689
941
229
754
745
157
476
107
794
387
585
760
870
559
477
321
5
950
437
709
288
863
97
378
970
497
166
392
936
312
130
789
510
757
400
893
534
766
682
914
47
553
706
262
567
20
180
892
93
690
112
106
271
619
54
348
916
322
694
718
177
7
166
765
986
911
790
261
496
163
455
590
399
955
850
297
478
483
237
848
869
823
807
855
967
832
36
972
715
739
754
244
223
249
351
517
717
957
452
359
347
494
275
318
403
307
930
924
638
239
121
956
762
988
28
315
736
605
763
72
253
741
832
333
128
38
909
308
907
581
511
50
995
943
634
973
922
940
778
964
432
661
30
498
813
688
430
257
32
373
625
250
423
58
578
408
532
627
351
969
146
879
200
59
515
487
770
361
258
758
551
841
975
461
19
116
216
701
744
365
674
45
34
232
56
621
68
915
472
39
6
946
336
10
43
856
92
21
249
240
391
294
476
652
379
338
521
380
108
673
751
552
46
398
596
833
670
984
934
196
862
455
260
410
722
656
395
383
525
15
375
896
604
859
949
227
793
611
156
672
801
296
82
181
932
986
971
314
692
116
54
488
189
509
588
324
89
646
950
277
278
682
454
35
211
295
27
415
436
906
363
747
350
429
631
676
553
353
256
614
1
120
524
798
7
562
442
875
167
195
959
96
421
344
291
780
912
573
22
730
849
343
920
834
23
91
648
289
302
33
295
707
857
761
565
4
613
437
129
726
550
357
263
11
2
886
905
427
459
735
795
643
799
288
224
385
198
243
255
112
929
992
573
88
168
141
304
764
431
400
768
942
66
652
937
594
616
533
401
662
370
141
846
118
654
769
294
326
729
779
355
882
4
731
607
544
96
464
835
163
252
165
37
501
495
746
471
69
504
232
341
601
857
342
803
963
206
718
618
8
627
17
100
589
632
701
449
95
241
808
985
265
918
745
976
73
693
900
690
272
501
642
981
107
194
80
248
351
580
393
138
254
169
446
103
837
533
747
339
595
301
81
649
995
83
916
912
23
64
332
721
588
640
991
395
920
792
457
512
174
877
337
830
733
304
975
31
587
210
331
519
220
484
77
623
696
628
848
241
167
930
650
49
473
298
243
891
41
316
879
970
431
655
502
279
147
131
666
943
789
794
380
867
611
266
812
162
60
653
285
30
496
805
137
671
704
714
639
558
300
869
94
172
225
682
57
957
892
903
104
923
158
982
818
905
153
971
451
425
683
268
730
323
576
152
372
851
738
132
897
659
441
260
839
53
358
250
352
189
229
24
197
329
474
842
908
130
349
451
844
889
280
884
606
357
645
817
944
151
186
948
518
884
637
913
235
825
902
175
635
855
863
311
509
402
341
648
493
610
713
983
487
679
196
343
485
230
25
781
985
585
966
479
219
150
811
369
284
716
666
662
633
293
328
272
665
110
409
994
936
18
703
790
406
968
456
374
799
175
87
348
733
286
756
529
317
233
302
37
902
314
548
745
52
403
14
945
976
413
467
672
127
679
761
305
35
461
524
949
890
353
843
643
896
470
575
230
975
688
267
770
956
279
106
288
111
217
237
75
826
207
145
717
201
764
626
647
543
360
809
389
88
819
351
448
726
527
277
813
206
847
736
705
657
972
597
923
869
960
378
510
931
741
183
528
415
647
361
540
203
15
822
347
578
784
123
486
166
315
452
608
198
522
162
391
638
323
505
859
468
619
144
838
142
963
63
495
651
531
712
737
26
86
93
812
866
418
96
947
1
895
55
481
248
353
28
858
823
957
340
685
386
475
880
381
890
624
953
753
375
855
993
454
560
842
939
298
56
621
80
10
697
462
699
202
604
460
664
449
978
161
493
463
249
906
72
730
271
977
370
366
427
750
73
326
435
804
612
115
321
768
839
882
473
242
375
745
53
310
525
875
231
432
590
506
6
223
681
807
9
789
986
376
752
827
171
122
433
831
40
648
126
799
160
927
623
552
801
551
251
124
995
876
81
793
604
113
218
425
187
434
964
103
777
589
955
550
70
921
681
738
823
4
642
935
253
138
414
657
673
591
97
796
458
646
568
36
557
718
882
755
740
93
574
660
270
662
986
346
999
178
665
158
134
672
601
259
505
534
870
820
942
577
803
382
251
741
48
958
205
349
987
348
303
46
753
413
109
598
238
234
