5507
1111
5351
9788
3349
3766
23
6542
6191
1862
8209
794
3004
5020
6047
8914
299
613
8969
5985
298
8100
8450
8207
37
8642
8731
2318
4094
7700
4173
9060
721
5378
976
8841
835
4815
5951
5927
3536
7651
8925
6574
227
5572
6589
2034
2061
3659
6665
7952
433
4757
4826
518
3249
3684
9261
2990
4979
5120
8778
7020
3288
4400
5426
8683
2128
4548
5041
598
1484
3271
4582
6526
6969
9358
9444
9502
1466
3602
5916
6232
6764
4632
5933
7970
9434
5239
8465
832
1529
60
218
813
6294
9313
233
1182
6359
7040
7129
7895
1791
2586
6339
5575
6143
8899
3631
4903
8849
9526
501
821
1570
8565
4737
9315
3286
2433
3600
5879
429
1046
6173
8391
9969
2956
3017
3408
7482
9009
9949
6029
9606
343
378
550
1271
5250
1639
2024
5595
879
3434
5438
5867
1434
3045
4912
5352
1838
2907
3325
5676
5779
7291
7742
8762
4417
9068
3747
6869
6888
7132
8139
424
2218
4114
5484
6141
6147
8561
384
487
4659
9325
58
4104
4106
4239
865
5220
4615
5478
6403
9565
2424
4449
5203
6410
6676
7365
8515
257
0
1071
1159
3967
6532
9093
8055
8108
9424
1388
4409
8733
334
1504
1592
7193
7722
8304
8820
9414
1093
1885
1926
2673
4650
5325
5828
8189
9726
5627
8190
290
2451
4554
4616
5425
6605
1966
3380
7556
2182
3385
3850
2105
4097
4828
4995
6131
3980
4610
5454
6680
6782
7884
8834
8984
941
1110
6876
7305
8393
342
4851
5207
5297
5976
7734
111
2151
3764
4165
6094
3059
3530
4709
6383
9553
7703
8864
3109
5058
6329
6810
834
2827
6790
7737
1337
9930
277
4817
8691
8922
5804
6582
1171
1468
3389
5939
7372
8690
9919
1413
2698
4065
6368
6855
2463
3638
1781
5960
7614
35
288
4060
5244
8070
1191
2962
3936
5569
8243
9902
1129
2270
2437
7013
9974
1870
2245
2307
3215
4215
6150
6922
9871
5733
8368
8413
785
5208
379
738
1928
5124
5249
6120
8716
495
4035
4842
6464
1402
3353
4571
5383
6447
6787
7304
7940
193
2187
6616
7708
8576
9101
2195
2376
5682
9555
2797
5113
989
1131
1172
2569
6198
7819
475
1319
6004
6935
8325
398
7725
2297
3187
6753
9491
9523
9814
753
1214
1672
5154
6225
30
1323
1614
3360
6924
7136
8622
9108
9296
4902
7175
7999
9394
2718
2823
2966
3716
5525
4899
7922
814
2670
7685
9906
1942
2286
3616
4483
6454
8099
9077
315
2942
3413
4027
6484
8030
9475
9763
3846
5311
6601
7228
7461
9388
3605
4427
5652
5735
6108
6200
8250
4122
243
259
586
1305
3178
3467
6221
110
903
2041
6423
7309
8084
8110
1533
2153
2194
4426
4590
4936
6238
9029
1080
1945
6823
7181
8344
9007
9597
1647
1724
7323
1826
3277
4009
4806
5186
5629
5947
6343
6834
7307
8315
1783
726
1569
2881
3052
6617
1241
3133
81
2652
2695
2747
3021
3607
3949
4271
9162
2026
3411
3702
6958
7189
8685
9751
2681
7415
8103
8319
536
1706
2486
3472
3932
5709
6146
7381
524
934
3817
6600
6751
7156
9142
3363
4898
1371
2721
7532
1550
4503
8197
9032
9589
1903
6409
9215
9531
716
3890
7550
8424
8850
1018
1109
5099
5699
7090
886
1776
4348
2082
6058
9772
2462
3669
263
2796
6259
8822
8838
3119
4530
4999
6448
7233
7816
8677
1354
9437
9122
9661
801
864
2439
3152
3323
5328
5848
9038
810
919
5563
5587
8960
9480
2379
6022
2746
3180
6861
8399
9780
4136
6125
6399
9019
7382
8763
9260
9856
1755
1768
2646
2765
3809
5924
6736
7424
1881
2825
5534
7459
9336
328
2337
3504
3972
4083
4763
9528
3658
6945
2410
3806
6431
8943
1350
2722
1326
1963
4205
4353
4993
5893
1193
1609
1658
4077
6966
7223
8626
822
8774
9409
882
3751
5842
7860
8011
8051
2660
1401
4141
5732
7467
7983
1291
5849
6040
1605
3112
2188
2357
2536
2643
5767
3933
4698
7825
7838
186
465
3205
4748
4977
7458
2494
4182
139
1818
5331
8353
8998
478
1865
3226
9411
9793
931
2768
3115
6290
6487
9522
217
370
1344
3533
5492
5852
668
2093
2579
5805
6446
8667
9481
1555
3151
3886
5335
5637
5834
9123
9271
9515
380
4920
5401
6847
8584
1049
1638
5158
7457
9230
1265
3067
9642
9862
9866
59
1154
1722
2565
4145
258
2068
3571
3648
9485
7455
5364
7027
8852
3613
9483
1824
2278
5242
374
4178
6102
143
642
3821
4016
5134
8371
9314
278
1429
2360
8674
9761
1443
2894
3331
7271
7930
8910
902
2944
3034
3222
7683
8981
9140
1315
1980
6364
7051
7075
7713
7879
8651
9824
2566
2637
3895
4915
7320
5112
6618
1883
3170
5936
6070
6893
9637
796
2531
3168
7112
9923
126
4255
5209
7122
7808
8145
1082
1801
3778
4594
5589
8739
337
984
2444
2576
3963
1645
3039
3190
5899
7039
241
4034
397
2336
9886
1295
3149
2063
3586
9486
177
1340
2009
2095
4079
7149
7682
9910
3828
8345
9545
1157
1178
8654
1277
1694
1908
2528
4720
4990
7720
8807
3465
4336
8501
9064
2369
3024
6476
8294
8538
9156
9331
3136
3183
3712
3816
8640
9828
1207
3581
3998
6894
7953
5604
7633
8832
5354
5503
1408
1480
9435
3233
4664
8067
2663
2792
4581
6933
7581
7973
2249
2741
4367
8783
1060
3965
4919
5066
7251
7533
7721
3905
7580
510
646
3575
5081
7436
1216
8888
9322
9343
5675
7776
1234
3898
4308
8924
4129
5082
9971
1059
2020
2056
5480
195
3038
3693
8162
71
3366
5266
5312
7005
690
2806
6714
6804
8467
683
6199
6583
8997
1681
4792
2231
9898
5375
8824
2553
6967
9706
9743
3688
4653
7468
4366
8586
2835
8634
1808
5338
5488
1953
2959
9413
1918
2260
3341
4486
5651
5765
7493
7622
3090
3242
8812
1933
7229
8416
9429
463
4132
9415
5206
5510
7131
8120
3556
5496
6926
8643
9100
722
891
2950
5564
7155
8303
8710
3185
4340
5552
6436
6950
7294
9104
9552
4084
5456
1703
3793
4244
1217
2476
2543
8014
9645
1936
9149
2092
4343
5717
7034
123
526
2352
3471
6046
6731
7390
1984
3392
7202
9869
1906
2075
2895
6229
6279
7417
9157
9680
252
7378
8093
8897
4171
5548
7158
7209
8990
1514
6621
1773
5165
5321
3246
3851
1690
2133
6469
9248
4578
5919
7499
3622
3708
4651
7730
165
2728
4445
5821
6559
8851
9196
2
991
1959
4029
5014
6516
9121
127
6720
9611
1382
1698
6489
8049
9796
3597
4202
4689
8439
1616
6239
7352
6794
7019
8618
2699
4221
7620
2523
4682
5949
467
5984
6910
8038
341
486
1846
3311
3355
7979
873
1282
9884
2720
2877
6841
751
1335
6585
9839
2803
3718
8579
8725
1907
3056
7496
9439
5258
6003
6300
317
543
3364
4062
4434
4910
5591
2042
4941
6111
9247
9953
55
3626
7047
8829
2167
6425
7196
7437
554
1220
2055
6210
1262
4776
1744
5487
8062
8694
124
497
2211
2922
7474
8376
652
975
2889
3088
5566
7463
7573
8500
228
1213
3074
6732
9579
8729
9360
9365
614
4279
6813
7916
8122
247
1105
470
3075
4043
2562
3070
5788
7747
8023
3073
6899
2624
6005
6520
8363
9005
9372
171
9506
471
1498
5100
6722
8226
8498
2274
5241
5381
617
2079
2261
2399
4305
5635
6475
469
1387
1957
4248
5096
5476
6664
7898
694
8201
9934
5870
2104
4476
2949
4455
5556
1141
1288
1311
4482
4566
8484
3155
3610
5409
2327
5841
1235
2069
5166
5322
9622
6390
6898
8573
8930
2587
7558
7572
164
1048
2204
4175
8996
5434
7666
8347
4246
8817
9044
3760
5686
2847
8989
4460
6453
7649
302
4585
507
2475
2685
6132
1231
3481
7006
7450
9821
936
1847
6350
6512
1061
1479
3608
3865
957
3468
5472
6473
7082
9677
159
6186
7955
9467
5450
5573
8860
9847
167
391
395
4264
6762
4656
7351
990
3995
237
1023
1250
9865
396
1166
1696
2929
6009
7694
8004
1689
1815
7397
9518
640
1762
7553
8113
8986
8988
2890
33
2499
4431
5205
5310
5446
6754
7270
2975
9468
482
5300
6592
101
971
3401
1200
1057
4693
4819
4820
7220
8478
2703
4717
6623
9583
2208
7313
6277
4256
7054
8637
9401
9770
4172
5922
5962
9201
9442
2112
2658
3063
4957
7585
9492
9849
1543
5559
9341
2852
9289
3189
7691
8503
839
4020
8351
8952
1198
1419
7374
9079
8191
8649
7546
4701
5152
7681
9749
5006
9279
9687
93
4099
5538
6970
8597
6050
7488
130
411
582
994
1083
6587
2532
3042
8594
537
1126
2450
5198
3462
5537
9084
351
696
9895
1007
9578
2630
7693
953
3877
5068
5161
8929
1079
4972
5482
8367
412
3876
5737
3840
7370
8493
2373
7412
8932
5393
2049
5427
9451
9719
7434
823
4448
5641
6104
538
1035
2748
4037
4232
2911
4645
4933
9904
691
2394
5038
9624
929
1321
1033
4660
6672
6129
6316
4023
1069
1496
4867
6428
623
5847
8853
2876
3138
5344
8160
5698
6700
1775
2172
3879
4304
9224
9417
1400
3002
3928
4179
3630
6853
1027
2366
3450
4322
6613
6695
948
2446
2625
447
5959
6051
10
1016
3020
8512
1428
5980
7487
2556
3991
437
2338
3150
1750
4361
3483
5065
6703
8713
9460
3553
4262
8238
9989
2623
8672
9387
5607
8689
2375
4155
607
1850
3546
9729
5007
7759
2401
4388
4866
7623
675
1804
3962
6027
8779
644
5741
6781
7791
685
2303
1212
2122
7443
8545
9227
9265
9760
2842
2861
6915
9461
2582
5889
8537
8578
3192
5054
5240
7426
8472
9725
8886
8298
9212
4625
4330
4850
2190
4250
5448
9158
2985
8
178
4494
4721
8136
9992
2310
2763
5056
5305
8369
3388
3591
4831
9980
1702
1720
8323
2398
8036
1346
6539
6609
2381
4379
9410
4603
6011
4380
4797
6641
8170
4015
4143
9698
783
3762
4877
4956
8258
3272
6816
500
9662
9685
6142
8781
2696
5464
5543
7538
153
5164
5229
6851
6868
7257
3436
9012
9274
6044
5077
9581
6306
2174
4592
1655
2240
3126
8784
72
2014
3244
5324
6983
9802
350
3270
8128
3384
3964
6276
8065
2225
7420
3216
4313
6579
438
1697
1898
4437
7672
8220
253
75
1493
5132
5918
2805
5088
8895
3308
5479
7772
4832
117
4783
5468
6826
949
6363
9312
539
575
1835
8172
6537
7274
2701
9970
516
1123
311
6802
9020
808
1521
8813
841
2458
7812
404
4878
6197
6678
4840
7429
1752
2705
6378
8884
2830
9789
318
444
7549
6948
1952
8991
8492
2057
8581
5901
6907
7194
2930
9734
4799
6162
3796
4283
8071
4192
1490
5155
1524
4809
9607
9107
5583
5791
5500
9595
1593
8946
9109
4697
7477
7106
7645
3232
8287
9623
9773
1967
8134
4026
3890
6351
2927
6673
7098
8224
3
3320
7679
8658
4612
5754
923
2925
86
115
3875
9596
113
9004
9562
5614
9141
1812
4347
6079
6978
6348
6509
7578
9427
5584
5906
2725
2334
1767
9452
7964
1855
2691
2700
1435
1778
673
1687
6669
8912
314
390
6267
8192
6805
4153
6864
6903
7004
7604
453
9498
4290
7727
6523
8475
1173
5230
7182
842
9981
2046
9357
9392
2866
8059
4940
513
4760
5210
9759
4300
4753
6814
3910
2848
4935
9592
1052
887
8976
5758
9125
6421
8199
327
5498
1201
4328
1224
4098
8627
6747
26
3206
1517
4672
7771
262
4991
6065
7718
6649
6766
4620
9295
1266
4046
4201
9791
1203
5920
5937
6774
7489
8773
9696
4821
9635
8179
4154
9669
2324
2753
2884
3477
8210
8663
1047
3043
4354
9075
5034
917
9959
4317
9799
2420
309
1483
4320
759
5856
7888
1100
5780
963
5663
9619
969
5812
282
868
4376
8632
6990
8712
9956
869
1185
1358
5941
7409
3245
8255
8736
4092
7540
284
3993
735
9188
1829
9961
1641
2530
9167
1993
2914
3209
5138
9497
3861
8726
6165
7329
8286
3382
5605
2690
1004
2097
268
1155
8961
7117
8903
9885
3000
6536
8123
2010
2676
3196
7084
7137
2840
7121
4675
4661
1972
3044
2619
7664
9829
3997
1656
4040
6219
9354
3080
3359
451
9269
1890
4772
6874
7435
2672
5923
1095
2713
8169
4917
6759
528
7750
8277
9582
3077
9184
9831
4978
134
7800
1102
3499
771
4876
985
1227
8335
715
1675
5687
6220
5621
3474
5793
7644
3444
196
2145
910
5187
6486
5064
7347
5024
9126
170
2116
6638
7510
1922
9767
1442
6522
7068
9636
7399
4031
5483
3735
9897
7421
8270
3711
8269
7752
9374
1619
3365
9348
8003
3349
4471
6510
5774
6940
4011
5243
8684
1275
2100
2677
553
1440
908
7697
9438
1380
7061
2071
3224
6957
2077
6393
5921
5162
3030
2407
5318
4502
883
3848
8187
5964
723
2364
1784
1458
9035
988
4428
8546
5001
9287
3422
9078
1625
3051
6702
5037
5072
5878
5308
6750
5240
2659
6434
1312
7359
8826
4162
4282
1039
8455
313
1469
2252
6768
8075
8235
9861
579
4710
6253
6222
7091
2425
1552
6606
7756
2807
4846
3204
4796
5084
7366
5031
3140
1602
7971
9337
9709
5151
4120
8676
9712
3143
9379
9131
4197
25
6441
9543
1580
9304
1832
2074
5253
7778
8843
4764
9152
2948
4237
2198
1426
2504
6303
5126
8268
6771
2259
8385
6152
3496
2902
1092
6517
9812
1142
3177
6433
2263
1740
2986
6871
90
9914
748
2900
5994
2436
8009
1031
1121
6190
9471
1249
5520
2220
321
8882
1574
5373
192
708
2296
8723
2005
2292
930
4443
510
9175
3241
4370
9575
4848
5167
5565
9811
2207
2954
2761
9888
221
492
6130
6642
7355
3082
6707
9516
5228
4091
4193
4723
9695
733
2542
169
9041
567
734
3105
3402
7627
9504
7331
3085
945
1226
8958
5799
5649
2264
3423
2680
8548
2321
6087
4008
4951
1209
7779
3715
7393
2251
6824
7445
7336
5276
6467
3687
1063
4206
1989
9935
7939
5938
9752
5913
4865
78
7465
8867
1629
8166
9916
2178
2053
8590
3565
8536
7170
8022
3137
3484
7041
8068
1086
1253
5092
4335
2238
6556
1161
7599
4274
6639
7404
6097
5463
7163
6501
5908
3550
1841
6066
2058
460
6438
2464
1301
8409
4266
5272
4695
9982
1761
1902
5600
6085
3824
7029
3589
2322
7824
943
5851
4451
8549
2184
4477
1144
727
6944
2708
52
4259
5771
6309
4671
9183
3203
4980
1471
1800
8625
5823
146
9220
8083
2282
8735
9984
2740
7154
9858
5917
3680
4168
7123
2073
8209
8947
6561
1088
9258
1499
4911
9054
4357
3749
862
5632
8646
1962
4734
1551
6380
1437
3128
7504
9828
4298
6529
2749
9385
542
5347
7135
8341
1684
3330
9786
8295
4436
9195
7961
2647
5357
7767
8186
3377
1183
3346
3815
9650
80
3387
4427
7980
9946
353
7738
5539
2344
601
5119
7781
4520
8758
8402
6314
2136
8360
2668
730
97
9479
2316
5770
8670
1450
2548
3985
5931
5725
2149
7757
6497
8032
7367
3240
7032
928
7946
9860
3635
8529
7141
7263
4302
4325
2461
6905
8249
1263
698
6273
7696
3048
9834
3538
8066
8173
158
4138
5691
7085
6629
7570
9339
7045
1981
968
1119
1082
7986
8350
3123
5244
4115
9056
1258
7698
8861
3156
8012
8944
4478
8428
7427
7859
6043
6114
5553
9737
4923
1991
5710
1181
4355
3046
4559
5624
7448
9189
7056
3676
4608
1834
4469
4714
8955
9381
7146
1534
704
5385
3505
7822
9292
6084
7403
9605
2674
2397
7348
7709
7906
1528
8487
8647
4971
1255
1286
2217
4108
817
8144
7292
884
1139
2537
5180
3670
375
175
6850
4285
4875
1954
6334
1056
8072
3803
4574
8414
5396
1322
1572
6779
6514
9275
2947
5578
9294
3881
7042
3107
1595
9448
9590
1177
6137
8165
9958
5193
7462
441
7025
8971
3954
3966
5102
5798
255
9850
8499
3230
4922
2455
7475
1157
1985
5509
6564
8448
9700
820
4968
2051
3506
6367
8194
2283
2707
9633
3370
6358
3227
6119
7615
3113
3904
2295
4756
2936
6860
4658
8456
8313
650
8435
8024
9558
1711
1232
9191
6687
6999
4371
6054
945
4226
8780
3942
4297
4463
4859
6932
7885
7217
6627
5505
61
2752
764
4238
4247
9144
6538
8750
3169
4041
3925
2319
5839
6963
3554
8550
1414
6951
8387
3087
9682
5366
2243
3064
3225
4790
634
5655
9062
9844
4156
5367
6636
7826
1492
6401
6581
8938
4492
3255
3106
4637
6701
9378
4904
6100
1337
1743
8532
6397
6746
1151
5619
4491
6934
163
405
4843
5136
7341
8045
1567
7241
1575
6301
480
9306
2118
5915
8768
4833
921
1806
3294
9244
2438
1285
4958
6036
9739
2719
3116
7243
309
8321
4432
1066
2977
5814
9615
2846
2540
407
1189
3710
344
8292
1231
4439
4990
2098
6252
6420
7028
1536
9301
7238
9601
1423
8562
825
8429
7934
8789
6388
6372
1096
622
5475
5435
8987
2453
2335
907
1745
1298
6883
7997
9638
6799
2937
6362
2253
1825
4873
8052
7556
3511
4947
7356
8954
5965
7956
1344
8396
2127
8200
9776
8016
9712
978
5369
1213
2340
7636
761
4513
2395
5795
5282
7514
8537
5579
3703
2044
9253
9046
7022
7332
6751
709
6424
2341
9675
136
4906
566
2956
8395
7796
848
3153
8229
2827
7790
3551
7655
8438
8668
2581
5015
9761
3389
8256
9757
6530
3319
8378
6569
7247
1237
550
9288
1420
272
2024
3945
1570
5340
8502
6384
8289
1014
9561
8722
5830
3476
1769
2457
5153
361
7116
5465
616
9049
9489
4069
4472
4173
3791
8551
7167
2787
9759
3626
9155
4616
1042
7008
7096
3053
7735
8473
4984
6240
8704
7988
6587
2815
8530
9993
9964
2205
6117
5157
5750
213
5564
3646
920
8490
8555
8384
2101
2092
4483
5348
6721
5981
8463
9050
5390
6500
819
9563
1444
4188
448
4535
9418
4872
7667
8498
7984
204
1644
9825
9397
6203
6809
8558
3096
6502
3424
4882
9142
1921
9083
2126
2377
2589
8563
8417
1996
8158
900
6847
5772
3821
6637
32
6863
6064
9818
7635
9691
5454
7872
9111
1833
5896
1571
6236
4468
8436
4944
2920
421
5123
337
4316
8043
4515
8504
4946
4720
3490
1310
1785
2089
7955
9246
4363
9731
7315
8965
8713
366
1529
8235
8318
1447
4249
1271
5742
4814
3461
1345
9873
7546
2478
5942
2649
5022
5569
3913
8714
1503
9308
1338
6285
1188
3092
355
9843
8594
4570
4841
1594
7124
7601
1147
9327
9608
9099
3011
4103
5992
2022
7467
6340
2193
9845
2656
7969
2802
4858
58
6918
2087
4125
9003
2156
889
7115
3049
274
7296
8500
9025
238
19
7081
6994
9017
9167
658
6159
41
1666
9503
4004
7878
1279
6475
8931
6296
6889
125
5591
4241
236
4133
7305
4935
7192
3765
2483
8035
5267
5677
3104
1584
2636
7726
7777
1463
3995
8517
9891
1695
187
9204
9764
2641
4047
5585
1040
1735
677
6982
6820
9483
3582
9898
9075
6316
4012
8425
8990
4594
248
2621
5187
2069
1197
3652
6113
7479
5131
9494
6407
7622
3719
3642
6646
8974
7422
3051
3221
3564
4087
3976
3482
3469
8399
5457
7935
1878
6531
1077
6234
2595
443
3057
582
37
1198
2168
9928
884
5429
3038
8211
4489
3366
922
4521
8803
6143
8612
7072
9830
8098
230
8610
3853
1516
5005
7510
9864
4382
87
190
9596
233
4551
4600
2793
3438
3231
1021
3797
5948
8061
2102
3562
781
1001
2421
3548
3414
2124
9831
9760
2760
1668
3109
436
6457
6155
6346
7528
8015
3072
6739
348
3812
9473
2346
5888
1438
4267
9331
304
3517
9137
5551
6130
8507
6998
9170
9660
301
7605
1343
5405
4362
4544
318
1891
9359
4852
1299
1930
5358
6125
2246
5056
1269
737
8267
4199
72
2631
3209
3669
3892
5976
692
7804
4310
6368
731
6766
6604
2277
3421
8912
7148
3556
4456
532
9980
5693
8662
4568
2608
2365
416
3276
392
5074
9667
5445
6078
5660
7361
8401
4102
2113
3364
7110
8906
4503
7120
2870
5566
9334
7597
2096
3558
4366
2925
1896
3290
2857
2309
3245
5521
7265
5936
4084
5201
509
3045
9892
5817
7334
2655
1354
6715
6463
5456
6018
6570
2702
1335
3609
3533
5268
9313
7166
1297
8422
8621
1119
5945
5623
9614
8265
9235
8664
6677
5759
3356
8949
2487
4650
9444
1904
3194
84
8509
5000
9069
6298
1947
239
4389
1843
8826
7036
1497
5993
164
45
1306
4587
1396
4251
9801
74
684
2695
2497
8059
6981
4346
1920
8038
6127
8368
395
2462
3746
1885
342
9629
7665
7626
5294
231
2851
1851
2039
3108
4127
6940
7088
6178
1820
8370
424
8548
874
7547
1927
8162
1265
4767
9353
1186
295
7162
1366
4752
5402
4484
6723
7999
5597
1588
6092
213
9138
8133
3969
7973
579
3432
4808
4901
6052
6218
8491
8883
4896
5495
8025
3347
7446
2382
2049
866
5716
6438
1651
2684
1865
1805
5174
6055
4365
338
2594
7912
6245
3082
9620
679
1103
5198
515
2189
8818
3629
246
2219
1543
9769
3160
5822
9333
987
249
7545
7830
3542
2367
5631
8003
1592
7506
7464
1649
6872
784
7745
2451
8822
8379
5027
7642
2363
7638
2772
5177
7883
1954
2460
4444
724
8672
159
8150
3176
7672
1254
1127
6808
374
4378
372
3101
2053
4939
811
1880
6046
8716
3518
6702
4991
9765
8759
4482
8885
1314
7531
3549
5449
2615
2237
4423
8907
4997
8247
5587
9674
9548
3729
936
2010
562
7968
4217
8732
5764
9462
1389
2698
5940
1394
3450
2240
4528
5709
449
7529
3154
5751
1568
2670
8708
6243
6904
323
8663
8904
6198
5180
1810
191
1083
4149
5598
5009
796
3505
131
351
8796
9725
8086
8155
9274
7899
3371
6492
7159
9647
2776
4172
1329
3898
1775
3906
7264
5560
952
4211
6184
8564
1249
5554
9859
7179
1750
9215
1889
8509
6181
8658
1501
3191
5485
6360
7209
3592
3876
1290
1740
7291
7764
4979
629
6442
3325
6704
7811
9372
3567
5261
4352
1369
6470
2534
9678
3760
5407
1874
6955
9909
953
8204
4679
4512
5967
3223
7161
9985
5699
3436
1633
5089
9904
3192
6297
5701
326
6145
1870
3566
9164
2777
7903
9363
5046
2093
4709
5468
666
6280
4301
3095
8130
8918
9127
7521
1757
3934
3046
4035
6332
269
4775
1859
6907
3881
5271
9218
9690
8152
8271
5473
7990
3979
473
4853
7181
2501
4963
4564
5504
1566
4845
3688
7009
328
6073
9816
8857
3554
5296
9416
1607
1038
2345
8638
8932
7526
2929
5510
7019
4128
6569
6462
9553
5718
7732
5968
3789
1702
4640
9291
9673
879
876
3836
5346
5421
2371
6428
1080
2892
83
4333
8089
3933
570
9864
4176
2121
2111
1625
3988
7486
7316
4051
9027
8165
1868
8094
3998
8429
7678
891
8336
7755
7201
568
5786
3862
306
5603
158
3869
3635
311
631
6447
8163
1380
3630
8755
9300
6033
5155
1994
2845
9856
7759
1365
5073
4883
6196
5181
1623
2728
3511
3453
5266
9542
3174
5379
1626
6775
9140
3233
5975
4248
465
8302
9205
7331
3990
976
6850
1309
2402
4666
2119
3886
9951
8248
7671
2339
3362
1509
589
5546
2147
5991
4785
6812
5749
3808
414
7311
2480
8541
905
3823
5183
5657
2262
7685
250
2291
6522
3603
4306
7668
9409
4976
3757
9217
3777
4899
3061
6211
4021
6763
5330
7921
4322
5987
8999
8153
2619
7784
3287
6644
4083
2078
5916
7084
7910
8582
2004
349
5895
1095
2192
5106
9939
5854
4074
8869
3766
4511
8132
8737
180
2179
3937
7972
3670
2577
6079
6712
702
880
4388
5513
6284
8242
2545
1544
6171
481
2261
3383
5958
3389
5859
7409
9688
1818
7
1674
6154
7918
6040
6634
3743
7154
1778
7816
3018
6193
6639
8495
8547
3828
3103
6975
7320
1571
7424
1448
906
721
257
2252
9742
9043
849
178
5835
612
775
948
5722
3482
7040
797
719
5226
8332
3406
3638
1993
1895
605
8812
5821
2437
3816
3215
4303
2183
9988
864
1999
9440
2015
9500
2058
5314
282
3080
4875
5662
8614
7798
8250
362
5399
5669
2964
4080
4123
5628
4262
6948
8605
1977
6106
9588
703
2361
4689
1732
284
533
5447
6518
2007
4076
5153
7802
2924
9385
780
8525
7559
5486
5917
4166
5022
8662
7204
8119
9642
6580
8444
963
627
6048
6226
2331
69
6591
6960
688
3259
127
4155
5557
256
7258
4478
7592
5728
5423
2478
5146
7838
9177
5622
5712
2272
4024
3899
7909
4519
1724
4053
9865
4979
5301
6379
7069
8412
2304
7657
2372
5511
2693
5836
9752
9111
3813
5071
278
664
1824
7878
1856
4092
5083
1263
2812
9456
1026
3996
6324
3972
7834
5582
3673
2101
5144
2512
2771
2073
3571
5451
5455
7555
9789
9286
7462
9208
9733
4153
7417
6219
1751
1536
4380
47
8892
7949
1729
209
5072
155
2689
837
8467
1593
5686
168
8100
3543
7951
4439
62
6680
1232
2654
7612
4007
7124
1398
6722
977
7987
1460
1156
7538
5908
8210
4872
9371
1277
1116
2477
1089
7623
9276
5154
3794
7277
5687
5267
2431
5766
2914
6549
4626
9471
5736
295
7537
7680
8618
1094
2513
7008
1742
611
919
9161
4003
4348
4699
3076
4513
4385
4606
9580
226
5893
3164
3636
3338
4298
2821
7471
3216
2264
2474
4201
1115
9083
2214
6090
11
317
967
1814
8623
5242
3183
1540
800
2124
5743
7302
2768
5254
2919
4958
4692
7373
9189
6087
318
2678
6677
5444
2791
4754
2557
5318
9236
9799
3352
5260
1848
63
9139
5209
9261
3622
2984
7019
4677
8788
7049
6479
1244
3943
2483
3108
4249
6499
7177
142
7766
1782
3133
7703
617
2038
7278
2296
3336
3765
3724
6618
3121
1175
3910
1522
7111
8503
9271
6585
6863
7394
7539
4351
107
7483
9561
2346
7306
8790
207
583
8281
6819
7507
1489
7634
9115
6695
3812
5824
8413
4832
7188
8450
2060
6337
7148
2258
3530
7993
5770
358
2320
9810
4721
8161
9486
1295
6967
5141
9526
486
8245
4761
4881
3489
3894
7992
2143
9113
7904
2155
5553
4889
3315
2106
9792
4749
677
3291
1361
8262
6840
9386
1021
9109
8461
8141
8498
8480
4194
2493
1924
2927
2326
4313
5206
6215
9087
4725
6322
9541
2757
2673
6429
3909
6674
4124
7710
485
243
2238
2006
3427
1959
2373
3130
5005
7220
7999
5196
9611
792
5507
1317
2299
6181
5105
4921
9653
6724
2736
5839
8143
1061
9538
6708
1706
2883
6277
1585
2995
8062
2265
2753
3506
2952
5711
7594
5876
1337
9044
6759
5785
2172
8845
9556
4043
4790
3104
2701
2574
3892
6251
9426
8460
82
7329
6331
3708
5580
9877
762
1415
2181
9814
4381
8997
691
4284
5626
9415
3490
939
7023
7390
5297
2184
8599
1196
3755
5613
4425
1082
739
4960
7492
5529
7285
5448
572
9143
7240
6784
1738
1046
1255
2368
3542
5565
4187
2861
5471
6240
7197
3422
420
1274
3462
6679
9740
6543
3991
5342
6795
3144
6129
5409
9564
2849
487
965
2116
834
6743
8669
1733
6556
9803
4888
4349
9091
5424
598
5685
2112
8033
3940
5375
5784
9379
8544
625
7182
9913
5470
7452
8269
828
2158
4676
6037
7047
7864
5092
3464
9346
9202
9763
907
2019
6082
2484
8220
7113
9995
6122
5971
5344
144
1117
9330
9716
3798
2976
6658
3234
6146
7490
3030
7645
1750
6042
1318
9577
8989
6684
3282
7448
124
3786
2733
4498
275
8545
7130
1584
2814
8779
6265
1853
8587
792
6599
995
4029
4718
5541
7273
4421
5431
3795
5941
7351
1634
1397
3313
1097
7749
5099
9870
2027
2732
9384
6953
7402
9319
3391
6715
9377
5579
7092
8911
8282
1357
6864
4185
1039
4208
8037
6818
7052
9480
5526
5979
9074
1407
636
9006
9739
7980
2874
3220
3706
6051
7830
4793
7911
3842
6245
5577
6624
3955
4209
3113
6168
6468
3959
1819
8508
8574
2754
5250
3127
4780
3780
6022
4213
3731
5336
8509
9435
1502
860
1966
3931
7292
3001
7391
9406
2425
2891
1657
1681
1794
3888
5502
9608
375
8953
2555
4327
5187
6487
7317
1376
3763
9822
2598
5097
5660
7505
1346
2035
9472
5292
7336
2788
2203
7572
7655
5282
8899
8343
4642
3472
1150
2310
8234
427
2959
8363
8470
3629
6143
5462
8069
4427
6548
6320
7931
2641
8109
4491
2400
4377
2978
3213
7527
8711
8383
7116
1359
5370
7787
9581
9926
8551
4044
8275
1102
1518
6381
5396
9206
8868
6961
4934
9064
1091
3082
3552
793
7198
3730
2556
7359
6475
7788
4827
9194
8055
6401
5477
1223
3394
2742
6442
4138
6600
2758
9966
4772
5363
1562
6214
2612
9071
9876
1399
3683
6721
9686
6690
6477
8819
4409
3056
5039
5504
4232
8217
1881
7522
1973
8507
6262
5387
4766
5110
5287
6281
7254
7941
1505
4821
1237
6228
3335
2780
961
3770
7367
8558
4995
8346
5213
2088
6830
3717
2367
7368
9937
4111
8854
3901
6849
2653
8809
5645
2012
8285
1498
9414
8072
4789
4633
8447
6546
8644
9092
326
5584
7006
7604
2076
3075
382
1843
5975
8594
8635
8757
629
3411
5434
6212
9919
6617
9506
101
8730
9821
3809
173
2661
5437
1279
795
1764
7041
1413
6579
5147
4890
4412
7146
4398
5397
2554
4382
2165
3061
2383
6776
9240
2896
5392
6542
7442
454
8616
3601
1726
3332
6661
187
7239
8437
2321
5864
9032
4861
714
1817
8063
4064
618
9655
7287
8221
4739
7247
1230
4886
1254
9219
3055
8321
4211
4798
8991
2710
9460
199
1006
6576
156
2139
9709
4222
6837
9647
9998
3449
4516
8858
396
2022
3900
209
6421
7752
195
6424
8750
7158
3364
7857
3611
7245
9915
5369
7922
7854
5404
9825
544
7421
4459
6457
4939
2095
2427
8099
9743
441
7384
9015
8624
586
9788
5212
7708
8655
7744
4223
686
4596
9010
4993
1803
2275
659
8368
1847
7072
2145
4323
1071
3847
9391
9485
514
8672
6588
5534
5734
902
2406
16
3158
8541
2721
2121
5694
1075
8429
8414
2417
7076
7845
2468
4268
5475
197
8073
1032
6235
1743
5808
3211
6817
6523
233
60
8033
5096
9676
8782
4225
6402
2323
2543
4770
6456
9086
1791
5317
8742
9477
4841
5648
3952
9438
9360
2925
6942
2917
1573
439
9437
6591
2260
8988
6411
2438
5306
7976
4052
7176
9764
1975
3591
8632
8876
1589
9618
4042
1635
1871
2867
361
1181
1405
3285
1056
1086
1165
5084
5319
5846
2534
8492
7565
9126
3434
6997
121
7855
2709
3570
2666
3756
1840
7827
370
5870
565
2723
3479
3916
3270
6730
4806
1313
8048
2948
9056
7355
4284
8645
1576
4333
6951
3400
71
4535
803
1834
8551
673
6696
7486
7078
8607
4139
9593
2694
5860
7017
3704
7866
2482
7500
9710
669
4112
1741
3902
2050
225
1490
4315
932
2563
1832
7948
9497
9467
9828
5695
2628
6349
8454
462
8548
2760
8328
4317
7248
7395
3197
5753
9779
6252
3095
9270
7955
3657
8679
7713
1449
6490
4242
6420
9247
9916
1298
1259
5480
1703
589
3537
6910
9667
7475
5074
5327
9949
7806
644
2776
6180
9680
7307
8087
5809
6963
6568
7418
2643
1437
5515
3576
1613
6632
9412
7128
3739
6873
8183
9648
5601
5642
5239
8053
1941
1705
7686
2462
3581
692
1630
8591
759
7724
6891
1775
8213
4415
8421
4324
6892
3110
6870
6625
8166
2151
6665
2247
3229
1997
5481
3345
2715
8065
3744
4989
9639
8506
6571
6079
2634
2637
3709
9033
9661
6356
168
8089
3725
498
2981
844
14
7208
141
4720
7057
5730
3607
8754
7891
9541
271
3510
8862
6520
5799
9729
1289
3254
3897
6216
4076
5430
6820
9607
9751
534
4307
1262
4310
7916
8535
901
9829
353
1458
4614
6669
8311
96
8826
9924
2288
279
6399
2423
2082
6968
5484
9418
2240
2081
4350
5948
7521
5395
1195
3971
4165
7978
5318
9023
2930
5415
2827
3146
4746
9419
4413
1078
8035
5864
7917
7001
7684
7619
2252
9227
9080
1644
5784
6187
9662
6647
912
5918
4228
5755
8518
8145
4170
6353
3073
6435
1510
8310
1058
9269
3413
6996
566
4602
865
1436
8011
8409
6443
410
3029
1412
8044
442
4928
9558
8660
6326
2046
781
2113
1341
7114
8985
7267
1559
301
4193
7943
1765
9043
1198
5910
7593
103
4611
3043
2855
7939
3526
4514
147
5778
5567
9874
6652
7856
3448
1744
3665
7299
6744
625
8860
9682
871
2242
8571
8867
1476
381
3869
4440
853
3053
3280
1606
7557
287
9380
3308
8930
7531
653
1217
1447
605
5667
1316
7966
2322
2127
3421
8987
1141
6924
7195
7658
2584
9104
7295
6676
1755
8298
1961
4615
329
9405
8947
2880
663
5924
7374
404
2296
6702
212
5330
8733
2537
9871
5078
3676
8585
9911
5668
1136
2619
6295
3630
5777
418
6640
9161
5252
6563
205
2327
9869
6501
4628
4616
9928
1422
5045
1870
9049
7934
1756
5038
4475
5488
8597
9176
3089
9936
4166
4744
400
1025
7432
6752
4300
3245
2433
2691
2066
2221
7994
8391
2334
6430
6155
1957
4764
4863
5208
5755
5451
4703
5056
3274
6493
1070
4850
4692
9656
550
551
328
1979
650
8895
206
7353
7263
5719
842
883
4087
1286
9017
3192
4617
253
1060
3250
5813
2224
9775
285
7139
5716
7715
777
7497
4620
1250
7996
641
1597
1480
5657
2975
9117
1790
8203
6282
7799
7568
1844
1918
7165
9367
8929
5244
3263
2403
2934
2025
863
9356
5034
5412
3711
2019
5182
3993
4302
6286
547
1948
3721
5519
6723
1829
5280
3574
5760
8979
9854
3936
9292
1236
7323
4347
2248
439
3273
812
7702
7201
6289
9492
2751
3661
7828
9179
6538
6805
3134
6549
7580
8167
2601
1033
2501
5123
5720
9540
1856
9980
3688
4977
6514
6072
7422
609
629
6201
8088
3194
5765
6655
2203
1306
5148
8272
640
2903
4867
6393
1287
4393
4090
737
9306
1054
6305
8366
3206
5800
6470
890
383
5014
9176
9402
9501
5606
6342
2103
5450
432
5470
7750
9633
826
7317
5331
3190
1560
8921
9268
4737
6084
3668
916
3685
546
9811
4488
2610
426
2926
2175
7986
389
9801
8656
1293
5149
5312
5953
5542
9000
9399
2269
548
3237
8509
7602
4774
7707
9251
3931
6648
8291
2692
2939
7170
9579
4148
4819
1090
5804
1329
9770
7615
2718
6903
3153
7296
3424
7579
6659
5939
9205
2708
74
6778
4753
9303
4975
5241
6749
2256
5378
5086
2387
182
5550
6099
9503
2133
6960
4422
2545
9210
5954
8758
1647
1925
3106
9098
1157
3899
4244
6062
4269
3155
5178
9290
4015
3074
874
2899
3984
4362
8223
4348
9953
8077
1937
5181
8951
8981
4053
6415
9320
6767
5125
8537
7035
6983
2108
9229
3655
9328
5889
7297
8706
791
3163
4630
2085
3404
7672
9012
3492
4255
1118
5839
1578
4085
4151
5283
892
4789
8381
8385
9173
6098
8344
6167
8687
199
4000
9351
6795
1221
5217
9083
473
1516
3309
7329
7040
3850
6852
5275
165
745
6324
1636
5296
6882
6746
5549
9578
6832
4378
6921
1251
5654
2336
4374
4647
1810
6759
9642
5624
3319
4558
2205
5634
8495
4252
3252
449
9381
2153
2548
2040
757
7885
4083
6134
341
2102
538
7618
761
9972
3452
6184
7923
4877
4903
4011
6337
2515
7056
910
8638
482
5016
2159
9549
6044
5524
7253
2065
8953
1485
7549
6425
8254
3337
6171
1919
3364
7964
8646
2714
3615
5983
8889
2528
3960
4519
3854
9875
3236
7745
9147
758
719
3462
69
3889
6949
6412
9979
7929
7149
1162
8521
8127
900
9645
824
4984
9750
3112
1344
5246
5338
6772
2443
2455
4457
4396
2214
4624
6518
1694
7510
764
3867
1859
5633
