1526
9612
9503
1797
1799
4479
5883
7928
3174
6983
150
2149
5415
783
5924
907
3291
5096
6802
8257
7073
8276
2729
542
1579
6030
7914
9070
8137
3032
2510
5219
7968
1163
5566
2089
494
3009
193
2713
2953
1328
4636
8246
9238
7688
6273
7740
4846
9401
3500
7134
872
9107
9753
1539
1100
1776
1757
615
7516
9179
642
550
8344
9423
9983
1185
7210
2457
8217
2180
4443
771
4549
6886
7471
4643
4370
8320
7847
2490
2969
7762
5158
4305
1880
4427
9138
6801
9040
294
6953
8191
8916
7051
8682
2876
4020
5
9787
4108
5464
2736
2976
3588
8717
9414
3922
6995
4516
5480
1956
1311
4669
8270
11
921
2761
4157
4258
807
3176
5968
6832
4463
1586
6740
898
2353
9218
2628
3316
4277
4488
6790
9686
1154
3124
4411
4057
3945
7442
9651
890
1121
6837
6051
4439
667
3798
8748
2100
2697
2301
2369
7783
2396
2412
3775
1102
3205
3476
6299
8484
2837
2083
5089
7604
82
2323
5640
4639
8266
4376
9250
4658
1971
3056
3136
702
5251
96
1266
3623
4262
1686
2965
1258
3982
5474
3742
7229
2099
2268
3362
63
662
4763
2605
2785
2443
4821
2559
8731
9928
3138
5206
7218
1752
940
3425
2463
1636
2170
1536
4332
5819
8523
4728
6317
510
6944
7889
8735
4845
5861
4253
4931
6420
9565
2895
9334
235
641
9011
9319
9556
1439
3834
8
1805
1073
7446
283
4068
6565
7942
8534
8805
3108
5933
8931
3790
5271
7266
7848
1279
5558
2075
2439
5521
9820
7129
319
4558
9110
9276
3739
2371
3394
4606
7836
190
4346
5520
5663
9158
1948
2421
1383
4183
6414
2820
7461
1634
3608
5240
9777
727
5711
7291
7123
8486
2044
3949
7870
5461
1576
3793
2904
8034
1788
6294
8401
4394
2583
7744
9615
2502
6665
7980
866
5808
8205
8797
2091
1687
3227
2535
1879
5424
3219
3824
4290
1540
7856
2985
364
1107
1214
2388
7613
5051
7337
5028
1804
4271
7290
5433
387
2821
3529
4826
8761
9946
2470
7963
9464
2790
7096
597
9421
3208
5864
1980
5828
6555
7622
603
1995
5004
5962
7841
314
2232
2385
4221
3243
9613
4619
4670
8490
5435
9470
5345
5671
2395
6052
3134
9475
9684
570
4635
9884
9867
7729
2384
449
6061
8629
6895
2528
3006
9099
7610
1590
1111
6725
114
1084
1217
5838
2017
6710
9723
7620
1268
1162
7532
8166
5411
8417
584
2726
3841
5160
6614
1706
223
7093
5105
1747
1996
5957
2884
69
121
9974
666
3681
9227
5188
3494
8976
9212
1554
9500
6613
153
3606
1098
514
6302
341
4147
2906
4196
6160
2888
7457
5050
5960
30
3143
7590
9077
7445
1056
9703
1453
7721
936
2460
2845
4143
7176
9954
230
3120
4209
1918
1942
4215
64
6089
7757
8664
5653
9730
7006
7563
6874
7128
7462
3345
4032
4476
9582
7788
4683
931
7629
453
6080
8600
2354
3478
1120
7412
9637
5652
5187
4703
2244
3099
3023
1641
2572
2081
6853
1433
7679
8200
5738
934
2054
2701
1283
6026
6848
2992
2172
8635
960
4369
3934
6491
7986
7716
2177
4467
9207
4391
7142
7951
706
4824
8049
8764
4577
2774
5372
4692
805
1486
1620
3634
4929
8458
1739
5607
1663
4562
3511
5826
9514
3923
9145
842
5472
5357
7514
5204
5778
2598
7737
4913
5209
6062
7564
8173
620
9390
2670
4751
8267
7223
1701
5006
3898
5074
9740
1275
34
5282
7560
3251
2594
5128
6986
8491
3487
5147
9549
4392
8681
6877
5610
6092
7124
4837
3609
987
4385
3889
7126
92
8798
1150
2153
9075
483
1773
7705
8929
9315
4141
2318
4922
70
1904
8422
593
1207
8960
9452
1059
7578
178
5439
6217
1842
4211
6904
3948
9468
8424
1745
2345
2659
5260
6282
2597
353
3479
5099
6332
8285
5488
2830
6667
796
8041
709
2311
8362
806
2254
3504
9130
2556
4777
8831
7301
9507
4625
1231
9949
8880
8366
2137
1347
1922
7193
2813
4505
5351
8947
7393
6176
1622
7204
8758
7544
5394
7282
4729
8852
5379
1682
2541
7408
9537
8064
7009
8168
8720
2868
1997
9576
6661
1723
3827
2040
6139
5086
5509
167
6526
6233
1058
5475
3506
4949
9415
7287
1591
4978
5338
7852
2554
1188
8598
3862
5559
6395
5380
4961
4187
870
9346
9172
3229
6967
7527
3364
2315
6083
1306
5103
5793
9655
2683
7215
726
6054
5940
202
5242
6680
9339
5880
5169
8769
8770
9530
8040
9448
4182
2192
8150
2733
6584
5005
6470
1687
845
9608
4392
2477
3255
4856
3042
2064
3823
3307
7398
6061
2266
3339
7583
9409
4178
278
7175
4367
3750
4365
1673
8009
4207
9675
656
4530
8882
790
3107
7519
8369
6065
3610
2924
9964
2722
354
2974
1343
1821
2774
3306
622
8549
103
4480
8352
4812
7364
5432
5490
6573
5318
9117
8118
3614
9571
9653
3219
5974
751
6783
4339
8864
4033
8179
2677
3502
6203
4458
9786
8307
7926
6743
8999
4671
2622
9024
5050
5097
5928
4594
5742
1877
1428
9714
5120
6119
1959
7339
1318
261
9112
3714
3704
5884
4409
7544
1910
6240
4601
6767
237
5322
9648
5964
56
4423
2185
9915
1490
803
6509
507
6430
3058
5417
880
5328
176
6079
140
7912
2955
2018
