9.3
9.5
13.4
13.5
13.5
13.7
13.7
13.8
14.9
14.9
15.8
16.0
16.2
16.4
16.5
16.9
17.2
17.3
17.3
17.5
17.8
17.9
18.3
18.6
18.6
18.6
18.6
18.6
18.8
18.9
19.3
19.3
19.3
19.5
19.5
19.9
20.0
20.1
20.2
20.2
20.2
20.4
20.5
20.5
20.5
20.6
20.9
20.9
21.0
21.0
21.1
21.2
21.3
21.4
21.4
21.5
21.6
21.6
21.7
21.8
21.8
22.2
22.3
22.7
22.7
22.7
22.8
22.9
23.0
23.9
23.9
24.0
24.0
24.1
24.1
24.1
24.3
24.5
24.6
24.6
24.7
25.0
25.0
25.0
25.1
25.2
25.3
25.3
25.3
25.4
25.4
25.5
25.7
25.7
25.7
25.9
25.9
26.1
26.1
26.2
26.3
26.4
26.4
26.7
26.7
26.7
26.8
26.9
27.0
27.1
27.2
27.2
27.3
27.4
27.5
27.5
27.6
27.6
27.6
27.6
27.6
27.7
27.8
27.9
28.0
28.1
28.3
28.3
28.4
28.4
28.5
28.6
28.8
28.8
28.9
28.9
28.9
29.0
29.0
29.0
29.1
29.2
29.2
29.3
29.7
29.7
29.7
29.8
30.1
30.2
30.2
30.2
30.4
30.4
30.6
30.6
30.6
30.7
30.7
30.8
30.9
31.2
31.2
31.3
31.3
31.4
31.6
31.6
31.7
32.0
32.2
32.2
32.3
32.3
32.4
32.4
32.5
32.6
32.9
33.0
33.3
33.5
33.6
33.6
33.6
33.6
33.7
33.7
33.8
33.9
33.9
34.0
34.1
34.2
34.3
34.3
34.4
34.4
34.5
34.6
34.6
34.7
34.8
34.9
35.1
35.1
35.3
35.3
35.3
35.4
35.5
35.5
35.7
35.8
35.9
36.0
36.0
36.0
36.0
36.1
36.1
36.3
36.3
36.5
36.5
36.7
36.7
36.8
36.8
36.9
36.9
37.0
37.0
37.1
37.2
37.2
37.2
37.2
37.4
37.4
37.5
37.5
37.6
37.7
37.8
37.9
37.9
38.0
38.0
38.1
38.2
38.2
38.3
38.4
38.4
38.5
38.6
38.7
38.7
38.9
39.0
39.0
39.0
39.1
39.2
39.2
39.2
39.2
39.3
39.4
39.5
39.5
39.6
39.7
39.7
39.7
39.7
39.8
40.2
40.2
40.3
40.3
40.4
40.8
40.8
41.1
41.1
41.2
41.2
41.3
41.3
41.3
41.4
41.4
41.6
41.7
41.7
42.0
42.1
42.2
42.3
42.3
42.5
42.6
42.6
42.7
42.9
42.9
42.9
43.0
43.0
43.0
43.1
43.1
43.1
43.2
43.4
43.6
43.6
43.8
43.9
44.0
44.1
44.3
44.4
44.5
44.5
44.6
44.7
44.9
45.1
45.1
45.1
45.2
45.2
45.4
45.5
45.5
45.6
45.7
45.8
45.8
45.9
45.9
46.1
46.1
46.4
46.4
46.4
46.5
46.5
46.6
46.6
46.7
46.7
46.8
46.9
46.9
47.1
47.2
47.2
47.3
47.3
47.5
47.6
47.7
47.9
47.9
48.0
48.1
48.3
48.3
48.4
48.5
48.7
48.8
48.9
49.0
49.0
49.2
49.3
49.3
49.4
49.4
49.4
49.6
50.0
50.1
50.2
50.2
50.3
50.6
50.7
50.9
51.1
51.5
51.6
51.9
51.9
52.1
52.1
52.1
52.1
52.2
52.2
52.4
52.7
52.8
52.9
52.9
52.9
53.2
53.5
53.6
53.6
53.6
53.7
53.7
53.9
54.1
54.3
54.4
54.6
54.8
54.8
55.0
55.1
55.1
55.1
55.3
55.5
55.6
55.8
56.1
56.1
56.1
56.2
56.5
56.8
57.2
57.3
57.4
57.5
57.5
57.7
57.7
57.8
57.8
57.8
58.1
58.1
58.2
58.2
58.5
58.6
58.7
58.7
58.8
59.1
59.5
59.6
59.9
60.3
60.4
60.4
60.4
60.5
60.5
60.6
60.8
60.8
61.0
61.5
61.5
61.6
61.6
61.7
61.7
61.9
62.0
62.1
62.4
62.5
62.5
62.7
62.8
62.8
62.8
62.8
62.9
63.0
63.2
63.2
63.6
63.6
64.0
64.3
64.3
64.4
64.4
64.4
64.5
64.8
64.9
65.1
65.2
65.5
65.7
66.1
66.4
66.5
67.0
67.1
67.1
67.2
67.6
68.0
68.0
68.1
68.8
68.9
69.1
69.4
69.4
69.6
69.8
70.3
70.3
70.3
70.7
70.8
70.8
70.8
70.9
70.9
70.9
71.0
71.0
71.2
71.2
71.4
71.6
71.8
71.9
72.4
72.5
72.5
72.6
72.7
73.4
73.6
73.6
75.0
75.1
75.2
75.3
75.3
75.9
76.1
76.2
76.2
76.3
76.3
76.9
77.0
77.4
77.6
77.7
77.8
77.8
78.1
78.3
78.5
79.2
79.4
79.6
80.5
80.7
80.8
80.9
81.2
81.8
82.0
82.1
82.5
82.7
82.7
83.3
83.4
83.6
83.7
84.6
86.1
86.1
86.1
86.2
86.2
87.5
87.9
87.9
87.9
88.1
89.3
89.7
90.1
90.2
90.2
90.9
90.9
91.0
91.1
91.1
92.0
92.2
93.5
93.5
94.6
94.9
95.2
95.7
96.3
96.6
96.8
97.3
97.5
97.9
98.1
98.3
98.3
98.5
98.7
98.7
98.9
99.1
99.4
100.2
100.4
100.6
101.4
101.4
101.4
102.0
102.1
102.7
103.9
104.4
104.4
104.4
104.6
104.9
105.0
105.0
105.1
105.1
106.0
106.0
106.2
107.3
108.5
109.3
109.7
110.8
111.1
111.1
111.3
111.3
111.6
111.7
112.5
113.6
114.5
114.9
116.1
117.0
122.5
124.0
124.0
126.7
126.9
127.5
127.6
127.9
128.0
131.5
132.5
133.5
133.7
135.4
136.7
137.2
140.2
144.9
145.3
145.7
149.1
151.0
152.1
152.9
153.0
154.6
162.2
162.4
162.9
163.2
164.6
170.6
173.8
175.7
179.4
188.0
194.7
197.7
200.7
202.0
202.8
203.5
206.3
212.8
219.8
229.9
236.5
236.9
243.0
244.7
245.9
270.7
272.5
275.3
283.8
287.2
288.9
295.6
305.9
313.7
318.8
320.4
321.3
323.0
328.1
332.3
340.4
343.6
343.6
348.1
352.4
356.1
360.5
362.7
363.8
368.2
378.9
382.3
396.9
398.4
401.8
418.4
420.6
422.4
424.0
425.3
436.0
438.3
452.5
455.9
462.4
462.4
463.1
478.9
490.4
496.0
498.1
499.0
500.5
508.1
514.5
517.7
521.1
523.8
528.5
529.6
551.6
553.8
554.0
554.9
556.4
557.4
567.2
574.1
581.9
582.8
585.5
588.8
590.3
593.1
593.1
597.7
599.5
600.3
604.9
612.3
613.1
615.0
617.3
623.8
627.2
630.8
637.3
638.8
640.6
642.6
643.7
648.5
651.2
651.3
652.8
656.9
658.4
660.3
661.9
670.6
672.9
673.4
684.4
689.3
695.3
695.5
705.2
706.0
712.1
712.9
718.5
722.2
722.4
725.2
731.1
753.6
755.6
758.8
765.4
770.8
774.9
776.3
791.0
799.9
805.8
807.8
810.3
811.6
813.2
817.2
831.7
833.7
861.5
863.5
863.7
864.6
880.6
881.0
882.3
886.8
890.3
894.0
897.7
898.0
901.0
906.1
909.8
910.0
919.4
929.4
929.5
929.9
930.6
932.4
935.7
938.7
941.7
942.3
944.8
949.9
957.8
958.0
960.0
973.8
974.4
976.6
977.1
979.6
986.7
990.7
990.8
994.1
995.1
997.9
