11
12
15
28
29
30
31
32
33
34
35
36
37
38
39
40
41
42
43
44
46
47
48
49
50
51
52
53
8
10
13
14
16
17
18
19
20
21
22
23
24
25
26
27
45
54
55
56
57
58
59
60
61
62
63
64
65
66
67
68
69
70
71
72
73
74
75
76
77
83
9
78
79
80
81
82
84
85
6
7
86
5
87
3
4
88
89
91
2
90
92
1
93
94
95
96
0
97
98
99
31
35
38
40
43
51
52
11
12
13
14
15
17
18
19
20
21
22
24
27
28
29
30
32
33
34
36
37
39
41
42
44
45
46
47
48
49
53
54
56
57
59
60
61
16
23
25
26
50
55
58
62
63
64
65
66
67
68
69
70
71
72
73
9
10
74
75
76
8
77
78
79
80
81
82
83
84
85
7
6
86
5
87
4
88
89
91
3
90
2
92
1
93
94
28
29
30
31
32
33
34
35
36
37
38
39
40
41
42
43
44
45
46
47
48
49
51
52
53
54
56
57
59
95
20
21
22
23
24
25
26
27
50
55
58
60
61
62
96
12
13
14
15
16
17
18
19
63
64
65
66
67
0
9
10
11
68
69
70
71
72
8
73
97
74
75
76
77
78
79
80
98
7
81
82
83
6
5
84
85
86
87
4
88
99
89
91
3
90
92
1
93
94
95
96
0
97
98
99
99
99
99
0
99
97
98
0
93
94
95
1
96
92
97
99
3
2
98
7
6
5
93
87
88
0
94
89
90
95
4
91
17
96
8
18
48
52
53
57
58
62
70
20
23
30
34
37
39
41
42
43
44
45
49
50
54
56
59
60
61
63
64
66
69
72
21
27
32
35
36
38
40
46
47
51
55
65
67
68
71
25
26
28
31
33
24
29
1
92
86
3
97
7
12
99
84
2
6
79
5
98
87
82
81
83
88
85
77
80
10
9
15
11
93
14
16
13
76
75
8
74
78
90
89
19
17
72
22
73
70
91
18
94
71
66
69
62
20
64
86
95
58
63
67
4
65
52
60
57
68
37
30
53
48
59
49
12
28
29
30
31
32
33
34
35
38
39
40
41
42
43
44
46
47
48
49
51
52
11
13
14
15
16
17
18
19
20
21
22
23
24
25
26
27
36
37
45
50
53
54
55
56
57
58
59
60
61
62
63
64
65
66
67
68
69
70
71
72
73
74
75
8
9
10
76
77
78
79
80
81
82
83
84
7
85
5
6
86
87
4
88
89
3
90
91
2
92
1
93
94
95
0
96
97
98
99
35
40
43
52
31
33
34
37
38
39
41
42
44
45
46
47
48
49
51
53
54
56
11
12
15
17
19
21
27
28
29
30
32
36
50
55
57
59
60
61
13
14
18
20
22
23
24
26
58
62
63
64
65
66
67
69
71
72
73
16
25
68
70
9
10
74
75
76
77
8
78
79
80
81
82
83
84
85
7
6
86
5
87
4
88
89
3
91
90
2
92
1
93
94
95
96
0
97
98
99
52
31
43
35
38
40
47
49
51
53
37
39
44
46
54
56
12
15
21
28
29
30
32
33
34
41
45
48
57
59
60
61
17
27
36
42
50
55
11
13
14
18
19
20
22
24
26
58
23
25
62
63
64
65
66
69
71
73
16
67
70
68
72
9
10
8
74
75
76
77
5
6
7
80
78
83
4
79
81
82
2
3
84
1
85
0
86
87
88
89
90
91
92
5
6
83
4
93
2
3
94
95
84
96
1
97
85
98
0
86
99
87
88
89
90
91
92
93
2
3
94
95
96
1
97
98
0
99
93
2
3
94
95
96
1
97
98
0
3
93
99
2
94
95
96
97
1
98
92
4
0
93
3
94
95
2
88
96
99
89
90
91
7
97
6
98
5
92
1
4
87
93
88
94
95
89
90
96
91
3
86
0
7
2
99
92
97
6
5
8
98
87
88
84
1
93
86
13
15
16
10
12
9
89
90
83
94
82
85
75
91
11
4
29
95
28
67
33
30
73
32
70
69
96
27
72
64
66
77
21
41
20
23
76
31
62
71
34
65
44
43
68
37
50
80
38
79
25
39
40
35
58
45
46
61
78
42
26
63
92
36
60
48
47
52
55
59
49
56
51
53
57
81
19
17
54
74
84
22
97
8
14
18
24
7
75
3
11
12
15
28
29
30
31
32
33
34
35
36
37
38
39
40
41
42
43
44
46
47
48
49
50
51
52
53
9
10
13
14
16
17
18
19
20
21
22
23
24
25
26
27
45
54
55
56
57
58
59
60
61
62
63
64
65
66
67
68
69
70
71
72
73
74
75
76
77
83
8
78
79
80
81
82
84
85
7
86
5
6
87
4
88
3
89
90
91
2
92
1
93
94
95
0
96
97
98
99
31
35
39
40
43
46
47
51
52
12
15
21
28
29
30
32
33
34
36
37
38
41
42
44
45
48
49
50
53
54
56
11
13
14
17
18
19
20
22
23
24
26
27
55
57
59
60
61
16
25
58
62
64
65
66
69
70
71
72
73
9
10
63
67
68
74
75
8
76
77
78
79
80
81
82
83
84
85
7
86
6
5
87
88
4
89
91
3
90
2
92
1
93
95
94
96
97
0
98
99
52
31
35
38
40
43
47
49
51
53
21
28
37
39
44
46
54
56
57
12
15
17
29
30
32
33
34
41
42
45
48
60
11
13
14
18
19
20
22
26
36
50
55
59
61
23
24
27
25
58
66
71
16
62
63
64
65
69
73
9
67
68
70
72
10
8
74
75
76
80
83
77
81
78
79
82
6
7
5
84
4
2
3
85
1
0
86
87
88
89
90
91
92
83
93
94
95
96
97
98
4
2
3
1
99
0
88
89
90
91
92
93
94
95
96
97
98
1
99
0
93
94
95
96
97
98
1
99
0
93
94
95
96
97
98
1
99
0
93
94
95
96
3
2
97
98
1
92
4
93
0
94
99
95
96
3
88
2
89
90
97
91
7
98
6
92
5
1
4
93
87
88
94
95
96
86
89
90
0
3
91
99
7
2
8
85
6
97
5
92
98
84
19
23
60
51
41
70
34
54
52
39
58
72
9
28
45
50
55
78
10
16
43
13
31
71
79
81
35
38
46
63
24
49
66
27
44
68
56
12
21
77
57
69
59
61
65
67
53
48
40
75
87
1
36
26
76
47
18
33
37
42
82
83
30
22
85
15
20
88
86
11
25
93
80
17
64
32
4
14
73
62
74
90
89
94
27
28
29
30
31
32
33
34
35
36
37
38
39
40
41
42
43
44
45
46
47
48
49
50
51
52
53
54
56
57
58
59
60
61
63
64
65
67
11
12
13
14
15
17
18
19
20
21
22
23
24
25
26
55
62
66
68
69
70
71
72
73
74
75
16
76
77
78
79
80
83
8
9
10
81
82
84
85
5
6
7
86
87
4
88
3
89
90
91
2
92
1
93
94
95
0
96
97
98
99
40
43
47
51
52
29
31
32
33
34
35
36
37
38
39
41
42
44
45
46
48
49
50
53
54
56
60
61
21
22
24
27
28
30
55
57
58
59
12
15
17
19
20
23
25
26
62
63
64
65
66
67
68
69
70
71
72
73
11
13
14
18
74
16
75
76
77
78
80
9
10
79
82
83
8
81
84
85
7
6
86
5
87
4
88
89
3
91
90
2
92
1
93
94
95
96
0
97
98
43
52
31
38
40
47
49
51
53
29
32
35
37
39
44
45
46
48
54
56
57
59
60
61
28
30
34
36
41
50
21
27
33
42
55
58
63
15
17
19
20
22
23
24
25
26
62
64
65
66
12
13
18
67
69
71
11
14
68
70
72
73
99
16
74
75
76
9
10
77
80
8
78
79
82
83
81
7
5
6
84
4
3
85
2
1
86
0
87
88
89
90
91
82
83
92
7
5
6
84
93
4
94
3
85
95
2
96
97
1
98
86
0
99
87
88
89
90
91
92
93
94
3
95
2
96
1
97
98
0
92
99
93
3
2
94
95
96
1
97
98
91
92
0
4
93
3
2
94
99
95
96
89
90
91
97
1
98
92
4
93
87
0
88
3
94
95
2
89
96
90
7
91
6
99
5
92
97
98
1
87
4
88
93
86
89
90
10
94
9
91
95
96
7
3
85
8
92
6
2
0
5
97
22
15
17
14
13
12
84
98
87
11
74
81
99
68
60
66
72
44
45
50
62
73
77
34
58
69
88
52
55
64
67
33
37
48
10
38
28
43
39
46
49
56
63
82
51
53
29
47
61
40
83
54
65
36
18
42
30
57
9
31
35
59
86
24
27
32
80
78
19
23
76
16
70
79
93
25
85
26
41
20
90
89
1
75
71
11
12
52
8
9
10
13
14
15
16
17
18
19
20
21
22
24
26
27
28
29
30
31
32
33
34
35
36
37
38
39
40
41
42
43
44
45
46
47
48
49
50
51
53
54
56
57
59
60
61
62
63
64
65
66
67
68
69
70
71
72
73
74
75
76
77
78
79
80
81
82
83
84
85
23
25
55
58
86
6
7
5
87
88
89
91
3
4
90
92
2
1
93
94
95
96
97
0
98
99
11
12
15
31
35
38
39
40
43
46
47
51
52
13
14
17
21
28
29
30
32
33
34
36
37
41
42
44
45
48
49
53
54
56
9
10
16
18
19
20
22
23
24
26
27
50
55
57
59
60
61
66
69
71
72
73
81
82
83
8
25
58
62
63
64
65
67
68
70
74
75
76
77
78
79
80
84
85
86
7
6
5
87
88
89
4
91
90
3
92
2
93
1
94
95
96
97
0
98
99
52
11
12
15
31
13
35
38
40
43
47
51
53
14
17
21
28
29
30
37
39
44
46
49
54
18
19
22
32
33
34
41
42
48
56
57
60
61
20
23
24
26
27
36
45
55
59
71
73
9
16
50
66
69
10
25
58
62
64
65
72
83
63
67
70
80
81
82
8
68
74
75
76
79
77
78
84
85
7
5
6
4
86
2
3
1
87
0
88
89
90
91
92
93
94
95
96
97
98
99
2
3
1
0
93
94
95
96
97
98
99
0
99
0
97
98
99
1
0
97
98
99
1
93
94
95
96
97
98
0
4
3
92
2
93
5
1
99
94
95
96
89
90
4
91
97
92
98
0
3
7
2
6
5
87
88
93
86
10
9
89
90
1
94
21
8
91
80
15
66
85
23
64
81
82
19
71
95
58
72
22
27
32
76
79
83
26
18
77
25
36
40
70
34
62
60
28
74
41
96
4
75
69
24
67
12
14
30
49
50
45
78
13
37
44
65
42
55
61
73
38
57
59
99
33
46
51
56
63
39
68
35
52
54
47
48
53
16
31
29
43
84
17
11
92
20
12
28
29
30
31
32
33
34
35
38
39
40
41
42
43
44
46
47
48
49
51
52
11
13
14
15
16
17
18
19
20
21
22
23
24
25
26
27
36
37
45
50
53
54
55
56
57
58
59
60
61
62
63
64
65
66
67
68
69
70
71
72
73
74
75
8
9
10
76
77
78
79
80
81
82
83
84
7
85
5
6
86
87
4
88
89
3
90
91
2
92
1
93
94
95
0
96
97
98
99
52
31
35
38
39
40
43
47
51
12
28
29
30
32
33
34
36
37
41
42
44
45
46
48
49
53
54
56
11
13
14
15
17
19
21
22
24
27
50
55
57
59
60
61
69
71
16
18
20
23
25
26
58
62
63
64
65
66
67
68
70
72
73
74
75
8
9
10
76
77
80
83
78
79
81
82
84
85
7
6
86
5
87
4
88
89
91
3
90
2
92
1
93
94
95
96
0
97
98
52
99
31
35
38
40
43
44
47
49
51
53
54
56
12
15
21
28
29
30
32
34
37
39
46
48
57
60
61
11
13
17
33
41
45
59
14
18
19
20
22
24
26
27
36
42
50
55
23
58
62
63
65
66
71
16
25
64
69
73
67
70
68
72
9
10
8
74
75
76
77
80
83
81
82
78
79
84
85
