75
884
532
190
192
17
488
585
278
394
612
610
819
211
711
156
62
859
441
832
862
837
46
357
107
609
968
402
898
144
919
930
42
780
152
63
100
939
911
454
738
106
485
712
103
316
576
649
594
854
841
870
195
208
232
292
751
693
791
79
815
85
502
509
91
980
875
146
697
47
371
582
809
991
224
956
295
471
795
120
179
88
519
499
478
445
871
648
396
520
957
466
822
64
586
733
908
606
240
389
555
465
8
760
133
910
268
823
852
808
857
587
734
500
704
735
831
974
15
785
598
280
637
69
948
710
641
998
615
407
474
163
739
937
943
135
533
137
694
428
778
529
422
30
522
977
183
687
57
246
142
563
984
168
866
7
601
666
786
754
895
674
458
521
588
617
845
675
53
67
480
297
741
748
508
663
33
362
932
149
10
973
65
965
953
717
127
645
114
826
386
744
835
902
148
372
182
501
356
287
728
150
154
241
274
270
864
779
756
220
490
339
164
222
258
455
850
348
844
504
579
453
513
909
312
21
199
341
570
153
925
421
656
912
559
322
161
771
633
313
566
817
411
424
709
492
537
759
483
761
294
215
526
561
569
627
157
200
468
947
477
434
886
83
265
426
346
659
438
903
457
543
565
528
247
184
202
701
829
463
48
40
658
825
600
19
964
22
0
28
673
307
219
544
882
556
43
708
373
655
985
230
495
276
384
523
507
448
971
726
21
330
834
688
531
767
928
36
525
702
888
39
383
503
917
762
261
308
669
487
638
175
180
87
922
885
86
365
878
510
799
695
660
158
447
284
391
412
68
611
593
887
121
296
546
730
863
177
464
209
355
746
901
916
852
539
476
243
640
92
290
742
189
116
238
186
98
929
668
413
718
300
328
69
111
393
843
511
329
192
279
574
861
959
29
130
927
647
807
853
970
768
724
277
967
73
323
140
129
555
764
403
171
911
494
703
197
654
58
439
126
719
76
395
418
541
643
317
242
631
162
805
624
233
267
680
268
110
638
729
425
427
213
944
816
838
906
187
136
954
575
239
247
493
26
157
689
714
232
639
530
306
994
779
602
582
884
707
2
62
797
337
592
801
35
935
564
837
849
442
285
80
302
74
716
585
788
962
949
866
650
31
386
999
155
751
273
963
341
117
657
172
336
505
204
562
731
587
299
402
786
642
456
812
129
879
18
859
992
821
258
468
660
270
791
173
119
466
828
913
641
665
23
552
667
753
14
711
936
434
301
899
772
491
325
260
867
154
291
877
558
25
883
440
671
412
194
706
409
534
256
798
814
629
181
104
105
368
124
652
830
826
866
228
648
966
220
257
504
65
189
394
717
404
958
531
710
568
303
874
712
542
804
263
120
808
934
827
610
702
393
977
437
246
188
264
360
53
615
375
60
229
789
766
530
897
107
814
760
870
157
437
321
559
709
689
272
378
970
950
97
497
863
166
288
757
893
510
914
400
534
477
47
553
754
262
20
706
93
5
694
112
130
106
496
619
790
180
892
271
54
177
630
7
682
916
690
590
322
567
478
955
237
297
850
261
163
869
807
823
715
855
347
36
832
244
249
957
718
275
307
494
452
972
924
121
762
930
638
988
351
605
315
741
38
253
956
517
581
907
511
239
634
995
373
973
940
922
661
30
498
32
333
688
257
359
250
532
430
909
964
146
578
515
758
745
975
361
116
841
45
408
674
744
353
701
365
627
200
915
34
472
6
240
21
391
476
19
856
249
68
294
258
380
751
59
461
455
552
596
833
969
862
196
521
260
15
722
338
395
56
986
39
227
156
801
932
296
859
82
314
672
588
971
509
646
50
278
54
682
27
415
92
89
295
211
747
350
906
35
46
167
611
7
429
442
959
692
780
849
912
343
291
524
23
834
798
676
920
730
324
896
33
232
857
553
573
648
91
357
11
383
886
129
565
427
459
905
96
112
726
613
255
243
224
652
385
799
198
992
88
431
288
398
168
22
141
4
289
263
768
66
616
846
118
594
769
370
882
779
795
654
607
294
544
163
761
731
165
550
37
533
69
252
601
501
471
504
195
341
857
963
718
8
942
326
707
17
464
764
449
241
95
693
272
632
73
690
981
642
985
80
363
138
254
103
533
837
446
393
995
589
747
83
339
301
23
64
912
342
792
803
721
304
745
916
174
920
519
512
31
733
331
457
77
623
210
877
879
473
970
696
891
746
316
298
49
502
431
655
975
943
131
666
41
380
794
147
812
653
285
848
805
789
867
558
671
496
869
225
903
60
682
137
957
982
153
976
268
451
576
152
158
132
897
358
738
352
189
730
441
474
908
818
323
842
53
280
659
844
889
250
130
197
835
704
884
817
151
518
635
902
855
235
175
311
493
639
341
637
343
402
610
825
713
781
219
485
479
509
150
284
991
369
662
985
665
409
328
18
293
406
110
790
425
529
317
799
348
24
983
302
902
679
52
230
745
314
25
936
761
14
35
467
949
672
353
643
461
279
127
267
688
666
843
288
956
111
470
75
237
233
717
217
764
890
647
975
543
809
351
360
349
389
726
88
813
923
403
524
206
277
972
960
819
378
931
741
528
839
647
869
540
15
510
162
123
784
608
705
578
638
486
315
198
619
144
415
838
651
495
531
963
812
93
712
866
26
86
737
166
858
55
947
248
340
626
28
685
624
880
855
953
391
993
454
753
56
80
462
448
895
386
375
452
822
697
460
604
664
978
142
249
823
463
597
730
449
366
750
699
161
427
612
115
73
326
53
231
525
435
432
9
375
807
506
789
827
768
122
376
986
648
882
381
839
370
40
160
6
623
681
875
551
124
801
657
552
251
752
434
876
955
921
103
505
793
425
253
738
642
935
591
97
673
138
568
646
36
414
473
796
842
203
574
310
662
740
346
896
986
134
672
259
964
534
93
927
870
942
382
741
803
205
81
660
413
48
303
242
