426.5
426.6
426.6
426.6
426.6
426.6
426.6
426.6
426.6
426.6
426.6
426.6
426.6
426.6
426.6
426.6
426.6
426.6
426.6
426.6
426.6
426.6
426.6
426.6
426.6
426.6
426.7
426.7
426.7
426.7
426.7
426.7
426.7
426.7
426.7
426.7
426.7
426.7
426.7
426.7
426.7
426.7
426.7
426.7
426.7
426.7
426.7
426.8
426.8
426.8
426.8
426.8
426.8
426.8
426.8
426.8
426.8
426.8
426.8
426.8
426.8
426.8
426.8
426.8
426.8
426.8
426.8
426.9
426.9
426.9
426.9
426.9
426.9
426.9
426.9
426.9
426.9
426.9
426.9
427.1
427.1
427.1
427.2
427.2
427.2
427.3
427.3
427.3
427.4
427.4
427.4
427.6
427.6
427.7
427.9
427.9
428.0
428.0
428.0
428.4
434.6
434.7
434.7
434.7
434.8
434.8
434.8
434.9
435.0
435.0
435.1
435.1
435.1
435.2
435.2
435.2
435.2
435.2
435.2
435.3
435.3
435.3
435.3
435.3
435.3
435.3
435.3
435.4
435.4
435.4
435.4
435.4
435.4
435.4
435.5
435.5
435.5
435.5
435.6
435.6
435.6
435.7
435.7
435.7
435.8
435.8
435.8
435.8
435.9
435.9
435.9
435.9
436.0
436.1
436.1
436.1
436.2
436.2
436.3
436.3
436.4
436.4
436.4
436.4
436.5
436.5
436.5
436.6
436.6
436.6
436.7
436.7
436.8
436.8
436.8
436.8
436.9
436.9
436.9
438.2
438.4
439.2
439.8
439.8
440.1
441.4
442.5
442.7
443.1
443.8
444.9
448.4
449.4
451.7
452.5
453.2
453.4
453.5
453.6
453.9
453.9
454.0
454.2
454.2
454.3
454.5
454.5
454.6
454.7
454.8
454.8
455.7
455.7
455.9
455.9
455.9
456.1
456.2
456.3
456.3
456.4
456.6
457.0
457.1
457.1
457.6
457.9
458.0
458.2
458.3
458.6
458.9
459.0
459.4
459.6
459.8
460.4
460.4
460.5
460.6
460.7
462.0
462.9
463.6
466.3
467.3
468.2
470.8
470.9
471.4
471.4
472.2
472.4
472.7
473.0
473.2
473.2
473.3
474.8
475.0
476.0
476.3
476.3
476.4
476.7
476.8
477.5
478.7
480.5
482.6
483.1
483.3
485.8
488.8
495.2
497.2
586.4
586.4
586.4
586.4
586.4
586.4
586.5
586.5
586.5
586.5
586.5
586.5
586.5
586.5
586.5
586.5
586.5
586.5
586.5
586.5
586.5
586.5
586.5
586.5
586.5
586.5
586.5
586.5
586.5
586.5
586.5
586.5
586.5
586.5
586.6
586.6
586.6
586.6
586.6
586.6
586.6
586.6
586.6
586.6
586.6
586.6
586.6
586.6
586.6
586.6
586.6
586.6
586.7
586.7
586.7
586.7
586.7
586.7
586.7
586.7
586.7
586.7
586.7
586.7
586.7
586.7
586.7
586.7
586.7
586.7
586.8
586.8
586.8
586.8
586.8
586.8
586.8
586.8
586.8
587.0
587.0
587.0
587.0
587.1
587.1
587.2
587.3
587.3
587.3
587.3
587.4
587.5
587.5
587.6
587.8
587.9
587.9
587.9
588.0
588.3
594.3
594.3
594.4
594.4
594.5
594.5
594.5
594.6
594.6
594.7
594.7
594.8
594.8
594.9
594.9
594.9
594.9
594.9
594.9
594.9
594.9
595.0
595.0
595.0
595.0
595.0
595.0
595.0
595.0
595.1
595.1
595.1
595.1
595.1
595.1
595.2
595.2
595.2
595.3
595.3
595.3
595.3
595.4
595.4
595.4
595.5
595.5
595.5
595.5
595.5
595.5
595.6
595.7
595.8
595.8
595.8
595.8
595.9
596.0
596.0
596.1
596.1
596.1
596.1
596.1
596.2
596.2
596.2
596.3
596.3
596.3
596.4
596.4
596.4
596.4
596.5
596.5
596.5
596.6
597.8
598.0
598.8
599.3
599.4
599.7
600.9
601.9
602.2
602.6
603.2
604.2
608.4
609.7
610.5
705.3
705.3
705.3
705.3
705.3
705.4
705.4
705.4
705.4
705.4
705.4
705.4
705.4
705.4
705.4
705.4
705.4
705.4
705.4
705.4
705.4
705.4
705.4
705.4
705.4
705.4
705.4
705.4
705.4
705.4
705.4
705.4
705.4
705.4
705.4
705.4
705.4
705.4
705.4
705.4
705.4
705.5
705.5
705.5
705.5
705.5
705.5
705.5
705.5
705.5
705.5
705.5
705.5
705.5
705.5
705.5
705.5
705.5
705.5
705.6
705.6
705.6
705.6
705.6
705.6
705.6
705.6
705.6
705.6
705.6
705.6
705.6
705.6
705.6
705.6
705.6
705.6
705.6
705.6
705.7
705.8
705.8
705.9
705.9
705.9
706.0
706.0
706.0
706.1
706.1
706.1
706.3
706.3
706.3
706.5
706.6
706.6
706.6
706.7
707.0
713.7
713.7
713.7
713.8
713.8
713.8
713.9
713.9
714.0
714.1
714.1
714.1
714.1
714.2
714.2
714.2
714.2
714.2
714.3
714.3
714.3
714.3
714.3
714.3
714.3
714.3
714.4
714.4
714.4
714.4
714.4
714.4
714.4
714.4
714.5
714.5
714.5
714.6
714.6
714.6
714.6
714.7
714.7
714.7
714.7
714.8
714.8
714.8
714.8
714.9
714.9
714.9
715.1
715.1
715.1
715.1
715.2
715.2
715.3
715.3
715.4
715.4
715.4
715.4
715.5
715.5
715.5
715.6
715.6
715.6
715.7
715.7
715.8
715.8
715.8
715.9
715.9
715.9
715.9
717.3
717.4
718.2
718.9
718.9
719.2
720.6
721.7
721.9
722.4
723.1
724.2
728.9
730.7
731.8
754.0
754.1
754.7
755.5
755.5
755.5
755.8
755.8
755.8
755.9
755.9
755.9
755.9
756.0
756.1
756.1
756.1
756.1
756.1
756.1
756.1
756.1
756.1
756.1
756.1
756.2
756.2
756.2
756.2
756.2
756.2
756.2
756.2
756.2
756.2
756.2
756.2
756.2
756.3
756.3
756.3
756.3
756.3
756.3
756.4
756.4
756.4
756.4
756.4
756.4
756.4
756.4
756.5
756.5
756.5
756.5
756.5
756.5
756.5
756.5
756.5
756.5
756.5
756.5
756.5
756.5
756.5
756.6
756.6
756.6
756.6
756.6
756.6
756.6
756.6
756.6
756.6
756.6
756.6
756.6
756.6
756.6
756.6
756.6
756.6
756.6
756.8
756.8
756.8
756.9
756.9
757.0
757.0
757.1
757.1
757.2
757.2
757.2
757.5
757.9
760.6
761.6
761.7
761.9
762.3
762.3
762.4
762.4
762.5
762.6
762.6
762.6
762.6
762.6
762.6
762.7
762.7
762.7
762.7
762.7
762.7
762.7
762.7
762.7
762.7
762.7
762.8
762.8
762.8
762.8
762.8
762.8
762.8
762.8
762.9
762.9
762.9
762.9
762.9
763.0
763.1
763.1
763.1
763.1
763.1
763.1
763.2
763.2
763.3
763.3
763.3
763.4
763.4
763.4
763.4
763.5
763.5
763.5
763.5
763.6
763.6
763.6
763.7
763.7
763.7
763.8
763.8
763.8
763.9
763.9
763.9
764.0
764.0
764.0
764.0
764.0
764.1
764.2
764.2
764.3
764.3
764.3
764.3
764.3
764.4
764.5
764.5
764.5
764.5
764.8
765.1
765.1
765.1
765.2
765.3
765.3
765.6
765.6
765.8
766.9
767.4
767.4
767.6
767.6
767.6
767.6
767.7
767.7
767.7
767.7
767.7
767.7
767.8
767.8
767.9
768.0
768.0
768.0
768.0
768.1
768.1
768.1
768.1
768.1
768.1
768.1
768.2
768.2
768.2
768.2
768.2
768.3
768.3
768.3
768.3
768.4
768.4
768.4
768.5
768.5
768.6
768.6
768.6
768.6
768.6
768.7
768.8
768.8
768.8
768.8
768.9
768.9
769.0
769.0
769.1
769.1
769.2
769.3
769.3
769.5
769.5
769.7
769.7
769.7
769.8
769.9
770.0
770.1
770.2
770.4
770.4
770.7
770.7
770.8
770.9
771.1
771.5
771.6
771.8
771.9
772.1
772.7
773.1
773.5
773.6
773.8
773.9
773.9
774.0
774.4
775.0
775.3
775.6
776.1
776.2
776.2
776.2
776.4
776.8
776.9
776.9
777.1
777.1
777.2
777.4
777.6
777.6
777.7
777.9
777.9
777.9
778.2
778.3
778.4
778.5
778.6
778.9
778.9
779.0
779.0
779.0
779.1
779.1
779.2
779.3
779.3
779.4
779.7
780.1
780.1
780.1
780.3
780.4
780.5
780.6
780.7
780.9
781.1
781.2
781.6
781.9
782.1
782.4
782.8
782.9
783.1
783.2
783.2
783.2
784.9
785.1
785.3
785.9
786.4
786.5
786.6
786.8
787.1
787.6
788.4
789.1
789.9
790.6
791.1
791.5
796.1
809.0
869.7
869.7
869.7
869.7
869.7
869.7
869.7
869.7
869.8
869.8
869.8
869.8
869.8
869.8
869.8
869.8
869.8
869.8
869.8
869.8
869.8
869.8
869.8
869.8
869.8
869.8
869.8
869.8
869.8
869.8
869.8
869.8
869.8
869.8
869.8
869.8
869.8
869.8
869.8
869.8
869.8
869.8
869.8
869.8
869.9
869.9
869.9
869.9
869.9
869.9
869.9
869.9
869.9
869.9
869.9
869.9
869.9
869.9
869.9
869.9
869.9
869.9
869.9
869.9
869.9
869.9
869.9
869.9
869.9
869.9
870.0
870.0
870.0
870.0
870.0
870.0
870.0
870.0
870.0
870.1
870.1
870.2
870.2
870.2
870.3
870.3
870.4
870.4
870.4
870.5
870.5
870.6
870.7
870.7
870.9
871.0
871.0
871.0
871.1
871.4
878.1
878.1
878.1
878.2
878.2
878.2
878.3
878.3
878.4
878.5
878.5
878.5
878.5
878.6
878.6
878.6
878.6
878.7
878.7
878.7
878.7
878.7
878.7
878.7
878.7
878.8
878.8
878.8
878.8
878.8
878.8
878.8
878.8
878.9
878.9
878.9
878.9
879.0
879.0
879.0
879.0
879.1
879.1
879.1
879.1
879.2
879.2
879.2
879.2
879.3
879.3
879.3
879.4
879.5
879.5
879.5
879.6
879.6
879.7
879.7
879.8
879.8
879.8
879.8
879.9
879.9
879.9
880.0
880.0
880.0
880.1
880.2
880.2
880.2
880.2
880.2
880.3
880.3
880.3
881.6
881.8
882.6
883.3
883.3
883.6
885.0
886.1
886.3
886.8
887.5
888.6
893.6
895.1
896.2
934.3
934.3
934.3
934.3
934.3
934.4
934.4
934.4
934.4
934.4
934.4
934.4
934.4
934.4
934.4
934.4
934.4
934.4
934.4
934.4
934.4
934.4
934.4
934.4
934.4
934.4
934.4
934.4
934.4
934.4
934.4
934.4
934.4
934.4
934.4
934.4
934.4
934.5
934.5
934.5
934.5
934.5
934.5
934.5
934.5
934.5
934.5
934.5
934.5
934.5
934.5
934.5
934.5
934.5
934.5
934.5
934.6
934.6
934.6
934.6
934.6
934.6
934.6
934.6
934.6
934.6
934.6
934.6
934.6
934.6
934.6
934.6
934.6
934.6
934.6
934.6
934.6
934.6
934.7
934.8
934.8
934.9
934.9
934.9
935.0
935.0
935.1
935.1
935.1
935.2
935.2
935.4
935.4
935.4
935.4
935.5
935.6
935.6
935.7
936.0
942.5
942.5
942.5
942.6
942.6
942.7
942.7
942.7
942.9
942.9
942.9
942.9
943.0
943.0
943.1
943.1
943.1
943.1
943.1
943.1
943.1
943.1
943.2
943.2
943.2
943.2
943.2
943.2
943.2
943.2
943.2
943.2
943.3
943.3
943.3
943.3
943.4
943.4
943.4
943.4
943.4
943.5
943.6
943.6
943.6
943.6
943.7
943.7
943.7
943.7
943.7
943.7
943.9
943.9
943.9
944.0
944.0
944.1
944.2
944.2
944.3
944.3
944.3
944.3
944.3
944.3
944.4
944.4
944.4
944.4
944.5
944.6
944.6
944.7
944.7
944.7
944.7
944.7
944.8
946.1
946.3
947.1
947.7
947.8
948.1
949.4
950.2
950.5
950.9
951.1
951.2
952.3
952.5
953.5
953.6
953.7
953.7
953.7
953.8
953.8
953.9
953.9
953.9
954.0
954.0
954.0
954.0
954.1
954.1
954.1
954.1
954.1
954.2
954.2
954.2
954.2
954.3
954.3
954.5
954.6
954.6
954.7
954.8
954.8
954.9
955.1
955.1
955.2
955.3
955.4
955.4
955.4
955.5
955.6
956.0
956.3
956.5
956.7
956.7
957.0
957.8
958.2
958.4
958.5
958.8
959.2
959.2
959.9
960.8
961.0
961.7
961.8
961.8
961.8
962.4
962.5
962.6
962.8
962.9
963.1
963.2
963.3
963.4
963.5
963.6
963.6
963.7
963.7
963.8
963.9
963.9
964.2
964.2
964.2
964.5
964.7
964.7
964.7
964.7
965.0
965.2
965.2
965.3
965.6
965.6
965.7
965.8
965.9
966.2
966.5
967.3
967.9
968.0
968.5
968.8
969.0
971.5
972.1
973.8
973.9
975.2
975.9
977.2
979.3
994.5
997.2
1047.3
1047.3
1047.3
1047.4
1047.4
1047.4
1047.4
1047.4
1047.4
1047.4
1047.4
1047.4
1047.4
1047.4
1047.4
1047.4
1047.4
1047.4
1047.4
1047.4
1047.4
1047.4
1047.4
1047.4
1047.4
1047.4
1047.4
1047.4
1047.4
1047.4
1047.4
1047.4
1047.4
1047.4
1047.5
1047.5
1047.5
1047.5
1047.5
1047.5
1047.5
1047.5
1047.5
1047.5
1047.5
1047.5
1047.5
1047.5
1047.5
1047.5
1047.5
1047.5
1047.5
1047.5
1047.5
1047.5
1047.5
1047.5
1047.5
1047.5
1047.6
1047.6
1047.6
1047.6
1047.6
1047.6
1047.6
1047.6
1047.6
1047.6
1047.6
1047.6
1047.6
1047.6
1047.6
1047.6
1047.6
1047.6
1047.6
1047.7
1047.8
1047.8
1047.9
1047.9
1047.9
1048.0
1048.0
1048.0
1048.1
1048.1
1048.1
1048.3
1048.3
1048.3
1048.5
1048.6
1048.6
1048.6
1048.7
1049.1
1055.7
1055.7
1055.7
1055.8
1055.8
1055.9
1055.9
1055.9
1056.1
1056.1
1056.1
1056.1
1056.2
1056.2
1056.2
1056.3
1056.3
1056.3
1056.3
1056.3
1056.3
1056.3
1056.4
1056.4
1056.4
1056.4
1056.4
1056.4
1056.4
1056.4
1056.4
1056.4
1056.5
1056.5
1056.5
1056.5
1056.6
1056.6
1056.6
1056.6
1056.6
1056.7
1056.8
1056.8
1056.8
1056.8
1056.9
1056.9
1056.9
1056.9
1056.9
1056.9
1057.1
1057.1
1057.1
1057.2
1057.2
1057.3
1057.3
1057.3
1057.4
1057.4
1057.4
1057.5
1057.5
1057.5
1057.6
1057.6
1057.6
1057.6
1057.7
1057.8
1057.8
1057.8
1057.8
1057.9
1057.9
1057.9
1058.0
1059.3
1059.4
1060.3
1060.8
1060.9
1061.3
1062.6
1063.7
1063.9
1064.4
1065.1
1066.3
1071.0
1071.5
1073.9
1209.0
1209.0
1209.0
1209.0
1209.0
1209.0
1209.0
1209.0
1209.0
1209.0
1209.0
1209.0
1209.0
1209.0
1209.0
1209.0
1209.0
1209.0
1209.0
1209.0
1209.0
1209.0
1209.0
1209.0
1209.0
1209.0
1209.0
1209.1
1209.1
1209.1
1209.1
1209.1
1209.1
1209.1
1209.1
1209.1
1209.1
1209.1
1209.1
1209.1
1209.1
1209.1
1209.1
1209.1
1209.1
1209.1
1209.1
1209.1
1209.1
1209.1
1209.1
1209.1
1209.1
1209.1
1209.1
1209.1
1209.1
1209.2
1209.2
1209.2
1209.2
1209.2
1209.2
1209.2
1209.2
1209.2
1209.2
1209.2
1209.2
1209.2
1209.2
1209.2
1209.2
1209.2
1209.2
1209.2
1209.2
1209.2
1209.2
1209.4
1209.4
1209.4
1209.5
1209.5
1209.5
1209.6
1209.7
1209.7
1209.7
1209.7
1209.8
1209.9
1209.9
1209.9
1210.1
1210.2
1210.3
1210.3
1210.3
1210.7
1217.3
1217.3
1217.4
1217.4
1217.5
1217.5
1217.5
1217.6
1217.7
1217.7
1217.8
1217.8
1217.8
1217.8
1217.9
1217.9
1217.9
1217.9
1217.9
1217.9
1218.0
1218.0
1218.0
1218.0
1218.0
1218.0
1218.0
1218.0
1218.0
1218.0
1218.1
1218.1
1218.1
1218.1
1218.1
1218.2
1218.2
1218.2
1218.2
1218.2
1218.3
1218.4
1218.4
1218.4
1218.4
1218.4
1218.5
1218.5
1218.5
1218.5
1218.5
1218.5
1218.7
1218.7
1218.7
1218.8
1218.8
1218.9
1219.0
1219.0
1219.1
1219.1
1219.1
1219.1
1219.1
1219.1
1219.2
1219.2
1219.2
1219.2
1219.3
1219.4
1219.4
1219.4
1219.4
1219.5
1219.5
1219.6
1219.6
1220.9
1221.0
1221.9
1222.5
1222.6
1222.9
1224.2
1225.3
1225.5
1226.0
1226.7
1227.9
1232.8
1234.4
1235.4
1376.3
1376.3
1376.3
1376.3
1376.3
1376.3
1376.3
1376.3
1376.3
1376.3
1376.3
1376.3
1376.3
1376.3
1376.3
1376.3
1376.3
1376.3
1376.3
1376.3
1376.4
1376.4
1376.4
1376.4
1376.4
1376.4
1376.4
1376.4
1376.4
1376.4
1376.4
1376.4
1376.4
1376.4
1376.4
1376.4
1376.4
1376.4
1376.4
1376.4
1376.4
1376.4
1376.4
1376.4
1376.4
1376.4
1376.4
1376.4
1376.4
1376.4
1376.4
1376.4
1376.4
1376.4
1376.4
1376.5
1376.5
1376.5
1376.5
1376.5
1376.5
1376.5
1376.5
1376.5
1376.5
1376.5
1376.5
1376.5
1376.5
1376.5
1376.5
1376.5
1376.5
1376.5
1376.5
1376.5
1376.5
1376.5
1376.5
1376.7
1376.7
1376.7
1376.8
1376.8
1376.8
1376.9
1377.0
1377.0
1377.0
1377.0
1377.1
1377.2
1377.2
1377.2
1377.5
1377.5
1377.6
1377.6
1377.6
1378.0
1384.6
1384.7
1384.7
1384.7
1384.8
1384.8
1384.8
1384.9
1385.0
1385.0
1385.1
1385.1
1385.1
1385.2
1385.2
1385.2
1385.2
1385.2
1385.2
1385.3
1385.3
1385.3
1385.3
1385.3
1385.3
1385.3
1385.3
1385.3
1385.3
1385.4
1385.4
1385.4
1385.4
1385.4
1385.4
1385.5
1385.5
1385.5
1385.6
1385.6
1385.6
1385.7
1385.7
1385.7
1385.7
1385.7
1385.8
1385.8
1385.8
1385.8
1385.8
1385.9
1386.0
1386.0
1386.0
1386.1
1386.2
1386.2
1386.3
1386.3
1386.4
1386.4
1386.4
1386.4
1386.4
1386.4
1386.5
1386.5
1386.5
1386.6
1386.6
1386.7
1386.7
1386.8
1386.8
1386.8
1386.8
1386.9
1386.9
1388.2
1388.4
1389.2
1389.8
1389.9
1390.2
1391.5
1392.6
1392.8
1393.3
1394.0
1395.2
1400.1
1401.7
1402.7
1544.7
1544.7
1544.7
1544.7
1544.7
1544.7
1544.7
1544.7
1544.7
1544.7
1544.7
1544.7
1544.7
1544.7
1544.7
1544.7
1544.7
1544.7
1544.7
1544.7
1544.8
1544.8
1544.8
1544.8
1544.8
1544.8
1544.8
1544.8
1544.8
1544.8
1544.8
1544.8
1544.8
1544.8
1544.8
1544.8
1544.8
1544.8
1544.8
1544.8
1544.8
1544.8
1544.8
1544.8
1544.8
1544.8
1544.8
1544.8
1544.8
1544.8
1544.8
1544.8
1544.8
1544.8
1544.8
1544.9
1544.9
1544.9
1544.9
1544.9
1544.9
1544.9
1544.9
1544.9
1544.9
1544.9
1544.9
1544.9
1544.9
1544.9
1544.9
1544.9
1544.9
1544.9
1544.9
1544.9
1544.9
1544.9
1544.9
1545.1
1545.1
1545.1
1545.2
1545.2
1545.2
1545.3
1545.4
1545.4
1545.4
1545.4
1545.5
1545.6
1545.6
1545.6
1545.9
1545.9
1546.0
1546.0
1546.0
1546.4
1553.0
1553.1
1553.1
1553.1
1553.2
1553.2
1553.2
1553.3
1553.4
1553.4
1553.5
1553.5
1553.5
1553.6
1553.6
1553.6
1553.6
1553.6
1553.6
1553.7
1553.7
1553.7
1553.7
1553.7
1553.7
1553.7
1553.7
1553.7
1553.7
1553.8
1553.8
1553.8
1553.8
1553.8
1553.8
1553.9
1553.9
1553.9
1554.0
1554.0
1554.0
1554.1
1554.1
1554.1
1554.1
1554.1
1554.2
1554.2
1554.2
1554.2
1554.2
1554.3
1554.4
1554.4
1554.4
1554.5
1554.6
1554.6
1554.7
1554.7
1554.8
1554.8
1554.8
1554.8
1554.8
1554.8
1554.9
1554.9
1554.9
1555.0
1555.0
1555.1
1555.1
1555.2
1555.2
1555.2
1555.2
1555.3
1555.3
1556.6
1556.8
1557.6
1558.2
1558.3
1558.6
1559.9
1561.0
1561.2
1561.7
1562.4
1563.6
1568.5
1570.1
1571.1
1713.0
1713.0
1713.0
1713.0
1713.0
1713.0
1713.0
1713.0
1713.0
1713.0
1713.0
1713.0
1713.0
1713.0
1713.0
1713.0
1713.0
1713.0
1713.0
1713.0
1713.1
1713.1
1713.1
1713.1
1713.1
1713.1
1713.1
1713.1
1713.1
1713.1
1713.1
1713.1
1713.1
1713.1
1713.1
1713.1
1713.1
1713.1
1713.1
1713.1
1713.1
1713.1
1713.1
1713.1
1713.1
1713.1
1713.1
1713.1
1713.1
1713.1
1713.1
1713.1
1713.1
1713.1
1713.1
1713.2
1713.2
1713.2
1713.2
1713.2
1713.2
1713.2
1713.2
1713.2
1713.2
1713.2
1713.2
1713.2
1713.2
1713.2
1713.2
1713.2
1713.2
1713.2
1713.2
1713.2
1713.2
1713.2
1713.2
1713.4
1713.4
1713.4
1713.5
1713.5
1713.5
1713.6
1713.7
1713.7
1713.7
1713.7
1713.8
1713.9
1713.9
1713.9
1714.2
1714.2
1714.3
1714.3
1714.3
1714.7
1721.3
1721.4
1721.4
1721.4
1721.5
1721.5
1721.5
1721.6
1721.7
1721.7
1721.8
1721.8
1721.8
1721.9
1721.9
1721.9
1721.9
1721.9
1721.9
1722.0
1722.0
1722.0
1722.0
1722.0
1722.0
1722.0
1722.0
1722.0
1722.0
1722.1
1722.1
1722.1
1722.1
1722.1
1722.1
1722.2
1722.2
1722.2
1722.3
1722.3
1722.3
1722.4
1722.4
1722.4
1722.4
1722.4
1722.5
1722.5
1722.5
1722.5
1722.5
1722.6
1722.7
1722.7
1722.7
1722.8
1722.9
1722.9
1723.0
1723.0
1723.1
1723.1
1723.1
1723.1
1723.1
1723.1
1723.2
1723.2
1723.2
1723.3
1723.3
1723.4
1723.4
1723.5
1723.5
1723.5
1723.5
1723.6
1723.6
1724.9
1725.1
1725.9
1726.5
1726.6
1726.9
1728.2
1729.3
1729.5
1730.0
1730.7
1731.9
1736.8
1738.4
1739.4
1881.0
1881.0
1881.0
1881.0
1881.0
1881.0
1881.0
1881.0
1881.0
1881.0
1881.0
1881.0
1881.0
1881.0
1881.0
1881.0
1881.0
1881.0
1881.0
1881.0
1881.1
1881.1
1881.1
1881.1
1881.1
1881.1
1881.1
1881.1
1881.1
1881.1
1881.1
1881.1
1881.1
1881.1
1881.1
1881.1
1881.1
1881.1
1881.1
1881.1
1881.1
1881.1
1881.1
1881.1
1881.1
1881.1
1881.1
1881.1
1881.1
1881.1
1881.1
1881.1
1881.1
1881.1
1881.1
1881.2
1881.2
1881.2
1881.2
1881.2
1881.2
1881.2
1881.2
1881.2
1881.2
1881.2
1881.2
1881.2
1881.2
1881.2
1881.2
1881.2
1881.2
1881.2
1881.2
1881.2
1881.2
1881.2
1881.2
1881.4
1881.4
1881.4
1881.5
1881.5
1881.5
1881.6
1881.7
1881.7
1881.7
1881.7
1881.8
1881.9
1881.9
1881.9
1882.2
1882.2
1882.3
1882.3
1882.3
1882.7
1889.3
1889.4
1889.4
1889.4
1889.5
1889.5
1889.5
1889.6
1889.7
1889.7
1889.8
1889.8
1889.8
1889.9
1889.9
1889.9
1889.9
1889.9
1889.9
1890.0
1890.0
1890.0
1890.0
1890.0
1890.0
1890.0
1890.0
1890.0
1890.0
1890.1
1890.1
1890.1
1890.1
1890.1
1890.1
1890.2
1890.2
1890.2
1890.3
1890.3
1890.3
1890.4
1890.4
1890.4
1890.4
1890.4
1890.5
1890.5
1890.5
1890.5
1890.5
1890.6
1890.7
1890.7
1890.7
1890.8
1890.9
1890.9
1891.0
1891.0
1891.1
1891.1
1891.1
1891.1
1891.1
1891.1
1891.2
1891.2
1891.2
1891.3
1891.3
1891.4
1891.4
1891.5
1891.5
1891.5
1891.5
1891.6
1891.6
1892.9
1893.1
1893.9
1894.5
1894.6
1894.9
1896.2
1897.3
1897.5
1898.0
1898.7
1899.9
1904.8
1906.4
1907.4
2049.3
2049.3
2049.3
2049.3
2049.3
2049.3
2049.3
2049.3
2049.3
2049.3
2049.3
2049.3
2049.3
2049.3
2049.3
2049.3
2049.3
2049.3
2049.3
2049.3
2049.4
2049.4
2049.4
2049.4
2049.4
2049.4
2049.4
2049.4
2049.4
2049.4
2049.4
2049.4
2049.4
2049.4
2049.4
2049.4
2049.4
2049.4
2049.4
2049.4
2049.4
2049.4
2049.4
2049.4
2049.4
2049.4
2049.4
2049.4
2049.4
2049.4
2049.4
2049.4
2049.4
2049.4
2049.4
2049.5
2049.5
2049.5
2049.5
2049.5
2049.5
2049.5
2049.5
2049.5
2049.5
2049.5
2049.5
2049.5
2049.5
2049.5
2049.5
2049.5
2049.5
2049.5
2049.5
2049.5
2049.5
2049.5
2049.5
2049.7
2049.7
2049.7
2049.8
2049.8
2049.8
2049.9
2050.0
2050.0
2050.0
2050.0
2050.1
2050.2
2050.2
2050.2
2050.5
2050.5
2050.6
2050.6
2050.6
2051.0
2057.6
2057.7
2057.7
2057.7
2057.8
2057.8
2057.8
2057.9
2058.0
2058.0
2058.1
2058.1
2058.1
2058.2
2058.2
2058.2
2058.2
2058.2
2058.2
2058.3
2058.3
2058.3
2058.3
2058.3
2058.3
2058.3
2058.3
2058.3
2058.3
2058.4
2058.4
2058.4
2058.4
2058.4
2058.4
2058.5
2058.5
2058.5
2058.6
2058.6
2058.6
2058.7
2058.7
2058.7
2058.7
2058.7
2058.8
2058.8
2058.8
2058.8
2058.8
2058.9
2059.0
2059.0
2059.0
2059.1
2059.2
2059.2
2059.3
2059.3
2059.4
2059.4
2059.4
2059.4
2059.4
2059.4
2059.5
2059.5
2059.5
2059.6
2059.6
2059.7
2059.7
2059.8
2059.8
2059.8
2059.8
2059.9
2059.9
2061.2
2061.4
2062.2
2062.8
2062.9
2063.2
2064.5
2065.6
2065.8
2066.3
2067.0
2068.2
2073.1
2074.7
2075.7
2217.5
2217.5
2217.5
2217.5
2217.5
2217.5
2217.5
2217.5
2217.5
2217.5
2217.5
2217.5
2217.5
2217.5
2217.5
2217.5
2217.5
2217.5
2217.5
2217.5
2217.6
2217.6
2217.6
2217.6
2217.6
2217.6
2217.6
2217.6
2217.6
2217.6
2217.6
2217.6
2217.6
2217.6
2217.6
2217.6
2217.6
2217.6
2217.6
2217.6
2217.6
2217.6
2217.6
2217.6
2217.6
2217.6
2217.6
2217.6
2217.6
2217.6
2217.6
2217.6
2217.6
2217.6
2217.6
2217.7
2217.7
2217.7
2217.7
2217.7
2217.7
2217.7
2217.7
2217.7
2217.7
2217.7
2217.7
2217.7
2217.7
2217.7
2217.7
2217.7
2217.7
2217.7
2217.7
2217.7
2217.7
2217.7
2217.7
2217.9
2217.9
2217.9
2218.0
2218.0
2218.0
2218.1
2218.2
2218.2
2218.2
2218.2
2218.3
2218.4
2218.4
2218.4
2218.7
2218.7
2218.8
2218.8
2218.8
2219.2
2225.8
2225.9
2225.9
2225.9
2226.0
2226.0
2226.0
2226.1
2226.2
2226.2
2226.3
2226.3
2226.3
2226.4
2226.4
2226.4
2226.4
2226.4
2226.4
2226.5
2226.5
2226.5
2226.5
2226.5
2226.5
2226.5
2226.5
2226.5
2226.5
2226.6
2226.6
2226.6
2226.6
2226.6
2226.6
2226.7
2226.7
2226.7
2226.8
2226.8
2226.8
2226.9
2226.9
2226.9
2226.9
2226.9
2227.0
2227.0
2227.0
2227.0
2227.0
2227.1
2227.2
2227.2
2227.2
2227.3
2227.4
2227.4
2227.5
2227.5
2227.6
2227.6
2227.6
2227.6
2227.6
2227.6
2227.7
2227.7
2227.7
2227.8
2227.8
2227.9
2227.9
2228.0
2228.0
2228.0
2228.0
2228.1
2228.1
2229.4
2229.6
2230.4
2231.0
2231.1
2231.4
2232.7
2233.8
2234.0
2234.5
2235.2
2236.4
2241.3
2242.9
2243.9
2385.6
2385.6
2385.6
2385.6
2385.6
2385.6
2385.6
2385.6
2385.6
2385.6
2385.6
2385.6
2385.6
2385.6
2385.6
2385.6
2385.6
2385.6
2385.6
2385.6
2385.7
2385.7
2385.7
2385.7
2385.7
2385.7
2385.7
2385.7
2385.7
2385.7
2385.7
2385.7
2385.7
2385.7
2385.7
2385.7
2385.7
2385.7
2385.7
2385.7
2385.7
2385.7
2385.7
2385.7
2385.7
2385.7
2385.7
2385.7
2385.7
2385.7
2385.7
2385.7
2385.7
2385.7
2385.7
2385.8
2385.8
2385.8
2385.8
2385.8
2385.8
2385.8
2385.8
2385.8
2385.8
2385.8
2385.8
2385.8
2385.8
2385.8
2385.8
2385.8
2385.8
2385.8
2385.8
2385.8
2385.8
2385.8
2385.8
2386.0
2386.0
2386.0
2386.1
2386.1
2386.1
2386.2
2386.3
2386.3
2386.3
2386.3
2386.4
2386.5
2386.5
2386.5
2386.8
2386.8
2386.9
2386.9
2386.9
2387.3
2393.9
2394.0
2394.0
2394.0
2394.1
2394.1
2394.1
2394.2
2394.3
2394.3
2394.4
2394.4
2394.4
2394.5
2394.5
2394.5
2394.5
2394.5
2394.5
2394.6
2394.6
2394.6
2394.6
2394.6
2394.6
2394.6
2394.6
2394.6
2394.6
2394.7
2394.7
2394.7
2394.7
2394.7
2394.7
2394.8
2394.8
2394.8
2394.9
2394.9
2394.9
2395.0
2395.0
2395.0
2395.0
2395.0
2395.1
2395.1
2395.1
2395.1
2395.1
2395.2
2395.3
2395.3
2395.3
2395.4
2395.5
2395.5
2395.6
2395.6
2395.7
2395.7
2395.7
2395.7
2395.7
2395.7
2395.8
2395.8
2395.8
2395.9
2395.9
2396.0
2396.0
2396.1
2396.1
2396.1
2396.1
2396.2
2396.2
2397.5
2397.7
2398.5
2399.1
2399.2
2399.5
2400.8
2401.9
2402.1
2402.6
2403.3
2404.5
2409.4
2411.0
2412.0
2553.9
2553.9
2553.9
2553.9
2553.9
2553.9
2553.9
2553.9
2553.9
2553.9
2553.9
2553.9
2553.9
2553.9
2553.9
2553.9
2553.9
2553.9
2553.9
2553.9
2554.0
2554.0
2554.0
2554.0
2554.0
2554.0
2554.0
2554.0
2554.0
2554.0
2554.0
2554.0
2554.0
2554.0
2554.0
2554.0
2554.0
2554.0
2554.0
2554.0
2554.0
2554.0
2554.0
2554.0
2554.0
2554.0
2554.0
2554.0
2554.0
2554.0
2554.0
2554.0
2554.0
2554.0
2554.0
2554.1
2554.1
2554.1
2554.1
2554.1
2554.1
2554.1
2554.1
2554.1
2554.1
2554.1
2554.1
2554.1
2554.1
2554.1
2554.1
2554.1
2554.1
2554.1
2554.1
2554.1
2554.1
2554.1
2554.1
2554.3
2554.3
2554.3
2554.4
2554.4
2554.4
2554.5
2554.6
2554.6
2554.6
2554.6
2554.7
2554.8
2554.8
2554.8
2555.1
2555.1
2555.2
2555.2
2555.2
2555.6
2562.2
2562.3
2562.3
2562.3
2562.4
2562.4
2562.4
2562.5
2562.6
2562.6
2562.7
2562.7
2562.7
2562.8
2562.8
2562.8
2562.8
2562.8
2562.8
2562.9
2562.9
2562.9
2562.9
2562.9
2562.9
2562.9
2562.9
2562.9
2562.9
2563.0
2563.0
2563.0
2563.0
2563.0
2563.0
2563.1
2563.1
2563.1
2563.2
2563.2
2563.2
2563.3
2563.3
2563.3
2563.3
2563.3
2563.4
2563.4
2563.4
2563.4
2563.4
2563.5
2563.6
2563.6
2563.6
2563.7
2563.8
2563.8
2563.9
2563.9
2564.0
2564.0
2564.0
2564.0
2564.0
2564.0
2564.1
2564.1
2564.1
2564.2
2564.2
2564.3
2564.3
2564.4
2564.4
2564.4
2564.4
2564.5
2564.5
2565.8
2566.0
2566.8
2567.4
2567.5
2567.8
2569.1
2570.2
2570.4
2570.9
2571.6
2572.8
2577.7
2579.3
2580.3
2722.0
2722.0
2722.0
2722.0
2722.0
2722.0
2722.0
2722.0
2722.0
2722.0
2722.0
2722.0
2722.0
2722.0
2722.0
2722.0
2722.0
2722.0
2722.0
2722.0
2722.1
2722.1
2722.1
2722.1
2722.1
2722.1
2722.1
2722.1
2722.1
2722.1
2722.1
2722.1
2722.1
2722.1
2722.1
2722.1
2722.1
2722.1
2722.1
2722.1
2722.1
2722.1
2722.1
2722.1
2722.1
2722.1
2722.1
2722.1
2722.1
2722.1
2722.1
2722.1
2722.1
2722.1
2722.1
2722.2
2722.2
2722.2
2722.2
2722.2
2722.2
2722.2
2722.2
2722.2
2722.2
2722.2
2722.2
2722.2
2722.2
2722.2
2722.2
2722.2
2722.2
2722.2
2722.2
2722.2
2722.2
2722.2
2722.2
2722.4
2722.4
2722.4
2722.5
2722.5
2722.5
2722.6
2722.7
2722.7
2722.7
2722.7
2722.8
2722.9
2722.9
2722.9
2723.2
2723.2
2723.3
2723.3
2723.3
2723.7
2730.3
2730.4
2730.4
2730.4
2730.5
2730.5
2730.5
2730.6
2730.7
2730.7
2730.8
2730.8
2730.8
2730.9
2730.9
2730.9
2730.9
2730.9
2730.9
2731.0
2731.0
2731.0
2731.0
2731.0
2731.0
2731.0
2731.0
2731.0
2731.0
2731.1
2731.1
2731.1
2731.1
2731.1
2731.1
2731.2
2731.2
2731.2
2731.3
2731.3
2731.3
2731.4
2731.4
2731.4
2731.4
2731.4
2731.5
2731.5
2731.5
2731.5
2731.5
2731.6
2731.7
2731.7
2731.7
2731.8
2731.9
2731.9
2732.0
2732.0
2732.1
2732.1
2732.1
2732.1
2732.1
2732.1
2732.2
2732.2
2732.2
2732.3
2732.3
2732.4
2732.4
2732.5
2732.5
2732.5
2732.5
2732.6
2732.6
2733.9
2734.1
2734.9
2735.5
2735.6
2735.9
2737.2
2738.3
2738.5
2739.0
2739.7
2740.9
2745.8
2747.4
2748.4
2890.1
2890.1
2890.1
2890.1
2890.1
2890.1
2890.1
2890.1
2890.1
2890.1
2890.1
2890.1
2890.1
2890.1
2890.1
2890.1
2890.1
2890.1
2890.1
2890.1
2890.2
2890.2
2890.2
2890.2
2890.2
2890.2
2890.2
2890.2
2890.2
2890.2
2890.2
2890.2
2890.2
2890.2
2890.2
2890.2
2890.2
2890.2
2890.2
2890.2
2890.2
2890.2
2890.2
2890.2
2890.2
2890.2
2890.2
2890.2
2890.2
2890.2
2890.2
2890.2
2890.2
2890.2
2890.2
2890.3
2890.3
2890.3
2890.3
2890.3
2890.3
2890.3
2890.3
2890.3
2890.3
2890.3
2890.3
2890.3
2890.3
2890.3
2890.3
2890.3
2890.3
2890.3
2890.3
2890.3
2890.3
2890.3
2890.3
2890.5
2890.5
2890.5
2890.6
2890.6
2890.6
2890.7
2890.8
2890.8
2890.8
2890.8
2890.9
2891.0
2891.0
2891.0
2891.3
2891.3
2891.4
2891.4
2891.4
2891.8
2898.4
2898.5
2898.5
2898.5
2898.6
2898.6
2898.6
2898.7
2898.8
2898.8
2898.9
2898.9
2898.9
2899.0
2899.0
2899.0
2899.0
2899.0
2899.0
2899.1
2899.1
2899.1
2899.1
2899.1
2899.1
2899.1
2899.1
2899.1
2899.1
2899.2
2899.2
2899.2
2899.2
2899.2
2899.2
2899.3
2899.3
2899.3
2899.4
2899.4
2899.4
2899.5
2899.5
2899.5
2899.5
2899.5
2899.6
2899.6
2899.6
2899.6
2899.6
2899.7
2899.8
2899.8
2899.8
2899.9
2900.0
2900.0
2900.1
2900.1
2900.2
2900.2
2900.2
2900.2
2900.2
2900.2
2900.3
2900.3
2900.3
2900.4
2900.4
2900.5
2900.5
2900.6
2900.6
2900.6
2900.6
2900.7
2900.7
2902.0
2902.2
2903.0
2903.6
2903.7
2904.0
2905.3
2906.4
2906.6
2907.1
2907.8
2909.0
2913.9
2915.5
2916.5
