379.6
379.6
379.7
379.7
379.7
379.7
379.7
379.7
379.7
379.7
379.7
379.8
379.8
379.8
379.8
379.8
379.8
379.8
379.8
379.8
379.8
379.8
379.8
379.9
379.9
379.9
379.9
379.9
379.9
379.9
380.0
380.0
380.0
380.1
380.1
380.1
380.1
380.2
380.2
380.2
380.3
380.3
380.3
380.3
380.3
380.3
380.3
380.3
380.4
380.4
380.4
380.4
380.5
380.5
380.5
380.5
380.6
380.6
380.6
380.6
380.6
380.7
380.7
380.8
380.8
380.9
381.0
381.0
381.0
381.1
381.2
381.3
381.4
381.4
381.4
381.4
381.6
381.6
381.7
381.9
381.9
382.0
382.1
382.1
382.1
382.2
382.5
382.5
382.6
383.2
383.3
383.4
383.8
384.4
384.6
384.7
384.7
384.8
384.8
384.8
384.8
384.9
384.9
384.9
385.0
385.0
385.0
385.0
385.0
385.1
385.1
385.1
385.1
385.2
385.2
385.2
385.2
385.2
385.2
385.3
385.3
385.3
385.3
385.3
385.3
385.3
385.3
385.3
385.4
385.4
385.4
385.4
385.4
385.4
385.4
385.4
385.4
385.4
385.5
385.5
385.5
385.5
385.5
385.5
385.5
385.5
385.6
385.6
385.6
385.6
385.6
385.6
385.7
385.7
385.7
385.7
385.8
385.8
385.8
385.9
385.9
386.0
386.0
386.1
386.1
386.2
386.3
386.3
386.3
386.4
386.5
386.6
386.6
386.6
386.7
386.7
386.8
387.0
387.1
387.2
387.3
387.3
387.6
387.6
387.7
387.7
388.1
388.3
388.9
389.2
389.4
389.8
390.3
391.0
391.3
391.4
391.7
391.8
391.8
391.9
392.0
392.1
392.1
392.1
392.2
392.3
392.3
392.3
392.4
392.4
392.4
392.5
392.5
392.5
392.5
392.5
392.6
392.6
392.6
392.6
392.6
392.8
392.8
392.8
392.9
393.0
393.1
393.1
393.1
393.2
393.2
393.2
393.2
393.2
393.3
393.3
393.3
393.3
393.4
393.5
393.5
393.5
393.5
393.6
393.6
393.6
393.6
393.6
393.7
393.7
393.7
393.7
393.8
393.8
393.9
393.9
394.0
394.0
394.0
394.0
394.0
394.1
394.1
394.1
394.2
394.3
394.4
394.4
394.4
394.4
394.6
394.6
394.8
394.8
394.8
394.8
394.9
395.0
395.3
395.4
395.4
395.5
395.5
395.5
395.8
396.0
396.4
397.5
397.9
398.1
398.3
400.5
401.3
405.6
406.4
410.7
412.4
412.9
413.8
417.0
417.8
426.4
437.9
704.1
704.1
704.1
704.2
704.3
704.3
704.5
704.6
704.6
704.6
704.6
704.7
704.8
704.9
705.3
705.4
705.4
705.6
705.7
705.8
705.8
705.9
706.0
706.0
706.1
706.3
706.4
706.7
706.8
706.9
708.4
709.2
709.2
709.2
709.3
709.6
709.7
709.7
709.8
709.8
709.9
709.9
709.9
710.0
710.0
710.0
710.1
710.1
710.2
710.2
710.3
710.3
710.3
710.4
710.4
710.4
710.4
710.4
710.5
710.5
710.5
710.5
710.5
710.5
710.5
710.6
710.6
710.6
710.6
710.6
710.7
710.7
710.7
710.7
710.7
710.7
710.7
710.8
710.8
710.8
710.8
710.8
710.8
710.8
710.8
710.9
710.9
710.9
711.1
711.1
711.1
711.1
711.1
711.1
711.1
711.1
711.2
711.2
711.2
711.2
711.2
711.2
711.3
711.3
711.3
711.3
711.3
711.3
711.3
711.3
711.3
711.3
711.5
711.5
711.6
711.7
711.7
712.0
712.0
712.0
712.1
712.3
712.4
712.7
712.9
713.7
713.8
713.9
713.9
714.2
714.3
714.4
714.5
714.6
714.6
714.7
714.8
714.9
715.0
715.0
715.1
715.1
715.2
715.3
715.3
715.3
715.3
715.4
715.4
715.4
715.5
715.5
715.6
715.6
715.6
715.6
715.6
715.7
715.7
715.7
715.7
715.7
715.7
715.7
715.7
715.8
715.8
715.8
715.8
715.8
715.8
715.8
715.9
715.9
715.9
715.9
715.9
716.0
716.0
716.0
716.0
716.0
716.0
716.1
716.1
716.1
716.1
716.2
716.2
716.2
716.2
716.2
716.2
716.3
716.3
716.3
716.4
716.4
716.6
716.6
716.6
716.7
716.8
716.8
716.8
717.0
717.0
717.1
717.1
717.2
717.4
717.6
717.7
717.8
717.9
717.9
718.7
718.7
718.9
719.2
719.7
720.2
720.4
720.5
720.5
720.7
720.9
721.3
721.4
722.1
722.2
722.2
722.3
722.3
722.4
722.5
722.6
722.7
722.7
722.8
722.8
722.9
722.9
723.0
723.1
723.2
723.2
723.2
723.4
723.4
723.5
723.5
723.5
723.6
723.6
723.6
723.7
723.7
723.8
723.9
723.9
723.9
724.0
724.0
724.1
724.1
724.1
724.2
724.2
724.2
724.2
724.4
724.5
724.5
724.5
724.5
724.6
724.6
724.7
724.8
724.9
725.1
725.1
725.6
725.6
726.2
726.7
727.0
727.6
728.4
729.1
729.5
729.9
730.1
731.0
731.5
731.5
731.5
732.6
732.7
733.1
733.5
733.5
733.7
733.8
733.8
733.9
733.9
734.0
734.0
734.0
734.1
734.1
734.1
734.2
734.3
734.4
734.4
734.4
734.5
734.5
734.6
734.7
734.7
734.8
734.8
734.8
734.8
734.9
734.9
735.0
735.2
735.3
735.4
735.5
735.6
735.6
735.6
735.8
735.8
735.8
735.8
735.9
736.1
736.2
736.2
736.3
736.4
736.5
736.5
736.7
736.7
736.7
736.9
736.9
736.9
737.0
737.0
737.0
737.0
737.1
737.1
737.1
737.2
737.2
737.3
737.3
737.3
737.3
737.3
737.4
737.5
737.6
737.6
737.7
737.7
737.8
737.8
737.8
737.9
737.9
738.0
738.1
738.2
738.2
738.3
738.3
738.3
738.3
738.4
738.4
738.4
738.5
738.5
738.6
738.8
738.8
738.8
738.8
738.9
739.0
739.1
739.1
739.2
739.2
739.2
739.3
739.3
739.3
739.4
739.4
739.5
739.5
739.6
739.6
739.6
739.6
739.6
739.7
739.7
739.8
739.8
739.9
739.9
740.1
740.1
740.1
740.2
740.2
740.2
740.2
740.4
740.5
740.6
740.6
740.7
740.8
740.9
740.9
740.9
741.0
741.1
741.1
741.2
741.4
741.4
741.5
741.5
741.6
741.6
741.8
741.8
741.9
742.0
742.0
742.2
742.2
742.2
742.3
742.3
742.4
742.5
742.5
742.6
742.6
742.6
742.7
742.7
742.7
742.8
742.9
743.0
743.0
743.0
743.2
743.2
743.3
743.3
743.6
743.7
743.8
743.9
744.4
744.6
744.7
744.8
744.9
744.9
745.0
745.1
745.2
745.2
745.4
745.4
745.4
745.5
745.7
745.7
745.8
745.8
745.9
745.9
745.9
746.0
746.1
746.2
746.2
746.2
746.3
746.3
746.4
746.5
746.5
746.6
746.6
746.6
746.7
746.7
746.8
746.8
746.9
746.9
746.9
746.9
747.0
747.1
747.1
747.2
747.3
747.3
747.4
747.4
747.5
747.6
747.6
747.6
747.7
747.7
747.8
747.9
748.0
748.0
748.0
748.1
748.3
748.3
748.3
748.3
748.4
748.4
748.4
748.5
748.5
748.5
748.6
748.7
748.7
748.7
748.9
749.0
749.0
749.0
749.0
749.0
749.0
749.0
749.1
749.1
749.2
749.2
749.3
749.3
749.4
749.4
749.4
749.4
749.5
749.6
749.6
749.7
749.8
749.8
749.9
750.0
750.1
750.2
750.2
750.4
750.4
750.5
750.5
750.5
750.6
750.6
750.7
750.7
750.7
750.7
750.9
750.9
751.1
751.1
751.3
751.3
751.3
751.4
751.4
751.5
751.6
751.6
751.6
751.7
751.7
751.8
751.8
751.9
751.9
752.0
752.0
752.0
752.1
752.1
752.1
752.2
752.2
752.3
752.3
752.5
752.5
752.5
752.5
752.5
752.7
752.7
752.7
752.8
752.9
752.9
753.0
753.0
753.0
753.1
753.1
753.1
753.2
753.2
753.3
753.3
753.3
753.4
753.4
753.4
753.5
753.6
753.6
753.6
753.7
753.8
753.8
753.8
753.9
753.9
754.1
754.2
754.2
754.2
754.2
754.3
754.4
754.4
754.4
754.5
754.6
754.7
754.7
754.8
754.8
754.9
755.0
755.1
755.1
755.3
755.3
755.5
755.7
755.7
755.7
755.8
755.8
755.9
756.0
756.1
756.1
756.1
756.1
756.1
756.3
756.4
756.4
756.4
756.4
756.4
756.4
756.4
756.5
756.5
756.6
756.6
756.6
756.7
756.7
756.7
756.9
757.0
757.0
757.0
757.1
757.1
757.1
757.1
757.3
757.3
757.4
757.6
757.6
757.7
757.7
757.8
757.8
757.8
757.9
757.9
757.9
757.9
758.0
758.0
758.0
758.0
758.1
758.1
758.2
758.2
758.2
758.3
758.4
758.5
758.6
758.6
758.7
758.7
758.9
759.0
759.1
759.2
759.2
759.4
759.4
759.4
759.5
759.8
759.8
759.9
760.0
760.2
760.3
760.3
760.4
760.6
760.8
760.8
760.9
761.1
761.2
761.2
761.3
761.7
761.7
761.7
761.7
761.9
761.9
762.0
762.1
762.1
762.4
762.5
762.5
762.7
762.7
762.8
762.9
763.3
763.3
763.5
763.5
763.7
764.0
764.1
764.1
764.2
764.2
764.3
764.3
764.4
764.5
764.6
764.6
764.8
764.9
765.0
765.1
765.2
765.2
765.2
765.4
765.4
765.5
765.5
765.6
765.7
765.9
765.9
766.0
766.1
766.1
766.2
766.3
766.4
766.4
766.4
766.4
766.5
766.6
766.6
766.8
766.9
766.9
766.9
766.9
767.1
767.2
767.3
767.4
767.6
767.6
767.9
768.1
768.4
768.5
768.6
768.6
768.7
768.8
768.8
769.0
769.1
769.1
769.2
769.3
769.3
769.5
769.6
769.7
770.0
770.3
770.3
770.7
771.0
771.0
771.0
771.1
771.3
771.6
771.6
771.8
771.8
771.9
772.0
772.6
773.0
773.3
773.4
773.5
773.6
773.6
773.7
773.8
773.8
773.8
773.8
773.8
773.8
773.8
773.8
773.8
773.9
773.9
773.9
774.0
774.0
774.0
774.1
774.1
774.1
774.1
774.2
774.2
774.2
774.2
774.3
774.3
774.5
774.5
774.6
774.7
774.7
774.8
774.8
774.8
774.9
774.9
775.0
775.1
775.1
775.3
775.4
775.4
775.5
775.5
775.6
775.6
775.7
775.7
775.8
775.9
776.5
776.5
776.8
776.9
776.9
776.9
777.0
777.4
777.4
777.9
777.9
778.0
778.1
778.2
778.2
778.2
778.3
778.3
778.3
778.4
778.4
778.4
778.4
778.4
778.5
778.5
778.5
778.5
778.6
778.6
778.6
778.8
778.8
778.8
778.8
778.9
778.9
778.9
778.9
778.9
778.9
779.0
779.1
779.1
779.2
779.2
779.3
779.4
779.4
779.5
779.6
779.6
779.6
779.6
779.7
779.7
779.7
779.9
779.9
779.9
779.9
780.0
780.2
780.3
780.3
780.4
780.5
780.6
780.6
780.6
780.6
780.7
780.7
780.9
781.0
781.0
781.0
781.0
781.2
781.5
781.5
781.5
781.6
781.6
781.9
782.1
782.2
782.3
782.3
782.6
782.8
783.2
783.6
783.6
783.7
783.7
783.8
784.0
784.2
784.3
784.4
784.4
784.4
784.5
784.5
784.6
784.9
784.9
784.9
785.0
785.0
785.1
785.1
785.2
785.2
785.2
785.2
785.2
785.3
785.3
785.4
785.5
785.6
785.7
785.7
785.7
785.8
785.9
785.9
786.0
786.0
786.1
786.2
786.2
786.3
786.3
786.3
786.5
786.5
786.5
786.5
786.6
786.6
786.8
786.8
786.8
786.8
786.8
786.9
786.9
786.9
787.0
787.0
787.0
787.3
787.4
787.4
787.6
787.6
787.6
787.7
787.7
787.8
787.8
788.0
788.1
788.2
788.2
788.2
788.3
788.5
788.6
788.7
788.8
788.9
789.0
789.0
789.0
789.0
789.1
789.2
789.4
789.6
789.9
790.0
790.0
790.1
790.3
790.4
790.7
790.7
790.9
791.0
791.1
791.1
791.3
791.4
791.6
792.0
792.1
792.2
792.2
792.4
792.4
792.6
792.7
793.0
793.1
793.2
793.4
793.5
793.6
793.7
794.0
794.6
794.8
795.0
795.8
795.8
795.9
796.1
796.2
796.6
796.6
796.7
796.7
796.9
797.0
797.4
797.5
797.5
797.5
797.5
797.5
797.6
797.6
797.6
797.6
797.6
797.6
797.7
797.9
797.9
797.9
797.9
797.9
797.9
797.9
798.0
798.0
798.0
798.1
798.1
798.2
798.2
798.3
798.3
798.5
798.5
798.6
798.6
798.7
798.7
798.7
798.8
798.8
798.8
798.8
798.9
798.9
799.0
799.0
799.0
799.1
799.1
799.2
799.3
799.3
799.4
799.4
799.5
799.7
799.7
799.7
799.8
800.0
800.0
800.1
800.2
800.3
800.3
800.3
800.4
800.5
800.6
800.7
800.8
801.0
801.0
801.2
801.2
801.3
801.3
801.5
801.7
801.7
801.7
801.7
801.7
801.7
801.8
801.8
801.8
801.8
801.9
801.9
802.0
802.0
802.1
802.1
802.2
802.2
802.3
802.3
802.3
802.3
802.4
802.4
802.5
802.5
802.5
802.5
802.6
802.6
802.7
802.7
802.7
802.8
802.9
802.9
803.0
803.1
803.3
803.4
803.4
803.5
803.5
803.5
803.5
803.5
803.5
803.6
803.7
803.7
803.7
803.7
803.8
804.0
804.3
804.4
804.5
804.6
804.6
804.6
804.7
804.7
804.8
804.9
805.1
805.2
805.2
805.3
805.4
805.6
805.7
805.7
805.8
806.0
806.1
806.5
806.8
806.8
806.8
806.9
807.0
807.1
807.2
807.2
807.3
807.3
807.3
807.4
807.4
807.5
807.6
807.7
807.8
807.8
807.9
808.0
808.1
808.2
808.3
808.3
808.4
808.4
808.5
808.5
808.7
808.7
808.7
808.7
808.7
808.9
809.1
809.3
809.5
809.5
809.5
809.6
809.6
809.6
809.7
809.7
809.7
809.7
809.7
809.8
809.8
809.9
810.0
810.0
810.1
810.2
810.2
810.2
810.3
810.3
810.4
810.4
810.6
810.6
810.9
811.0
811.0
811.0
811.2
811.3
811.3
811.5
811.6
811.7
811.7
811.8
811.9
812.0
812.4
812.5
812.5
812.7
812.7
812.8
812.9
812.9
813.0
813.7
813.9
814.2
814.3
814.3
814.3
814.3
814.4
814.5
814.6
814.8
814.9
815.3
815.4
815.4
815.4
815.4
815.4
815.5
815.8
816.0
816.0
816.0
816.1
816.1
816.1
816.1
816.3
816.3
816.4
816.5
816.7
816.8
817.2
817.2
817.3
817.4
817.6
817.7
818.2
818.2
818.4
818.6
818.7
818.9
819.0
819.0
819.2
819.3
819.3
819.3
819.3
819.5
819.5
819.5
819.6
819.9
819.9
819.9
819.9
820.0
820.0
820.0
820.1
820.2
820.2
820.2
820.3
820.3
820.3
820.3
820.4
820.5
820.5
820.5
820.6
820.6
820.6
820.8
820.8
820.9
820.9
820.9
821.0
821.1
821.1
821.3
821.5
821.5
821.9
821.9
821.9
822.0
822.1
822.2
822.3
822.3
822.3
822.4
822.4
822.4
822.5
822.5
822.8
822.8
823.0
823.0
823.0
823.0
823.1
823.5
823.5
823.5
823.6
823.6
823.8
823.9
824.0
824.1
824.2
824.4
824.5
824.5
824.6
824.6
824.7
824.7
824.8
824.8
824.8
824.8
824.8
824.9
824.9
825.0
825.1
825.1
825.3
825.3
825.4
825.5
825.6
825.7
825.7
825.8
825.9
825.9
825.9
826.0
826.1
826.1
826.3
826.3
826.4
826.4
826.5
826.7
826.7
826.9
827.0
827.1
827.1
827.1
827.1
827.2
827.3
827.3
827.4
827.4
827.4
827.5
827.5
827.6
827.7
827.7
827.8
827.9
828.1
828.7
828.7
828.8
828.9
829.1
829.3
829.5
829.7
829.7
829.8
829.9
830.0
830.0
830.0
830.1
830.2
830.4
830.4
830.5
830.5
830.5
830.5
830.5
830.9
830.9
831.0
831.1
831.1
831.1
831.3
831.3
831.4
831.4
831.5
831.5
831.7
831.7
831.8
831.8
832.2
832.2
832.2
832.3
832.4
832.5
832.6
832.8
832.8
832.9
832.9
833.0
833.0
833.1
833.2
833.4
833.9
834.0
834.0
834.3
834.3
834.5
834.7
834.8
834.9
835.0
835.1
835.1
835.5
835.5
835.6
835.7
835.8
836.0
836.0
836.1
836.1
836.2
836.6
836.6
836.6
836.8
837.0
837.1
837.5
837.5
837.7
837.7
837.8
838.0
838.2
838.4
838.5
838.7
838.7
839.0
839.2
839.3
839.4
839.5
839.6
840.0
840.2
840.6
840.8
841.2
841.6
841.7
841.8
841.8
841.8
842.2
842.3
842.4
842.4
842.7
842.8
842.8
842.8
842.9
843.1
843.2
843.2
843.3
843.3
843.3
843.3
843.4
843.4
843.5
843.5
843.6
843.6
843.7
843.7
843.9
844.0
844.2
844.2
844.2
844.3
844.3
844.6
844.6
844.8
844.8
844.9
845.0
845.1
845.2
845.4
845.4
845.4
845.7
845.9
845.9
846.1
846.2
846.2
846.3
846.3
846.4
846.4
846.4
847.0
847.1
847.4
847.5
847.7
847.7
848.0
848.0
848.3
848.3
848.3
848.3
848.5
848.6
848.6
848.6
848.6
848.7
848.8
848.8
848.9
849.0
849.1
849.1
849.3
849.4
849.5
849.5
849.5
849.5
849.6
849.6
849.6
849.7
849.7
849.8
849.9
850.0
850.0
850.4
850.6
850.9
851.0
851.0
851.0
851.3
851.5
851.7
851.7
852.1
852.2
852.4
852.5
852.8
853.1
853.1
853.2
853.2
853.4
853.6
853.6
853.8
854.0
854.0
854.1
854.1
854.1
854.2
854.3
854.4
854.5
854.5
854.9
855.1
855.1
855.3
855.3
855.4
855.5
855.5
855.5
855.6
855.7
855.7
855.8
856.0
856.0
856.0
856.1
856.5
856.6
856.7
856.8
856.8
857.0
857.0
857.3
857.4
857.4
857.5
857.7
857.8
857.9
858.1
858.1
858.7
858.7
858.8
858.9
858.9
859.0
859.7
859.9
860.1
860.1
860.3
860.4
860.6
860.8
860.9
861.0
861.1
861.1
861.1
861.7
861.9
861.9
862.1
862.2
862.5
862.7
863.0
863.2
863.6
863.8
864.6
865.7
866.1
866.2
866.3
866.4
866.6
867.0
867.0
867.4
867.8
868.0
868.5
868.5
868.6
868.6
868.7
869.1
869.2
869.3
869.3
869.7
870.8
871.0
871.4
871.4
871.8
871.8
872.0
872.8
872.9
873.8
874.6
874.9
875.2
875.5
875.6
876.4
876.6
876.8
877.3
877.9
878.2
878.5
879.0
882.5
883.2
883.2
885.7
887.1
888.4
888.4
904.9
1033.7
1033.7
1033.8
1033.8
1033.8
1033.8
1033.8
1033.8
1033.9
1033.9
1033.9
1033.9
1034.0
1034.0
1034.0
1034.0
1034.0
1034.1
1034.2
1034.2
1034.3
1034.4
1034.4
1034.4
1034.5
1034.6
1034.6
1034.6
1034.6
1034.6
1034.6
1034.6
1034.6
1034.7
1034.7
1034.7
1034.7
1034.7
1034.8
1034.8
1034.9
1034.9
1034.9
1034.9
1034.9
1035.0
1035.0
1035.2
1035.3
1035.3
1035.4
1035.4
1035.4
1035.4
1035.5
1035.5
1035.6
1035.6
1035.6
1035.6
1035.7
1035.7
1035.7
1035.8
1035.9
1036.3
1036.4
1036.5
1036.9
1036.9
1037.0
1037.0
1037.0
1037.1
1037.1
1037.1
1037.2
1037.2
1037.2
1037.3
1037.3
1037.4
1037.5
1037.5
1037.6
1037.6
1037.6
1037.7
1037.8
1037.8
1037.8
1037.9
1038.0
1038.0
1038.0
1038.0
1038.0
1038.1
1038.1
1038.2
1038.3
1038.3
1038.4
1038.5
1038.5
1038.5
1038.5
1038.6
1038.6
1038.7
1038.7
1038.7
1038.8
1038.8
1038.8
1038.8
1038.8
1038.9
1038.9
1038.9
1038.9
1039.0
1039.1
1039.1
1039.1
1039.2
1039.2
1039.2
1039.3
1039.3
1039.3
1039.3
1039.4
1039.4
1039.4
1039.4
1039.4
1039.5
1039.5
1039.5
1039.5
1039.5
1039.5
1039.6
1039.6
1039.8
1040.0
1040.0
1040.0
1040.1
1040.1
1040.1
1040.1
1040.1
1040.2
1040.2
1040.3
1040.3
1040.3
1040.4
1040.8
1040.9
1040.9
1040.9
1041.0
1041.1
1041.3
1041.4
1041.4
1041.6
1041.6
1041.7
1041.8
1041.9
1041.9
1041.9
1041.9
1041.9
1042.0
1042.1
1042.1
1042.1
1042.1
1042.2
1042.2
1042.4
1042.4
1042.5
1042.5
1042.6
1042.6
1042.6
1042.7
1042.7
1043.0
1043.3
1043.3
1043.4
1043.5
1044.4
1044.5
1044.7
1044.9
1044.9
1045.0
1045.1
1045.1
1045.1
1045.2
1045.3
1045.3
1045.4
1045.4
1045.4
1045.5
1045.5
1045.6
1045.6
1045.7
1045.7
1045.7
1045.8
1045.8
1045.8
1045.8
1045.8
1045.9
1045.9
1045.9
1045.9
1046.0
1046.0
1046.1
1046.1
1046.1
1046.2
1046.3
1046.3
1046.4
1046.5
1046.5
1046.5
1046.5
1046.6
1046.6
1046.7
1046.7
1046.7
1046.7
1046.8
1046.8
1046.8
1046.9
1046.9
1047.0
1047.1
1047.1
1047.2
1047.3
1047.3
1047.5
1047.6
1047.6
1047.8
1048.0
1048.0
1048.1
1048.1
1048.4
1048.5
1048.5
1048.6
1048.6
1048.6
1048.7
1048.7
1048.7
1048.7
1048.7
1048.8
1048.8
1048.8
1048.8
1048.8
1048.8
1048.9
1049.0
1049.0
1049.0
1049.1
1049.1
1049.1
1049.2
1049.2
1049.2
1049.2
1049.2
1049.2
1049.2
1049.3
1049.4
1049.4
1049.4
1049.4
1049.4
1049.5
1049.5
1049.5
1049.5
1049.6
1049.6
1049.6
1049.6
1049.6
1049.7
1049.8
1049.8
1049.8
1049.9
1049.9
1049.9
1049.9
1049.9
1050.0
1050.0
1050.0
1050.1
1050.3
1050.3
1050.3
1050.4
1050.4
1050.5
1050.6
1050.6
1050.6
1050.6
1050.6
1050.7
1050.7
1050.8
1050.8
1050.9
1050.9
1050.9
1050.9
1051.0
1051.1
1051.1
1051.1
1051.2
1051.3
1051.4
1051.4
1051.4
1051.4
1051.5
1051.5
1051.5
1051.6
1051.8
1051.8
1051.8
1051.9
1051.9
1051.9
1052.0
1052.1
1052.4
1052.4
1052.4
1052.6
1052.6
1052.6
1052.7
1052.7
1052.8
1052.8
1052.9
1052.9
1052.9
1052.9
1053.0
1053.1
1053.1
1053.2
1053.2
1053.2
1053.2
1053.3
1053.4
1053.4
1053.4
1053.5
1053.7
1053.7
1053.7
1053.7
1053.8
1053.8
1053.9
1053.9
1053.9
1054.0
1054.0
1054.0
1054.0
1054.1
1054.1
1054.1
1054.2
1054.2
1054.2
1054.3
1054.3
1054.4
1054.4
1054.4
1054.5
1054.6
1054.6
1054.6
1054.7
1054.8
1054.9
1055.0
1055.0
1055.1
1055.2
1055.2
1055.2
1055.2
1055.2
1055.3
1055.3
1055.3
1055.4
1055.5
1055.5
1055.5
1055.6
1055.6
1055.7
1055.8
1055.9
1056.0
1056.0
1056.1
1056.1
1056.2
1056.2
1056.3
1056.3
1056.4
1056.5
1056.5
1056.5
1056.6
1056.6
1056.7
1056.7
1056.8
1056.8
1056.9
1057.0
1057.1
1057.2
1057.2
1057.3
1057.3
1057.3
1057.3
1057.3
1057.3
1057.3
1057.3
1057.4
1057.4
1057.6
1057.7
1057.7
1057.7
1057.8
1057.8
1057.8
1057.9
1057.9
1057.9
1057.9
1057.9
1058.0
1058.0
1058.0
1058.0
1058.1
1058.1
1058.1
1058.1
1058.2
1058.2
1058.2
1058.3
1058.3
1058.4
1058.4
1058.5
1058.6
1058.6
1058.7
1058.7
1058.7
1058.9
1058.9
1058.9
1059.0
1059.0
1059.0
1059.0
1059.0
1059.1
1059.2
1059.2
1059.2
1059.3
1059.3
1059.3
1059.3
1059.4
1059.5
1059.6
1059.6
1059.7
1059.8
1059.8
1059.9
1060.0
1060.0
1060.2
1060.2
1060.2
1060.3
1060.3
1060.3
1060.3
1060.3
1060.4
1060.5
1060.5
1060.5
1060.6
1060.6
1060.7
1060.8
1060.8
1060.8
1060.9
1060.9
1061.0
1061.0
1061.0
1061.1
1061.2
1061.2
1061.2
1061.3
1061.5
1061.5
1061.6
1061.7
1061.7
1061.7
1061.9
1061.9
1061.9
1062.0
1062.0
1062.0
1062.0
1062.0
1062.1
1062.1
1062.1
1062.2
1062.2
1062.2
1062.4
1062.4
1062.4
1062.5
1062.5
1062.5
1062.5
1062.6
1062.7
1062.7
1062.7
1062.7
1062.8
1062.8
1063.0
1063.0
1063.2
1063.3
1063.4
1063.4
1063.6
1063.6
1063.6
1063.7
1063.8
1063.8
1063.8
1064.1
1064.2
1064.2
1064.3
1064.4
1064.4
1064.4
1064.4
1064.5
1064.5
1064.5
1064.7
1064.8
1064.9
1064.9
1064.9
1065.0
1065.0
1065.1
1065.2
1065.2
1065.3
1065.3
1065.4
1065.4
1065.5
1065.5
1065.7
1065.8
1065.8
1066.0
1066.0
1066.0
1066.1
1066.1
1066.2
1066.2
1066.2
1066.4
1066.4
1066.4
1066.6
1066.6
1066.6
1066.6
1066.7
1066.8
1066.9
1066.9
1067.3
1067.3
1067.3
1067.4
1067.4
1067.5
1067.5
1067.5
1067.6
1067.6
1067.8
1067.9
1068.0
1068.0
1068.0
1068.2
1068.2
1068.3
1068.3
1068.5
1068.5
1068.6
1068.7
1068.7
1068.9
1068.9
1068.9
1069.0
1069.0
1069.0
1069.0
1069.2
1069.2
1069.2
1069.3
1069.4
1069.4
1069.4
1069.5
1069.6
1069.6
1069.7
1069.7
1069.8
1069.8
1069.9
1069.9
1070.0
1070.0
1070.0
1070.0
1070.1
1070.1
1070.2
1070.2
1070.3
1070.3
1070.4
1070.4
1070.4
1070.5
1070.5
1070.5
1070.6
1070.6
1070.6
1070.7
1070.7
1070.7
1070.8
1070.8
1070.8
1070.9
1071.0
1071.0
1071.0
1071.0
1071.1
1071.2
1071.3
1071.3
1071.3
1071.3
1071.3
1071.4
1071.4
1071.5
1071.5
1071.6
1071.7
1071.7
1071.9
1071.9
1071.9
1071.9
1071.9
1072.0
1072.0
1072.1
1072.2
1072.3
1072.3
1072.3
1072.3
1072.4
1072.4
1072.5
1072.6
1072.6
1072.6
1072.7
1072.8
1072.9
1072.9
1073.0
1073.1
1073.1
1073.1
1073.2
1073.4
1073.5
1073.6
1073.7
1073.7
1073.7
1073.8
1073.8
1073.8
1073.9
1073.9
1073.9
1074.0
1074.0
1074.0
1074.1
1074.2
1074.2
1074.3
1074.4
1074.4
1074.4
1074.5
1074.6
1074.6
1074.6
1074.7
1074.7
1074.7
1074.8
1074.8
1074.8
1074.9
1074.9
1075.0
1075.0
1075.0
1075.0
1075.0
1075.3
1075.3
1075.5
1075.5
1075.5
1075.6
1075.6
1075.6
1075.6
1075.6
1075.6
1075.7
1075.7
1075.7
1075.8
1075.8
1075.9
1075.9
1075.9
1075.9
1075.9
1076.0
1076.0
1076.0
1076.1
1076.2
1076.3
1076.4
1076.4
1076.4
1076.4
1076.5
1076.6
1076.6
1076.7
1076.8
1076.8
1076.8
1076.9
1077.0
1077.0
1077.0
1077.1
1077.1
1077.3
1077.5
1077.6
1077.7
1077.8
1077.8
1077.9
1077.9
1077.9
1078.0
1078.1
1078.1
1078.3
1078.4
1078.4
1078.5
1078.6
1078.7
1078.8
1078.8
1078.9
1078.9
1079.0
1079.0
1079.1
1079.1
1079.2
1079.4
1079.5
1079.5
1079.6
1079.6
1079.8
1079.9
1079.9
1080.0
1080.2
1080.3
1080.3
1080.4
1080.4
1080.5
1080.5
1080.5
1080.6
1080.6
1080.8
1080.8
1080.8
1080.8
1080.8
1080.9
1081.0
1081.1
1081.3
1081.4
1081.4
1081.4
1081.5
1081.6
1081.6
1081.7
1081.8
1081.8
1081.9
1082.0
1082.1
1082.1
1082.1
1082.1
1082.3
1082.3
1082.4
1082.4
1082.6
1082.7
1082.7
1082.7
1082.8
1082.8
1083.0
1083.1
1083.1
1083.1
1083.3
1083.3
1083.3
1083.4
1083.4
1083.5
1083.6
1083.6
1083.6
1083.7
1084.5
1084.7
1084.8
1084.9
1085.0
1085.0
1085.2
1085.2
1085.2
1085.3
1085.4
1085.4
1085.6
1085.7
1085.7
1085.7
1086.0
1086.1
1086.2
1086.3
1086.3
1086.5
1086.5
1086.6
1086.7
1086.8
1086.9
1087.2
1087.2
1087.3
1087.4
1087.4
1087.5
1087.5
1087.9
1088.0
1088.0
1088.4
1088.5
1088.6
1088.8
1088.9
1088.9
1088.9
1089.0
1089.0
1089.0
1089.0
1089.1
1089.2
1089.3
1089.4
1089.4
1089.5
1089.5
1089.6
1089.6
1089.7
1089.8
1089.8
1090.0
1090.0
1090.0
1090.3
1090.4
1090.4
1090.6
1090.7
1090.8
1090.8
1090.8
1090.8
1090.9
1091.0
1091.2
1091.2
1091.3
1091.3
1091.4
1091.5
1091.8
1091.9
1091.9
1092.0
1092.1
1092.1
1092.1
1092.5
1092.5
1092.5
1092.5
1092.6
1092.6
1092.6
1092.7
1092.9
1093.0
1093.0
1093.1
1093.2
1093.3
1093.3
1093.5
1093.5
1093.7
1093.7
1093.7
1093.9
1093.9
1093.9
1094.0
1094.1
1094.1
1094.2
1094.3
1094.3
1094.3
1094.4
1094.4
1094.4
1094.5
1094.6
1094.6
1094.6
1094.7
1094.8
1094.8
1095.0
1095.0
1095.0
1095.0
1095.0
1095.2
1095.2
1095.2
1095.4
1095.4
1095.8
1095.8
1095.8
1095.9
1096.1
1096.2
1096.3
1096.5
1096.5
1096.6
1096.7
1096.7
1096.8
1096.9
1097.1
1097.1
1097.3
1097.4
1097.4
1097.4
1097.6
1097.8
1097.8
1097.9
1097.9
1097.9
1097.9
1097.9
1098.0
1098.0
1098.1
1098.2
1098.2
1098.4
1098.4
1098.6
1098.6
1098.6
1098.7
1099.0
1099.0
1099.2
1099.4
1099.5
1099.5
1099.6
1099.9
1099.9
1100.0
1100.1
1100.2
1100.4
1100.8
1100.9
1101.0
1101.0
1101.1
1101.1
1101.2
1101.2
1101.3
1101.6
1101.7
1101.8
1101.9
1101.9
1102.0
1102.2
1102.5
1102.6
1102.8
1102.8
1102.9
1103.1
1103.2
1103.2
1103.7
1103.8
1103.8
1103.8
1104.0
1104.3
1104.5
1104.7
1104.9
1104.9
1105.1
1105.2
1105.4
1105.4
1105.4
1106.2
1106.2
1106.2
1106.4
1106.5
1106.6
1106.7
1107.3
1107.3
1107.9
1108.0
1108.4
1108.4
1108.4
1108.9
1109.2
1109.9
1110.0
1110.0
1110.1
1110.2
1110.6
1110.6
1111.2
1111.3
1111.6
1111.7
1111.8
1112.3
1112.4
1113.1
1113.6
1113.6
1114.0
1114.3
1114.7
1115.4
1115.5
1115.5
1115.9
1116.0
1116.2
1116.6
1117.1
1117.6
1117.7
1117.8
1118.2
1119.4
1119.7
1121.3
1122.1
1122.5
1122.6
1127.1
1132.3
1132.9
1134.4
1135.8
1138.7
1143.6
1144.3
1278.8
1278.9
1279.0
1279.0
1279.0
1279.0
1279.0
1279.0
1279.1
1279.1
1279.1
1279.2
1279.3
1279.3
1279.4
1279.6
1279.6
1279.7
1279.7
1279.7
1279.8
1279.8
1279.9
1279.9
1280.0
1280.1
1280.2
1280.6
1280.7
1280.7
1280.7
1280.8
1280.8
1280.8
1280.9
1280.9
1280.9
1280.9
1280.9
1280.9
1281.0
1281.0
1281.0
1281.1
1281.1
1281.1
1281.1
1281.3
1281.3
1281.3
1281.3
1281.3
1281.4
1281.4
1281.4
1281.5
1281.5
1281.6
1281.8
1281.8
1281.9
1281.9
1282.0
1282.0
1282.1
1282.1
1282.1
1282.1
1282.2
1282.3
1282.3
1282.3
1282.4
1282.4
1282.4
1282.5
1282.5
1282.7
1282.8
1282.9
1283.0
1283.0
1283.1
1283.1
1283.1
1283.1
1283.2
1283.3
1283.3
1283.4
1283.5
1283.5
1283.5
1283.5
1283.6
1283.6
1283.6
1283.6
1283.7
1283.7
1283.7
1283.7
1283.7
1283.7
1283.7
1283.8
1283.8
1283.8
1283.8
1283.9
1283.9
1283.9
1284.0
1284.2
1284.4
1284.5
1284.5
1284.5
1284.5
1284.5
1284.6
1284.6
1284.6
1284.7
1285.2
1285.2
1285.3
1285.3
1285.4
1285.5
1285.5
1285.6
1285.6
1285.6
1285.6
1285.6
1285.7
1285.7
1285.8
1285.8
1285.8
1285.9
1285.9
1285.9
1286.0
1286.1
1286.1
1286.1
1286.1
1286.1
1286.1
1286.2
1286.2
1286.2
1286.3
1286.3
1286.4
1286.5
1286.5
1286.5
1286.5
1286.6
1286.7
1286.8
1286.8
1286.9
1287.0
1287.0
1287.0
1287.2
1287.3
1287.3
1287.3
1287.4
1287.4
1287.5
1287.5
1287.5
1287.6
1287.6
1287.6
1287.7
1287.7
1287.7
1287.7
1287.8
1287.9
1287.9
1287.9
1288.0
1288.0
1288.0
1288.1
1288.1
1288.2
1288.2
1288.3
1288.4
1288.5
1288.5
1289.4
1289.7
1290.1
1290.2
1290.2
1290.2
1290.3
1290.5
1290.7
1290.8
1290.8
1291.0
1291.1
1291.1
1291.1
1291.1
1291.2
1291.3
1291.3
1291.4
1291.5
1291.5
1291.5
1291.6
1291.8
1291.9
1292.0
1292.0
1292.0
1292.1
1292.2
1292.2
1292.3
1292.3
1292.4
1292.6
1292.6
1292.6
1292.6
1292.6
1292.7
1292.7
1292.7
1292.8
1292.8
1292.8
1292.8
1292.8
1292.8
1292.8
1292.8
1292.8
1292.9
1292.9
1292.9
1292.9
1292.9
1292.9
1293.0
1293.1
1293.2
1293.2
1293.3
1293.3
1293.4
1293.4
1293.5
1293.5
1293.5
1293.5
1293.6
1293.6
1293.7
1293.7
1293.7
1293.9
1293.9
1293.9
1293.9
1294.0
1294.0
1294.2
1294.2
1294.2
1294.2
1294.3
1294.3
1294.3
1294.3
1294.4
1294.4
1294.4
1294.5
1294.5
1294.5
1294.5
1294.7
1294.7
1294.8
1294.9
1294.9
1295.0
1295.0
1295.0
1295.1
1295.2
1295.2
1295.2
1295.4
1295.6
1295.6
1295.6
1295.6
1295.6
1295.6
1295.7
1295.7
1295.8
1295.8
1295.9
1295.9
1295.9
1295.9
1295.9
1296.0
1296.1
1296.2
1296.2
1296.2
1296.2
1296.3
1296.3
1296.4
1296.4
1296.5
1296.5
1296.5
1296.6
1296.6
1296.7
1296.7
1296.7
1296.8
1296.8
1296.8
1296.9
1296.9
1296.9
1297.0
1297.0
1297.0
1297.0
1297.0
1297.1
1297.1
1297.2
1297.2
1297.3
1297.3
1297.3
1297.4
1297.5
1297.5
1297.5
1297.5
1297.6
1297.6
1297.6
1297.7
1297.8
1297.8
1297.8
1297.9
1297.9
1297.9
1297.9
1298.0
1298.1
1298.1
1298.1
1298.1
1298.2
1298.2
1298.3
1298.4
1298.5
1298.5
1298.5
1298.5
1298.6
1298.7
1298.7
1298.7
1298.7
1298.8
1298.9
1298.9
1299.1
1299.1
1299.1
1299.6
1299.8
1299.8
1299.9
1300.2
1300.2
1300.2
1300.3
1300.3
1300.3
1300.4
1300.5
1300.6
1300.6
1300.7
1300.7
1300.7
1300.8
1300.9
1300.9
1300.9
1300.9
1301.0
1301.0
1301.1
1301.2
1301.2
1301.3
1301.3
1301.3
1301.3
1301.4
1301.5
1301.5
1301.6
1301.6
1301.7
1301.8
1301.8
1301.8
1301.8
1301.9
1301.9
1301.9
1301.9
1302.0
1302.0
1302.1
1302.1
1302.1
1302.2
1302.2
1302.2
1302.2
1302.2
1302.3
1302.3
1302.3
1302.4
1302.4
1302.4
1302.4
1302.4
1302.5
1302.5
1302.6
1302.6
1302.6
1302.6
1302.7
1302.8
1302.8
1302.8
1302.8
1303.0
1303.0
1303.1
1303.1
1303.1
1303.2
1303.2
1303.2
1303.2
1303.2
1303.3
1303.3
1303.4
1303.4
1303.4
1303.5
1303.6
1303.7
1303.7
1303.8
1303.8
1303.8
1303.9
1304.0
1304.1
1304.2
1304.2
1304.2
1304.3
1304.3
1304.4
1304.4
1304.5
1304.5
1304.6
1304.6
1304.7
1304.7
1304.8
1304.8
1304.9
1304.9
1304.9
1305.0
1305.0
1305.1
1305.2
1305.2
1305.3
1305.3
1305.5
1305.5
1305.6
1305.6
1305.6
1305.7
1305.7
1305.8
1305.8
1305.9
1305.9
1305.9
1305.9
1306.0
1306.0
1306.0
1306.0
1306.0
1306.1
1306.2
1306.2
1306.3
1306.3
1306.4
1306.4
1306.4
1306.5
1306.5
1306.5
1306.7
1306.7
1306.8
1306.8
1306.8
1306.8
1306.8
1306.8
1306.9
1306.9
1306.9
1306.9
1306.9
1306.9
1307.0
1307.0
1307.0
1307.1
1307.1
1307.4
1307.4
1307.5
1307.5
1307.5
1307.5
1307.6
1307.6
1307.7
1307.7
1307.9
1308.0
1308.1
1308.1
1308.3
1308.3
1308.4
1308.5
1308.5
1308.6
1308.6
1308.9
1308.9
1309.0
1309.0
1309.0
1309.1
1309.1
1309.2
1309.2
1309.2
1309.3
1309.4
1309.5
1309.8
1309.8
1309.9
1309.9
1309.9
1309.9
1310.0
1310.1
1310.1
1310.1
1310.2
1310.3
1310.3
1310.4
1310.4
1310.4
1310.5
1310.5
1310.5
1310.6
1310.6
1310.6
1310.7
1310.7
1310.8
1310.8
1310.9
1311.1
1311.2
1311.2
1311.3
1311.4
1311.4
1311.5
1311.6
1311.6
1311.7
1311.7
1311.7
1311.7
1311.8
1311.8
1311.8
1311.8
1311.9
1311.9
1311.9
1311.9
1311.9
1312.0
1312.1
1312.1
1312.1
1312.2
1312.2
1312.2
1312.3
1312.4
1312.5
1312.5
1312.6
1312.9
1312.9
1313.0
1313.0
1313.0
1313.1
1313.1
1313.3
1313.3
1313.4
1313.5
1313.6
1313.6
1313.7
1313.8
1313.8
1314.0
1314.0
1314.2
1314.3
1314.3
1314.4
1314.4
1314.5
1314.5
1314.6
1314.6
1314.7
1314.7
1314.7
1314.8
1314.9
1314.9
1314.9
1314.9
1315.0
1315.0
1315.0
1315.1
1315.1
1315.2
1315.2
1315.2
1315.3
1315.3
1315.3
1315.3
1315.3
1315.3
1315.4
1315.4
1315.4
1315.5
1315.5
1315.5
1315.6
1315.6
1315.6
1315.6
1315.7
1315.7
1315.7
1315.7
1315.8
1315.8
1315.8
1315.8
1315.8
1315.9
1315.9
1315.9
1315.9
1315.9
1316.0
1316.0
1316.1
1316.1
1316.1
1316.1
1316.1
1316.2
1316.3
1316.3
1316.5
1316.5
1316.6
1316.6
1316.6
1316.7
1316.7
1316.7
1316.8
1316.9
1316.9
1317.0
1317.0
1317.2
1317.2
1317.2
1317.3
1317.5
1317.7
1317.8
1317.8
1317.9
1318.0
1318.0
1318.1
1318.3
1318.3
1318.4
1318.4
1318.5
1318.5
1318.5
1318.5
1318.7
1318.7
1318.7
1318.8
1318.8
1318.9
1319.0
1319.1
1319.1
1319.1
1319.2
1319.2
1319.2
1319.2
1319.2
1319.3
1319.4
1319.4
1319.5
1319.5
1319.6
1319.6
1319.7
1319.7
1319.8
1319.8
1319.8
1319.9
1319.9
1319.9
1319.9
1319.9
1319.9
1320.0
1320.0
1320.0
1320.0
1320.1
1320.1
1320.2
1320.2
1320.2
1320.2
1320.3
1320.3
1320.4
1320.4
1320.4
1320.4
1320.5
1320.5
1320.6
1320.6
1320.7
1320.8
1320.8
1320.8
1320.9
1320.9
1321.0
1321.0
1321.0
1321.2
1321.3
1321.3
1321.4
1321.6
1321.6
1321.6
1321.7
1321.7
1321.9
1322.1
1322.1
1322.1
1322.1
1322.2
1322.3
1322.3
1322.5
1322.5
1322.6
1322.9
1322.9
1323.0
1323.0
1323.2
1323.4
1323.4
1323.6
1323.7
1323.7
1323.7
1324.2
1324.2
1324.2
1324.3
1324.5
1324.6
1324.6
1324.7
1324.8
1324.9
1325.0
1325.1
1325.2
1325.2
1325.3
1325.4
1325.5
1325.5
1325.5
1325.6
1325.6
1325.6
1325.7
1325.8
1325.8
1325.9
1325.9
1325.9
1325.9
1325.9
1326.0
1326.1
1326.2
1326.2
1326.5
1326.5
1326.6
1326.6
1326.6
1326.7
1326.7
1326.7
1326.7
1326.7
1326.8
1326.8
1326.9
1327.0
1327.0
1327.1
1327.1
1327.2
1327.2
1327.3
1327.4
1327.5
1327.6
1327.6
1327.6
1327.6
1327.6
1327.9
1327.9
1328.0
1328.3
1328.4
1328.5
1328.5
1328.5
1328.5
1328.7
1328.7
1328.8
1329.0
1329.1
1329.2
1329.2
1329.2
1329.4
1329.4
1329.5
1329.5
1329.6
1329.8
1329.8
1329.9
1329.9
1330.2
1330.2
1330.5
1330.5
1330.6
1330.9
1331.0
1331.3
1331.9
1331.9
1332.0
1332.4
1332.4
1332.7
1332.8
1333.3
1333.4
1333.4
1333.6
1333.8
1333.9
1334.2
1334.2
1334.3
1334.4
1334.4
1334.6
1334.7
1334.8
1334.9
1334.9
1335.0
1335.0
1335.0
1335.1
1335.1
1335.1
1335.2
1335.2
1335.3
1335.3
1335.3
1335.3
1335.3
1335.4
1335.5
1335.5
1335.6
1335.6
1335.6
1335.6
1335.7
1335.7
1335.8
1335.8
1336.1
1336.2
1336.4
1336.5
1336.5
1336.6
1336.6
1336.6
1336.8
1337.1
1337.1
1337.2
1337.2
1337.3
1337.3
1337.4
1337.5
1337.5
1337.8
1338.1
1338.3
1338.4
1338.4
1338.4
1338.5
1338.5
1338.5
1338.6
1338.6
1338.7
1338.8
1338.9
1339.2
1339.3
1339.3
1339.4
1339.5
1339.6
1339.7
1339.7
1339.7
1339.7
1339.8
1339.8
1339.8
1340.0
1340.0
1340.1
1340.1
1340.2
1340.2
1340.4
1340.4
1340.5
1340.6
1340.6
1340.9
1340.9
1340.9
1340.9
1341.1
1341.3
1341.3
1341.5
1341.5
1341.6
1341.6
1341.7
1341.7
1341.7
1341.9
1341.9
1342.0
1342.0
1342.3
1342.4
1342.5
1342.7
1343.0
1343.1
1343.3
1343.4
1343.7
1343.7
1343.8
1344.0
1344.0
1344.0
1344.1
1344.1
1344.5
1344.5
1344.9
1344.9
1345.1
1345.1
1345.2
1345.4
1345.5
1345.6
1345.7
1345.8
1345.8
1345.9
1346.1
1346.3
1346.4
1346.5
1346.6
1346.6
1346.9
1347.3
1347.4
1347.5
1347.6
1347.6
1347.6
1347.8
1348.0
1348.0
1348.2
1348.3
1349.1
1349.3
1349.3
1349.5
1349.6
1349.7
1349.9
1350.0
1350.4
1350.5
1350.7
1350.7
1350.8
1351.1
1351.1
1351.2
1352.2
1352.4
1352.5
1353.2
1353.6
1353.8
1354.0
1354.2
1354.6
1355.0
1355.8
1356.1
1356.5
1357.2
1357.3
1358.4
1358.6
1358.6
1360.1
1360.7
1362.3
1362.3
1363.0
1363.4
1363.5
1364.2
1368.4
1369.2
1372.3
1374.7
1377.8
1379.9
1516.6
1516.6
1516.6
1516.7
1516.7
1516.7
1516.7
1516.7
1516.7
1516.8
1516.8
1516.8
1516.8
1516.8
1516.8
1516.8
1516.8
1516.8
1516.8
1516.8
1516.8
1516.9
1516.9
1516.9
1516.9
1516.9
1516.9
1517.0
1517.0
1517.0
1517.0
1517.1
1517.1
1517.1
1517.2
1517.2
1517.2
1517.3
1517.3
1517.4
1517.5
1517.5
1517.5
1517.5
1517.6
1517.6
1517.6
1517.6
1517.6
1517.7
1517.7
1517.7
1517.8
1517.8
1517.8
1517.8
1517.8
1517.9
1517.9
1518.4
1518.4
1518.5
1518.6
1518.6
1518.6
1518.8
1518.9
1518.9
1519.0
1519.2
1519.3
1519.3
1519.3
1519.5
1519.5
1519.5
1519.6
1519.7
1519.7
1519.8
1519.9
1519.9
1519.9
1519.9
1520.1
1520.1
1520.1
1520.1
1520.2
1520.2
1520.3
1520.3
1520.4
1520.4
1520.4
1520.5
1520.5
1520.5
1520.5
1520.6
1521.0
1521.3
1521.3
1521.3
1521.3
1521.4
1521.4
1521.5
1521.5
1521.5
1521.5
1521.5
1521.5
1521.5
1521.6
1521.6
1521.6
1521.6
1521.6
1521.6
1521.6
1521.7
1521.7
1521.7
1521.7
1521.7
1521.7
1521.8
1521.8
1521.8
1521.8
1521.9
1521.9
1521.9
1521.9
1522.0
1522.0
1522.1
1522.1
1522.1
1522.2
1522.3
1522.3
1522.3
1522.3
1522.3
1522.3
1522.3
1522.3
1522.3
1522.4
1522.5
1522.5
1522.5
1522.5
1522.5
1522.8
1522.9
1522.9
1523.1
1523.2
1523.3
1523.6
1523.7
1523.7
1523.8
1523.8
1523.9
1524.0
1524.1
1524.2
1524.3
1524.3
1524.3
1524.3
1524.4
1524.5
1524.5
1524.5
1524.5
1524.5
1524.6
1524.6
1524.7
1524.8
1524.9
1524.9
1524.9
1525.0
1525.0
1525.0
1525.1
1525.1
1525.1
1525.1
1525.2
1525.2
1525.3
1525.4
1526.2
1527.1
1527.4
1527.4
1527.6
1527.8
1527.8
1527.8
1527.8
1527.8
1527.9
1528.0
1528.0
1528.0
1528.1
1528.1
1528.2
1528.2
1528.3
1528.3
1528.3
1528.4
1528.4
1528.4
1528.5
1528.5
1528.5
1528.6
1528.6
1528.7
1528.7
1528.7
1528.7
1528.8
1528.8
1528.8
1528.8
1528.8
1528.8
1528.8
1528.9
1528.9
1529.0
1529.0
1529.0
1529.0
1529.1
1529.1
1529.2
1529.2
1529.2
1529.2
1529.3
1529.3
1529.4
1529.4
1529.5
1529.5
1529.5
1529.6
1529.6
1529.9
1530.1
1530.1
1530.1
1530.4
1530.5
1530.6
1530.7
1530.7
1530.7
1530.7
1530.7
1530.7
1530.8
1530.9
1530.9
1530.9
1530.9
1530.9
1531.1
1531.1
1531.3
1531.3
1531.4
1531.4
1531.4
1531.5
1531.5
1531.6
1531.6
1531.6
1531.6
1531.7
1531.7
1531.7
1531.7
1531.7
1531.7
1531.8
1531.8
1531.8
1531.9
1531.9
1531.9
1531.9
1532.0
1532.0
1532.0
1532.1
1532.2
1532.2
1532.3
1532.3
1532.3
1532.3
1532.3
1532.5
1532.5
1532.6
1532.6
1532.6
1532.6
1532.7
1532.7
1532.7
1532.7
1532.8
1532.9
1532.9
1532.9
1533.0
1533.0
1533.0
1533.0
1533.0
1533.1
1533.2
1533.2
1533.3
1533.3
1533.3
1533.3
1533.3
1533.3
1533.3
1533.3
1533.3
1533.4
1533.4
1533.5
1533.5
1533.5
1533.7
1533.8
1533.8
1533.8
1533.9
1533.9
1533.9
1533.9
1534.0
1534.1
1534.3
1534.4
1534.4
1534.5
1534.6
1534.6
1534.6
1534.7
1534.7
1534.7
1534.8
1534.8
1534.9
1534.9
1535.0
1535.1
1535.2
1535.2
1535.2
1535.3
1535.5
1535.5
1535.6
1535.6
1535.6
1535.6
1535.7
1535.8
1535.8
1535.8
1536.0
1536.0
1536.1
1536.2
1536.2
1536.2
1536.2
1536.2
1536.3
1536.3
1536.4
1536.5
1536.7
1536.7
1536.8
1536.9
1537.0
1537.0
1537.0
1537.1
1537.1
1537.1
1537.2
1537.2
1537.2
1537.3
1537.3
1537.4
1537.4
1537.5
1537.5
1537.7
1537.7
1537.7
1537.8
1537.8
1537.9
1538.0
1538.0
1538.0
1538.0
1538.1
1538.1
1538.1
1538.1
1538.1
1538.1
1538.1
1538.2
1538.2
1538.3
1538.3
1538.4
1538.5
1538.5
1538.5
1538.5
1538.6
1538.7
1538.7
1538.8
1538.9
1538.9
1539.0
1539.0
1539.0
1539.1
1539.1
1539.2
1539.3
1539.3
1539.4
1539.4
1539.4
1539.4
1539.4
1539.4
1539.5
1539.5
1539.5
1539.5
1539.6
1539.6
1539.7
1539.7
1539.7
1539.8
1539.8
1539.8
1539.9
1539.9
1540.0
1540.0
1540.1
1540.1
1540.2
1540.2
1540.2
1540.2
1540.3
1540.3
1540.4
1540.4
1540.4
1540.5
1540.5
1540.5
1540.6
1540.7
1540.7
1540.8
1540.9
1540.9
1541.0
1541.0
1541.0
1541.0
1541.1
1541.1
1541.2
1541.2
1541.3
1541.4
1541.6
1541.8
1541.9
1541.9
1542.0
1542.0
1542.0
1542.1
1542.1
1542.1
1542.1
1542.1
1542.1
1542.2
1542.2
1542.2
1542.2
1542.2
1542.3
1542.3
1542.4
1542.5
1542.5
1542.5
1542.5
1542.6
1542.6
1542.7
1542.7
1542.8
1542.8
1542.8
1542.9
1543.0
1543.0
1543.0
1543.0
1543.1
1543.1
1543.1
1543.3
1543.4
1543.4
1543.4
1543.4
1543.5
1543.6
1543.6
1543.7
1543.7
1543.7
1543.7
1543.8
1543.8
1543.8
1543.8
1543.8
1544.0
1544.0
1544.0
1544.0
1544.1
1544.2
1544.2
1544.3
1544.3
1544.3
1544.3
1544.4
1544.4
1544.4
1544.4
1544.5
1544.6
1544.6
1544.7
1544.9
1545.0
1545.2
1545.2
1545.3
1545.3
1545.5
1545.5
1545.6
1545.6
1545.8
1545.9
1546.1
1546.2
1546.3
1546.3
1546.4
1546.5
1546.6
1546.7
1546.8
1546.8
1546.9
1546.9
1547.0
1547.0
1547.1
1547.1
1547.3
1547.4
1547.4
1547.4
1547.4
1547.5
1547.5
1547.5
1547.5
1547.5
1547.5
1547.5
1547.6
1547.6
1547.6
1547.6
1547.6
1547.7
1547.9
1547.9
1548.0
1548.0
1548.1
1548.1
1548.1
1548.1
1548.3
1548.4
1548.4
1548.6
1548.7
1548.7
1548.8
1548.8
1548.9
1548.9
1549.0
1549.0
1549.1
1549.2
1549.2
1549.4
1549.4
1549.4
1549.4
1549.4
1549.5
1549.5
1549.6
1549.7
1549.7
1549.8
1549.9
1549.9
1549.9
1549.9
1550.0
1550.1
1550.1
1550.3
1550.4
1550.4
1550.5
1550.5
1550.6
1550.6
1550.7
1550.8
1550.8
1550.8
1551.0
1551.0
1551.0
1551.1
1551.1
1551.2
1551.2
1551.3
1551.4
1551.4
1551.4
1551.5
1551.5
1551.5
1551.6
1551.6
1551.7
1551.7
1551.7
1551.8
1551.8
1551.8
1551.9
1551.9
1551.9
1551.9
1552.0
1552.0
1552.0
1552.1
1552.1
1552.2
1552.2
1552.2
1552.2
1552.3
1552.3
1552.3
1552.4
1552.4
1552.4
1552.5
1552.6
1552.6
1552.6
1552.6
1552.7
1552.7
1552.8
1552.8
1552.8
1552.9
1552.9
1552.9
1553.0
1553.0
1553.0
1553.1
1553.2
1553.2
1553.2
1553.2
1553.2
1553.3
1553.4
1553.4
1553.5
1553.5
1553.6
1553.6
1553.6
1553.6
1553.7
1553.8
1553.9
1553.9
1554.0
1554.0
1554.0
1554.0
1554.1
1554.1
1554.3
1554.4
1554.4
1554.4
1554.6
1554.8
1554.9
1555.1
1555.2
1555.3
1555.4
1555.4
1555.5
1555.6
1555.6
1555.6
1555.6
1555.7
1555.7
1555.8
1555.8
1555.8
1555.8
1555.9
1555.9
1556.0
1556.0
1556.1
1556.2
1556.2
1556.2
1556.3
1556.3
1556.3
1556.3
1556.4
1556.4
1556.4
1556.4
1556.4
1556.4
1556.5
1556.5
1556.6
1556.6
1556.6
1556.7
1556.7
1556.7
1556.7
1556.8
1556.8
1556.9
1557.0
1557.0
1557.1
1557.1
1557.2
1557.2
1557.3
1557.3
1557.3
1557.3
1557.4
1557.4
1557.5
1557.6
1557.6
1557.6
1557.7
1557.7
1557.7
1557.8
1557.8
1557.8
1557.9
1558.0
1558.0
1558.1
1558.1
1558.2
1558.2
1558.2
1558.4
1558.4
1558.4
1558.5
1558.6
1558.6
1558.7
1558.7
1558.7
1558.9
1558.9
1559.1
1559.1
1559.2
1559.3
1559.5
1559.6
1559.6
1559.9
1560.0
1560.0
1560.2
1560.3
1560.5
1560.7
1560.8
1560.9
1561.0
1561.1
1561.3
1561.3
1561.3
1561.5
1561.5
1561.6
1561.7
1561.8
1561.9
1561.9
1561.9
1562.0
1562.0
1562.1
1562.3
1562.3
1562.4
1562.4
1562.5
1562.5
1562.5
1562.5
1562.7
1562.8
1562.8
1562.8
1562.9
1562.9
1563.0
1563.0
1563.1
1563.1
1563.2
1563.2
1563.2
1563.2
1563.3
1563.3
1563.3
1563.3
1563.5
1563.5
1563.7
1563.9
1563.9
1563.9
1564.0
1564.0
1564.2
1564.2
1564.4
1564.4
1564.4
1564.4
1564.6
1564.6
1564.6
1564.7
1564.7
1564.7
1564.7
1564.8
1564.8
1565.0
1565.1
1565.1
1565.2
1565.2
1565.3
1565.4
1565.5
1565.5
1565.5
1565.5
1565.6
1565.6
1565.7
1566.1
1566.3
1566.4
1566.6
1566.8
1566.9
1567.0
1567.1
1567.1
1567.5
1567.9
1568.1
1568.2
1568.4
1568.7
1568.8
1568.9
1569.1
1569.6
1570.1
1570.1
1570.3
1570.3
1570.5
1570.6
1571.0
1571.1
1571.3
1571.3
1571.3
1571.4
1571.6
1571.7
1571.8
1571.8
1571.9
1572.1
1572.4
1572.6
1572.6
1572.7
1572.7
1572.7
1572.7
1572.8
1572.8
1572.9
1572.9
1573.0
1573.0
1573.0
1573.2
1573.2
1573.3
1573.4
1573.5
1573.5
1573.6
1573.7
1573.7
1573.7
1573.9
1573.9
1574.0
1574.1
1574.1
1574.1
1574.2
1574.3
1574.3
1574.3
1574.3
1574.8
1574.9
1574.9
1575.0
1575.0
1575.1
1575.1
1575.1
1575.2
1575.3
1575.4
1575.5
1575.5
1575.5
1575.5
1575.7
1576.1
1576.2
1576.2
1576.7
1576.8
1576.8
1577.1
1577.2
1577.2
1577.2
1577.2
1577.3
1577.4
1577.4
1577.6
1577.7
1577.7
1577.8
1577.9
1577.9
1578.0
1578.2
1578.3
1578.3
1578.4
1578.5
1578.7
1578.7
1578.8
1578.8
1578.8
1579.0
1579.1
1579.3
1579.6
1579.7
1579.7
1579.9
1579.9
1580.1
1580.1
1580.2
1580.4
1580.5
1580.5
1580.5
1580.7
1580.7
1580.7
1581.0
1581.0
1581.0
1581.3
1581.3
1581.5
1581.6
1581.6
1581.8
1581.9
1582.1
1582.2
1582.2
1582.2
1582.3
1582.3
1582.7
1583.3
1583.5
1583.6
1583.6
1583.6
1583.7
1584.0
1584.1
1584.6
1584.7
1584.7
1585.0
1585.3
1585.4
1585.6
1585.6
1585.9
1585.9
1586.1
1586.5
1586.7
1586.7
1586.8
1586.8
1586.8
1586.9
1587.5
1587.6
1588.2
1588.4
1588.9
1589.0
1589.5
1589.6
1590.6
1590.6
1590.8
1591.0
1591.8
1591.9
1592.2
1592.5
1592.9
1593.8
1594.3
1594.4
1595.2
1595.6
1595.7
1596.5
1597.1
1597.7
1597.9
1598.8
1601.1
1602.3
1604.5
1604.6
1605.1
1606.9
1607.0
1609.7
1609.9
1610.1
1747.5
1747.6
1747.6
1747.6
1747.6
1747.6
1747.6
1747.7
1747.7
1747.7
1747.7
1747.8
1747.8
1747.8
1747.8
1747.9
1747.9
1747.9
1747.9
1747.9
1747.9
1747.9
1747.9
1747.9
1748.0
1748.0
1748.0
1748.0
1748.0
1748.0
1748.0
1748.0
1748.0
1748.1
1748.1
1748.1
1748.1
1748.1
1748.1
1748.1
1748.1
1748.2
1748.2
1748.2
1748.3
1748.3
1748.3
1748.3
1748.4
1748.4
1748.4
1748.4
1748.4
1748.5
1748.5
1748.5
1748.6
1748.6
1748.6
1748.7
1748.7
1748.7
1748.7
1748.7
1748.7
1748.7
1748.7
1748.7
1748.7
1748.8
1748.8
1748.8
1748.8
1748.8
1748.8
1748.8
1748.9
1748.9
1748.9
1748.9
1748.9
1748.9
1748.9
1748.9
1748.9
1748.9
1748.9
1749.0
1749.0
1749.0
1749.0
1749.0
1749.0
1749.6
1749.6
1750.1
1750.2
1750.2
1750.3
1750.8
1752.0
1752.2
1752.3
1752.3
1752.3
1752.3
1752.4
1752.4
1752.4
1752.5
1752.5
1752.5
1752.5
1752.5
1752.5
1752.6
1752.6
1752.6
1752.6
1752.6
1752.6
1752.6
1752.7
1752.7
1752.7
1752.8
1752.8
1752.8
1752.8
1752.8
1752.8
1752.8
1752.9
1752.9
1752.9
1752.9
1752.9
1752.9
1752.9
1752.9
1752.9
1752.9
1752.9
1752.9
1753.0
1753.0
1753.0
1753.0
1753.0
1753.1
1753.1
1753.1
1753.1
1753.2
1753.2
1753.2
1753.2
1753.2
1753.2
1753.3
1753.3
1753.3
1753.3
1753.3
1753.3
1753.3
1753.3
1753.3
1753.3
1753.3
1753.4
1753.4
1753.4
1753.4
1753.5
1753.5
1753.5
1753.5
1753.5
1753.5
1753.5
1753.5
1753.6
1753.6
1753.6
1753.6
1753.6
1753.6
1753.7
1753.8
1754.0
1754.4
1754.7
1755.1
1755.2
1756.4
1756.4
1756.5
1756.6
1757.5
1758.2
1758.4
1758.6
1758.8
1758.8
1758.9
1759.0
1759.1
1759.1
1759.1
1759.2
1759.2
1759.3
1759.3
1759.3
1759.4
1759.4
1759.4
1759.4
1759.5
1759.5
1759.5
1759.6
1759.6
1759.6
1759.7
1759.7
1759.7
1759.7
1759.7
1759.7
1759.8
1759.8
1759.8
1759.8
1759.8
1759.8
1759.8
1759.9
1759.9
1759.9
1759.9
1759.9
1759.9
1759.9
1759.9
1760.0
1760.0
1760.0
1760.0
1760.0
1760.0
1760.0
1760.0
1760.1
1760.1
1760.1
1760.1
1760.1
1760.2
1760.2
1760.2
1760.2
1760.2
1760.2
1760.2
1760.2
1760.3
1760.3
1760.3
1760.3
1760.3
1760.4
1760.4
1760.5
1760.5
1760.5
1760.5
1760.5
1760.5
1760.5
1760.6
1760.6
1760.6
1760.6
1760.6
1760.7
1760.7
1760.7
1760.8
1760.9
1761.4
1761.8
1762.2
1762.8
1762.9
1762.9
1762.9
1763.0
1763.0
1763.0
1763.0
1763.0
1763.0
1763.1
1763.1
1763.2
1763.2
1763.2
1763.3
1763.4
1763.4
1763.4
1763.5
1763.6
1763.6
1763.6
1763.6
1763.6
1763.6
1763.6
1763.7
1763.7
1763.7
1763.7
1763.7
1763.7
1763.8
1763.8
1763.8
1763.8
1763.8
1763.8
1763.9
1763.9
1764.0
1764.0
1764.0
1764.0
1764.0
1764.1
1764.1
1764.1
1764.1
1764.1
1764.1
1764.2
1764.2
1764.2
1764.2
1764.2
1764.2
1764.2
1764.3
1764.4
1764.4
1764.4
1764.4
1764.4
1764.4
1764.4
1764.4
1764.4
1764.4
1764.4
1764.4
1764.5
1764.5
1764.5
1764.5
1764.6
1764.6
1764.6
1764.6
1764.7
1764.7
1764.7
1764.7
1764.7
1764.7
1764.7
1764.8
1764.8
1764.8
1764.9
1764.9
1765.0
1765.0
1765.2
1765.7
1766.0
1766.6
1766.7
1767.2
1767.4
1767.5
1767.5
1767.6
1767.7
1767.8
1767.8
1767.8
1767.8
1767.8
1767.9
1767.9
1767.9
1768.1
1768.1
1768.2
1768.2
1768.3
1768.3
1768.4
1768.4
1768.4
1768.4
1768.4
1768.5
1768.5
1768.5
1768.5
1768.5
1768.5
1768.5
1768.5
1768.6
1768.6
1768.6
1768.6
1768.6
1768.6
1768.7
1768.7
1768.8
1768.8
1768.8
1768.8
1768.8
1768.8
1768.9
1768.9
1768.9
1768.9
1768.9
1768.9
1768.9
1769.0
1769.0
1769.0
1769.0
1769.0
1769.0
1769.0
1769.0
1769.1
1769.1
1769.1
1769.1
1769.1
1769.1
1769.2
1769.2
1769.2
1769.2
1769.2
1769.2
1769.2
1769.2
1769.2
1769.2
1769.3
1769.3
1769.3
1769.3
1769.4
1769.4
1769.5
1769.5
1769.6
1769.7
1769.7
1769.9
1770.0
1770.3
1770.3
1770.5
1770.5
1770.6
1770.7
1771.1
1771.2
1771.4
1771.4
1771.4
1771.6
1771.6
1771.7
1771.8
1771.8
1771.8
1771.8
1771.9
1772.0
1772.0
1772.0
1772.0
1772.1
1772.2
1772.2
1772.2
1772.3
1772.4
1772.4
1772.4
1772.4
1772.4
1772.5
1772.5
1772.5
1772.5
1772.5
1772.6
1772.6
1772.6
1772.6
1772.6
1772.7
1772.7
1772.8
1772.8
1772.8
1772.9
1773.0
1773.0
1773.0
1773.0
1773.0
1773.0
1773.1
1773.1
1773.1
1773.1
1773.1
1773.1
1773.1
1773.2
1773.2
1773.2
1773.2
1773.2
1773.2
1773.2
1773.3
1773.3
1773.3
1773.3
1773.3
1773.3
1773.3
1773.4
1773.4
1773.4
1773.4
1773.5
1773.5
1773.5
1773.6
1773.7
1773.7
1773.8
1773.9
1774.0
1774.0
1774.1
1774.1
1774.3
1774.5
1774.7
1774.8
1775.0
1775.1
1775.2
1775.3
1775.4
1775.6
1775.7
1775.8
1775.9
1776.1
1776.2
1776.2
1776.3
1776.5
1776.5
1776.6
1776.6
1776.7
1776.9
1776.9
1777.0
1777.0
1777.1
1777.2
1777.2
1777.2
1777.3
1777.4
1777.4
1777.5
1777.5
1777.6
1777.6
1777.6
1777.7
1777.7
1777.7
1777.7
1777.8
1777.8
1777.8
1777.9
1778.0
1778.0
1778.1
1778.1
1778.2
1778.2
1778.3
1778.4
1778.5
1778.5
1778.5
1778.5
1778.6
1778.6
1778.6
1778.7
1778.7
1778.7
1778.7
1778.7
1778.7
1778.7
1778.7
1778.7
1778.8
1778.8
1778.8
1778.8
1778.9
1778.9
1778.9
1779.0
1779.0
1779.0
1779.1
1779.1
1779.1
1779.2
1779.2
1779.2
1779.3
1779.3
1779.3
1779.4
1779.4
1779.6
1779.8
1779.9
1780.1
1780.2
1780.4
1780.5
1780.5
1780.7
1780.8
1780.9
1781.1
1781.2
1781.2
1781.2
1781.3
1781.3
1781.4
1781.4
1781.4
1781.4
1781.5
1781.5
1781.5
1781.6
1781.6
1781.6
1781.6
1781.6
1781.6
1781.7
1781.7
1781.7
1781.7
1781.7
1781.8
1781.9
1781.9
1782.0
1782.1
1782.1
1782.1
1782.1
1782.1
1782.1
1782.2
1782.3
1782.4
1782.4
1782.4
1782.4
1782.4
1782.5
1782.5
1782.5
1782.5
1782.5
1782.6
1782.6
1782.6
1782.6
1782.6
1782.7
1782.8
1782.8
1782.8
1782.8
1782.9
1782.9
1782.9
1782.9
1782.9
1783.0
1783.1
1783.1
1783.1
1783.1
1783.2
1783.3
1783.3
1783.3
1783.3
1783.4
1783.4
1783.8
1783.8
1783.9
1784.0
1784.0
1784.1
1784.1
1784.2
1784.3
1784.4
1784.5
1784.7
1784.9
1785.0
1785.0
1785.1
1785.1
1785.1
1785.2
1785.3
1785.3
1785.4
1785.4
1785.4
1785.5
1785.5
1785.5
1785.6
1785.6
1785.7
1785.7
1785.8
1785.8
1785.8
1785.9
1785.9
1786.0
1786.0
1786.0
1786.2
1786.2
1786.3
1786.3
1786.4
1786.4
1786.4
1786.5
1786.5
1786.6
1786.6
1786.7
1786.8
1786.8
1786.8
1786.9
1786.9
1786.9
1787.0
1787.0
1787.0
1787.1
1787.1
1787.1
1787.1
1787.2
1787.2
1787.2
1787.2
1787.2
1787.3
1787.3
1787.3
1787.3
1787.3
1787.4
1787.5
1787.6
1787.6
1787.6
1787.7
1787.7
1787.8
1787.8
1787.8
1787.8
1787.9
1788.0
1788.0
1788.0
1788.1
1788.2
1788.3
1788.3
1788.3
1788.3
1788.4
1788.6
1788.7
1788.8
1789.1
1789.1
1789.1
1789.1
1789.3
1789.4
1789.6
1789.9
1790.0
1790.0
1790.0
1790.3
1790.4
1790.4
1790.4
1790.5
1790.6
1790.6
1790.7
1790.8
1790.9
1790.9
1791.1
1791.2
1791.3
1791.3
1791.4
1791.4
1791.4
1791.4
1791.5
1791.5
1791.6
1791.7
1791.7
1791.8
1791.8
1792.0
1792.2
1792.4
1792.4
1792.4
1792.4
1792.4
1792.5
1792.5
1792.6
1792.6
1792.7
1792.7
1792.8
1792.8
1792.9
1793.0
1793.1
1793.3
1793.4
1793.4
1793.5
1793.5
1793.6
1793.6
1793.7
1793.7
1793.7
1793.8
1793.8
1793.8
1793.9
1794.0
1794.1
1794.1
1794.1
1794.1
1794.2
1794.2
1794.2
1794.2
1794.3
1794.3
1794.3
1794.4
1794.4
1794.9
1795.0
1795.1
1795.1
1795.2
1795.3
1795.4
1795.4
1795.7
1795.8
1795.9
1795.9
1795.9
1796.0
1796.0
1796.2
1796.5
1796.6
1796.6
1796.9
1796.9
1797.3
1797.4
1797.7
1798.1
1798.1
1798.1
1798.6
1798.6
1798.6
1798.7
1798.7
1798.7
1798.8
1799.0
1799.0
1799.1
1799.2
1799.6
1799.6
1799.7
1799.7
1799.7
1799.8
1799.8
1799.8
1799.8
1799.8
1799.8
1799.9
1799.9
1800.0
1800.1
1800.1
1800.2
1800.2
1800.3
1800.3
1800.3
1800.4
1800.4
1800.5
1800.6
1800.8
1800.8
1800.9
1800.9
1800.9
1800.9
1801.1
1801.2
1801.6
1801.7
1801.7
1801.8
1801.9
1801.9
1802.1
1802.1
1802.2
1802.3
1802.6
1802.9
1802.9
1803.0
1803.1
1803.3
1803.3
1803.5
1803.5
1803.6
1803.6
1803.6
1803.7
1803.7
1804.2
1804.2
1804.3
1804.3
1804.3
1804.4
1804.4
1804.4
1804.5
1804.6
1804.6
1804.7
1804.7
1804.8
1804.8
1804.8
1804.9
1805.0
1805.0
1805.2
1805.2
1805.3
1805.3
1805.3
1805.4
1805.4
1805.5
1805.5
1805.6
1805.6
1805.7
1805.7
1806.0
1806.1
1806.1
1806.2
1806.4
1806.4
1806.4
1806.5
1806.5
1806.5
1806.8
1806.8
1807.1
1807.1
1807.1
1807.4
1807.9
1807.9
1808.1
1808.1
1808.4
1808.4
1808.5
1808.6
1809.2
1809.2
1809.3
1809.4
1809.6
1809.8
1810.1
1810.1
1810.1
1810.3
1810.3
1810.4
1810.4
1810.5
1810.5
1810.5
1810.5
1810.6
1811.0
1811.2
1811.2
1811.2
1811.2
1811.2
1811.4
1811.5
1811.7
1811.9
1812.0
1812.1
1812.2
1812.2
1812.5
1812.5
1812.6
1812.6
1812.7
1812.7
1812.9
1812.9
1813.1
1813.1
1813.4
1813.7
1813.7
1814.0
1814.0
1814.1
1814.2
1814.2
1814.3
1814.7
1814.8
1814.9
1815.3
1815.5
1815.6
1816.4
1816.6
1817.0
1818.0
1818.2
1818.3
1818.6
1819.4
1819.5
1819.9
1820.0
1820.6
1821.3
1821.3
1821.9
1822.7
1824.9
1825.1
1825.5
1826.4
1826.5
1826.9
1827.8
1830.1
1830.2
1831.8
1833.8
1836.2
1837.5
1840.6
1843.0
1843.1
1843.8
1845.3
1871.7
1903.4
1903.4
1903.4
1903.5
1903.5
1903.5
1903.5
1903.5
1903.6
1903.6
1903.6
1903.7
1903.7
1903.7
1903.7
1903.7
1903.8
1903.9
1903.9
1903.9
1903.9
1903.9
1904.0
1904.1
1904.2
1904.2
1904.3
1904.3
1904.3
1904.3
1904.4
1904.4
1904.4
1904.4
1904.5
1904.5
1904.5
1904.5
1904.6
1904.6
1904.6
1904.6
1904.6
1904.6
1904.6
1904.6
1904.7
1904.7
1904.7
1904.8
1904.9
1904.9
1905.2
1905.3
1905.3
1905.3
1905.5
1905.6
1905.7
1905.8
1905.8
1906.0
1906.0
1906.1
1906.1
1906.2
1906.2
1906.4
1906.4
1906.5
1906.5
1906.5
1906.6
1906.7
1906.8
1906.9
1906.9
1906.9
1906.9
1907.0
1907.0
1907.1
1907.2
1907.3
1907.3
1907.3
1907.4
1907.4
1907.4
1907.5
1907.5
1907.6
1907.6
1907.8
1907.9
1908.1
1908.1
1908.1
1908.2
1908.2
1908.3
1908.3
1908.4
1908.4
1908.5
1908.5
1908.5
1908.5
1908.6
1908.7
1908.7
1908.7
1908.7
1908.7
1908.8
1908.8
1908.8
1909.0
1909.1
1909.1
1909.1
1909.2
1909.2
1909.2
1909.3
1909.3
1909.3
1909.3
1909.3
1909.4
1909.4
1909.5
1909.5
1909.5
1909.6
1909.6
1909.7
1909.7
1909.8
1909.8
1909.8
1909.8
1909.9
1909.9
1909.9
1909.9
1910.0
1910.0
1910.1
1910.1
1910.1
1910.2
1910.2
1910.2
1910.3
1910.3
1910.5
1910.7
1910.7
1910.8
1910.9
1911.0
1911.0
1911.0
1911.1
1911.2
1911.2
1911.2
1911.3
1911.3
1911.3
1911.4
1911.4
1911.5
1911.7
1911.7
1911.8
1911.8
1911.9
1911.9
1911.9
1912.0
1912.0
1912.1
1912.1
1912.2
1912.3
1912.4
1912.5
1913.1
1914.2
1914.3
1914.3
1914.3
1914.5
1914.5
1914.8
1914.9
1914.9
1915.0
1915.1
1915.2
1915.2
1915.2
1915.4
1915.4
1915.4
1915.5
1915.5
1915.6
1915.6
1915.6
1915.8
1915.8
1915.9
1915.9
1915.9
1915.9
1916.0
1916.0
1916.0
1916.1
1916.1
1916.2
1916.2
1916.2
1916.2
1916.3
1916.4
1916.4
1916.5
1916.6
1916.6
1916.6
1916.8
1916.8
1916.8
1916.8
1917.0
1917.0
1917.0
1917.2
1917.2
1917.3
1917.3
1917.4
1917.4
1917.6
1917.7
1917.8
1917.8
1917.8
1917.9
1918.0
1918.0
1918.1
1918.1
1918.1
1918.1
1918.2
1918.3
1918.3
1918.4
1918.5
1918.5
1918.7
1918.7
1918.8
1918.9
1918.9
1919.0
1919.1
1919.2
1919.3
1919.3
1919.4
1919.6
1919.7
1919.7
1919.7
1919.8
1919.8
1919.8
1920.1
1920.4
1920.5
1920.8
1921.2
1921.4
1921.7
1923.4
1926.0
1927.6
1928.3
1928.5
1928.6
1928.9
1929.0
1929.4
1929.6
1930.5
1930.8
1930.8
1930.8
1931.0
1931.0
1931.2
1931.3
1931.4
1931.4
1931.5
1931.6
1931.6
1931.6
1931.7
1931.7
1931.8
1931.8
1931.8
1931.9
1931.9
1931.9
1932.1
1932.2
1932.2
1932.3
1932.3
1932.3
1932.5
1932.7
1932.8
1933.0
1933.2
1933.3
1933.5
1934.0
1934.0
1934.0
1934.1
1934.1
1934.2
1934.2
1934.5
1934.8
1934.9
1934.9
1935.5
1935.9
1935.9
1936.1
1936.3
1936.5
1936.6
1936.8
1936.9
1937.0
1937.2
1937.2
1937.3
1937.3
1937.3
1937.5
1937.6
1937.7
1937.8
1937.8
1937.9
1938.0
1938.0
1938.1
1938.1
1938.3
1938.4
1938.5
1938.5
1938.6
1938.7
1938.7
1939.0
1939.0
1939.0
1939.2
1939.3
1939.5
1939.5
1939.6
1939.6
1939.7
1939.9
1939.9
1940.0
1940.0
1940.0
1940.0
1940.1
1940.2
1940.3
1940.3
1940.3
1940.4
1940.5
1940.6
1940.6
1940.6
1940.9
1941.0
1941.2
1941.4
1941.5
1941.5
1941.8
1941.8
1942.0
1942.1
1942.1
1942.2
1942.4
1942.4
1942.9
1942.9
1943.0
1943.1
1943.1
1943.7
1943.7
1944.1
1944.1
1944.1
1944.3
1944.3
1944.5
1944.6
1944.7
1944.8
1944.9
1944.9
1944.9
1945.0
1945.1
1945.1
1945.1
1945.2
1945.3
1945.3
1945.4
1945.4
1945.4
1945.5
1945.5
1945.7
1945.8
1946.3
1946.4
1946.5
1946.6
1946.7
1947.1
1947.2
1947.4
1947.4
1947.5
1947.6
1947.7
1947.9
1948.1
1948.1
1948.3
1949.0
1949.1
1949.2
1949.3
1949.5
1949.5
1949.6
1950.2
1950.3
1950.4
1950.5
1950.9
1951.4
1951.5
1951.7
1952.3
1952.6
1952.8
1953.0
1953.1
1953.4
1953.8
1953.9
1954.5
1954.9
1954.9
1955.3
1955.5
1955.8
1956.4
1956.8
1956.9
1957.0
1957.3
1957.8
1957.8
1958.5
1959.1
1959.3
1959.4
1960.9
1960.9
1965.1
1966.8
1967.5
1969.8
1971.9
2094.1
2094.1
2094.1
2094.1
2094.2
2094.2
2094.2
2094.2
2094.2
2094.2
2094.2
2094.2
2094.2
2094.2
2094.3
2094.3
2094.3
2094.3
2094.3
2094.3
2094.3
2094.3
2094.3
2094.3
2094.3
2094.3
2094.4
2094.4
2094.4
2094.4
2094.4
2094.4
2094.5
2094.5
2094.5
2094.5
2094.5
2094.5
2094.5
2094.5
2094.5
2094.5
2094.5
2094.5
2094.5
2094.5
2094.6
2094.6
2094.6
2094.6
2094.6
2094.6
2094.7
2094.7
2094.8
2094.8
2094.8
2094.8
2094.8
2094.9
2094.9
2094.9
2094.9
2094.9
2094.9
2094.9
2094.9
2094.9
2095.0
2095.0
2095.0
2095.0
2095.0
2095.0
2095.0
2095.0
2095.0
2095.0
2095.0
2095.0
2095.0
2095.0
2095.0
2095.0
2095.0
2095.1
2095.1
2095.1
2095.1
2095.1
2095.3
2095.4
2095.5
2096.0
2096.0
2096.6
2096.6
2096.7
2096.8
2097.2
2098.5
2098.7
2098.7
2098.8
2098.8
2098.8
2098.8
2098.8
2098.8
2098.8
2098.9
2098.9
2098.9
2098.9
2098.9
2098.9
2099.0
2099.0
2099.0
2099.0
2099.0
2099.0
2099.0
2099.0
2099.0
2099.0
2099.0
2099.0
2099.0
2099.0
2099.1
2099.1
2099.1
2099.1
2099.1
2099.1
2099.2
2099.2
2099.2
2099.2
2099.3
2099.3
2099.3
2099.3
2099.3
2099.3
2099.3
2099.3
2099.3
2099.3
2099.3
2099.3
2099.3
2099.3
2099.3
2099.3
2099.4
2099.4
2099.4
2099.4
2099.4
2099.4
2099.4
2099.4
2099.4
2099.5
2099.5
2099.5
2099.5
2099.6
2099.6
2099.6
2099.6
2099.6
2099.6
2099.6
2099.6
2099.6
2099.6
2099.7
2099.7
2099.7
2099.7
2099.7
2099.7
2099.8
2099.8
2099.8
2099.9
2099.9
2100.2
2100.5
2100.8
2101.4
2101.4
2102.5
2102.5
2102.6
2102.7
2103.7
2104.9
2105.0
2105.0
2105.2
2105.4
2105.5
2105.5
2105.5
2105.5
2105.6
2105.6
2105.7
2105.7
2105.7
2105.7
2105.8
2105.8
2105.8
2105.9
2105.9
2105.9
2105.9
2106.0
2106.0
2106.0
2106.0
2106.0
2106.0
2106.1
2106.1
2106.1
2106.1
2106.1
2106.1
2106.1
2106.1
2106.2
2106.2
2106.2
2106.2
2106.2
2106.2
2106.3
2106.4
2106.4
2106.4
2106.4
2106.4
2106.4
2106.5
2106.5
2106.5
2106.5
2106.5
2106.5
2106.5
2106.5
2106.5
2106.5
2106.6
2106.6
2106.6
2106.6
2106.6
2106.7
2106.7
2106.7
2106.7
2106.8
2106.8
2106.8
2106.8
2106.8
2106.8
2106.9
2106.9
2106.9
2106.9
2106.9
2106.9
2107.0
2107.0
2107.0
2107.1
2107.1
2107.1
2107.1
2107.2
2107.2
2107.2
2107.4
2108.0
2108.3
2108.8
2109.1
2109.1
2109.1
2109.2
2109.2
2109.2
2109.3
2109.3
2109.3
2109.3
2109.4
2109.4
2109.4
2109.6
2109.6
2109.6
2109.6
2109.6
2109.7
2109.7
2109.7
2109.8
2109.8
2109.9
2109.9
2109.9
2109.9
2109.9
2109.9
2109.9
2109.9
2110.0
2110.0
2110.0
2110.0
2110.0
2110.0
2110.1
2110.1
2110.1
2110.2
2110.2
2110.2
2110.3
2110.3
2110.4
2110.4
2110.4
2110.4
2110.5
2110.5
2110.5
2110.5
2110.6
2110.6
2110.6
2110.6
2110.6
2110.6
2110.6
2110.6
2110.7
2110.7
2110.7
2110.7
2110.7
2110.7
2110.7
2110.7
2110.7
2110.8
2110.8
2110.8
2110.8
2110.8
2110.9
2110.9
2111.0
2111.0
2111.0
2111.0
2111.0
2111.0
2111.0
2111.1
2111.1
2111.2
2111.2
2111.2
2111.3
2111.3
2111.4
2111.4
2111.5
2111.6
2111.8
2112.0
2113.0
2113.1
2113.4
2113.6
2113.6
2113.7
2113.7
2113.8
2113.8
2113.8
2113.8
2113.9
2114.0
2114.1
2114.2
2114.2
2114.2
2114.3
2114.3
2114.3
2114.3
2114.4
2114.4
2114.5
2114.5
2114.5
2114.6
2114.6
2114.6
2114.6
2114.6
2114.6
2114.6
2114.7
2114.7
2114.7
2114.7
2114.7
2114.8
2114.8
2114.9
2114.9
2114.9
2114.9
2114.9
2115.0
2115.0
2115.0
2115.0
2115.0
2115.1
2115.1
2115.1
2115.1
2115.2
2115.2
2115.2
2115.2
2115.3
2115.3
2115.3
2115.3
2115.3
2115.3
2115.3
2115.3
2115.4
2115.4
2115.4
2115.4
2115.4
2115.4
2115.4
2115.5
2115.5
2115.5
2115.5
2115.6
2115.6
2115.6
2115.6
2115.6
2115.6
2115.6
2115.7
2115.7
2115.7
2115.8
2115.9
2116.0
2116.1
2116.1
2116.2
2116.2
2116.3
2116.4
2116.4
2116.5
2117.1
2117.1
2117.2
2117.2
2117.3
2117.4
2117.5
2117.7
2117.8
2117.8
2117.8
2117.9
2118.0
2118.0
2118.0
2118.0
2118.2
2118.2
2118.3
2118.3
2118.3
2118.3
2118.3
2118.4
2118.4
2118.4
2118.4
2118.4
2118.5
2118.5
2118.6
2118.7
2118.7
2118.7
2118.8
2118.8
2118.8
2118.8
2118.8
2118.9
2118.9
2118.9
2119.0
2119.1
2119.1
2119.1
2119.1
2119.2
2119.2
2119.3
2119.3
2119.3
2119.3
2119.3
2119.3
2119.3
2119.4
2119.4
2119.4
2119.4
2119.4
2119.5
2119.5
2119.5
2119.5
2119.5
2119.6
2119.6
2119.7
2119.7
2119.7
2119.7
2119.7
2119.7
2119.8
2119.8
2119.8
2119.9
2119.9
2120.1
2120.1
2120.2
2120.2
2120.3
2120.4
2120.5
2120.6
2120.7
2120.8
2120.8
2121.0
2121.3
2121.4
2121.5
2121.6
2121.6
2121.7
2121.7
2121.8
2121.8
2121.9
2122.2
2122.3
2122.3
2122.5
2122.5
2122.7
2122.7
2123.0
2123.0
2123.0
2123.1
2123.1
2123.2
2123.2
2123.2
2123.2
2123.4
2123.5
2123.5
2123.5
2123.7
2123.8
2123.8
2123.8
2123.9
2123.9
2123.9
2124.0
2124.0
2124.0
2124.1
2124.1
2124.2
2124.3
2124.3
2124.3
2124.3
2124.5
2124.6
2124.7
2124.7
2124.7
2124.7
2124.8
2124.8
2124.8
2124.8
2124.9
2124.9
2124.9
2124.9
2125.0
2125.0
2125.0
2125.0
2125.0
2125.1
2125.1
2125.1
2125.2
2125.2
2125.3
2125.4
2125.5
2125.5
2125.5
2125.6
2125.6
2125.6
2125.7
2125.7
2125.7
2125.7
2125.8
2125.9
2125.9
2126.1
2126.5
2126.5
2126.6
2126.8
2126.8
2127.0
2127.0
2127.1
2127.2
2127.3
2127.3
2127.3
2127.4
2127.4
2127.5
2127.5
2127.6
2127.6
2127.6
2127.6
2127.6
2127.6
2127.7
2127.7
2127.7
2127.8
2127.8
2128.0
2128.1
2128.1
2128.1
2128.1
2128.1
2128.1
2128.2
2128.2
2128.2
2128.2
2128.3
2128.3
2128.4
2128.4
2128.5
2128.5
2128.5
2128.6
2128.6
2128.6
2128.7
2128.7
2128.7
2128.7
2128.7
2128.7
2128.8
2128.8
2128.8
2128.9
2129.0
2129.0
2129.1
2129.1
2129.2
2129.2
2129.2
2129.3
2129.3
2129.4
2129.4
2129.4
2129.4
2129.4
2129.4
2129.5
2129.6
2129.6
2129.7
2129.7
2129.7
2129.8
2129.8
2129.9
2129.9
2130.1
2130.2
2130.3
2130.3
2130.4
2130.6
2130.6
2130.7
2130.9
2130.9
2130.9
2130.9
2131.1
2131.3
2131.3
2131.4
2131.4
2131.4
2131.4
2131.5
2131.6
2131.7
2131.7
2131.8
2131.8
2131.8
2131.8
2131.8
2131.8
2131.8
2131.9
2131.9
2132.0
2132.0
2132.0
2132.2
2132.2
2132.3
2132.4
2132.4
2132.4
2132.5
2132.5
2132.5
2132.5
2132.5
2132.6
2132.8
2132.8
2132.9
2133.0
2133.1
2133.1
2133.1
2133.2
2133.2
2133.2
2133.2
2133.2
2133.2
2133.3
2133.3
2133.3
2133.4
2133.4
2133.5
2133.6
2133.6
2133.7
2133.7
2133.9
2133.9
2133.9
2133.9
2134.0
2134.0
2134.0
2134.0
2134.1
2134.1
2134.1
2134.2
2134.2
2134.3
2134.3
2134.4
2134.4
2134.5
2134.5
2134.6
2134.6
2134.7
2134.7
2134.8
2134.9
2134.9
2135.0
2135.1
2135.3
2135.4
2135.4
2135.5
2135.5
2135.6
2135.9
2136.0
2136.0
2136.0
2136.1
2136.5
2136.5
2136.5
2136.7
2136.7
2136.7
2136.8
2136.8
2136.9
2136.9
2137.1
2137.1
2137.1
2137.3
2137.3
2137.3
2137.4
2137.4
2137.4
2137.5
2137.6
2137.6
2137.6
2137.7
2137.8
2137.8
2137.9
2137.9
2138.2
2138.3
2138.4
2138.4
2138.4
2138.5
2138.6
2138.6
2138.7
2138.7
2138.7
2138.9
2138.9
2138.9
2139.1
2139.1
2139.3
2139.3
2139.3
2139.4
2139.5
2139.5
2139.5
2139.5
2139.5
2139.5
2139.6
2139.6
2139.8
2139.8
2139.8
2140.0
2140.1
2140.1
2140.3
2140.3
2140.3
2140.3
2140.4
2140.5
2140.5
2140.5
2140.6
2140.7
2140.8
2140.8
2141.1
2141.1
2141.4
2141.4
2141.5
2141.5
2141.6
2141.6
2141.7
2141.8
2142.0
2142.2
2142.2
2142.2
2142.3
2142.5
2142.5
2142.9
2143.3
2143.4
2143.4
2143.5
2143.5
2143.8
2144.0
2144.0
2144.1
2144.4
2144.4
2144.4
2144.9
2144.9
2144.9
2145.0
2145.0
2145.0
2145.1
2145.2
2145.5
2145.6
2145.6
2145.7
2145.7
2145.7
2145.7
2145.8
2145.8
2145.8
2145.8
2145.9
2145.9
2145.9
2146.1
2146.2
2146.2
2146.2
2146.3
2146.3
2146.3
2146.5
2146.5
2146.6
2146.6
2146.7
2146.7
2146.7
2146.9
2146.9
2146.9
2146.9
2147.2
2147.3
2147.4
2147.6
2147.7
2147.7
2147.7
2147.8
2147.8
2147.9
2147.9
2147.9
2148.0
2148.1
2148.2
2148.2
2148.2
2148.4
2148.5
2148.9
2149.0
2149.2
2149.2
2149.3
2149.4
2149.4
2149.5
2149.5
2149.6
2149.8
2149.8
2149.8
2149.8
2150.0
2150.0
2150.1
2150.1
2150.1
2150.1
2150.1
2150.2
2150.2
2150.3
2150.3
2150.3
2150.3
2150.3
2150.4
2150.5
2150.6
2150.8
2151.0
2151.1
2151.1
2151.1
2151.2
2151.2
2151.2
2151.3
2151.4
2151.4
2151.4
2151.6
2151.6
2151.7
2151.7
2151.7
2151.9
2152.2
2152.2
2152.2
2152.2
2152.2
2152.3
2152.3
2152.6
2152.7
2152.7
2152.8
2153.0
2153.1
2153.1
2153.3
2153.3
2153.4
2153.4
2153.4
2153.5
2154.2
2154.3
2154.4
2154.4
2154.5
2154.7
2154.9
2155.0
2155.3
2155.4
2155.5
2155.6
2155.7
2155.8
2155.8
2155.9
2155.9
2155.9
2156.0
2156.0
2156.1
2156.1
2156.1
2156.2
2156.2
2156.3
2156.3
2156.3
2156.4
2156.5
2156.7
2156.7
2156.8
2157.0
2157.1
2157.2
2157.5
2157.6
2157.7
2157.9
2157.9
2158.0
2158.1
2158.1
2158.1
2158.2
2158.3
2158.3
2158.4
2158.4
2158.4
2158.5
2158.8
2158.8
2158.9
2158.9
2158.9
2159.0
2159.1
2159.2
2159.4
2159.4
2159.5
2159.5
2159.7
2160.2
2160.5
2160.5
2161.0
2161.2
2161.4
2161.4
2161.4
2161.4
2161.7
2162.0
2162.5
2162.9
2163.0
2163.3
2163.5
2164.0
2164.2
2165.5
2165.7
2165.8
2165.8
2166.2
2166.4
2166.4
2166.7
2166.8
2166.9
2168.0
2168.5
2168.6
2169.2
2169.7
2169.9
2170.0
2170.2
2170.4
2170.9
2171.2
2171.5
2171.7
2171.9
2174.5
2174.6
2176.5
2177.4
2177.5
2177.5
2178.8
2180.1
2181.5
2182.7
2184.9
2185.7
2186.3
2187.2
2188.5
2189.5
2190.7
2195.0
2197.6
2336.4
2336.5
2336.5
2336.6
2336.6
2336.6
2336.7
2336.7
2336.7
2336.7
2336.8
2336.8
2336.8
2336.8
2336.8
2336.8
2336.9
2336.9
2336.9
2336.9
2337.0
2337.0
2337.0
2337.0
2337.0
2337.0
2337.0
2337.1
2337.1
2337.1
2337.1
2337.1
2337.2
2337.2
2337.2
2337.3
2337.4
2337.4
2337.5
2337.5
2337.5
2337.5
2337.6
2337.6
2337.6
2337.7
2337.8
2337.9
2337.9
2337.9
2337.9
2338.2
2338.2
2338.2
2338.3
2338.3
2338.5
2338.5
2338.6
2338.6
2338.6
2338.6
2338.6
2338.7
2338.7
2339.2
2339.6
2339.7
2339.7
2339.7
2339.8
2339.9
2340.0
2340.2
2340.3
2340.4
2340.6
2340.7
2340.7
2340.9
2341.0
2341.2
2341.2
2341.2
2341.2
2341.3
2341.3
2341.4
2341.4
2341.4
2341.4
2341.4
2341.4
2341.4
2341.4
2341.4
2341.5
2341.5
2341.5
2341.5
2341.5
2341.6
2341.6
2341.6
2341.6
2341.6
2341.6
2341.7
2341.7
2341.7
2341.7
2341.8
2341.8
2341.8
2341.8
2341.9
2341.9
2341.9
2341.9
2341.9
2341.9
2341.9
2341.9
2342.0
2342.0
2342.0
2342.0
2342.0
2342.1
2342.1
2342.1
2342.1
2342.1
2342.2
2342.2
2342.2
2342.2
2342.2
2342.3
2342.3
2342.3
2342.3
2342.3
2342.4
2342.4
2342.5
2342.5
2342.6
2342.6
2342.6
2342.6
2342.8
2342.9
2342.9
2343.0
2343.1
2343.2
2343.2
2343.3
2343.7
2343.8
2343.8
2344.0
2344.1
2344.1
2344.1
2344.6
2344.7
2344.7
2344.8
2344.9
2344.9
2344.9
2344.9
2345.0
2345.0
2345.0
2345.1
2345.3
2345.4
2345.6
2345.6
2345.8
2345.9
2345.9
2345.9
2346.0
2346.1
2346.2
2346.3
2346.3
2346.4
2346.4
2346.4
2346.5
2346.5
2346.6
2346.6
2346.8
2346.8
2347.0
2347.3
2347.5
2347.7
2347.7
2347.7
2347.7
2347.7
2347.8
2347.8
2348.0
2348.1
2348.1
2348.1
2348.1
2348.3
2348.3
2348.3
2348.3
2348.4
2348.4
2348.5
2348.5
2348.5
2348.6
2348.6
2348.6
2348.6
2348.6
2348.7
2348.7
2348.7
2348.7
2348.7
2348.8
2348.8
2348.8
2348.8
2348.8
2348.9
2348.9
2349.0
2349.0
2349.0
2349.0
2349.0
2349.0
2349.1
2349.3
2349.3
2349.3
2349.3
2349.4
2349.5
2349.5
2349.5
2349.6
2349.6
2349.6
2350.0
2350.0
2350.0
2350.3
2350.6
2350.6
2350.6
2350.7
2350.8
2350.9
2350.9
2351.0
2351.0
2351.1
2351.1
2351.1
2351.4
2351.5
2351.5
2351.5
2351.6
2351.6
2351.7
2351.7
2351.7
2351.7
2351.8
2351.8
2351.8
2351.8
2351.8
2351.9
2351.9
2352.0
2352.1
2352.1
2352.2
2352.2
2352.2
2352.2
2352.2
2352.2
2352.3
2352.3
2352.3
2352.4
2352.4
2352.4
2352.4
2352.4
2352.4
2352.5
2352.5
2352.5
2352.6
2352.6
2352.6
2352.6
2352.6
2352.7
2352.7
2352.7
2352.7
2352.7
2352.8
2352.8
2352.8
2352.9
2352.9
2352.9
2352.9
2352.9
2352.9
2352.9
2352.9
2352.9
2352.9
2353.0
2353.0
2353.0
2353.1
2353.1
2353.1
2353.2
2353.2
2353.2
2353.3
2353.4
2353.4
2353.5
2353.5
2353.5
2353.5
2353.6
2353.6
2353.7
2353.8
2353.9
2353.9
2353.9
2353.9
2354.1
2354.4
2354.5
2354.6
2354.6
2354.7
2354.7
2354.8
2354.9
2354.9
2354.9
2355.0
2355.1
2355.2
2355.4
2355.4
2355.6
2355.7
2355.8
2355.9
2355.9
2356.0
2356.0
2356.1
2356.1
2356.1
2356.2
2356.2
2356.3
2356.3
2356.3
2356.3
2356.3
2356.4
2356.4
2356.4
2356.4
2356.5
2356.5
2356.7
2356.7
2356.8
2356.8
2356.8
2356.9
2356.9
2356.9
2356.9
2356.9
2357.0
2357.0
2357.1
2357.1
2357.1
2357.2
2357.2
2357.2
2357.3
2357.3
2357.3
2357.4
2357.4
2357.4
2357.5
2357.5
2357.6
2357.6
2357.6
2357.7
2357.7
2357.7
2357.7
2357.7
2357.8
2357.8
2357.9
2357.9
2357.9
2358.0
2358.0
2358.0
2358.0
2358.0
2358.1
2358.1
2358.1
2358.3
2358.3
2358.4
2358.4
2358.4
2358.4
2358.5
2358.7
2358.7
2358.7
2358.8
2358.9
2358.9
2359.0
2359.0
2359.1
2359.2
2359.2
2359.4
2359.4
2359.4
2359.4
2359.5
2359.5
2359.6
2359.6
2359.7
2359.7
2359.9
2359.9
2360.1
2360.2
2360.4
2360.4
2360.4
2360.4
2360.4
2360.5
2360.6
2360.6
2360.7
2360.8
2360.8
2360.8
2360.8
2360.9
2360.9
2361.0
2361.0
2361.0
2361.1
2361.1
2361.2
2361.2
2361.2
2361.2
2361.3
2361.3
2361.4
2361.4
2361.4
2361.4
2361.4
2361.5
2361.6
2361.6
2361.7
2361.7
2361.7
2361.8
2361.8
2361.8
2361.8
2361.8
2361.8
2361.9
2361.9
2361.9
2361.9
2362.0
2362.0
2362.0
2362.0
2362.1
2362.1
2362.1
2362.1
2362.1
2362.2
2362.3
2362.3
2362.3
2362.3
2362.4
2362.4
2362.6
2362.7
2362.8
2362.8
2362.8
2362.9
2362.9
2362.9
2363.0
2363.2
2363.2
2363.2
2363.2
2363.3
2363.3
2363.4
2363.5
2363.5
2363.5
2363.5
2363.6
2363.6
2363.8
2363.9
2363.9
2364.0
2364.0
2364.0
2364.1
2364.2
2364.2
2364.3
2364.3
2364.6
2364.6
2364.6
2364.8
2364.9
2365.0
2365.0
2365.1
2365.1
2365.2
2365.2
2365.2
2365.2
2365.3
2365.3
2365.4
2365.6
2365.7
2365.7
2365.7
2365.8
2365.8
2365.9
2365.9
2365.9
2366.0
2366.0
2366.1
2366.1
2366.2
2366.2
2366.3
2366.3
2366.3
2366.5
2366.5
2366.5
2366.6
2366.7
2366.8
2366.9
2366.9
2367.0
2367.0
2367.0
2367.0
2367.1
2367.1
2367.1
2367.1
2367.2
2367.2
2367.2
2367.3
2367.4
2367.4
2367.4
2367.6
2367.6
2367.6
2367.6
2367.6
2367.7
2367.8
2367.8
2367.9
2367.9
2368.0
2368.0
2368.0
2368.0
2368.1
2368.5
2368.5
2368.5
2368.6
2368.7
2368.7
2368.8
2368.8
2368.8
2368.9
2369.0
2369.1
2369.1
2369.3
2369.5
2369.6
2369.6
2369.7
2369.8
2369.9
2369.9
2370.0
2370.1
2370.2
2370.3
2370.3
2370.3
2370.4
2370.4
2370.4
2370.6
2370.6
2370.7
2370.8
2370.8
2370.9
2370.9
2371.0
2371.0
2371.1
2371.1
2371.3
2371.3
2371.3
2371.3
2371.4
2371.4
2371.4
2371.4
2371.4
2371.4
2371.5
2371.6
2371.6
2371.8
2371.9
2371.9
2371.9
2371.9
2371.9
2371.9
2372.0
2372.0
2372.0
2372.0
2372.1
2372.1
2372.1
2372.1
2372.1
2372.1
2372.2
2372.2
2372.2
2372.2
2372.3
2372.3
2372.4
2372.4
2372.5
2372.6
2372.6
2372.7
2372.7
2372.7
2372.7
2372.8
2372.9
2372.9
2373.0
2373.0
2373.0
2373.0
2373.0
2373.0
2373.2
2373.2
2373.2
2373.3
2373.4
2373.5
2373.6
2373.6
2373.7
2373.8
2373.8
2373.8
2373.9
2373.9
2373.9
2374.1
2374.1
2374.1
2374.2
2374.2
2374.2
2374.3
2374.3
2374.3
2374.3
2374.4
2374.6
2374.6
2374.7
2374.8
2374.8
2374.8
2374.9
2375.1
2375.2
2375.2
2375.3
2375.4
2375.5
2375.5
2375.6
2375.7
2375.7
2375.7
2375.7
2375.8
2375.9
2375.9
2376.0
2376.0
2376.0
2376.0
2376.0
2376.1
2376.1
2376.1
2376.1
2376.2
2376.2
2376.2
2376.2
2376.3
2376.3
2376.4
2376.5
2376.5
2376.5
2376.5
2376.5
2376.5
2376.5
2376.6
2376.7
2376.7
2376.8
2376.8
2376.8
2376.8
2377.0
2377.0
2377.0
2377.0
2377.0
2377.2
2377.2
2377.4
2377.4
2377.4
2377.4
2377.4
2377.4
2377.5
2377.6
2377.6
2377.6
2377.6
2377.7
2377.8
2377.9
2377.9
2378.1
2378.1
2378.1
2378.2
2378.3
2378.3
2378.4
2378.5
2378.5
2378.6
2378.6
2378.6
2378.6
2378.8
2378.9
2378.9
2379.0
2379.0
2379.0
2379.1
2379.1
2379.1
2379.4
2379.4
2379.5
2379.6
2379.6
2379.8
2379.8
2379.9
2379.9
2380.1
2380.1
2380.1
2380.2
2380.5
2380.8
2380.9
2381.0
2381.1
2381.1
2381.1
2381.2
2381.4
2381.4
2381.5
2381.5
2381.6
2381.6
2381.6
2381.7
2381.7
2381.8
2381.8
2381.9
2382.1
2382.3
2382.3
2382.4
2382.5
2382.6
2382.6
2382.6
2382.6
2382.6
2382.7
2382.7
2382.8
2382.9
2382.9
2382.9
2382.9
2383.0
2383.1
2383.1
2383.1
2383.1
2383.3
2383.4
2383.5
2383.6
2383.7
2383.7
2383.8
2383.9
2383.9
2384.0
2384.0
2384.0
2384.3
2384.3
2384.4
2384.4
2384.4
2384.4
2384.4
2384.5
2384.6
2384.7
2384.9
2385.0
2385.0
2385.0
2385.1
2385.2
2385.2
2385.3
2385.3
2385.4
2385.4
2385.4
2385.4
2385.5
2385.6
2385.6
2385.7
2385.9
2386.0
2386.1
2386.2
2386.4
2386.4
2386.6
2386.6
2386.7
2386.8
2387.2
2387.3
2387.5
2387.5
2387.5
2387.7
2388.4
2388.6
2388.7
2388.9
2389.2
2389.2
2389.3
2389.3
2389.4
2389.4
2389.6
2389.8
2390.0
2390.1
2390.1
2390.2
2390.4
2390.6
2390.8
2390.9
2391.1
2391.7
2391.7
2391.9
2391.9
2392.0
2392.0
2392.1
2392.2
2392.3
2392.3
2392.4
2392.6
2392.7
2392.7
2392.8
2393.0
2393.2
2393.2
2393.2
2393.2
2393.2
2393.2
2393.3
2393.3
2393.3
2393.4
2393.4
2393.4
2393.4
2393.5
2393.7
2393.8
2393.9
2393.9
2394.0
2394.0
2394.0
2394.1
2394.2
2394.6
2394.6
2394.7
2395.0
2395.1
2395.1
2395.4
2395.4
2395.5
2395.5
2395.6
2395.9
2396.1
2396.1
2396.3
2396.4
2396.5
2396.6
2396.6
2396.7
2396.8
2396.8
2396.9
2396.9
2397.1
2397.2
2397.2
2397.4
2397.4
2397.5
2397.5
2397.5
2397.5
2397.9
2398.0
2398.0
2398.1
2398.1
2398.5
2398.5
2398.6
2398.6
2398.7
2398.8
2399.0
2399.1
2399.1
2399.2
2399.2
2399.3
2399.4
2399.4
2399.5
2399.7
2399.8
2399.9
2399.9
2400.1
2400.2
2400.3
2400.6
2400.6
2400.6
2401.1
2401.2
2401.3
2401.5
2401.6
2401.7
2401.8
2401.9
2402.1
2402.5
2402.8
2402.9
2403.0
2403.1
2403.1
2403.1
2403.1
2403.5
2403.6
2403.8
2404.0
2404.0
2404.4
2404.4
2404.9
2405.2
2405.4
2405.4
2405.5
2406.0
2406.0
2406.3
2406.3
2406.3
2406.5
2406.5
2406.7
2407.0
2407.1
2407.5
2407.6
2407.7
2408.5
2408.8
2408.8
2409.1
2409.1
2409.2
2409.3
2409.6
2409.9
2410.1
2410.2
2411.7
2411.8
2412.5
2412.8
2413.0
2413.1
2413.3
2413.9
2414.2
2415.0
2415.1
2415.1
2415.7
2416.1
2416.2
2417.2
2417.7
2418.1
2419.8
2422.4
2423.1
2423.4
2425.6
2427.2
2436.9
2455.1
2565.1
2565.1
2565.2
2565.2
2565.2
2565.2
2565.2
2565.2
2565.3
2565.3
2565.3
2565.3
2565.4
2565.4
2565.4
2565.4
2565.4
2565.4
2565.4
2565.4
2565.4
2565.5
2565.5
2565.5
2565.5
2565.5
2565.5
2565.5
2565.5
2565.5
2565.6
2565.6
2565.6
2565.6
2565.6
2565.6
2565.6
2565.6
2565.6
2565.7
2565.7
2565.7
2565.7
2565.7
2565.7
2565.7
2565.8
2565.8
2565.8
2565.8
2565.8
2565.9
2565.9
2566.0
2566.0
2566.0
2566.0
2566.1
2566.1
2566.1
2566.1
2566.1
2566.1
2566.1
2566.2
2566.2
2566.2
2566.2
2566.2
2566.2
2566.2
2566.2
2566.2
2566.2
2566.2
2566.2
2566.3
2566.3
2566.3
2566.3
2566.3
2566.3
2566.3
2566.3
2566.3
2566.3
2566.3
2566.3
2566.4
2566.4
2566.4
2566.5
2566.6
2567.3
2567.3
2567.7
2567.8
2567.8
2567.9
2568.4
2569.6
2569.8
2569.8
2569.8
2569.9
2569.9
2569.9
2570.0
2570.0
2570.0
2570.1
2570.1
2570.1
2570.1
2570.1
2570.1
2570.1
2570.1
2570.1
2570.2
2570.2
2570.2
2570.2
2570.2
2570.2
2570.2
2570.3
2570.3
2570.3
2570.3
2570.3
2570.3
2570.3
2570.4
2570.4
2570.4
2570.4
2570.4
2570.4
2570.4
2570.4
2570.5
2570.5
2570.5
2570.5
2570.5
2570.5
2570.5
2570.6
2570.6
2570.6
2570.6
2570.6
2570.6
2570.6
2570.6
2570.6
2570.6
2570.6
2570.6
2570.7
2570.7
2570.7
2570.7
2570.7
2570.7
2570.7
2570.8
2570.8
2570.8
2570.8
2570.9
2570.9
2570.9
2570.9
2570.9
2570.9
2570.9
2571.0
2571.0
2571.0
2571.0
2571.0
2571.0
2571.0
2571.0
2571.0
2571.1
2571.2
2571.2
2571.6
2572.0
2572.4
2572.9
2572.9
2574.1
2574.1
2574.2
2574.3
2575.2
2575.8
2576.1
2576.1
2576.3
2576.5
2576.5
2576.6
2576.6
2576.7
2576.7
2576.7
2576.7
2576.7
2576.8
2576.8
2576.8
2576.9
2576.9
2576.9
2576.9
2577.0
2577.0
2577.0
2577.1
2577.1
2577.1
2577.1
2577.2
2577.2
2577.2
2577.2
2577.2
2577.2
2577.3
2577.3
2577.3
2577.3
2577.3
2577.3
2577.3
2577.4
2577.4
2577.4
2577.4
2577.4
2577.4
2577.4
2577.4
2577.5
2577.5
2577.5
2577.5
2577.5
2577.5
2577.5
2577.5
2577.5
2577.6
2577.6
2577.6
2577.6
2577.6
2577.6
2577.6
2577.6
2577.6
2577.7
2577.7
2577.7
2577.7
2577.7
2577.7
2577.8
2577.8
2577.8
2577.9
2577.9
2577.9
2577.9
2577.9
2577.9
2577.9
2577.9
2577.9
2577.9
2577.9
2577.9
2578.0
2578.1
2578.2
2578.5
2579.0
2579.4
2579.8
2580.3
2580.4
2580.4
2580.4
2580.5
2580.5
2580.5
2580.5
2580.5
2580.5
2580.6
2580.6
2580.6
2580.6
2580.7
2580.7
2580.9
2580.9
2580.9
2581.0
2581.0
2581.0
2581.0
2581.0
2581.1
2581.1
2581.1
2581.1
2581.1
2581.1
2581.1
2581.2
2581.2
2581.2
2581.2
2581.2
2581.2
2581.2
2581.3
2581.3
2581.4
2581.4
2581.4
2581.4
2581.4
2581.5
2581.5
2581.6
2581.6
2581.6
2581.6
2581.6
2581.7
2581.7
2581.7
2581.7
2581.7
2581.7
2581.7
2581.7
2581.7
2581.7
2581.8
2581.8
2581.8
2581.8
2581.8
2581.8
2581.8
2581.9
2581.9
2581.9
2581.9
2581.9
2581.9
2582.0
2582.0
2582.0
2582.0
2582.0
2582.0
2582.0
2582.0
2582.1
2582.1
2582.1
2582.2
2582.3
2582.3
2582.3
2582.3
2582.4
2582.4
2582.4
2582.7
2583.1
2583.4
2584.2
2584.2
2584.7
2584.9
2585.0
2585.0
2585.0
2585.2
2585.2
2585.2
2585.2
2585.3
2585.3
2585.4
2585.4
2585.5
2585.5
2585.6
2585.6
2585.7
2585.7
2585.7
2585.7
2585.8
2585.8
2585.9
2585.9
2585.9
2585.9
2585.9
2585.9
2585.9
2585.9
2585.9
2585.9
2585.9
2586.0
2586.0
2586.0
2586.0
2586.0
2586.0
2586.1
2586.1
2586.1
2586.1
2586.2
2586.2
2586.2
2586.3
2586.3
2586.3
2586.3
2586.3
2586.3
2586.3
2586.3
2586.4
2586.4
2586.4
2586.4
2586.4
2586.4
2586.5
2586.5
2586.5
2586.5
2586.5
2586.5
2586.5
2586.5
2586.5
2586.5
2586.6
2586.6
2586.7
2586.7
2586.7
2586.7
2586.7
2586.7
2586.7
2586.7
2586.8
2586.8
2586.8
2587.0
2587.0
2587.1
2587.1
2587.2
2587.3
2587.4
2587.7
2587.8
2587.8
2587.8
2587.9
2588.2
2588.6
2588.6
2588.8
2588.9
2588.9
2589.0
2589.2
2589.2
2589.2
2589.3
2589.3
2589.3
2589.3
2589.4
2589.4
2589.4
2589.5
2589.5
2589.6
2589.6
2589.7
2589.7
2589.7
2589.7
2589.7
2589.7
2589.8
2589.8
2589.9
2589.9
2589.9
2590.0
2590.0
2590.0
2590.0
2590.0
2590.1
2590.1
2590.2
2590.2
2590.2
2590.3
2590.3
2590.3
2590.3
2590.4
2590.4
2590.4
2590.4
2590.4
2590.5
2590.5
2590.5
2590.5
2590.5
2590.5
2590.5
2590.6
2590.6
2590.6
2590.6
2590.6
2590.6
2590.7
2590.7
2590.7
2590.8
2590.8
2590.8
2590.8
2590.9
2590.9
2590.9
2590.9
2590.9
2590.9
2591.0
2591.0
2591.2
2591.3
2591.3
2591.4
2591.5
2591.5
2591.5
2591.7
2591.8
2592.0
2592.1
2592.3
2592.4
2592.5
2592.8
2592.8
2592.9
2593.1
2593.3
2593.3
2593.5
2593.6
2593.6
2593.8
2593.9
2593.9
2594.0
2594.1
2594.2
2594.2
2594.3
2594.3
2594.5
2594.5
2594.6
2594.6
2594.6
2594.7
2594.7
2594.7
2594.8
2594.9
2594.9
2594.9
2595.0
2595.0
2595.1
2595.2
2595.2
2595.3
2595.3
2595.3
2595.3
2595.4
2595.4
2595.4
2595.4
2595.5
2595.5
2595.6
2595.8
2595.9
2595.9
2595.9
2595.9
2596.0
2596.0
2596.0
2596.0
2596.0
2596.0
2596.1
2596.1
2596.1
2596.1
2596.1
2596.1
2596.1
2596.2
2596.2
2596.3
2596.3
2596.3
2596.3
2596.3
2596.4
2596.5
2596.6
2596.6
2596.7
2596.7
2596.7
2596.7
2596.7
2596.8
2596.8
2596.9
2596.9
2597.0
2597.1
2597.4
2597.4
2597.6
2597.7
2597.9
2597.9
2598.0
2598.1
2598.1
2598.1
2598.2
2598.2
2598.3
2598.3
2598.3
2598.4
2598.4
2598.4
2598.4
2598.4
2598.5
2598.5
2598.5
2598.5
2598.6
2598.6
2598.8
2598.9
2599.0
2599.0
2599.0
2599.0
2599.1
2599.1
2599.1
2599.1
2599.1
2599.1
2599.2
2599.2
2599.3
2599.3
2599.5
2599.5
2599.6
2599.6
2599.6
2599.6
2599.7
2599.7
2599.7
2599.8
2599.8
2599.8
2599.8
2599.9
2599.9
2599.9
2599.9
2600.0
2600.0
2600.0
2600.0
2600.1
2600.1
2600.2
2600.2
2600.3
2600.3
2600.3
2600.4
2600.4
2600.4
2600.4
2600.4
2600.5
2600.6
2600.6
2600.6
2600.7
2600.7
2600.7
2600.9
2601.1
2601.2
2601.3
2601.3
2601.3
2601.4
2601.4
2601.6
2601.7
2601.8
2601.9
2602.0
2602.1
2602.1
2602.2
2602.3
2602.4
2602.4
2602.4
2602.4
2602.5
2602.5
2602.5
2602.5
2602.5
2602.6
2602.6
2602.6
2602.6
2602.6
2602.6
2602.7
2602.7
2602.8
2602.9
2602.9
2603.1
2603.3
2603.3
2603.3
2603.4
2603.4
2603.4
2603.5
2603.6
2603.6
2603.6
2603.7
2604.0
2604.0
2604.1
2604.1
2604.1
2604.2
2604.2
2604.3
2604.3
2604.3
2604.5
2604.5
2604.5
2604.5
2604.5
2604.5
2604.5
2604.6
2604.6
2604.6
2604.7
2604.7
2604.7
2604.7
2604.7
2604.8
2604.8
2604.9
2605.1
2605.1
2605.1
2605.1
2605.1
2605.1
2605.2
2605.2
2605.3
2605.3
2605.3
2605.3
2605.4
2605.6
2605.7
2605.7
2605.8
2605.8
2606.0
2606.0
2606.0
2606.0
2606.1
2606.4
2606.4
2606.5
2606.5
2606.6
2606.7
2606.9
2607.2
2607.3
2607.4
2607.5
2607.5
2607.7
2607.7
2607.7
2607.8
2607.8
2607.9
2607.9
2607.9
2608.1
2608.2
2608.2
2608.3
2608.3
2608.4
2608.4
2608.5
2608.5
2608.5
2608.5
2608.7
2608.7
2608.8
2608.8
2608.8
2609.0
2609.1
2609.4
2609.5
2609.5
2609.5
2609.6
2609.6
2609.7
2609.7
2609.8
2609.8
2609.9
2610.1
2610.1
2610.1
2610.2
2610.4
2610.5
2610.6
2610.8
2610.9
2610.9
2611.0
2611.2
2611.2
2611.2
2611.2
2611.3
2611.3
2611.3
2611.4
2611.5
2611.5
2611.5
2611.5
2611.5
2611.5
2611.6
2611.6
2611.6
2611.7
2611.8
2611.8
2612.0
2612.0
2612.2
2612.2
2612.5
2612.6
2612.6
2612.7
2613.0
2613.1
2613.1
2613.2
2613.3
2613.3
2613.3
2613.3
2613.6
2613.7
2614.0
2614.0
2614.1
2614.2
2614.3
2614.3
2614.3
2614.6
2614.9
2615.3
2615.5
2615.6
2615.6
2615.7
2615.7
2615.7
2615.7
2615.9
2615.9
2615.9
2616.1
2616.1
2616.1
2616.2
2616.2
2616.2
2616.3
2616.3
2616.4
2616.4
2616.4
2616.4
2616.4
2616.5
2616.6
2616.6
2616.7
2616.9
2616.9
2616.9
2616.9
2617.0
2617.2
2617.3
2617.3
2617.4
2617.4
2617.4
2617.4
2617.6
2617.6
2617.7
2617.7
2618.0
2618.1
2618.5
2618.5
2618.7
2619.0
2619.0
2619.1
2619.1
2619.2
2619.2
2619.4
2619.4
2619.5
2619.5
2619.5
2619.8
2620.0
2620.0
2620.1
2620.3
2620.3
2620.3
2620.6
2620.6
2620.6
2620.7
2620.7
2620.7
2620.8
2620.9
2620.9
2621.1
2621.1
2621.1
2621.1
2621.3
2621.3
2621.3
2621.4
2621.4
2621.5
2621.7
2621.7
2621.8
2621.8
2621.8
2621.8
2621.8
2621.9
2622.0
2622.0
2622.1
2622.2
2622.2
2622.2
2622.3
2622.3
2622.4
2622.4
2622.4
2622.5
2622.6
2622.8
2622.8
2622.8
2622.8
2623.4
2623.5
2623.7
2623.9
2624.1
2624.2
2624.3
2624.4
2624.4
2624.6
2624.6
2624.7
2624.7
2625.1
2625.2
2625.2
2625.2
2625.2
2625.4
2625.5
2625.7
2625.8
2626.1
2626.3
2626.6
2626.6
2626.7
2626.7
2626.9
2626.9
2626.9
2626.9
2626.9
2627.0
2627.0
2627.1
2627.1
2627.1
2627.3
2627.7
2627.8
2627.9
2628.0
2628.2
2628.2
2628.3
2628.5
2628.7
2628.8
2628.9
2629.0
2629.1
2629.1
2629.1
2629.1
2629.2
2629.3
2629.3
2629.4
2629.4
2629.6
2629.6
2629.6
2629.6
2629.7
2629.9
2630.1
2630.3
2630.7
2630.8
2630.8
2631.0
2631.0
2631.8
2631.9
2632.0
2632.4
2632.4
2632.7
2633.0
2633.3
2633.4
2633.4
2633.4
2633.5
2633.8
2633.8
2634.2
2634.4
2634.4
2634.6
2635.0
2635.0
2635.2
2635.4
2635.5
2636.0
2637.3
2638.4
2638.5
2638.9
2638.9
2639.7
2639.9
2640.2
2640.7
2641.3
2641.3
2642.0
2642.2
2642.4
2642.4
2643.1
2644.0
2644.1
2644.8
2646.1
2646.3
2646.7
2647.0
2647.3
2647.9
2648.3
2648.3
2649.8
2650.1
2650.8
2653.4
2654.2
2657.8
2671.6
2806.8
2806.8
2806.8
2806.8
2806.8
2806.8
2806.9
2806.9
2806.9
2806.9
2806.9
2806.9
2807.0
2807.0
2807.0
2807.0
2807.0
2807.0
2807.0
2807.0
2807.0
2807.1
2807.1
2807.1
2807.1
2807.1
2807.1
2807.2
2807.2
2807.2
2807.3
2807.3
2807.3
2807.4
2807.4
2807.5
2807.5
2807.6
2807.7
2807.7
2807.8
2807.8
2807.9
2807.9
2808.0
2808.0
2808.0
2808.0
2808.1
2808.1
2808.2
2808.3
2808.3
2808.3
2808.4
2808.4
2808.7
2808.7
2808.8
2808.8
2808.8
2808.9
2808.9
2808.9
2809.0
2809.5
2809.8
2810.0
2810.0
2810.1
2810.2
2810.4
2810.5
2810.6
2810.8
2810.8
2811.0
2811.1
2811.2
2811.3
2811.4
2811.4
2811.4
2811.5
2811.5
2811.6
2811.6
2811.6
2811.6
2811.7
2811.7
2811.7
2811.7
2811.7
2811.7
2811.7
2811.7
2811.8
2811.8
2811.8
2811.9
2811.9
2811.9
2811.9
2811.9
2811.9
2811.9
2811.9
2811.9
2812.0
2812.0
2812.0
2812.0
2812.0
2812.0
2812.1
2812.1
2812.1
2812.2
2812.2
2812.2
2812.3
2812.3
2812.3
2812.3
2812.3
2812.4
2812.4
2812.4
2812.4
2812.4
2812.5
2812.5
2812.5
2812.5
2812.6
2812.6
2812.6
2812.6
2812.7
2812.7
2812.7
2812.7
2812.7
2812.7
2812.8
2812.8
2812.8
2812.9
2812.9
2812.9
2813.0
2813.0
2813.1
2813.2
2813.3
2813.4
2813.4
2813.6
2813.7
2813.8
2814.1
2814.2
2814.4
2814.4
2814.5
2815.1
2815.1
2815.1
2815.1
2815.2
2815.2
2815.3
2815.3
2815.3
2815.4
2815.4
2815.6
2815.8
2815.9
2816.0
2816.1
2816.1
2816.3
2816.4
2816.5
2816.5
2816.6
2816.8
2816.9
2816.9
2817.0
2817.0
2817.0
2817.0
2817.1
2817.2
2817.3
2817.3
2817.4
2817.5
2817.5
2817.6
2817.6
2817.8
2818.0
2818.0
2818.0
2818.1
2818.1
2818.1
2818.1
2818.1
2818.2
2818.3
2818.3
2818.3
2818.4
2818.4
2818.4
2818.5
2818.6
2818.6
2818.6
2818.6
2818.6
2818.7
2818.7
2818.7
2818.7
2818.7
2818.8
2818.8
2818.9
2818.9
2818.9
2818.9
2818.9
2818.9
2819.0
2819.0
2819.0
2819.1
2819.1
2819.2
2819.2
2819.2
2819.3
2819.3
2819.3
2819.4
2819.4
2819.4
2819.5
2819.5
2819.6
2819.7
2819.7
2820.0
2820.0
2820.0
2820.3
2820.6
2820.8
2820.9
2820.9
2820.9
2821.0
2821.0
2821.0
2821.1
2821.3
2821.4
2821.4
2821.5
2821.7
2821.7
2821.7
2821.7
2821.7
2821.8
2821.8
2821.8
2821.8
2821.9
2821.9
2822.0
2822.1
2822.1
2822.1
2822.2
2822.2
2822.2
2822.2
2822.2
2822.3
2822.3
2822.4
2822.4
2822.4
2822.5
2822.6
2822.6
2822.6
2822.6
2822.6
2822.6
2822.6
2822.7
2822.7
2822.7
2822.7
2822.8
2822.8
2822.8
2822.8
2822.8
2822.8
2822.9
2822.9
2822.9
2822.9
2822.9
2823.0
2823.0
2823.0
2823.0
2823.1
2823.1
2823.1
2823.2
2823.2
2823.2
2823.2
2823.3
2823.3
2823.3
2823.3
2823.3
2823.4
2823.4
2823.4
2823.4
2823.4
2823.4
2823.5
2823.5
2823.5
2823.6
2823.6
2823.6
2823.8
2823.8
2823.8
2823.8
2823.9
2824.0
2824.0
2824.0
2824.2
2824.4
2824.6
2824.8
2824.8
2824.9
2825.0
2825.0
2825.1
2825.1
2825.2
2825.2
2825.2
2825.5
2825.5
2825.7
2825.7
2825.9
2825.9
2826.2
2826.3
2826.3
2826.3
2826.3
2826.3
2826.3
2826.4
2826.4
2826.4
2826.4
2826.5
2826.6
2826.7
2826.7
2826.8
2826.8
2826.8
2826.8
2826.8
2826.9
2826.9
2826.9
2826.9
2827.0
2827.0
2827.0
2827.0
2827.0
2827.1
2827.1
2827.1
2827.1
2827.2
2827.2
2827.2
2827.2
2827.3
2827.3
2827.3
2827.3
2827.4
2827.4
2827.4
2827.5
2827.6
2827.6
2827.6
2827.7
2827.7
2827.7
2827.7
2827.8
2827.8
2827.8
2827.8
2827.9
2827.9
2827.9
2828.0
2828.0
2828.0
2828.1
2828.1
2828.2
2828.3
2828.3
2828.3
2828.3
2828.3
2828.4
2828.5
2828.6
2828.6
2828.6
2828.7
2828.8
2828.9
2829.0
2829.1
2829.1
2829.3
2829.3
2829.3
2829.4
2829.5
2829.5
2829.6
2829.6
2829.7
2829.7
2829.7
2829.8
2829.9
2829.9
2830.0
2830.1
2830.1
2830.3
2830.4
2830.5
2830.5
2830.5
2830.5
2830.6
2830.8
2830.8
2830.9
2830.9
2830.9
2831.0
2831.0
2831.0
2831.0
2831.0
2831.1
2831.1
2831.1
2831.2
2831.2
2831.2
2831.3
2831.3
2831.4
2831.4
2831.4
2831.5
2831.6
2831.6
2831.6
2831.6
2831.7
2831.8
2831.8
2831.8
2831.8
2831.8
2831.8
2831.8
2831.8
2831.8
2831.8
2832.0
2832.0
2832.0
2832.0
2832.1
2832.1
2832.1
2832.2
2832.2
2832.2
2832.2
2832.3
2832.3
2832.3
2832.4
2832.4
2832.5
2832.5
2832.6
2832.6
2832.6
2832.7
2832.7
2832.8
2832.8
2832.9
2833.0
2833.0
2833.1
2833.1
2833.2
2833.3
2833.4
2833.5
2833.5
2833.5
2833.5
2833.6
2833.6
2833.7
2833.7
2833.8
2833.8
2833.8
2833.8
2834.1
2834.1
2834.2
2834.3
2834.4
2834.4
2834.4
2834.5
2834.8
2834.8
2834.8
2834.8
2834.9
2835.0
2835.1
2835.2
2835.3
2835.3
2835.4
2835.4
2835.5
2835.6
2835.6
2835.6
2835.7
2835.8
2835.8
2835.8
2835.8
2835.9
2836.0
2836.0
2836.1
2836.1
2836.1
2836.1
2836.2
2836.2
2836.4
2836.4
2836.5
2836.5
2836.6
2836.7
2836.7
2836.8
2836.8
2836.9
2836.9
2836.9
2836.9
2837.0
2837.0
2837.0
2837.1
2837.1
2837.2
2837.2
2837.2
2837.3
2837.3
2837.3
2837.4
2837.4
2837.4
2837.4
2837.6
2837.7
2837.7
2837.7
2837.8
2837.9
2837.9
2838.0
2838.0
2838.1
2838.1
2838.1
2838.1
2838.2
2838.3
2838.4
2838.6
2838.6
2838.7
2838.8
2838.8
2838.8
2838.8
2838.9
2839.0
2839.0
2839.0
2839.2
2839.3
2839.6
2839.6
2839.8
2839.8
2840.0
2840.0
2840.1
2840.2
2840.3
2840.4
2840.4
2840.4
2840.4
2840.4
2840.4
2840.4
2840.5
2840.5
2840.6
2840.6
2840.8
2840.9
2840.9
2841.0
2841.1
2841.1
2841.1
2841.1
2841.1
2841.2
2841.2
2841.3
2841.3
2841.3
2841.3
2841.3
2841.5
2841.5
2841.6
2841.6
2841.6
2841.6
2841.7
2841.7
2841.7
2841.7
2841.7
2841.7
2841.8
2841.8
2841.9
2841.9
2842.0
2842.0
2842.1
2842.1
2842.2
2842.2
2842.2
2842.3
2842.4
2842.4
2842.4
2842.4
2842.5
2842.5
2842.6
2842.7
2842.7
2842.7
2842.7
2842.8
2842.8
2842.8
2842.9
2842.9
2843.0
2843.0
2843.1
2843.1
2843.2
2843.3
2843.3
2843.4
2843.5
2843.5
2843.6
2843.6
2843.6
2843.8
2844.0
2844.0
2844.1
2844.1
2844.1
2844.2
2844.2
2844.3
2844.3
2844.3
2844.3
2844.4
2844.4
2844.5
2844.5
2844.5
2844.6
2844.6
2844.7
2844.7
2844.8
2845.0
2845.0
2845.1
2845.2
2845.2
2845.2
2845.3
2845.3
2845.4
2845.4
2845.5
2845.5
2845.6
2845.7
2845.8
2845.8
2845.8
2845.8
2845.9
2845.9
2845.9
2846.0
2846.0
2846.1
2846.1
2846.1
2846.1
2846.1
2846.1
2846.2
2846.3
2846.3
2846.3
2846.3
2846.3
2846.3
2846.4
2846.5
2846.6
2846.6
2846.6
2846.7
2846.7
2846.7
2846.7
2846.7
2846.8
2846.9
2846.9
2847.0
2847.0
2847.1
2847.1
2847.1
2847.2
2847.3
2847.4
2847.5
2847.5
2847.6
2847.6
2847.6
2847.6
2847.6
2847.7
2847.7
2847.7
2847.8
2847.8
2848.0
2848.3
2848.3
2848.3
2848.4
2848.5
2848.6
2848.6
2848.7
2848.7
2848.7
2848.7
2848.8
2848.8
2848.9
2848.9
2849.1
2849.2
2849.2
2849.2
2849.2
2849.3
2849.3
2849.4
2849.4
2849.5
2849.5
2849.7
2849.8
2849.9
2849.9
2849.9
2849.9
2850.2
2850.3
2850.6
2850.7
2850.7
2850.8
2850.9
2851.0
2851.0
2851.1
2851.1
2851.2
2851.2
2851.3
2851.4
2851.4
2851.4
2851.6
2851.7
2851.7
2851.8
2851.8
2851.9
2851.9
2852.1
2852.1
2852.2
2852.3
2852.4
2852.4
2852.4
2852.4
2852.5
2852.6
2852.6
2852.7
2852.8
2852.8
2852.9
2852.9
2852.9
2853.0
2853.0
2853.1
2853.1
2853.1
2853.2
2853.4
2853.6
2853.6
2853.7
2853.8
2853.9
2853.9
2854.0
2854.0
2854.0
2854.1
2854.2
2854.2
2854.3
2854.3
2854.4
2854.6
2854.7
2854.8
2854.9
2854.9
2855.0
2855.1
2855.1
2855.2
2855.3
2855.3
2855.4
2855.5
2855.6
2855.6
2855.7
2855.8
2855.8
2855.8
2855.9
2856.0
2856.1
2856.2
2856.2
2856.4
2856.4
2856.5
2856.6
2856.7
2856.7
2856.8
2857.0
2857.1
2857.3
2857.7
2857.7
2858.0
2858.3
2858.3
2858.6
2858.7
2858.7
2858.7
2858.8
2858.9
2859.0
2859.2
2859.3
2859.4
2859.5
2859.6
2859.7
2859.8
2859.8
2859.9
2859.9
2860.2
2860.2
2860.5
2860.5
2860.5
2860.6
2860.9
2860.9
2861.0
2861.0
2861.1
2861.2
2861.2
2861.3
2861.3
2861.4
2861.5
2861.5
2861.8
2861.8
2862.1
2862.1
2862.2
2862.4
2862.7
2863.0
2863.1
2863.1
2863.1
2863.1
2863.1
2863.2
2863.5
2863.5
2863.5
2863.6
2863.7
2863.9
2864.0
2864.0
2864.1
2864.1
2864.1
2864.3
2864.3
2864.6
2864.6
2864.7
2864.9
2865.1
2865.2
2865.5
2865.6
2865.6
2865.8
2865.9
2866.0
2866.1
2866.1
2866.2
2866.2
2866.3
2866.3
2866.4
2866.4
2866.7
2866.7
2866.7
2866.7
2866.8
2866.9
2867.0
2867.1
2867.2
2867.5
2867.6
2867.6
2867.6
2867.7
2867.8
2867.9
2868.0
2868.0
2868.0
2868.0
2868.1
2868.5
2868.6
2868.7
2868.7
2868.9
2868.9
2869.1
2869.2
2869.3
2869.6
2870.2
2870.3
2870.3
2870.4
2870.4
2870.6
2870.6
2870.7
2871.0
2871.0
2871.2
2871.4
2871.4
2871.8
2872.1
2872.1
2872.4
2872.4
2872.5
2872.9
2873.0
2873.0
2873.1
2873.4
2873.8
2874.0
2874.2
2874.3
2874.5
2874.7
2874.7
2874.8
2874.9
2875.9
2876.5
2876.6
2876.9
2876.9
2877.1
2877.2
2877.3
2877.5
2877.6
2877.8
2878.3
2878.6
2878.6
2878.7
2878.9
2879.3
2879.3
2879.4
2880.1
2880.2
2880.8
2881.1
2881.8
2882.0
2882.0
2882.3
2882.6
2882.9
2883.0
2883.6
2884.1
2885.2
2885.3
2888.2
2889.3
2889.6
2890.3
2890.3
2892.2
2892.3
2892.6
2895.2
2912.2
