53
74
68
18
45
60
70
6
49
46
7
55
5
57
13
10
77
69
73
41
59
83
4
33
67
78
42
79
27
47
51
88
71
58
15
17
3
9
52
12
19
11
62
24
89
50
61
23
82
84
66
26
48
25
56
43
81
80
36
63
53
74
18
68
70
45
60
7
6
5
55
13
49
46
69
77
10
73
59
41
57
83
79
4
67
33
53
74
68
18
45
60
6
7
46
5
13
49
55
70
10
57
73
77
4
59
69
83
27
33
78
41
42
47
67
51
88
79
15
58
17
71
3
9
12
24
19
52
11
62
23
82
26
61
84
89
66
50
25
36
56
48
43
81
80
63
37
44
75
28
8
22
65
72
16
94
85
29
31
38
30
21
76
14
35
87
90
54
64
92
93
86
40
39
91
20
74
53
68
18
46
49
45
57
60
6
55
7
10
70
5
42
33
73
77
4
13
78
41
59
83
27
69
67
47
51
79
88
15
58
71
17
3
52
9
89
50
84
19
62
23
24
43
61
11
12
48
66
81
82
56
44
26
80
25
36
63
37
75
65
28
8
22
31
72
85
16
94
29
38
76
21
30
87
14
35
54
90
64
86
92
93
40
39
91
20
74
53
53
74
68
46
18
45
49
57
6
60
10
13
4
5
7
55
27
42
73
83
33
59
70
77
78
69
41
67
88
47
15
51
58
71
17
3
19
79
9
43
52
23
24
50
66
61
84
89
26
12
25
62
11
48
36
81
56
80
82
44
75
37
63
65
28
8
22
16
85
31
72
29
38
94
87
21
14
30
90
76
35
54
64
92
86
93
40
39
91
53
74
68
18
46
45
49
57
6
60
10
13
5
7
4
55
27
42
73
83
33
70
59
77
69
78
41
67
47
88
15
51
71
58
17
79
3
9
19
52
23
24
43
50
61
66
84
26
89
12
25
62
11
36
48
56
80
81
82
44
75
37
63
28
65
8
22
16
85
31
72
29
38
94
14
21
30
87
90
76
35
54
64
92
93
86
40
39
91
20
32
53
74
68
18
46
45
49
57
6
60
10
13
5
7
4
55
42
73
83
27
33
70
59
77
69
78
41
67
47
88
15
51
58
71
17
3
79
9
52
19
23
24
43
50
61
66
84
26
89
12
25
62
11
36
48
56
80
81
82
44
75
37
63
28
65
8
22
16
85
31
72
29
38
94
14
21
30
87
76
90
35
54
64
92
93
86
40
39
91
20
32
53
74
68
18
46
45
49
57
6
60
10
13
5
7
4
55
27
42
73
83
70
33
59
77
69
78
41
67
47
88
15
51
58
71
17
3
79
9
19
52
23
24
43
50
61
66
84
26
89
12
25
62
11
36
48
56
80
81
82
44
75
37
63
28
65
8
22
16
85
31
72
29
38
94
87
14
21
30
76
90
35
54
64
92
93
86
40
39
91
20
32
53
74
68
18
46
45
49
57
6
60
10
13
5
7
4
55
27
42
73
83
33
70
59
77
69
78
41
67
47
88
15
51
58
71
17
3
79
9
19
52
23
24
43
50
61
66
84
26
89
12
25
62
11
36
48
56
80
81
82
44
75
37
63
28
65
8
22
16
85
31
72
29
38
94
14
21
30
87
76
90
35
54
64
92
93
86
40
39
91
20
32
53
74
68
18
46
45
49
57
6
60
10
13
5
7
4
55
27
42
73
83
33
70
59
77
69
78
41
67
47
88
15
51
58
71
17
3
79
9
19
52
23
24
43
50
61
66
84
26
89
12
25
62
11
36
48
56
80
81
82
44
75
37
63
28
65
8
22
16
85
31
72
29
38
94
14
21
30
87
76
90
35
54
64
92
93
86
40
39
91
20
32
53
74
68
18
46
45
49
57
6
60
10
13
5
7
4
55
27
42
73
83
33
70
59
77
69
78
41
67
47
88
15
51
58
71
17
3
79
9
19
52
23
24
43
50
61
66
84
26
89
12
25
62
11
36
48
56
80
81
82
44
75
37
63
28
65
8
22
16
85
31
72
29
38
94
14
21
30
87
76
90
35
54
64
92
93
86
40
39
91
20
32
53
74
68
18
46
45
49
57
6
60
10
13
5
7
4
55
27
42
73
83
70
33
59
77
69
78
41
67
47
88
15
51
58
71
17
3
79
9
19
52
23
24
43
50
61
66
84
26
89
12
25
62
11
36
48
56
80
81
82
44
75
37
63
28
65
8
22
16
85
31
72
29
38
94
87
14
21
30
76
90
35
54
64
92
93
86
40
39
91
20
32
53
74
68
18
46
45
49
57
6
60
10
13
5
7
4
55
27
42
73
83
33
70
59
77
69
78
41
67
47
88
15
51
58
71
17
3
79
9
19
52
23
24
43
50
61
66
84
26
89
12
25
62
11
36
48
56
80
81
82
44
75
37
63
28
65
8
22
16
85
31
72
29
38
94
14
21
30
87
76
90
35
54
64
92
93
86
40
39
91
20
32
53
74
68
18
46
45
49
57
6
60
10
13
5
7
4
55
27
42
73
83
33
70
59
77
69
78
41
67
47
88
15
51
58
71
17
3
79
9
19
52
23
24
43
50
61
66
84
26
89
12
25
62
11
36
48
56
80
81
82
44
75
37
63
28
65
8
22
16
85
31
72
29
38
94
14
21
30
87
76
90
35
54
64
92
93
86
40
39
91
20
32
53
74
68
18
46
45
49
57
6
60
10
13
5
7
4
55
27
42
73
83
33
70
59
77
69
78
41
67
47
88
15
51
58
71
17
3
79
9
19
52
23
24
43
50
61
66
84
26
89
12
25
62
11
36
48
56
80
81
82
44
75
37
63
28
65
8
22
16
85
31
72
29
38
94
14
21
30
87
76
90
35
54
64
92
93
86
40
39
91
20
32
53
74
68
18
46
45
49
57
6
60
10
13
5
7
4
55
27
42
73
83
33
70
59
77
69
78
41
67
47
88
15
51
58
71
17
3
79
9
19
52
23
24
43
50
61
66
84
26
89
12
25
62
11
36
48
56
80
81
82
44
75
37
63
28
65
8
22
16
85
31
72
29
38
94
14
21
30
87
76
90
35
54
64
92
93
86
40
39
91
20
32
