182.7
182.7
182.7
182.7
182.7
182.7
182.7
182.7
182.7
182.7
182.7
182.7
182.7
182.7
182.7
182.8
182.8
182.8
182.8
182.8
182.8
182.8
182.8
182.8
182.8
182.8
182.8
182.8
182.8
182.8
182.8
182.8
182.8
182.8
182.8
182.8
182.8
182.8
182.8
182.8
182.8
182.8
182.8
182.8
182.8
182.8
182.8
182.8
182.8
182.8
182.8
182.8
182.8
182.8
182.8
182.8
182.8
182.8
182.8
182.8
182.8
182.8
182.8
182.8
182.8
182.8
182.8
182.8
182.9
182.9
182.9
182.9
182.9
182.9
182.9
182.9
183.0
183.2
183.2
183.2
183.2
183.2
183.2
183.2
183.3
183.4
183.4
183.5
183.5
183.6
183.6
183.7
183.8
183.8
183.8
183.9
183.9
184.1
184.3
184.4
187.5
187.5
187.5
187.5
187.5
187.5
187.5
187.5
187.5
187.6
187.6
187.6
187.6
187.6
187.6
187.6
187.6
187.6
187.6
187.6
187.6
187.6
187.6
187.6
187.6
187.6
187.6
187.6
187.6
187.6
187.6
187.6
187.6
187.6
187.6
187.6
187.6
187.6
187.6
187.6
187.6
187.6
187.6
187.6
187.6
187.6
187.6
187.6
187.6
187.6
187.6
187.6
187.6
187.6
187.6
187.6
187.7
187.7
187.7
187.7
187.7
187.7
187.7
187.7
187.7
187.8
187.8
187.8
187.8
187.8
187.8
187.8
187.9
187.9
187.9
188.0
188.1
188.7
188.7
188.7
188.7
188.8
188.8
188.8
189.0
189.1
189.1
189.4
189.4
189.6
189.6
189.9
189.9
189.9
189.9
190.1
190.3
190.6
190.9
191.1
191.1
191.1
191.1
191.1
191.1
191.1
191.2
191.2
191.2
191.2
191.2
191.2
191.2
191.2
191.2
191.2
191.2
191.2
191.2
191.2
191.3
191.3
191.3
191.3
191.3
191.3
191.3
191.3
191.3
191.3
191.3
191.3
191.3
191.3
191.3
191.4
191.4
191.4
191.4
191.4
191.4
191.4
191.4
191.4
191.4
191.4
191.4
191.4
191.4
191.4
191.4
191.5
191.5
191.5
191.5
191.5
191.5
191.5
191.6
191.6
191.6
191.6
191.6
191.6
191.7
191.7
191.7
191.9
191.9
191.9
191.9
191.9
192.0
192.0
192.1
192.3
192.5
193.5
193.6
193.6
193.7
193.7
193.8
193.9
194.2
194.4
194.5
194.7
194.8
194.9
195.2
195.5
195.6
195.6
195.7
195.7
195.7
195.8
195.8
195.8
195.8
195.9
195.9
195.9
195.9
196.0
196.0
196.0
196.0
196.0
196.0
196.0
196.1
196.1
196.1
196.1
196.1
196.1
196.1
196.1
196.1
196.2
196.2
196.2
196.2
196.2
196.2
196.2
196.3
196.3
196.3
196.3
196.3
196.4
196.4
196.4
196.4
196.5
196.5
196.5
196.5
196.5
196.5
196.5
196.5
196.5
196.6
196.6
196.6
196.6
196.7
196.7
196.7
196.7
196.7
196.7
196.7
196.7
196.8
196.8
196.9
197.0
197.1
197.1
197.1
197.1
197.2
197.3
197.3
197.4
197.4
197.6
197.8
197.8
198.0
198.3
198.8
200.3
200.5
200.6
200.9
201.0
201.2
201.7
201.9
202.7
202.9
203.0
203.0
203.0
203.1
203.2
203.3
203.4
203.5
203.5
203.6
203.6
203.7
204.0
204.1
204.1
204.2
204.2
204.3
204.3
204.4
204.4
204.4
204.4
204.4
204.4
204.7
204.7
204.8
204.8
204.8
204.8
205.0
205.1
205.2
205.5
205.5
205.5
205.5
205.5
205.5
205.5
205.6
205.6
205.7
205.7
205.7
205.8
205.9
205.9
206.0
206.0
206.0
206.1
206.2
206.2
206.3
206.5
206.5
206.5
206.7
206.7
206.8
206.8
206.9
206.9
207.0
207.0
207.1
207.2
207.2
207.4
207.5
207.9
207.9
208.3
208.5
208.7
208.9
208.9
209.0
209.0
209.1
209.7
212.4
214.0
214.8
214.8
222.6
227.3
230.1
231.0
248.6
350.9
350.9
350.9
350.9
350.9
350.9
350.9
350.9
351.0
351.0
351.0
351.0
351.0
351.0
351.0
351.0
351.0
351.0
351.0
351.0
351.0
351.0
351.0
351.0
351.0
351.0
351.0
351.0
351.0
351.0
351.0
351.0
351.0
351.0
351.0
351.0
351.0
351.0
351.0
351.0
351.0
351.0
351.0
351.0
351.0
351.0
351.0
351.0
351.0
351.0
351.0
351.0
351.0
351.0
351.0
351.0
351.0
351.0
351.0
351.0
351.0
351.0
351.0
351.0
351.0
351.0
351.0
351.0
351.1
351.1
351.1
351.1
351.1
351.1
351.1
351.2
351.2
351.5
351.5
351.5
351.5
351.5
351.5
351.5
351.6
351.6
351.7
351.8
351.9
351.9
352.0
352.1
352.1
352.1
352.2
352.3
352.4
352.6
352.9
353.0
356.0
356.0
356.0
356.0
356.0
356.0
356.0
356.0
356.0
356.0
356.0
356.0
356.0
356.0
356.1
356.1
356.1
356.1
356.1
356.1
356.1
356.1
356.1
356.1
356.1
356.1
356.1
356.1
356.1
356.1
356.1
356.1
356.1
356.1
356.1
356.1
356.1
356.1
356.1
356.1
356.1
356.1
356.1
356.2
356.2
356.2
356.2
356.2
356.2
356.2
356.2
356.2
356.2
356.2
356.2
356.2
356.2
356.2
356.2
356.2
356.3
356.3
356.3
356.3
356.3
356.3
356.4
356.4
356.4
356.4
356.4
356.5
356.5
356.5
356.5
356.7
356.8
357.6
357.6
357.7
357.7
357.7
357.7
357.7
358.0
358.1
358.1
358.6
358.7
358.9
359.0
359.4
359.4
359.6
359.6
360.0
360.2
360.7
360.7
360.7
360.7
360.7
360.7
360.7
360.8
360.8
360.8
360.8
360.8
360.8
360.8
360.8
360.8
360.8
360.8
360.8
360.8
360.8
360.8
360.9
360.9
360.9
360.9
360.9
360.9
360.9
360.9
360.9
360.9
360.9
360.9
360.9
360.9
360.9
361.0
361.0
361.0
361.0
361.0
361.0
361.0
361.0
361.0
361.0
361.0
361.0
361.0
361.0
361.0
361.0
361.0
361.0
361.0
361.1
361.1
361.1
361.1
361.1
361.2
361.3
361.3
361.3
361.3
361.4
361.4
361.4
361.4
361.5
361.5
361.6
361.7
361.7
361.7
361.8
361.8
362.1
362.1
362.7
362.9
363.0
363.1
363.1
363.2
363.2
363.7
363.8
363.8
364.0
364.4
364.6
364.7
365.2
365.2
365.2
365.2
365.3
365.3
365.3
365.4
365.4
365.4
365.4
365.5
365.5
365.5
365.5
365.5
365.5
365.6
365.6
365.6
365.6
365.6
365.6
365.6
365.7
365.7
365.7
365.7
365.7
365.7
365.7
365.7
365.8
365.8
365.8
365.8
365.8
365.9
365.9
365.9
366.0
366.0
366.0
366.0
366.0
366.0
366.1
366.1
366.1
366.1
366.1
366.1
366.2
366.2
366.2
366.2
366.2
366.3
366.3
366.4
366.4
366.5
366.5
366.6
366.6
366.6
366.7
366.7
366.7
366.8
366.8
366.9
367.3
367.3
367.3
367.4
367.5
367.6
367.7
367.8
368.2
368.3
368.7
368.9
369.8
369.9
370.3
370.3
370.4
370.6
370.6
370.8
371.0
371.2
371.5
371.5
371.6
371.6
371.6
371.7
371.8
371.8
371.8
371.9
371.9
372.0
372.0
372.0
372.0
372.0
372.1
372.1
372.2
372.2
372.2
372.2
372.3
372.3
372.4
372.4
372.4
372.4
372.4
372.5
372.6
372.7
372.7
372.8
372.8
372.9
372.9
372.9
372.9
373.0
373.0
373.0
373.1
373.1
373.1
373.2
373.3
373.3
373.4
373.4
373.4
373.5
373.5
373.5
373.6
373.6
373.6
373.6
373.7
373.8
373.8
373.8
373.9
374.0
374.0
374.3
374.3
374.3
374.5
374.5
374.7
374.9
375.2
375.7
375.7
375.7
375.8
376.1
376.5
376.5
376.8
377.1
377.7
377.8
378.2
379.3
380.2
385.3
387.1
390.8
398.5
406.4
420.8
509.0
509.0
509.0
509.0
509.0
509.0
509.0
509.1
509.1
509.1
509.1
509.1
509.1
509.1
509.1
509.1
509.1
509.1
509.1
509.1
509.1
509.1
509.1
509.1
509.1
509.1
509.1
509.1
509.1
509.1
509.1
509.1
509.1
509.1
509.1
509.1
509.1
509.1
509.1
509.1
509.1
509.1
509.1
509.1
509.1
509.1
509.1
509.1
509.1
509.1
509.1
509.1
509.1
509.1
509.1
509.1
509.1
509.1
509.1
509.1
509.1
509.1
509.1
509.1
509.1
509.1
509.1
509.1
509.2
509.2
509.2
509.2
509.2
509.2
509.2
509.2
509.3
509.5
509.5
509.5
509.5
509.6
509.6
509.6
509.7
509.7
509.7
509.8
509.9
510.0
510.0
510.1
510.2
510.2
510.2
510.3
510.4
510.6
510.8
511.0
513.9
513.9
513.9
513.9
513.9
513.9
513.9
513.9
513.9
513.9
513.9
513.9
514.0
514.0
514.0
514.0
514.0
514.0
514.0
514.0
514.0
514.0
514.0
514.0
514.0
514.0
514.0
514.0
514.0
514.0
514.0
514.0
514.0
514.0
514.0
514.0
514.0
514.0
514.1
514.1
514.1
514.1
514.1
514.1
514.1
514.1
514.1
514.1
514.1
514.1
514.1
514.1
514.1
514.1
514.1
514.1
514.1
514.1
514.2
514.2
514.2
514.2
514.2
514.2
514.2
514.2
514.2
514.2
514.3
514.3
514.3
514.3
514.3
514.3
514.3
514.5
514.6
515.4
515.5
515.5
515.5
515.5
515.5
515.6
515.8
515.9
516.0
516.4
516.6
516.7
516.8
517.1
517.2
517.4
517.5
517.8
518.0
518.4
518.5
518.5
518.5
518.5
518.6
518.6
518.6
518.6
518.6
518.6
518.6
518.6
518.6
518.6
518.6
518.6
518.6
518.6
518.6
518.6
518.7
518.7
518.7
518.7
518.7
518.7
518.7
518.7
518.7
518.7
518.7
518.7
518.7
518.7
518.7
518.7
518.7
518.7
518.8
518.8
518.8
518.8
518.8
518.8
518.8
518.8
518.8
518.8
518.8
518.8
518.8
518.9
518.9
518.9
518.9
518.9
518.9
518.9
518.9
519.0
519.0
519.0
519.1
519.1
519.1
519.1
519.2
519.2
519.2
519.2
519.3
519.3
519.4
519.4
519.4
519.4
519.5
519.8
519.8
520.4
520.6
520.6
520.8
520.8
520.8
520.9
521.3
521.4
521.5
521.7
522.0
522.2
522.3
523.0
523.0
523.0
523.0
523.0
523.0
523.0
523.1
523.1
523.1
523.2
523.2
523.2
523.2
523.2
523.2
523.3
523.3
523.3
523.3
523.3
523.3
523.3
523.4
523.4
523.4
523.4
523.4
523.4
523.4
523.5
523.5
523.5
523.5
523.5
523.5
523.6
523.6
523.6
523.6
523.6
523.7
523.7
523.7
523.7
523.7
523.7
523.7
523.8
523.8
523.8
523.8
523.8
523.8
523.8
523.8
523.9
523.9
523.9
524.0
524.0
524.1
524.1
524.1
524.2
524.2
524.3
524.3
524.3
524.4
524.4
524.5
524.8
524.8
524.8
524.9
525.0
525.1
525.2
525.3
525.8
525.8
526.0
526.4
527.6
528.0
528.0
528.2
528.2
528.3
528.5
528.5
528.8
529.3
530.0
530.1
530.1
530.2
530.3
530.3
530.3
530.4
530.4
530.4
530.6
530.6
530.7
530.7
530.8
530.9
531.0
531.0
531.0
531.0
531.1
531.1
531.2
531.2
531.2
531.4
531.5
531.5
531.7
531.7
531.7
531.8
531.9
532.2
532.2
532.2
532.4
532.4
532.4
532.4
532.5
532.5
532.5
532.5
532.7
532.7
532.7
532.8
532.8
532.8
532.8
532.8
533.1
533.1
533.1
533.1
533.1
533.1
533.3
533.5
533.5
533.6
533.8
534.0
534.1
534.1
534.1
534.2
534.2
534.2
534.2
534.5
534.5
534.9
534.9
535.3
535.4
535.4
536.1
536.3
536.4
536.7
537.2
537.2
537.5
538.0
539.3
539.5
545.0
545.6
546.1
546.4
547.7
550.2
550.4
552.8
554.3
563.6
565.5
571.2
666.9
666.9
666.9
666.9
666.9
666.9
666.9
666.9
666.9
666.9
666.9
666.9
666.9
666.9
666.9
666.9
666.9
666.9
666.9
666.9
666.9
666.9
667.0
667.0
667.0
667.0
667.0
667.0
667.0
667.0
667.0
667.0
667.0
667.0
667.0
667.0
667.0
667.0
667.0
667.0
667.0
667.0
667.0
667.0
667.0
667.0
667.0
667.0
667.0
667.0
667.0
667.0
667.0
667.0
667.0
667.0
667.0
667.0
667.0
667.0
667.0
667.0
667.0
667.1
667.1
667.1
667.1
667.1
667.1
667.1
667.1
667.1
667.2
667.2
667.2
667.3
667.3
667.6
667.6
667.6
667.6
667.6
667.6
667.6
667.7
667.8
667.8
667.9
668.0
668.1
668.1
668.2
668.3
668.3
668.3
668.4
668.5
668.8
669.0
669.1
671.6
671.7
671.7
671.7
671.7
671.7
671.7
671.7
671.7
671.7
671.7
671.7
671.7
671.7
671.7
671.7
671.7
671.7
671.7
671.8
671.8
671.8
671.8
671.8
671.8
671.8
671.8
671.8
671.8
671.8
671.8
671.8
671.8
671.8
671.8
671.8
671.8
671.8
671.8
671.8
671.8
671.8
671.8
671.8
671.8
671.8
671.9
671.9
671.9
671.9
671.9
671.9
671.9
671.9
671.9
671.9
671.9
671.9
671.9
671.9
671.9
672.0
672.0
672.0
672.0
672.1
672.1
672.1
672.2
672.2
672.2
672.2
672.3
672.3
672.3
672.5
672.6
673.5
673.5
673.6
673.6
673.6
673.6
673.7
673.9
674.1
674.1
674.6
674.8
675.0
675.1
675.5
675.5
675.7
675.7
676.0
676.2
676.2
676.2
676.2
676.2
676.3
676.3
676.3
676.3
676.3
676.3
676.3
676.3
676.3
676.3
676.3
676.3
676.3
676.3
676.3
676.3
676.3
676.3
676.3
676.3
676.3
676.3
676.3
676.3
676.4
676.4
676.4
676.4
676.4
676.4
676.4
676.4
676.4
676.5
676.5
676.5
676.5
676.5
676.5
676.5
676.5
676.5
676.5
676.5
676.5
676.5
676.5
676.5
676.5
676.6
676.6
676.6
676.6
676.6
676.6
676.7
676.7
676.8
676.8
676.8
676.8
676.8
676.9
676.9
677.0
677.0
677.1
677.1
677.2
677.3
677.3
677.3
677.4
677.7
677.7
677.7
678.4
678.6
678.7
678.8
678.9
678.9
678.9
679.5
679.6
679.7
680.1
680.4
680.5
680.6
680.6
680.6
680.6
680.6
680.6
680.7
680.7
680.7
680.7
680.8
680.8
680.8
680.8
680.8
680.8
680.9
680.9
680.9
680.9
680.9
680.9
680.9
680.9
680.9
680.9
681.0
681.0
681.0
681.0
681.0
681.0
681.0
681.0
681.1
681.1
681.2
681.2
681.2
681.2
681.3
681.3
681.3
681.3
681.3
681.4
681.4
681.4
681.4
681.4
681.4
681.5
681.5
681.5
681.6
681.6
681.6
681.7
681.7
681.7
681.7
681.8
681.9
681.9
681.9
682.0
682.0
682.0
682.0
682.1
682.1
682.3
682.5
682.5
682.6
682.7
682.8
682.8
682.9
683.1
683.1
683.7
684.3
684.4
685.0
685.6
686.1
686.4
686.6
686.6
686.7
687.2
687.3
687.4
687.4
687.6
687.6
687.6
687.7
687.8
687.9
688.0
688.0
688.0
688.1
688.1
688.2
688.2
688.2
688.3
688.3
688.4
688.4
688.5
688.7
688.8
688.8
688.8
688.9
689.0
689.0
689.0
689.0
689.0
689.3
689.4
689.5
689.5
689.5
689.5
689.6
689.6
689.6
689.7
689.8
689.8
689.9
689.9
689.9
689.9
690.2
690.3
690.3
690.4
690.5
690.5
690.5
690.6
690.6
690.6
690.7
690.7
690.8
690.8
690.8
691.1
691.1
691.4
691.6
691.7
691.8
691.9
691.9
691.9
692.1
693.1
693.2
693.4
693.5
693.6
693.7
693.8
694.5
695.0
695.3
695.7
695.7
697.0
697.6
698.6
699.7
704.8
825.8
825.9
825.9
825.9
825.9
825.9
825.9
825.9
825.9
825.9
825.9
825.9
825.9
825.9
825.9
825.9
825.9
825.9
825.9
825.9
825.9
825.9
825.9
825.9
825.9
825.9
825.9
825.9
825.9
825.9
825.9
825.9
825.9
825.9
825.9
825.9
825.9
825.9
825.9
825.9
825.9
825.9
825.9
825.9
825.9
825.9
825.9
825.9
825.9
825.9
825.9
825.9
825.9
825.9
825.9
825.9
825.9
825.9
825.9
825.9
825.9
825.9
825.9
825.9
825.9
825.9
825.9
825.9
826.0
826.0
826.0
826.0
826.0
826.0
826.0
826.0
826.0
826.2
826.2
826.3
826.3
826.3
826.3
826.3
826.4
826.4
826.5
826.6
826.6
826.7
826.7
826.8
826.8
826.9
826.9
827.0
827.1
827.2
827.4
827.6
830.7
830.7
830.7
830.7
830.7
830.7
830.7
830.7
830.7
830.7
830.7
830.7
830.7
830.7
830.7
830.8
830.8
830.8
830.8
830.8
830.8
830.8
830.8
830.8
830.8
830.8
830.8
830.8
830.8
830.8
830.8
830.8
830.8
830.8
830.8
830.8
830.8
830.8
830.8
830.8
830.8
830.8
830.8
830.8
830.8
830.8
830.8
830.9
830.9
830.9
830.9
830.9
830.9
830.9
830.9
830.9
830.9
830.9
830.9
830.9
830.9
830.9
830.9
830.9
830.9
830.9
830.9
830.9
830.9
830.9
830.9
830.9
830.9
830.9
831.0
831.0
831.1
831.9
832.0
832.0
832.1
832.1
832.1
832.1
832.3
832.4
832.6
833.1
833.1
833.2
833.3
833.6
833.6
834.0
834.1
834.4
834.6
834.9
835.3
835.3
835.4
835.4
835.4
835.4
835.4
835.4
835.4
835.4
835.4
835.4
835.4
835.4
835.4
835.4
835.4
835.4
835.4
835.4
835.4
835.5
835.5
835.5
835.5
835.5
835.5
835.5
835.5
835.5
835.5
835.5
835.5
835.5
835.5
835.5
835.5
835.5
835.5
835.5
835.5
835.5
835.5
835.5
835.5
835.5
835.5
835.6
835.6
835.6
835.6
835.6
835.6
835.6
835.6
835.6
835.6
835.6
835.6
835.6
835.7
835.7
835.8
835.8
835.8
835.8
835.8
835.8
835.8
835.8
835.8
835.9
835.9
835.9
835.9
836.0
836.0
836.2
836.2
837.0
837.1
837.1
837.1
837.2
837.3
837.4
837.6
837.9
837.9
838.2
838.4
838.5
838.5
839.1
839.4
839.6
839.6
839.6
839.6
839.7
839.7
839.7
839.7
839.7
839.8
839.8
839.8
839.8
839.8
839.8
839.9
839.9
839.9
839.9
839.9
839.9
839.9
839.9
840.0
840.0
840.0
840.0
840.0
840.0
840.0
840.0
840.0
840.0
840.0
840.1
840.1
840.1
840.1
840.2
840.2
840.2
840.2
840.2
840.2
840.2
840.3
840.3
840.3
840.3
840.3
840.3
840.3
840.3
840.3
840.3
840.4
840.4
840.4
840.4
840.5
840.5
840.5
840.5
840.6
840.6
840.6
840.6
840.7
840.7
840.7
840.9
840.9
841.0
841.0
841.1
841.1
841.2
841.4
841.5
841.7
841.7
842.0
842.9
843.3
843.3
843.4
843.6
843.7
843.8
843.9
844.2
844.3
845.0
845.1
845.4
845.5
845.8
845.8
845.9
845.9
846.0
846.0
846.0
846.0
846.1
846.3
846.3
846.3
846.4
846.4
846.4
846.4
846.5
846.5
846.5
846.5
846.6
846.6
846.7
846.7
846.7
846.7
846.8
846.8
846.8
846.9
846.9
847.0
847.2
847.2
847.2
847.2
847.2
847.4
847.4
847.4
847.4
847.4
847.5
847.5
847.6
847.6
847.6
847.6
847.6
847.6
847.6
847.7
847.7
847.7
847.8
847.8
847.9
848.0
848.1
848.2
848.2
848.2
848.2
848.3
848.3
848.5
848.5
848.6
848.6
848.7
848.9
848.9
849.0
849.2
849.3
849.3
849.8
849.9
850.1
850.4
850.6
850.8
852.3
852.5
857.4
857.4
859.4
859.6
859.6
862.2
862.3
863.2
864.5
865.2
875.0
984.7
984.7
984.7
984.7
984.7
984.7
984.7
984.7
984.8
984.8
984.8
984.8
984.8
984.8
984.8
984.8
984.8
984.8
984.8
984.8
984.8
984.8
984.8
984.8
984.8
984.8
984.8
984.8
984.8
984.8
984.8
984.8
984.8
984.8
984.8
984.8
984.8
984.8
984.8
984.8
984.8
984.8
984.8
984.8
984.8
984.8
984.8
984.8
984.8
984.8
984.8
984.8
984.8
984.8
984.8
984.8
984.8
984.8
984.8
984.8
984.8
984.8
984.8
984.8
984.8
984.8
984.8
984.8
984.9
984.9
984.9
984.9
984.9
984.9
984.9
985.0
985.0
985.3
985.3
985.3
985.3
985.3
985.3
985.3
985.4
985.4
985.5
985.6
985.7
985.8
985.8
985.9
985.9
985.9
986.0
986.1
986.2
986.5
986.7
986.8
989.7
989.7
989.8
989.8
989.8
989.8
989.8
989.8
989.8
989.8
989.8
989.8
989.8
989.8
989.8
989.8
989.8
989.8
989.8
989.8
989.9
989.9
989.9
989.9
989.9
989.9
989.9
989.9
989.9
989.9
989.9
989.9
989.9
989.9
989.9
989.9
989.9
989.9
989.9
989.9
989.9
989.9
989.9
989.9
989.9
989.9
989.9
989.9
989.9
989.9
989.9
989.9
990.0
990.0
990.0
990.0
990.0
990.0
990.0
990.0
990.1
990.1
990.1
990.1
990.1
990.1
990.1
990.1
990.2
990.2
990.2
990.2
990.2
990.2
990.2
990.4
990.5
991.5
991.5
991.5
991.5
991.5
991.6
991.6
991.9
992.1
992.1
992.6
992.8
993.0
993.1
993.5
993.5
993.7
993.7
994.1
994.4
995.0
995.0
995.0
995.0
995.0
995.0
995.0
995.0
995.1
995.1
995.1
995.1
995.1
995.1
995.1
995.1
995.1
995.1
995.1
995.1
995.1
995.1
995.1
995.1
995.1
995.1
995.1
995.1
995.1
995.1
995.1
995.2
995.2
995.2
995.2
995.2
995.2
995.2
995.2
995.2
995.2
995.2
995.2
995.2
995.2
995.2
995.2
995.2
995.2
995.2
995.3
995.3
995.3
995.3
995.3
995.3
995.3
995.3
995.3
995.3
995.4
995.4
995.6
995.6
995.6
995.6
995.6
995.6
995.7
995.7
995.7
995.7
995.8
995.9
995.9
996.0
996.0
996.1
996.3
996.3
996.9
997.1
997.1
997.3
997.3
997.4
997.4
997.9
997.9
997.9
998.1
998.4
998.7
998.7
999.4
999.4
999.4
999.5
999.5
999.5
999.5
999.6
999.6
999.6
999.6
999.6
999.6
999.7
999.7
999.7
999.7
999.7
999.7
999.7
999.8
999.8
999.8
999.8
999.8
999.8
999.8
999.8
999.9
999.9
999.9
999.9
999.9
999.9
999.9
999.9
999.9
