8310
4795
4645
4605
4267
4970
5040
5443
4929
4800
1552
4813
4905
4834
4977
4791
4264
1562
5731
4446
4342
4310
5112
4688
5011
3558
5400
5673
5207
4770
5368
5157
4514
5984
4651
5238
5287
5309
5489
5581
4692
5140
4672
4392
4558
4975
5671
4956
5057
4848
4965
4968
5313
5183
5191
6035
4945
5195
4675
4936
5069
5080
5137
5726
4898
4548
5868
5408
4694
4758
4955
5612
4588
6298
5090
5233
5644
4526
4545
5067
5279
5846
1776
4903
5475
4727
4890
5372
5132
4988
5054
5743
1616
4725
4731
5065
5424
4728
5154
5947
4846
5060
5136
4926
5087
5660
5982
4671
5153
5441
4363
4465
4772
5936
5566
5716
4991
4056
4743
5282
4764
5796
5251
5381
5439
5807
5422
5277
4493
4751
3940
4411
4658
5274
5592
5767
2472
4266
5267
4909
4687
4973
5123
5415
4934
4321
4837
4930
4615
4912
5995
1909
5365
5393
4695
4816
5119
5745
4556
4754
4995
5081
5103
5199
5340
4423
4703
4750
4796
4835
4845
4857
5276
4468
5059
5907
4861
5020
5098
5225
5842
3837
4563
4576
5053
5170
5181
5530
5547
4297
4362
5249
5317
7976
4969
5187
5524
5679
5808
5926
4481
5329
5705
5877
5005
5006
4593
4631
4949
5188
4760
4840
4966
4984
5012
5809
5245
4647
4678
4763
4803
5347
6985
4418
4449
5391
5797
4492
4987
5641
5044
5127
4485
5102
5814
4262
5638
4643
4914
5270
5416
6868
7286
4456
5480
5588
5028
5418
5423
5627
1761
4597
4742
4856
5088
5239
4024
4417
4498
5374
5455
5718
4735
5772
4165
4448
4892
4999
5208
5738
4533
4595
4824
5563
5696
4736
4961
5226
4537
4862
5388
5502
5557
5609
4284
4495
4979
5256
4881
6037
1863
4231
5328
5362
5771
4882
4943
5616
5640
4773
7836
4365
4521
5266
5461
4623
5025
5708
4137
5068
5129
5466
5558
5838
3830
5468
5534
5580
6137
5141
5284
5769
4237
5070
5255
5431
4660
4942
4247
4793
5265
5919
7847
3884
4340
4887
5194
5522
4746
4880
4938
5211
5290
5052
4509
4529
4884
5462
4148
4208
5180
5451
5603
2240
4304
5228
6904
5240
5678
4005
4111
4592
4604
5496
6387
4771
4809
4844
4982
5076
6100
4453
4693
4721
5591
4630
5472
4886
4435
4833
5177
5352
4433
4831
5086
5128
5411
5711
6016
5334
5348
5800
5940
5155
5356
5398
5201
5650
8317
4654
5139
4780
4981
5357
5493
5674
6115
4520
5041
5697
4380
4744
5308
1583
4572
5857
6171
7519
5204
5382
6005
4286
4659
5156
5730
6038
5232
5448
4920
5108
5435
4596
4927
5237
5508
4782
7324
4405
4553
4910
5021
5110
5686
5363
5066
5690
4218
4391
4445
5258
5278
1798
4716
5633
1749
4178
4323
4582
4812
5310
5841
4629
5094
5114
5161
1642
4917
5511
5632
1701
2474
4707
5485
6050
7528
5670
8442
4049
4579
4932
4939
5091
5093
5325
4919
6154
4931
5164
5646
6088
2186
4708
4540
5788
4301
4974
5143
5394
5606
5699
5801
5840
4551
5523
5231
6128
5135
6429
4797
5692
5756
4997
2522
5043
4239
5338
5848
5867
2286
4260
5218
5996
5318
5736
5045
5442
6153
5969
4160
4940
4998
5008
5481
4043
5339
5360
5473
6254
4996
5378
5000
5434
6346
4759
5029
5159
5490
5741
5777
4948
4221
7265
4410
4836
5750
4876
4937
5369
5934
4084
4871
4565
4900
5331
7431
4201
5167
5035
5083
4888
5494
5648
5655
5182
5319
5579
5885
5304
5289
5781
5147
5762
5482
5099
5542
5273
4469
4087
5236
5672
2447
5217
5546
5572
3589
4406
5018
3939
4207
4863
4805
5250
2106
5336
5526
4227
5413
4183
5019
4712
5854
4853
5436
5550
4867
5324
5345
5924
7831
5602
6198
5227
4603
6143
5486
4140
4455
5055
2455
5897
6096
5337
4583
1929
4830
7073
3947
5389
4783
5111
8234
4849
4978
5312
5556
4512
6080
5428
5447
5172
5230
5412
4324
4633
6199
4403
1274
1363
1589
1645
1388
2922
1635
1654
1790
1279
2323
1134
1459
1674
1935
1727
1848
2066
2081
2326
2337
3441
3663
8666
1435
1484
2026
2049
3428
3842
1673
1927
2359
2938
8120
1461
1752
1973
3177
1123
1590
1859
1915
1962
2496
2523
3379
3549
1424
1458
1606
1658
1686
1862
2055
2096
2196
2703
3239
1404
1449
1539
1648
2727
3408
3822
8291
1364
1445
1542
1747
1898
1977
2033
2486
3049
3514
8373
1282
1348
1563
2032
2149
2188
2364
2396
2493
2983
3007
3131
3202
3283
1475
1718
1813
1899
2044
2630
2651
3006
1245
1582
1695
1785
2208
2214
2267
2301
2475
2500
2764
2842
3241
3313
3344
3407
3659
7963
8181
8266
8421
1440
1657
1754
1867
2064
2300
2647
3153
3196
3340
3480
3499
3552
1474
1829
1834
1844
1934
2051
2062
2384
2556
2569
3603
8167
8297
8586
1135
1534
1564
1592
1604
1949
2469
3015
3182
7962
1415
1543
1652
1944
2013
2030
2287
2418
2451
2489
2571
2663
2687
2882
3074
3120
3954
4132
8399
1432
1565
1777
1893
1897
1963
2079
2104
2200
2305
2708
3295
3599
3784
8285
8511
1529
1716
1741
1764
2031
2071
2176
2178
2626
3126
3133
3217
3263
3410
7904
8138
1423
1557
1597
1643
1697
1854
1925
1932
2248
2397
2441
2476
2494
2595
2634
2899
3335
3345
7554
7975
8053
1333
1448
1646
1671
1696
1842
2003
2014
2022
2154
2265
2302
2368
2547
2646
2761
3009
3475
3710
3810
7747
7822
8566
1715
1736
1946
2002
2128
2130
2280
2355
2459
2657
3122
3136
3705
3803
4033
7777
7937
7966
7981
8503
1148
1361
1503
1513
1625
1677
1757
1967
2195
2299
2485
2648
3289
3330
3492
3876
4100
7613
8011
8051
8604
1368
1392
1419
1578
1691
1819
1958
2392
2510
2668
2711
2843
3212
3215
3230
3350
7712
7883
8001
1167
1337
1595
1636
1656
1687
1706
1806
1940
1972
2023
2508
2745
2967
3147
3150
3252
3647
3689
3766
3779
3996
4130
7527
8217
8601
8628
1530
1729
1823
1936
2198
3375
3392
3498
3621
3699
3951
8188
8464
8707
1224
1389
1400
1502
1518
1672
2020
2038
2039
2053
2263
2560
2609
2638
2653
2889
2895
3023
3059
3284
3321
3628
3841
3950
6715
8110
8640
1517
1720
1803
1852
2035
2346
2431
2738
2807
2847
3081
3307
3324
3366
3805
3923
4023
4215
7154
7484
7622
1299
1378
1515
1555
1640
1667
2153
2318
2352
2361
2514
2672
2799
2965
2975
3389
3616
3649
3743
3796
3925
3938
3967
4004
4107
7785
7889
8240
1395
1401
1519
1789
1860
2202
2320
2383
2407
2775
3085
3305
3327
3978
4131
7081
8124
1465
1520
1621
1665
1830
1903
2231
2249
2321
2498
2506
2572
2880
3200
3264
3891
3944
7199
7873
8429
1144
1240
1478
1574
1812
2041
2170
2345
2426
3179
3424
3525
3758
3799
7446
7728
7951
1444
1499
1634
1666
1976
2233
2260
2391
2611
2718
2737
2763
2811
3020
3174
3386
3737
4015
4089
4106
4325
7533
7804
7852
8045
8049
8449
8506
1547
1558
1660
1669
1799
1864
1970
2019
2162
2223
2247
2259
2334
2518
2702
2984
2996
3223
3495
3524
3789
3806
3960
3989
7879
8278
8284
8505
1546
1689
1728
1965
2092
2146
2292
2329
2406
2977
3229
3532
3850
3864
3976
4021
7043
7715
8378
8391
1145
1150
1280
1357
2007
2179
2204
2422
2452
3206
3298
3741
3835
4042
4185
4225
4240
4282
7029
7851
8027
8043
8131
8343
8361
8837
1603
1680
1888
1938
2008
2015
2169
2255
2679
2707
2755
2771
2802
2841
2872
3025
3123
3293
3791
4135
7521
7531
7541
7736
8322
8447
8618
1521
1569
1579
1586
1587
1620
1707
1726
1791
1840
1906
1933
1952
2089
2118
2143
2164
2293
2499
2580
3038
3425
3521
3571
3719
3839
3859
3897
4175
4254
7145
7406
7863
1490
1694
1815
1853
1954
2100
2251
2753
2788
2978
3095
3303
3624
3745
3824
3903
4202
7465
7616
7910
8162
8223
8334
1262
1321
1709
1832
1872
1953
2037
2061
2123
2189
2640
2834
2906
3016
3019
3421
3809
3980
4019
4058
4101
7126
7549
8606
8613
1541
1690
1735
1986
2111
2304
2804
2890
3266
3373
3443
3590
3648
3671
3787
4119
4146
4158
7418
8275
8288
1044
1382
1403
1624
1800
2077
2175
2308
2331
2376
2462
2605
2739
2747
2923
3039
3117
3364
3462
3502
3618
3665
3674
3734
3936
3957
3984
3994
4001
4011
4188
4199
4270
7567
7621
7780
7839
8318
8341
1178
1269
1316
1359
1409
1452
1822
1825
2201
2324
2924
3226
3895
3931
4094
4196
4256
7132
7319
7598
7650
8152
1347
1462
1544
1692
1717
1890
2054
2295
2314
2549
2826
2845
2851
2943
2985
3060
3072
3089
3106
3195
3240
3399
3934
4010
4367
6713
6944
7218
7578
7905
7924
8233
8638
1411
1628
1632
1647
1775
1992
2120
2385
2533
2604
2816
2838
2981
3034
3146
3337
3391
3393
3634
3730
3981
3991
4057
4086
4126
4145
4338
4396
6980
7174
7559
7599
7608
7869
1341
1460
1650
1788
1868
2132
2192
2219
2316
2362
2970
3024
3192
3348
3381
3592
3660
3772
3993
4276
4319
4371
6518
7059
7238
7299
7347
7612
8068
8785
1116
1345
1483
1494
1497
1577
1740
1814
1880
1993
2010
2232
2256
2516
2699
2773
2831
3311
3413
3813
4046
4373
4513
4621
6742
6972
7018
7159
7842
8101
8329
1103
1270
1434
1493
1575
1711
2479
2511
2544
2715
2860
2921
3100
3169
3279
3328
3404
3482
3808
3838
3861
3918
3953
4161
4203
4257
4300
4331
4575
7277
7296
7303
7358
7369
7684
7855
7902
8029
8062
8155
8242
8267
8325
8703
1322
1663
1922
2417
2666
3157
3320
3357
3494
3778
3807
3886
3899
4133
4179
4370
6847
7256
7356
7368
7522
7553
7675
7956
7996
8020
8038
8116
8382
1471
1845
2205
2277
2403
2463
2465
2578
2795
2796
2994
3033
3161
3210
3300
3686
3769
3877
3900
3970
4029
4090
4113
4156
4162
7012
7071
7107
7562
7570
7730
8204
8215
8404
8522
8598
1649
1724
1731
1865
1956
2121
2134
2315
2529
2907
3185
3238
3334
3490
3598
3644
3692
3792
3857
3858
3888
4095
4174
4192
4255
4307
4384
4451
4487
4587
7210
7372
7525
7550
7821
7915
7954
7959
8052
1301
1304
1351
1560
1561
1681
1820
1870
1871
2220
2375
2519
2554
2654
2976
3047
3101
3641
3794
3818
3959
3987
4030
4244
4320
4568
4860
6316
6370
6548
7118
7248
7328
7467
7605
7638
7717
7800
7900
7940
8063
8884
1360
1941
2271
2289
2382
2513
2613
2658
2671
2876
3080
3361
3726
3782
3922
3964
4180
4322
4374
4472
5981
6327
6786
7170
7172
7191
7428
7443
7827
8026
8197
8320
8651
1408
1633
1659
1975
1989
1999
2328
2354
2395
2709
2782
2790
3127
3140
3385
3388
3496
3555
3669
3693
3768
4339
4458
4467
4519
4785
7405
7670
7809
8056
8390
8438
8531
8645
1174
1259
1438
1504
1884
2172
2173
2373
2545
2624
3178
3755
3866
3909
4067
4083
4088
4105
4173
4344
4494
6537
7251
7383
7408
7437
7870
7878
8013
8066
8187
8228
1307
1350
1385
1538
2138
2183
2252
2340
2481
2627
2659
2762
2912
2979
3064
3331
3454
3474
3486
3645
3697
3880
4003
4025
4114
4154
4168
4214
4661
6709
6873
7610
7763
7819
7859
8080
8358
8397
1354
1370
1374
1426
1524
2184
2421
2597
2610
2791
2856
2935
2953
3094
3504
4064
4191
4217
4273
4355
4377
6663
6808
7385
7704
8069
8359
8385
1413
1855
1921
2047
2116
2398
2409
2564
2588
2768
3440
3560
4096
4159
6533
6679
7168
7427
7442
7494
7551
7824
7834
7835
8099
8351
1303
2515
2527
2542
2744
2752
2792
2839
2918
3129
3166
3276
3814
3892
3910
3955
4138
4170
4230
7083
7285
7629
7652
7710
8016
8301
8730
1175
1732
1766
1839
2115
2236
2358
2567
2570
2584
2594
2836
2959
3083
3567
3721
3748
3800
4035
4073
4118
4268
4313
4318
4386
4440
6529
7089
7744
7778
7843
7939
8169
8384
8728
1275
1479
1551
1627
1679
1887
1923
1978
2122
2203
2505
2932
3115
3867
3894
3975
4157
4281
4287
4288
4352
4398
6167
6447
7665
7725
7886
8071
1328
1655
2084
2151
2211
2269
2285
2574
2714
2951
3092
3154
3180
3265
3286
3696
3968
4155
4197
4272
4364
4388
4534
6510
6923
7374
7432
7586
7607
8652
8685
1344
1758
1769
1770
1841
1916
2573
2667
2732
2812
2815
2949
3027
3031
3477
3574
3585
3614
3855
4085
4112
4121
4128
4775
6526
6561
6565
6623
7402
7640
7808
7903
8481
1441
2336
2558
2607
2950
3277
3539
3543
3992
4229
4424
4564
4584
4847
6095
6731
7289
7367
7812
7865
7882
8097
8153
8179
1105
1327
1850
1908
1998
2182
2226
2258
2298
2473
2548
2729
2947
3190
3304
3594
3708
3729
4212
4407
4414
4502
4522
6975
7592
7593
7880
8017
8226
8677
1164
1796
2250
2828
3191
3268
3292
3387
3673
3882
4093
4172
4194
4400
4618
4632
4664
4761
5589
7697
8028
8529
1402
1688
1737
1744
1951
2238
2855
2891
2911
3011
3287
3617
3670
4223
4259
4350
4525
6161
6323
6419
6836
7061
7100
7514
7566
7700
7734
8127
1099
1420
1566
1857
1987
2246
2262
2313
2585
3042
3069
3472
3601
3775
4031
4052
4261
4402
4464
4490
4639
4749
4784
4825
5892
6099
6151
6882
7005
7748
7921
7950
8328
8357
8360
1026
1492
1570
1889
1985
2040
2242
2381
2478
3035
3244
3400
3653
3816
3844
4022
4066
4080
4169
4360
4389
4484
4515
6486
7441
7631
7645
7666
7815
8581
8669
1615
1751
1760
2216
2243
2706
3116
3323
3605
3713
3853
4027
4117
4401
4432
4602
4710
7016
7042
7113
7237
7254
7532
7557
1505
1553
1607
1753
1838
2229
2283
2297
2312
2586
2664
2929
2998
3076
3735
3760
4151
4171
4341
4345
4590
4648
4653
7153
7163
7398
7422
7477
7547
8530
1705
2046
2070
2109
2137
2351
2695
2740
2908
3107
3163
3341
3382
3563
3607
3622
3770
3949
4220
4226
4503
4732
6720
6955
7025
7197
7283
7416
7452
8147
8455
8648
1315
1346
1443
1994
2415
2700
2821
2824
3271
3308
3546
3982
4251
4263
4327
4442
4466
4679
4713
5433
6308
7439
7801
7841
7972
8009
8214
8441
1228
1585
2000
2142
2181
2477
2497
2678
2866
2971
3125
3452
3823
3926
4204
4496
4531
6070
6448
6983
7038
7588
7917
8076
8185
8199
8463
8594
1264
1901
2457
2719
3036
3815
4205
4429
4567
4619
6213
6427
6503
6763
6890
7414
8039
1087
1488
1572
1581
1759
1920
1945
2124
2645
2675
3262
3312
3501
4076
4249
4541
4689
5051
6704
6824
6834
7068
7187
7771
7995
1398
1427
1485
1523
1622
1774
1902
1913
2036
2284
2291
2770
2780
3237
3687
3829
4166
4246
4248
4275
4359
4486
4748
6230
6249
6274
6473
6703
7316
7333
7899
8634
8878
1189
1257
1439
1924
2018
2103
2221
2319
2454
2742
2809
3586
3802
3874
4070
4195
5026
5224
5624
6110
6900
6933
6939
7161
7967
8032
8564
1251
1286
1512
1765
1801
2148
2163
2539
3159
3214
3365
3623
3657
3871
4235
4709
4717
6011
6389
6727
6788
7219
7618
7682
7752
8061
8134
8476
1567
1947
2127
2349
2502
2579
2774
2784
2997
3001
3005
3172
3580
3709
3728
4047
4071
4092
4176
4200
4349
4491
5719
6140
6311
7150
7574
7893
928
1119
1231
1289
1376
1601
1892
2108
2416
2596
2926
3130
3461
3717
3780
3986
4039
4041
4081
4219
4269
4397
4550
4745
4747
5823
5861
6030
6179
6200
7035
7381
7540
7735
8219
8515
8577
1808
1883
2065
2616
3044
3221
3319
3447
3483
3718
3834
3972
4315
4356
5914
6969
7227
7241
7664
7732
8159
8249
8368
1425
2187
2411
3207
3415
4018
4141
4308
4426
5314
5820
6684
6685
6693
6821
6898
6918
6962
7015
7122
7315
7436
7457
7660
7706
8070
8337
8563
1256
1500
1526
1795
1861
2056
2290
2576
2581
2642
2728
3651
3966
4625
5900
6357
6642
6814
6866
7520
1486
1702
1821
2325
2902
3143
3515
3958
3969
4476
4598
5516
6041
6410
6700
7004
7393
7486
8164
1140
1310
1397
1966
2432
2887
3225
3827
3901
4040
4045
4346
4454
4944
6066
6270
7341
7348
7635
7681
7718
7829
8218
1338
1700
2160
2235
2371
2601
2870
2919
2955
3642
3963
3999
4054
4443
4538
4577
4628
5773
5961
6068
6204
6283
6976
7135
7463
7597
7764
7955
8174
8255
8599
1431
1472
2135
2436
2504
2683
2864
2945
3021
3429
4428
5850
6117
6272
6776
7332
7741
7766
8547
8681
1532
1784
1879
2024
2025
2105
2276
2620
2725
2783
3030
3879
3893
4436
4870
5858
6347
6993
7078
7080
7208
7496
7656
8241
8680
1184
1470
1535
1748
1896
2209
2335
2798
3213
3354
3426
3470
3973
3995
4048
4290
4376
4471
4607
4670
6125
6195
6649
6676
7069
7288
7304
7511
7875
8003
1608
1617
1792
2227
2257
2562
3637
3831
4007
4570
5092
5911
6756
6925
7020
7123
7754
7918
7934
8371
1548
2379
2420
2425
2582
2693
3077
3430
4060
4309
5440
6303
6333
6910
7109
7169
8454
8676
2433
2440
2460
2794
2884
2937
2942
3070
3306
4278
4427
5613
5965
6163
6242
6360
7091
7188
7909
8671
8735
1285
1287
1313
1469
1531
1969
2525
3096
3124
3505
3704
3905
4125
4190
4335
4354
4478
4627
4907
5611
5886
5986
6589
7155
7206
7323
7590
7760
7806
8321
8542
8789
1805
2825
3569
4236
4250
4561
5735
5985
6289
6517
7137
7603
7696
7908
7949
8289
1763
2193
2230
2366
2509
3037
3098
3613
4369
4776
5792
6340
6367
7010
7046
7647
7667
7862
7987
8010
8109
8224
8605
1489
1971
2060
2063
2215
2275
2641
3058
3232
3301
3369
3545
3942
4379
4557
4756
4767
4990
5134
5727
6101
6103
6554
7669
7793
8332
8333
8778
1900
1983
2492
4778
5414
6129
6784
7045
7425
7646
7798
7922
8090
8261
8568
1675
1703
1877
1907
3041
3231
3451
3793
4518
4586
5948
6416
6841
7295
7627
7738
7929
8203
8254
8386
1612
1653
2150
2537
2643
2704
3050
3620
3821
3928
4299
4542
4698
5100
5323
5804
6532
6559
6678
6916
6970
7130
7475
7936
8122
8139
8151
1375
2052
2428
2526
3078
3280
3518
4163
4337
4957
5595
6058
6097
7727
8247
2180
2438
2681
2954
3368
3423
3561
3630
3811
4530
4574
5630
5883
6004
6202
6634
6797
6812
7352
7781
1210
1302
1961
2372
2429
2800
3105
3119
3731
4123
4232
4289
4383
4393
4497
4738
4787
4821
5576
6351
6544
7623
1112
1163
1332
1605
1651
1676
1721
1911
2099
2380
2813
3488
3542
3907
3930
4002
4152
4238
5402
5698
5790
6196
6433
6701
6734
6778
7131
7536
8018
8315
1213
1979
2068
2107
2307
2853
3032
3211
3667
3776
3872
4104
4314
4317
4726
4817
4827
5826
5904
6107
6123
6879
6960
7434
7688
7755
7943
7999
8388
1200
1466
1506
2017
2288
2363
2480
2488
2992
3090
3173
3578
3609
3655
3685
3695
3828
4723
5615
5785
5887
6224
6312
6415
6965
7392
7501
1085
2069
2093
2197
2317
2778
2785
3338
3952
4422
4637
4656
5327
5464
5590
5954
6266
6768
6953
7212
7308
7991
8205
8326
8362
1421
1428
1816
2603
2655
3071
3269
3751
4680
5643
6032
6436
7589
7896
8574
1600
1882
1894
2139
2212
2456
2606
3536
3643
3774
3916
4242
4606
4697
4705
4711
4855
4901
4913
5305
5749
5959
6089
6203
6536
6546
6899
7482
7617
7633
7685
930
1158
2468
3188
3362
3825
3873
4334
4444
4510
4566
4823
5509
5631
5702
5882
5970
6072
6084
6301
6662
7380
7490
8221
8259
2011
2294
2390
3965
4663
5042
5254
5395
6398
6406
6636
7290
7306
7472
7602
8501
8562
1267
1948
2131
2419
2710
3082
3581
3703
3985
4017
4546
4559
4581
5593
5776
6044
6813
7106
8245
8590
1171
2507
3235
3520
3631
4801
5105
5126
5555
5930
6563
6656
7530
7641
7814
8460
8608
1182
2621
2805
3242
3736
3945
4109
4662
5015
5825
5894
6062
6818
8034
8269
3860
4450
4673
5510
5687
6535
7543
7762
7931
7993
1779
2136
2435
2495
2615
2684
3224
3248
3666
4434
4611
4811
4946
5062
5478
5663
6659
7298
7891
8012
8229
8279
1230
1917
2074
2844
3360
3398
3463
4986
5499
5600
5779
5869
5873
6181
6228
7797
7832
7837
7907
8007
8180
1960
2660
3014
3227
3635
4102
4347
6000
6183
6705
7031
7056
7856
8156
8163
8299
1476
1511
1631
1644
2043
2125
2598
2868
3349
3881
4147
4245
4333
4504
4601
4826
6039
6292
7011
7365
8088
8401
2424
3374
3763
3932
4252
4416
4554
4858
5142
5165
5483
5521
6393
6874
6950
7462
7480
7507
7729
8033
8158
8310
8316
8395
1991
2158
2445
2885
3506
4108
4865
5185
5500
5766
6112
6310
1386
1507
2583
2777
3336
3530
3716
4142
4298
5477
5815
5836
5977
6979
7820
8324
8668
1554
2443
2720
3048
3183
3707
3788
4413
5113
5364
5426
6615
6872
7309
7351
7874
7960
2341
2394
3797
4295
4573
5246
5450
6375
6610
6981
7338
8427
2199
3184
4072
4715
4777
5243
5359
5740
5765
5834
5893
6067
6186
7424
2453
3012
3370
3371
3537
3929
4079
4305
4911
5085
5343
5818
5829
6040
6127
6168
6361
6881
7272
7524
7689
7816
8580
8595
2999
3199
3626
3988
4099
4233
4439
4873
5355
5856
6373
6492
6632
7582
8019
8277
8323
8348
2652
3193
3531
3658
3956
4061
4517
4617
6571
6988
7674
1169
1192
1362
1733
3273
3310
3535
3962
4506
4622
4889
4962
5214
5454
5577
5608
6098
6493
6747
7063
2072
2399
2592
2797
3158
4463
4571
5819
5960
6215
6735
6775
6930
8192
8248
8786
1468
1895
2888
3414
3487
3801
4549
4591
5793
6673
7502
7871
8065
8276
8827
1366
2167
2512
2852
3412
4786
5802
6616
6880
7095
7186
7284
7503
7906
8189
8338
1396
2619
2723
3865
5452
8363
8480
1384
2528
2858
3171
3294
3473
3921
4864
5565
5688
5860
5955
5962
6452
6949
7074
8822
1866
2141
2863
3062
3167
3218
3684
3698
4209
4544
4820
5474
6299
6541
7134
7220
7973
4144
4296
4924
5908
6513
6566
6714
6739
7779
1250
2009
2067
2427
2448
2696
2900
3260
4441
4869
5178
5387
5405
5967
6261
6336
1712
2152
2670
2990
4129
4139
4475
4690
6396
6806
7244
1109
1110
2356
2835
2877
3591
4859
5168
5498
5528
6519
7445
8740
1780
2272
3175
3781
4026
4539
5888
7259
7310
7702
1598
3315
3343
3702
3856
3914
5519
5541
5680
6435
6557
6732
6963
7751
7888
7948
2119
2622
3355
3435
3913
4535
4599
5353
6180
6726
7686
8262
8477
1714
3870
4699
5175
5241
6046
6597
8555
1334
1876
2102
2126
2741
3114
3720
3878
4729
5118
5193
6047
6268
7097
7268
1767
2073
2617
2736
3013
4216
5073
5174
5335
5598
7476
1873
2190
2244
2281
2833
3785
4676
5456
5714
5791
5822
6026
7576
8534
1719
2879
3887
4470
4635
4899
4906
7302
1630
2344
2635
3170
3636
3733
5014
5205
5301
6835
7022
8675
1984
3550
4421
4430
4739
4883
5370
5626
6225
7136
7509
2239
2669
3356
3464
3565
4311
4674
4893
5866
6264
7144
7317
8744
3351
3920
5828
6281
7275
8273
8917
1084
2806
3332
3420
3500
3757
3898
4332
5079
5944
6382
7142
7216
8238
8295
1804
2369
2487
2823
2893
3459
3906
4059
5016
5190
7946
8077
2608
3065
3446
3715
4819
4952
5179
5275
5553
5664
5871
6109
6126
6920
7034
7054
7343
8396
1391
2555
3668
3854
4122
4683
4850
4894
4933
5584
5998
8536
2310
3460
4722
4877
7156
8154
3342
5311
5366
5538
5554
5567
6296
6337
7209
7320
7537
8015
8347
3403
3468
5520
5639
6187
6644
6652
6807
2665
3652
4640
4681
8274
1329
1442
2094
2649
2859
4177
4874
5202
6279
6549
8081
8504
4483
4960
5104
5385
5732
5952
6111
7140
7450
1939
5160
5196
5667
6192
6412
6722
7053
7440
7920
1239
1833
5215
5316
5321
5491
6010
6687
1996
4964
5109
6338
6889
7407
7611
7926
2444
4277
5407
5922
5945
6408
6618
6631
6760
6977
7370
7516
7911
8193
8433
1414
1683
1773
4053
4925
6034
6240
7492
7583
8064
1371
2968
4115
5009
5033
5932
6449
7194
7698
7811
8561
8584
1268
2637
2680
3419
5549
6711
7805
8067
2848
3052
3099
3798
3817
4457
4804
4976
5171
5198
5392
6051
6702
6851
8369
2905
2946
3149
5377
5918
6081
6086
6252
7901
8105
1319
1407
2862
3790
4612
5596
6627
7198
1290
1723
1997
2006
3378
3431
4508
5017
5130
5131
5870
6799
7335
2928
3148
4908
5235
5582
6485
7182
7708
8387
4394
4685
4875
5346
5704
6182
8376
2989
3141
4828
5575
8119
2350
3946
5720
5768
8521
1093
3309
4280
4921
5007
5074
6288
1133
1955
2810
2814
5701
5709
7636
3833
5457
1943
5116
5248
5403
7331
2156
4477
4562
5401
6604
7184
7264
2482
3086
3849
3997
5989
6553
7731
1874
2045
2650
5212
5513
6013
7969
3562
3919
4357
5037
6001
6580
7584
7980
2690
6214
7703
2245
2360
4387
5921
6071
6891
7449
3724
4600
6501
7552
7701
8657
2090
4366
7556
1639
2501
3363
3508
3597
4578
4706
4872
5176
6863
7464
7471
2550
4613
962
1609
2916
3694
4098
4431
4652
5034
5269
6021
2191
4765
4769
5390
5623
8209
2322
3055
3109
4616
4832
5535
6053
7489
7866
7989
3551
5223
5303
5342
5561
5636
6418
6514
4038
4755
7165
4505
6723
7724
1288
2311
2878
2915
7964
8411
4186
5824
6359
7190
7803
2347
3152
3739
4852
6809
7846
2133
2540
4896
5022
6478
6577
7353
7890
7455
8190
1221
2958
7506
8216
4798
5350
2857
3883
6164
6380
6525
1314
2112
2822
3316
7758
8030
2940
4994
1248
3863
5046
5729
3740
7756
2632
4677
5830
8089
1463
4206
5252
5578
7887
3664
4657
5751
6144
1713
6751
1787
1835
2471
2987
8271
1678
2974
4091
5693
7378
1743
3376
3455
4543
4843
5816
6251
8526
2830
3203
4385
5288
6193
8050
8432
3002
6420
3118
3527
4353
5220
1216
1276
1750
5902
6342
7094
5471
7512
8497
1849
1918
5939
8692
2387
4302
5061
5386
5951
1919
5853
7233
7990
4696
5957
1576
6146
1781
2731
4482
3529
4822
4779
5874
6917
7050
4312
6830
4012
5620
6521
5929
8024
4992
3832
2692
5837
7659
3234
3990
4069
5810
6285
1783
8509
5001
5138
5432
7037
1430
6222
7913
7375
4714
5963
1685
5264
5744
7655
4624
1846
2521
5515
7604
8410
5610
6293
6675
7508
8092
3017
5775
6947
5072
5463
2541
3510
4959
1851
3233
3749
4258
5881
6423
1533
2850
8572
5465
5145
8792
5805
6852
8469
7090
8129
7242
8107
2353
6456
6422
4958
3108
5715
5915
7082
8353
5124
5889
7196
2969
6911
6942
7483
5446
5358
6165
1399
5501
4752
3325
7791
4794
7111
7606
2618
6227
6024
3627
6421
5281
1613
4866
7195
3983
3517
3068
3575
3629
5133
3927
7447
5349
2913
4810
5659
3189
1768
7149
8553
2241
7673
1343
3450
2568
1836
7649
5903
1704
6332
3558
4795
4645
4970
1562
4905
4264
4267
4800
4514
4605
4813
5040
5443
5731
4310
4446
4834
4688
4770
4977
5947
5984
4791
4929
1552
3837
4955
5368
4651
4672
5112
5183
5313
5400
5673
6035
6298
4231
4545
4846
4968
4975
5157
5207
5309
5475
5489
5846
2286
2472
4675
4936
5011
5057
5137
5140
5671
5868
3940
4342
4392
4548
4588
4692
4694
4727
4758
4848
4903
4945
5067
5069
5195
5238
5287
5581
5612
1616
2474
4363
4411
4465
4965
4988
5080
5136
5408
5716
1909
4056
4266
4558
4671
4728
4898
4956
4991
5054
5233
5279
5726
5807
5936
5982
5995
4725
4772
4909
4926
5060
5154
5277
5566
5644
5660
5796
4237
4362
4493
4526
4695
4731
4743
4890
5090
5282
5372
5743
6868
1761
1798
3830
4262
4321
4750
4751
4764
5053
5087
5132
5251
5267
5422
5592
6985
1776
2522
4148
4481
4615
5065
5191
5381
5415
5424
5441
5767
2240
4024
4111
4247
4297
4423
4448
4449
4468
4485
4495
4563
4576
4687
4835
4857
4912
4934
4973
4995
5059
5181
5274
5393
5439
5705
5745
5877
5907
6904
7286
2447
3884
4137
4365
4417
4529
4597
4643
4678
4754
4763
4816
5005
5006
5081
5119
5123
5187
5199
5225
5245
5276
5524
5638
5919
5940
1701
2186
3589
4005
4218
4284
4418
4445
4492
4498
4556
4593
4658
4796
4803
4837
4845
4930
4949
4969
5012
5103
5153
5329
5365
5374
5530
5547
5808
5814
6037
7324
4049
4323
4456
4631
4647
4703
4735
4856
4984
5020
5127
5249
5270
5340
5362
5679
6137
6387
7519
2455
4165
4304
4537
4592
4604
4760
4773
4840
4844
4861
4892
4914
4942
5098
5102
5170
5388
5391
5416
5772
5809
5842
5926
6016
1863
4178
4183
4239
4301
4340
4521
4623
4746
4793
4824
4927
4961
4979
4987
5044
5052
5239
5256
5284
5317
5347
5418
5480
5493
5588
5616
5627
5641
5771
5797
5838
6100
6429
1642
1749
2106
4208
4260
4433
4453
4533
4595
4654
4659
4742
4943
4966
4999
5088
5188
5211
5398
5423
5466
5468
5557
5558
5563
5580
5603
5696
5738
6038
4043
4435
4572
4736
4744
4771
4833
4881
4884
4887
4938
4997
5025
5068
5431
5451
5455
5502
5640
5718
5857
4227
4380
4391
4660
4708
4721
4862
4880
5028
5129
5180
5208
5228
5240
5334
5461
5472
5522
5534
5609
5730
6050
6088
6115
6128
6154
6254
6346
7847
7976
1929
3947
4087
4160
4201
4405
4509
4540
4551
4693
4782
4797
4809
5070
5076
5128
5139
5141
5194
5204
5226
5232
5237
5255
5266
5278
5290
5308
5328
5394
5448
5462
5633
5674
5678
5686
5697
5708
5769
5800
5841
6005
7265
7431
4207
4286
4553
4565
4596
4630
4716
4780
4831
4882
4886
4981
4982
5086
5094
5155
5161
5265
5352
5632
5690
5692
5711
5788
6171
3939
4140
4221
4410
4520
4582
4629
4707
4812
5156
5164
5177
5325
5356
5357
5382
5411
5485
5496
5546
5591
5646
5650
5801
5840
5934
5996
7836
1583
4084
4579
4876
4948
5008
5018
5041
5043
5093
5110
5258
5348
5434
5750
5867
5885
5969
7073
4406
4469
4512
4583
4603
4712
4836
4900
4910
4917
4919
4931
4974
5021
5066
5331
5363
5369
5435
5442
5511
5523
5606
5648
5655
5670
5699
5736
5741
5777
5897
6153
7528
4324
4455
4759
4920
4932
4939
5035
5108
5114
5135
5143
5159
5289
5310
5338
5360
5490
5508
5572
5672
5756
5781
5924
6080
4783
4805
4871
4937
4978
4996
4998
5000
5029
5091
5218
5231
5273
5413
5481
5494
5542
5848
6198
7831
4888
5045
5147
5201
5217
5339
5556
5854
6199
4403
4940
5167
5182
5236
5319
5336
5378
5473
5526
6096
6143
4863
4867
5019
5083
5111
5304
5318
5337
5389
5550
5579
5762
4633
4853
5055
5099
5250
5345
4830
4849
5172
5324
5436
5482
5486
5602
8234
5227
5447
8317
5230
5312
5428
5412
5849
5725
8442
5419
5628
5649
5095
5158
5397
5459
5694
5739
5297
5315
5764
4702
5621
5755
5863
5923
4950
5149
5166
5261
5351
5458
5505
5280
5285
5333
5373
5380
5622
5665
5770
5307
5406
5529
5569
5786
5806
4983
5332
5404
5925
4989
5048
5064
5107
5173
5184
5222
5326
5367
5420
5453
5507
5774
4980
5002
5004
5150
5371
5487
5488
5597
5799
6049
4737
4815
5115
5148
5197
5260
5306
5421
5444
5497
5527
5559
5637
5852
4902
4928
4993
5078
5210
5322
5399
5467
5506
5537
5652
5681
5722
5794
5865
4854
4878
4916
4935
4941
5151
5152
5192
5259
5354
5438
5668
5707
5710
5880
6515
4885
4904
5120
5219
5244
5292
5379
5383
5585
5653
5685
5780
5920
6197
6201
4730
4734
4781
4967
5027
5117
5206
5291
5429
5504
5545
5617
5645
5669
5703
5975
5987
6045
6061
6076
6141
6149
6173
6409
4585
4669
4774
4922
5010
5036
5047
5186
5396
5536
5583
5629
5658
5728
5748
5758
5763
5938
5978
6031
6142
4636
4808
4818
4897
4915
5024
5082
5106
5257
5286
5302
5525
5675
5683
5700
5717
5812
5859
6029
6059
6130
6147
6170
6218
6325
6349
6368
6414
4724
5003
5038
5229
5234
5283
5425
5484
5551
5574
5642
5661
5713
5761
5839
5851
5855
5927
5949
6027
6133
6803
4918
5058
5063
5077
5096
5213
5216
5268
5299
5320
5657
5666
5931
6104
6135
6172
6231
6496
4641
4879
5050
5056
5089
5298
5517
5518
5684
5712
5760
5933
5956
6056
6246
6307
6599
7180
4666
4757
4814
4868
4895
4923
4951
5032
5039
5209
5344
5449
5476
5495
5532
5570
5573
5586
5634
5647
5651
5676
5677
5782
5864
6008
6060
6064
6077
6113
6118
6282
6290
6350
6358
6512
6540
4419
4507
4552
4580
5101
5122
5272
5430
5512
5605
5618
5753
5817
5862
5875
5972
6069
6355
6611
4474
4489
4668
4891
4954
5262
5271
5492
5531
5604
5884
5906
5941
6094
6131
6194
6248
6271
6320
6376
6438
6445
6483
4555
4686
4807
4963
5144
5293
5330
5361
5384
5417
5560
5742
5757
5821
5980
6015
6033
6043
6052
6083
6090
6145
6328
6378
6405
6520
6591
6592
6680
6764
6793
6802
7007
4536
4700
4733
5200
5375
5479
5594
5706
5737
5789
5999
6025
6078
6093
6102
6108
6116
6256
6260
6352
6871
7049
3441
3842
4241
4589
4626
5075
5470
5724
5734
5845
5876
5905
5910
5935
5937
5973
5991
6009
6020
6048
6082
6120
6205
6441
6446
6453
6494
6785
6921
6995
2486
4328
4788
4829
4841
4971
5071
5689
5891
5916
5966
5974
6119
6188
6190
6216
6217
6317
6385
6404
6443
6581
6609
6612
6661
6694
8310
4511
4532
4790
5013
5031
5121
5469
5568
5752
6022
6106
6114
6121
6162
6207
6235
6273
6306
6345
6366
6371
6377
6444
6472
6479
6547
6674
6744
6869
6927
3514
3784
3954
4097
4130
4462
4740
4762
5543
5635
5746
5833
5844
5895
5917
5928
5946
5964
5997
6159
6208
6276
6322
6407
6428
6487
6505
6683
6968
7017
7143
2326
4033
4132
4338
5084
5294
5571
5601
5625
5787
5872
6124
6211
6226
6238
6341
6394
6440
6471
6502
6658
6708
6897
6906
6946
7239
2359
2703
3407
4100
4409
4415
4638
4667
4741
4799
5654
5811
5835
5943
6074
6085
6092
6169
6191
6209
6247
6262
6294
6344
6474
6476
6484
6499
6548
6606
6660
6671
6817
6850
6855
2081
2337
2626
3663
4420
4839
5163
5909
5912
5979
6012
6091
6189
6210
6280
6315
6365
6431
6460
6528
6582
6600
6669
6712
6771
6846
6878
6909
2323
2496
3944
4372
4437
4620
4650
5030
5695
6017
6057
6255
6411
6637
6672
6733
6777
6951
7193
7200
2922
4185
4395
4412
4609
4644
4947
5892
5899
6014
6099
6178
6265
6459
6527
6573
6584
6613
6691
6829
7151
1859
1935
2055
2500
4107
4211
4213
4215
4279
4461
4528
5253
5376
5460
5514
5890
6011
6095
6156
6184
6267
6327
6348
6353
6381
6413
6419
6450
6482
6558
6594
6614
6629
6633
6677
6696
6715
6838
6907
6974
7120
7141
7327
7459
2149
4344
4610
4649
4701
4719
5203
5242
5296
5540
5552
5983
6006
6007
6065
6152
6167
6275
6374
6379
6437
6481
6498
6583
6596
6719
6743
6769
6837
6847
6854
6867
6980
6984
7098
1813
2033
2049
3549
3938
3948
3960
4077
4240
4568
4575
4621
4684
5656
5662
5723
5958
5971
6054
6206
6305
6309
6324
6334
6400
6417
6470
6529
6574
6697
6825
6887
6944
6948
6958
6989
7391
2727
3679
3803
3876
3925
4095
4348
4425
4608
4634
4655
4665
4851
5049
6177
6221
6258
6259
6297
6354
6388
6458
6602
6638
6639
6689
6730
6782
6808
6853
6902
7301
7444
2066
2071
3379
3408
3951
4089
4234
4343
4370
4371
4381
4499
4501
4661
4768
4775
5427
5624
5754
5823
6070
6237
6277
6356
6464
6468
6550
6569
6624
6773
6796
6815
6912
6922
6959
7093
7154
7222
7223
7270
3810
3950
4276
4336
4399
4785
5189
5589
5614
5850
6003
6018
6058
6278
6308
6313
6316
6562
6586
6593
6626
6643
6695
6791
6857
7060
7174
7205
3976
4063
4103
4257
4320
4351
4386
4472
4494
5599
5682
5749
5773
5792
5990
6023
6138
6257
6321
6395
6545
6740
6823
6945
6999
7039
7057
7075
7081
7088
7224
1645
1674
1790
1973
4028
4078
4101
4131
4196
4306
4355
4373
4547
4842
5433
5440
5539
5914
5948
5950
6030
6158
6175
6179
6219
6224
6233
6335
6399
6424
6503
6518
6543
6560
6568
6570
6772
6774
6779
6811
6858
6876
6943
6990
6992
7087
7211
7229
7261
7294
7624
1934
3710
3796
3890
4175
4189
4225
4283
4503
5341
5961
6140
6232
6253
6266
6370
6403
6439
6500
6585
6588
6625
6688
6757
6928
7070
7183
7279
7296
7389
7395
4015
4021
4180
4182
4198
4256
4294
4534
4614
4704
4713
4806
4825
4860
4870
4972
5295
5414
6202
6223
6270
6302
6495
6506
6507
6651
6741
6798
6954
6966
7008
7026
7055
7105
7115
7191
7355
1927
1962
2026
2031
3690
3805
3935
4187
4282
4466
4519
4802
5727
5818
5911
5988
6066
6295
6304
6455
6488
6510
6526
6595
6752
6875
7030
7043
7199
7243
7252
7337
7479
7699
1842
2764
3263
3283
3996
4119
4149
4158
4288
4307
4330
4367
4438
4487
4564
4738
4761
4847
5026
5593
5613
5879
5883
6123
6125
6151
6339
6477
6572
6657
6663
6664
6690
6704
6742
6820
6929
6967
7006
7013
7065
7084
7102
7125
7170
7282
7371
7376
7484
7653
2096
2300
2396
2475
2711
3822
4020
4062
4146
4243
4325
4331
4375
4384
4502
4527
4587
5437
5793
6032
6089
6139
6323
6465
6551
6561
6716
6725
6895
7171
7263
7396
7426
7554
2032
2196
2469
2571
2983
3239
3743
4037
4285
4358
4458
4491
4648
4679
4749
5247
5702
5813
5858
5981
6075
6239
6287
6397
6433
6761
6787
6827
6861
6982
7029
7051
7059
7085
7126
7133
7167
1589
1657
1673
2051
2130
3133
3217
3344
4004
4042
4126
4134
4156
4202
4272
4303
4318
4319
4522
4748
4907
5134
5509
5562
5630
5698
5784
5798
6203
6383
6622
6648
6822
6975
7121
7132
7226
7249
7255
7273
7307
7361
7577
1461
1848
2265
2368
2446
3428
4116
4274
4313
4664
4682
5224
5590
5719
5735
5866
5985
6041
6101
6161
6241
6263
6448
6480
6623
6653
6679
6758
6859
6886
6956
7083
7448
7569
7613
7651
7822
1635
1722
1747
2030
2104
3761
3889
3891
4135
4291
4451
4606
4607
4619
4639
4710
5555
5733
5790
6136
6319
6369
6454
6531
6647
6682
6686
6786
6792
6849
6914
7002
7021
7024
7027
7032
7071
7173
7181
7313
7326
7336
7344
7346
7366
7403
7709
1829
1915
2058
2254
2287
2364
2520
2938
3007
3453
3621
3864
3904
3994
4023
4110
4224
4230
4253
4398
4400
4440
4460
4632
4726
4789
5051
5519
5576
5861
6110
6533
6554
6565
6635
6709
6804
7001
7159
7166
7176
7177
7287
7354
7712
1834
1898
1912
1925
1977
2418
2493
2523
2687
3131
3153
3896
4203
4217
4255
4490
4513
5402
5643
6004
6200
6286
6329
6347
6655
6883
6935
6986
7012
7096
7114
7175
7204
7213
7334
7358
7493
1363
1968
2129
2842
3340
3345
3409
3480
3596
3777
3943
4220
4254
4396
4424
4538
4618
4717
4792
5323
5521
5611
5779
5826
5843
5965
5968
6176
6274
6401
6427
6530
6640
6901
6915
6957
7028
7047
7413
7485
1388
1606
1654
2021
2195
2302
2305
2651
2927
3049
3313
3756
3885
3897
4030
4145
4192
4300
4329
4345
4360
4602
4718
4756
4944
4946
5125
5359
5747
5836
5873
5900
6195
6447
6504
6523
6552
6587
6617
6765
6805
6840
6884
6961
6971
6972
7127
7235
7266
7277
7291
7329
7394
7481
7544
7614
7770
1899
1946
2267
2489
2630
3241
3475
3998
4188
4210
4259
4261
4270
4281
4374
4698
4745
4778
4787
4827
4957
5085
5100
5185
5510
5893
6129
6181
6230
6249
6402
6430
6491
6539
6693
6703
6810
6952
7033
7138
7145
7168
7274
7319
7517
7518
7527
7621
1785
1827
2110
2188
2301
2346
3603
3649
3659
3699
3705
3841
3868
3903
3967
3977
4036
4161
4350
4402
4428
4584
4598
4656
4776
4901
5062
5092
5142
5327
5464
5785
5822
5834
5882
6097
6242
6243
6425
6590
6598
6667
6718
6794
6831
6833
7058
7162
7267
7280
7373
7415
7499
7691
1878
2095
2248
2638
3647
3766
3804
3978
4484
4496
4541
4586
4662
4732
4986
5548
5615
5766
6229
6426
6516
6575
6713
6826
7018
7248
7281
7446
7474
7777
1897
2128
2355
2437
2441
2609
3063
3196
3722
3846
3911
4034
4055
4113
4179
4214
4322
4467
4569
5214
5300
5353
5516
5619
5908
5986
6155
6182
6605
6654
6790
6896
6964
7067
7189
7245
7285
7418
7526
7587
7889
1699
1738
1926
2260
2263
2556
3015
3295
3372
3599
3912
4105
4170
4525
4628
4709
4777
5015
5160
5169
5608
5765
6163
6213
6467
6537
7000
7300
7322
7443
7504
7505
7523
7746
7747
7942
1754
1867
1949
1963
2078
2161
2200
2280
3307
3392
3587
3852
3915
4000
4067
4138
4154
4339
4442
4459
4784
4801
4889
4911
4985
4990
5254
5366
5395
5450
5565
5856
5878
6103
6442
6473
6724
6780
6819
7023
7076
7210
7238
7406
7409
7478
7558
7658
7845
1597
1937
2044
2476
2575
3202
3862
3993
4011
4094
4114
4269
4376
4531
4821
5042
5118
5491
5596
5600
5804
6068
6272
6283
6311
6392
6729
7271
7347
7421
2233
3006
3820
3835
3923
4050
4368
4429
4590
4747
4960
5314
5483
5631
5820
5847
6486
6576
6750
6877
7036
7147
7328
7339
7534
7541
7692
7749
7769
1727
1741
1944
1981
2039
2062
2299
2491
2986
3026
3074
3182
3299
3552
3737
3826
4106
4112
4388
4432
4817
4823
5202
5301
5533
5815
6212
6215
6362
6389
6524
6601
6650
6699
7292
7299
7546
7563
7622
1950
2166
2225
2357
2531
2967
3009
3492
3570
4199
4228
4401
4464
4471
4865
5105
5113
5215
5667
5688
5825
6234
6330
6331
6360
6564
6628
7052
7062
7103
7112
7139
7369
7458
7564
7609
7714
7892
1648
1954
2014
2490
3439
3771
3989
4246
4263
4407
4723
5165
5275
5680
5953
6072
6567
6676
6748
6865
6885
7342
7410
7451
7601
7694
1279
1459
1746
1752
1980
2088
2147
2208
2384
2569
2647
2899
3177
3540
3742
3791
3795
3845
3859
3909
4008
4031
4124
4244
4486
4524
4673
4893
5174
5175
5426
5967
6112
6204
6457
6692
6762
6856
6940
6978
7218
7423
7488
7594
7637
7676
7716
7838
7974
1772
2003
2013
2114
2178
2214
2407
2543
2593
2904
3572
3836
3992
4074
4090
4191
4359
4625
4653
5168
5387
5584
5664
5829
5886
5904
6062
6127
6157
6763
7146
7237
7311
7321
7364
7453
7595
7677
7739
8001
8053
1718
1893
2028
2079
2082
2194
2261
2966
3628
3809
3895
3931
3933
3937
4117
4275
4427
4515
4617
4855
4864
4913
5116
5740
5791
5860
6367
6511
6721
6873
6893
6994
6998
7128
7289
7314
7412
7531
7572
7723
7773
7783
1928
2002
2022
2218
2292
2760
2895
3219
3632
3752
3758
3762
3787
3812
3934
3936
3964
3981
4058
4093
4223
4683
5126
5370
5687
5776
5831
6026
6555
6649
6932
7016
7107
7124
7460
7542
7549
7580
7678
7759
1435
1539
1706
1807
1844
1974
2361
2442
2648
2991
3375
3422
3499
3686
3691
3701
3765
4013
4086
4826
5456
5499
5732
5992
6168
6556
6608
6731
6923
6937
7207
7399
7401
7521
7772
7860
7962
1484
1582
1625
1782
1967
2202
2510
2563
3059
3541
3974
3984
4046
4162
4197
4480
5269
5477
5553
5709
5894
5942
5960
6019
6228
6364
6436
6497
6508
6642
7185
7362
7465
7497
7616
7833
1580
1590
1932
1965
2027
2038
2365
2393
2426
2451
2629
2708
2886
3252
3255
3465
3590
3681
3683
3689
3888
3900
3991
4003
4567
4577
5392
5407
6517
6578
6579
6589
6700
6754
7230
7234
7420
7473
7533
7657
7715
7784
7904
1658
1862
1885
2057
2352
2377
2397
2553
2807
3497
3553
3741
3818
3892
4044
4184
4546
4594
4722
4908
4953
5970
6836
7025
7187
7330
7368
7467
7721
7722
7825
7840
1404
1564
1671
1786
2075
2185
2279
2333
2388
2458
2483
2503
2634
2882
2894
2898
3215
3410
3595
3600
3779
3959
4088
4229
4820
5179
5454
5541
5887
6269
6312
6357
6641
6882
7101
7203
7312
7390
7468
7495
7498
7581
7661
7790
7830
8120
1686
1818
1958
2092
2303
2535
2738
3020
3509
3700
3799
3819
4082
4181
4200
4414
4426
5037
5235
5316
5321
5335
5478
6000
6063
6250
6844
6955
7231
7350
7775
7785
1563
1875
2087
2140
2383
2646
2677
3120
3433
3495
3840
4309
4542
4560
4766
5252
5343
5364
6284
6475
6603
6890
7048
7214
7215
7435
7687
7792
7963
7966
1806
2054
2064
2086
2089
2176
2422
2459
2514
2595
3126
3534
3899
4159
4169
4265
4364
4447
4670
4962
5561
5567
6002
6098
6292
6462
6509
6797
6845
7118
7172
7419
7437
7654
7736
7854
7930
1501
1638
1756
1764
1860
1891
2023
2145
2234
2865
3075
3335
3366
3424
3547
3568
3789
3917
4029
4057
4356
4390
4530
4637
5205
5246
5452
5577
5595
5729
6132
6166
6382
6410
6848
6936
7466
7598
7671
7737
7757
7864
1568
1592
1777
1778
1793
2019
2035
2538
3289
3654
3764
3970
4155
4168
4378
4640
5104
5401
5544
6036
6084
6767
7251
7260
7500
7695
7713
7818
7897
7971
1445
1542
1739
1904
1982
2274
2345
2485
3498
3656
4014
4019
4035
4273
4393
4397
4874
5014
5074
5241
5311
5853
5922
6318
6776
7038
7197
7305
7379
7385
7461
7867
1619
1729
1936
2048
2076
2153
2247
2843
2880
2896
3122
3228
3660
3745
3848
3979
4083
4194
4248
4436
4767
4858
4896
5355
6117
6180
6536
6668
6727
7005
7256
7400
7522
7568
7668
7705
7720
7951
1604
1852
2029
2118
2171
2213
2402
2663
3406
3524
3557
3711
3747
3953
3980
4315
4317
4341
5626
5832
6122
6461
6864
7367
7683
7857
7937
8060
1668
1696
1886
2179
2264
2733
2972
3314
3445
3481
3507
3533
3688
3839
4096
4504
4663
5520
5549
6326
6489
6542
6720
6814
7099
7179
7269
7578
7619
7858
7975
7981
1449
1684
1812
1856
1914
1976
2083
2157
2207
2253
2304
2565
2901
3258
3367
3456
3528
3910
4133
4173
4705
5263
5869
5888
6044
6615
6941
7340
7513
7795
7823
8005
8051
8093
1474
1516
1534
1665
1903
2008
2391
2656
3181
3734
3843
3861
4127
4287
4349
4518
4557
4899
6042
6134
6303
6333
6469
6681
6818
6913
6962
7432
7529
7644
7776
8002
8173
1274
1424
1656
1662
1677
1692
1999
2154
2223
2318
2484
2679
2749
2751
3053
3147
3212
3245
3662
3665
3806
3850
4550
4697
4699
5405
5976
6183
6749
6756
7009
7015
7129
7599
7802
7953
8035
1498
1652
1695
2080
2338
2348
3986
4025
4994
5033
5691
6196
6351
6800
6905
6933
7318
7404
7571
7898
1930
1940
2198
2343
2404
2547
2761
3216
3284
3321
3326
3902
4141
4377
4379
5171
5305
6111
6563
6571
6621
6753
7539
7596
7639
7883
7914
7938
8167
1573
1614
1823
1854
1858
2101
2259
2498
2633
2676
2724
2789
3305
3418
3616
3754
3807
4510
4689
5046
5535
5959
5977
6463
6559
6701
7548
7632
7710
1623
1672
1728
1828
2508
2765
3085
3230
3577
3759
3880
3886
4452
4559
4933
6107
6261
6340
6634
7217
7408
7559
7630
7958
2015
2162
2334
2956
3179
3278
3389
3661
3725
4009
5073
5528
5704
6300
7089
7303
7345
7357
7374
7433
7753
7767
7788
7927
7928
8031
1540
1815
1931
1986
2165
2386
2532
2560
2883
2988
3259
3350
3633
3674
3783
4873
5034
5457
6900
7109
7288
7363
7430
7573
7916
7944
7945
7986
8141
8178
1491
1667
1697
1720
1771
1869
1905
1972
2309
2314
2321
2590
2793
3104
3339
3566
3918
4290
4483
4535
4906
4925
5385
6039
6186
6535
7061
7648
7774
7817
7961
1693
2061
2117
2146
2329
2392
2557
3022
3352
3484
3511
3584
3624
3646
3866
4150
4212
5554
6997
7356
7551
7628
7743
1536
1691
1716
1736
1803
1819
1910
2020
2210
2308
2686
2920
3296
4690
5303
6013
6659
6717
6770
6870
7208
7535
8041
8091
8285
1417
1800
2050
2847
3028
3110
3328
4010
4118
4497
4500
4611
6918
7246
7383
7567
7697
8138
8294
1352
1595
2249
2405
2430
3054
3243
3559
3625
3768
3782
4073
4476
4786
4869
5109
5130
5954
7110
7122
7417
7662
7997
8023
8072
8098
1458
1545
1565
1591
1708
1789
1953
2546
2639
2759
3000
3275
3396
3638
4268
4335
5243
5663
5802
7436
7605
7726
2431
2494
2697
2737
2861
3290
3317
3393
3458
3706
4064
4075
4601
5403
5474
5582
5714
7113
7135
7438
7985
8054
8110
8115
1959
2098
2206
3639
3744
3813
4251
4352
4389
4715
5190
5955
7398
7422
7719
7728
7787
7789
7861
7877
8143
1480
1626
1794
1988
2053
2754
2903
3150
3516
3961
4219
4516
4838
5598
6301
6398
6759
6821
7150
7525
7638
7780
8000
1405
1450
1556
1757
2410
2414
2602
2657
2745
2748
3136
3200
3333
3417
3462
3672
4176
4681
5639
5998
7414
7491
7717
7935
7970
8011
1410
2010
2320
2461
3056
3521
3719
4151
4877
5061
6645
7405
7428
1730
1814
1820
1830
1831
1952
2479
2653
2977
3008
3100
3229
4128
4157
4174
4581
4739
5871
6051
6310
6646
6910
7042
7072
7283
7333
7634
1335
1455
1457
1464
1640
1643
1725
1809
2111
2566
2769
3471
3610
3941
4872
5193
5498
6416
7004
7402
7562
7810
7863
7947
7988
1380
1475
1508
1636
1680
1992
2041
2255
2796
3297
3324
3592
3675
3738
4729
6067
6666
6707
7592
7885
7895
7910
8047
1440
1503
1513
1632
1734
1864
1888
2143
2342
2467
2872
2889
2984
3081
3554
3778
3847
4143
4167
4193
4316
4346
5221
5377
6916
7625
7932
8040
8283
1518
1670
1868
1957
2007
2332
2470
2506
2623
2766
3025
3330
3380
3386
3824
3955
3957
4883
5196
6452
7241
7550
7553
8319
1311
1995
2085
2513
2702
2779
3103
3411
3772
3808
4076
4574
4627
5930
6375
6406
6685
6939
7386
7994
1393
1416
1473
1715
1970
2121
2170
2668
3057
3257
3519
4121
4753
5500
5870
6126
6299
6670
7761
7873
8025
1309
1726
2713
2750
3135
3155
3504
3526
4081
4450
5432
5819
7372
7494
7884
7923
8086
8181
1529
1557
1698
1880
1906
2016
2172
2518
2799
2925
3425
3485
3634
3746
3858
5513
5720
5803
6824
7137
7684
7925
1355
1394
1454
1478
2995
4517
6899
7080
7570
7768
7852
8046
8082
8183
8339
1295
1436
1687
2037
2115
2743
2881
4022
4080
4635
4875
4964
5007
6866
7117
7119
7853
8137
1229
1271
1549
1745
1933
2316
2511
3088
3525
4680
5009
6046
7640
7650
7855
7881
2204
2251
2339
2840
2849
3922
6053
6160
7254
7382
7427
8198
1134
1594
2077
2144
2661
2931
3222
3449
3490
3571
4166
4308
4566
4894
6738
6993
7123
8044
1381
1423
1822
2231
2417
2871
3091
3145
3164
3615
3697
4066
5072
5097
5178
6373
6636
6788
6970
7100
7442
7452
7839
1832
2801
3093
3247
3274
4278
4454
7593
7675
7809
1218
1415
1429
2534
3377
4859
5016
5198
5827
7035
7155
8100
8113
1530
1543
2123
2385
4205
6768
8213
8239
1646
1669
2132
2134
2168
2811
3018
3194
3329
3405
3494
3593
4711
4798
5131
6289
7079
8095
8130
1367
1419
3016
3748
3975
4570
5778
6919
7879
7992
1390
1735
2340
2587
2673
2688
2790
3750
3838
4125
4549
4832
6434
6737
6969
7020
7813
7851
8096
8266
1330
1517
1799
2164
2572
2826
3223
3844
4006
4434
4443
6040
6784
6965
1446
2421
2948
3205
3573
4085
5264
5816
6314
7711
1578
1840
2169
2755
3003
4327
4561
4804
4819
6734
6908
6953
7078
7161
7360
7411
7868
7968
8123
8140
8165
1242
1373
1634
1690
2277
2788
2841
2981
3714
3968
6028
7608
8036
2771
2975
3079
3102
3467
3640
3794
3966
4354
4506
4508
6983
7040
7586
7804
8042
8150
8202
8331
8373
1447
2047
2452
2499
3038
3139
3413
3735
4195
4383
5898
6492
6726
6801
6938
7163
2367
2406
2960
3347
3877
4204
7763
1261
1603
2803
3023
3693
3792
5578
6898
7153
1379
1599
1938
2237
2315
3402
4172
4765
6493
7470
7515
7826
8014
8121
8136
1306
1342
1521
2155
2589
3095
3769
4299
5636
7869
7977
1364
1482
1628
1717
2400
2763
3648
5751
7003
2611
2827
4444
4624
5623
6925
6996
7227
7933
8083
8087
1336
2403
2450
2533
2996
3364
4249
7463
7982
2735
2914
3174
4539
6174
6519
7475
8230
1365
1453
2324
2965
3348
3353
3800
4065
5945
6337
6735
7693
7765
8168
8270
1998
2722
2746
4976
6187
7579
8055
8406
1260
2854
4573
5463
5538
7178
8177
1621
2189
3240
4236
6279
7734
7998
8118
1201
1333
1762
2464
2739
2856
2934
3384
5390
6760
6879
7786
1207
2005
2120
3208
3288
3730
6834
7315
2465
3285
4811
4992
7477
8210
1389
2001
2941
4554
6034
7666
8078
3298
3443
3448
3588
6812
7188
7397
7983
1372
1406
2256
3165
3641
3755
3874
4054
4070
4571
5212
8037
8172
2409
3004
4478
6546
6746
1348
2100
3579
4001
4314
4850
5952
7748
7876
8058
8125
2226
3121
3972
8399
1392
1522
2293
4475
7607
8103
1579
1755
2295
2691
3712
7250
7979
2605
2718
3293
3421
3611
3617
7487
8243
8311
1707
1742
2328
4104
5932
5944
6415
6841
7618
7900
1123
4952
5176
8303
1788
1887
2834
3140
3162
3539
4369
5768
5962
6412
2787
3261
3677
4347
6288
7425
8157
2682
3029
3721
8008
8380
1282
1978
2516
3496
4045
6684
6783
6874
8049
8200
8222
8257
1340
1494
2662
2715
2775
6192
6361
1244
2243
3267
7496
8291
1247
1361
1711
2201
3926
7069
2296
2395
2580
2729
3442
4305
5939
6264
6513
6544
6755
1769
2672
3612
4171
4622
8144
1245
1544
1547
2219
2707
7575
8196
8281
1273
3132
3327
4544
5693
7800
8235
1853
2331
2544
2631
2685
3254
3726
3987
2012
3195
3303
4027
7219
7441
7670
8048
1694
2252
3678
4048
7778
7902
8161
1223
1872
3857
4039
6673
7600
8084
8133
1941
2625
2640
3532
7629
8421
1324
3291
5079
6225
8377
1956
7557
8195
2554
3814
4071
7828
1555
1560
2382
1826
4334
6739
7957
8290
8344
8366
4068
4152
6001
7349
8232
2412
3882
8327
1369
4047
6960
1550
2362
6705
6881
7912
1637
2159
2628
2712
3399
6656
7940
1422
1624
1710
1850
5744
7068
1588
2408
6532
6843
7819
8428
1890
6296
1120
4216
8068
8124
3127
4226
8313
3113
3564
3708
3969
7824
3337
6835
7924
2906
3729
7092
8430
3401
4242
6047
7547
7610
7725
3185
3282
4041
4052
6662
8297
8593
1082
1546
7169
8516
1136
2781
2924
2205
8403
1499
4337
7878
8220
1358
2151
7457
8300
1922
8314
1618
3669
1129
1368
3489
5824
7978
8191
1558
1610
2175
7348
6252
6976
1186
1465
1649
6987
7387
2268
4674
8231
8720
1620
7941
1191
7259
7956
1432
2747
5830
7304
7915
1154
1234
1661
8148
8207
8370
1537
3138
3146
3394
1884
6950
4252
1378
3816
8398
1490
1993
4416
5358
7663
1586
8201
1843
1951
7066
3334
4685
8112
3169
6185
1181
2604
4018
8272
8408
1312
6632
7011
7905
2306
2943
1520
4591
5471
8212
1237
6678
1296
8514
1326
4007
4163
7665
2236
3853
7486
8400
2577
4040
8440
2381
3560
4921
7532
2874
5017
2269
6380
8543
7821
1214
2401
2726
6081
1235
3404
2335
8617
2220
7590
8450
1902
3206
1481
1401
1660
3614
5145
6610
1232
2612
1502
1225
2137
3040
3831
1320
4108
1456
1208
3151
5342
1339
8184
4413
8473
1255
1204
1266
8308
8416
7501
4422
1298
8252
1987
2463
2173
1709
1791
4147
8188
6880
7612
4289
1308
1220
