552
258
578
736
504
627
531
433
545
738
674
721
766
179
264
598
670
233
391
668
672
719
256
289
490
722
726
237
321
351
415
492
620
360
381
457
615
795
249
393
439
569
587
600
628
642
302
343
447
558
665
836
533
341
240
242
454
573
403
619
626
386
437
469
500
280
419
678
423
438
464
566
586
740
209
597
798
284
299
542
590
609
690
693
783
285
398
498
673
695
376
850
435
479
608
867
357
383
405
595
778
234
495
506
618
646
791
400
425
431
503
727
729
323
472
731
72
170
269
432
448
480
633
246
266
372
388
460
580
803
108
318
331
340
411
468
701
761
122
324
392
444
477
493
634
697
818
206
243
298
344
442
520
560
370
481
652
653
703
707
295
397
402
421
422
513
515
658
769
871
165
181
406
458
630
734
245
253
359
369
371
378
430
471
517
519
526
546
551
554
675
712
743
824
825
142
396
410
426
532
553
596
624
650
756
776
870
202
212
459
548
666
748
229
293
306
325
539
676
728
104
427
708
714
765
88
147
297
346
563
606
629
644
659
725
216
260
275
300
315
536
281
348
412
443
485
497
507
509
514
530
631
109
131
191
226
259
292
373
445
511
534
544
571
638
863
186
283
322
347
505
547
184
222
585
661
759
801
417
491
496
623
752
328
483
537
621
715
786
806
54
276
309
326
428
648
749
811
55
129
277
310
319
334
349
463
476
594
694
704
846
887
255
353
355
404
576
616
671
750
841
455
522
541
613
684
718
820
200
205
241
254
296
308
363
745
829
177
218
311
312
314
361
380
467
486
635
685
847
215
232
478
543
698
794
57
193
213
250
272
450
617
760
799
802
188
190
220
282
499
622
819
117
198
320
335
474
688
86
164
244
379
535
591
601
643
680
711
924
219
394
465
502
579
640
660
669
696
408
413
424
508
612
687
817
873
70
99
118
221
294
446
588
751
837
178
271
377
387
603
637
705
724
757
774
126
137
173
235
267
441
461
567
575
112
114
145
354
390
605
732
777
884
87
111
199
356
436
473
556
583
852
895
65
559
656
859
90
223
610
780
858
171
278
538
815
892
116
130
146
152
333
362
452
969
97
151
337
562
568
831
864
217
316
329
368
382
494
593
689
716
878
268
501
155
466
555
647
848
73
115
150
162
169
227
307
516
160
210
225
332
581
833
140
274
700
134
138
290
301
742
805
832
157
352
385
401
691
692
814
822
861
163
364
384
785
63
204
625
106
682
855
876
943
128
174
236
389
561
773
182
238
303
737
747
27
83
80
161
175
189
262
265
273
330
842
19
76
183
263
350
636
512
823
857
908
105
475
510
775
800
882
931
257
287
34
211
657
2
52
121
313
429
482
564
790
888
922
196
772
788
827
865
982
133
730
32
94
172
753
853
919
67
176
69
79
339
839
854
881
929
92
194
907
912
100
709
792
872
5
247
523
812
923
928
935
71
407
148
153
252
270
488
550
851
886
192
230
434
456
874
21
156
540
898
914
25
61
110
208
338
527
762
843
896
201
487
651
956
416
449
763
903
906
3
98
304
717
720
834
85
144
529
845
784
143
166
868
915
84
197
107
702
810
592
699
917
979
50
58
866
136
141
168
862
139
167
95
934
103
125
577
885
33
489
900
925
528
574
649
826
936
787
796
860
899
365
894
744
962
409
840
228
589
955
261
462
807
951
11
835
932
828
994
893
62
869
414
549
844
972
214
28
56
453
809
948
954
135
679
158
47
584
804
29
149
662
988
944
918
45
883
958
966
920
947
963
420
938
767
24
910
51
960
890
664
942
451
926
991
953
965
904
655
0
984
524
124
22
961
582
901
602
779
342
1
10
23
916
959
607
976
891
880
39
36
8
37
60
101
119
998
41
16
395
741
14
484
286
68
902
336
7
789
49
46
978
968
838
93
677
808
983
957
992
375
641
53
999
997
987
35
42
793
981
305
971
639
159
713
952
995
367
768
132
315
756
973
81
967
718
323
403
927
570
941
447
635
734
374
464
533
460
539
674
659
513
611
480
771
765
736
399
425
393
370
547
696
510
344
177
289
468
766
295
559
224
436
450
591
599
349
489
314
102
565
749
780
251
402
847
856
745
541
783
569
820
142
273
720
410
634
373
170
722
802
555
302
391
646
777
642
975
173
212
416
285
499
322
624
667
713
187
362
352
400
557
554
287
597
350
603
615
523
511
204
