317
320
343
374
402
485
115
175
215
282
293
302
324
325
327
350
360
384
387
394
396
397
444
446
487
540
550
686
713
118
122
132
133
134
163
192
260
306
309
310
313
314
322
323
331
333
342
346
353
362
365
368
370
380
382
389
398
399
401
407
413
420
423
430
432
435
449
457
460
466
470
476
480
496
506
510
515
525
532
535
545
593
597
599
623
624
633
634
651
660
665
694
696
730
732
742
744
746
748
758
787
79
81
89
96
104
106
111
121
126
127
131
135
149
164
174
187
190
199
207
220
232
235
257
264
269
281
290
291
298
299
308
315
316
328
332
337
338
344
351
355
356
357
358
359
364
367
372
373
375
378
383
390
391
393
400
403
404
408
410
417
418
419
421
422
425
426
437
438
441
442
463
465
471
475
483
490
493
500
505
507
522
528
531
553
557
565
567
569
571
574
580
581
582
586
590
598
601
608
609
611
613
625
626
627
628
630
635
645
647
668
671
679
680
682
683
688
695
699
715
728
740
743
750
754
755
766
771
795
796
797
799
801
809
814
823
842
73
75
80
85
88
97
99
105
107
113
114
117
125
130
138
139
140
142
144
153
157
159
162
170
171
173
177
179
195
198
203
204
210
216
217
218
222
224
240
244
250
256
258
261
268
270
272
273
280
286
287
296
297
300
301
303
304
305
307
319
321
329
339
341
347
352
354
361
371
377
381
386
392
395
409
427
429
433
440
447
448
452
458
462
467
473
477
478
479
481
482
484
486
491
497
498
503
508
509
511
516
519
521
523
524
526
534
537
548
551
552
559
562
563
564
570
573
584
587
588
594
595
600
602
606
610
619
620
622
629
631
632
636
638
644
646
650
652
653
654
656
659
663
664
674
681
684
685
687
693
698
700
702
705
707
709
711
716
719
722
727
731
733
734
736
738
747
751
756
761
772
774
784
789
800
807
821
826
827
833
838
867
877
894
68
76
82
90
91
92
94
95
100
108
110
116
119
120
123
124
129
137
141
145
146
154
155
156
158
161
165
172
183
184
185
193
194
200
209
214
219
221
225
229
231
234
236
237
238
241
242
249
254
255
259
262
263
266
267
274
276
277
278
283
289
295
311
312
318
326
330
334
335
340
345
348
363
366
379
385
388
405
406
412
414
415
424
428
436
439
443
451
453
454
456
459
464
468
469
489
494
495
513
514
518
520
527
530
533
539
542
544
546
549
558
560
566
572
575
592
603
612
615
618
639
641
648
658
662
669
675
676
678
690
691
697
701
703
704
706
714
718
720
721
726
729
745
749
757
759
760
762
764
768
769
770
775
777
781
782
786
790
792
793
811
812
815
824
830
834
835
845
849
850
855
857
862
865
868
879
882
71
78
93
98
102
112
128
150
152
160
166
167
168
169
180
181
186
188
189
191
196
197
202
205
206
211
212
223
226
239
243
246
247
251
252
265
275
284
285
288
292
294
336
349
369
376
411
431
434
461
472
488
492
499
501
502
512
517
536
538
543
547
555
556
568
578
579
585
589
591
596
604
614
621
637
642
643
649
661
666
667
670
672
673
692
710
712
717
723
724
725
737
741
773
778
785
788
791
794
803
804
805
806
808
810
813
816
817
819
820
825
828
831
832
836
837
847
848
853
858
860
861
866
869
880
881
883
885
77
86
101
103
109
143
148
151
178
182
201
208
227
228
230
233
253
416
450
474
504
529
561
576
577
605
616
640
655
657
677
735
753
763
767
780
818
840
841
844
846
854
856
859
870
871
872
873
875
876
887
892
893
50
54
55
67
70
72
83
84
87
136
147
176
213
248
271
279
445
541
583
607
689
708
739
752
765
776
779
783
798
802
829
843
864
901
45
59
62
63
66
69
74
245
455
554
822
839
851
852
863
874
886
888
889
898
900
902
903
904
905
48
52
53
57
60
61
65
617
909
920
941
49
51
64
878
884
895
907
908
47
56
890
891
899
910
914
915
916
917
921
924
927
932
58
897
911
912
918
931
934
936
943
896
913
919
922
923
925
929
930
937
938
945
40
41
906
928
939
942
946
947
39
42
926
933
935
948
950
951
953
956
962
37
38
44
46
957
30
36
43
949
952
954
955
958
963
940
944
960
32
34
959
965
28
31
35
964
967
971
974
975
26
33
980
19
21
24
961
966
968
969
970
973
23
978
17
29
18
25
976
11
27
977
9
8
12
16
20
981
987
6
15
22
972
982
3
4
979
14
984
985
2
5
13
986
990
7
983
991
993
10
988
0
999
994
989
992
998
1
995
996
997
460
323
484
157
447
261
402
462
751
144
696
315
653
659
138
679
173
370
161
320
350
269
278
745
450
559
403
409
584
486
853
297
407
488
177
391
456
646
354
734
756
765
743
98
208
273
349
434
436
464
480
513
671
718
200
613
194
435
175
322
529
142
500
331
609
787
510
815
314
742
179
166
384
794
416
347
468
524
549
567
134
263
400
498
458
649
717
270
414
533
310
394
508
800
117
635
408
856
163
393
768
611
722
844
150
286
548
140
424
802
477
881
364
875
425
547
820
100
591
129
443
805
247
353
699
789
812
289
377
674
749
112
190
499
295
336
225
803
834
172
252
198
348
299
642
772
625
678
827
824
217
777
268
334
677
837
492
325
808
865
211
305
551
658
873
81
835
528
532
423
832
116
141
563
783
412
516
337
197
196
495
877
367
201
448
110
583
99
863
503
846
829
740
634
736
170
845
107
151
862
452
375
493
894
479
554
868
56
927
902
582
843
280
841
538
904
494
907
128
732
417
238
386
810
737
871
308
887
596
169
721
317
320
343
374
402
485
115
175
215
282
293
324
325
327
342
350
360
384
387
394
396
444
446
487
540
550
686
713
742
118
122
132
133
134
192
260
298
302
306
309
310
313
314
316
322
323
328
331
333
346
353
362
365
370
380
389
397
398
401
413
420
423
430
435
441
457
460
466
470
476
480
496
506
510
515
535
545
593
597
599
624
633
634
651
660
665
694
696
730
732
744
746
748
758
787
79
81
96
104
111
121
131
135
163
174
187
199
207
220
232
235
257
269
281
290
299
308
315
332
337
344
351
356
357
358
364
367
368
372
373
382
383
390
391
393
399
400
403
404
407
408
410
417
419
421
422
425
426
432
437
449
463
465
471
475
483
493
500
505
507
522
525
528
531
532
553
565
567
571
574
580
581
582
590
598
601
608
609
611
613
623
626
627
630
635
645
647
654
668
671
679
680
683
688
695
699
715
728
740
743
747
754
755
771
795
796
797
799
814
842
73
80
85
88
89
97
105
106
107
113
126
127
140
149
157
164
170
177
179
190
203
204
210
217
218
224
244
250
256
264
268
270
272
273
280
286
287
291
301
304
305
307
319
321
329
338
339
341
347
352
354
355
359
361
375
377
378
381
386
392
395
409
418
427
429
438
440
442
448
458
462
467
477
478
479
481
482
484
486
490
491
498
503
509
511
516
521
523
524
534
537
551
552
557
559
562
563
564
569
570
573
584
586
587
588
595
600
606
610
619
620
625
628
629
636
638
646
652
653
656
663
681
682
687
693
702
707
711
716
719
733
734
736
738
750
751
761
766
772
784
789
800
801
809
821
823
827
833
838
877
68
75
76
90
91
94
95
99
100
108
114
116
117
120
125
130
137
138
139
142
144
145
153
159
162
171
172
173
183
184
185
193
195
198
200
214
216
221
222
225
229
236
237
240
241
242
255
258
259
261
263
274
277
283
285
295
296
297
300
303
311
312
318
326
330
335
340
348
366
371
385
388
406
412
414
415
424
428
433
436
439
443
447
452
453
459
464
468
469
473
489
494
495
497
508
513
518
519
526
527
533
542
548
549
560
566
572
592
594
602
603
615
618
622
631
632
639
641
644
648
650
658
659
664
669
674
675
676
678
684
685
690
691
698
700
703
704
705
709
714
720
721
722
726
727
729
731
749
756
759
764
768
769
770
774
775
781
782
790
793
807
811
812
826
835
845
849
857
862
865
867
882
894
71
78
82
92
93
102
110
119
123
124
128
129
141
146
150
154
155
156
158
160
161
166
168
169
181
188
191
194
197
202
205
206
209
211
212
219
223
226
231
234
238
239
243
246
249
252
254
262
265
266
267
276
278
284
288
289
334
336
345
349
363
376
379
405
411
451
454
456
492
499
502
512
514
517
520
530
538
539
543
544
546
547
555
556
558
568
575
579
596
612
614
637
642
649
661
662
697
701
706
710
717
718
724
725
745
757
760
762
773
777
785
786
788
792
794
803
804
805
806
808
810
815
816
817
819
820
824
828
830
831
834
847
850
853
855
858
861
866
868
879
881
883
77
86
98
109
112
148
152
165
167
180
186
189
196
208
233
247
251
275
292
294
369
431
434
450
461
472
488
501
504
529
536
561
576
577
578
585
589
591
604
616
621
643
657
666
667
670
672
673
692
712
723
737
741
753
763
778
780
791
813
818
825
832
836
837
840
841
844
846
848
860
869
870
872
880
885
893
50
55
67
70
72
83
101
103
143
147
151
178
182
201
213
227
228
230
253
279
416
474
605
607
640
655
677
689
735
739
752
767
779
854
856
859
871
873
875
876
887
892
45
54
63
66
69
74
84
87
136
176
248
271
445
541
554
583
708
765
776
783
798
802
822
829
843
864
901
48
53
59
60
61
62
839
851
852
863
886
888
889
898
900
902
903
904
905
52
57
65
245
455
874
909
920
941
49
51
617
878
884
895
908
47
56
64
890
899
907
910
915
917
921
924
927
58
891
897
911
912
914
916
918
931
932
934
943
896
913
919
925
929
930
936
945
922
923
937
938
939
39
40
41
42
906
928
942
946
947
962
37
46
926
933
935
948
950
951
953
956
957
38
44
955
30
43
949
952
958
36
940
944
954
960
963
32
34
965
28
959
31
35
974
964
967
971
975
26
33
980
19
21
23
24
961
968
969
973
17
966
970
978
29
976
18
25
27
9
11
977
12
16
987
8
15
981
20
22
972
982
4
6
3
14
979
984
2
5
985
13
986
990
993
10
983
988
991
7
0
994
999
989
992
998
1
996
995
997
323
460
157
261
484
447
144
173
278
161
315
462
138
659
350
402
320
370
751
269
559
450
653
679
696
208
745
297
584
409
177
403
456
391
407
646
853
194
765
200
354
434
486
488
743
273
349
513
98
436
734
464
613
718
756
480
671
416
529
510
142
166
435
524
314
347
500
609
175
263
549
567
179
547
717
468
794
270
533
322
400
377
635
642
611
742
289
649
815
508
252
384
458
310
331
353
414
134
394
498
548
425
443
336
225
408
787
268
424
286
625
802
217
674
591
800
150
348
677
211
129
364
412
699
117
856
198
492
247
722
768
197
499
563
678
325
749
305
172
820
393
789
805
844
658
334
299
112
477
495
881
196
295
875
100
808
163
812
777
516
772
532
479
554
140
837
81
201
116
141
835
582
551
170
865
337
736
834
280
538
824
803
783
452
503
494
151
375
367
423
740
829
528
873
448
832
493
827
732
575
661
720
110
863
634
99
845
343
374
402
485
175
215
282
302
317
320
322
324
325
327
342
350
360
384
394
398
430
444
446
470
540
550
115
118
132
134
207
260
281
293
298
309
310
313
314
316
323
331
344
356
362
365
368
370
380
387
389
393
396
397
401
407
413
417
423
435
441
457
460
466
476
480
487
506
510
515
522
528
532
545
634
651
686
696
713
742
744
746
758
787
104
106
121
122
131
133
135
157
163
164
174
187
190
192
193
199
220
224
235
257
269
273
286
290
299
304
306
308
315
328
329
332
333
337
338
346
351
353
355
357
364
367
373
378
381
382
383
386
390
391
395
399
400
403
408
410
418
419
420
421
422
425
426
432
437
440
448
449
458
465
471
475
477
483
486
490
491
493
496
498
500
503
505
507
525
531
535
551
553
557
562
565
567
569
573
574
581
587
593
597
598
599
601
608
609
613
619
624
626
630
633
635
645
660
665
668
671
680
694
699
730
732
748
754
755
766
771
799
821
823
838
842
877
73
79
80
81
85
88
89
96
105
107
111
113
126
127
137
140
149
159
162
170
177
179
183
195
198
203
204
210
214
216
217
218
222
232
234
240
244
250
256
264
268
270
272
277
280
283
287
291
295
297
300
301
303
305
307
311
318
321
330
335
339
341
345
347
348
352
354
358
359
361
363
372
375
392
404
409
427
429
438
442
447
453
456
462
463
467
469
478
482
484
489
509
511
513
516
519
521
523
524
526
534
537
559
564
570
571
580
582
586
588
590
595
600
602
606
611
623
625
627
628
629
636
638
647
652
654
679
681
683
687
688
695
707
715
719
722
740
743
747
750
756
772
795
796
797
800
801
809
814
827
867
894
68
75
76
94
97
99
114
116
117
120
125
130
138
139
142
144
145
146
153
160
161
168
169
172
173
184
185
194
200
209
219
221
223
229
231
236
237
238
241
242
254
255
258
259
261
262
263
266
267
274
276
285
294
296
312
319
326
334
340
366
371
376
377
379
385
388
405
406
412
414
415
424
428
433
436
439
443
451
452
454
459
464
468
473
479
481
494
495
497
499
508
512
514
518
520
527
530
533
538
542
544
546
548
549
552
555
558
560
563
566
572
584
592
594
603
610
612
615
620
622
631
632
639
641
644
646
648
653
656
658
659
663
664
674
675
682
684
691
693
698
700
702
703
704
705
709
711
714
716
727
728
729
731
733
734
736
738
751
759
761
764
768
769
774
782
784
786
789
790
792
793
804
807
811
812
815
826
833
834
849
855
857
868
882
71
78
82
86
90
91
92
95
98
100
102
108
110
119
124
128
129
141
150
152
154
155
156
158
165
166
167
171
180
181
188
191
197
202
205
206
211
212
225
226
230
239
243
246
247
249
251
252
265
278
284
288
289
292
336
349
369
411
431
434
461
472
488
492
501
502
504
517
536
539
543
547
568
578
579
589
591
596
618
637
649
650
662
669
676
678
685
690
697
706
710
717
718
720
721
724
725
726
741
745
749
757
762
770
775
777
778
780
781
788
791
803
806
810
816
817
819
820
824
828
830
832
835
841
845
847
850
853
858
861
862
865
866
872
879
881
883
77
93
103
109
112
123
147
148
182
186
189
196
201
208
213
227
228
233
253
275
279
450
474
529
556
561
575
576
577
583
585
604
605
607
614
616
621
642
643
657
661
667
670
672
673
692
701
712
723
760
763
773
779
785
794
805
808
813
818
825
831
836
837
840
844
846
848
854
859
860
869
870
873
875
880
885
892
45
50
54
66
67
69
70
143
151
176
178
248
271
416
445
541
655
666
677
735
737
739
752
753
765
767
783
851
856
864
871
876
887
893
901
55
59
61
63
72
74
83
84
87
101
136
455
554
640
689
708
776
798
802
822
829
839
843
863
874
889
898
900
903
920
941
48
52
53
57
60
62
65
245
852
886
888
902
904
905
617
878
884
895
908
909
47
49
51
899
907
910
912
915
917
918
921
924
56
64
890
891
897
911
913
914
916
932
934
936
943
58
927
930
931
945
40
896
906
919
922
923
925
929
947
38
41
42
937
938
939
942
948
956
39
46
926
928
933
935
946
950
951
37
44
952
953
954
962
30
43
949
955
957
960
32
36
940
944
958
963
34
959
965
28
31
35
964
967
971
974
975
26
969
973
17
19
21
23
24
33
968
980
961
966
970
978
18
29
976
11
25
27
16
977
987
9
12
15
20
22
4
6
8
972
982
981
14
2
3
979
984
985
5
986
990
10
13
983
988
7
991
993
0
994
999
1
989
998
996
992
995
997
460
157
447
323
161
173
462
484
144
261
138
315
659
278
559
751
320
370
402
350
653
696
177
745
450
194
208
269
679
409
456
584
200
407
765
98
486
853
434
297
273
646
488
756
743
391
436
513
403
734
510
613
354
142
166
349
671
464
718
480
175
529
179
815
117
794
609
717
524
134
263
435
742
642
533
416
635
394
548
881
112
856
567
547
129
611
820
347
402
487
302
317
322
324
327
331
343
457
460
485
540
545
550
686
175
187
215
235
269
293
306
310
313
314
320
323
325
350
360
365
374
380
384
387
389
394
397
398
403
419
430
435
441
444
446
466
470
471
476
496
500
507
515
522
531
535
553
581
593
597
608
613
624
633
645
651
660
665
668
696
713
730
742
744
746
748
758
787
190
220
240
257
260
280
281
282
290
298
301
309
316
328
329
333
337
338
342
344
346
353
354
356
357
367
370
373
377
381
382
383
390
391
396
399
400
401
407
410
413
417
422
423
442
448
449
465
475
478
480
484
486
490
493
505
506
510
525
528
532
534
551
557
565
567
573
574
580
584
590
598
599
600
609
623
627
630
634
635
647
652
653
658
671
679
680
683
694
719
728
732
743
747
755
115
118
132
133
134
163
170
174
192
195
199
203
207
210
224
232
236
258
264
267
268
270
273
277
286
287
291
297
299
303
305
307
308
315
319
321
332
339
340
341
347
351
352
355
358
361
362
364
368
372
375
386
395
404
408
414
418
420
421
425
426
429
432
437
438
439
458
463
464
467
468
473
477
479
481
482
483
491
494
495
497
498
503
509
523
524
537
542
549
552
559
562
563
564
566
569
571
582
586
587
588
594
595
601
602
606
611
619
620
622
625
626
628
629
632
638
646
654
681
682
684
687
688
690
695
699
702
703
709
711
715
716
722
726
734
736
740
751
754
761
766
771
774
781
799
800
809
814
121
122
126
127
131
135
157
159
164
171
177
179
183
188
191
193
198
204
214
216
217
218
222
229
238
242
244
250
254
255
256
261
262
265
272
274
276
283
285
289
294
295
304
312
326
330
334
335
345
359
366
371
376
378
379
385
392
393
409
415
424
427
428
433
436
440
443
447
451
452
453
454
456
459
462
472
489
511
512
513
516
517
518
519
520
521
526
527
530
533
538
539
543
544
548
555
556
560
570
572
578
596
610
612
615
618
631
636
637
639
641
644
648
649
656
659
661
663
664
669
674
675
676
678
685
691
693
698
705
706
707
714
720
727
729
731
733
738
749
750
756
757
759
763
764
769
770
772
782
784
789
790
795
797
801
807
833
842
79
81
96
97
105
107
111
113
125
137
138
139
140
142
144
145
149
153
156
158
162
169
173
184
185
200
202
205
206
209
211
212
219
225
226
234
237
239
241
243
246
247
249
251
252
253
259
263
266
275
278
284
288
296
300
311
318
336
348
349
363
369
405
406
411
412
431
434
450
461
469
488
492
499
502
504
508
514
529
541
546
547
558
561
575
577
579
589
591
592
603
604
614
616
621
643
650
662
670
677
692
697
700
704
718
721
724
725
735
745
753
760
762
768
773
775
780
785
786
793
796
804
810
811
812
816
821
823
826
827
828
834
838
845
849
73
80
85
88
89
94
99
100
104
106
114
116
117
119
129
130
141
152
154
155
160
161
166
167
168
172
180
181
186
189
194
196
197
208
213
221
223
228
231
292
388
416
445
474
501
536
568
576
585
605
642
667
672
673
689
701
710
712
717
723
737
741
777
778
788
791
792
794
803
805
806
808
813
815
817
824
830
835
837
847
853
855
857
861
865
867
877
68
75
76
90
91
92
95
98
102
108
120
123
124
128
143
146
147
148
150
165
178
182
201
227
230
233
271
279
455
554
583
607
640
655
657
666
752
767
776
783
818
819
820
825
831
832
836
840
841
844
846
848
850
858
862
866
879
882
894
78
82
93
103
109
110
112
151
176
248
708
739
765
779
798
802
822
829
856
868
869
872
880
881
883
885
892
71
77
86
101
136
245
617
839
843
854
859
860
870
871
873
875
876
50
67
69
70
72
74
83
851
863
864
887
893
66
84
87
852
888
889
898
900
901
45
52
54
55
61
63
65
874
884
886
903
904
905
920
48
53
57
59
60
878
902
941
51
62
64
890
895
908
909
47
49
56
891
899
910
912
915
917
924
934
58
897
907
911
916
919
921
925
927
931
932
896
913
914
918
929
943
945
40
906
922
923
930
936
937
928
938
939
942
946
947
39
42
44
926
933
935
948
950
951
962
37
41
43
46
955
956
38
949
953
957
30
36
952
954
958
34
940
960
963
32
944
965
28
959
31
35
26
964
969
971
974
975
21
24
33
967
973
980
19
23
961
968
970
17
29
966
978
25
976
18
27
9
16
977
11
12
15
20
6
8
22
3
981
987
972
982
4
5
979
2
13
14
985
984
986
991
993
10
983
990
988
0
7
989
992
994
999
1
998
996
995
997
460
323
484
447
157
261
462
173
161
278
315
144
659
402
350
751
269
559
138
370
653
450
679
320
696
745
584
208
177
409
646
297
456
486
391
434
354
407
488
403
194
436
743
200
513
765
464
510
613
273
529
349
480
734
671
756
853
98
524
718
416
609
166
547
567
263
642
142
435
533
635
717
347
175
611
548
794
179
742
549
400
270
468
314
500
508
394
377
649
458
322
425
815
310
414
498
699
674
134
443
289
353
384
408
225
117
625
129
412
286
197
252
424
268
802
393
343
175
317
320
374
384
402
485
787
115
132
133
215
282
293
298
302
313
322
323
324
325
327
331
342
350
360
365
380
387
394
396
397
398
430
435
444
446
466
470
540
545
550
686
713
742
746
758
821
867
877
73
81
85
89
96
97
104
106
118
122
127
131
134
135
163
192
220
260
281
306
309
310
314
316
328
332
333
344
346
353
356
362
368
370
382
389
393
401
403
407
413
417
420
422
423
441
457
460
471
476
480
487
493
496
500
506
510
515
522
525
532
535
553
593
597
599
633
634
645
651
665
694
696
730
732
744
755
771
796
797
799
814
823
838
842
882
894
68
79
80
88
99
105
107
111
113
116
121
138
139
140
142
157
164
170
174
179
187
190
193
199
203
207
224
232
235
256
257
269
273
286
287
290
291
297
299
301
304
305
307
308
315
329
337
338
339
341
347
351
352
354
355
357
358
364
367
372
373
375
378
381
383
386
390
391
392
395
399
400
404
408
409
410
418
419
421
425
426
432
437
438
440
442
448
449
458
462
463
465
475
477
483
486
490
491
498
503
505
507
528
531
534
551
557
562
565
567
569
571
573
574
581
587
590
598
601
606
608
609
613
619
623
624
626
627
628
630
632
635
647
660
668
671
679
680
681
683
687
688
695
699
707
715
719
728
734
740
743
747
748
750
754
766
772
784
795
800
801
809
811
812
827
833
834
849
850
855
857
861
862
865
866
868
879
881
883
885
71
75
76
78
82
90
91
92
94
95
100
102
108
114
117
120
125
126
137
144
145
146
149
159
162
169
172
173
177
183
195
198
200
204
210
214
216
217
218
222
240
242
244
250
258
261
264
268
270
272
277
280
283
296
300
303
311
312
318
319
321
326
330
334
335
340
345
348
359
361
363
371
385
414
424
427
429
433
436
439
443
447
452
453
456
467
468
469
473
478
479
481
482
484
489
497
508
509
511
513
516
519
521
523
524
526
537
548
552
559
560
563
564
566
570
580
582
584
586
588
592
594
595
600
602
603
610
611
620
622
625
629
631
636
638
639
644
646
652
653
654
656
658
663
664
674
682
684
693
700
702
703
704
705
711
714
716
722
727
729
731
733
736
738
749
751
756
757
759
761
764
768
769
774
775
782
786
790
792
793
804
805
806
807
810
815
819
824
826
828
830
835
837
840
841
845
847
853
858
870
872
875
880
893
50
77
86
93
98
109
110
119
123
124
128
129
130
141
148
152
153
154
156
158
160
161
166
168
171
181
184
185
194
205
209
211
219
221
223
225
229
231
234
236
237
238
241
246
247
254
255
259
262
263
265
266
267
274
276
278
284
285
289
295
336
349
366
376
377
379
388
405
406
412
415
428
451
454
459
464
488
494
495
499
502
512
514
517
518
520
527
530
533
536
538
542
544
546
549
555
572
589
596
612
615
618
641
648
650
659
662
675
676
678
685
690
691
697
698
701
706
709
710
717
718
721
724
725
726
745
760
762
770
773
777
780
781
785
788
789
791
803
808
813
816
817
818
820
831
832
836
848
856
859
860
869
871
873
876
887
892
898
901
920
45
54
55
59
67
69
70
72
103
112
143
150
155
165
167
180
186
188
189
191
197
201
202
206
212
226
230
239
243
249
251
252
275
288
292
294
369
411
431
434
461
472
492
501
504
539
543
547
556
558
568
575
578
579
591
614
637
643
649
661
669
670
672
712
720
735
741
763
767
778
794
825
844
846
854
863
864
874
886
889
902
903
941
48
52
53
60
62
63
66
74
83
84
87
101
136
147
151
178
182
196
208
213
227
228
233
253
279
416
445
450
474
529
541
561
576
577
583
585
604
605
607
616
621
642
655
657
666
667
673
677
692
723
737
739
752
753
765
776
779
783
798
802
829
843
851
852
888
895
900
904
905
907
908
909
57
61
65
176
248
271
554
640
689
708
822
839
878
884
899
912
914
915
917
921
932
51
245
455
890
891
897
910
913
916
918
922
924
931
934
47
49
56
64
617
911
919
927
929
930
936
943
945
58
896
906
923
925
937
939
40
928
935
938
942
946
947
948
956
962
42
926
933
950
951
957
960
38
39
41
46
949
954
955
958
30
37
44
940
944
952
953
34
36
43
959
963
965
32
964
28
31
967
971
974
975
973
980
26
33
35
961
968
969
23
24
966
970
17
19
21
978
976
29
977
987
9
18
20
22
25
27
972
12
15
16
982
11
981
6
4
8
14
979
2
3
984
985
986
13
983
988
990
991
5
7
993
10
994
998
999
0
989
992
996
1
995
997
460
447
157
323
144
484
173
161
462
138
261
659
402
278
315
751
653
269
370
559
350
450
177
696
320
679
853
297
407
456
745
98
208
194
584
403
486
409
391
434
488
436
646
756
273
513
743
765
200
354
613
671
464
142
480
349
734
510
435
718
175
314
529
179
416
500
524
166
347
549
263
609
815
384
400
794
270
635
322
468
742
547
567
414
458
134
377
117
364
533
548
425
498
310
331
717
649
787
499
642
394
268
611
150
408
424
881
211
353
443
252
286
129
289
508
112
225
412
477
768
844
172
393
492
190
197
856
699
722
800
802
789
217
247
591
674
678
100
295
625
348
163
196
305
820
140
198
336
563
325
532
677
749
516
875
299
658
812
834
141
551
772
805
116
334
201
528
835
495
367
423
777
554
81
808
865
582
837
479
803
337
280
448
452
824
783
493
832
538
827
873
503
596
634
151
170
736
110
927
494
575
740
236
99
829
238
732
846
502
583
662
128
375
579
56
863
107
386
843
246
877
720
455
737
845
404
661
410
721
277
429
555
757
205
862
308
615
894
437
902
904
169
229
184
340
373
321
810
841
869
601
287
95
752
188
189
781
627
868
343
175
317
320
327
350
374
394
402
446
485
115
132
215
282
293
302
322
323
324
325
331
342
360
365
384
387
396
397
423
430
444
466
470
487
515
540
545
550
597
651
686
696
713
730
732
742
744
748
758
787
118
122
133
134
163
187
192
260
281
298
306
309
310
313
314
316
328
333
346
351
353
356
357
362
368
370
380
382
389
398
399
401
403
407
410
413
417
420
435
441
449
457
460
476
480
496
506
510
525
532
535
553
565
567
574
581
593
598
599
601
609
613
623
624
633
634
645
660
665
668
683
694
699
743
746
754
771
814
73
79
80
81
85
89
96
104
106
111
113
121
126
127
131
135
157
164
174
190
199
207
220
232
235
257
264
269
290
291
299
305
308
315
329
332
337
338
339
344
347
354
355
358
359
364
367
372
373
375
378
383
390
391
393
395
400
404
408
418
419
421
422
425
426
432
437
438
442
463
465
471
475
477
483
486
490
491
493
498
500
505
507
522
528
531
534
551
557
562
569
571
573
580
582
586
587
590
600
606
608
611
619
625
626
627
628
630
635
636
647
652
654
671
679
680
681
682
687
688
695
715
728
740
747
750
755
766
795
796
797
799
801
809
821
823
838
842
88
97
105
107
114
125
130
138
139
140
142
145
149
153
159
162
170
171
173
177
179
195
198
203
204
210
216
217
218
222
224
240
244
250
256
258
268
270
272
273
280
286
287
297
301
303
304
307
312
319
321
330
341
352
361
371
377
381
386
392
409
427
429
433
440
448
452
458
462
467
473
478
479
481
482
484
497
503
509
511
516
519
521
523
524
526
537
548
552
559
563
564
566
570
584
588
594
595
602
610
620
622
629
632
638
644
646
650
653
656
658
659
663
664
674
684
685
690
691
693
698
700
702
703
704
705
707
709
711
714
716
719
722
727
731
733
734
736
738
751
756
759
761
764
772
774
775
784
789
790
800
807
826
827
833
849
867
877
68
75
76
90
91
92
94
95
99
100
108
116
117
119
120
129
137
141
144
154
156
158
161
172
183
184
185
193
200
209
214
219
221
225
229
231
234
236
237
238
241
242
249
255
259
261
262
263
266
267
274
276
277
278
283
285
289
295
296
300
311
318
326
334
335
340
345
348
363
366
385
388
406
412
414
415
424
428
436
439
443
447
451
453
454
456
459
464
468
469
489
494
495
508
513
514
518
520
527
530
533
542
544
549
555
558
560
572
592
603
612
615
618
631
639
641
648
669
675
676
678
701
706
717
720
721
725
726
729
745
749
757
760
762
768
769
770
777
781
782
786
792
793
804
811
812
815
828
830
834
835
845
847
850
855
857
862
865
868
879
882
894
71
78
82
93
98
102
110
123
124
128
146
150
152
155
160
165
166
168
169
180
181
188
191
194
197
202
205
206
211
212
223
226
239
243
246
247
251
252
254
265
275
284
288
292
336
349
369
376
379
405
411
461
488
492
499
501
502
512
517
536
538
539
543
546
547
556
568
575
578
579
585
589
596
604
614
621
637
642
643
649
661
662
667
670
672
673
692
697
710
718
723
724
737
741
773
778
785
788
791
794
803
805
806
808
810
813
816
817
819
820
824
831
837
848
853
858
861
866
869
880
881
883
885
50
77
86
103
109
112
143
148
167
186
189
196
201
208
228
233
253
294
431
434
450
472
474
504
529
561
576
577
591
605
616
657
666
677
712
735
753
763
767
780
818
825
832
836
840
841
844
846
854
856
860
870
872
873
875
876
892
893
45
54
55
66
67
70
72
83
101
147
151
176
178
182
213
227
230
271
279
416
445
541
583
607
640
655
689
708
739
752
765
776
779
783
829
859
871
887
901
63
69
74
84
87
136
248
554
798
802
822
839
843
851
852
863
864
888
898
904
905
48
52
53
59
60
61
62
65
245
874
886
889
900
902
903
920
941
57
455
617
884
908
909
47
49
51
64
878
895
907
917
56
890
899
910
915
921
924
927
932
58
891
897
911
912
913
914
916
918
931
934
943
945
896
919
922
923
925
929
930
936
937
40
906
938
939
946
39
41
42
926
928
942
947
950
962
37
44
46
933
935
948
951
953
956
957
30
38
43
955
36
949
952
958
940
944
954
960
963
32
34
965
28
959
31
35
971
974
964
967
975
21
26
33
969
980
19
23
24
961
968
973
17
966
970
978
29
976
18
25
9
11
27
977
12
16
8
15
987
20
22
972
981
982
4
6
3
979
984
2
5
14
985
13
986
990
993
10
983
988
991
7
0
994
999
989
992
998
1
995
996
997
