185.7
185.7
185.7
185.7
185.7
185.7
185.8
185.8
185.8
185.8
185.8
185.8
185.8
185.8
185.8
185.8
185.8
185.8
185.8
185.8
185.8
185.8
185.8
185.8
185.8
185.8
185.8
185.8
185.8
185.9
185.9
185.9
185.9
185.9
185.9
185.9
185.9
185.9
185.9
185.9
185.9
185.9
185.9
185.9
185.9
185.9
185.9
185.9
185.9
185.9
185.9
185.9
185.9
185.9
185.9
185.9
185.9
185.9
185.9
185.9
185.9
185.9
185.9
185.9
185.9
185.9
185.9
185.9
185.9
185.9
185.9
185.9
185.9
185.9
185.9
185.9
185.9
185.9
185.9
185.9
185.9
185.9
185.9
185.9
185.9
185.9
185.9
185.9
185.9
185.9
185.9
185.9
185.9
185.9
185.9
185.9
185.9
185.9
185.9
185.9
185.9
186.0
186.0
186.0
186.0
186.0
186.0
186.0
186.0
186.0
186.0
186.0
186.0
186.0
186.0
186.0
186.0
186.0
186.0
186.0
186.0
186.0
186.0
186.0
186.0
186.0
186.0
186.0
186.0
186.0
186.0
186.0
186.0
186.0
186.0
186.0
186.0
186.0
186.0
186.0
186.0
186.0
186.0
186.0
186.0
186.0
186.0
186.0
186.0
186.0
186.0
186.0
186.0
186.0
186.0
186.0
186.0
186.0
186.0
186.0
186.0
186.0
186.0
186.0
186.0
186.0
186.0
186.0
186.0
186.0
186.0
186.0
186.0
186.0
186.0
186.0
186.0
186.0
186.0
186.0
186.0
186.0
186.0
186.0
186.0
186.0
186.0
186.0
186.0
186.0
186.0
186.0
186.0
186.0
186.0
186.0
186.0
186.0
186.0
186.0
186.0
186.0
186.0
186.0
186.0
186.0
186.0
186.0
186.0
186.0
186.0
186.0
186.0
186.0
186.0
186.0
186.0
186.0
186.0
186.0
186.0
186.0
186.0
186.0
186.0
186.0
186.0
186.0
186.0
186.0
186.0
186.0
186.0
186.0
186.0
186.0
186.0
186.1
186.1
186.1
186.1
186.1
186.1
186.1
186.1
186.1
186.1
186.1
186.1
186.1
186.1
186.1
186.1
186.1
186.1
186.1
186.1
186.1
186.1
186.1
186.1
186.1
186.1
186.1
186.1
186.1
186.1
186.1
186.1
186.1
186.1
186.1
186.1
186.1
186.1
186.1
186.1
186.1
186.1
186.1
186.1
186.1
186.1
186.1
186.1
186.1
186.1
186.1
186.1
186.1
186.1
186.1
186.1
186.1
186.1
186.1
186.1
186.1
186.1
186.1
186.1
186.1
186.1
186.1
186.1
186.1
186.1
186.1
186.1
186.1
186.1
186.1
186.1
186.1
186.1
186.1
186.1
186.1
186.1
186.1
186.1
186.1
186.1
186.1
186.1
186.1
186.1
186.1
186.1
186.1
186.1
186.1
186.1
186.1
186.1
186.1
186.1
186.1
186.1
186.1
186.1
186.1
186.1
186.1
186.1
186.1
186.1
186.1
186.1
186.1
186.1
186.1
186.1
186.1
186.1
186.1
186.1
186.1
186.1
186.1
186.1
186.1
186.1
186.1
186.1
186.1
186.1
186.1
186.1
186.1
186.1
186.1
186.1
186.1
186.1
186.1
186.1
186.1
186.1
186.1
186.1
186.1
186.1
186.1
186.1
186.1
186.1
186.1
186.1
186.1
186.1
186.1
186.1
186.1
186.1
186.1
186.1
186.1
186.1
186.1
186.1
186.1
186.1
186.1
186.1
186.1
186.1
186.1
186.1
186.1
186.1
186.1
186.1
186.1
186.1
186.1
186.1
186.1
186.1
186.1
186.1
186.2
186.2
186.2
186.2
186.2
186.2
186.2
186.2
186.2
186.2
186.2
186.2
186.2
186.2
186.2
186.2
186.2
186.2
186.2
186.2
186.2
186.2
186.2
186.2
186.2
186.2
186.2
186.2
186.2
186.2
186.2
186.2
186.2
186.2
186.2
186.2
186.2
186.2
186.2
186.2
186.2
186.2
186.2
186.2
186.2
186.2
186.2
186.2
186.2
186.2
186.2
186.2
186.2
186.2
186.2
186.2
186.2
186.2
186.2
186.2
186.2
186.2
186.2
186.2
186.2
186.2
186.2
186.2
186.2
186.2
186.2
186.2
186.2
186.2
186.2
186.2
186.2
186.2
186.2
186.2
186.2
186.2
186.2
186.2
186.2
186.2
186.2
186.2
186.2
186.2
186.2
186.2
186.2
186.2
186.2
186.2
186.2
186.2
186.2
186.2
186.2
186.2
186.2
186.2
186.2
186.2
186.2
186.2
186.2
186.2
186.2
186.2
186.2
186.2
186.2
186.2
186.2
186.2
186.2
186.2
186.2
186.2
186.2
186.2
186.2
186.2
186.2
186.2
186.2
186.2
186.2
186.2
186.2
186.2
186.2
186.2
186.2
186.2
186.2
186.2
186.2
186.2
186.2
186.2
186.2
186.2
186.2
186.2
186.2
186.2
186.2
186.2
186.2
186.2
186.2
186.2
186.2
186.2
186.2
186.2
186.2
186.2
186.2
186.2
186.2
186.2
186.2
186.2
186.2
186.2
186.2
186.2
186.2
186.2
186.2
186.2
186.2
186.3
186.3
186.3
186.3
186.3
186.3
186.3
186.3
186.3
186.3
186.3
186.3
186.3
186.3
186.3
186.3
186.3
186.3
186.3
186.3
186.3
186.3
186.3
186.3
186.3
186.3
186.3
186.3
186.3
186.3
186.3
186.3
186.3
186.3
186.3
186.3
186.3
186.3
186.3
186.3
186.3
186.3
186.3
186.3
186.3
186.3
186.3
186.3
186.3
186.3
186.3
186.3
186.3
186.3
186.3
186.3
186.3
186.3
186.3
186.3
186.3
186.3
186.3
186.3
186.3
186.3
186.3
186.3
186.3
186.3
186.3
186.3
186.3
186.3
186.3
186.3
186.3
186.3
186.3
186.3
186.3
186.3
186.3
186.3
186.3
186.3
186.3
186.3
186.3
186.3
186.3
186.3
186.3
186.3
186.3
186.3
186.3
186.3
186.3
186.3
186.3
186.3
186.3
186.3
186.3
186.3
186.3
186.3
186.3
186.3
186.3
186.3
186.3
186.3
186.3
186.3
186.3
186.3
186.3
186.3
186.3
186.3
186.3
186.3
186.3
186.3
186.3
186.3
186.4
186.4
186.4
186.4
186.4
186.4
186.4
186.4
186.4
186.4
186.4
186.4
186.4
186.4
186.4
186.4
186.4
186.4
186.4
186.4
186.4
186.4
186.4
186.4
186.4
186.4
186.4
186.4
186.4
186.4
186.4
186.4
186.4
186.4
186.4
186.4
186.4
186.4
186.4
186.4
186.4
186.4
186.4
186.4
186.4
186.4
186.4
186.4
186.4
186.4
186.4
186.4
186.4
186.5
186.5
186.5
186.5
186.5
186.5
186.5
186.5
186.5
186.5
186.5
186.5
186.5
186.5
186.5
186.5
186.5
186.5
186.5
186.5
186.5
186.5
186.5
186.5
186.5
186.5
186.5
186.5
186.5
186.5
186.5
186.5
186.5
186.5
186.6
186.6
186.6
186.6
186.6
186.6
186.6
186.6
186.6
186.6
186.6
186.6
186.6
186.6
186.6
186.6
186.6
186.6
186.6
186.6
186.6
186.6
186.6
186.6
186.6
186.7
186.7
186.7
186.7
186.7
186.7
186.7
186.7
186.7
186.7
186.7
186.8
186.8
186.8
186.8
186.8
186.8
186.8
186.8
186.9
186.9
186.9
186.9
186.9
186.9
186.9
186.9
186.9
186.9
186.9
186.9
186.9
186.9
187.0
187.0
187.0
187.0
187.0
187.0
187.0
187.0
187.0
187.1
187.1
187.1
187.1
187.1
187.1
187.1
187.1
187.1
187.1
187.1
187.2
187.2
187.2
187.2
187.2
187.2
187.2
187.2
187.3
187.3
187.3
187.3
187.3
187.3
187.3
187.3
187.3
187.3
187.3
187.4
187.4
187.4
187.4
187.4
187.5
187.5
187.5
187.5
187.5
187.5
187.5
187.5
187.5
187.6
187.6
187.6
187.7
187.7
187.7
187.7
187.8
187.9
187.9
188.0
188.0
188.0
188.0
188.0
188.1
188.1
188.1
188.2
188.2
188.2
188.2
188.2
188.2
188.2
188.2
188.2
188.3
188.3
188.4
188.4
188.5
188.5
188.5
188.6
188.6
188.6
188.7
188.8
188.8
188.8
188.8
188.8
188.8
188.9
188.9
188.9
188.9
188.9
189.0
189.0
189.1
189.2
189.2
189.2
189.3
189.3
189.3
189.5
189.5
189.6
189.6
189.6
189.6
189.7
189.7
189.9
189.9
190.0
190.1
190.2
190.2
190.4
190.4
190.5
190.9
199.7
200.1
200.4
201.0
201.0
201.1
201.1
201.2
201.2
201.3
201.3
201.6
201.6
201.6
201.7
201.7
201.8
201.8
201.9
201.9
202.1
202.2
202.2
202.2
202.3
202.3
202.5
202.5
202.5
202.7
202.7
202.8
202.8
202.8
202.9
203.0
203.0
203.0
203.1
203.1
203.1
203.1
203.2
203.4
203.4
203.4
203.5
203.6
203.6
203.6
203.6
203.6
203.6
203.9
204.0
204.0
204.1
204.2
204.4
204.5
204.5
204.6
204.7
204.8
204.9
204.9
205.0
205.0
205.1
205.2
205.3
205.5
205.6
205.6
205.7
205.8
205.8
205.8
205.9
205.9
206.0
206.0
206.0
206.2
206.3
206.3
206.3
206.5
206.5
206.5
206.6
206.6
206.6
206.6
206.7
206.7
206.8
206.8
206.9
207.1
207.1
207.2
207.2
207.2
207.3
207.3
207.3
207.4
207.4
207.4
207.5
207.5
207.6
207.7
207.8
207.8
207.8
207.9
207.9
208.0
208.0
208.0
208.1
208.1
208.1
208.1
208.1
208.2
208.2
208.3
208.3
208.4
208.4
208.4
208.5
208.5
208.6
208.6
208.7
208.8
208.8
208.9
209.0
209.1
209.1
209.1
209.2
209.2
209.3
209.4
209.5
209.5
209.6
209.6
209.6
209.6
209.7
209.8
209.8
209.8
210.1
210.1
210.1
210.1
210.1
210.2
210.3
210.4
210.4
210.6
210.6
210.7
210.8
210.8
210.9
211.0
211.0
211.4
211.5
211.6
211.8
212.0
212.1
212.4
212.8
213.3
213.6
213.8
213.8
214.3
214.3
214.4
214.6
214.7
214.7
214.8
214.8
215.3
215.5
215.6
215.8
216.3
216.3
216.5
216.7
216.8
216.8
216.9
216.9
217.3
217.4
217.6
218.4
218.8
218.9
219.6
219.7
219.9
220.0
220.2
222.2
223.0
224.2
225.6
225.7
226.4
227.4
229.9
233.9
236.2
239.2
354.4
354.4
354.4
354.4
354.4
354.4
354.5
354.5
354.5
354.5
354.5
354.5
354.5
354.5
354.5
354.5
354.5
354.5
354.5
354.5
354.5
354.5
354.5
354.5
354.5
354.5
354.5
354.5
354.5
354.6
354.6
354.6
354.6
354.6
354.6
354.6
354.6
354.6
354.6
354.6
354.6
354.6
354.6
354.6
354.6
354.6
354.6
354.6
354.6
354.6
354.6
354.6
354.6
354.6
354.6
354.6
354.6
354.6
354.6
354.6
354.6
354.6
354.6
354.6
354.6
354.6
354.6
354.6
354.6
354.6
354.6
354.6
354.6
354.6
354.6
354.6
354.6
354.6
354.6
354.6
354.6
354.6
354.6
354.6
354.6
354.6
354.6
354.6
354.6
354.6
354.6
354.6
354.6
354.6
354.6
354.7
354.7
354.7
354.7
354.7
354.7
354.7
354.7
354.7
354.7
354.7
354.7
354.7
354.7
354.7
354.7
354.7
354.7
354.7
354.7
354.7
354.7
354.7
354.7
354.7
354.7
354.7
354.7
354.7
354.7
354.7
354.7
354.7
354.7
354.7
354.7
354.7
354.7
354.7
354.7
354.7
354.7
354.7
354.7
354.7
354.7
354.7
354.7
354.7
354.7
354.7
354.7
354.7
354.7
354.7
354.7
354.7
354.7
354.7
354.7
354.7
354.7
354.7
354.7
354.7
354.7
354.7
354.7
354.7
354.7
354.7
354.7
354.7
354.7
354.7
354.7
354.7
354.7
354.7
354.7
354.7
354.7
354.7
354.7
354.7
354.7
354.7
354.7
354.7
354.7
354.7
354.7
354.7
354.7
354.7
354.7
354.7
354.7
354.7
354.7
354.7
354.7
354.7
354.7
354.7
354.7
354.7
354.7
354.7
354.7
354.7
354.7
354.7
354.7
354.7
354.8
354.8
354.8
354.8
354.8
354.8
354.8
354.8
354.8
354.8
354.8
354.8
354.8
354.8
354.8
354.8
354.8
354.8
354.8
354.8
354.8
354.8
354.8
354.8
354.8
354.8
354.8
354.8
354.8
354.8
354.8
354.8
354.8
354.8
354.8
354.8
354.8
354.8
354.8
354.8
354.8
354.8
354.8
354.8
354.8
354.8
354.8
354.8
354.8
354.8
354.8
354.8
354.8
354.8
354.8
354.8
354.8
354.8
354.8
354.8
354.8
354.8
354.8
354.8
354.8
354.8
354.8
354.8
354.8
354.8
354.8
354.8
354.8
354.8
354.8
354.8
354.8
354.8
354.8
354.8
354.8
354.8
354.8
354.8
354.8
354.8
354.8
354.8
354.8
354.8
354.8
354.8
354.8
354.8
354.8
354.8
354.8
354.8
354.8
354.8
354.8
354.8
354.8
354.8
354.8
354.8
354.8
354.8
354.8
354.8
354.8
354.8
354.8
354.8
354.8
354.8
354.8
354.8
354.8
354.8
354.8
354.8
354.8
354.8
354.8
354.8
354.8
354.8
354.8
354.8
354.8
354.8
354.8
354.8
354.8
354.8
354.8
354.8
354.8
354.8
354.8
354.8
354.8
354.8
354.8
354.8
354.8
354.8
354.8
354.8
354.9
354.9
354.9
354.9
354.9
354.9
354.9
354.9
354.9
354.9
354.9
354.9
354.9
354.9
354.9
354.9
354.9
354.9
354.9
354.9
354.9
354.9
354.9
354.9
354.9
354.9
354.9
354.9
354.9
354.9
354.9
354.9
354.9
354.9
354.9
354.9
354.9
354.9
354.9
354.9
354.9
354.9
354.9
354.9
354.9
354.9
354.9
354.9
354.9
354.9
354.9
354.9
354.9
354.9
354.9
354.9
354.9
354.9
354.9
354.9
354.9
354.9
354.9
354.9
354.9
354.9
354.9
354.9
354.9
354.9
354.9
354.9
354.9
354.9
354.9
354.9
354.9
354.9
354.9
354.9
354.9
354.9
354.9
354.9
354.9
354.9
354.9
354.9
354.9
354.9
354.9
354.9
354.9
354.9
354.9
354.9
354.9
354.9
354.9
354.9
354.9
354.9
354.9
354.9
354.9
354.9
354.9
354.9
354.9
354.9
354.9
354.9
354.9
354.9
354.9
354.9
354.9
354.9
354.9
354.9
354.9
354.9
354.9
354.9
354.9
354.9
354.9
354.9
354.9
354.9
354.9
354.9
354.9
354.9
354.9
354.9
354.9
354.9
354.9
354.9
354.9
354.9
354.9
354.9
354.9
354.9
354.9
354.9
354.9
354.9
354.9
354.9
354.9
354.9
354.9
354.9
354.9
354.9
354.9
354.9
354.9
354.9
354.9
354.9
354.9
354.9
354.9
354.9
354.9
354.9
354.9
354.9
354.9
355.0
355.0
355.0
355.0
355.0
355.0
355.0
355.0
355.0
355.0
355.0
355.0
355.0
355.0
355.0
355.0
355.0
355.0
355.0
355.0
355.0
355.0
355.0
355.0
355.0
355.0
355.0
355.0
355.0
355.0
355.0
355.0
355.0
355.0
355.0
355.0
355.0
355.0
355.0
355.0
355.0
355.0
355.0
355.0
355.0
355.0
355.0
355.0
355.0
355.0
355.0
355.0
355.0
355.0
355.0
355.0
355.0
355.0
355.0
355.0
355.0
355.0
355.0
355.0
355.0
355.0
355.0
355.0
355.0
355.0
355.0
355.0
355.0
355.0
355.0
355.0
355.0
355.0
355.0
355.0
355.0
355.0
355.0
355.0
355.0
355.0
355.0
355.0
355.0
355.0
355.0
355.0
355.0
355.0
355.0
355.0
355.0
355.0
355.0
355.0
355.0
355.0
355.0
355.0
355.0
355.0
355.0
355.0
355.0
355.0
355.0
355.0
355.0
355.0
355.0
355.0
355.0
355.0
355.0
355.0
355.0
355.0
355.0
355.0
355.0
355.0
355.0
355.0
355.0
355.0
355.0
355.0
355.0
355.0
355.0
355.0
355.0
355.0
355.0
355.0
355.0
355.0
355.1
355.1
355.1
355.1
355.1
355.1
355.1
355.1
355.1
355.1
355.1
355.1
355.1
355.1
355.1
355.1
355.1
355.1
355.1
355.1
355.1
355.1
355.1
355.1
355.1
355.1
355.1
355.1
355.1
355.1
355.1
355.1
355.1
355.1
355.1
355.1
355.1
355.1
355.1
355.1
355.1
355.1
355.1
355.1
355.1
355.1
355.1
355.1
355.1
355.1
355.1
355.1
355.1
355.1
355.1
355.1
355.1
355.1
355.1
355.1
355.1
355.1
355.1
355.1
355.1
355.1
355.1
355.1
355.1
355.1
355.1
355.1
355.1
355.1
355.1
355.1
355.2
355.2
355.2
355.2
355.2
355.2
355.2
355.2
355.2
355.2
355.2
355.2
355.2
355.2
355.2
355.2
355.2
355.2
355.2
355.2
355.2
355.2
355.2
355.2
355.2
355.2
355.2
355.2
355.2
355.2
355.2
355.2
355.2
355.2
355.2
355.2
355.2
355.2
355.2
355.2
355.2
355.2
355.3
355.3
355.3
355.3
355.3
355.3
355.3
355.3
355.3
355.3
355.3
355.3
355.3
355.3
355.3
355.3
355.3
355.3
355.3
355.3
355.3
355.3
355.3
355.3
355.3
355.3
355.3
355.4
355.4
355.4
355.4
355.4
355.4
355.4
355.4
355.4
355.4
355.4
355.4
355.4
355.4
355.4
355.4
355.4
355.4
355.4
355.5
355.5
355.5
355.5
355.5
355.5
355.5
355.5
355.5
355.6
355.6
355.6
355.6
355.6
355.6
355.6
355.7
355.7
355.7
355.7
355.7
355.7
355.7
355.7
355.7
355.7
355.7
355.7
355.8
355.8
355.8
355.8
355.8
355.8
355.8
355.8
355.8
355.8
355.8
355.8
355.9
355.9
355.9
355.9
355.9
355.9
355.9
355.9
356.0
356.0
356.0
356.0
356.0
356.1
356.1
356.1
356.1
356.1
356.1
356.1
356.1
356.1
356.1
356.2
356.2
356.2
356.2
356.2
356.2
356.2
356.2
356.2
356.2
356.2
356.3
356.3
356.3
356.4
356.4
356.4
356.4
356.4
356.5
356.5
356.5
356.5
356.5
356.5
356.6
356.6
356.6
356.7
356.7
356.9
356.9
357.0
357.1
357.1
357.1
357.1
357.2
357.2
357.2
357.3
357.3
357.3
357.3
357.3
357.3
357.3
357.3
357.4
357.4
357.4
357.4
357.5
357.6
357.7
357.7
357.7
357.8
357.8
357.8
357.9
357.9
357.9
358.0
358.0
358.0
358.1
358.1
358.1
358.1
358.2
358.2
358.3
358.5
358.5
358.5
358.6
358.6
358.6
358.7
358.9
358.9
358.9
359.0
359.0
359.0
359.0
359.1
359.3
359.3
359.4
359.7
359.7
359.7
359.9
360.0
360.1
360.5
373.0
373.0
373.6
373.6
373.6
373.9
374.0
374.0
374.2
374.3
374.3
374.3
374.4
374.9
375.1
375.2
375.3
375.3
375.3
375.6
375.7
375.9
375.9
375.9
376.0
376.2
376.2
376.4
376.5
376.7
376.8
376.9
377.1
377.2
377.2
377.2
377.2
377.3
377.3
377.4
377.4
377.4
377.5
377.7
377.7
377.8
377.8
377.8
377.9
378.0
378.2
378.3
378.5
378.6
378.7
378.8
378.8
379.0
379.0
379.2
379.5
379.7
379.7
379.7
380.0
380.1
380.1
380.2
380.5
380.5
380.6
380.6
380.7
380.7
380.7
380.9
380.9
381.0
381.0
381.1
381.1
381.2
381.4
381.4
381.6
381.6
381.8
381.8
381.8
381.9
382.0
382.0
382.0
382.1
382.1
382.1
382.1
382.5
382.5
382.5
382.7
382.9
382.9
383.0
383.1
383.2
383.2
383.3
383.3
383.4
383.6
383.6
383.7
384.1
384.2
384.2
384.3
384.3
384.3
384.4
384.5
384.5
384.5
384.5
384.6
384.6
384.7
384.7
384.8
384.8
384.8
385.0
385.1
385.1
385.1
385.2
385.3
385.4
385.6
385.6
385.7
385.7
385.8
386.2
386.3
386.4
386.5
386.8
386.8
386.8
386.9
387.0
387.1
387.2
387.3
387.7
387.8
388.0
388.1
388.2
388.5
388.8
388.9
388.9
390.0
390.0
390.5
390.5
391.0
391.3
391.3
391.4
391.8
392.0
392.1
393.0
393.0
394.2
394.6
394.6
394.6
394.8
395.0
395.1
395.3
395.6
396.1
396.5
396.9
397.1
397.2
397.9
399.8
399.9
400.2
400.8
401.4
402.6
402.7
403.9
406.8
409.6
411.1
411.1
412.8
420.3
428.3
512.3
512.3
512.3
512.3
512.4
512.4
512.4
512.4
512.4
512.4
512.4
512.4
512.4
512.4
512.4
512.4
512.4
512.4
512.4
512.4
512.4
512.4
512.4
512.4
512.4
512.4
512.5
512.5
512.5
512.5
512.5
512.5
512.5
512.5
512.5
512.5
512.5
512.5
512.5
512.5
512.5
512.5
512.5
512.5
512.5
512.5
512.5
512.5
512.5
512.5
512.5
512.5
512.5
512.5
512.5
512.5
512.5
512.5
512.5
512.5
512.5
512.5
512.5
512.5
512.5
512.5
512.5
512.5
512.5
512.5
512.5
512.5
512.5
512.5
512.5
512.5
512.5
512.5
512.5
512.5
512.5
512.5
512.5
512.5
512.6
512.6
512.6
512.6
512.6
512.6
512.6
512.6
512.6
512.6
512.6
512.6
512.6
512.6
512.6
512.6
512.6
512.6
512.6
512.6
512.6
512.6
512.6
512.6
512.6
512.6
512.6
512.6
512.6
512.6
512.6
512.6
512.6
512.6
512.6
512.6
512.6
512.6
512.6
512.6
512.6
512.6
512.6
512.6
512.6
512.6
512.6
512.6
512.6
512.6
512.6
512.6
512.6
512.6
512.6
512.6
512.6
512.6
512.6
512.6
512.6
512.6
512.6
512.6
512.6
512.6
512.6
512.6
512.6
512.6
512.6
512.6
512.6
512.6
512.6
512.6
512.6
512.6
512.6
512.6
512.6
512.6
512.6
512.6
512.6
512.6
512.6
512.6
512.6
512.6
512.6
512.6
512.6
512.6
512.6
512.6
512.6
512.6
512.6
512.6
512.6
512.6
512.6
512.6
512.6
512.6
512.6
512.6
512.6
512.6
512.6
512.6
512.6
512.6
512.6
512.6
512.6
512.6
512.6
512.6
512.6
512.6
512.6
512.6
512.6
512.6
512.6
512.6
512.6
512.6
512.6
512.6
512.6
512.7
512.7
512.7
512.7
512.7
512.7
512.7
512.7
512.7
512.7
512.7
512.7
512.7
512.7
512.7
512.7
512.7
512.7
512.7
512.7
512.7
512.7
512.7
512.7
512.7
512.7
512.7
512.7
512.7
512.7
512.7
512.7
512.7
512.7
512.7
512.7
512.7
512.7
512.7
512.7
512.7
512.7
512.7
512.7
512.7
512.7
512.7
512.7
512.7
512.7
512.7
512.7
512.7
512.7
512.7
512.7
512.7
512.7
512.7
512.7
512.7
512.7
512.7
512.7
512.7
512.7
512.7
512.7
512.7
512.7
512.7
512.7
512.7
512.7
512.7
512.7
512.7
512.7
512.7
512.7
512.7
512.7
512.7
512.7
512.7
512.7
512.7
512.7
512.7
512.7
512.7
512.7
512.7
512.7
512.7
512.7
512.7
512.7
512.7
512.7
512.7
512.7
512.7
512.7
512.7
512.7
512.7
512.7
512.7
512.7
512.7
512.7
512.7
512.7
512.7
512.7
512.7
512.7
512.7
512.7
512.7
512.7
512.7
512.7
512.7
512.7
512.7
512.7
512.7
512.7
512.7
512.7
512.7
512.7
512.7
512.7
512.7
512.7
512.7
512.7
512.7
512.7
512.7
512.7
512.7
512.7
512.7
512.7
512.7
512.7
512.7
512.7
512.8
512.8
512.8
512.8
512.8
512.8
512.8
512.8
512.8
512.8
512.8
512.8
512.8
512.8
512.8
512.8
512.8
512.8
512.8
512.8
512.8
512.8
512.8
512.8
512.8
512.8
512.8
512.8
512.8
512.8
512.8
512.8
512.8
512.8
512.8
512.8
512.8
512.8
512.8
512.8
512.8
512.8
512.8
512.8
512.8
512.8
512.8
512.8
512.8
512.8
512.8
512.8
512.8
512.8
512.8
512.8
512.8
512.8
512.8
512.8
512.8
512.8
512.8
512.8
512.8
512.8
512.8
512.8
512.8
512.8
512.8
512.8
512.8
512.8
512.8
512.8
512.8
512.8
512.8
512.8
512.8
512.8
512.8
512.8
512.8
512.8
512.8
512.8
512.8
512.8
512.8
512.8
512.8
512.8
512.8
512.8
512.8
512.8
512.8
512.8
512.8
512.8
512.8
512.8
512.8
512.8
512.8
512.8
512.8
512.8
512.8
512.8
512.8
512.8
512.8
512.8
512.8
512.8
512.8
512.8
512.8
512.8
512.8
512.8
512.8
512.8
512.8
512.8
512.8
512.8
512.8
512.8
512.8
512.8
512.8
512.8
512.8
512.8
512.8
512.8
512.8
512.8
512.8
512.8
512.8
512.8
512.8
512.8
512.8
512.8
512.8
512.8
512.8
512.8
512.8
512.8
512.8
512.8
512.8
512.8
512.8
512.8
512.8
512.8
512.8
512.8
512.8
512.8
512.8
512.8
512.8
512.8
512.8
512.8
512.8
512.8
512.8
512.8
512.8
512.8
512.8
512.8
512.8
512.8
512.9
512.9
512.9
512.9
512.9
512.9
512.9
512.9
512.9
512.9
512.9
512.9
512.9
512.9
512.9
512.9
512.9
512.9
512.9
512.9
512.9
512.9
512.9
512.9
512.9
512.9
512.9
512.9
512.9
512.9
512.9
512.9
512.9
512.9
512.9
512.9
512.9
512.9
512.9
512.9
512.9
512.9
512.9
512.9
512.9
512.9
512.9
512.9
512.9
512.9
512.9
512.9
512.9
512.9
512.9
512.9
512.9
512.9
512.9
512.9
512.9
512.9
512.9
512.9
512.9
512.9
512.9
512.9
512.9
512.9
512.9
512.9
512.9
512.9
512.9
512.9
512.9
512.9
512.9
512.9
512.9
512.9
512.9
512.9
512.9
512.9
512.9
512.9
512.9
512.9
512.9
512.9
512.9
512.9
512.9
512.9
512.9
512.9
512.9
512.9
512.9
512.9
512.9
512.9
512.9
512.9
512.9
512.9
512.9
512.9
512.9
512.9
512.9
512.9
512.9
512.9
512.9
512.9
512.9
512.9
512.9
512.9
512.9
512.9
512.9
512.9
512.9
512.9
512.9
512.9
512.9
512.9
512.9
512.9
512.9
512.9
512.9
513.0
513.0
513.0
513.0
513.0
513.0
513.0
513.0
513.0
513.0
513.0
513.0
513.0
513.0
513.0
513.0
513.0
513.0
513.0
513.0
513.0
513.0
513.0
513.0
513.0
513.0
513.0
513.0
513.0
513.0
513.0
513.0
513.0
513.0
513.0
513.0
513.0
513.0
513.0
513.0
513.0
513.0
513.0
513.0
513.0
513.0
513.0
513.0
513.0
513.0
513.0
513.0
513.0
513.0
513.0
513.0
513.0
513.0
513.0
513.0
513.0
513.0
513.0
513.0
513.0
513.0
513.0
513.0
513.0
513.0
513.0
513.0
513.0
513.0
513.0
513.0
513.0
513.1
513.1
513.1
513.1
513.1
513.1
513.1
513.1
513.1
513.1
513.1
513.1
513.1
513.1
513.1
513.1
513.1
513.1
513.1
513.1
513.1
513.1
513.1
513.1
513.1
513.1
513.1
513.1
513.1
513.1
513.1
513.1
513.1
513.1
513.1
513.2
513.2
513.2
513.2
513.2
513.2
513.2
513.2
513.2
513.2
513.2
513.2
513.2
513.2
513.2
513.2
513.2
513.2
513.2
513.2
513.2
513.2
513.2
513.2
513.2
513.2
513.2
513.2
513.2
513.2
513.2
513.3
513.3
513.3
513.3
513.3
513.3
513.3
513.3
513.3
513.3
513.3
513.3
513.3
513.3
513.4
513.4
513.4
513.4
513.4
513.4
513.5
513.5
513.5
513.5
513.5
513.5
513.5
513.5
513.5
513.5
513.5
513.5
513.6
513.6
513.6
513.6
513.6
513.6
513.6
513.6
513.6
513.6
513.6
513.6
513.6
513.7
513.7
513.7
513.7
513.7
513.8
513.8
513.8
513.8
513.8
513.8
513.8
513.8
513.8
513.9
513.9
513.9
513.9
513.9
513.9
513.9
513.9
513.9
514.0
514.0
514.0
514.0
514.0
514.0
514.0
514.0
514.0
514.1
514.1
514.1
514.1
514.1
514.1
514.2
514.2
514.2
514.2
514.2
514.2
514.3
514.3
514.3
514.3
514.3
514.3
514.4
514.4
514.4
514.5
514.6
514.7
514.7
514.8
514.8
514.8
514.8
514.9
514.9
514.9
515.0
515.0
515.0
515.0
515.0
515.0
515.0
515.0
515.1
515.1
515.2
515.2
515.3
515.3
515.3
515.4
515.4
515.4
515.5
515.5
515.5
515.6
515.6
515.6
515.6
515.6
515.7
515.7
515.7
515.7
515.7
515.8
515.9
516.0
516.0
516.0
516.2
516.2
516.3
516.4
516.4
516.5
516.5
516.5
516.6
516.7
516.7
516.7
516.8
516.9
516.9
517.2
517.2
517.2
517.3
517.4
517.4
518.0
530.6
531.1
531.2
531.4
531.5
531.5
531.8
531.8
532.0
532.4
533.1
533.4
533.4
533.6
534.2
534.4
534.7
534.8
534.9
535.1
535.1
535.2
535.6
535.7
536.1
536.2
536.2
536.4
536.4
536.5
537.2
537.5
537.8
537.8
537.9
538.0
538.0
538.1
538.4
538.5
538.6
538.6
538.7
538.8
539.1
539.3
539.5
539.6
539.7
540.1
540.3
540.5
540.8
540.9
541.2
541.8
541.8
542.1
542.3
542.4
542.5
543.2
545.4
545.4
546.1
546.5
546.6
546.7
547.8
547.9
548.3
549.0
549.2
550.0
550.3
551.1
551.9
552.7
552.7
553.0
554.1
556.2
556.4
556.9
557.3
560.1
563.2
577.5
670.1
670.1
670.2
670.2
670.2
670.2
670.2
670.2
670.2
670.2
670.2
670.2
670.2
670.2
670.2
670.2
670.3
670.3
670.3
670.3
670.3
670.3
670.3
670.3
670.3
670.3
670.3
670.3
670.3
670.3
670.3
670.3
670.3
670.3
670.3
670.3
670.3
670.3
670.3
670.3
670.3
670.3
670.3
670.3
670.3
670.3
670.3
670.3
670.3
670.3
670.3
670.3
670.3
670.3
670.3
670.3
670.3
670.3
670.3
670.3
670.3
670.3
670.3
670.3
670.3
670.3
670.3
670.3
670.3
670.3
670.3
670.3
670.3
670.3
670.3
670.3
670.3
670.3
670.3
670.3
670.4
670.4
670.4
670.4
670.4
670.4
670.4
670.4
670.4
670.4
670.4
670.4
670.4
670.4
670.4
670.4
670.4
670.4
670.4
670.4
670.4
670.4
670.4
670.4
670.4
670.4
670.4
670.4
670.4
670.4
670.4
670.4
670.4
670.4
670.4
670.4
670.4
670.4
670.4
670.4
670.4
670.4
670.4
670.4
670.4
670.4
670.4
670.4
670.4
670.4
670.4
670.4
670.4
670.4
670.4
670.4
670.4
670.4
670.4
670.4
670.4
670.4
670.4
670.4
670.4
670.4
670.4
670.4
670.4
670.4
670.4
670.4
670.4
670.4
670.4
670.4
670.4
670.4
670.4
670.4
670.4
670.4
670.4
670.4
670.4
670.4
670.4
670.4
670.4
670.4
670.4
670.4
670.4
670.4
670.4
670.5
670.5
670.5
670.5
670.5
670.5
670.5
670.5
670.5
670.5
670.5
670.5
670.5
670.5
670.5
670.5
670.5
670.5
670.5
670.5
670.5
670.5
670.5
670.5
670.5
670.5
670.5
670.5
670.5
670.5
670.5
670.5
670.5
670.5
670.5
670.5
670.5
670.5
670.5
670.5
670.5
670.5
670.5
670.5
670.5
670.5
670.5
670.5
670.5
670.5
670.5
670.5
670.5
670.5
670.5
670.5
670.5
670.5
670.5
670.5
670.5
670.5
670.5
670.5
670.5
670.5
670.5
670.5
670.5
670.5
670.5
670.5
670.5
670.5
670.5
670.5
670.5
670.5
670.5
670.5
670.5
670.5
670.5
670.5
670.5
670.5
670.5
670.5
670.5
670.5
670.5
670.5
670.5
670.5
670.5
670.5
670.5
670.5
670.5
670.5
670.5
670.5
670.5
670.5
670.5
670.5
670.5
670.5
670.5
670.5
670.5
670.5
670.5
670.5
670.5
670.5
670.5
670.5
670.5
670.5
670.5
670.5
670.5
670.5
670.5
670.5
670.5
670.5
670.5
670.5
670.5
670.5
670.5
670.5
670.5
670.5
670.5
670.5
670.5
670.5
670.5
670.5
670.5
670.5
670.5
670.5
670.5
670.5
670.6
670.6
670.6
670.6
670.6
670.6
670.6
670.6
670.6
670.6
670.6
670.6
670.6
670.6
670.6
670.6
670.6
670.6
670.6
670.6
670.6
670.6
670.6
670.6
670.6
670.6
670.6
670.6
670.6
670.6
670.6
670.6
670.6
670.6
670.6
670.6
670.6
670.6
670.6
670.6
670.6
670.6
670.6
670.6
670.6
670.6
670.6
670.6
670.6
670.6
670.6
670.6
670.6
670.6
670.6
670.6
670.6
670.6
670.6
670.6
670.6
670.6
670.6
670.6
670.6
670.6
670.6
670.6
670.6
670.6
670.6
670.6
670.6
670.6
670.6
670.6
670.6
670.6
670.6
670.6
670.6
670.6
670.6
670.6
670.6
670.6
670.6
670.6
670.6
670.6
670.6
670.6
670.6
670.6
670.6
670.6
670.6
670.6
670.6
670.6
670.6
670.6
670.6
670.6
670.6
670.6
670.6
670.6
670.6
670.6
670.6
670.6
670.6
670.6
670.6
670.6
670.6
670.6
670.6
670.6
670.6
670.6
670.6
670.6
670.6
670.6
670.6
670.6
670.6
670.6
670.6
670.6
670.6
670.6
670.6
670.6
670.6
670.6
670.6
670.6
670.6
670.6
670.6
670.6
670.6
670.6
670.6
670.6
670.6
670.6
670.6
670.6
670.6
670.6
670.6
670.6
670.6
670.6
670.7
670.7
670.7
670.7
670.7
670.7
670.7
670.7
670.7
670.7
670.7
670.7
670.7
670.7
670.7
670.7
670.7
670.7
670.7
670.7
670.7
670.7
670.7
670.7
670.7
670.7
670.7
670.7
670.7
670.7
670.7
670.7
670.7
670.7
670.7
670.7
670.7
670.7
670.7
670.7
670.7
670.7
670.7
670.7
670.7
670.7
670.7
670.7
670.7
670.7
670.7
670.7
670.7
670.7
670.7
670.7
670.7
670.7
670.7
670.7
670.7
670.7
670.7
670.7
670.7
670.7
670.7
670.7
670.7
670.7
670.7
670.7
670.7
670.7
670.7
670.7
670.7
670.7
670.7
670.7
670.7
670.7
670.7
670.7
670.7
670.7
670.7
670.7
670.7
670.7
670.7
670.7
670.7
670.7
670.7
670.7
670.7
670.7
670.7
670.7
670.7
670.7
670.7
670.7
670.7
670.7
670.7
670.7
670.7
670.7
670.7
670.7
670.7
670.7
670.7
670.7
670.7
670.7
670.7
670.7
670.7
670.7
670.7
670.7
670.7
670.7
670.7
670.7
670.7
670.7
670.7
670.7
670.7
670.7
670.7
670.8
670.8
670.8
670.8
670.8
670.8
670.8
670.8
670.8
670.8
670.8
670.8
670.8
670.8
670.8
670.8
670.8
670.8
670.8
670.8
670.8
670.8
670.8
670.8
670.8
670.8
670.8
670.8
670.8
670.8
670.8
670.8
670.8
670.8
670.8
670.8
670.8
670.8
670.8
670.8
670.8
670.8
670.8
670.8
670.8
670.8
670.8
670.8
670.8
670.8
670.8
670.8
670.8
670.8
670.8
670.8
670.8
670.8
670.8
670.8
670.8
670.8
670.8
670.8
670.8
670.8
670.8
670.8
670.8
670.8
670.8
670.8
670.8
670.8
670.8
670.8
670.8
670.8
670.8
670.8
670.8
670.8
670.8
670.8
670.8
670.8
670.8
670.9
670.9
670.9
670.9
670.9
670.9
670.9
670.9
670.9
670.9
670.9
670.9
670.9
670.9
670.9
670.9
670.9
670.9
670.9
670.9
670.9
670.9
670.9
670.9
670.9
670.9
670.9
670.9
670.9
670.9
670.9
670.9
670.9
670.9
670.9
670.9
670.9
670.9
670.9
670.9
670.9
670.9
670.9
670.9
670.9
670.9
670.9
670.9
670.9
670.9
670.9
670.9
670.9
670.9
670.9
670.9
670.9
670.9
670.9
671.0
671.0
671.0
671.0
671.0
671.0
671.0
671.0
671.0
671.0
671.0
671.0
671.0
671.0
671.0
671.0
671.0
671.0
671.0
671.0
671.0
671.0
671.0
671.0
671.0
671.0
671.0
671.1
671.1
671.1
671.1
671.1
671.1
671.1
671.1
671.1
671.1
671.1
671.1
671.1
671.1
671.1
671.1
671.1
671.2
671.2
671.2
671.2
671.2
671.2
671.2
671.2
671.2
671.2
671.2
671.2
671.3
671.3
671.3
671.3
671.3
671.3
671.3
671.3
671.3
671.4
671.4
671.4
671.4
671.4
671.4
671.4
671.4
671.4
671.4
671.4
671.4
671.4
671.4
671.5
671.5
671.5
671.5
671.5
671.5
671.5
671.5
671.6
671.6
671.6
671.6
671.6
671.6
671.6
671.7
671.7
671.7
671.7
671.7
671.7
671.7
671.7
671.7
671.7
671.7
671.8
671.8
671.8
671.8
671.8
671.8
671.8
671.8
671.8
671.8
671.8
671.9
671.9
671.9
671.9
671.9
671.9
671.9
672.0
672.0
672.0
672.0
672.0
672.0
672.0
672.1
672.1
672.1
672.1
672.1
672.1
672.2
672.2
672.2
672.2
672.2
672.2
672.2
672.2
672.2
672.2
672.3
672.3
672.3
672.3
672.3
672.3
672.4
672.4
672.4
672.4
672.5
672.5
672.5
672.5
672.5
672.6
672.6
672.6
672.6
672.7
672.7
672.7
672.8
672.8
673.0
673.0
673.1
673.1
673.2
673.2
673.2
673.2
673.3
673.3
673.3
673.3
673.3
673.3
673.4
673.4
673.4
673.4
673.4
673.5
673.5
673.5
673.5
673.7
673.7
673.8
673.8
673.9
673.9
673.9
674.0
674.0
674.0
674.0
674.1
674.1
674.1
674.2
674.2
674.2
674.3
674.3
674.4
674.6
674.6
674.7
674.7
674.7
674.7
674.8
675.0
675.0
675.0
675.1
675.1
675.1
675.2
675.4
675.4
675.6
675.6
675.6
675.7
675.8
676.0
676.1
676.3
676.7
686.4
687.5
687.6
688.1
688.2
688.3
688.7
689.2
689.3
689.3
689.3
689.4
689.4
689.6
690.0
690.2
690.3
690.3
690.4
690.4
690.4
690.6
690.6
690.7
690.9
691.3
691.5
691.9
692.3
692.3
692.3
692.4
692.5
692.9
693.1
693.1
693.3
693.3
693.3
693.4
693.5
693.9
693.9
694.0
694.0
694.1
694.4
694.4
694.6
694.9
694.9
695.1
695.1
695.2
695.6
695.6
696.0
696.2
696.4
696.4
696.5
697.6
698.2
698.2
698.2
698.3
698.5
699.0
699.2
699.6
699.6
699.8
700.0
700.2
700.2
700.5
700.7
701.2
701.4
701.5
701.6
701.7
701.8
702.0
702.2
703.0
703.7
704.2
704.2
705.0
706.1
707.3
707.4
708.5
708.9
708.9
709.2
709.6
710.0
710.7
711.6
711.9
711.9
712.0
713.1
715.7
715.8
717.6
717.8
718.8
718.9
720.4
722.1
727.5
729.5
740.2
829.1
829.2
829.2
829.2
829.2
829.2
829.2
829.2
829.2
829.3
829.3
829.3
829.3
829.3
829.3
829.3
829.3
829.3
829.3
829.3
829.3
829.3
829.3
829.3
829.3
829.3
829.3
829.3
829.3
829.3
829.3
829.3
829.3
829.3
829.3
829.3
829.3
829.3
829.3
829.3
829.3
829.3
829.3
829.3
829.3
829.3
829.3
829.3
829.3
829.3
829.3
829.4
829.4
829.4
829.4
829.4
829.4
829.4
829.4
829.4
829.4
829.4
829.4
829.4
829.4
829.4
829.4
829.4
829.4
829.4
829.4
829.4
829.4
829.4
829.4
829.4
829.4
829.4
829.4
829.4
829.4
829.4
829.4
829.4
829.4
829.4
829.4
829.4
829.4
829.4
829.4
829.4
829.4
829.4
829.4
829.4
829.4
829.4
829.4
829.4
829.4
829.4
829.4
829.4
829.4
829.4
829.4
829.4
829.4
829.4
829.4
829.4
829.4
829.4
829.4
829.4
829.4
829.4
829.4
829.4
829.4
829.4
829.4
829.4
829.4
829.4
829.4
829.4
829.4
829.4
829.4
829.4
829.4
829.4
829.4
829.4
829.4
829.4
829.5
829.5
829.5
829.5
829.5
829.5
829.5
829.5
829.5
829.5
829.5
829.5
829.5
829.5
829.5
829.5
829.5
829.5
829.5
829.5
829.5
829.5
829.5
829.5
829.5
829.5
829.5
829.5
829.5
829.5
829.5
829.5
829.5
829.5
829.5
829.5
829.5
829.5
829.5
829.5
829.5
829.5
829.5
829.5
829.5
829.5
829.5
829.5
829.5
829.5
829.5
829.5
829.5
829.5
829.5
829.5
829.5
829.5
829.5
829.5
829.5
829.5
829.5
829.5
829.5
829.5
829.5
829.5
829.5
829.5
829.5
829.5
829.5
829.5
829.5
829.5
829.5
829.5
829.5
829.5
829.5
829.5
829.5
829.5
829.5
829.5
829.5
829.5
829.5
829.5
829.5
829.5
829.5
829.5
829.5
829.5
829.5
829.5
829.5
829.5
829.5
829.5
829.5
829.5
829.5
829.5
829.5
829.5
829.5
829.5
829.5
829.5
829.5
829.5
829.5
829.5
829.5
829.5
829.5
829.5
829.5
829.5
829.5
829.5
829.5
829.5
829.5
829.5
829.5
829.5
829.5
829.5
829.5
829.5
829.5
829.5
829.5
829.5
829.5
829.5
829.5
829.5
829.5
829.5
829.5
829.5
829.5
829.5
829.5
829.5
829.5
829.5
829.5
829.5
829.5
829.5
829.5
829.5
829.5
829.5
829.5
829.5
829.5
829.5
829.5
829.5
829.5
829.5
829.5
829.5
829.5
829.5
829.5
829.5
829.5
829.5
829.5
829.5
829.5
829.5
829.6
829.6
829.6
829.6
829.6
829.6
829.6
829.6
829.6
829.6
829.6
829.6
829.6
829.6
829.6
829.6
829.6
829.6
829.6
829.6
829.6
829.6
829.6
829.6
829.6
829.6
829.6
829.6
829.6
829.6
829.6
829.6
829.6
829.6
829.6
829.6
829.6
829.6
829.6
829.6
829.6
829.6
829.6
829.6
829.6
829.6
829.6
829.6
829.6
829.6
829.6
829.6
829.6
829.6
829.6
829.6
829.6
829.6
829.6
829.6
829.6
829.6
829.6
829.6
829.6
829.6
829.6
829.6
829.6
829.6
829.6
829.6
829.6
829.6
829.6
829.6
829.6
829.6
829.6
829.6
829.6
829.6
829.6
829.6
829.6
829.6
829.6
829.6
829.6
829.6
829.6
829.6
829.6
829.6
829.6
829.6
829.6
829.6
829.6
829.6
829.6
829.6
829.6
829.6
829.6
829.6
829.6
829.6
829.6
829.6
829.6
829.6
829.6
829.6
829.6
829.6
829.6
829.6
829.6
829.6
829.6
829.6
829.6
829.6
829.6
829.6
829.6
829.6
829.6
829.6
829.6
829.6
829.6
829.6
829.6
829.6
829.6
829.6
829.6
829.6
829.6
829.6
829.6
829.6
829.6
829.6
829.6
829.6
829.6
829.6
829.6
829.6
829.6
829.6
829.6
829.6
829.6
829.6
829.6
829.6
829.6
829.6
829.6
829.6
829.6
829.6
829.6
829.6
829.6
829.6
829.6
829.6
829.6
829.6
829.6
829.6
829.6
829.6
829.6
829.6
829.6
829.6
829.6
829.6
829.6
829.6
829.6
829.6
829.6
829.6
829.6
829.6
829.6
829.6
829.6
829.6
829.6
829.6
829.6
829.6
829.6
829.6
829.6
829.6
829.7
829.7
829.7
829.7
829.7
829.7
829.7
829.7
829.7
829.7
829.7
829.7
829.7
829.7
829.7
829.7
829.7
829.7
829.7
829.7
829.7
829.7
829.7
829.7
829.7
829.7
829.7
829.7
829.7
829.7
829.7
829.7
829.7
829.7
829.7
829.7
829.7
829.7
829.7
829.7
829.7
829.7
829.7
829.7
829.7
829.7
829.7
829.7
829.7
829.7
829.7
829.7
829.7
829.7
829.7
829.7
829.7
829.7
829.7
829.7
829.7
829.7
829.7
829.7
829.7
829.7
829.7
829.7
829.7
829.7
829.7
829.7
829.7
829.7
829.7
829.7
829.7
829.7
829.7
829.7
829.7
829.7
829.7
829.7
829.7
829.7
829.7
829.7
829.7
829.7
829.7
829.7
829.7
829.7
829.7
829.7
829.7
829.7
829.7
829.7
829.7
829.7
829.7
829.7
829.7
829.7
829.7
829.7
829.7
829.7
829.7
829.7
829.7
829.7
829.7
829.7
829.7
829.7
829.7
829.7
829.7
829.7
829.7
829.7
829.7
829.7
829.7
829.7
829.7
829.7
829.7
829.7
829.7
829.7
829.7
829.7
829.7
829.7
829.7
829.7
829.7
829.7
829.7
829.7
829.7
829.7
829.7
829.7
829.7
829.7
829.7
829.7
829.7
829.7
829.7
829.7
829.7
829.7
829.7
829.7
829.8
829.8
829.8
829.8
829.8
829.8
829.8
829.8
829.8
829.8
829.8
829.8
829.8
829.8
829.8
829.8
829.8
829.8
829.8
829.8
829.8
829.8
829.8
829.8
829.8
829.8
829.8
829.8
829.8
829.8
829.8
829.8
829.8
829.8
829.8
829.8
829.8
829.8
829.8
829.8
829.8
829.8
829.8
829.8
829.8
829.8
829.8
829.8
829.8
829.8
829.8
829.8
829.8
829.8
829.8
829.8
829.8
829.8
829.8
829.8
829.8
829.8
829.8
829.8
829.8
829.8
829.8
829.8
829.8
829.8
829.8
829.8
829.8
829.8
829.8
829.8
829.8
829.8
829.8
829.8
829.8
829.8
829.8
829.9
829.9
829.9
829.9
829.9
829.9
829.9
829.9
829.9
829.9
829.9
829.9
829.9
829.9
829.9
829.9
829.9
829.9
829.9
829.9
829.9
829.9
829.9
829.9
829.9
829.9
829.9
829.9
829.9
829.9
829.9
829.9
829.9
829.9
829.9
829.9
829.9
829.9
829.9
829.9
829.9
829.9
829.9
829.9
829.9
829.9
829.9
829.9
829.9
829.9
829.9
829.9
829.9
829.9
829.9
829.9
829.9
829.9
829.9
829.9
829.9
829.9
829.9
829.9
829.9
829.9
829.9
829.9
829.9
829.9
829.9
829.9
830.0
830.0
830.0
830.0
830.0
830.0
830.0
830.0
830.0
830.0
830.0
830.0
830.0
830.0
830.0
830.0
830.0
830.0
830.0
830.0
830.0
830.1
830.1
830.1
830.1
830.1
830.1
830.1
830.1
830.1
830.1
830.1
830.1
830.1
830.1
830.2
830.2
830.2
830.2
830.2
830.2
830.2
830.2
830.2
830.2
830.2
830.2
830.2
830.3
830.3
830.3
830.3
830.3
830.3
830.3
830.4
830.4
830.4
830.4
830.4
830.4
830.4
830.4
830.4
830.4
830.5
830.5
830.5
830.5
830.5
830.5
830.5
830.6
830.6
830.6
830.6
830.6
830.6
830.6
830.6
830.7
830.7
830.7
830.7
830.7
830.7
830.7
830.8
830.8
830.8
830.8
830.8
830.9
831.0
831.1
831.2
831.2
831.2
831.2
831.2
831.2
831.3
831.3
831.4
831.4
831.4
831.4
831.4
831.4
831.5
831.5
831.5
831.5
831.6
831.6
831.6
831.6
831.7
831.8
831.8
831.8
831.9
831.9
831.9
831.9
831.9
831.9
831.9
832.0
832.0
832.0
832.0
832.1
832.1
832.2
832.3
832.3
832.3
832.3
832.5
832.5
832.5
832.6
832.6
832.7
832.7
832.7
832.7
832.8
832.9
832.9
832.9
833.0
833.0
833.3
833.3
833.4
833.5
833.5
833.5
833.7
833.7
834.1
844.4
845.2
845.3
845.3
845.4
845.4
845.8
845.9
845.9
846.0
846.0
846.4
846.6
846.7
846.7
846.7
846.9
847.1
847.1
847.1
847.2
847.3
847.4
847.4
847.5
847.6
847.9
848.0
848.0
848.0
848.0
848.1
848.1
848.2
848.2
848.3
848.3
848.4
848.5
848.6
848.6
848.7
848.7
848.7
848.8
848.8
848.8
848.8
848.9
848.9
849.0
849.1
849.2
849.3
849.3
849.4
849.5
849.6
849.8
849.8
849.9
849.9
849.9
850.2
850.4
850.4
850.4
850.5
851.0
851.0
851.1
851.1
851.1
851.3
851.3
851.3
851.4
851.4
851.5
851.5
851.5
851.6
851.6
851.7
851.7
851.8
851.8
851.9
851.9
851.9
851.9
852.0
852.0
852.1
852.1
852.1
852.2
852.2
852.3
852.3
852.4
852.5
852.5
852.6
852.6
852.7
852.8
853.1
853.1
853.1
853.3
853.3
853.5
853.5
853.5
853.6
853.6
853.6
853.6
853.6
853.6
853.7
853.7
853.7
853.8
853.8
853.8
853.9
853.9
853.9
853.9
854.0
854.1
854.1
854.1
854.1
854.1
854.2
854.2
854.2
854.3
854.4
854.4
854.4
854.4
854.5
854.5
854.6
854.6
854.7
854.9
854.9
855.0
855.2
855.4
855.6
855.6
855.6
855.6
855.8
855.8
855.8
855.8
856.0
856.0
856.2
856.2
856.2
856.3
856.6
856.6
856.6
856.7
857.0
857.0
857.0
857.1
857.3
857.5
857.5
857.6
857.7
857.9
857.9
858.1
858.2
858.7
858.7
859.0
859.0
859.0
859.1
859.1
859.1
859.2
859.4
859.4
859.8
860.0
860.1
860.1
860.4
860.6
860.7
860.9
861.1
861.4
861.4
861.7
861.7
861.9
862.2
862.2
862.2
862.4
862.4
862.6
862.7
862.8
863.4
863.4
863.6
863.8
863.9
864.3
864.5
864.5
864.8
865.7
866.1
866.5
866.7
867.5
867.6
868.2
868.4
868.5
869.3
869.8
869.9
871.3
871.9
873.4
873.5
873.6
873.6
873.8
874.1
874.9
876.3
877.1
878.6
882.0
882.2
882.6
886.9
887.0
887.7
898.7
988.2
988.3
988.3
988.3
988.3
988.3
988.3
988.3
988.3
988.3
988.3
988.4
988.4
988.4
988.4
988.4
988.4
988.4
988.4
988.4
988.4
988.4
988.4
988.4
988.4
988.4
988.4
988.4
988.4
988.4
988.4
988.4
988.4
988.4
988.4
988.4
988.4
988.4
988.4
988.4
988.4
988.4
988.4
988.4
988.4
988.4
988.4
988.4
988.4
988.4
988.4
988.5
988.5
988.5
988.5
988.5
988.5
988.5
988.5
988.5
988.5
988.5
988.5
988.5
988.5
988.5
988.5
988.5
988.5
988.5
988.5
988.5
988.5
988.5
988.5
988.5
988.5
988.5
988.5
988.5
988.5
988.5
988.5
988.5
988.5
988.5
988.5
988.5
988.5
988.5
988.5
988.5
988.5
988.5
988.5
988.5
988.5
988.5
988.5
988.5
988.5
988.5
988.5
988.5
988.5
988.5
988.5
988.5
988.5
988.5
988.5
988.5
988.5
988.5
988.5
988.5
988.5
988.5
988.5
988.5
988.5
988.5
988.5
988.5
988.5
988.5
988.5
988.5
988.5
988.6
988.6
988.6
988.6
988.6
988.6
988.6
988.6
988.6
988.6
988.6
988.6
988.6
988.6
988.6
988.6
988.6
988.6
988.6
988.6
988.6
988.6
988.6
988.6
988.6
988.6
988.6
988.6
988.6
988.6
988.6
988.6
988.6
988.6
988.6
988.6
988.6
988.6
988.6
988.6
988.6
988.6
988.6
988.6
988.6
988.6
988.6
988.6
988.6
988.6
988.6
988.6
988.6
988.6
988.6
988.6
988.6
988.6
988.6
988.6
988.6
988.6
988.6
988.6
988.6
988.6
988.6
988.6
988.6
988.6
988.6
988.6
988.6
988.6
988.6
988.6
988.6
988.6
988.6
988.6
988.6
988.6
988.6
988.6
988.6
988.6
988.6
988.6
988.6
988.6
988.6
988.6
988.6
988.6
988.6
988.6
988.6
988.6
988.6
988.6
988.6
988.6
988.6
988.6
988.6
988.6
988.6
988.6
988.6
988.6
988.6
988.6
988.6
988.6
988.6
988.6
988.6
988.6
988.6
988.6
988.6
988.6
988.6
988.6
988.6
988.6
988.6
988.6
988.6
988.6
988.6
988.6
988.6
988.6
988.6
988.6
988.6
988.6
988.7
988.7
988.7
988.7
988.7
988.7
988.7
988.7
988.7
988.7
988.7
988.7
988.7
988.7
988.7
988.7
988.7
988.7
988.7
988.7
988.7
988.7
988.7
988.7
988.7
988.7
988.7
988.7
988.7
988.7
988.7
988.7
988.7
988.7
988.7
988.7
988.7
988.7
988.7
988.7
988.7
988.7
988.7
988.7
988.7
988.7
988.7
988.7
988.7
988.7
988.7
988.7
988.7
988.7
988.7
988.7
988.7
988.7
988.7
988.7
988.7
988.7
988.7
988.7
988.7
988.7
988.7
988.7
988.7
988.7
988.7
988.7
988.7
988.7
988.7
988.7
988.7
988.7
988.7
988.7
988.7
988.7
988.7
988.7
988.7
988.7
988.7
988.7
988.7
988.7
988.7
988.7
988.7
988.7
988.7
988.7
988.7
988.7
988.7
988.7
988.7
988.7
988.7
988.7
988.7
988.7
988.7
988.7
988.7
988.7
988.7
988.7
988.7
988.7
988.7
988.7
988.7
988.7
988.7
988.7
988.7
988.7
988.7
988.7
988.7
988.7
988.7
988.7
988.7
988.7
988.7
988.7
988.7
988.7
988.7
988.7
988.7
988.7
988.7
988.7
988.7
988.7
988.7
988.7
988.7
988.7
988.7
988.7
988.7
988.7
988.7
988.7
988.7
988.7
988.7
988.7
988.7
988.7
988.8
988.8
988.8
988.8
988.8
988.8
988.8
988.8
988.8
988.8
988.8
988.8
988.8
988.8
988.8
988.8
988.8
988.8
988.8
988.8
988.8
988.8
988.8
988.8
988.8
988.8
988.8
988.8
988.8
988.8
988.8
988.8
988.8
988.8
988.8
988.8
988.8
988.8
988.8
988.8
988.8
988.8
988.8
988.8
988.8
988.8
988.8
988.8
988.8
988.8
988.8
988.8
988.8
988.8
988.8
988.8
988.8
988.8
988.8
988.8
988.8
988.8
988.8
988.8
988.8
988.8
988.8
988.8
988.8
988.8
988.8
988.8
988.8
988.8
988.8
988.8
988.8
988.8
988.8
988.8
988.8
988.8
988.8
988.8
988.8
988.8
988.8
988.8
988.8
988.8
988.8
988.8
988.8
988.8
988.8
988.8
988.8
988.8
988.8
988.8
988.8
988.8
988.8
988.8
988.8
988.8
988.8
988.8
988.8
988.8
988.8
988.8
988.8
988.8
988.8
988.8
988.8
988.8
988.8
988.8
988.8
988.8
988.8
988.8
988.8
988.8
988.8
988.8
988.8
988.8
988.8
988.8
988.8
988.8
988.8
988.8
988.8
988.8
988.8
988.8
988.8
988.8
988.8
988.8
988.8
988.8
988.8
988.8
988.8
988.8
988.8
988.8
988.8
988.8
988.8
988.8
988.8
988.8
988.8
988.8
988.8
988.8
988.9
988.9
988.9
988.9
988.9
988.9
988.9
988.9
988.9
988.9
988.9
988.9
988.9
988.9
988.9
988.9
988.9
988.9
988.9
988.9
988.9
988.9
988.9
988.9
988.9
988.9
988.9
988.9
988.9
988.9
988.9
988.9
988.9
988.9
988.9
988.9
988.9
988.9
988.9
988.9
988.9
988.9
988.9
988.9
988.9
988.9
988.9
988.9
988.9
988.9
988.9
988.9
988.9
988.9
988.9
988.9
988.9
988.9
988.9
988.9
988.9
988.9
988.9
988.9
988.9
988.9
988.9
988.9
988.9
988.9
988.9
988.9
988.9
988.9
988.9
988.9
988.9
988.9
988.9
988.9
988.9
988.9
988.9
988.9
988.9
988.9
988.9
988.9
988.9
988.9
988.9
988.9
988.9
988.9
988.9
988.9
988.9
988.9
988.9
988.9
988.9
988.9
988.9
988.9
988.9
988.9
988.9
988.9
988.9
988.9
988.9
988.9
988.9
988.9
988.9
988.9
988.9
988.9
988.9
988.9
988.9
988.9
988.9
989.0
989.0
989.0
989.0
989.0
989.0
989.0
989.0
989.0
989.0
989.0
989.0
989.0
989.0
989.0
989.0
989.0
989.0
989.0
989.0
989.0
989.0
989.0
989.0
989.0
989.0
989.0
989.0
989.0
989.0
989.0
989.0
989.0
989.0
989.0
989.0
989.0
989.0
989.0
989.0
989.0
989.0
989.0
989.0
989.0
989.0
989.0
989.0
989.0
989.0
989.0
989.0
989.0
989.0
989.0
989.0
989.0
989.0
989.1
989.1
989.1
989.1
989.1
989.1
989.1
989.1
989.1
989.1
989.1
989.1
989.1
989.1
989.1
989.1
989.1
989.1
989.1
989.1
989.1
989.1
989.1
989.1
989.1
989.1
989.1
989.1
989.1
989.1
989.1
989.1
989.1
989.1
989.1
989.1
989.1
989.1
989.1
989.2
989.2
989.2
989.2
989.2
989.2
989.2
989.2
989.2
989.2
989.2
989.2
989.2
989.2
989.2
989.2
989.2
989.2
989.2
989.2
989.2
989.3
989.3
989.3
989.3
989.3
989.3
989.3
989.3
989.3
989.3
989.3
989.3
989.3
989.3
989.3
989.3
989.3
989.4
989.4
989.4
989.4
989.4
989.4
989.5
989.5
989.5
989.5
989.5
989.5
989.5
989.5
989.6
989.6
989.6
989.6
989.6
989.6
989.6
989.6
989.6
989.7
989.7
989.7
989.7
989.7
989.7
989.7
989.7
989.7
989.7
989.7
989.7
989.7
989.8
989.8
989.8
989.8
989.8
989.8
989.8
989.8
989.8
989.9
989.9
989.9
989.9
989.9
990.0
990.0
990.0
990.0
990.0
990.0
990.0
990.0
990.0
990.1
990.1
990.1
990.1
990.1
990.1
990.1
990.1
990.1
990.1
990.2
990.2
990.2
990.2
990.3
990.3
990.3
990.3
990.4
990.4
990.4
990.4
990.4
990.5
990.5
990.5
990.6
990.6
990.8
990.8
990.9
990.9
991.0
991.0
991.0
991.1
991.1
991.1
991.1
991.1
991.2
991.2
991.2
991.2
991.2
991.2
991.3
991.3
991.3
991.3
991.4
991.5
991.6
991.6
991.7
991.7
991.7
991.7
991.8
991.8
991.9
991.9
991.9
992.0
992.0
992.0
992.0
992.0
992.1
992.1
992.2
992.4
992.4
992.5
992.5
992.5
992.6
992.7
992.9
992.9
992.9
993.0
993.0
993.0
993.0
993.2
993.3
993.3
993.4
993.7
993.7
993.7
993.9
994.2
994.2
994.6
