5507
1111
3766
0
298
6542
3349
5351
6047
8914
1198
3747
9060
9788
1064
4215
23
6191
794
850
1171
1862
5020
299
976
8209
8642
613
3004
3603
3684
7079
3764
8969
5927
3659
5618
5916
8100
726
5119
7940
8207
3536
4620
9458
1046
4400
4815
2318
4548
5378
5985
7700
1885
2728
721
2990
5572
8716
3631
4063
7218
8450
8645
8731
2034
4094
7651
433
6232
8804
5426
8442
832
1777
2061
2966
5951
9290
4757
2128
6589
8565
8841
37
3271
4173
4763
4979
6108
6574
1791
3170
8778
951
2698
4826
4912
8121
9871
1550
5438
58
518
835
4372
5120
6813
8391
8465
9077
127
227
813
2074
2433
2765
3249
4027
4417
6294
7020
7129
8683
8925
3472
4617
5933
8479
9009
9201
443
1093
1504
6888
7642
7952
8190
9526
233
1966
2685
5699
5867
8899
328
4659
6969
8690
1679
2195
4956
5805
6665
7482
7819
9502
5124
6526
7629
8139
501
1182
1271
4554
8839
9047
378
598
971
1484
2321
5041
5208
9261
9358
9895
9949
429
1110
3408
4582
6091
6329
6764
7884
7970
9444
495
5239
5748
1466
2956
9373
9437
1592
1838
4329
4449
1131
2827
6173
6410
218
1288
1434
1529
3288
3793
6359
6403
7040
7213
8849
3602
4588
4632
2024
3017
4492
5220
5250
5575
6141
6607
9751
60
302
879
1570
4409
4903
7725
8170
8685
8998
9969
3600
4842
7365
9902
821
1826
3045
3286
5158
6855
8052
8189
9313
9553
1818
5779
6004
6089
6339
8043
9434
550
865
1388
2437
2586
2670
3113
3434
5676
6861
7895
9315
9438
263
3850
3876
4104
4737
5484
288
2673
5793
6143
7468
8677
1129
3380
5203
5425
7168
8580
8864
9388
343
7010
8515
8762
1410
1768
2376
4427
8055
8393
8424
2907
3963
3967
4354
4748
6617
7672
1115
1413
4713
5743
8660
1639
4035
4182
5879
6675
7132
7935
8325
257
284
586
941
2503
5478
6029
6605
8561
8785
9589
2151
3980
4065
4122
4165
4650
5207
6754
6770
6869
7737
2861
5352
6147
7291
1609
3471
3716
4851
9606
424
1942
2056
3245
5375
5454
6131
6774
7233
7742
8158
9726
379
3638
4114
5383
5774
6582
6680
7372
9093
9325
1515
1737
3325
4239
5437
5598
8304
8834
8871
111
487
5325
5595
9068
9215
9424
738
4439
4590
4709
8820
3059
4097
5146
6423
8733
9414
9687
9906
9910
785
2153
5525
5729
6532
7013
7193
268
384
1963
2218
2720
2767
4301
5369
6676
6876
8243
9097
9162
9218
9930
834
1855
2182
4615
5675
7305
7556
9108
9121
9475
9565
9919
259
1755
2360
2451
4062
4106
4616
5297
5627
6290
8922
68
817
1071
1159
2322
3530
3618
4113
5828
6200
6383
6443
205
334
1326
4610
5924
6398
7681
7734
9460
3205
4828
5732
6058
6935
2245
2424
3799
3816
6259
6591
8045
1903
2282
3020
5735
6751
7458
7722
8108
217
290
1172
2105
3385
6150
6518
6782
7999
8437
8984
9101
342
2220
8691
8938
9677
2877
3180
3817
4940
5318
5947
5976
6368
6616
7614
900
1191
1337
1926
2270
2658
3298
3762
3936
4949
5244
6753
6409
6787
6790
7751
8215
1569
1800
2164
4290
4939
4995
5151
5960
6810
7162
398
903
3109
3360
3504
4178
5761
6256
9591
2463
2753
3389
3607
3846
4136
5311
7381
8577
8622
9961
804
1321
2187
2307
2852
3790
5804
5894
6094
6161
6924
7156
8606
9142
193
2681
3484
7090
7703
8587
8750
8988
3949
4067
5733
7307
8392
9115
9420
2093
3215
3658
9032
1475
4060
4571
4817
4941
5058
5939
6744
6887
7459
7879
8413
277
1672
2109
3540
4179
4307
4340
4999
5848
6127
6922
7572
81
504
1928
4645
4936
6255
9974
623
2652
4043
5912
8674
8822
9887
1498
1533
1908
3133
3353
4108
5154
6476
7467
8917
119
1614
5503
7175
7191
8105
8948
3693
4512
8368
9343
1323
1514
1870
2865
4426
4933
8625
8954
9140
30
798
1459
2297
7309
7323
7930
35
355
1941
2796
2994
3806
5113
8070
8099
1690
1980
2962
4902
5006
5249
5569
6120
6276
6899
7228
1319
1719
4530
6447
7461
7840
9856
9862
989
4899
5682
5700
6945
7532
1468
1781
2818
3187
3886
6415
7415
8576
801
2394
3519
3835
4295
5255
7508
7562
7570
8759
9763
258
1402
2793
2803
6372
6531
6736
8103
8315
8850
9149
882
2569
3450
3998
6040
6125
9814
8
254
1080
1109
2082
3323
3575
4336
7708
8960
9007
9491
667
2797
3688
4824
6225
7155
7304
7857
9394
814
1002
1143
3021
3277
3894
3932
4674
8017
8317
9038
4806
7685
9555
1305
2286
2699
3616
4503
6198
6221
6464
8051
2112
3233
3485
5563
8626
9122
1724
2942
3123
3152
5936
9005
475
536
3788
4283
6458
6601
7229
9417
9597
149
864
1647
2026
3052
3413
4353
4704
8062
9545
9772
841
886
5186
5767
9296
9824
9886
839
1801
2823
4483
6238
6399
6873
6958
7550
315
451
1214
4036
6448
6762
8838
1861
2576
2975
3571
3890
4083
8084
296
753
1070
1161
1881
2585
5652
7181
8201
59
4990
6211
8538
9529
444
1193
1752
1776
5336
6032
6454
6484
7922
243
465
828
1945
2462
4221
7441
8110
8197
9409
9481
9952
1350
2041
2718
4498
4698
7348
9523
2048
2352
2450
3363
3467
6146
7136
7455
2063
2660
4009
7436
7500
7990
9271
9780
9964
1241
4366
4646
4700
4965
7983
8344
8774
9029
2194
3178
3235
3605
5788
7038
110
186
2379
5159
5686
7979
8319
1231
1783
2486
2825
2881
4031
4302
4482
7421
8250
9064
9210
9495
9522
583
1265
1961
3331
3702
5629
5899
6070
6823
8030
252
4269
4434
6343
7424
1824
1914
4058
505
524
934
2357
2695
3155
3206
3700
4717
5085
5948
6422
7805
8527
2075
2369
4271
4920
6364
7189
7382
9242
143
1906
2747
3238
4044
4131
4141
4348
4666
6005
6600
8653
164
396
478
1658
2468
2746
2944
3411
3455
4145
5587
6051
7883
9531
668
716
5637
6834
8120
8403
71
1340
1597
2236
2768
3465
5099
9486
984
1252
1354
2722
3669
5492
5641
5709
8021
8345
9480
947
992
1018
4720
4898
5834
6720
6894
7838
8011
8763
1622
1706
2410
2637
6966
7627
8160
8739
990
2894
3895
3954
5165
6431
6509
7860
8341
9019
9260
9273
9661
395
1295
6973
919
3533
810
1865
3280
5331
6318
6442
9528
9729
96
991
1220
1371
3115
5226
5754
6804
7202
7268
7320
8667
2536
2721
2805
2895
3805
5852
1840
1959
2337
3095
3156
3712
3933
4895
5328
8910
9360
9552
1178
5279
5534
6022
7495
8399
9196
278
469
822
3149
4279
5086
8661
4205
5842
8943
8953
326
946
3828
7816
8662
1344
3112
3242
3597
3809
7437
1250
1605
5043
8501
2350
5177
7220
9336
1049
2439
3898
370
374
591
1027
2458
3119
4910
7223
9579
2594
3778
7825
975
2579
3161
4000
5482
6520
1443
3410
6020
7149
7609
9226
1694
3814
6489
9637
9742
9866
1034
3626
5112
5893
7004
8042
9953
1733
3388
4993
6469
6648
7244
7284
3751
6446
6849
7477
8106
1888
2646
4034
6919
7713
931
1616
1883
2494
2565
3056
3075
4077
4337
4915
6732
7581
8654
8798
9100
9989
694
2095
3481
4485
4977
5206
6926
8812
26
497
796
1217
1401
2643
4455
5849
7808
8371
8414
3168
6712
7721
9010
9634
2104
3066
4074
8852
9435
642
3151
3586
5242
6967
1408
2188
2320
3024
3821
3972
4308
5654
7728
1638
2757
6075
8067
8958
1242
2566
5364
7122
8353
8484
8702
1722
4801
6618
9642
2453
2633
4693
7730
8855
8924
1909
5821
6487
8815
9264
1291
1335
1491
3226
5134
5651
9488
9884
2097
2317
3395
5825
8584
9314
9761
139
380
2336
3531
4367
5401
5548
6473
7075
7251
8784
9123
9793
2927
6673
9184
9515
1555
3136
5796
7027
7720
3822
5209
7341
9898
902
1645
3222
3613
6847
7457
7533
8981
9411
126
1769
2835
3285
5765
7001
1676
3034
3648
3845
6735
8729
9000
337
2531
2909
6102
7271
7633
9483
891
1744
2806
2918
3067
4628
6714
7051
9230
341
397
1007
2278
4171
4594
7683
1277
4255
5066
5335
5571
7112
7886
2523
3981
6722
6933
7682
9342
9923
177
646
1154
4379
8744
280
665
723
8474
9268
351
1157
4695
5205
5266
5417
8640
8860
1429
6950
892
2068
2141
3190
3373
4820
5588
6483
9971
1225
1315
1762
1808
3272
4497
5028
9044
2009
3319
3506
3718
4016
5870
6893
7759
8145
8651
2672
5354
6239
8305
9485
3185
3228
3965
6241
7092
8406
9158
9743
9956
241
2809
8634
8643
242
1532
2231
4971
5422
6135
9745
806
1059
6450
6852
7493
8162
9429
1681
2444
3039
3556
4578
8023
8467
8586
2528
4653
4930
5082
5922
7294
9720
1207
1480
4885
4919
7776
8832
1216
1703
6516
7026
8670
9331
9828
2000
3851
7039
8468
8639
2204
2663
3366
4486
5079
5081
5564
7649
8038
8512
8783
9706
3581
4079
8573
1082
2211
3209
5841
543
1583
1957
3183
3784
7580
7953
8631
9413
2507
3355
3905
4448
5100
5604
152
3744
5456
6272
6436
7005
8416
463
2950
3609
4857
7973
8807
9719
9770
4129
4664
6527
9322
2249
5589
1062
2889
3221
3509
4581
5566
6079
8878
408
1166
1907
3599
3608
3995
3996
4244
6418
6583
7209
8932
683
808
5614
5827
6530
7034
9156
195
2705
4369
5907
6692
7158
7280
56
618
5552
6731
7676
8990
8997
9839
486
2741
4026
5649
5737
9518
510
614
1419
1953
6641
8281
9680
51
1060
1677
2792
3268
5153
5458
7864
8294
2020
2057
3392
4190
4875
5056
5717
5853
6689
7620
881
5493
8725
8851
5312
8374
8888
9248
9874
690
2391
5962
7859
1933
2399
2600
124
1960
3038
3734
4023
4172
5450
5480
8824
5488
8258
492
655
2255
2959
6838
7622
9718
2260
2449
3928
4689
7743
8351
67
107
1033
2042
4072
6425
9749
1023
2121
3584
6279
7378
8710
9157
652
722
1234
5510
7390
180
4135
5993
8216
4132
2092
2562
3072
7409
7994
8093
8933
1643
3545
4229
9645
1918
3957
5783
9557
9611
2405
5014
5094
5984
6434
7505
8004
2
470
1316
3079
3126
4445
4935
9104
5343
6224
6319
9596
4347
4792
4887
6199
7417
9415
526
2261
3090
6303
8963
9227
123
3088
8159
8238
9934
2476
2553
5476
7052
8303
9324
9467
2133
3708
9147
9442
1773
4566
4905
5338
5496
5573
6390
6868
9164
9247
9372
1936
2949
3622
7102
8347
9168
9212
4029
5180
7664
8497
8897
8986
247
2327
3630
9118
482
949
1105
2429
2543
7731
3877
5332
6585
7131
2274
2532
3289
5490
7173
1262
1873
1993
4343
4468
5322
6664
3341
6229
24
279
2388
4084
5698
6129
7639
500
4651
6116
8014
4202
5321
5977
8909
2812
2703
3757
4149
8172
1943
2624
3189
6003
8503
8523
556
2100
4385
7694
1775
2055
3697
5723
751
4055
4403
6160
9869
936
1984
2193
6621
8049
159
1382
1698
1922
3074
3173
5166
6046
6350
7313
9967
62
1696
4625
6300
7450
7499
8682
3246
6841
7019
7352
8500
8537
9332
9498
55
1479
1764
2630
4250
5591
5919
8946
2140
5607
9796
467
6163
9622
1666
5258
6750
7898
8618
4175
6910
9249
9283
9963
640
1311
3311
8829
63
327
1937
4305
4682
2086
3416
3610
9365
9586
48
130
165
471
2544
5346
8439
275
434
4318
5300
6559
8579
1213
8297
998
1846
2922
4506
4509
7196
7420
617
1005
2338
6453
6794
7496
3382
7474
3468
7463
8363
9439
9477
4304
5381
6210
6949
6315
554
1522
1689
2079
2167
3645
6793
228
5198
6050
7308
1282
8694
7047
2304
3364
7916
8817
8884
873
4776
8122
317
7573
7601
8194
204
2619
6219
8384
8470
9506
5409
8376
9821
5487
8226
9461
5556
5949
6111
6970
8059
21
2499
7666
9221
5241
5373
9985
1847
2475
4431
7351
8498
8818
8853
9725
584
4585
9012
171
1387
1753
4476
7082
1141
3070
3393
7606
9943
229
1057
1815
2407
5434
7719
3865
5635
570
7528
9904
3401
411
3073
6027
9578
1235
2687
2689
5747
7747
9034
404
3138
4248
4669
5096
6898
8711
4623
7578
9739
2773
3919
4970
7762
6009
167
1048
6099
318
2888
6587
7553
507
2587
5344
2890
4656
5310
7054
8989
9456
957
1065
2069
3150
3483
6517
9279
1212
1266
2929
6475
6895
953
2847
3541
5038
5472
5538
1016
2911
3760
5918
7466
9849
538
2372
6132
7558
2785
7006
33
237
441
1035
1652
2161
2991
8027
8036
8787
9240
9328
9468
8826
9203
9847
4246
4264
7958
9583
4460
1804
4819
7397
8996
9401
672
7585
3063
3337
6512
9341
691
1400
8472
8930
5446
7791
7693
4701
6093
6915
169
933
8594
5031
9992
2044
9451
9492
1061
5065
5132
6467
696
2800
4090
6277
101
557
5385
6558
7117
8941
9084
1320
4611
286
2031
1394
4957
6186
6592
9074
9289
823
1428
3503
5559
6588
8128
9844
3879
4256
7270
7955
9287
9658
145
391
917
1200
3962
5537
8134
8649
9528
4099
5583
7187
8090
9865
9970
129
1620
4779
5088
5632
8952
1021
3462
4155
4537
484
1069
3436
775
1390
1543
7540
8493
1039
1189
2208
2930
8478
1068
6623
8113
9027
929
952
5021
7488
9716
5847
6613
533
6445
5007
513
784
1126
8191
412
2014
3840
4612
5393
8637
8886
9446
9893
582
3815
4020
4361
4603
5078
7322
7443
8328
9112
82
1083
6369
6474
93
178
2411
3022
7623
9079
1615
1469
2366
2790
5889
6192
7546
8556
1886
1964
3335
3991
7374
8689
8842
95
261
4660
5152
923
1496
7691
3
537
2039
2841
7360
9224
1738
2734
7156
8003
9901
685
1535
2913
5155
6733
4037
5427
6703
8929
3657
7426
8367
360
2190
3042
4892
7370
3926
7434
1731
1947
2073
4262
4388
6853
8323
34
625
994
1820
2373
3358
10
1079
2310
2446
2582
6087
6539
4201
6104
4747
6064
6695
121
673
5068
5773
6672
210
2710
8672
8687
9802
2375
8298
9760
675
4972
5959
7144
7412
4192
6142
8597
5625
5785
6843
6886
9624
1346
2625
7902
8928
9200
9265
4447
4867
2691
6610
8165
4232
7679
9698
153
2748
2912
7106
8730
2623
2172
5138
5161
359
447
481
692
2781
3704
5980
6781
8781
6700
8799
1113
1130
6316
3677
3964
4494
6833
9392
2049
5964
9685
3776
7764
4770
8657
9081
3546
8065
6414
9623
2122
3002
3553
8993
3270
5500
8779
516
6118
6428
8921
887
2556
4831
1215
2876
6816
8835
783
1750
4373
8383
4840
4877
3591
8713
4330
9987
5054
3796
4070
5791
9230
9432
928
4322
1850
4850
4866
8187
2303
2866
7274
9966
777
3486
5672
8369
1246
4556
1003
2985
7487
720
2763
5479
8545
437
5240
5324
8136
9387
607
1564
2401
3192
3234
1312
2160
3668
4797
8079
3220
9812
90
5305
7121
1205
6666
644
3216
6044
4157
1702
4380
5257
5543
6245
7084
9980
1835
5229
5741
1380
2842
5077
9907
4799
9107
924
1325
4868
5988
6948
7435
1264
9607
9789
2037
7429
2925
3028
5467
2398
5448
6696
8220
9410
6363
4326
7462
9270
1239
4721
8578
4046
6306
4514
7257
1972
4015
6011
9274
1253
3384
9635
438
7538
8895
9662
316
6579
7206
453
2356
8975
4437
1602
2423
2941
7727
99
2174
6609
8991
1336
350
1148
4697
7336
2381
6763
9914
1898
2200
6851
4143
7041
2571
1720
1778
2324
3875
4527
5408
5464
8581
9581
3244
6217
50
3343
1417
1462
1490
1655
2696
2725
3320
6351
7812
9357
1678
4783
6197
2046
3398
3735
4313
5164
2701
4832
6802
6826
7549
9441
6002
6983
7772
9693
2530
4809
9678
311
689
1095
4274
8199
539
589
6244
6355
72
75
643
1044
7194
9262
166
3374
2225
3308
4878
6378
2022
2240
4677
6678
1967
3792
1493
2334
4092
5858
6537
1697
5053
1812
7098
9541
9773
8511
4592
5468
7659
2222
117
1524
9183
1829
8071
4328
1123
1521
5584
5856
6267
9312
8286
9440
4520
8976
253
2212
1185
2954
7119
8218
8287
4098
4154
575
1155
1173
6907
1595
2830
6307
6421
8813
9981
1905
2091
5034
7756
1066
1952
2581
4718
528
5210
552
5596
7645
2572
5216
6729
3232
4407
9167
1348
8912
8349
8658
9020
9595
135
5937
6669
9855
390
1704
2875
4376
5265
7941
7107
1593
3030
6393
9026
1119
1358
5901
6747
9670
8458
8633
9348
5463
8492
4153
638
6247
842
8224
1372
5295
9734
7086
3890
5353
9004
4011
8632
759
1381
6302
7286
2979
3217
6162
9141
309
2700
162
3910
1581
2288
7752
8940
3582
5906
314
8598
9109
6649
7771
9252
2101
7521
2459
8192
9427
6864
6903
1209
6805
86
663
3501
6193
6495
7964
6218
9125
115
1052
4953
4752
4235
460
9452
6523
9562
4749
5107
5281
9759
6178
6860
4705
6786
6990
4661
6326
113
1767
223
9905
948
6212
6978
4047
7699
3000
4320
7066
9497
789
1435
8877
9673
1004
2884
5072
8522
8903
6348
6878
8050
5162
9295
3477
6766
7489
7516
8012
1201
1687
4193
5908
9543
7718
8475
1517
6165
6510
6159
7873
8726
9374
2848
6753
8179
336
5920
8712
8955
4003
9889
4727
5565
5624
7604
9959
5499
7393
104
1195
3997
4864
5663
9035
9799
5521
4821
5230
8335
1483
5326
5636
6065
8659
8811
2292
8142
8196
3313
3678
4753
6209
7182
1224
2914
9657
4760
5832
733
869
616
985
735
3625
262
2145
2279
2871
7359
9885
4744
8773
9592
9669
3908
6814
7454
2738
3339
5498
1641
2059
2077
3404
5758
5844
1249
1301
4300
6196
4672
8627
9326
9353
2425
8663
9619
3174
160
3444
2920
8692
1842
4675
6940
7800
8985
6507
9062
4471
8210
9050
963
2488
3196
4790
5941
8169
3590
4317
4982
4991
6377
2713
3043
3093
2010
2420
4505
9354
3359
9696
118
1047
1397
1467
7399
8728
9567
282
4978
9618
1203
5605
9829
3061
4741
6759
9791
7263
7445
7646
7985
7888
8009
9126
9667
4929
6687
7137
8312
9960
628
2364
5187
5460
969
2676
893
4795
5213
8894
7885
8688
9582
8602
3085
8459
906
1630
6808
8255
9075
1976
6019
2535
5531
4040
8883
399
540
1442
1746
2840
5780
7329
1100
5812
1889
2296
3993
4282
3861
6330
6871
2347
8123
9188
8268
8277
1740
793
3547
8131
3422
2635
6662
8462
1236
4928
868
3103
8284
9852
3077
2335
4827
3080
5064
7061
9269
3269
7065
1784
1890
2690
4159
6536
8736
8961
5998
8676
9823
6812
9831
9975
1085
6522
4234
6097
8186
3405
715
6874
5268
4772
1508
7750
2116
5814
7143
3044
4364
1656
9786
6486
4574
4814
3528
3474
3717
8252
9736
3499
2252
4242
9534
9940
1830
8521
5263
1275
954
6638
8668
163
8966
6957
7690
3279
1058
2285
4671
134
3224
4917
5621
5923
877
1102
3711
6220
9389
1619
5386
1227
196
4932
9214
6951
7347
1458
1537
4050
1747
3827
7811
1025
5243
9709
219
2487
4443
6702
8684
734
4876
4266
1989
7510
3489
6596
5483
5725
771
910
1675
1355
8884
3549
7644
1276
5687
5921
8915
3349
5308
7697
9973
1092
2445
8876
1440
3365
6606
4501
6420
8270
170
5024
7776
9897
9863
9235
4723
5167
9636
5168
7696
4881
6433
2443
9385
313
7536
8235
4715
553
908
988
7380
8782
9767
2677
3203
7068
122
2667
3283
9304
9375
5084
7781
8122
579
883
2614
7138
8269
2403
6796
8054
4475
2490
3820
9131
9281
3297
651
5878
5058
5753
9723
2078
321
2198
2627
5272
9504
7141
8455
3848
5917
2136
3520
571
7523
5620
7414
6968
5232
8552
8723
7259
7755
929
8573
2071
9861
7939
8506
2263
4166
5240
7337
4502
7778
697
6068
1631
1426
2641
8166
6334
9152
8460
3051
9811
6138
6331
3010
4428
6222
4115
8546
4162
4846
6881
7011
6253
6608
9078
9337
3177
2529
2986
3204
9516
200
8311
2680
5001
5320
7568
2102
1506
1625
1362
6481
3676
5792
4629
5037
349
3635
4668
2997
6387
9175
25
5264
7675
8075
1187
4299
6768
7237
1874
78
2659
7111
7145
7258
2436
2919
5821
8471
9712
3231
4796
4923
9305
9888
3225
4120
8461
4370
4710
1370
6771
4910
2300
2896
3565
7465
1383
2504
4764
7366
1088
2902
8058
9070
5484
6190
2946
9752
9379
1552
1045
2639
9231
1460
2005
4197
7091
9339
3140
7031
9916
9032
4911
5680
6231
6491
7154
7376
510
8987
6152
6891
1832
7355
1580
3496
7971
5126
1574
3351
5367
80
748
2807
6642
6704
3068
588
3218
5567
7919
416
6705
2905
5938
3143
6441
930
1981
2312
7599
7678
9584
2276
8843
4854
9513
1142
1031
2829
2948
542
2395
5276
4848
9471
5076
3376
2259
3824
5520
8385
6506
7321
611
5253
1446
192
448
1494
6066
3241
3837
9753
2438
4054
7379
4237
6899
7403
8389
7822
8234
1902
4454
2749
3063
6170
1063
1121
4500
5994
1977
5823
3402
3105
3971
5590
4386
8591
221
6513
7855
9695
2900
5651
146
1780
7803
4490
6130
8840
2464
4130
5292
3550
9292
3660
2169
2761
1144
945
9209
9922
8361
8867
3137
5228
7157
8429
1226
8171
2293
9222
2251
9155
8882
2207
5347
708
8002
3014
567
4420
9096
5867
3724
6707
2264
3082
3423
6207
7331
9041
2640
5726
5036
8209
5287
9450
9575
4091
8686
7868
7779
2542
3889
5799
4980
2524
3240
8549
9650
4041
6096
7216
9472
3114
9056
6336
8189
3121
4112
8947
8978
1056
5475
8607
4951
8068
2178
4865
5913
9258
3715
4008
256
4206
5244
7572
1962
6824
8188
8548
2168
6081
7490
1086
8590
6025
5413
8057
5981
6511
6711
802
1471
3302
1985
7170
9479
6266
9935
2416
3687
4170
7537
841
6265
4335
3344
5429
8095
6501
8957
5449
9837
7029
756
2283
2668
9631
6438
9982
2053
8735
1629
5092
9779
3147
4789
8925
5396
6556
3922
8022
4988
6249
155
1813
5061
9346
8153
8536
9023
2238
7576
3163
9318
3680
6944
619
5600
3670
4357
4477
974
2235
7767
8680
9464
1761
3521
7906
862
6639
440
8646
8765
1841
2708
9858
350
3377
7404
2184
5864
7705
2162
2233
4045
7567
9671
1499
7163
2058
7602
8409
9054
4451
2456
5851
1544
9810
52
5357
464
5362
7824
7123
8902
4683
1299
3589
6309
264
634
943
2903
4298
4553
7978
4844
6746
2387
5432
2783
3693
3430
727
2839
6557
5148
5722
241
3330
5649
6085
6380
8395
6561
4053
2674
2957
5771
6529
8537
9442
8185
9520
9984
7986
7045
2647
4168
9220
6742
4085
4676
7135
9063
4922
6923
8632
1867
8048
8101
5650
8402
7504
1536
4259
6567
1161
2740
1181
7166
503
9161
2987
621
1437
2899
3769
4981
1857
6195
3867
4734
5455
2610
4390
7084
7222
8083
4223
545
1684
3597
4593
9816
97
9737
9986
2021
4640
7199
9946
9275
7249
7064
4436
4716
7680
9860
740
955
3055
4427
6314
7738
3505
6999
8116
3749
6997
968
6601
3128
7726
7961
6664
4833
7442
1551
9395
1756
1917
7980
6622
9828
8039
6301
7282
596
8476
4287
8758
8029
4396
4435
353
5298
9899
8360
347
4023
6273
8295
2568
4667
2344
7085
8280
65
2461
7946
3346
3387
4596
2775
698
61
2316
4296
4600
7632
1297
800
2282
1944
4138
9864
601
4976
9834
5951
8757
5539
9195
8249
8784
1183
1450
3985
1258
5770
7200
4897
6119
2548
4325
6497
7721
8032
7574
8350
9945
730
8495
1954
4478
7367
827
1572
5931
5959
3137
7959
260
2045
8456
158
6500
1497
2149
2032
7616
1600
5623
650
7845
6012
8529
9857
1074
1843
6572
8173
2603
8453
1991
4608
7757
7246
5696
8834
2774
8635
5509
7356
2176
6629
7032
2289
3881
5691
4297
5090
6905
6043
1923
8381
718
1082
4212
4602
9585
7241
3107
8203
9278
824
3538
6435
666
6906
7534
6540
8670
1263
9931
7834
8861
7773
9381
1255
3048
4756
3277
1384
5594
6254
8341
8691
4469
9399
8066
3169
4042
8016
3925
4303
4355
8944
6084
6354
9873
9791
1527
8945
8949
3046
2008
1089
1802
4968
7522
8428
5798
4238
6114
1711
9189
2593
7698
7042
8415
9836
6367
1015
8647
9989
7936
9229
4559
6855
2619
1084
7427
4714
5553
5325
9448
9605
6050
9668
5659
7056
7448
8087
2788
1834
6850
9633
1716
2397
3478
4657
4218
5655
5280
7146
5710
6779
1534
4472
816
4039
704
7018
2241
5193
5903
3803
7094
5098
2243
5260
131
8387
4550
3859
7461
8879
44
410
9366
2051
7709
8448
884
8046
2217
375
4695
9489
1139
4894
9835
8135
772
4495
255
7012
4595
7590
2705
8072
4285
402
3370
6137
9306
2595
7217
5578
8911
4812
8487
1177
175
439
2537
9590
1286
5340
7292
3675
4654
7475
1895
2802
4606
8144
8504
1528
7025
7615
764
2947
8206
8278
1157
2377
7987
6358
9850
3172
5102
6248
5318
6627
2108
3966
8499
6514
9144
2625
7348
4958
3064
4793
6479
7478
3991
983
1365
6424
6571
3722
8971
7984
9294
9700
1322
3208
4177
2599
9153
5550
5579
1743
2455
9079
176
5284
1433
7724
3123
3227
4220
4855
3740
8780
6984
7171
1627
4226
8435
9958
995
4013
5180
4568
2707
3942
5273
8378
1876
3230
5069
6487
5802
9682
5282
5755
7575
7169
9944
6636
3130
820
4371
6036
4156
6806
8313
9191
2295
8414
1887
3904
4583
5954
7332
7559
8895
4873
6871
6892
9783
4247
790
6581
4875
5123
9937
3664
7696
4598
4658
5885
441
2319
9601
4826
8024
6986
4729
2060
6564
8532
6401
9617
1607
3699
9978
2936
8165
4859
5540
2114
2360
7462
2148
8550
997
7618
945
480
3294
1232
2209
1302
3000
7689
1642
7904
5965
3913
2752
5887
7796
6488
8256
8640
8650
3255
6054
5150
9883
4463
8562
6233
6538
1414
9769
1349
8008
5705
2418
9558
746
154
1457
1585
1492
2514
7943
2683
3213
6932
6201
3113
3554
4184
138
6397
6934
9493
6748
8419
5505
2341
7600
8194
6252
2977
768
3847
5366
5915
2998
891
9652
7243
5839
6631
6963
309
4904
1988
2064
2557
7063
7988
7826
430
4073
3116
8965
3844
2834
6554
2098
4843
7934
4637
8746
709
3106
7584
7615
3087
6090
8750
5882
8768
8873
9213
405
5196
9244
1151
2321
1913
4491
452
5144
5933
3512
1911
848
1056
6100
3538
7885
6701
932
9744
1337
8847
7570
6569
9868
6362
3701
7263
1806
9378
4515
2846
3247
825
9444
3207
3639
5259
7494
907
962
6529
8974
7310
7406
3758
5136
4492
5619
1237
7134
1606
3065
8938
6128
1575
8959
3930
5793
6936
2772
5328
4882
5513
1634
5315
9062
8028
1567
8292
7341
5895
2719
6150
7530
9653
9991
921
3733
9111
6674
6883
9301
4947
6314
8045
9425
855
2118
1599
978
6544
1231
9761
8769
8656
3705
163
1298
9757
3710
4432
1741
6807
7028
4866
4195
7008
1285
566
986
4264
7916
8321
4990
4513
116
2340
3551
9581
2541
3511
6381
9329
2540
2642
8678
9486
2127
2702
9844
344
7927
1213
9345
9503
8706
1745
3414
9638
9688
8767
8755
9048
9404
1423
4350
4649
7997
9615
9722
758
6280
7238
8212
1374
7556
1096
401
5529
2508
9409
8789
5200
5498
6827
6091
6726
428
9730
2330
9739
8141
407
6896
5746
622
1189
5778
9246
5795
4439
5435
5752
8609
1344
5806
3212
5698
7469
577
9447
9495
8283
8969
1087
6756
9993
6388
2359
4908
236
5992
6799
3153
4769
6728
2581
5369
5497
1125
2937
6372
1090
2827
7582
761
2355
2018
7167
7291
8704
8314
9510
6989
2253
263
8425
9437
9712
1521
3703
7925
7956
8229
1726
5262
1013
8396
5113
1825
6751
7514
6635
4298
9776
8773
2453
4655
7636
9219
400
7449
6516
5199
40
752
6456
1220
1772
3690
8644
4754
5925
7089
1603
8438
2479
2470
2867
8429
477
9291
889
2044
5973
8052
4906
5309
1347
8543
4977
7101
1066
7022
2335
6526
8954
8200
6620
9046
2956
304
7247
1102
5632
8148
9082
4188
7403
1928
598
6659
8942
1570
2390
5015
8130
1955
5418
3036
8551
9049
6530
8289
9253
3438
284
451
9896
8124
7456
7655
4616
7752
9675
3850
3791
4834
8537
1501
4004
3389
7185
4141
4201
136
2869
7790
2395
3476
8465
6994
5573
2024
3945
4069
6623
4194
9731
2999
5761
6384
8172
2457
5831
1594
9288
5814
2126
9609
2833
5347
819
9364
495
1785
8722
3263
2906
6815
2780
9561
6552
1313
8502
1153
7356
2119
9154
5314
272
7701
7611
7816
1420
9759
5465
3473
7619
2792
4944
8490
3006
4841
550
4382
6117
8668
3319
5564
7266
8962
2765
7479
7967
5830
1042
8764
423
1014
6778
6998
7116
3455
5146
2538
3900
4984
7235
7288
2280
9825
2589
4604
2205
8853
2466
4157
1769
6721
361
1351
2388
8473
2092
4995
5801
9614
3646
7789
8228
2787
3807
4173
2933
5786
6236
1974
6768
4582
3104
4872
491
7996
634
4402
6057
329
4483
7096
8655
339
3053
9434
2815
5489
1455
5153
2838
7050
9713
9992
2201
4998
2786
8174
895
8645
39
3626
9630
9806
7740
616
8729
5888
9915
5635
6312
2089
7735
4155
4249
4186
1705
6240
4978
7662
8498
8964
2087
1079
5657
6594
809
6587
1996
3775
6847
9449
920
3748
7131
2868
6837
9964
3469
7176
8555
2975
7921
2111
3565
8530
6703
5157
5390
3863
213
7344
6466
2323
9142
4467
8880
8463
5750
5772
8182
3461
8793
9155
6304
9400
9552
9697
1691
3424
4472
2099
8035
4129
9728
5348
6319
1071
1669
3821
6607
32
8791
9308
7788
2101
9547
5936
8384
9050
8937
5130
14
4244
5454
8100
8437
9563
2837
4575
5896
7889
9433
2147
9691
7476
7613
9397
8436
4720
204
58
3927
337
1921
7830
9083
9418
2033
6809
5108
2779
3096
9072
3575
7800
8752
3366
7667
7869
2003
4535
3731
5981
6935
9298
1444
5414
4968
6223
9818
6203
5410
6637
1109
2151
4570
3890
7087
7236
265
6412
1644
9438
448
9138
2745
6650
6755
705
6903
5902
5949
6502
8258
5871
8558
3864
6546
8399
6781
7079
8563
9066
3925
6521
6237
9451
8574
785
2391
3439
6247
8286
732
3934
1953
6792
8594
4946
2748
8175
8485
8417
7745
255
5556
1345
7381
7635
2746
5111
8158
4025
4551
8864
6060
3768
5054
7467
1529
2973
9940
8235
5201
5677
5296
7295
6863
7546
681
900
8931
5791
6111
7433
5389
7509
8536
4468
9207
2227
1571
8043
3305
3490
7872
9073
9008
421
2636
1833
1270
2617
6064
5948
8166
8910
1310
9971
4724
7955
4594
2020
2954
8318
191
3757
7124
8713
5610
6310
2920
4363
4316
1035
4965
8359
3312
3362
5742
5815
7444
4645
7551
3958
4260
6531
8813
9327
4895
2306
7315
3136
1447
3180
2103
9845
5569
8534
603
5593
2630
152
7878
2377
2420
9803
5070
658
2545
5942
8811
2139
7115
9956
2649
5254
873
1247
7214
9843
4781
6810
7230
4434
9786
5139
2728
366
1271
343
1023
2858
4814
3013
4258
6285
2756
6889
7081
583
4047
5589
1503
2301
3812
2853
7503
6159
1993
4446
551
2478
8327
6471
1338
1665
9090
6463
4765
4868
6918
1188
9046
1473
849
1588
2004
5022
8500
5638
5794
3092
2861
8513
707
1938
3402
8714
41
660
1638
795
9873
2156
3011
4103
7777
7969
355
1279
2656
6688
9608
6210
7305
2341
6031
1147
7601
9848
961
4536
9084
6686
3635
5876
6340
8253
5982
3719
187
2022
2193
9099
1668
729
2384
8903
3254
9017
9003
9167
2273
2608
4858
2950
3837
9483
5760
1519
7813
8517
7296
1967
6689
586
1485
4703
1434
3049
8339
4125
238
4241
1584
2350
2519
5891
1695
1195
5019
19
8210
9445
37
821
1333
2531
7965
64
1172
6840
240
5591
4935
6475
8837
9571
2802
3051
3126
274
3475
8501
2536
4537
9150
1463
7556
9891
9025
4
3209
9604
7614
2816
4766
190
1204
2035
8211
9080
9855
1666
7607
9741
4614
5585
6982
1792
6773
125
62
6296
2483
4248
6675
8564
9602
6014
1714
18
3443
5935
872
3453
4554
7935
787
4133
677
2398
3304
3765
4681
8132
9194
5996
9681
5020
3995
3682
1805
5187
9898
3482
5267
7192
6153
6820
7684
8990
9494
7738
9764
9435
859
6113
2069
2302
2848
3057
6278
615
9204
1744
2637
7178
396
3787
9075
2499
6972
8096
1040
5738
4565
7422
9756
4632
252
3525
2602
4658
6437
8595
5244
1077
2641
8053
5355
8061
9108
9591
6953
7726
8122
4847
1763
88
3311
7658
3913
6205
248
7622
2951
3582
4600
6234
5402
6626
1085
4707
8207
2621
2017
2272
6316
7387
7749
3642
7299
1354
1499
8452
1104
7372
1672
6407
3564
4037
9473
102
3509
1735
4012
5131
957
3797
3961
6570
2760
3097
7643
1590
4109
7275
5250
9110
9370
5278
3517
3652
1753
8535
2852
3853
4087
1198
9331
7948
9863
6646
9170
230
4262
3458
9045
5993
3376
522
1197
3956
4404
5365
6241
1878
299
1418
4265
108
1688
2520
1475
4521
9928
2277
3152
5864
568
3221
6422
6425
829
72
3976
6368
8594
171
1516
6322
4489
6242
6657
582
7054
8850
9760
5457
2590
4923
8967
8425
2544
2581
2346
9907
3377
3200
670
6981
2168
3038
3824
9326
9440
9684
5934
2221
2793
8612
5429
8013
443
6853
8653
7265
8074
5824
733
2367
819
1645
3188
3917
2165
6130
1001
9499
2342
1635
884
1855
3562
7528
7513
9242
9830
7510
532
922
2623
5630
2595
3245
2598
7841
459
2421
2533
8457
3746
270
1891
7593
9430
9851
8397
6260
3201
4984
2946
8974
8610
8803
628
4310
9934
6771
2821
8662
6809
233
2131
2555
419
6457
8098
2922
3157
3003
7906
3433
5005
6143
2925
9596
2115
781
9998
2871
6513
7072
2376
5004
87
4158
3677
4243
8015
1748
3231
9104
3774
6503
6534
6934
436
8613
9359
3548
4862
8043
1968
4341
4852
8048
5056
3004
3661
7605
2124
2729
6325
2600
6533
9864
6155
298
535
1841
8075
4329
6720
7277
2571
84
4499
9206
3408
4711
6736
1951
6739
9333
280
348
580
734
2616
3072
737
2102
1021
3822
5817
7606
4231
6125
6571
6628
524
1469
3109
9512
1438
4199
301
4423
9831
5000
8559
6346
8085
4993
5551
2976
3606
9837
7547
2133
3771
7938
5660
5074
6604
9655
7713
9286
7334
8874
271
1174
7148
2110
1343
2371
318
3421
4267
8677
486
1269
8507
6315
6200
8509
692
8115
8267
2196
4362
1774
4181
5039
9754
7674
5693
6007
3364
4392
4568
4544
9137
7585
4366
5720
5957
731
6124
3669
3372
3410
4912
6713
1770
2980
4020
5976
66
1548
6618
5405
9660
46
8978
1947
5358
998
1930
6766
1637
3414
1199
3541
9929
2631
4503
4528
8491
1885
2246
7328
7056
1927
4102
7110
1481
1299
3556
7804
1335
392
7597
4379
9880
2309
3870
753
481
7737
827
7899
3288
5445
9770
304
3892
3290
9667
7466
8264
8387
4638
9136
5197
9020
7860
2171
35
8923
5640
9540
1389
4331
5433
8610
1018
6055
7361
8806
7120
4848
3466
3480
3671
4456
6000
435
2836
8912
5945
9184
4242
7539
6660
8949
9980
164
6581
8906
213
2648
2870
239
8621
8692
868
1416
9093
1781
7446
4670
6078
2365
3610
416
5859
7518
2857
292
3276
3898
1297
9068
2028
1030
3558
5566
6715
8401
2487
3002
2604
4650
9023
973
1306
2842
620
5521
6658
9334
2015
6895
9904
364
1843
4084
9892
9186
8086
1543
647
6955
8477
1896
4345
2113
7905
1006
4389
8628
5545
6497
2141
275
2725
3356
9323
4726
509
3299
4127
7653
4815
5456
6880
8111
8422
4414
8246
5568
4151
4179
4435
7791
2902
3755
5562
7991
5307
1920
85
2634
4236
2876
5285
2096
5899
1904
1162
3045
3479
9264
954
9620
515
6334
2714
4902
875
3428
1649
3202
6052
45
7673
3999
6676
757
6886
2655
5623
7637
1119
1820
3799
3533
7583
5511
4251
563
1400
4974
666
8190
1653
2382
4626
3812
9313
1764
5759
9818
3173
4039
2851
1243
3609
7391
338
4238
8664
455
4566
6018
2997
6298
4216
5268
7494
2055
7166
7036
8826
793
9504
2174
3320
352
5171
7534
7536
327
7968
8606
1914
5790
3238
3194
7700
1641
5093
8265
2702
6839
9353
1396
114
3513
9611
6904
9235
5149
7588
3460
8549
5890
8066
9622
5874
3640
9765
6092
1857
6677
8631
3087
6992
743
7088
8975
684
8786
2497
6632
4587
5294
7665
8059
1497
1047
2445
3634
4346
2695
5673
9069
74
8889
9444
9614
6127
6867
9059
5631
9801
4398
8878
424
1956
5716
6556
805
8883
342
8038
9180
2856
6685
8663
8047
3502
9009
9629
4752
2389
4011
9725
2944
8876
395
1853
1041
1633
1713
2421
4365
2363
6914
7976
8162
2462
7162
8368
8626
1300
2888
1874
3108
9319
7545
8548
1851
43
9638
9033
8370
8759
3101
2722
3794
7973
231
4901
7626
3043
5615
8379
3131
1265
1111
6940
876
5555
8025
295
2189
9917
2053
4808
9128
7672
874
5993
831
9360
6178
5174
531
547
2513
6791
2619
3653
629
1651
2049
1592
3862
6723
4857
1115
4767
906
2039
5597
9423
4789
4484
5249
2762
1366
8818
1869
1186
1870
8003
8888
1815
4969
7272
4991
5659
27
3082
3447
7450
2431
579
679
370
5351
4896
3347
7999
9674
942
1138
7349
6877
6394
5620
5639
6218
2547
9016
454
6826
8672
8276
3327
7009
8133
2568
5594
7002
2772
3432
7895
2705
4080
1992
2594
866
3969
7829
8732
8822
3464
7883
2423
2014
4166
6438
3160
5089
9749
3817
5198
5495
1410
7318
246
811
1566
7127
2518
3627
1312
9305
2516
6245
320
6551
9927
4488
8105
3629
5023
3877
4551
9036
9667
4430
9424
3198
7159
7638
8476
6492
9846
7375
131
4777
2847
4482
1394
8150
1865
1103
3970
6120
2684
6243
7464
2451
6181
9138
4253
6917
5106
8540
8904
8049
9634
2219
9769
4315
5487
6881
7209
3782
5822
3756
1127
6757
6872
1950
5177
7912
8342
724
6756
3536
784
5994
3542
844
987
5386
4679
249
3621
4438
1937
7760
2311
3178
6965
7506
127
2679
7578
8017
9214
7995
4569
2453
5580
1452
7642
2338
159
1314
5560
7203
7830
8319
908
1954
5713
840
5709
1153
5027
8907
2960
3325
4871
2475
9665
2615
4444
8126
1229
5335
5575
1607
7280
5496
7531
3000
8336
1625
5200
3244
9258
3176
3008
4997
6725
7661
142
2460
1254
3518
5764
374
4939
6321
2237
764
8097
9348
4378
8708
372
3247
3612
9189
349
6196
1160
7264
4490
5485
6808
3505
3405
562
1266
7406
2626
4408
4211
7589
2564
8796
4411
2699
3549
1880
4616
6169
8799
4702
9673
269
8360
3589
6046
936
5498
9548
356
1501
6702
3450
1669
5862
8716
6893
7773
6198
8970
5449
4649
3649
2385
4620
8247
470
1373
199
5587
8885
1659
517
28
8152
3085
9916
3729
2367
2597
6677
5751
9306
1051
9267
4587
3183
5940
1568
7529
9429
503
4512
6015
3248
5336
5528
8676
5260
2693
5788
2010
3154
1760
4377
5098
6907
6426
4709
2873
4217
4464
5590
1670
2698
4054
7212
8658
2670
6814
9436
7168
8992
457
4441
4403
6594
358
2998
3766
9384
9462
5009
4001
1209
1439
2240
7982
1988
6850
6144
475
1750
3357
6360
323
9978
2164
6970
4221
7161
5225
9274
4578
654
5997
8579
8349
8509
1683
4753
1329
2228
328
5699
3256
6297
952
7639
3631
6704
449
5180
6161
7975
9764
4386
5046
8965
1058
7807
9372
3371
6941
9925
8453
3985
6464
1500
6399
1054
5949
9363
3776
7663
316
3397
5554
1083
351
1810
1009
9678
886
2776
8011
8283
3969
5281
4149
5598
2700
7699
5936
1014
1775
4172
1450
4029
493
796
3046
4783
8155
3906
9252
277
529
2534
1249
6817
7764
6280
9647
6184
191
1167
2706
6860
1602
8278
3191
6482
9254
117
306
4448
1328
5497
2567
8420
5652
1517
9215
7291
9691
7988
4070
1179
4571
6462
7256
9859
2437
7805
220
2018
5261
5923
3876
1889
488
9019
3138
6330
3567
912
1742
2726
3699
4352
980
837
1290
7179
4074
3592
1431
1571
1367
4134
7485
3760
6033
3258
8325
4343
4110
5522
5125
4301
4979
893
7306
3575
7016
3619
9095
9636
1740
1109
1795
3757
1369
6504
7903
3793
6442
8
5849
6447
9973
9985
5967
2043
9712
1383
1639
5356
1226
3297
8212
8495
7811
610
5346
6470
4725
6433
8204
9416
326
953
3960
8823
6268
8918
4567
8271
546
965
4710
5786
738
4051
9626
9218
932
4793
5752
5407
6740
8227
9909
9411
3168
1338
6219
6145
4128
5154
2777
3554
1123
3114
5453
5504
5510
6398
7900
720
3881
3588
835
9751
9726
3223
4775
6382
3436
8638
5446
420
1072
9164
4266
4853
3654
7019
8509
8515
9127
4899
9471
3979
2093
2436
5473
3251
5701
6102
0
5289
3192
8366
3441
3095
3922
6536
1818
6600
4973
8763
9553
1859
2904
5073
9816
8130
515
3510
3566
1757
4542
1737
4176
2751
9690
7147
2418
7424
1326
3630
3233
3688
7201
1621
1893
8547
1429
2690
6332
7145
2096
3691
5468
5900
8364
4021
5271
4564
4644
9492
1038
2345
2646
6683
7181
3316
4276
5571
3934
6073
6763
3134
3529
5821
4454
70
7521
7990
6074
6979
4035
7972
4963
4510
6544
9550
6189
7105
5421
2432
2929
9101
8999
879
6802
8539
4640
4845
8167
8932
9063
3213
3886
5100
6352
2892
7153
9153
6666
8857
9500
6569
631
4323
473
3608
1380
2501
9529
6024
6812
3933
1868
2429
9027
9596
360
1036
383
3836
6237
8121
8990
7678
83
5718
8424
3938
7732
3789
4117
181
1324
4818
3483
3605
6722
9505
1080
5968
1702
4119
5296
6293
6374
7073
4558
706
4383
4864
5087
9289
4083
9291
6428
8089
8755
7526
8165
3564
6883
3511
8211
8429
9177
2498
3040
5603
8374
9179
9208
5142
5192
1351
976
2614
6974
9864
9856
2548
5645
5726
2731
8135
4333
1095
570
8596
1027
6048
2121
1999
5393
1555
2081
7767
4550
6244
7331
2119
9344
5238
8951
158
6936
312
5870
1623
7360
1365
5224
5678
5975
3998
3444
3868
1563
2111
2552
7368
34
7316
7755
2371
7269
7264
888
2728
4976
9217
2996
5145
1085
2147
7486
3988
1703
3635
7928
2402
891
1994
9542
5155
2845
3195
6142
8737
1626
5489
3046
8858
5349
910
3869
8657
896
9089
3816
876
1401
8094
5723
8724
1509
9205
5814
1488
5553
311
474
909
1533
4305
1309
1784
5887
8163
6480
3789
4241
3435
9300
6103
7854
4883
2047
7759
9702
5983
568
4027
8302
1156
6337
9951
5379
6089
5885
3972
7689
710
7917
5991
3974
5181
3174
3808
6775
1510
2339
5429
5266
8582
3990
3245
3743
169
7411
7030
5184
96
3777
619
2278
6245
3362
6560
2255
4076
4104
2215
465
3453
5186
7320
3072
187
3560
7311
9960
7065
8149
9817
4779
5546
6966
3891
4248
3487
7671
6021
2480
2961
3862
2262
9140
596
3287
5666
7864
1544
5602
8248
3698
4666
589
2192
2238
7740
9588
2815
9567
7666
1883
5749
9076
5341
6190
6522
3823
8187
414
1301
7809
8237
9409
4785
6211
3655
5895
7636
9847
4101
9340
7910
1800
8541
1540
6545
9557
2865
7685
3029
7634
1261
250
4137
905
5438
9015
5183
6712
5360
6920
5802
439
1200
4511
9796
41
4322
5395
6079
7668
5916
5657
6447
1994
6962
7257
6475
7616
9599
6767
3603
5987
6731
4306
5355
2291
3711
3196
4982
6
8153
1142
6818
3061
3264
8500
9669
1799
7410
8542
9521
5728
6193
4837
6644
9520
4519
1773
5159
3764
2086
5330
5501
1739
6350
7921
188
4206
9897
2078
9939
3694
7843
1927
1232
1566
7784
7084
8198
6477
6875
9896
6196
377
2619
2004
8623
2177
4388
4400
8462
7543
8182
4487
2163
5854
9212
2331
3864
4979
5724
9332
2577
263
880
3962
7104
1033
4674
9865
9572
3670
9789
1676
3937
7918
8758
1617
180
7433
4717
8132
1182
7
702
8869
4099
5304
5943
7816
8302
284
3093
3389
3294
3482
3018
1375
122
1389
1732
7143
4747
5513
2179
1520
2952
9239
5669
6515
6634
5399
1522
6230
8518
2545
4040
2771
1674
4668
6171
8242
8963
7154
7432
1993
6721
2721
6217
605
8929
6056
6700
8154
8630
6284
7409
8214
445
1350
9516
5958
6639
9465
1778
3271
6335
2261
8656
3383
9742
5314
6040
8250
481
7307
8444
9688
2259
2114
178
7477
775
5226
8607
9043
9523
1758
3255
1448
3137
3194
3638
4689
7592
5435
6106
6154
4886
7552
719
3263
5835
6975
8982
3406
4175
2122
4478
7184
5859
282
1427
2640
7798
1194
3103
5830
3089
4094
8812
3828
9899
6580
4470
1471
8605
1895
257
2115
9888
1406
5722
9181
3758
5301
721
9196
109
4280
9456
9985
7363
1876
4486
4348
8002
4024
2361
7258
683
7326
4606
6994
612
6226
864
1100
2643
2456
7571
5022
2252
8732
2220
3543
9452
7148
8776
1753
4553
849
3401
5486
3059
4949
3899
8512
3766
7040
948
2183
5081
9007
2512
8705
9282
8332
245
2058
9641
797
2820
3259
256
5311
984
7559
9048
906
9782
9440
200
3215
3673
8119
6495
9445
8063
9612
9988
392
833
2912
7903
340
963
5628
8210
4303
8769
1967
9256
611
7234
9986
4153
4875
959
8405
779
7874
6333
6948
8313
362
2372
8614
9642
1283
1831
6960
3080
9111
2924
5993
565
4414
1715
5662
4123
8662
9439
6868
4311
5774
3058
5736
6443
8525
2478
2015
4262
409
5153
5276
5447
7825
703
7886
2592
2054
7802
6518
2795
106
198
1977
7467
1277
1390
2964
7301
8177
4737
8412
533
1560
9271
9632
426
3813
2517
172
772
2272
3989
3389
1824
5072
5770
7277
4330
9310
635
2812
5917
4080
688
321
823
7204
371
2007
2008
6387
7383
939
2624
3473
6016
6259
780
8663
2079
977
4945
3521
4942
1610
2212
4380
6289
232
2239
5821
5557
4608
4543
7278
7463
8009
6772
8215
6126
6803
9385
69
1768
2304
627
4053
8467
2973
4685
6324
1263
6549
4166
3816
3636
6591
1527
3216
2828
9005
4289
5510
9462
9977
7838
1307
6379
2491
9604
1939
5083
4155
8034
2325
7199
1363
7573
7909
9371
4469
350
5146
1157
2821
5217
5622
6832
7759
5152
7657
1460
2768
4092
4980
3819
278
6005
7069
127
7582
6634
7124
9555
5423
4812
5712
8692
7625
1724
7001
155
747
456
463
5144
614
3943
7878
3281
8361
5511
8102
5948
711
3958
5318
6151
2320
9509
1546
1791
9660
3723
1751
8396
3679
5455
2492
7193
7823
664
1536
3571
1026
7538
9667
5686
9752
2160
7417
9158
3177
7703
811
8892
5071
2073
5836
2563
4291
934
3534
2067
3280
5216
1856
5746
8620
295
9769
6724
3472
7476
5451
6851
7681
6326
226
6014
7834
1729
7555
6958
2101
5459
6332
9478
667
9940
5582
734
3996
1823
5038
7462
2879
7984
3009
2674
3896
4003
1867
6590
7949
6390
2140
1709
2749
8543
209
7508
7838
9286
5254
6677
7797
47
6823
9700
5371
6680
7369
2000
9276
1899
7058
9733
1586
7992
592
1593
6112
5297
1049
5267
8558
8957
9580
307
2804
6287
6412
6490
345
2044
8191
4872
5512
2459
2689
2693
8611
4185
5531
7951
6672
1268
5432
7594
966
8526
5688
7999
241
508
8100
8490
62
7008
7680
1803
7686
5808
541
4234
765
814
907
1398
5444
1569
3948
8060
2628
6615
7142
2785
5490
7612
643
61
1089
3076
6315
168
317
762
2024
5728
1116
4610
5953
7835
1489
6752
4801
5893
9189
4385
8201
9115
9208
9670
9830
4007
2654
7342
6967
1613
2685
4439
3724
3352
5351
7940
4201
4298
4281
5766
3794
7987
2330
3848
9285
2214
1549
3748
9283
5908
1115
5687
8503
6090
7623
6274
1423
2431
6423
2308
3997
6688
7177
3164
7373
7627
830
3430
8144
3017
4447
6573
2477
4453
353
4958
8618
715
3261
4699
6691
677
2914
4361
6179
7107
4228
5878
3561
4539
6022
8205
2106
9767
4428
2264
6233
8925
2678
4342
4626
6918
4989
4215
7537
4881
8767
9161
3338
8480
5481
7635
8413
1105
8245
924
4015
919
4513
5154
716
5328
6322
298
967
7069
1094
2281
3133
7532
101
5242
8162
5163
5797
4090
1814
4239
2557
2513
6983
8576
2474
603
3904
8790
1742
3031
7226
2161
4692
4254
1707
2124
5067
5389
9083
8487
1631
9842
2236
3238
7471
5743
9176
521
4721
3656
4098
7309
9139
7292
1155
3620
6889
9976
2162
2984
3451
4916
2269
4677
5845
318
800
3925
4500
4673
8137
9236
1788
2791
3749
2060
2426
63
5175
4906
7302
9426
11
429
5041
487
2919
6722
1240
7904
6429
3796
646
7647
4923
8565
4754
5272
6348
7174
142
166
1436
3183
4782
6479
6486
53
4889
5897
2112
7019
82
4661
1746
9799
5635
9774
8781
1848
6087
7766
5260
6819
3108
1244
8950
9066
2346
6729
1987
3336
6618
7049
617
5735
9721
3090
6813
6185
8429
4762
6640
8468
8788
4249
5401
3894
8637
623
3148
4734
8430
4797
7246
9068
4135
4838
5585
9261
6463
5003
5209
8288
5789
7971
5270
5380
7769
8709
4184
6840
3622
6386
7893
7430
7538
2483
4351
8222
2666
3337
6759
3217
7111
7454
2222
1782
7645
4832
3824
9561
5053
9877
7338
7539
7516
8719
4324
6262
7044
6499
6585
583
8092
8755
9536
6863
7285
700
5377
9446
6684
5183
9900
107
7483
7507
7692
8741
8284
2038
4528
532
3765
1023
9134
9642
657
8189
6627
6785
6277
8845
2155
8331
3121
3379
1012
3910
2296
7329
9815
1175
5750
5141
7394
3735
7056
3372
6645
1361
5201
2258
8281
6240
2444
5824
8450
6290
8461
4069
9109
1898
7180
3178
9204
7862
6321
8322
207
7186
6097
2467
6695
5577
4059
3812
3530
1295
6784
2699
4859
9583
8920
432
1917
6397
2318
9526
9810
7306
9113
2508
436
5325
6650
9151
898
9004
8314
2143
9251
4854
7993
1079
4031
7188
9762
4761
9498
739
8498
8943
8989
486
2782
2822
4546
763
7197
9486
3315
3763
1415
270
2753
7074
5196
8734
2260
3268
4091
4194
4445
358
1814
9675
7475
5230
8260
320
3709
8161
6730
5968
1964
3489
2493
6950
5127
8840
5220
3291
8141
9042
1924
2006
6674
4986
9209
5856
6864
7148
9992
4728
7519
8262
485
4706
8428
1695
8006
3427
3432
7155
9087
1021
1828
6866
7781
4524
5375
8573
3909
4415
3130
694
1314
4716
9792
9386
4749
4897
8379
1317
9541
1572
6869
8904
154
6708
7875
1706
5236
3104
9381
233
5342
8224
1046
8986
2849
4328
9145
4313
3033
4284
2757
7220
9195
9538
94
2927
4124
7710
4037
4960
6692
7390
6337
9415
3030
243
2833
5206
4418
4802
3187
9244
1783
1959
2326
1891
4771
9978
6181
7337
9556
2673
2341
662
5005
5650
2398
4725
6827
9893
6215
102
8359
1061
4903
6578
254
2425
4921
5765
8143
6158
8997
9441
2701
2814
431
7175
5711
5876
2373
3174
5105
3664
5472
8380
2172
1196
2769
3506
5629
9611
3874
1010
1585
6147
9321
2299
5580
3770
2797
5839
6251
4105
4466
792
7024
5470
7488
8673
2995
4565
1634
1750
4063
4714
5507
7501
9044
2181
2238
8911
2684
8325
841
2883
4043
6893
4547
3490
9653
252
1337
2343
4008
4888
8930
8460
2736
2951
4260
5553
812
5785
6307
1592
8062
1540
3462
3276
9685
1884
3257
3488
4013
2589
8530
2574
6396
1974
5562
5565
8933
5122
4790
9740
2265
4321
8178
3850
5699
2986
2943
9430
8696
3892
1054
6047
1377
6075
7800
1121
3535
1082
8731
691
2070
9143
828
854
2263
3708
8308
2805
3150
6129
7005
8599
3755
9814
3842
1738
7492
2773
6331
1131
5851
6556
6718
2899
2861
7012
1518
9619
4381
6300
2368
6159
3767
4676
6795
3422
4740
4760
430
4349
6566
6812
9846
3647
5460
1255
6961
7876
6858
2717
2931
5529
5626
1437
5552
6367
2116
5819
7023
6146
8109
8220
3282
7785
3940
572
7336
9803
979
4187
6897
8544
5613
8434
8482
8667
1274
5816
9362
2184
4425
1421
9838
5363
5719
8669
7490
3542
1903
5448
6042
2393
9346
834
3652
144
4619
3524
552
499
7050
8101
1508
4025
7240
6860
9995
5471
5515
4757
2616
5996
6679
9378
1339
1816
2754
9564
192
625
5946
7499
2906
1322
8953
7049
9627
3313
8134
965
6543
9379
5930
3100
3733
8437
494
8174
4417
9825
2799
4736
9091
9450
8894
1733
3798
2395
300
9202
8972
4780
991
3144
5809
420
6755
5784
9552
3991
2172
942
3279
6512
7494
7469
9677
7830
5409
5579
6743
2555
7400
696
1690
6953
1117
5703
2158
1512
7452
8033
9913
2400
739
8029
7047
5424
7182
4019
4506
407
792
8574
598
5685
7646
2733
3449
5092
6661
860
2484
2835
9272
1528
2963
911
9763
413
8340
8872
8269
7566
7845
214
561
6887
5971
5344
5941
6555
1407
4436
2156
7858
7444
7113
8270
6010
6051
7889
9010
2019
8375
6422
9093
9777
6511
4672
9262
1682
3464
8587
3795
5663
3234
3570
5388
5712
6525
5508
6658
9184
6804
8016
8275
4908
9006
3091
6082
9330
9406
1889
4580
5489
7092
1938
4767
6037
5385
9240
275
1336
4421
1318
3949
5161
185
7864
6716
8545
6599
7225
1401
5811
8670
282
9426
5902
9870
4559
124
4733
5614
8905
8978
1584
9505
8069
4208
6759
7239
7637
9794
6122
9738
19
1784
6175
7772
7448
1712
5796
9716
9737
4505
4790
5526
900
9133
6628
86
5116
7273
8436
2976
2310
8194
1853
2502
7473
7594
5178
5841
3481
5348
4034
8483
9577
5358
92
4029
5090
903
630
4634
2578
3786
4209
7402
636
4615
3391
8779
2895
5162
6487
7052
4471
8819
2655
3616
1531
4498
5979
9898
689
4946
5313
7130
3385
4438
4741
3042
1888
6265
828
560
995
2174
3023
7787
1097
7046
3913
3959
9319
1954
3559
8264
4348
9610
3118
412
5586
7351
4448
4718
365
3931
8826
4407
5541
9437
7321
1819
7749
5780
6694
8554
6715
1282
6488
5133
3484
7482
7931
3975
8444
5415
5431
6684
1397
3731
9215
1882
1556
3032
6442
8282
9384
768
5099
2430
1370
4304
9991
4341
2732
6861
7705
940
8234
5890
8037
4405
6818
9074
135
2027
2714
4160
998
4957
3105
4885
5250
5282
7109
1039
7777
5079
6895
7980
3127
9377
9880
5336
6245
6801
8659
8466
4793
7911
8899
3674
1357
6686
4705
8343
9480
6462
4018
5300
6241
6404
3542
4726
3220
1532
8426
3706
1563
2874
7261
2788
6576
9490
6304
9711
8509
6168
7353
8545
3411
4249
9339
2380
4213
5337
9866
6228
6061
3603
776
1117
6731
2891
6571
8551
7388
1376
5039
4327
1657
7509
5642
3113
9739
4246
4779
3513
4809
1960
3001
7027
5644
8363
1203
8086
1108
1502
5370
7946
5779
8513
7391
2598
5558
9472
731
5332
510
6624
3888
8508
3955
6693
8298
7082
7888
7926
8507
4185
8738
375
4138
6468
2035
2959
3780
3908
8748
1231
5292
9435
6600
9369
9851
7974
556
2541
7632
1911
8753
4180
341
3585
591
6145
6914
9136
1223
1242
2294
2556
3222
8809
9608
7496
7712
9483
5097
710
9822
9194
26
2203
5502
1794
1346
1966
7317
7505
7527
4560
6293
7449
863
2978
4267
6022
2758
6475
1681
2537
8055
8601
1086
8346
3629
7572
5535
6377
6917
8070
9164
5187
7495
5618
3046
7655
9337
6401
793
9216
964
6264
6143
6381
5362
1477
8226
1686
3000
4827
325
5660
1359
3784
4642
9057
5091
8650
9571
850
4258
7245
427
1610
2946
9375
5445
5477
8784
641
3061
7608
3849
1150
9876
4491
7941
3394
4392
7968
1668
2084
4954
3082
6830
4950
6191
280
4552
5462
7359
336
242
9581
4550
3730
1137
2844
3670
4427
8644
3012
5100
6548
6936
2076
5160
6972
7555
6713
9023
1766
2915
8470
8868
3249
9686
2928
4411
7116
9509
4377
5904
9971
2641
6651
872
7752
9100
99
8711
1254
1726
4232
6320
5560
8582
3213
5740
422
7788
2742
4106
6517
8383
9237
8757
6690
5396
5353
9206
8207
1102
6927
2462
2604
7051
4154
4044
5443
3409
3552
7247
9966
6214
9819
7579
8072
5437
8684
5285
6776
7435
8052
1562
3056
5886
7943
9926
1843
7551
8588
8992
2232
4934
5485
3773
9827
629
9394
8555
4329
1430
8056
8279
1805
988
3158
3683
7076
3390
4409
7198
1091
2121
3083
9421
419
1515
1744
1189
534
6036
9064
3335
1413
1004
7331
2410
2612
420
8015
3466
5645
1399
2158
4759
6721
8496
9071
4772
4821
5944
9122
2088
4633
671
5054
5504
4690
8091
3420
5387
6477
1973
4042
6281
3252
2874
9287
3092
5647
7254
9006
9219
9663
4995
58
382
1429
2511
8217
1863
9425
3184
5486
2770
5730
6216
4111
9414
2379
8112
4962
6457
8685
6354
5889
433
3055
2449
8817
3717
77
225
4596
1505
3935
7522
9937
2713
2383
1881
2018
4371
1334
3074
4789
6527
7808
9676
7877
1089
6020
8285
5584
5795
5952
961
9821
5988
4890
9247
9919
767
4656
8558
415
8294
2367
269
2653
2417
4472
5287
5381
4739
795
4766
1498
1652
9303
4225
6961
536
4978
7975
2780
6546
3901
5110
7368
1547
5407
454
6421
2661
3070
9602
7006
3253
7604
3485
5975
1237
2012
6849
8854
7367
8569
9506
2620
7490
9411
6212
9170
5434
1409
8838
2979
3971
6709
7964
5454
2169
4398
4259
5213
5576
5616
7129
8256
8321
1562
6262
1817
8594
6125
8063
326
1259
348
6831
9990
6502
1316
6430
4839
6946
9656
1764
6763
9128
2554
1062
4365
3075
5566
7599
5864
6157
8947
8058
3454
5840
586
835
7437
8621
5147
5413
6617
8258
4064
9391
5076
8447
173
3959
4798
9092
7507
1215
7932
5533
5397
6490
1940
2321
9998
7925
9312
7078
4841
8635
7762
6579
7335
199
1600
7146
8764
1190
821
2464
4886
6542
2972
8600
8895
865
3549
6514
397
714
7041
8547
9370
9280
3349
3809
8046
6491
2896
5524
5671
8278
2806
7666
2427
9032
4383
1575
5065
3492
4382
1114
1279
5573
3727
8616
7897
4412
7384
9307
7442
8536
4794
187
8368
8730
3605
2495
8990
9545
5847
8504
475
2892
4545
5686
101
2573
5849
3508
2927
3332
5369
8961
1876
8124
1230
8065
4810
6817
156
7583
618
2165
4041
5392
2309
7077
871
7287
4581
4516
1310
2068
5963
836
8991
2095
4265
9645
4363
8214
408
3601
8858
302
7190
8624
6649
8931
287
7401
5342
9655
7731
9826
4861
8221
49
2382
9698
8248
9927
1006
3281
7728
544
5268
1323
2139
8348
2826
4222
9284
8605
5475
8580
8607
9855
2475
9867
416
4315
9015
3039
5715
7386
9185
2697
4121
6136
1983
9460
3611
8942
1587
1342
9647
396
6235
74
5808
6248
2710
9709
1109
3468
4822
6349
5192
1048
1009
5262
7036
8698
2910
5404
5534
8099
9463
4211
450
7593
3364
6258
9467
9743
4646
2406
9973
6837
5461
8382
1883
8996
8414
6417
1644
2002
1418
5784
1440
8692
1978
2476
5283
8594
3662
209
2145
7441
6424
7727
195
5863
619
9050
730
5860
542
9660
3227
2811
3713
8421
3900
4943
7418
7708
3002
809
1614
7922
6631
2022
1692
8750
795
1161
4878
7158
2255
9979
1847
6562
9764
8083
1973
9915
3903
4323
7857
9062
1426
6523
8655
4993
8912
7854
5096
8251
8481
7427
6549
7281
6456
6997
2682
3126
8561
6570
5503
9299
9788
9901
8341
9485
9725
1661
441
1671
4459
5683
334
4939
1666
659
3933
9872
902
7140
8073
9150
1211
2583
1032
8630
1405
88
5846
5793
2694
6402
2126
5942
2185
956
7726
8385
2191
5304
9111
5694
7421
4169
1743
2568
4753
6021
5828
5481
9365
9606
8280
9250
1071
8632
640
7426
2468
439
2737
3847
129
7706
8782
1075
5212
686
4223
8884
9690
1646
6588
9792
2721
7867
5734
3958
4052
2873
3687
3891
2634
9542
1803
3339
1025
2137
4112
514
4078
7072
8672
1234
4443
8033
2275
6479
1060
7744
614
5306
4440
8541
7252
9593
1166
9270
3941
2336
4275
9680
4276
8130
6331
6947
1772
3628
8855
6135
6411
1840
6535
826
1653
1879
3607
6148
9477
4333
9790
16
8988
4806
197
3667
4268
8441
1459
5418
8946
4284
5084
8164
7328
2543
3532
9547
9916
3368
9883
121
1500
4609
7634
3256
5373
5648
7976
1256
1448
4645
4344
9214
6770
8429
7375
1486
9906
3211
2723
3591
4770
4944
2465
6237
933
189
1635
2709
9086
60
9
2925
4921
5317
2867
7176
3573
7954
9325
1650
8742
7709
8493
268
6821
2534
6942
3952
9360
9438
705
997
8850
3297
6797
6944
3171
496
4902
5265
6756
233
761
7834
1165
2323
3131
7790
410
5319
3138
6394
8739
8876
34
2947
3343
7623
2917
3479
8200
8540
2420
1573
1589
7855
4632
673
6235
1791
3704
4968
7944
1013
201
8775
9618
1975
7895
1554
2948
8422
8508
6457
6591
8985
8694
1181
1871
1505
2045
228
1056
3413
4510
1576
2260
2438
2776
3285
5327
7957
8211
5870
361
5480
6356
6646
8686
9539
14
1456
8625
3970
7015
6464
803
2994
2482
3270
6669
7565
9965
8313
3095
6130
8048
7395
7827
565
2884
1728
4322
3494
9010
9126
2062
3880
3302
5744
6778
3395
354
2666
1926
7128
7682
4535
2674
3722
8492
6133
8166
3434
1199
5947
4926
3756
6730
669
2182
3309
9056
5731
6951
8844
6784
370
6643
7949
4176
4288
6176
9037
6060
1313
8649
7486
7966
8671
9622
5695
9710
3916
5191
8551
4963
6910
483
6632
6665
75
3400
6520
7955
7603
6870
3739
5679
7289
9497
4413
5689
7355
1834
9029
4319
4803
7105
4300
389
1543
3570
7017
8328
8645
4635
1308
2853
6608
8679
8822
9892
193
3902
7866
3684
932
1159
1406
5753
6696
5045
2643
1741
71
2117
6426
3438
5239
5807
7864
7193
6254
9779
1075
5499
2618
6257
8061
3576
5225
8971
2637
1017
8747
28
2524
2609
7086
4139
4410
7713
2001
3354
6687
2845
5799
1613
7500
589
4959
5139
9845
2628
2836
6025
339
9949
8213
3557
6744
6310
1490
7248
1723
6406
2189
3711
6023
9173
2760
6166
3602
1700
8183
2563
7948
2050
8132
3619
9251
3526
3581
4871
1854
2693
1832
9652
1703
2082
5468
2924
3744
9828
3115
3197
8548
2307
4317
9986
3697
8087
8881
462
7806
4073
1129
6252
6847
7446
6194
7307
8081
2418
5136
1836
4242
5416
8527
7007
6892
2187
6420
6963
8454
3030
623
8639
1449
6573
8460
9204
4153
7686
5970
2153
3657
3446
2154
2715
8142
1472
4951
2049
3396
5130
2658
5515
2242
8612
4277
6282
5895
8607
644
6752
5569
3097
1298
5861
9260
9575
7253
1630
8677
3417
5603
9729
3537
5074
2646
6637
9667
4030
6873
5765
1229
1989
9418
3642
6180
272
1838
4323
5809
2151
7724
8053
5347
1705
7475
3110
6969
8067
2015
5601
926
8519
9754
5713
6568
8143
6500
7984
8277
7616
9720
100
830
5741
5999
7302
7841
9648
7057
8754
3405
3797
7142
4596
9876
4569
7115
4670
1853
6155
4042
7114
3022
7557
2423
759
9412
9862
8591
4989
1259
8660
2211
4415
1941
3659
8035
1775
386
3398
5449
6906
885
7751
9051
2827
4307
4858
9956
168
7222
9043
692
9419
5761
2247
3725
3774
8089
9873
734
8535
5657
4220
2046
3229
1437
2981
4907
6891
7633
6399
8074
533
849
5642
8276
866
4324
6625
9103
2943
4147
4165
9825
3029
3381
8525
8842
1997
8862
7263
8856
570
4612
8311
123
3345
1083
1262
9639
3510
1057
3565
3844
9895
6247
6820
7303
492
2795
6327
3992
6079
6727
6049
1153
7412
5875
9033
1290
2670
4614
7916
8506
916
5044
3088
4068
7377
7891
498
3718
141
3246
4883
8915
4720
7978
1052
9661
7701
5935
4478
844
7362
353
7403
3709
3897
3243
271
279
5822
6571
9479
3254
4076
5430
8044
1289
804
5208
6402
8777
147
7373
2327
5462
7208
3073
4193
5395
8837
5874
1366
1680
1835
2113
9924
4928
686
8398
1458
4776
333
9829
5567
4310
9672
2718
9541
1568
9638
7588
7073
5706
9904
5813
3448
9269
1634
6306
7521
901
625
4350
4744
5484
9607
6128
8518
4577
5864
7534
1503
5730
2930
6326
9751
1204
2240
6885
67
9932
2252
6224
9760
5525
1493
7060
7290
8930
2288
5918
9682
682
2356
3944
4170
5323
744
2797
7737
1510
96
2490
1034
5378
5789
9999
4292
4949
5207
8040
7917
8826
7856
8230
402
3036
5755
5948
4546
5318
9129
6968
3146
6859
3699
7595
8597
1195
2081
4811
534
4800
932
1332
7529
2756
3436
9570
1412
9282
617
1474
6833
6129
7607
5488
8011
3142
6187
6450
4746
6647
912
559
1058
103
6648
5123
8310
6270
2724
396
1078
8995
4877
1447
566
6353
43
9520
3830
521
2775
7043
8293
9104
9518
1483
9818
5415
6383
9446
781
4228
4722
9023
6431
9227
4514
3371
3991
7783
9662
5856
8345
1815
5601
2771
3404
8860
6447
3308
3971
301
9364
7684
8506
4210
3887
6996
7001
303
9323
6387
5538
8409
9080
1637
4549
2634
2127
6435
971
234
7350
3380
6313
1436
7619
1588
1951
3665
8145
9558
6819
2260
6443
6924
2466
4683
7669
76
5819
442
2843
1476
3411
7677
9255
393
4602
5784
4707
5910
4611
8235
8867
4526
258
3415
6652
2403
1559
5540
2267
6295
7939
3076
4139
2630
2855
9407
3694
9578
7267
818
3057
3192
1765
4894
5619
914
3300
5858
7811
6107
6898
2757
7671
9953
853
2827
7195
1970
8108
1198
7186
3938
1341
6043
3749
7531
8631
9264
991
8556
404
3869
3172
9992
7943
5778
7734
8209
2584
1961
3043
9380
6997
1798
3320
6932
7299
8571
2109
2739
537
4812
7778
6640
4361
605
2824
9084
4273
3089
4639
9175
9874
4682
7295
824
2748
1210
2099
4884
3441
8461
9405
865
7933
1644
4555
5330
2322
6835
5355
7893
1528
1744
3452
3942
6204
6349
7013
381
7165
3280
4016
5777
3421
3053
4642
5519
8987
3806
6676
9869
9217
3878
6702
653
1757
8093
9161
3617
9728
5924
970
1606
4903
6220
3327
8394
1217
3568
7694
4615
8467
1141
4638
6716
8932
369
8020
6127
3465
3645
5369
5667
6713
9169
3930
5451
7374
2936
160
400
7839
4934
3296
7591
894
4542
3273
3630
4785
5799
2086
2407
6980
8956
3676
9911
864
1126
1422
8194
6075
7765
5922
5750
7658
2880
7940
3929
9936
3767
8298
253
2831
4166
6563
4237
5078
1288
2975
9058
212
4616
5109
940
4793
2619
4440
5137
5469
8532
9871
9955
3250
9017
6365
6902
8490
90
329
871
287
8733
8947
2651
5255
1857
4971
8585
663
1316
1755
9820
6259
7144
403
1870
3857
5653
6335
1293
2321
259
9268
721
4067
5038
5668
2383
4091
4802
3755
4072
9787
7922
2139
5456
418
842
2691
2858
7914
1369
3241
2579
91
6759
7850
9049
4087
5526
8391
1136
3010
6393
7182
9640
2296
3287
4715
205
5167
2537
7580
7215
5252
8316
9131
2334
5422
3911
9526
9775
5095
7871
5280
1286
3020
2699
945
1179
6292
3274
6501
9920
547
3993
7934
3518
7748
2543
4628
6222
9330
4620
1890
5375
7319
9928
9176
2221
4724
8658
188
6741
7489
136
1292
883
6090
2585
8904
4703
8203
5542
8660
777
3323
2913
1135
4737
8914
6034
3203
7113
4475
3862
7103
5755
7994
8397
3715
2433
2802
3574
1618
3374
7432
7513
8317
2914
1756
7353
8759
3664
6427
7354
3134
2066
3245
2146
3284
6213
1070
9492
247
3004
5801
83
650
2057
328
1236
1809
4850
7230
4692
2644
4863
5803
8646
9631
812
4617
9276
6112
439
9941
551
6493
1985
1025
3190
5969
250
5716
1209
7662
9935
9413
667
4302
5056
769
4764
9656
1957
9402
1087
8468
8821
2108
4428
5719
508
1789
9314
4757
8558
9469
6987
3886
4763
206
3129
4485
4777
8373
7776
9133
4117
550
2297
8895
6430
3263
609
8425
1979
9072
587
2224
2129
641
7715
3678
7996
8055
1480
8867
285
3497
5717
9911
8152
2148
3973
1533
1918
5495
6366
9292
1275
2446
3474
4449
311
7568
5312
1636
3927
876
1384
6201
8929
2607
4070
7699
9179
7497
7882
4128
4432
8886
7631
3721
3685
9625
200
3792
5244
3158
9737
7323
3428
2903
9490
7139
5034
182
322
7799
4544
9538
9367
4941
9356
1790
395
6945
1060
8921
6363
1250
5182
7702
1530
6884
1597
2926
4825
2501
284
1471
5256
4330
9420
863
1522
2934
9117
6381
1560
4463
1033
4634
5733
3618
2601
6117
6286
1844
5465
7414
2349
5760
5412
1599
2
5331
3078
6567
8167
2025
5720
8706
1400
8614
5667
8951
2019
3936
1621
6289
383
546
2528
8562
6210
6723
8882
9176
9877
1295
6780
5893
1829
7201
3868
5700
1468
6640
1219
758
1948
3194
5241
5246
3267
5842
9854
4468
5878
7164
1808
4347
9205
1777
9683
901
8979
1862
9718
7854
6890
3173
4065
9540
7697
5216
3014
4085
6856
2403
4867
40
276
3353
7828
5800
5176
5450
9983
6538
656
2865
2248
3206
7918
4244
4824
6757
70
2751
3198
5148
6791
6305
2929
4393
9306
4446
1531
8852
764
3661
5606
3668
5340
6072
7163
7492
1628
2210
9387
3363
5417
5439
8451
6805
2121
6655
4977
7422
8521
5973
8272
4774
9147
2856
6109
7885
629
6547
683
7080
8366
127
3615
7773
3137
2103
737
3017
8242
1054
1856
2203
6470
7772
8088
3688
9797
742
2414
1238
2504
7639
3493
3589
6382
908
7334
8012
6514
1306
1790
8745
6009
6857
9980
2133
348
6994
7855
6903
7485
9801
6749
7063
9633
4156
9617
1329
8019
3292
3305
6084
1287
4090
7317
7852
432
1906
2708
890
2641
8281
8717
5014
9399
548
5470
4819
4891
6590
9501
3102
5519
7774
8595
7546
2186
2610
6331
3711
640
3226
9936
3854
4488
7990
791
7035
426
9811
1541
4372
8640
5953
6342
727
2410
2601
6508
7162
7750
194
2463
7822
6659
1647
7727
6752
2895
9503
2175
5939
7314
3379
3931
4464
622
7229
7602
745
8226
1721
8656
7986
9002
9053
9000
7154
8800
1187
4975
4335
4362
7745
6873
5149
4738
6448
8509
788
7278
2459
2053
2545
4080
2269
9492
423
8851
1396
8802
577
6412
3062
7121
8713
826
2777
5342
7170
5975
2823
4649
7391
1563
9579
5125
2939
2208
2692
2751
3067
9800
1739
9149
4148
6767
7123
916
6597
7707
1925
8370
1007
5624
4053
5804
6364
5181
8090
1090
3237
8667
5954
7237
7615
7213
1878
6062
8265
9251
1466
7296
8291
314
874
8237
7660
3501
9328
1092
2772
8405
3424
5550
3750
5765
9770
2071
6054
4753
7915
7983
6200
8314
8392
8981
8195
9948
2256
4807
8524
8864
1727
5580
5673
7610
1763
6851
6912
7579
9401
8812
6157
5178
9337
634
3867
1914
2387
2814
9776
74
4924
4269
4455
1877
3153
5994
6960
9303
925
4000
5516
5764
3106
9788
5579
6674
1118
4564
4624
6099
6602
9381
5086
6778
9917
7678
4422
8758
2623
2821
8202
8813
6044
6324
9083
5916
8244
1157
3899
5460
6623
2547
2718
1249
9290
2632
3155
9210
8537
4015
8911
12
6648
9098
1150
1937
6167
4171
8794
9464
274
6518
5059
3416
9229
2899
8077
8267
959
5329
6415
7020
5574
8820
2119
4630
6852
8254
6391
8517
8642
3169
4348
6173
3074
4713
3984
7672
3506
5484
3932
3943
9422
2783
909
8223
3301
4461
6896
6983
1722
4056
5685
7297
9803
3488
5622
4274
5839
7569
3337
8069
4662
5260
2244
4627
8082
9320
7968
4255
425
9173
3904
3163
4519
8344
1593
3520
8015
6832
7040
8006
4558
892
1730
8814
5257
5217
5930
9012
1001
8323
6494
8638
4203
5932
4281
473
6723
9467
2655
9504
7322
8381
7358
9985
641
1516
7160
5549
9351
1787
1095
7920
4499
5275
379
5889
2779
3655
4151
7329
2957
6281
7712
6876
6098
4028
416
199
3492
4048
6509
7698
5978
2385
2085
3834
5283
3032
1351
8436
4259
6882
572
855
1558
8953
1221
9019
1641
6218
2635
7056
8385
8557
3511
3660
4789
5296
6288
8127
592
5654
290
2571
1578
7067
8495
8078
6795
6454
8687
3221
5773
449
2040
4669
69
165
829
9830
6921
2889
3319
8354
1810
7240
7379
3850
3666
5338
7190
7207
7618
7434
373
5524
9186
1251
2102
3309
9441
7271
7909
4374
1176
3404
5016
6358
757
2068
4442
9642
4834
4252
7147
216
4647
4656
3764
5009
4561
9870
8779
557
3620
1485
4528
6746
435
657
8737
4378
9086
644
2164
7402
3252
5537
2336
3677
3876
9569
6337
5476
7149
4167
5321
9530
2767
9322
377
5985
1323
4185
7293
6772
6982
7923
8693
7510
8548
4854
8185
7527
8689
5634
5380
5884
4011
4901
2205
4930
8464
9859
1328
3529
4105
1344
9486
2400
2153
1260
4396
6949
2548
6184
6425
2970
4283
4384
7636
3724
9934
2572
7251
910
7441
8110
341
933
3236
9972
9730
761
1884
6134
9332
7929
1447
4083
6513
7937
9549
7549
2642
6280
346
538
2159
6703
3950
5983
7520
7964
7228
5392
7253
8498
1147
8620
9866
1859
9553
8615
5073
2515
6174
2340
2352
2065
2481
546
9874
7135
1431
8918
3364
6832
344
8475
2494
6032
1338
3462
3530
7860
8787
6171
8889
9919
482
3174
7934
1919
2443
3413
4903
8229
4984
4877
3698
294
7670
2714
7282
3960
2306
2455
6269
3201
8092
8585
8751
4034
4908
6909
9273
846
1162
8027
9875
708
3452
6854
8937
3031
4721
719
5967
6330
3471
7089
9785
1382
4523
9750
5775
1501
4814
9601
3769
8339
859
8696
3331
900
2882
464
3889
962
8878
2080
5609
5633
5554
7411
7416
9979
9645
2698
3112
1488
3631
6634
956
1211
5852
1882
2553
8462
1694
5218
7598
1227
5536
8573
5854
1201
7777
3812
6516
7420
3613
8483
5535
5686
2674
2214
3170
4457
5752
6934
8139
6010
4208
3785
2517
134
6564
357
4394
541
6063
7685
5723
9707
7233
9502
8062
1218
7047
1
5652
584
4085
4094
8364
92
2445
3402
2270
19
3234
6972
3403
5054
1576
1700
7959
1649
4496
4453
9193
9510
470
841
7747
1557
6373
6662
1871
5093
8225
3842
8516
