77
79
47
48
49
50
51
52
53
54
55
56
57
58
59
60
61
62
63
64
65
66
67
68
69
70
71
72
73
74
75
76
78
80
81
32
33
35
36
37
38
39
40
41
42
43
44
45
46
13
14
15
16
17
18
19
20
21
22
23
24
25
26
27
28
29
30
31
34
82
83
84
85
86
9
10
11
12
87
7
8
6
88
89
3
4
5
90
2
91
92
93
94
1
95
96
97
99
98
0
77
78
79
55
74
75
76
80
81
57
56
59
61
67
72
73
50
51
52
53
54
58
62
66
69
70
71
47
48
49
60
63
64
65
68
46
35
36
37
38
39
33
40
41
42
43
32
34
44
45
28
31
20
26
27
29
30
82
83
22
23
24
25
14
19
21
84
13
15
16
17
18
12
11
85
86
10
9
87
7
8
88
89
6
5
4
90
3
91
2
92
94
93
59
63
65
70
73
58
62
51
55
60
66
67
71
74
76
79
52
53
56
64
68
80
57
69
75
78
96
50
54
72
98
61
83
48
49
95
99
47
81
82
97
45
46
43
77
86
44
41
42
84
87
40
39
35
38
37
31
33
1
30
34
28
36
27
32
85
29
26
89
23
24
19
22
25
21
18
20
88
17
16
10
15
12
13
59
51
55
58
63
65
50
52
11
48
62
56
53
60
73
45
49
54
9
14
47
71
57
66
70
44
64
43
90
46
67
39
42
68
41
74
40
35
37
61
69
5
33
75
91
4
31
38
7
79
6
72
76
80
30
32
0
28
27
29
34
8
92
2
24
3
78
23
83
26
22
36
19
82
21
25
18
17
81
86
20
84
94
10
12
87
98
77
15
45
39
48
51
16
59
42
13
50
52
11
49
55
93
37
44
31
58
35
9
40
63
43
41
65
33
47
96
14
1
56
55
56
57
59
61
67
73
74
75
76
77
78
79
80
81
46
47
48
49
50
51
52
53
54
58
60
62
63
64
65
66
68
69
70
71
72
20
27
31
32
33
34
35
36
37
38
39
40
41
42
43
44
45
82
83
84
10
11
12
13
14
15
16
17
18
19
21
22
23
24
25
26
28
29
30
85
86
9
87
7
8
88
5
6
89
3
4
90
2
91
92
93
94
1
95
96
97
99
98
0
77
78
79
55
74
75
76
80
81
57
73
56
59
61
66
67
71
72
50
51
52
53
54
58
62
69
70
47
48
49
60
63
64
65
68
46
35
36
37
38
39
33
40
41
42
43
32
34
44
45
28
31
20
26
27
29
30
82
83
19
22
23
24
25
14
17
18
21
84
13
15
16
11
12
85
86
10
9
87
7
8
88
89
6
5
4
90
3
2
91
92
94
93
1
95
96
97
99
98
77
79
46
47
48
49
50
51
52
53
54
55
56
57
58
59
60
61
62
63
64
65
66
67
68
69
70
71
72
73
74
75
76
78
80
81
14
19
20
21
22
23
24
25
26
27
28
29
30
31
32
33
34
35
36
37
38
39
40
41
42
43
44
45
82
83
84
9
10
11
12
13
15
16
17
18
85
86
87
7
8
5
6
88
89
3
4
90
2
91
92
1
93
94
95
96
97
98
99
0
77
78
79
74
75
76
80
81
55
57
56
59
67
73
50
51
52
53
54
58
61
62
66
69
71
72
47
48
49
60
63
64
65
70
46
68
35
36
37
38
39
42
33
40
41
43
32
34
44
45
28
31
20
26
27
29
30
22
23
24
25
82
83
14
17
19
21
84
13
15
16
18
12
11
85
86
10
9
87
7
8
88
89
6
5
4
90
91
3
92
2
94
93
59
63
65
73
62
70
58
66
71
51
55
60
67
74
76
79
80
96
53
56
64
68
69
52
72
75
78
98
50
54
57
61
83
99
48
82
95
97
49
81
47
46
86
43
45
77
44
84
87
41
42
40
39
35
38
37
31
33
34
85
1
30
28
36
32
27
29
26
89
23
24
25
19
22
21
20
18
17
88
59
55
63
51
65
52
58
16
62
50
56
15
48
53
60
73
10
13
12
49
54
71
70
45
57
64
66
67
47
43
44
46
68
42
61
74
69
11
39
75
40
41
90
9
76
14
35
79
38
72
91
80
33
37
78
30
31
92
34
32
83
27
29
28
36
26
82
5
6
24
19
22
23
4
0
21
7
81
25
8
18
94
2
86
17
87
45
84
20
3
50
48
59
55
51
52
10
44
49
39
77
58
12
42
53
63
11
13
16
35
47
40
41
43
54
56
65
15
37
62
46
60
32
57
64
66
71
73
26
27
28
29
31
33
38
61
67
68
70
74
79
9
14
23
24
30
34
36
69
72
75
76
78
80
85
18
19
22
81
21
25
48
50
59
82
83
89
93
98
17
45
55
86
1
20
51
52
84
7
87
88
4
5
6
8
96
44
49
90
91
95
2
3
92
10
97
99
94
0
39
77
58
42
53
63
12
35
13
47
54
11
16
40
41
56
37
65
43
15
33
31
46
62
32
24
73
74
23
27
28
29
38
57
60
71
14
26
64
66
75
76
79
9
19
22
30
34
67
17
61
68
72
80
18
25
36
69
70
78
21
81
20
48
50
55
59
85
45
51
82
83
10
52
7
49
5
84
4
8
86
6
44
3
87
89
2
88
1
90
98
39
93
91
92
96
0
95
94
97
99
77
12
11
16
24
19
13
40
15
42
9
30
35
14
33
22
31
58
17
20
37
26
27
23
32
21
28
18
5
10
25
29
43
76
63
41
75
4
7
79
8
38
3
73
74
6
80
53
83
47
72
36
84
65
34
69
78
82
71
85
70
54
46
86
81
87
66
62
67
2
89
64
1
61
0
57
39
88
93
60
68
56
98
75
76
77
78
79
35
36
37
38
39
42
46
47
48
49
50
51
52
53
54
55
56
57
58
59
60
61
62
63
64
65
66
67
68
69
70
71
72
73
74
80
81
13
14
15
16
17
18
19
20
21
22
23
24
25
26
27
28
29
30
31
32
33
34
40
41
43
44
45
82
83
84
9
10
11
12
85
86
87
7
8
4
5
6
88
89
2
3
90
91
92
94
1
93
95
96
97
98
99
0
77
78
79
74
75
76
80
81
55
57
56
59
67
73
50
51
52
53
54
58
61
62
66
69
71
72
47
48
49
63
64
65
70
46
60
68
35
36
37
38
39
42
33
40
41
43
32
34
44
45
28
31
20
26
27
29
30
22
23
24
25
82
83
14
17
19
21
13
15
16
18
84
12
11
85
86
10
9
87
7
8
88
6
89
5
4
90
3
2
91
92
94
93
1
95
96
97
99
98
77
78
79
81
46
47
48
49
50
51
52
53
54
55
56
57
58
59
60
61
62
63
64
65
66
67
68
69
70
71
72
73
74
75
76
80
19
20
21
22
23
24
25
26
27
28
29
30
31
32
33
34
35
36
37
38
39
40
41
42
43
44
45
82
83
10
11
12
13
14
15
16
17
18
84
85
86
9
87
7
8
88
89
4
5
6
2
3
90
91
92
94
1
93
95
96
97
99
0
98
77
79
74
75
76
78
80
81
55
57
56
67
73
51
52
53
54
59
61
62
66
71
72
47
49
50
58
63
64
65
69
70
46
48
60
68
35
37
33
36
38
39
42
32
34
40
41
43
44
45
28
31
20
27
29
30
23
24
25
26
82
83
19
21
22
14
15
17
18
84
13
16
11
12
85
86
10
9
87
88
89
7
90
91
92
8
94
6
93
5
55
59
4
96
52
56
51
57
58
62
63
65
73
50
53
54
98
48
49
60
66
67
70
71
74
76
79
64
75
95
99
47
61
78
80
97
68
69
45
46
72
2
3
43
44
39
42
40
81
41
35
38
33
37
77
31
30
34
36
32
27
28
83
82
29
26
23
22
19
21
24
1
25
18
84
86
20
17
16
87
15
10
12
13
11
85
14
9
55
59
51
48
52
50
45
49
56
58
65
63
0
53
54
62
39
89
44
47
42
43
57
40
46
60
73
35
37
71
31
33
41
38
64
66
7
67
74
4
5
70
6
8
30
61
32
68
76
27
34
75
28
79
69
88
29
24
72
19
23
26
22
3
90
36
80
2
21
78
25
91
18
17
92
20
81
82
83
98
10
12
94
15
16
77
13
45
11
48
39
93
55
51
84
59
35
37
96
42
9
95
47
49
50
51
52
53
54
55
56
57
58
59
61
62
63
64
65
66
67
69
70
71
72
73
74
75
76
77
78
79
80
81
14
20
22
23
24
25
26
27
28
29
30
31
32
33
34
35
36
37
38
39
40
41
42
43
44
45
46
48
60
68
82
83
10
11
12
13
15
16
17
18
19
21
84
85
86
9
87
7
8
5
6
88
89
4
90
2
3
91
92
1
93
94
95
96
97
98
99
0
74
75
76
77
78
79
55
80
81
56
57
73
49
50
51
52
53
54
59
61
62
66
67
71
72
58
63
65
69
70
46
47
48
60
64
68
36
37
38
33
35
39
40
41
42
43
31
32
34
44
45
28
14
20
26
27
29
30
22
23
24
25
82
83
19
21
15
17
18
84
13
16
11
12
85
86
10
9
87
7
8
88
6
89
5
4
90
3
2
91
92
94
93
1
95
96
97
99
98
50
51
52
53
54
55
56
57
59
61
62
66
67
71
72
73
74
75
76
77
78
79
80
81
20
26
27
28
29
30
31
32
33
34
35
36
37
38
39
40
41
42
43
44
45
46
47
48
49
58
60
63
64
65
68
69
70
10
11
12
13
14
15
16
17
18
19
21
22
23
24
25
82
83
84
85
86
9
87
7
6
8
88
89
4
5
2
3
90
91
92
1
93
94
95
96
97
98
99
0
75
77
78
79
55
74
76
80
81
57
73
51
52
54
56
59
66
67
71
72
49
50
53
58
61
62
65
69
70
46
47
48
60
63
64
68
36
37
33
35
38
39
42
32
34
40
41
43
44
31
45
27
28
29
20
23
24
25
26
30
82
83
19
21
22
14
17
18
84
13
15
16
11
12
85
86
10
9
87
7
8
88
6
89
5
4
90
3
2
91
92
94
93
1
95
96
97
99
98
73
80
76
79
65
63
72
82
59
75
68
67
70
51
55
56
57
59
67
72
73
74
75
76
77
78
79
80
81
28
31
32
33
34
35
36
37
38
39
40
41
42
43
44
45
46
47
48
49
50
52
53
54
58
60
61
62
63
64
65
66
68
69
70
71
11
12
13
14
15
16
17
18
19
20
21
22
23
24
25
26
27
29
30
82
83
84
85
86
9
10
87
6
7
8
88
89
4
5
2
3
90
91
92
1
93
94
95
96
97
99
98
0
75
77
78
79
55
74
76
80
81
57
73
51
54
56
59
67
72
49
50
52
53
58
61
62
65
66
69
70
71
47
48
60
63
64
68
37
46
33
35
36
38
39
42
34
40
41
43
44
31
32
45
28
29
20
23
25
26
27
30
82
83
19
21
22
24
14
17
18
84
13
15
16
11
12
85
86
10
9
87
7
8
88
89
6
5
4
90
3
2
91
92
94
93
1
96
62
63
58
95
59
65
60
70
71
73
52
53
55
66
69
74
56
51
67
78
68
80
50
64
76
83
54
61
75
97
57
79
98
99
72
48
49
47
82
81
77
84
46
87
86
43
44
45
41
42
89
35
40
85
88
38
37
92
39
90
34
91
33
31
30
59
52
55
28
32
62
63
65
36
60
56
58
29
51
53
70
66
27
50
71
57
73
54
64
67
94
49
69
26
48
68
61
74
19
47
45
24
25
78
43
46
76
23
75
72
44
20
22
41
21
79
83
80
17
18
40
39
51
55
56
57
59
67
72
73
74
75
76
77
78
79
80
81
28
31
32
33
34
35
36
37
38
39
40
41
42
43
44
45
46
47
48
49
50
52
53
54
58
60
61
62
63
64
65
66
68
69
70
71
10
11
12
13
14
15
16
17
18
19
20
21
22
23
24
25
26
27
29
30
82
83
84
85
86
9
87
6
7
8
88
89
4
5
2
3
90
91
92
1
93
94
95
96
97
99
98
0
75
77
78
79
55
74
76
80
81
57
73
51
54
56
59
67
72
49
50
52
53
58
61
62
65
66
69
70
71
47
48
60
63
64
68
37
46
33
35
36
38
39
42
34
40
41
43
44
31
32
45
28
29
20
23
25
26
27
30
82
83
19
21
22
24
14
17
18
84
13
15
16
11
12
85
86
10
9
87
7
8
88
89
6
5
4
90
3
2
91
92
94
93
1
96
95
98
97
99
79
73
76
80
63
59
65
75
68
72
70
67
82
81
74
66
86
78
64
51
55
56
57
59
67
72
73
74
75
76
77
78
79
80
81
28
31
32
33
34
35
36
37
38
39
40
41
42
43
44
45
46
47
48
49
50
52
53
54
58
60
61
62
63
64
65
66
68
69
70
71
11
12
13
14
15
16
17
18
19
20
21
22
23
24
25
26
27
29
30
82
83
84
85
86
9
10
87
6
7
8
88
89
4
5
2
3
90
91
92
1
93
94
95
96
97
99
98
0
75
77
78
79
55
74
76
80
81
57
73
51
54
56
59
67
72
49
50
52
53
58
61
62
65
66
69
70
71
47
48
60
63
64
68
37
46
33
35
36
38
39
42
34
40
41
43
44
31
32
45
28
29
20
23
25
26
27
30
82
83
19
21
22
24
14
17
18
84
13
15
16
11
12
85
86
10
9
87
7
8
88
89
6
5
4
90
3
2
91
92
94
93
1
96
62
63
58
59
65
95
60
66
69
70
71
73
52
53
74
55
56
78
51
67
68
80
50
64
76
83
54
61
75
97
98
99
79
57
72
48
49
47
81
82
77
84
46
87
86
44
43
45
41
42
89
35
40
85
88
38
37
92
90
39
34
91
33
31
59
30
62
65
52
55
58
63
70
60
56
66
32
51
36
28
53
73
29
71
50
57
54
67
27
64
69
74
68
49
48
26
78
61
47
75
19
76
94
72
45
83
80
44
43
25
79
46
24
20
23
21
51
55
56
57
59
67
72
73
74
75
76
77
78
79
80
81
28
31
32
33
34
35
36
37
38
39
40
41
42
43
44
45
46
47
48
49
50
52
53
54
58
60
61
62
63
64
65
66
68
69
70
71
11
12
13
14
15
16
17
18
19
20
21
22
23
24
25
26
27
29
30
82
83
84
85
86
9
10
87
6
7
8
88
89
4
5
2
3
90
91
92
1
93
94
95
96
97
99
98
0
75
77
78
79
55
74
76
80
81
57
73
51
54
56
59
67
72
49
50
52
53
58
61
62
65
66
69
70
71
47
48
60
63
64
68
37
46
33
35
36
38
39
42
34
40
41
43
44
31
32
45
28
29
20
23
25
26
27
30
82
83
19
21
22
24
14
17
18
84
13
15
16
11
12
85
86
10
9
87
7
8
88
89
6
5
4
90
3
2
91
92
94
93
1
96
95
98
97
99
79
73
76
80
63
59
65
75
68
72
70
67
82
81
74
66
86
78
64
51
55
56
57
59
67
72
73
74
75
76
77
78
79
80
81
28
31
32
33
34
35
36
37
38
39
40
41
42
43
44
45
46
47
48
49
50
52
53
54
58
60
61
62
63
64
65
66
68
69
70
71
11
12
13
14
15
16
17
18
19
20
21
22
23
24
25
26
27
29
30
82
83
84
85
86
9
10
87
6
7
8
88
89
4
5
2
3
90
91
92
1
93
94
95
96
97
99
98
0
75
77
78
79
55
74
76
80
81
57
73
51
54
56
59
67
72
49
50
52
53
58
61
62
65
66
69
70
71
47
48
60
63
64
68
37
46
33
35
36
38
39
42
34
40
41
43
44
31
32
45
28
29
20
23
24
25
26
27
30
82
83
19
21
22
14
17
18
84
13
15
16
11
12
85
86
10
9
87
7
8
88
89
6
5
4
90
3
2
91
92
94
93
1
96
58
62
63
59
65
70
73
95
53
60
66
69
71
74
52
55
51
56
78
67
80
68
83
50
64
75
76
97
98
99
54
61
57
79
72
48
49
47
82
81
77
84
87
46
86
44
43
45
41
42
89
35
40
85
88
37
38
92
90
39
91
34
33
59
30
31
62
65
52
55
58
63
70
56
60
66
32
51
71
73
36
28
53
29
50
57
67
64
54
27
69
74
68
26
49
48
78
61
47
75
94
72
76
19
83
80
45
79
43
25
44
24
46
51
55
56
57
59
67
72
73
74
75
76
77
78
79
80
81
28
31
32
33
34
35
36
37
38
39
40
41
42
43
44
45
46
47
48
49
50
52
53
54
58
60
61
62
63
64
65
66
68
69
70
71
11
12
13
14
15
16
17
18
19
20
21
22
23
24
25
26
27
29
30
82
83
84
85
86
9
10
87
6
7
8
88
89
4
5
2
3
90
91
92
1
93
94
95
96
97
99
98
0
75
77
78
79
55
74
76
80
81
57
73
51
54
56
59
67
72
49
50
52
53
58
61
62
65
66
69
70
71
47
48
60
63
64
68
37
46
33
35
36
38
39
42
34
40
41
43
44
31
32
45
28
29
20
23
25
26
27
30
82
83
19
21
22
24
14
17
18
84
13
15
16
11
12
85
86
10
9
87
7
8
88
89
6
5
4
90
3
2
91
92
94
93
1
96
95
98
97
99
79
73
76
80
63
59
65
75
68
72
70
67
82
81
74
66
86
78
64
51
55
56
57
59
67
72
73
74
75
76
77
78
79
80
81
28
31
32
33
34
35
36
37
38
39
40
41
42
43
44
45
46
47
48
49
50
52
53
54
58
60
61
62
63
64
65
66
68
69
70
71
11
12
13
14
15
16
17
18
19
20
21
22
23
24
25
26
27
29
30
82
83
84
85
86
9
10
87
6
7
8
88
89
4
5
2
3
90
91
92
1
93
94
95
96
97
99
98
0
75
77
78
79
55
74
76
80
81
57
73
51
54
56
59
67
72
49
50
52
53
58
61
62
65
66
69
70
71
47
48
60
63
64
68
37
46
33
35
36
38
39
42
34
40
41
43
44
31
32
45
28
29
20
23
25
26
27
30
82
83
19
21
22
24
14
17
18
84
13
15
16
11
12
85
86
10
9
87
7
8
88
89
6
5
4
90
3
2
91
92
94
93
1
96
58
62
63
59
65
70
73
95
53
60
66
69
71
74
52
55
51
56
78
67
80
68
83
50
64
75
76
97
98
99
54
61
57
79
72
48
49
47
82
81
77
84
87
46
86
44
43
45
41
42
89
35
40
85
88
37
38
92
90
39
91
34
33
59
30
62
65
31
55
52
58
63
70
56
66
60
32
51
73
71
36
53
28
29
50
57
64
67
54
27
69
74
68
26
49
78
48
61
47
75
76
72
94
83
80
43
19
45
79
21
44
46
24
25
51
55
56
57
59
67
72
73
74
75
76
77
78
79
80
81
28
31
32
33
34
35
36
37
38
39
40
41
42
43
44
45
46
47
48
49
50
52
53
54
58
60
61
62
63
64
65
66
68
69
70
71
11
12
13
14
15
16
17
18
19
20
21
22
23
24
25
26
27
29
30
82
83
84
85
86
9
10
87
6
7
8
88
89
4
5
2
3
90
91
92
1
93
94
95
96
97
99
98
0
75
77
78
79
55
74
76
80
81
57
73
51
54
56
59
67
72
49
50
52
53
58
61
62
65
66
69
70
71
47
48
60
63
64
68
37
46
33
35
36
38
39
42
34
40
41
43
44
31
32
45
28
29
20
23
25
26
27
30
82
83
19
21
22
24
14
17
18
84
13
15
16
11
12
85
86
10
9
87
7
8
88
89
6
5
4
90
3
2
91
92
94
93
1
96
95
98
97
99
79
73
76
80
63
59
65
75
68
72
70
67
82
81
74
66
86
78
64
51
55
56
57
59
67
72
73
74
75
76
77
78
79
80
81
28
31
32
33
34
35
36
37
38
39
40
41
42
43
44
45
46
47
48
49
50
52
53
54
58
60
61
62
63
64
65
66
68
69
70
71
11
12
13
14
15
16
17
18
19
20
21
22
23
24
25
26
27
29
30
82
83
84
85
86
9
10
87
6
7
8
88
89
4
5
2
3
90
91
92
1
93
94
95
96
97
99
98
0
75
77
78
79
55
74
76
80
81
57
73
51
54
56
59
67
72
49
50
52
53
58
61
62
65
66
69
70
71
47
48
60
63
64
68
37
46
33
35
36
38
39
42
34
40
41
43
44
31
32
45
28
29
20
23
25
26
27
30
82
83
19
21
22
24
14
17
18
84
13
15
16
11
12
85
86
10
9
87
7
8
88
89
6
5
4
90
3
2
91
92
94
93
1
96
58
62
63
59
65
70
73
95
60
66
69
71
74
52
53
55
56
78
51
67
68
80
83
50
64
75
76
97
98
99
54
61
57
79
72
48
49
47
82
81
77
84
87
46
86
44
43
45
41
42
89
35
40
85
88
37
38
92
90
39
91
34
33
59
30
62
65
31
55
58
63
52
70
56
66
60
51
32
73
71
28
36
53
29
50
64
57
67
54
27
69
74
68
78
26
49
48
61
47
75
94
76
72
80
83
19
79
43
45
51
55
56
57
59
67
72
73
74
75
76
77
78
79
80
81
28
31
32
33
34
35
36
37
38
39
40
41
42
43
44
45
46
47
48
49
50
52
53
54
58
60
61
62
63
64
65
66
68
69
70
71
11
12
13
14
15
16
17
18
19
20
21
22
23
24
25
26
27
29
30
82
83
84
85
86
9
10
87
6
7
8
88
89
4
5
2
3
90
91
92
1
93
94
95
96
97
99
98
0
75
77
78
79
55
74
76
80
81
57
73
51
54
56
59
67
72
49
50
52
53
58
61
62
65
66
69
70
71
47
48
60
63
64
68
37
46
33
35
36
38
39
42
34
40
41
43
44
31
32
45
28
29
20
23
24
25
26
27
30
82
83
19
21
22
14
17
18
84
13
15
16
11
12
85
86
10
9
87
7
8
88
89
6
5
4
90
3
2
91
92
94
93
1
96
95
98
97
99
79
73
76
80
63
59
65
75
68
72
70
67
82
81
74
66
86
78
64
