5.5
6.0
6.0
6.1
6.1
6.3
6.3
6.3
6.3
6.4
6.5
6.5
6.6
6.7
6.8
6.8
6.9
6.9
7.0
7.1
7.2
7.2
7.3
7.3
7.3
7.4
7.5
7.8
7.8
7.9
7.9
7.9
7.9
8.0
8.0
8.1
8.1
8.1
8.2
8.2
8.3
8.3
8.4
8.4
8.5
8.5
8.5
8.5
8.6
8.6
8.6
8.7
8.7
8.8
8.8
8.8
8.9
8.9
8.9
9.0
9.0
9.1
9.1
9.5
9.5
9.5
9.5
9.5
9.5
9.5
9.5
9.6
9.6
9.6
9.6
9.8
9.8
9.8
9.8
9.8
9.9
9.9
9.9
10.0
10.0
10.0
10.0
10.0
10.0
10.0
10.1
10.1
10.1
10.1
10.2
10.2
10.3
10.3
10.3
10.3
10.4
10.4
10.4
10.4
10.4
10.5
10.5
10.5
10.5
10.6
10.6
10.6
10.6
10.6
10.6
10.7
10.7
10.7
10.7
10.7
10.8
10.8
10.8
10.8
10.8
10.9
10.9
10.9
11.0
11.0
11.0
11.0
11.1
11.2
11.2
11.2
11.2
11.3
11.4
11.4
11.4
11.4
11.5
11.5
11.6
11.7
11.7
11.7
11.7
11.7
11.7
11.7
11.7
11.7
11.7
11.7
11.8
11.8
11.8
11.8
11.8
11.9
11.9
11.9
11.9
11.9
12.0
12.0
12.0
12.1
12.1
12.1
12.2
12.2
12.2
12.3
12.3
12.3
12.3
12.3
12.3
12.3
12.4
12.4
12.4
12.4
12.4
12.4
12.5
12.5
12.5
12.5
12.6
12.6
12.6
12.7
12.7
12.7
12.8
12.8
12.8
12.8
12.8
12.9
12.9
12.9
12.9
12.9
12.9
12.9
12.9
13.0
13.0
13.0
13.0
13.0
13.0
13.0
13.0
13.0
13.0
13.1
13.1
13.2
13.2
13.2
13.2
13.3
13.3
13.3
13.3
13.3
13.3
13.3
13.3
13.3
13.3
13.4
13.4
13.5
13.5
13.5
13.5
13.5
13.5
13.5
13.5
13.5
13.5
13.5
13.6
13.6
13.6
13.6
13.7
13.7
13.7
13.7
13.7
13.7
13.7
13.7
13.7
13.7
13.8
13.8
13.8
13.8
13.8
13.8
13.8
13.8
13.8
13.8
13.9
13.9
13.9
13.9
13.9
13.9
13.9
13.9
13.9
13.9
13.9
13.9
13.9
13.9
13.9
14.0
14.0
14.0
14.0
14.0
14.0
14.0
14.0
14.1
14.1
14.1
14.1
14.1
14.2
14.2
14.2
14.2
14.2
14.2
14.2
14.2
14.3
14.3
14.3
14.3
14.3
14.3
14.4
14.4
14.4
14.4
14.4
14.5
14.5
14.5
14.6
14.6
14.6
14.6
14.6
14.6
14.6
14.6
14.6
14.6
14.7
14.7
14.7
14.7
14.7
14.7
14.7
14.8
14.8
14.9
14.9
14.9
14.9
14.9
15.0
15.0
15.0
15.0
15.0
15.0
15.0
15.0
15.1
15.1
15.2
15.2
15.2
15.2
15.2
15.2
15.2
15.2
15.3
15.3
15.3
15.3
15.3
15.3
15.4
15.4
15.4
15.4
15.4
15.4
15.4
15.4
15.4
15.5
15.5
15.5
15.5
15.5
15.5
15.5
15.5
15.5
15.5
15.5
15.5
15.6
15.6
15.6
15.6
15.6
15.6
15.6
15.6
15.6
15.6
15.7
15.7
15.7
15.7
15.8
15.8
15.8
15.8
15.8
15.8
15.8
15.8
15.9
15.9
15.9
15.9
15.9
15.9
15.9
15.9
15.9
15.9
16.0
16.0
16.0
16.0
16.0
16.1
16.1
16.1
16.1
16.1
16.1
16.1
16.1
16.1
16.1
16.2
16.2
16.2
16.2
16.2
16.2
16.3
16.3
16.3
16.3
16.3
16.3
16.3
16.3
16.4
16.4
16.4
16.4
16.4
16.4
16.4
16.5
16.5
16.5
16.5
16.5
16.5
16.5
16.5
16.5
16.5
16.5
16.6
16.6
16.6
16.6
16.6
16.6
16.6
16.6
16.6
16.7
16.7
16.7
16.7
16.8
16.8
16.8
16.8
16.8
16.8
16.9
16.9
16.9
16.9
16.9
17.0
17.0
17.0
17.0
17.0
17.0
17.0
17.1
17.1
17.1
17.1
17.1
17.1
17.1
17.2
17.2
17.2
17.2
17.3
17.3
17.3
17.3
17.3
17.4
17.4
17.4
17.4
17.5
17.5
17.5
17.5
17.5
17.5
17.5
17.5
17.6
17.6
17.6
17.6
17.6
17.6
17.6
17.6
17.6
17.6
17.6
17.6
17.6
17.7
17.7
17.7
17.7
17.7
17.7
17.7
17.7
17.8
17.8
17.8
17.9
17.9
18.0
18.0
18.0
18.0
18.0
18.0
18.1
18.1
18.1
18.1
18.1
18.1
18.1
18.1
18.2
18.2
18.2
18.2
18.2
18.2
18.2
18.2
18.2
18.2
18.3
18.3
18.3
18.3
18.3
18.3
18.4
18.4
18.4
18.4
18.4
18.4
18.4
18.4
18.5
18.5
18.5
18.5
18.5
18.5
18.5
18.5
18.5
18.6
18.6
18.6
18.6
18.7
18.7
18.7
18.7
18.7
18.8
18.8
18.8
18.8
18.8
18.8
18.9
18.9
18.9
18.9
18.9
18.9
18.9
18.9
18.9
19.0
19.0
19.0
19.0
19.0
19.0
19.1
19.1
19.1
19.1
19.1
19.1
19.2
19.2
19.2
19.3
19.3
19.3
19.3
19.3
19.3
19.3
19.4
19.4
19.4
19.4
19.4
19.4
19.5
19.5
19.5
19.5
19.5
19.5
19.5
19.5
19.6
19.6
19.6
19.6
19.6
19.6
19.6
19.6
19.7
19.7
19.7
19.7
19.7
19.7
19.7
19.7
19.7
19.7
19.7
19.7
19.7
19.8
19.8
19.9
19.9
19.9
19.9
19.9
19.9
20.0
20.0
20.0
20.0
20.0
20.0
20.0
20.0
20.0
20.0
20.1
20.1
20.1
20.1
20.1
20.1
20.1
20.1
20.1
20.2
20.2
20.2
20.2
20.2
20.3
20.3
20.3
20.3
20.3
20.3
20.3
20.3
20.3
20.3
20.3
20.3
20.3
20.4
20.4
20.4
20.5
20.5
20.5
20.5
20.5
20.5
20.5
20.6
20.6
20.6
20.6
20.6
20.6
20.6
20.7
20.7
20.7
20.7
20.7
20.7
20.7
20.7
20.7
20.8
20.8
20.8
20.8
20.8
20.8
20.9
20.9
20.9
20.9
20.9
21.0
21.0
21.0
21.1
21.1
21.1
21.1
21.1
21.1
21.1
21.1
21.1
21.2
21.2
21.3
21.3
21.3
21.3
21.3
21.3
21.4
21.4
21.4
21.4
21.5
21.5
21.6
21.6
21.6
21.6
21.6
21.6
21.6
21.6
21.6
21.6
21.6
21.7
21.7
21.7
21.7
21.7
21.7
21.7
21.8
21.8
21.8
21.8
21.9
21.9
21.9
21.9
21.9
21.9
21.9
22.0
22.0
22.0
22.0
22.0
22.0
22.0
22.0
22.0
22.1
22.1
22.1
22.2
22.2
22.2
22.2
22.2
22.2
22.2
22.2
22.3
22.3
22.3
22.3
22.3
22.3
22.3
22.4
22.4
22.4
22.4
22.4
22.4
22.4
22.4
22.4
22.5
22.5
22.5
22.5
22.5
22.5
22.5
22.6
22.6
22.6
22.6
22.6
22.6
22.7
22.7
22.7
22.7
22.7
22.7
22.7
22.8
22.8
22.8
22.8
22.8
22.8
22.8
22.9
22.9
22.9
22.9
22.9
22.9
22.9
22.9
22.9
22.9
22.9
23.0
23.0
23.0
23.0
23.0
23.0
23.0
23.0
23.1
23.1
23.1
23.1
23.1
23.1
23.2
23.2
23.2
23.2
23.2
23.2
23.2
23.3
23.3
23.3
23.3
23.3
23.3
23.3
23.3
23.4
23.4
23.4
23.4
23.4
23.4
23.4
23.4
23.5
23.6
23.6
23.6
23.7
23.7
23.7
23.7
23.7
23.7
23.7
23.7
23.7
23.7
23.7
23.7
23.8
23.8
23.8
23.8
23.9
23.9
23.9
23.9
23.9
23.9
23.9
23.9
23.9
24.0
24.0
24.0
24.0
24.0
24.0
24.0
24.1
24.1
24.1
24.2
24.2
24.2
24.2
24.2
24.2
24.2
24.3
24.3
24.3
24.3
24.3
24.4
24.4
24.5
24.5
24.5
24.5
24.5
24.5
24.5
24.5
24.5
24.6
24.6
24.6
24.6
24.7
24.7
24.7
24.7
24.7
24.7
24.7
24.7
24.7
24.7
24.8
24.8
24.8
24.8
24.8
24.8
24.8
24.8
24.8
24.9
24.9
24.9
25.0
25.1
25.1
25.1
25.2
25.2
25.2
25.2
25.2
25.2
25.3
25.3
25.3
25.4
25.4
25.4
25.4
25.4
25.5
25.5
25.5
25.5
25.5
25.5
25.5
25.5
25.5
25.5
25.6
25.6
25.7
25.7
25.7
25.7
25.7
25.7
25.7
25.7
25.8
25.8
25.8
25.8
25.8
25.8
25.8
25.8
25.9
25.9
25.9
25.9
25.9
25.9
25.9
25.9
26.0
26.0
26.0
26.0
26.0
26.1
26.1
26.1
26.1
26.1
26.1
26.2
26.2
26.2
26.2
26.2
26.2
26.2
26.3
26.3
26.3
26.3
26.3
26.3
26.3
26.3
26.3
26.3
26.4
26.4
26.4
26.4
26.4
26.4
26.4
26.4
26.5
26.5
26.5
26.5
26.5
26.5
26.6
26.6
26.6
26.6
26.6
26.6
26.6
26.6
26.6
26.6
26.7
26.7
26.8
26.8
26.8
26.9
26.9
26.9
26.9
26.9
26.9
26.9
26.9
26.9
27.0
27.0
27.0
27.0
27.1
27.1
27.1
27.1
27.1
27.2
27.2
27.2
27.2
27.2
27.2
27.2
27.2
27.2
27.2
27.3
27.3
27.3
27.3
27.3
27.3
27.3
27.3
27.3
27.4
27.4
27.4
27.4
27.4
27.4
27.5
27.5
27.5
27.5
27.6
27.6
27.6
27.6
27.6
27.6
27.6
27.7
27.7
27.7
27.7
27.7
27.8
27.8
27.8
27.8
27.8
27.8
27.9
27.9
27.9
27.9
27.9
28.0
28.0
28.0
28.0
28.0
28.0
28.1
28.1
28.2
28.2
28.2
28.2
28.2
28.3
28.3
28.3
28.3
28.3
28.3
28.4
28.4
28.4
28.4
28.5
28.5
28.6
28.6
28.7
28.7
28.7
28.7
28.7
28.8
28.8
28.8
28.9
28.9
28.9
28.9
29.0
29.0
29.0
29.1
29.1
29.1
29.1
29.1
29.2
29.2
29.2
29.2
29.2
29.3
29.3
29.3
29.3
29.4
29.4
29.4
29.4
29.4
29.4
29.4
29.4
29.4
29.5
29.5
29.5
29.5
29.5
29.5
29.5
29.5
29.5
29.6
29.6
29.6
29.6
29.6
29.7
29.7
29.7
29.7
29.7
29.7
29.7
29.7
29.7
29.7
29.8
29.8
29.9
29.9
29.9
29.9
29.9
30.0
30.0
30.1
30.1
30.1
30.1
30.1
30.1
30.1
30.2
30.3
30.3
30.3
30.4
30.4
30.4
30.4
30.4
30.4
30.4
30.5
30.6
30.6
30.7
30.7
30.7
30.7
30.8
30.8
30.9
30.9
30.9
30.9
31.0
31.0
31.0
31.0
31.0
31.0
31.0
31.1
31.1
31.1
31.1
31.2
31.2
31.2
31.2
31.2
31.2
31.2
31.2
31.3
31.4
31.4
31.4
31.4
31.5
31.5
31.5
31.5
31.5
31.5
31.6
31.6
31.6
31.6
31.6
31.6
31.6
31.7
31.7
31.7
31.8
31.8
31.8
31.8
31.8
31.8
31.9
31.9
32.0
32.0
32.0
32.0
32.1
32.1
32.1
32.1
32.1
32.1
32.1
32.2
32.2
32.2
32.2
32.2
32.2
32.3
32.3
32.3
32.3
32.3
32.3
32.3
32.3
32.4
32.5
32.5
32.5
32.6
32.6
32.6
32.6
32.6
32.6
32.6
32.6
32.7
32.7
32.7
32.7
32.8
32.8
32.8
32.8
32.8
32.8
32.8
32.8
32.8
32.9
32.9
32.9
33.0
33.0
33.1
33.1
33.1
33.1
33.1
33.1
33.2
33.2
33.3
33.3
33.3
33.3
33.3
33.4
33.4
33.4
33.4
33.5
33.5
33.5
33.5
33.5
33.6
33.6
33.6
33.6
33.6
33.7
33.7
33.7
33.7
33.7
33.7
33.8
33.8
33.8
33.8
33.8
33.9
33.9
33.9
33.9
33.9
33.9
33.9
33.9
34.0
34.0
34.0
34.0
34.1
34.1
34.1
34.1
34.2
34.2
34.2
34.3
34.3
34.3
34.3
34.4
34.4
34.4
34.4
34.4
34.5
34.5
34.5
34.5
34.5
34.5
34.5
34.5
34.6
34.6
34.6
34.6
34.7
34.7
34.7
34.7
34.7
34.7
34.8
34.8
34.8
34.8
34.8
34.9
34.9
34.9
34.9
35.0
35.0
35.0
35.1
35.1
35.1
35.1
35.1
35.1
35.1
35.2
35.2
35.2
35.2
35.2
35.2
35.3
35.3
35.3
35.3
35.3
35.3
35.4
35.4
35.4
35.5
35.5
35.5
35.5
35.6
35.6
35.6
35.6
35.7
35.7
35.7
35.7
35.7
35.7
35.7
35.8
35.8
35.8
35.8
35.9
35.9
35.9
35.9
35.9
36.0
36.0
36.1
36.1
36.2
36.2
36.3
36.3
36.4
36.4
36.4
36.4
36.4
36.4
36.5
36.5
36.5
36.5
36.6
36.6
36.6
36.7
36.7
36.7
36.7
36.7
36.7
36.7
36.8
36.8
36.8
36.8
36.8
36.8
36.9
36.9
36.9
36.9
36.9
36.9
37.0
37.0
37.0
37.0
37.1
37.1
37.1
37.2
37.2
37.2
37.2
37.2
37.2
37.3
37.3
37.4
37.4
37.4
37.4
37.5
37.6
37.6
37.6
37.6
37.6
37.6
37.6
37.6
37.6
37.7
37.7
37.7
37.7
37.7
37.8
37.8
37.9
37.9
37.9
37.9
38.0
38.0
38.0
38.0
38.1
38.1
38.1
38.1
38.1
38.2
38.2
38.2
38.3
38.3
38.3
38.3
38.4
38.4
38.4
38.5
38.5
38.5
38.5
38.5
38.6
38.6
38.7
38.7
38.7
38.7
38.8
38.8
38.8
38.8
38.8
38.8
38.8
38.9
38.9
38.9
38.9
38.9
39.0
39.0
39.0
39.1
39.1
39.2
39.2
39.2
39.2
39.3
39.4
39.4
39.4
39.4
39.4
39.4
39.4
39.5
39.6
39.6
39.6
39.6
39.6
39.6
39.6
39.7
39.7
39.7
39.7
39.7
39.8
39.8
39.8
39.8
39.8
39.9
39.9
40.0
40.0
40.0
40.0
40.0
40.0
40.0
40.1
40.1
40.1
40.1
40.2
40.2
40.2
40.3
40.3
40.3
40.3
40.4
40.4
40.4
40.4
40.4
40.5
40.5
40.5
40.5
40.6
40.6
40.7
40.7
40.8
40.9
40.9
40.9
40.9
41.0
41.0
41.0
41.0
41.0
41.0
41.0
41.1
41.1
41.1
41.1
41.1
41.2
41.2
41.2
41.3
41.3
41.3
41.3
41.3
41.3
41.4
41.4
41.5
41.5
41.5
41.5
41.6
41.6
41.7
41.7
41.7
41.8
41.8
41.8
41.8
41.9
41.9
41.9
41.9
41.9
42.1
42.1
42.1
42.1
42.1
42.1
42.2
42.2
42.3
42.3
42.4
42.4
42.4
42.4
42.5
42.5
42.5
42.5
42.5
42.6
42.6
42.7
42.8
42.8
42.8
42.8
42.9
42.9
42.9
42.9
43.0
43.0
43.0
43.1
43.1
43.1
43.1
43.1
43.1
43.2
43.2
43.2
43.3
43.3
43.3
43.3
43.3
43.5
43.5
43.5
43.5
43.6
43.7
43.7
43.7
43.7
43.7
43.7
43.7
43.8
43.9
43.9
44.0
44.0
44.0
44.1
44.1
44.1
44.1
44.1
44.1
44.2
44.2
44.2
44.2
44.3
44.3
44.3
44.3
44.3
44.4
44.4
44.4
44.5
44.5
44.6
44.7
44.7
44.7
44.8
44.8
44.9
44.9
44.9
44.9
44.9
45.0
45.1
45.1
45.1
45.1
45.1
45.1
45.2
45.3
45.3
45.3
45.3
45.4
45.4
45.4
45.4
45.6
45.6
45.6
45.6
45.6
45.6
45.7
45.7
45.7
45.7
45.7
45.8
45.8
45.8
45.8
45.9
45.9
46.0
46.0
46.0
46.1
46.1
46.1
46.2
46.2
46.2
46.2
46.2
46.2
46.3
46.3
46.3
46.3
46.3
46.4
46.4
46.5
46.5
46.5
46.5
46.5
46.6
46.6
46.6
46.6
46.6
46.7
46.7
46.7
46.7
46.7
46.7
46.7
46.7
46.8
46.8
46.8
46.8
47.0
47.0
47.0
47.0
47.0
47.0
47.0
47.1
47.2
47.2
47.3
47.5
47.5
47.5
47.5
47.5
47.7
47.7
47.7
47.7
47.8
47.8
47.8
47.8
47.9
47.9
47.9
47.9
48.0
48.0
48.1
48.1
48.1
48.1
48.1
48.2
48.2
48.2
48.3
48.3
48.4
48.4
48.4
48.5
48.5
48.5
48.6
48.6
48.6
48.6
48.7
48.7
48.7
48.7
48.7
48.8
48.8
48.8
48.8
49.1
49.1
49.1
49.1
49.2
49.2
49.2
49.2
49.2
49.2
49.3
49.3
49.3
49.3
49.3
49.3
49.3
49.4
49.4
49.4
49.4
49.4
49.5
49.5
49.5
49.5
49.5
49.6
49.6
49.6
49.7
49.8
49.8
49.8
49.9
49.9
49.9
50.0
50.0
50.1
50.1
50.2
50.2
50.2
50.2
50.3
50.3
50.4
50.4
50.4
50.4
50.4
50.5
50.5
50.5
50.5
50.5
50.6
50.6
50.6
50.7
50.8
50.8
50.8
50.8
50.8
50.8
50.8
50.9
50.9
51.0
51.0
51.1
51.1
51.2
51.5
51.5
51.5
51.6
51.6
51.7
51.7
51.7
51.8
51.8
51.8
51.8
51.8
51.8
51.8
51.9
51.9
51.9
51.9
51.9
52.0
52.0
52.0
52.0
52.0
52.1
52.1
52.1
52.2
52.2
52.2
52.3
52.3
52.4
52.4
52.4
52.4
52.5
52.5
52.5
52.5
52.6
52.6
52.6
52.6
52.7
52.7
52.7
52.7
52.8
52.8
52.8
52.9
52.9
52.9
52.9
52.9
52.9
53.0
53.0
53.0
53.1
53.1
53.1
53.1
53.2
53.3
53.3
53.3
53.4
53.4
53.5
53.6
53.6
53.6
53.7
53.7
53.7
53.8
53.8
53.9
53.9
54.0
54.0
54.0
54.0
54.0
54.1
54.2
54.2
54.2
54.2
54.3
54.3
54.3
54.4
54.4
54.4
54.5
54.7
54.7
54.7
54.7
54.7
54.8
55.0
55.0
55.0
55.0
55.1
55.2
55.2
55.2
55.2
55.3
55.3
55.4
55.4
55.4
55.5
55.6
55.6
55.6
55.7
55.7
55.8
55.8
55.9
55.9
55.9
55.9
56.1
56.1
56.1
56.2
56.3
56.3
56.3
56.3
56.4
56.5
56.5
56.6
56.6
56.6
56.6
56.6
56.7
56.8
56.8
56.8
57.0
57.1
57.1
57.2
57.2
57.5
57.6
57.7
57.7
57.8
57.8
57.9
58.0
58.1
58.1
58.2
58.2
58.2
58.3
58.3
58.3
58.4
58.5
58.5
58.6
58.6
58.6
58.7
58.7
58.7
58.7
58.8
58.9
58.9
58.9
58.9
59.0
59.0
59.0
59.0
59.1
59.1
59.2
59.2
59.2
59.3
59.3
59.3
59.5
59.5
59.5
59.5
59.6
59.6
59.6
59.6
59.6
59.6
59.7
59.7
59.8
59.9
60.0
60.0
60.0
60.0
60.1
60.1
60.1
60.3
60.3
60.3
60.3
60.3
60.4
60.4
60.4
60.4
60.5
60.5
60.5
60.5
60.5
60.5
60.6
60.6
60.6
60.7
60.7
60.8
60.8
60.8
60.8
60.9
61.0
61.1
61.1
61.1
61.2
61.3
61.3
61.4
61.4
61.4
61.5
61.5
61.6
61.8
61.8
61.9
61.9
61.9
61.9
62.0
62.1
62.2
62.2
62.2
62.2
62.2
62.3
62.3
62.3
62.4
62.4
62.4
62.5
62.5
62.5
62.5
62.5
62.5
62.6
62.6
62.7
62.7
62.9
62.9
62.9
62.9
63.0
63.1
63.1
63.1
63.2
63.2
63.2
63.2
63.3
63.3
63.3
63.3
63.4
63.4
63.4
63.4
63.4
63.5
63.5
63.5
63.6
63.6
63.7
63.8
63.8
63.8
63.9
64.0
64.0
64.1
64.2
64.3
64.4
64.4
64.4
64.5
64.6
64.6
64.6
64.6
64.6
64.6
64.7
64.7
64.7
64.9
64.9
65.0
65.0
65.2
65.3
65.3
65.5
65.6
65.6
65.7
65.7
65.7
65.8
65.9
65.9
66.1
66.1
66.2
66.2
66.2
66.2
66.3
66.3
66.3
66.3
66.4
66.5
66.5
66.5
66.6
66.6
66.6
66.6
66.7
66.7
66.7
66.8
66.9
67.1
67.1
67.2
67.3
67.3
67.3
67.3
67.3
67.4
67.6
67.6
67.7
67.8
67.9
68.1
68.2
68.2
68.2
68.2
68.3
68.3
68.4
68.4
68.5
68.5
68.5
68.6
68.6
68.9
68.9
69.0
69.1
69.3
69.3
69.4
69.4
69.4
69.5
69.5
69.6
69.6
69.6
69.7
69.7
69.9
70.0
70.0
70.0
70.0
70.1
70.1
70.3
70.3
70.4
70.4
70.4
70.5
70.5
70.6
70.6
70.6
70.8
70.9
71.1
71.1
71.2
71.2
71.3
71.4
71.4
71.5
71.5
71.5
71.6
71.6
71.7
71.8
71.8
71.9
71.9
71.9
71.9
71.9
72.1
72.2
72.2
72.2
72.3
72.3
72.5
72.6
72.7
72.7
72.7
72.8
72.8
72.9
73.0
73.0
73.1
73.1
73.3
73.3
73.3
73.4
73.4
73.5
73.5
73.5
73.5
73.5
73.6
73.6
73.7
73.7
73.8
73.8
73.8
73.8
73.9
74.0
74.0
74.1
74.2
74.2
74.2
74.4
74.5
74.6
74.7
74.7
74.8
74.9
75.0
75.0
75.0
75.2
75.2
75.3
75.4
75.6
75.6
75.6
75.7
75.7
75.8
75.8
76.0
76.0
76.0
76.1
76.2
76.2
76.2
76.3
76.3
76.4
76.4
76.5
76.5
76.5
76.6
76.6
76.6
76.6
76.9
77.0
77.0
77.0
77.0
77.1
77.2
77.2
77.2
77.3
77.4
77.5
77.5
77.5
77.5
77.6
77.7
77.7
77.8
77.8
77.8
78.0
78.1
78.1
78.1
78.1
78.2
78.2
78.3
78.4
78.5
78.5
78.5
78.6
78.6
78.6
78.6
78.6
78.7
78.7
78.7
78.7
78.7
78.8
78.9
79.0
79.0
79.0
79.1
79.2
79.2
79.3
79.3
79.4
79.6
79.7
79.9
79.9
79.9
80.0
80.0
80.1
80.1
80.1
80.2
80.2
80.3
80.4
80.5
80.6
80.6
80.6
80.7
80.8
81.0
81.1
81.2
81.6
81.6
81.6
81.6
81.7
81.8
81.9
82.1
82.2
82.3
82.4
82.5
82.6
82.6
82.7
82.7
82.8
82.8
82.9
82.9
83.0
83.0
83.1
83.1
83.1
83.5
83.5
83.6
83.6
83.6
83.7
84.1
84.1
84.2
84.3
84.6
84.6
84.7
84.7
84.8
84.9
85.0
85.1
85.1
85.2
85.2
85.4
85.4
85.5
85.6
85.7
85.7
85.9
85.9
85.9
86.0
86.0
86.0
86.1
86.1
86.3
86.3
86.5
86.5
86.5
86.6
86.6
86.7
86.8
86.9
87.0
87.1
87.1
87.2
87.3
87.4
87.5
87.8
87.8
87.9
88.0
88.0
88.2
88.2
88.2
88.4
88.6
88.6
88.7
88.7
88.7
88.8
88.8
88.8
88.8
88.9
89.0
89.0
89.0
89.0
89.2
89.2
89.3
89.7
89.8
89.8
89.8
89.9
90.0
90.0
90.0
90.1
90.2
90.3
90.4
90.6
90.6
90.7
90.8
90.8
90.9
90.9
91.0
91.0
91.0
91.0
91.2
91.3
91.4
91.4
91.4
91.4
91.5
91.5
91.5
91.5
91.6
91.6
91.6
91.8
91.9
92.1
92.1
92.2
92.2
92.3
92.3
92.4
92.5
92.6
92.6
92.7
92.7
92.9
92.9
93.0
93.0
93.0
93.0
93.2
93.4
93.5
93.6
93.7
93.7
93.7
93.8
93.9
93.9
94.0
94.1
94.1
94.1
94.1
94.1
94.3
94.3
94.4
94.4
94.5
94.6
94.7
94.7
94.8
94.8
94.9
94.9
94.9
95.0
95.0
95.1
95.1
95.1
95.1
95.2
95.3
95.3
95.4
95.5
95.5
95.5
95.6
95.7
95.8
95.9
95.9
96.1
96.1
96.2
96.2
96.5
96.6
96.7
96.9
96.9
97.0
97.1
97.1
97.2
97.2
97.2
97.2
97.3
97.3
97.6
97.7
97.9
97.9
98.1
98.1
98.1
98.1
98.2
98.2
98.3
98.3
98.4
98.5
98.6
98.7
98.8
98.9
98.9
98.9
99.0
99.0
99.1
99.3
99.3
99.3
99.4
99.4
99.6
99.7
99.7
99.8
100.0
100.0
100.0
100.0
100.3
100.5
100.5
100.6
100.6
100.8
100.8
100.8
100.9
101.0
101.2
101.2
101.3
101.3
101.5
101.7
101.7
101.9
101.9
102.0
102.1
102.2
102.4
102.4
102.4
102.4
102.5
102.5
102.6
102.6
102.6
102.9
102.9
103.0
103.0
103.0
103.1
103.3
103.3
103.5
103.5
103.5
103.5
103.6
103.6
103.8
103.9
104.1
104.1
104.1
104.2
104.2
104.3
104.3
104.3
104.3
104.5
104.6
105.1
105.1
105.1
105.1
105.1
105.3
105.9
105.9
105.9
106.1
106.2
106.4
106.5
106.6
106.7
106.7
106.7
106.8
106.9
106.9
107.0
107.2
107.2
107.4
107.4
107.5
107.6
107.6
107.6
107.6
107.6
107.6
107.6
107.7
107.8
108.0
108.2
108.2
108.6
108.6
108.6
108.9
109.0
109.1
109.2
109.3
109.3
109.5
109.6
109.8
110.0
110.2
110.2
110.4
110.5
110.6
110.6
110.6
110.7
110.8
110.9
111.2
111.2
111.2
111.2
111.2
111.3
111.3
111.4
111.4
111.4
111.4
111.5
111.6
111.7
111.8
112.0
112.0
112.0
112.0
112.1
112.2
112.2
112.2
112.3
112.4
112.4
112.5
112.5
112.7
112.7
112.9
113.0
113.2
113.2
113.3
113.4
113.4
113.5
113.5
113.8
114.0
114.1
114.2
114.3
114.9
114.9
115.1
115.1
115.1
115.2
115.3
115.3
115.3
115.3
115.5
115.5
115.6
115.6
115.6
115.8
115.8
115.9
116.2
116.3
116.3
116.6
116.6
116.8
116.8
117.1
117.1
117.2
117.3
117.4
117.4
117.5
117.6
117.6
117.6
117.7
117.8
118.0
118.2
118.3
118.5
118.6
118.7
119.0
119.2
119.2
119.3
119.4
119.5
119.6
119.7
119.8
120.0
120.1
120.4
120.5
120.6
120.9
121.0
121.0
121.1
121.2
121.3
121.3
121.4
121.4
121.5
121.6
122.0
122.2
122.5
122.7
122.8
123.0
123.0
123.1
123.3
123.6
123.8
123.8
123.9
123.9
124.0
124.2
124.2
124.2
124.2
124.2
124.3
124.4
124.4
124.5
124.5
124.5
124.7
124.8
124.8
124.9
125.0
125.3
125.4
125.6
125.6
125.6
125.7
125.7
125.8
126.8
126.8
127.0
127.1
127.2
127.3
127.4
127.5
127.6
127.8
127.8
127.8
127.9
128.0
128.0
128.2
128.2
128.2
128.5
128.6
128.6
128.7
128.7
128.8
128.8
128.9
128.9
129.0
129.1
129.2
129.4
129.6
130.1
130.1
130.2
130.2
130.6
130.7
130.7
130.8
130.8
130.9
131.4
131.6
131.6
131.7
131.8
131.8
131.9
131.9
132.4
132.8
133.0
133.0
133.1
133.2
133.3
133.3
133.7
133.8
133.8
134.0
134.0
134.8
134.9
135.0
135.1
135.2
135.3
135.3
135.4
135.6
135.7
135.7
135.8
135.8
135.9
136.1
136.1
136.5
136.5
136.6
137.1
137.2
137.3
137.4
137.5
137.6
137.6
137.6
137.6
137.6
137.6
137.7
137.9
137.9
138.0
138.1
138.1
138.2
138.3
138.8
138.8
139.0
139.2
139.7
139.7
139.9
140.1
140.6
140.7
140.8
141.0
141.1
141.2
141.3
141.6
141.6
141.8
141.8
142.0
142.0
142.2
142.3
142.3
142.4
142.4
142.4
142.5
142.7
142.7
142.9
142.9
142.9
143.3
143.4
143.5
143.5
143.6
143.9
143.9
144.4
144.5
144.5
144.6
144.7
144.8
145.0
145.2
145.3
145.4
145.8
146.0
146.0
146.1
146.5
146.7
146.8
147.0
147.1
147.1
147.2
147.3
147.3
147.5
147.7
147.7
147.8
147.9
148.0
148.2
148.3
148.3
148.6
148.6
148.8
148.8
149.0
149.1
149.1
149.2
149.3
149.4
149.4
149.4
149.6
149.9
150.2
150.4
150.4
150.8
150.8
151.0
151.2
151.4
151.5
151.8
151.8
151.9
152.0
152.4
152.5
153.1
153.2
153.4
153.4
153.6
153.7
154.1
154.4
154.6
154.7
154.9
154.9
155.1
155.3
155.6
155.6
155.7
155.7
155.8
156.0
156.1
156.3
156.6
156.7
156.7
156.8
156.8
157.1
157.1
157.2
157.2
157.3
157.3
157.9
158.0
158.3
158.4
158.6
158.7
158.7
159.1
159.1
159.2
159.4
160.2
160.4
160.4
160.4
160.5
160.6
161.0
161.6
161.7
161.9
162.0
162.1
162.2
162.3
162.4
162.7
162.8
163.3
163.3
163.4
163.5
163.6
163.7
163.7
163.9
164.0
164.0
164.1
164.1
164.1
164.2
164.2
164.5
164.5
164.6
164.7
164.9
165.2
165.3
165.9
165.9
166.0
166.1
166.2
166.2
167.0
167.4
167.4
167.5
167.6
167.7
167.7
167.8
167.8
167.8
167.9
167.9
168.1
168.2
168.3
168.3
168.4
168.5
168.9
169.1
169.2
169.3
169.4
169.5
169.6
169.7
169.7
169.8
169.9
170.0
170.4
170.5
170.5
170.6
170.6
170.7
171.1
171.2
171.2
171.3
171.3
171.5
171.5
171.5
171.7
172.2
172.2
172.3
172.5
172.5
172.9
173.0
173.3
173.4
173.7
173.7
174.0
174.0
174.1
174.3
174.4
174.6
174.8
174.9
175.2
175.3
175.4
175.5
175.6
175.6
175.6
175.9
176.0
176.1
176.1
176.6
176.7
176.9
177.0
177.2
177.2
177.4
177.7
178.0
178.2
178.2
178.3
178.3
178.8
178.9
178.9
179.0
179.2
179.2
179.3
179.3
179.3
179.4
179.4
179.5
179.6
179.6
179.6
179.9
180.0
180.3
180.6
180.8
180.9
181.0
181.1
181.3
181.4
182.1
182.2
182.4
182.7
182.8
182.8
182.8
182.9
182.9
183.0
183.0
183.3
183.3
183.3
183.4
183.5
183.6
183.8
183.9
183.9
184.4
184.6
184.8
185.2
185.2
185.4
185.5
185.6
185.7
185.7
185.8
185.8
185.8
186.0
186.0
186.1
186.1
186.1
186.2
186.3
186.3
186.6
186.7
186.8
186.9
187.1
187.3
187.3
187.6
187.6
187.7
187.7
187.8
187.8
188.0
188.0
188.1
188.2
188.3
188.4
188.5
188.6
188.7
188.9
189.0
189.2
189.3
189.4
189.9
190.1
190.7
191.1
191.5
191.8
192.2
192.3
192.3
192.5
192.8
193.0
193.2
193.2
193.3
193.5
193.6
193.8
193.9
194.0
194.2
194.5
194.7
194.8
194.9
195.0
195.0
195.1
195.8
195.8
195.9
196.0
196.1
196.2
196.3
196.3
196.4
196.4
196.7
196.8
197.1
197.1
197.4
197.7
197.8
197.9
198.0
198.0
198.1
198.6
198.8
198.9
198.9
198.9
199.3
199.3
199.8
199.9
200.1
200.2
200.2
200.8
200.8
200.9
201.1
201.3
201.8
201.8
201.8
201.9
202.0
202.0
202.0
202.0
202.2
202.2
202.3
202.3
202.4
202.4
202.6
202.6
202.8
203.1
203.5
203.9
203.9
204.0
204.4
204.5
204.6
204.6
204.6
204.6
204.6
204.8
205.2
205.2
205.3
205.4
205.4
205.5
205.6
206.2
206.3
206.3
206.4
206.7
206.8
207.2
207.3
207.6
207.8
207.9
208.1
208.1
208.2
208.3
208.3
208.6
208.7
208.8
209.0
209.1
209.1
209.4
209.6
209.7
209.9
210.2
210.5
210.6
210.8
211.0
211.2
211.2
211.2
211.3
211.4
211.7
211.8
211.8
212.0
212.0
212.1
212.3
212.3
212.4
212.9
212.9
213.2
213.4
213.6
213.6
213.9
214.0
214.0
214.0
215.3
215.5
215.7
216.3
216.4
216.5
216.6
216.8
216.8
216.9
216.9
217.2
217.3
217.4
217.5
217.5
217.6
218.0
218.1
218.2
218.3
218.5
218.5
218.7
218.7
218.8
218.8
218.9
219.0
219.4
219.4
219.4
219.5
219.5
219.5
219.6
219.6
219.6
219.7
220.2
220.2
220.3
220.4
220.6
220.7
220.8
221.8
222.1
222.8
223.0
223.1
223.1
223.3
223.6
223.9
223.9
224.1
224.7
224.7
224.8
225.0
225.2
225.2
225.4
225.4
225.8
226.4
226.4
226.6
226.6
226.6
226.7
227.1
227.2
227.4
227.7
227.8
227.8
227.9
227.9
228.3
228.6
229.3
229.5
229.7
229.7
229.8
229.9
229.9
229.9
230.0
230.0
230.0
230.4
230.5
230.5
230.5
230.5
230.7
231.0
231.1
231.3
231.6
232.7
233.0
233.2
233.4
233.4
233.4
233.5
233.6
233.8
234.1
234.1
234.1
234.3
234.5
234.8
235.3
235.5
235.5
235.6
235.7
235.7
235.8
236.0
236.4
237.3
237.3
237.5
237.8
238.1
238.3
238.8
239.0
239.0
239.2
239.4
239.5
239.6
239.7
239.7
239.9
239.9
240.0
240.6
240.9
241.2
241.4
241.8
241.9
242.0
242.1
242.1
242.2
242.3
242.6
242.7
243.1
243.1
243.3
243.3
243.3
243.6
243.7
243.8
243.8
243.9
244.5
244.6
244.6
244.8
245.0
245.8
246.2
246.2
246.4
246.6
247.0
247.1
247.2
247.5
247.5
247.8
247.9
248.0
248.0
248.1
248.4
248.8
249.2
249.3
249.3
249.4
249.8
249.8
249.9
250.1
250.2
250.2
250.4
250.5
250.6
251.3
251.5
251.8
251.8
252.1
252.3
252.4
252.6
252.9
253.1
253.4
253.6
253.6
253.8
254.1
254.2
254.3
254.6
254.6
254.8
255.1
255.2
255.6
255.9
256.0
256.2
256.5
256.9
256.9
257.1
257.9
258.3
258.3
258.3
258.4
258.4
258.4
258.5
258.7
258.9
259.1
259.2
259.4
259.7
259.7
259.8
259.8
259.9
259.9
260.0
260.2
260.3
260.3
260.6
260.6
260.7
260.8
260.9
261.2
261.5
261.6
261.6
262.0
262.1
262.6
262.7
262.9
262.9
263.0
263.1
263.7
263.8
264.0
264.0
264.6
264.7
264.7
264.8
264.9
265.1
265.2
265.4
265.9
266.2
266.3
266.4
266.4
266.4
266.6
266.8
267.0
267.0
267.3
267.5
267.5
267.6
267.9
267.9
268.0
268.4
268.6
268.7
269.3
269.3
269.3
269.4
269.7
270.0
270.1
270.1
270.2
270.4
270.6
270.7
270.9
270.9
270.9
271.0
271.1
271.3
271.6
271.7
271.7
271.9
272.2
272.3
272.3
272.6
272.6
272.6
272.9
273.2
273.3
273.4
273.5
273.6
273.7
273.7
273.8
274.1
274.2
274.2
274.2
274.3
274.4
274.4
274.4
274.5
274.6
274.6
274.7
274.8
274.8
274.8
275.0
275.1
275.2
275.4
275.5
275.5
275.5
275.6
275.7
276.0
276.1
276.2
276.2
276.4
276.5
276.5
276.8
276.9
277.2
277.2
277.3
277.5
277.6
278.1
278.3
278.3
278.3
278.6
278.6
279.1
279.7
279.9
280.1
280.2
280.2
280.4
280.7
280.9
281.0
281.4
281.5
281.6
281.9
281.9
282.9
283.0
283.1
283.1
283.4
283.5
283.7
284.1
284.3
284.5
285.1
285.2
285.5
285.8
286.1
286.2
286.8
286.9
287.0
287.8
287.9
287.9
288.0
288.1
288.3
288.3
288.5
288.6
288.9
288.9
289.0
289.1
289.1
289.2
289.2
289.5
289.8
289.9
290.2
290.2
290.3
290.4
290.4
290.5
290.7
290.7
290.8
291.4
291.4
291.7
291.7
291.7
291.8
291.8
292.0
292.2
292.3
292.6
292.7
292.8
293.0
293.4
293.5
293.8
294.1
294.2
294.2
294.2
294.7
294.7
294.9
295.2
295.2
295.6
295.7
295.8
295.8
296.1
296.4
296.6
296.6
296.7
296.7
296.8
296.8
297.4
298.3
298.8
298.9
298.9
299.0
299.4
299.6
300.0
300.1
300.8
301.0
301.1
301.1
301.4
301.4
301.4
301.6
301.8
301.9
302.0
302.1
302.3
302.3
302.7
302.9
302.9
302.9
303.0
303.3
303.5
303.6
303.6
303.6
304.2
304.2
304.3
304.4
304.7
305.1
305.5
305.6
305.7
305.8
305.8
306.3
306.3
306.4
306.7
307.1
307.2
307.2
307.2
307.6
307.7
307.9
307.9
308.0
308.0
308.5
308.8
308.9
308.9
309.0
309.2
309.4
309.9
310.2
310.2
310.7
311.3
311.4
311.7
312.0
312.1
312.4
312.6
312.6
312.7
312.8
312.9
313.3
313.7
313.7
314.3
314.3
314.3
314.5
314.7
314.7
314.8
315.0
315.0
315.3
315.4
315.7
315.8
315.9
316.2
316.4
316.7
316.7
316.9
316.9
317.1
317.1
317.2
317.2
317.3
318.0
318.5
318.7
318.8
318.8
318.9
318.9
319.1
319.3
319.5
319.5
319.8
319.9
320.1
320.3
320.4
320.5
320.7
321.0
321.1
321.1
321.3
321.5
321.7
321.8
321.9
322.2
322.2
322.4
323.1
323.3
323.4
323.5
323.5
323.7
323.8
323.9
324.5
324.5
324.5
324.8
324.8
325.3
325.3
325.4
325.7
325.8
325.9
326.1
326.1
326.3
326.4
326.4
326.5
326.5
326.8
326.8
327.0
327.1
327.6
327.7
327.9
327.9
328.0
328.3
328.3
328.6
329.0
329.1
329.1
329.2
329.3
329.3
329.6
330.1
330.4
330.4
330.4
331.0
331.1
331.2
331.3
331.3
331.5
331.6
331.8
331.9
332.2
332.5
332.6
332.7
332.7
332.7
332.8
333.0
333.1
333.1
333.1
333.8
333.8
333.9
334.1
334.4
334.6
334.7
334.9
334.9
335.0
335.1
335.3
335.4
335.4
335.5
335.6
335.7
335.9
335.9
336.5
336.7
336.7
337.1
337.2
337.2
337.2
337.5
337.7
337.8
337.8
338.0
338.0
338.0
338.2
338.2
338.6
338.6
338.7
339.0
339.0
339.3
339.4
339.5
339.6
339.8
339.9
340.4
340.6
340.7
340.8
341.3
341.5
341.7
341.8
341.9
342.0
342.0
342.1
342.2
342.3
342.7
342.7
342.7
343.1
343.2
343.4
343.5
343.6
343.6
343.7
343.8
343.8
344.3
344.5
344.5
344.5
344.8
345.0
345.1
345.1
345.2
345.2
345.4
345.4
345.5
345.5
345.6
345.8
346.0
346.1
346.1
346.1
346.2
346.4
346.8
346.8
347.1
347.1
347.5
347.8
348.3
348.8
349.3
349.5
349.6
349.7
349.7
349.7
349.8
349.9
350.0
350.2
350.3
350.4
350.8
350.9
351.0
351.2
351.3
351.4
351.5
351.5
351.6
351.7
351.8
351.9
352.0
352.1
352.1
352.3
352.5
352.7
352.7
352.7
352.8
352.8
353.0
353.0
353.0
353.6
353.6
353.7
353.9
354.1
354.4
354.6
355.1
355.3
355.3
355.3
355.4
355.9
355.9
356.0
356.0
356.1
356.2
356.2
356.2
356.2
356.7
356.8
357.0
357.2
357.3
357.3
357.4
357.7
357.7
358.0
358.1
358.2
358.2
358.4
358.5
358.6
358.8
359.1
359.3
359.7
359.8
359.9
360.1
360.1
360.2
360.3
360.5
360.6
360.7
360.7
360.7
360.8
360.8
360.9
361.1
361.3
361.5
361.5
361.7
361.7
361.7
362.0
362.1
362.1
362.4
362.4
362.4
362.5
362.5
362.6
362.6
362.6
362.7
362.7
362.9
363.0
363.6
363.6
363.6
363.6
363.6
364.1
364.1
364.2
364.3
364.3
364.5
364.7
364.8
364.8
364.9
365.0
365.1
365.1
365.2
365.2
365.3
365.5
365.5
365.6
366.4
366.8
366.8
367.0
367.1
367.2
367.4
367.5
368.0
368.0
368.1
368.1
368.2
368.2
368.4
368.6
368.8
368.8
369.6
369.9
370.0
370.2
370.4
370.6
370.9
370.9
371.1
371.3
371.4
372.0
372.1
372.1
372.1
372.2
372.8
373.0
373.1
373.2
373.3
373.3
373.7
373.7
373.9
374.0
374.2
374.4
374.8
374.8
374.9
375.1
375.1
375.3
375.5
375.6
375.6
376.4
376.6
376.7
377.2
377.7
377.7
377.8
377.9
377.9
378.0
378.2
378.8
379.2
380.1
380.1
380.1
380.2
380.2
380.3
380.4
380.5
380.5
380.8
381.1
381.1
381.5
381.8
381.8
381.8
381.9
382.0
382.1
382.1
382.2
382.2
382.3
382.6
382.7
382.8
382.9
382.9
383.1
383.5
383.6
383.7
383.7
383.9
384.3
384.3
385.0
385.0
385.2
385.4
385.4
385.5
386.0
386.0
386.3
386.3
386.4
386.5
386.5
386.5
386.6
386.6
387.0
387.3
387.3
387.3
387.4
387.6
388.1
388.1
388.2
388.2
388.4
388.4
388.6
388.6
388.6
388.9
388.9
389.2
389.3
389.6
389.7
389.8
389.8
390.0
390.0
390.0
390.3
390.4
390.6
390.6
390.8
390.8
390.8
391.2
391.4
391.7
391.9
392.1
392.1
392.4
392.6
392.8
392.9
393.2
393.3
393.4
393.4
393.6
393.6
393.8
393.8
394.2
394.3
394.4
394.4
394.4
394.5
394.6
394.6
394.9
394.9
394.9
395.0
395.2
395.2
395.4
395.4
395.5
395.6
395.7
395.8
395.8
395.9
395.9
395.9
396.0
396.2
396.2
396.4
396.5
396.6
396.6
396.7
396.7
396.8
396.9
397.8
398.0
398.0
398.7
398.7
398.9
398.9
398.9
399.1
399.2
399.3
399.8
400.2
400.5
400.8
400.8
400.9
401.0
401.0
401.0
401.2
401.4
401.9
402.0
402.2
402.3
402.4
402.4
402.6
402.7
402.8
403.0
403.4
403.5
403.7
403.8
403.9
404.0
404.2
404.2
404.2
404.3
404.4
404.5
404.6
404.6
404.6
404.6
404.7
404.9
405.0
405.3
405.3
405.5
405.7
405.7
405.8
405.8
406.0
406.2
406.4
406.4
406.7
406.8
406.8
406.9
407.0
407.0
407.3
407.4
407.5
407.5
407.8
407.8
408.1
408.2
408.2
408.4
408.6
408.6
408.6
408.8
408.9
408.9
409.0
409.1
409.2
409.3
409.3
409.7
409.8
409.8
409.9
409.9
410.1
410.3
410.3
410.4
410.5
410.6
410.8
410.8
410.9
410.9
411.0
411.1
411.4
411.5
411.5
411.5
411.5
411.7
411.9
412.0
412.0
412.4
412.5
413.0
413.0
413.1
413.1
413.2
413.3
413.7
413.8
413.9
414.0
414.3
414.3
414.5
414.8
415.3
415.6
415.8
415.9
415.9
416.0
416.1
416.2
416.2
416.3
417.3
417.5
417.6
417.6
417.8
417.9
418.3
418.3
418.4
418.6
418.6
418.7
419.0
419.1
419.2
419.5
419.9
420.2
420.3
420.3
420.4
420.6
420.7
420.9
420.9
421.4
421.7
422.0
422.0
422.0
422.1
422.1
422.1
422.2
422.4
422.4
422.9
423.5
423.6
423.6
423.7
423.9
424.0
424.4
424.7
425.3
425.3
425.6
425.7
425.8
426.0
426.0
426.4
426.8
426.9
427.0
427.2
427.4
427.5
427.5
428.2
428.3
428.5
428.8
428.8
429.1
429.1
429.5
429.6
429.6
430.1
430.2
430.2
430.5
430.5
430.7
431.3
431.4
431.8
431.8
431.9
432.0
432.0
432.1
432.1
432.4
432.6
432.6
432.7
432.7
432.8
433.4
433.4
433.4
433.6
433.7
434.0
434.1
434.2
434.6
435.0
435.3
435.6
435.8
435.8
436.2
436.2
436.4
436.4
436.5
436.7
436.8
436.8
437.1
437.2
437.2
437.2
437.4
437.6
438.0
438.4
438.4
438.8
438.9
439.0
439.2
439.4
439.4
439.5
439.6
439.6
440.2
440.4
440.5
440.6
440.8
441.1
441.4
441.7
442.1
442.4
442.7
442.7
442.8
442.9
442.9
443.0
443.3
443.4
443.4
443.5
443.7
443.9
444.1
444.1
444.4
444.4
444.6
444.6
444.6
444.7
445.1
445.2
445.2
445.3
445.5
445.6
445.8
446.0
446.0
446.1
446.5
446.6
446.7
446.8
446.9
446.9
447.1
447.2
447.4
447.6
447.6
447.8
448.2
448.6
448.6
449.0
449.0
449.3
449.3
449.4
449.6
449.6
449.6
450.3
450.4
450.6
450.7
450.7
450.7
450.7
450.9
450.9
450.9
451.0
451.2
451.3
451.5
451.8
451.9
452.0
452.0
452.0
452.3
452.6
452.8
452.8
452.9
453.0
453.1
453.4
453.5
453.7
453.7
453.8
453.9
453.9
453.9
454.1
454.6
454.6
454.8
454.9
454.9
455.2
455.6
455.7
455.7
455.8
455.8
456.1
456.2
456.3
456.4
456.4
456.5
456.5
456.9
457.0
457.0
457.1
457.2
457.4
457.6
457.7
457.8
457.9
458.2
458.4
458.4
458.5
458.5
458.6
459.2
459.3
459.5
459.7
459.7
459.7
459.7
459.8
459.9
459.9
459.9
460.0
460.0
460.0
460.2
460.3
460.4
460.5
460.7
460.9
461.3
461.4
461.5
461.6
461.7
461.8
461.8
462.0
462.3
462.3
462.5
462.5
462.7
462.7
462.8
463.0
463.2
463.3
463.6
464.0
464.0
464.2
464.5
465.0
465.1
465.3
465.4
465.4
465.4
465.5
465.6
465.6
465.7
465.9
466.3
466.3
466.5
466.6
466.6
466.7
467.2
467.5
467.6
467.6
467.6
467.7
467.8
467.8
468.3
468.5
468.6
468.8
469.0
469.0
469.1
469.2
469.3
469.7
470.1
470.1
470.1
470.1
470.2
470.3
470.6
470.6
470.6
470.8
471.1
471.2
471.2
471.5
471.5
471.6
471.7
471.8
472.2
472.4
472.6
472.9
473.2
473.4
473.4
473.4
473.4
473.4
473.6
473.6
474.1
474.1
474.1
474.3
474.8
474.8
475.0
475.5
475.6
475.7
475.9
476.0
476.1
476.4
476.4
476.7
476.9
477.2
477.2
477.3
477.4
477.4
477.8
478.0
478.3
478.4
478.7
478.7
478.8
478.9
479.0
479.0
479.0
479.1
479.2
479.2
479.3
479.5
479.6
479.8
479.8
479.9
480.0
480.7
480.7
480.8
480.8
481.0
481.3
481.3
481.4
481.4
481.6
481.7
481.8
482.1
482.1
482.2
482.3
482.3
482.4
482.5
482.7
483.0
483.1
483.6
483.7
483.7
484.4
484.5
484.6
484.6
485.0
485.1
485.4
485.5
485.7
485.9
486.1
486.5
486.8
486.9
487.0
487.0
487.0
487.2
487.2
487.2
487.4
487.4
487.8
487.8
487.9
488.1
488.2
488.3
488.5
488.5
488.5
488.6
488.6
488.8
488.9
489.1
489.1
489.2
489.4
490.2
490.3
490.4
490.6
490.8
490.9
491.0
491.4
491.6
491.7
491.8
491.9
492.1
492.1
492.2
492.2
492.5
492.5
492.6
493.2
493.3
493.4
493.5
493.5
493.9
494.1
494.3
494.3
494.4
494.4
494.7
494.8
495.0
495.1
495.1
495.2
495.3
495.3
495.4
495.5
495.5
495.8
495.9
495.9
496.5
496.9
497.0
497.2
497.3
497.4
497.8
497.8
498.0
498.1
498.2
498.4
499.0
499.0
499.1
499.2
499.3
499.4
500.4
500.4
500.5
500.6
500.6
500.7
500.7
500.8
500.8
500.8
501.4
501.9
501.9
502.1
502.3
502.3
502.5
502.6
502.6
502.8
502.8
503.1
503.1
503.8
503.8
503.9
503.9
503.9
504.2
504.4
504.6
504.7
504.7
504.8
504.8
505.0
505.0
505.1
505.1
505.4
505.4
505.5
505.6
505.6
505.7
505.7
505.8
505.9
505.9
506.2
506.2
506.2
506.4
506.5
506.5
506.5
506.7
506.7
506.9
506.9
507.2
507.3
507.6
507.6
507.6
507.6
507.7
507.7
507.9
508.0
508.1
508.1
508.4
508.6
508.6
508.8
509.0
509.7
509.8
510.2
510.3
510.4
510.6
510.6
510.7
511.0
511.2
511.3
511.6
511.6
511.7
511.9
512.1
512.2
512.2
512.4
512.6
512.6
512.9
512.9
512.9
512.9
513.0
513.1
513.2
513.3
513.3
513.6
514.0
514.0
514.0
514.1
514.4
514.5
514.6
514.7
515.0
515.1
515.8
516.0
516.2
516.3
516.3
516.4
516.6
517.2
517.2
517.5
517.5
517.9
518.0
518.1
518.2
518.2
518.5
518.5
518.6
518.8
519.0
519.1
519.2
519.4
519.5
519.6
519.6
519.8
519.9
520.0
520.1
520.2
520.6
520.8
520.8
521.2
521.3
521.9
522.0
522.2
522.4
522.9
523.1
523.4
523.5
523.7
524.2
524.4
524.4
524.5
524.5
524.8
524.8
524.8
524.9
525.2
525.2
525.8
525.9
525.9
525.9
526.3
526.8
526.9
527.2
527.4
527.4
527.5
527.8
527.9
528.1
528.1
528.2
528.3
528.3
528.5
528.7
528.9
529.1
529.2
529.7
529.7
529.9
530.3
530.9
531.1
531.5
531.7
531.7
531.9
532.1
532.5
533.0
533.1
533.1
533.2
533.5
533.6
533.7
534.1
534.2
534.4
534.4
534.5
534.6
534.8
534.9
534.9
535.0
535.1
535.1
535.5
536.0
536.3
536.6
536.6
536.8
536.8
536.9
537.1
537.4
537.4
537.5
537.5
537.8
537.8
538.0
538.0
538.4
538.7
539.0
539.2
539.4
539.6
539.7
539.8
539.9
540.1
540.2
540.5
540.6
540.8
541.0
541.0
541.2
541.3
541.3
541.5
541.6
541.7
541.9
542.1
542.2
542.2
542.5
542.7
543.0
543.0
543.0
543.1
543.5
543.7
543.7
544.1
544.4
544.5
544.9
544.9
545.0
545.0
545.7
545.9
546.1
546.2
546.2
546.4
546.6
546.7
546.8
547.0
547.0
547.4
547.5
548.2
548.4
548.9
549.0
549.1
549.1
549.1
549.2
549.2
549.3
549.4
549.4
549.5
549.6
549.6
549.7
550.0
550.0
550.3
550.4
550.6
550.9
550.9
551.1
551.2
551.4
551.8
551.9
551.9
552.1
552.1
552.2
552.2
552.2
552.3
552.3
552.5
552.7
552.8
553.3
553.5
553.5
553.6
553.6
553.6
553.7
553.7
553.7
553.8
553.8
554.2
554.4
554.5
554.7
554.8
554.9
555.2
555.3
555.4
555.6
555.8
555.9
555.9
555.9
556.0
556.6
556.8
557.1
557.2
557.5
557.5
558.0
558.4
558.9
558.9
559.0
559.3
559.5
559.6
559.8
559.8
560.1
560.2
560.3
560.3
560.4
560.5
560.5
560.6
560.7
560.7
560.8
560.8
561.4
561.4
561.8
561.9
562.0
562.2
562.2
562.6
562.6
562.7
562.8
563.2
563.8
563.8
563.9
564.0
564.0
564.0
564.2
564.3
564.7
564.8
564.8
564.8
564.8
564.9
565.0
565.2
565.4
565.4
565.5
565.8
565.8
565.9
566.0
566.0
566.1
566.2
566.3
566.3
566.6
566.7
566.7
567.1
567.3
567.6
568.0
568.0
568.2
568.3
568.4
568.5
568.6
568.7
568.7
568.9
568.9
569.1
569.4
569.4
569.5
569.9
570.0
570.1
570.5
570.5
570.5
570.9
571.1
571.1
571.3
571.5
571.5
571.7
571.7
571.8
571.8
571.8
571.9
572.0
572.0
572.2
572.3
572.4
572.7
572.8
572.8
573.0
573.0
573.2
573.2
573.2
573.2
573.3
573.3
573.5
573.6
573.8
573.9
574.0
574.1
574.3
574.4
574.5
574.9
575.0
575.4
575.5
575.9
576.0
576.1
576.3
576.4
576.5
576.7
576.7
576.7
576.9
576.9
577.0
577.1
577.2
577.4
578.3
578.5
578.5
578.6
578.6
578.6
578.7
578.7
578.9
578.9
578.9
579.0
579.3
579.4
579.5
579.6
579.6
580.0
580.1
580.4
580.6
580.7
580.7
580.9
581.0
581.1
581.1
581.1
581.2
581.3
581.4
581.9
582.2
582.3
582.3
582.4
582.4
582.7
582.7
583.2
583.3
583.3
583.3
583.3
583.4
583.4
583.5
583.5
583.6
583.9
584.3
584.6
584.7
585.0
585.0
585.0
585.2
585.2
585.3
585.5
585.9
586.0
586.0
586.0
586.1
586.1
586.2
586.2
586.2
586.3
586.3
586.5
586.5
586.5
586.6
586.6
586.6
586.9
587.0
587.1
587.1
587.2
587.2
587.3
587.3
587.4
587.4
587.4
587.6
587.8
587.9
588.0
588.1
588.2
588.3
588.5
588.5
588.6
588.6
589.0
589.0
589.1
589.1
589.2
589.3
589.4
589.4
589.4
589.5
589.7
589.8
589.9
590.2
590.6
590.6
590.7
590.7
590.7
590.8
590.8
590.9
590.9
591.2
591.3
591.7
591.7
591.8
591.9
592.1
592.3
592.5
592.9
593.1
593.2
593.2
593.3
593.4
593.5
593.8
594.0
594.2
594.2
594.4
594.6
594.7
594.9
595.1
595.3
595.3
595.5
595.5
595.5
596.0
596.2
596.5
596.6
596.6
596.6
596.7
596.7
596.9
596.9
597.0
597.2
597.2
597.3
597.7
597.9
598.0
598.1
598.2
598.3
598.3
598.3
598.5
598.6
598.6
598.6
598.6
598.7
598.9
599.0
599.2
599.3
599.5
600.2
600.6
600.6
601.0
601.0
601.0
601.0
601.1
601.1
601.1
601.3
601.3
601.4
601.6
602.1
602.2
602.5
602.7
602.9
603.0
603.1
603.2
603.2
603.4
603.7
603.9
604.1
604.1
604.4
604.5
604.8
604.9
605.0
605.4
605.4
605.6
605.6
606.5
606.7
606.7
606.9
607.3
607.3
607.4
607.4
607.5
607.7
607.8
608.1
608.2
608.2
608.5
608.5
608.8
608.8
609.1
609.5
609.6
609.8
609.8
609.8
610.1
610.1
610.4
610.4
610.8
610.9
610.9
610.9
611.1
611.5
611.5
611.6
611.6
611.7
611.8
611.9
612.0
612.1
612.5
612.7
612.8
613.0
613.0
613.1
613.4
613.4
613.5
613.6
613.7
613.7
613.8
614.1
614.1
614.2
614.2
614.5
614.7
615.1
615.1
615.1
615.2
615.5
615.6
615.9
616.0
616.1
616.1
616.2
616.4
616.7
616.7
616.9
617.0
617.4
617.6
618.0
618.3
618.5
618.6
618.8
618.8
619.1
619.3
619.5
619.5
619.9
620.0
620.3
620.4
620.5
620.7
621.0
621.0
621.1
621.4
621.4
621.4
621.4
621.5
621.7
621.8
622.0
622.0
622.1
622.4
622.5
622.7
623.1
623.1
623.2
623.5
623.5
623.8
624.1
624.4
624.4
624.4
624.6
624.9
625.0
625.2
625.3
625.4
625.5
625.7
625.8
625.8
626.0
626.0
626.0
626.0
626.2
626.2
626.6
626.7
626.8
626.8
626.9
627.2
627.4
627.8
627.8
627.8
627.9
628.2
628.3
628.5
628.5
628.5
628.6
628.6
628.6
628.7
628.7
629.3
629.3
629.3
629.4
629.4
629.5
629.7
630.1
630.2
630.6
630.8
630.9
630.9
631.0
631.3
631.4
631.5
631.5
631.5
631.7
631.8
631.9
632.0
632.0
632.0
632.3
632.6
633.1
633.2
633.4
633.4
633.6
633.9
633.9
634.1
634.1
634.2
634.2
634.4
634.5
634.5
634.5
634.5
634.6
634.8
634.8
634.9
635.2
635.4
635.4
635.5
635.8
635.8
636.0
636.3
636.4
636.6
637.6
637.8
638.4
638.9
638.9
639.1
639.4
639.4
639.6
639.6
639.7
639.7
640.1
640.1
640.2
640.2
640.7
640.7
640.7
640.8
640.9
641.1
641.9
642.0
642.0
642.0
642.1
642.2
642.4
642.9
643.0
643.2
643.5
643.6
643.7
643.9
644.0
644.2
644.3
644.4
644.5
644.6
644.6
644.7
644.8
645.0
645.1
645.1
645.2
645.2
645.2
645.3
646.0
646.1
646.3
646.3
646.6
646.8
646.9
647.1
647.3
647.4
647.4
647.4
647.9
648.1
648.1
648.3
648.3
648.4
648.5
648.8
649.0
649.1
649.1
649.1
649.3
649.6
649.7
649.9
649.9
650.1
650.4
650.5
650.5
650.6
650.6
650.6
650.8
650.8
651.1
651.3
651.4
651.8
651.9
652.2
652.2
652.3
652.6
652.8
653.0
653.0
653.0
653.1
653.1
653.2
653.2
653.2
653.8
653.8
654.1
654.2
654.5
654.5
654.8
655.0
655.4
655.8
655.8
655.9
655.9
656.0
656.3
656.4
656.5
656.9
657.1
657.2
657.3
657.3
657.3
657.6
658.2
658.3
658.3
658.4
658.4
658.4
658.7
658.9
658.9
658.9
659.3
659.6
659.7
660.2
660.4
660.5
660.5
660.8
660.9
660.9
661.0
661.2
661.5
661.9
661.9
662.2
662.7
663.0
663.1
663.2
663.9
664.0
664.0
664.1
664.2
664.4
664.4
664.5
664.5
664.6
664.7
665.0
665.1
665.1
665.3
665.3
665.5
665.5
665.7
665.7
666.1
666.2
666.2
666.2
666.3
666.3
667.0
667.1
667.2
667.4
667.5
667.5
667.9
667.9
668.1
668.3
668.4
668.5
668.6
668.7
668.7
669.0
669.0
669.1
669.2
669.3
669.4
669.8
670.0
670.2
670.2
670.2
670.3
670.4
670.8
670.9
671.4
671.5
671.6
671.7
671.8
671.9
672.0
672.1
672.2
672.2
672.2
672.7
672.8
672.8
672.8
672.8
673.0
673.6
673.6
673.7
674.2
674.7
674.9
675.0
675.3
675.4
675.5
675.7
675.8
675.9
676.2
676.2
676.4
676.4
676.6
676.6
676.6
676.6
676.7
676.8
677.0
677.0
677.2
677.2
677.3
677.9
677.9
678.1
678.1
678.1
678.5
678.6
678.6
678.7
679.0
679.1
679.2
679.3
679.6
679.7
679.8
679.8
680.1
680.3
680.3
680.3
680.4
680.6
680.6
680.7
680.8
680.9
681.3
681.3
681.5
681.5
681.6
681.7
682.0
682.1
682.2
682.3
682.4
682.4
682.5
682.6
682.6
683.0
683.1
683.2
683.2
683.4
683.9
684.0
684.0
684.2
684.7
685.0
685.1
685.2
685.3
685.4
685.5
685.6
685.6
685.7
685.8
685.9
686.4
686.5
686.8
686.8
686.8
686.8
687.0
687.0
687.0
687.0
687.1
687.1
687.1
687.2
687.2
687.5
687.7
688.1
688.2
688.2
688.3
688.4
688.5
688.7
688.8
688.8
688.9
689.0
689.0
689.2
689.2
689.3
689.3
689.4
689.4
689.7
689.8
690.0
690.1
690.3
690.3
690.4
690.5
690.5
690.6
690.7
690.7
690.8
690.9
690.9
691.5
691.6
692.0
692.7
692.8
693.0
693.0
693.2
693.2
693.3
693.4
693.4
693.8
693.8
693.8
693.8
694.1
694.2
694.2
694.4
694.4
694.7
695.1
695.2
695.3
695.4
695.6
695.6
695.8
695.8
695.9
695.9
696.0
696.0
696.0
696.1
696.3
696.5
696.5
696.7
697.0
697.0
697.4
697.5
697.6
697.6
697.6
697.7
697.7
698.1
698.3
698.3
698.6
698.7
698.8
699.2
699.5
699.7
700.1
700.2
700.4
700.4
700.5
700.7
700.7
701.0
701.0
701.1
701.4
701.5
701.7
701.7
701.9
701.9
702.0
702.1
702.4
702.4
702.4
702.6
702.6
702.7
702.7
702.9
702.9
703.1
703.3
703.5
703.6
703.7
703.8
704.2
704.3
704.4
704.5
704.6
704.8
704.9
704.9
705.4
705.4
705.8
706.0
706.0
706.4
706.5
706.5
706.6
706.7
706.7
706.7
706.8
706.9
707.3
707.4
707.6
708.0
708.2
708.3
708.4
708.5
708.5
708.6
708.8
708.8
709.1
709.4
709.5
709.8
709.9
710.3
710.5
710.7
710.8
710.9
711.0
711.3
711.4
711.4
711.4
711.5
711.6
711.7
711.8
711.8
711.9
711.9
712.0
712.0
712.0
712.1
712.4
712.9
712.9
712.9
713.0
713.3
713.5
713.5
713.5
713.6
713.6
714.1
714.2
714.8
714.9
715.0
715.1
715.1
715.2
715.2
715.2
715.3
715.3
715.5
715.9
715.9
716.1
716.5
716.5
716.5
716.6
716.7
716.7
716.9
717.1
717.4
717.4
717.5
717.6
718.2
718.4
718.7
719.2
719.8
720.0
720.1
720.2
720.3
721.0
721.0
721.1
721.2
721.3
721.4
721.4
721.8
722.0
722.1
722.2
722.2
722.4
722.6
723.2
723.3
723.9
724.0
724.1
724.1
724.3
724.3
724.8
724.9
725.3
725.4
725.5
725.8
726.0
726.1
726.7
727.0
727.9
728.2
729.0
729.0
729.2
729.5
729.7
729.9
730.0
730.1
730.2
730.3
730.3
730.4
730.4
731.1
731.1
731.9
732.0
732.3
732.6
732.6
733.1
733.1
733.3
733.5
733.7
734.0
734.1
734.2
734.2
734.9
735.0
735.0
735.0
735.3
735.3
735.4
735.4
735.7
735.8
736.0
736.3
736.4
736.5
736.8
737.1
737.4
737.6
737.6
738.3
738.4
738.5
738.5
738.5
738.6
738.6
738.6
738.7
738.7
738.9
739.0
739.0
739.1
739.1
739.2
739.3
739.3
739.4
739.7
739.9
739.9
740.5
740.6
740.7
740.7
741.1
741.6
741.9
741.9
742.2
742.3
742.5
742.7
742.8
742.9
742.9
742.9
743.0
743.1
743.4
743.7
743.7
743.9
744.0
744.1
744.2
744.2
744.7
744.7
744.8
744.9
744.9
745.0
745.0
745.2
745.4
745.5
745.6
745.8
745.8
745.9
746.1
746.3
746.3
746.8
747.5
747.5
747.5
747.7
747.8
748.0
748.2
748.3
748.5
749.0
749.1
749.5
749.5
749.6
749.7
749.8
749.9
750.0
750.0
750.1
750.3
750.3
750.4
750.5
750.5
750.6
750.7
750.7
750.7
750.8
750.9
750.9
751.1
751.8
751.8
751.9
752.0
752.5
752.6
752.7
752.7
752.7
752.7
752.8
752.8
752.9
752.9
753.1
753.5
753.9
754.2
754.2
754.2
754.3
754.3
754.3
754.7
754.8
754.9
755.1
755.1
755.5
755.8
756.0
756.0
756.1
756.2
756.3
756.8
756.9
757.1
757.2
757.5
757.5
757.9
757.9
757.9
758.3
758.4
758.5
758.7
759.3
759.4
759.5
759.5
760.0
760.2
760.4
760.5
760.7
761.3
761.4
761.4
761.6
761.6
761.7
761.9
761.9
762.2
762.2
762.3
762.4
762.7
762.9
763.6
763.7
763.8
763.8
764.0
764.3
764.3
764.8
765.0
765.0
765.0
765.1
765.1
765.2
765.6
766.0
766.0
766.1
766.5
766.6
766.7
767.0
767.2
767.5
767.6
767.7
767.9
769.0
769.1
769.5
769.5
769.6
769.7
769.7
769.8
769.9
770.1
770.1
770.1
770.2
770.3
771.0
771.1
771.1
771.1
771.1
771.1
771.4
771.4
771.4
771.6
771.6
771.6
771.6
771.8
772.2
772.5
772.7
772.8
773.0
773.0
773.1
773.6
773.6
773.7
774.0
774.0
774.1
774.1
774.3
775.0
775.2
775.3
775.4
775.5
775.5
775.7
775.8
775.8
775.9
776.0
776.0
776.0
776.1
776.1
776.1
776.4
776.7
776.8
777.1
777.1
777.2
777.7
777.8
777.8
778.2
778.2
778.5
778.6
778.6
778.7
778.7
778.9
778.9
779.0
779.1
779.7
779.7
779.8
779.9
780.2
780.2
780.5
780.5
780.5
780.6
780.6
781.0
781.2
781.2
781.3
781.3
781.4
781.5
781.7
781.9
782.1
782.2
782.2
782.4
783.2
783.3
783.7
783.7
783.8
784.1
784.3
784.3
784.7
784.7
784.9
784.9
784.9
784.9
785.1
785.3
785.3
785.4
785.8
785.9
786.0
786.0
786.5
786.6
786.7
786.8
786.9
787.1
787.3
787.4
787.5
787.6
787.7
787.9
788.0
788.0
788.1
788.2
788.4
788.5
788.8
789.2
789.4
789.4
790.4
790.4
790.5
790.6
790.8
790.8
790.9
791.1
791.1
791.3
791.5
791.7
792.0
792.1
792.4
792.4
792.6
792.6
792.7
792.7
793.2
793.3
793.3
793.4
793.5
793.5
793.8
794.0
794.5
794.6
794.7
794.7
795.1
795.3
795.5
795.9
796.0
796.3
796.4
796.5
796.5
796.7
796.8
796.8
796.8
797.0
797.1
797.5
797.5
797.5
797.7
797.9
797.9
798.0
798.1
798.1
798.1
798.3
798.3
798.6
798.6
798.7
798.7
798.7
798.8
798.8
799.0
799.1
799.3
799.4
799.6
799.8
799.9
800.0
800.1
800.2
800.4
800.5
800.5
800.6
800.9
800.9
801.5
801.5
801.5
801.6
801.8
802.0
802.2
802.3
802.5
802.5
802.6
802.8
802.9
803.2
803.3
803.3
803.6
803.7
803.8
803.8
803.9
804.2
804.4
804.4
804.5
804.7
805.3
805.4
805.4
805.4
805.5
805.5
805.6
805.6
805.7
805.8
805.9
806.0
806.1
806.1
806.4
806.7
806.7
807.1
807.2
807.7
807.7
808.0
808.1
808.1
808.3
808.5
808.6
808.9
809.0
809.1
809.1
809.1
809.2
809.4
809.4
809.5
810.0
810.0
810.0
810.3
810.3
810.5
810.8
810.9
811.0
811.0
811.1
811.2
811.2
811.3
811.7
812.0
812.2
812.4
812.7
812.8
812.9
813.1
813.1
813.2
813.4
813.5
813.6
813.6
813.7
813.8
814.0
814.1
814.2
814.2
814.4
814.4
814.4
814.7
814.9
815.1
815.1
815.2
815.2
815.5
815.6
815.6
815.7
816.1
816.2
816.2
816.4
816.5
816.9
816.9
817.0
817.6
818.2
818.2
818.2
818.8
818.9
819.1
819.2
819.6
819.6
819.9
820.0
820.1
820.4
820.4
821.0
821.1
821.2
821.3
821.5
821.6
821.9
822.2
822.3
822.5
822.7
822.8
822.8
823.2
823.2
823.4
823.5
823.5
823.6
823.6
823.7
823.8
823.9
823.9
824.1
824.3
824.5
824.6
824.6
824.7
824.9
825.2
825.4
825.5
825.7
825.9
825.9
826.0
826.5
826.6
826.7
826.9
827.3
827.4
827.6
827.7
827.8
827.9
828.0
828.0
828.3
828.3
828.5
828.6
828.6
828.6
828.7
828.9
829.2
830.0
830.2
830.3
830.3
830.5
830.6
830.6
831.2
831.5
831.5
831.7
831.9
832.2
832.3
832.6
832.6
832.7
832.8
833.1
833.3
833.4
833.5
833.6
833.6
833.7
833.7
833.8
833.8
833.9
833.9
834.0
834.2
834.5
834.6
834.6
834.8
834.9
835.0
835.2
835.4
835.4
835.6
835.7
835.8
836.0
836.3
836.4
836.7
836.8
836.8
836.9
837.0
837.0
837.0
837.2
837.4
837.7
837.7
838.0
838.1
838.2
838.3
838.3
838.4
839.2
839.2
839.2
839.3
839.3
839.8
840.1
840.6
840.7
840.8
840.9
841.0
842.0
842.1
842.2
842.6
842.7
843.2
843.8
844.5
844.6
844.8
845.2
845.8
846.0
846.5
846.7
846.7
846.8
847.1
847.3
848.1
848.1
848.2
848.7
848.8
848.9
848.9
849.0
849.1
849.1
849.1
849.1
849.4
849.4
849.5
849.7
850.0
850.0
850.1
850.1
850.4
850.5
850.6
850.6
850.6
850.6
850.8
850.8
851.0
851.3
851.3
851.6
851.7
851.8
852.0
852.2
852.7
852.7
853.2
853.5
853.5
853.8
854.1
854.2
854.3
854.3
854.5
854.5
854.7
854.8
855.2
855.4
855.5
855.7
856.0
856.0
856.1
856.6
856.6
856.7
856.8
856.9
856.9
857.0
857.1
857.1
857.4
857.4
857.5
857.7
857.7
857.8
857.9
858.1
858.1
858.4
858.4
858.7
858.8
858.8
859.0
859.0
859.0
859.2
859.3
859.6
859.6
859.7
859.8
859.8
859.9
860.2
860.2
860.4
860.5
860.6
861.0
861.1
861.2
861.3
861.6
861.7
861.8
861.8
861.9
861.9
862.0
862.1
862.3
862.6
862.8
862.8
863.0
863.0
863.4
863.4
863.6
863.7
863.8
863.9
864.1
864.3
864.3
864.3
864.7
864.7
864.7
864.8
864.9
866.1
866.1
866.1
866.2
866.4
866.6
866.6
866.8
867.3
867.4
867.6
868.0
868.2
868.4
869.0
869.3
869.3
869.7
870.1
870.2
870.3
870.3
870.4
870.4
870.8
870.8
871.1
871.1
871.1
871.5
871.6
871.6
871.7
871.9
872.0
872.0
872.1
872.2
872.4
872.5
872.6
872.8
872.9
873.1
873.4
873.7
873.8
873.9
874.0
874.1
874.2
874.5
874.5
874.6
874.7
875.0
875.2
875.2
875.2
875.4
875.4
875.5
875.6
875.6
875.8
875.9
875.9
875.9
876.0
876.1
876.3
876.4
876.5
876.7
876.8
876.8
876.8
877.0
877.2
877.3
877.4
877.4
877.7
877.8
878.0
878.3
878.4
878.4
878.4
878.5
878.5
878.6
878.8
878.8
879.1
879.3
879.5
879.6
879.9
879.9
880.2
880.4
880.8
880.8
880.8
881.1
881.1
881.2
881.3
881.4
881.6
881.6
881.7
881.7
881.8
882.2
882.5
882.6
882.9
882.9
883.3
883.3
883.4
883.6
883.6
883.6
883.9
883.9
884.3
884.4
884.6
884.6
884.7
884.8
884.8
884.9
885.0
885.0
885.1
885.6
885.9
885.9
886.4
886.5
886.5
886.6
886.6
886.8
886.8
886.8
886.9
887.2
887.3
887.5
887.5
887.9
887.9
888.0
888.1
888.2
888.3
888.3
888.7
888.9
889.1
889.2
889.3
889.3
890.2
890.2
890.3
890.3
890.4
890.4
890.5
890.7
890.8
891.0
891.0
891.1
891.3
891.4
891.5
891.7
891.8
891.9
892.1
892.2
892.6
892.7
892.9
892.9
893.0
893.1
893.2
893.6
893.6
893.7
893.8
894.2
894.3
894.4
894.6
894.6
894.6
895.0
895.1
895.5
895.5
895.7
895.7
895.7
895.9
896.6
896.9
896.9
897.0
897.2
897.3
897.3
897.3
897.6
897.7
897.9
897.9
898.2
898.3
898.4
898.6
899.1
899.1
899.3
899.4
899.4
899.5
899.5
899.5
899.9
900.1
900.3
900.7
900.8
900.8
901.0
901.2
901.3
901.6
901.7
901.8
901.9
901.9
902.5
902.8
902.8
903.2
903.3
903.4
903.5
903.6
904.0
904.2
904.2
904.4
904.5
904.5
904.6
904.6
904.6
905.1
905.2
905.3
905.4
905.5
905.7
905.7
905.8
905.9
906.0
906.2
906.3
906.6
906.6
906.7
906.7
907.1
907.1
907.3
907.5
907.7
907.8
907.9
908.4
908.4
908.5
908.8
908.8
908.9
909.4
909.5
910.1
910.1
910.3
910.4
910.4
910.5
910.6
910.8
910.9
910.9
911.0
911.5
911.5
911.6
912.0
912.2
912.3
912.4
912.4
912.5
912.7
912.8
913.0
913.1
913.3
913.4
913.7
913.7
913.7
913.8
914.0
914.2
914.3
914.4
914.4
914.5
914.6
914.7
914.7
914.9
915.1
915.3
915.6
915.7
915.9
916.1
916.2
916.3
916.4
916.6
917.3
917.3
917.4
917.8
917.9
918.0
918.2
918.4
918.4
918.4
918.9
919.0
919.0
919.1
919.2
919.3
919.4
919.6
919.8
920.1
920.3
920.3
920.5
921.1
921.2
921.4
921.6
922.0
922.0
922.5
922.6
922.7
923.0
923.0
923.0
923.1
923.2
923.5
923.7
923.8
924.1
924.1
924.1
924.2
924.2
924.3
924.3
924.4
924.4
924.5
924.6
924.7
924.7
924.8
925.4
925.5
925.6
925.8
926.3
926.3
926.4
926.6
926.7
926.9
926.9
927.0
927.1
927.1
927.1
927.3
927.5
928.2
928.2
928.5
928.5
928.6
929.1
929.2
929.4
929.7
929.8
929.9
930.2
930.2
930.2
930.3
930.4
930.5
930.6
930.6
930.8
931.0
931.1
931.1
931.2
931.3
931.6
931.9
931.9
932.0
932.2
932.3
932.4
932.6
932.9
932.9
933.5
933.6
933.6
933.8
933.8
934.2
934.3
934.4
934.8
934.9
935.4
935.5
935.5
935.7
935.9
936.3
936.3
936.5
937.0
937.0
937.1
937.2
937.3
937.4
937.5
937.5
937.6
937.8
937.8
938.1
938.1
938.2
938.5
938.5
938.5
938.6
938.6
938.6
938.8
939.7
939.8
939.8
939.8
939.8
939.9
940.0
940.2
940.3
940.4
940.5
940.5
940.6
940.7
940.9
941.0
941.0
941.2
941.3
941.4
941.5
941.5
941.7
941.7
941.9
942.1
942.2
942.6
942.7
942.7
942.7
942.7
942.8
942.9
942.9
943.0
943.0
943.1
943.2
943.4
943.7
943.7
944.2
944.6
944.7
944.7
944.8
944.8
944.9
945.1
945.2
945.3
945.4
945.5
945.6
945.6
945.8
946.0
946.1
946.3
946.6
947.1
947.3
947.7
947.7
947.8
947.9
947.9
948.0
948.2
948.3
948.5
948.6
948.9
948.9
948.9
949.0
949.2
949.3
949.6
949.8
950.0
950.0
950.1
950.5
950.6
950.6
950.7
950.8
950.9
951.0
951.1
951.1
951.1
951.2
951.5
951.7
951.9
952.0
952.0
952.1
952.2
952.4
952.5
952.7
953.0
953.2
953.3
953.3
953.3
953.4
953.6
953.6
953.7
954.0
954.2
954.6
954.8
955.0
955.3
955.3
955.4
955.6
955.6
956.5
956.9
957.1
957.1
957.2
957.4
957.5
957.5
957.6
957.6
958.0
958.0
958.2
958.6
958.6
958.8
959.0
959.1
959.2
959.4
959.6
959.8
959.8
960.2
960.2
960.2
960.5
960.6
960.9
961.0
961.4
961.4
961.8
961.8
961.9
962.0
962.2
962.3
962.4
962.4
962.4
962.5
962.8
962.8
963.1
963.4
963.8
963.9
964.0
964.1
964.4
964.6
964.6
964.7
964.7
964.7
964.9
964.9
964.9
965.1
965.2
965.3
965.4
965.4
965.6
965.9
965.9
965.9
966.0
966.1
966.2
966.3
966.3
966.4
966.5
966.6
966.7
966.9
966.9
967.0
967.2
967.3
967.7
967.7
968.0
968.0
968.0
968.4
968.4
968.4
968.7
968.8
968.8
969.1
969.6
969.6
969.6
969.8
969.9
970.0
970.4
970.5
971.0
971.0
971.2
971.5
971.5
971.5
971.6
971.6
971.9
972.0
972.1
972.1
972.1
972.2
972.6
972.6
972.9
973.0
973.1
973.5
973.6
973.6
973.6
973.9
973.9
974.0
974.6
974.6
974.7
974.8
975.2
975.2
975.6
975.7
976.2
976.9
977.8
978.2
978.3
978.5
978.7
978.9
979.0
979.1
979.2
979.2
979.2
979.5
979.5
979.5
979.6
979.7
979.7
979.8
980.0
980.1
980.2
980.4
980.7
980.7
980.7
980.8
980.9
981.1
981.2
981.3
981.3
981.4
981.7
982.1
982.2
982.3
982.6
982.6
982.7
983.0
983.2
983.2
983.5
983.6
983.8
984.1
984.2
984.3
984.4
984.4
984.5
984.6
984.7
985.2
985.4
986.0
986.4
986.7
986.8
986.9
986.9
987.2
987.4
987.4
988.2
988.3
988.5
988.5
988.7
988.8
988.9
988.9
989.0
989.1
989.2
989.4
989.5
989.5
989.6
989.8
990.1
990.2
990.3
990.5
990.5
990.5
990.6
991.2
991.3
991.3
991.8
992.1
992.1
992.1
992.2
992.2
992.2
992.3
992.4
992.4
992.5
992.6
992.8
992.9
992.9
992.9
993.3
993.4
993.6
994.1
994.3
994.3
994.5
994.5
994.6
995.0
995.0
995.0
995.4
995.4
995.6
995.6
995.8
996.0
996.4
996.5
996.6
996.7
996.8
996.8
996.9
996.9
997.0
997.0
997.4
997.5
997.7
997.7
998.0
998.6
998.6
998.7
998.7
999.2
999.2
999.9
