379.6
379.6
379.7
379.7
379.7
379.7
379.7
379.7
379.7
379.7
379.7
379.8
379.8
379.8
379.8
379.8
379.8
379.8
379.8
379.8
379.8
379.8
379.8
379.9
379.9
379.9
379.9
379.9
379.9
379.9
380.0
380.0
380.0
380.1
380.1
380.1
380.1
380.2
380.2
380.2
380.3
380.3
380.3
380.3
380.3
380.3
380.3
380.3
380.4
380.4
380.4
380.4
380.5
380.5
380.5
380.5
380.6
380.6
380.6
380.6
380.6
380.7
380.7
380.8
380.8
380.9
381.0
381.0
381.0
381.1
381.2
381.3
381.4
381.4
381.4
381.4
381.6
381.6
381.7
381.9
381.9
382.0
382.1
382.1
382.1
382.2
382.5
382.5
382.6
383.2
383.3
383.4
383.8
384.4
384.6
384.7
384.7
384.8
384.8
384.8
384.8
384.9
384.9
384.9
385.0
385.0
385.0
385.0
385.0
385.1
385.1
385.1
385.1
385.2
385.2
385.2
385.2
385.2
385.2
385.3
385.3
385.3
385.3
385.3
385.3
385.3
385.3
385.3
385.4
385.4
385.4
385.4
385.4
385.4
385.4
385.4
385.4
385.4
385.5
385.5
385.5
385.5
385.5
385.5
385.5
385.5
385.6
385.6
385.6
385.6
385.6
385.6
385.7
385.7
385.7
385.7
385.8
385.8
385.8
385.9
385.9
386.0
386.0
386.1
386.1
386.2
386.3
386.3
386.3
386.4
386.5
386.6
386.6
386.6
386.7
386.7
386.8
387.0
387.1
387.2
387.3
387.3
387.6
387.6
387.7
387.7
388.1
388.3
388.9
389.2
389.4
389.8
390.3
391.0
391.3
391.4
391.7
391.8
391.8
391.9
392.0
392.1
392.1
392.1
392.2
392.3
392.3
392.3
392.4
392.4
392.4
392.5
392.5
392.5
392.5
392.5
392.6
392.6
392.6
392.6
392.6
392.8
392.8
392.8
392.9
393.0
393.1
393.1
393.1
393.2
393.2
393.2
393.2
393.2
393.3
393.3
393.3
393.3
393.4
393.5
393.5
393.5
393.5
393.6
393.6
393.6
393.6
393.6
393.7
393.7
393.7
393.7
393.8
393.8
393.9
393.9
394.0
394.0
394.0
394.0
394.0
394.1
394.1
394.1
394.2
394.3
394.4
394.4
394.4
394.4
394.6
394.6
394.8
394.8
394.8
394.8
394.9
395.0
395.3
395.4
395.4
395.5
395.5
395.5
395.8
396.0
396.4
397.5
397.9
398.1
398.3
400.5
401.3
405.6
406.4
410.7
412.4
412.9
413.8
417.0
417.8
426.4
437.9
704.1
704.1
704.1
704.2
704.3
704.3
704.5
704.6
704.6
704.6
704.6
704.7
704.8
704.9
705.3
705.4
705.4
705.6
705.7
705.8
705.8
705.9
706.0
706.0
706.1
706.3
706.4
706.7
706.8
706.9
708.4
709.2
709.2
709.2
709.3
709.6
709.7
709.7
709.8
709.8
709.9
709.9
709.9
710.0
710.0
710.0
710.1
710.1
710.2
710.2
710.3
710.3
710.3
710.4
710.4
710.4
710.4
710.4
710.5
710.5
710.5
710.5
710.5
710.5
710.5
710.6
710.6
710.6
710.6
710.6
710.7
710.7
710.7
710.7
710.7
710.7
710.7
710.8
710.8
710.8
710.8
710.8
710.8
710.8
710.8
710.9
710.9
710.9
711.1
711.1
711.1
711.1
711.1
711.1
711.1
711.1
711.2
711.2
711.2
711.2
711.2
711.2
711.3
711.3
711.3
711.3
711.3
711.3
711.3
711.3
711.3
711.3
711.5
711.5
711.6
711.7
711.7
712.0
712.0
712.0
712.1
712.3
712.4
712.7
712.9
713.7
713.8
713.9
713.9
714.2
714.3
714.4
714.5
714.6
714.6
714.7
714.8
714.9
715.0
715.0
715.1
715.1
715.2
715.3
715.3
715.3
715.3
715.4
715.4
715.4
715.5
715.5
715.6
715.6
715.6
715.6
715.6
715.7
715.7
715.7
715.7
715.7
715.7
715.7
715.7
715.8
715.8
715.8
715.8
715.8
715.8
715.8
715.9
715.9
715.9
715.9
715.9
716.0
716.0
716.0
716.0
716.0
716.0
716.1
716.1
716.1
716.1
716.2
716.2
716.2
716.2
716.2
716.2
716.3
716.3
716.3
716.4
716.4
716.6
716.6
716.6
716.7
716.8
716.8
716.8
717.0
717.0
717.1
717.1
717.2
717.4
717.6
717.7
717.8
717.9
717.9
718.7
718.7
718.9
719.2
719.7
720.2
720.4
720.5
720.5
720.7
720.9
721.3
721.4
722.1
722.2
722.2
722.3
722.3
722.4
722.5
722.6
722.7
722.7
722.8
722.8
722.9
722.9
723.0
723.1
723.2
723.2
723.2
723.4
723.4
723.5
723.5
723.5
723.6
723.6
723.6
723.7
723.7
723.8
723.9
723.9
723.9
724.0
724.0
724.1
724.1
724.1
724.2
724.2
724.2
724.2
724.4
724.5
724.5
724.5
724.5
724.6
724.6
724.7
724.8
724.9
725.1
725.1
725.6
725.6
726.2
726.7
727.0
727.6
728.4
729.1
729.5
729.9
730.1
731.0
731.5
731.5
731.5
732.6
732.7
733.1
733.5
733.5
733.7
733.8
733.8
733.9
733.9
734.0
734.0
734.0
734.1
734.1
734.1
734.2
734.3
734.4
734.4
734.4
734.5
734.5
734.6
734.7
734.7
734.8
734.8
734.8
734.8
734.9
734.9
735.0
735.2
735.3
735.4
735.5
735.6
735.6
735.6
735.8
735.8
735.8
735.8
735.9
736.1
736.2
736.2
736.3
736.4
736.5
736.5
736.7
736.7
736.7
736.9
736.9
736.9
737.0
737.0
737.0
737.0
737.1
737.1
737.1
737.2
737.2
737.3
737.3
737.3
737.3
737.3
737.4
737.5
737.6
737.6
737.7
737.7
737.8
737.8
737.8
737.9
737.9
738.0
738.1
738.2
738.2
738.3
738.3
738.3
738.3
738.4
738.4
738.4
738.5
738.5
738.6
738.8
738.8
738.8
738.8
738.9
739.0
739.1
739.1
739.2
739.2
739.2
739.3
739.3
739.3
739.4
739.4
739.5
739.5
739.6
739.6
739.6
739.6
739.6
739.7
739.7
739.8
739.8
739.9
739.9
740.1
740.1
740.1
740.2
740.2
740.2
740.2
740.4
740.5
740.6
740.6
740.7
740.8
740.9
740.9
740.9
741.0
741.1
741.1
741.2
741.4
741.4
741.5
741.5
741.6
741.6
741.8
741.8
741.9
742.0
742.0
742.2
742.2
742.2
742.3
742.3
742.4
742.5
742.5
742.6
742.6
742.6
742.7
742.7
742.7
742.8
742.9
743.0
743.0
743.0
743.2
743.2
743.3
743.3
743.6
743.7
743.8
743.9
744.4
744.6
744.7
744.8
744.9
744.9
745.0
745.1
745.2
745.2
745.4
745.4
745.4
745.5
745.7
745.7
745.8
745.8
745.9
745.9
745.9
746.0
746.1
746.2
746.2
746.2
746.3
746.3
746.4
746.5
746.5
746.6
746.6
746.6
746.7
746.7
746.8
746.8
746.9
746.9
746.9
746.9
747.0
747.1
747.1
747.2
747.3
747.3
747.4
747.4
747.5
747.6
747.6
747.6
747.7
747.7
747.8
747.9
748.0
748.0
748.0
748.1
748.3
748.3
748.3
748.3
748.4
748.4
748.4
748.5
748.5
748.5
748.6
748.7
748.7
748.7
748.9
749.0
749.0
749.0
749.0
749.0
749.0
749.0
749.1
749.1
749.2
749.2
749.3
749.3
749.4
749.4
749.4
749.4
749.5
749.6
749.6
749.7
749.8
749.8
749.9
750.0
750.1
750.2
750.2
750.4
750.4
750.5
750.5
750.5
750.6
750.6
750.7
750.7
750.7
750.7
750.9
750.9
751.1
751.1
751.3
751.3
751.3
751.4
751.4
751.5
751.6
751.6
751.6
751.7
751.7
751.8
751.8
751.9
751.9
752.0
752.0
752.0
752.1
752.1
752.1
752.2
752.2
752.3
752.3
752.5
752.5
752.5
752.5
752.5
752.7
752.7
752.7
752.8
752.9
752.9
753.0
753.0
753.0
753.1
753.1
753.1
753.2
753.2
753.3
753.3
753.3
753.4
753.4
753.4
753.5
753.6
753.6
753.6
753.7
753.8
753.8
753.8
753.9
753.9
754.1
754.2
754.2
754.2
754.2
754.3
754.4
754.4
754.4
754.5
754.6
754.7
754.7
754.8
754.8
754.9
755.0
755.1
755.1
755.3
755.3
755.5
755.7
755.7
755.7
755.8
755.8
755.9
756.0
756.1
756.1
756.1
756.1
756.1
756.3
756.4
756.4
756.4
756.4
756.4
756.4
756.4
756.5
756.5
756.6
756.6
756.6
756.7
756.7
756.7
756.9
757.0
757.0
757.0
757.1
757.1
757.1
757.1
757.3
757.3
757.4
757.6
757.6
757.7
757.7
757.8
757.8
757.8
757.9
757.9
757.9
757.9
758.0
758.0
758.0
758.0
758.1
758.1
758.2
758.2
758.2
758.3
758.4
758.5
758.6
758.6
758.7
758.7
758.9
759.0
759.1
759.2
759.2
759.4
759.4
759.4
759.5
759.8
759.8
759.9
760.0
760.2
760.3
760.3
760.4
760.6
760.8
760.8
760.9
761.1
761.2
761.2
761.3
761.7
761.7
761.7
761.7
761.9
761.9
762.0
762.1
762.1
762.4
762.5
762.5
762.7
762.7
762.8
762.9
763.3
763.3
763.5
763.5
763.7
764.0
764.1
764.1
764.2
764.2
764.3
764.3
764.4
764.5
764.6
764.6
764.8
764.9
765.0
765.1
765.2
765.2
765.2
765.4
765.4
765.5
765.5
765.6
765.7
765.9
765.9
766.0
766.1
766.1
766.2
766.3
766.4
766.4
766.4
766.4
766.5
766.6
766.6
766.8
766.9
766.9
766.9
766.9
767.1
767.2
767.3
767.4
767.6
767.6
767.9
768.1
768.4
768.5
768.6
768.6
768.7
768.8
768.8
769.0
769.1
769.1
769.2
769.3
769.3
769.5
769.6
769.7
770.0
770.3
770.3
770.7
771.0
771.0
771.0
771.1
771.3
771.6
771.6
771.8
771.8
771.9
772.0
772.6
773.0
773.3
773.4
773.5
773.6
773.6
773.7
773.8
773.8
773.8
773.8
773.8
773.8
773.8
773.8
773.8
773.9
773.9
773.9
774.0
774.0
774.0
774.1
774.1
774.1
774.1
774.2
774.2
774.2
774.2
774.3
774.3
774.5
774.5
774.6
774.7
774.7
774.8
774.8
774.8
774.9
774.9
775.0
775.1
775.1
775.3
775.4
775.4
775.5
775.5
775.6
775.6
775.7
775.7
775.8
775.9
776.5
776.5
776.8
776.9
776.9
776.9
777.0
777.4
777.4
777.9
777.9
778.0
778.1
778.2
778.2
778.2
778.3
778.3
778.3
778.4
778.4
778.4
778.4
778.4
778.5
778.5
778.5
778.5
778.6
778.6
778.6
778.8
778.8
778.8
778.8
778.9
778.9
778.9
778.9
778.9
778.9
779.0
779.1
779.1
779.2
779.2
779.3
779.4
779.4
779.5
779.6
779.6
779.6
779.6
779.7
779.7
779.7
779.9
779.9
779.9
779.9
780.0
780.2
780.3
780.3
780.4
780.5
780.6
780.6
780.6
780.6
780.7
780.7
780.9
781.0
781.0
781.0
781.0
781.2
781.5
781.5
781.5
781.6
781.6
781.9
782.1
782.2
782.3
782.3
782.6
782.8
783.2
783.6
783.6
783.7
783.7
783.8
784.0
784.2
784.3
784.4
784.4
784.4
784.5
784.5
784.6
784.9
784.9
784.9
785.0
785.0
785.1
785.1
785.2
785.2
785.2
785.2
785.2
785.3
785.3
785.4
785.5
785.6
785.7
785.7
785.7
785.8
785.9
785.9
786.0
786.0
786.1
786.2
786.2
786.3
786.3
786.3
786.5
786.5
786.5
786.5
786.6
786.6
786.8
786.8
786.8
786.8
786.8
786.9
786.9
786.9
787.0
787.0
787.0
787.3
787.4
787.4
787.6
787.6
787.6
787.7
787.7
787.8
787.8
788.0
788.1
788.2
788.2
788.2
788.3
788.5
788.6
788.7
788.8
788.9
789.0
789.0
789.0
789.0
789.1
789.2
789.4
789.6
789.9
790.0
790.0
790.1
790.3
790.4
790.7
790.7
790.9
791.0
791.1
791.1
791.3
791.4
791.6
792.0
792.1
792.2
792.2
792.4
792.4
792.6
792.7
793.0
793.1
793.2
793.4
793.5
793.6
793.7
794.0
794.6
794.8
795.0
795.8
795.8
795.9
796.1
796.2
796.6
796.6
796.7
796.7
796.9
797.0
797.4
797.5
797.5
797.5
797.5
797.5
797.6
797.6
797.6
797.6
797.6
797.6
797.7
797.9
797.9
797.9
797.9
797.9
797.9
797.9
798.0
798.0
798.0
798.1
798.1
798.2
798.2
798.3
798.3
798.5
798.5
798.6
798.6
798.7
798.7
798.7
798.8
798.8
798.8
798.8
798.9
798.9
799.0
799.0
799.0
799.1
799.1
799.2
799.3
799.3
799.4
799.4
799.5
799.7
799.7
799.7
799.8
800.0
800.0
800.1
800.2
800.3
800.3
800.3
800.4
800.5
800.6
800.7
800.8
801.0
801.0
801.2
801.2
801.3
801.3
801.5
801.7
801.7
801.7
801.7
801.7
801.7
801.8
801.8
801.8
801.8
801.9
801.9
802.0
802.0
802.1
802.1
802.2
802.2
802.3
802.3
802.3
802.3
802.4
802.4
802.5
802.5
802.5
802.5
802.6
802.6
802.7
802.7
802.7
802.8
802.9
802.9
803.0
803.1
803.3
803.4
803.4
803.5
803.5
803.5
803.5
803.5
803.5
803.6
803.7
803.7
803.7
803.7
803.8
804.0
804.3
804.4
804.5
804.6
804.6
804.6
804.7
804.7
804.8
804.9
805.1
805.2
805.2
805.3
805.4
805.6
805.7
805.7
805.8
806.0
806.1
806.5
806.8
806.8
806.8
806.9
807.0
807.1
807.2
807.2
807.3
807.3
807.3
807.4
807.4
807.5
807.6
807.7
807.8
807.8
807.9
808.0
808.1
808.2
808.3
808.3
808.4
808.4
808.5
808.5
808.7
808.7
808.7
808.7
808.7
808.9
809.1
809.3
809.5
809.5
809.5
809.6
809.6
809.6
809.7
809.7
809.7
809.7
809.7
809.8
809.8
809.9
810.0
810.0
810.1
810.2
810.2
810.2
810.3
810.3
810.4
810.4
810.6
810.6
810.9
811.0
811.0
811.0
811.2
811.3
811.3
811.5
811.6
811.7
811.7
811.8
811.9
812.0
812.4
812.5
812.5
812.7
812.7
812.8
812.9
812.9
813.0
813.7
813.9
814.2
814.3
814.3
814.3
814.3
814.4
814.5
814.6
814.8
814.9
815.3
815.4
815.4
815.4
815.4
815.4
815.5
815.8
816.0
816.0
816.0
816.1
816.1
816.1
816.1
816.3
816.3
816.4
816.5
816.7
816.8
817.2
817.2
817.3
817.4
817.6
817.7
818.2
818.2
818.4
818.6
818.7
818.9
819.0
819.0
819.2
819.3
819.3
819.3
819.3
819.5
819.5
819.5
819.6
819.9
819.9
819.9
819.9
820.0
820.0
820.0
820.1
820.2
820.2
820.2
820.3
820.3
820.3
820.3
820.4
820.5
820.5
820.5
820.6
820.6
820.6
820.8
820.8
820.9
820.9
820.9
821.0
821.1
821.1
821.3
821.5
821.5
821.9
821.9
821.9
822.0
822.1
822.2
822.3
822.3
822.3
822.4
822.4
822.4
822.5
822.5
822.8
822.8
823.0
823.0
823.0
823.0
823.1
823.5
823.5
823.5
823.6
823.6
823.8
823.9
824.0
824.1
824.2
824.4
824.5
824.5
824.6
824.6
824.7
824.7
824.8
824.8
824.8
824.8
824.8
824.9
824.9
825.0
825.1
825.1
825.3
825.3
825.4
825.5
825.6
825.7
825.7
825.8
825.9
825.9
825.9
826.0
826.1
826.1
826.3
826.3
826.4
826.4
826.5
826.7
826.7
826.9
827.0
827.1
827.1
827.1
827.1
827.2
827.3
827.3
827.4
827.4
827.4
827.5
827.5
827.6
827.7
827.7
827.8
827.9
828.1
828.7
828.7
828.8
828.9
829.1
829.3
829.5
829.7
829.7
829.8
829.9
830.0
830.0
830.0
830.1
830.2
830.4
830.4
830.5
830.5
830.5
830.5
830.5
830.9
830.9
831.0
831.1
831.1
831.1
831.3
831.3
831.4
831.4
831.5
831.5
831.7
831.7
831.8
831.8
832.2
832.2
832.2
832.3
832.4
832.5
832.6
832.8
832.8
832.9
832.9
833.0
833.0
833.1
833.2
833.4
833.9
834.0
834.0
834.3
834.3
834.5
834.7
834.8
834.9
835.0
835.1
835.1
835.5
835.5
835.6
835.7
835.8
836.0
836.0
836.1
836.1
836.2
836.6
836.6
836.6
836.8
837.0
837.1
837.5
837.5
837.7
837.7
837.8
838.0
838.2
838.4
838.5
838.7
838.7
839.0
839.2
839.3
839.4
839.5
839.6
840.0
840.2
840.6
840.8
841.2
841.6
841.7
841.8
841.8
841.8
842.2
842.3
842.4
842.4
842.7
842.8
842.8
842.8
842.9
843.1
843.2
843.2
843.3
843.3
843.3
843.3
843.4
843.4
843.5
843.5
843.6
843.6
843.7
843.7
843.9
844.0
844.2
844.2
844.2
844.3
844.3
844.6
844.6
844.8
844.8
844.9
845.0
845.1
845.2
845.4
845.4
845.4
845.7
845.9
845.9
846.1
846.2
846.2
846.3
846.3
846.4
846.4
846.4
847.0
847.1
847.4
847.5
847.7
847.7
848.0
848.0
848.3
848.3
848.3
848.3
848.5
848.6
848.6
848.6
848.6
848.7
848.8
848.8
848.9
849.0
849.1
849.1
849.3
849.4
849.5
849.5
849.5
849.5
849.6
849.6
849.6
849.7
849.7
849.8
849.9
850.0
850.0
850.4
850.6
850.9
851.0
851.0
851.0
851.3
851.5
851.7
851.7
852.1
852.2
852.4
852.5
852.8
853.1
853.1
853.2
853.2
853.4
853.6
853.6
853.8
854.0
854.0
854.1
854.1
854.1
854.2
854.3
854.4
854.5
854.5
854.9
855.1
855.1
855.3
855.3
855.4
855.5
855.5
855.5
855.6
855.7
855.7
855.8
856.0
856.0
856.0
856.1
856.5
856.6
856.7
856.8
856.8
857.0
857.0
857.3
857.4
857.4
857.5
857.7
857.8
857.9
858.1
858.1
858.7
858.7
858.8
858.9
858.9
859.0
859.7
859.9
860.1
860.1
860.3
860.4
860.6
860.8
860.9
861.0
861.1
861.1
861.1
861.7
861.9
861.9
862.1
862.2
862.5
862.7
863.0
863.2
863.6
863.8
864.6
865.7
866.1
866.2
866.3
866.4
866.6
867.0
867.0
867.4
867.8
868.0
868.5
868.5
868.6
868.6
868.7
869.1
869.2
869.3
869.3
869.7
870.8
871.0
871.4
871.4
871.8
871.8
872.0
872.8
872.9
873.8
874.6
874.9
875.2
875.5
875.6
876.4
876.6
876.8
877.3
877.9
878.2
878.5
879.0
882.5
883.2
883.2
885.7
887.1
888.4
888.4
904.9
1033.7
1033.7
1033.8
1033.8
1033.8
1033.8
1033.8
1033.8
1033.9
1033.9
1033.9
1033.9
1034.0
1034.0
1034.0
1034.0
1034.0
1034.1
1034.2
1034.2
1034.3
1034.4
1034.4
1034.4
1034.5
1034.6
1034.6
1034.6
1034.6
1034.6
1034.6
1034.6
1034.6
1034.7
1034.7
1034.7
1034.7
1034.7
1034.8
1034.8
1034.9
1034.9
1034.9
1034.9
1034.9
1035.0
1035.0
1035.2
1035.3
1035.3
1035.4
1035.4
1035.4
1035.4
1035.5
1035.5
1035.6
1035.6
1035.6
1035.6
1035.7
1035.7
1035.7
1035.8
1035.9
1036.3
1036.4
1036.5
1036.9
1036.9
1037.0
1037.0
1037.0
1037.1
1037.1
1037.1
1037.2
1037.2
1037.2
1037.3
1037.3
1037.4
1037.5
1037.5
1037.6
1037.6
1037.6
1037.7
1037.8
1037.8
1037.8
1037.9
1038.0
1038.0
1038.0
1038.0
1038.0
1038.1
1038.1
1038.2
1038.3
1038.3
1038.4
1038.5
1038.5
1038.5
1038.5
1038.6
1038.6
1038.7
1038.7
1038.7
1038.8
1038.8
1038.8
1038.8
1038.8
1038.9
1038.9
1038.9
1038.9
1039.0
1039.1
1039.1
1039.1
1039.2
1039.2
1039.2
1039.3
1039.3
1039.3
1039.3
1039.4
1039.4
1039.4
1039.4
1039.4
1039.5
1039.5
1039.5
1039.5
1039.5
1039.5
1039.6
1039.6
1039.8
1040.0
1040.0
1040.0
1040.1
1040.1
1040.1
1040.1
1040.1
1040.2
1040.2
1040.3
1040.3
1040.3
1040.4
1040.8
1040.9
1040.9
1040.9
1041.0
1041.1
1041.3
1041.4
1041.4
1041.6
1041.6
1041.7
1041.8
1041.9
1041.9
1041.9
1041.9
1041.9
1042.0
1042.1
1042.1
1042.1
1042.1
1042.2
1042.2
1042.4
1042.4
1042.5
1042.5
1042.6
1042.6
1042.6
1042.7
1042.7
1043.0
1043.3
1043.3
1043.4
1043.5
1044.4
1044.5
1044.7
1044.9
1044.9
1045.0
1045.1
1045.1
1045.1
1045.2
1045.3
1045.3
1045.4
1045.4
1045.4
1045.5
1045.5
1045.6
1045.6
1045.7
1045.7
1045.7
1045.8
1045.8
1045.8
1045.8
1045.8
1045.9
1045.9
1045.9
1045.9
1046.0
1046.0
1046.1
1046.1
1046.1
1046.2
1046.3
1046.3
1046.4
1046.5
1046.5
1046.5
1046.5
1046.6
1046.6
1046.7
1046.7
1046.7
1046.7
1046.8
1046.8
1046.8
1046.9
1046.9
1047.0
1047.1
1047.1
1047.2
1047.3
1047.3
1047.5
1047.6
1047.6
1047.8
1048.0
1048.0
1048.1
1048.1
1048.4
1048.5
1048.5
1048.6
1048.6
1048.6
1048.7
1048.7
1048.7
1048.7
1048.7
1048.8
1048.8
1048.8
1048.8
1048.8
1048.8
1048.9
1049.0
1049.0
1049.0
1049.1
1049.1
1049.1
1049.2
1049.2
1049.2
1049.2
1049.2
1049.2
1049.2
1049.3
1049.4
1049.4
1049.4
1049.4
1049.4
1049.5
1049.5
1049.5
1049.5
1049.6
1049.6
1049.6
1049.6
1049.6
1049.7
1049.8
1049.8
1049.8
1049.9
1049.9
1049.9
1049.9
1049.9
1050.0
1050.0
1050.0
1050.1
1050.3
1050.3
1050.3
1050.4
1050.4
1050.5
1050.6
1050.6
1050.6
1050.6
1050.6
1050.7
1050.7
1050.8
1050.8
1050.9
1050.9
1050.9
1050.9
1051.0
1051.1
1051.1
1051.1
1051.2
1051.3
1051.4
1051.4
1051.4
1051.4
1051.5
1051.5
1051.5
1051.6
1051.8
1051.8
1051.8
1051.9
1051.9
1051.9
1052.0
1052.1
1052.4
1052.4
1052.4
1052.6
1052.6
1052.6
1052.7
1052.7
1052.8
1052.8
1052.9
1052.9
1052.9
1052.9
1053.0
1053.1
1053.1
1053.2
1053.2
1053.2
1053.2
1053.3
1053.4
1053.4
1053.4
1053.5
1053.7
1053.7
1053.7
1053.7
1053.8
1053.8
1053.9
1053.9
1053.9
1054.0
1054.0
1054.0
1054.0
1054.1
1054.1
1054.1
1054.2
1054.2
1054.2
1054.3
1054.3
1054.4
1054.4
1054.4
1054.5
1054.6
1054.6
1054.6
1054.7
1054.8
1054.9
1055.0
1055.0
1055.1
1055.2
1055.2
1055.2
1055.2
1055.2
1055.3
1055.3
1055.3
1055.4
1055.5
1055.5
1055.5
1055.6
1055.6
1055.7
1055.8
1055.9
1056.0
1056.0
1056.1
1056.1
1056.2
1056.2
1056.3
1056.3
1056.4
1056.5
1056.5
1056.5
1056.6
1056.6
1056.7
1056.7
1056.8
1056.8
1056.9
1057.0
1057.1
1057.2
1057.2
1057.3
1057.3
1057.3
1057.3
1057.3
1057.3
1057.3
1057.3
1057.4
1057.4
1057.6
1057.7
1057.7
1057.7
1057.8
1057.8
1057.8
1057.9
1057.9
1057.9
1057.9
1057.9
1058.0
1058.0
1058.0
1058.0
1058.1
1058.1
1058.1
1058.1
1058.2
1058.2
1058.2
1058.3
1058.3
1058.4
1058.4
1058.5
1058.6
1058.6
1058.7
1058.7
1058.7
1058.9
1058.9
1058.9
1059.0
1059.0
1059.0
1059.0
1059.0
1059.1
1059.2
1059.2
1059.2
1059.3
1059.3
1059.3
1059.3
1059.4
1059.5
1059.6
1059.6
1059.7
1059.8
1059.8
1059.9
1060.0
1060.0
1060.2
1060.2
1060.2
1060.3
1060.3
1060.3
1060.3
1060.3
1060.4
1060.5
1060.5
1060.5
1060.6
1060.6
1060.7
1060.8
1060.8
1060.8
1060.9
1060.9
1061.0
1061.0
1061.0
1061.1
1061.2
1061.2
1061.2
1061.3
1061.5
1061.5
1061.6
1061.7
1061.7
1061.7
1061.9
1061.9
1061.9
1062.0
1062.0
1062.0
1062.0
1062.0
1062.1
1062.1
1062.1
1062.2
1062.2
1062.2
1062.4
1062.4
1062.4
1062.5
1062.5
1062.5
1062.5
1062.6
1062.7
1062.7
1062.7
1062.7
1062.8
1062.8
1063.0
1063.0
1063.2
1063.3
1063.4
1063.4
1063.6
1063.6
1063.6
1063.7
1063.8
1063.8
1063.8
1064.1
1064.2
1064.2
1064.3
1064.4
1064.4
1064.4
1064.4
1064.5
1064.5
1064.5
1064.7
1064.8
1064.9
1064.9
1064.9
1065.0
1065.0
1065.1
1065.2
1065.2
1065.3
1065.3
1065.4
1065.4
1065.5
1065.5
1065.7
1065.8
1065.8
1066.0
1066.0
1066.0
1066.1
1066.1
1066.2
1066.2
1066.2
1066.4
1066.4
1066.4
1066.6
1066.6
1066.6
1066.6
1066.7
1066.8
1066.9
1066.9
1067.3
1067.3
1067.3
1067.4
1067.4
1067.5
1067.5
1067.5
1067.6
1067.6
1067.8
1067.9
1068.0
1068.0
1068.0
1068.2
1068.2
1068.3
1068.3
1068.5
1068.5
1068.6
1068.7
1068.7
1068.9
1068.9
1068.9
1069.0
1069.0
1069.0
1069.0
1069.2
1069.2
1069.2
1069.3
1069.4
1069.4
1069.4
1069.5
1069.6
1069.6
1069.7
1069.7
1069.8
1069.8
1069.9
1069.9
1070.0
1070.0
1070.0
1070.0
1070.1
1070.1
1070.2
1070.2
1070.3
1070.3
1070.4
1070.4
1070.4
1070.5
1070.5
1070.5
1070.6
1070.6
1070.6
1070.7
1070.7
1070.7
1070.8
1070.8
1070.8
1070.9
1071.0
1071.0
1071.0
1071.0
1071.1
1071.2
1071.3
1071.3
1071.3
1071.3
1071.3
1071.4
1071.4
1071.5
1071.5
1071.6
1071.7
1071.7
1071.9
1071.9
1071.9
1071.9
1071.9
1072.0
1072.0
1072.1
1072.2
1072.3
1072.3
1072.3
1072.3
1072.4
1072.4
1072.5
1072.6
1072.6
1072.6
1072.7
1072.8
1072.9
1072.9
1073.0
1073.1
1073.1
1073.1
1073.2
1073.4
1073.5
1073.6
1073.7
1073.7
1073.7
1073.8
1073.8
1073.8
1073.9
1073.9
1073.9
1074.0
1074.0
1074.0
1074.1
1074.2
1074.2
1074.3
1074.4
1074.4
1074.4
1074.5
1074.6
1074.6
1074.6
1074.7
1074.7
1074.7
1074.8
1074.8
1074.8
1074.9
1074.9
1075.0
1075.0
1075.0
1075.0
1075.0
1075.3
1075.3
1075.5
1075.5
1075.5
1075.6
1075.6
1075.6
1075.6
1075.6
1075.6
1075.7
1075.7
1075.7
1075.8
1075.8
1075.9
1075.9
1075.9
1075.9
1075.9
1076.0
1076.0
1076.0
1076.1
1076.2
1076.3
1076.4
1076.4
1076.4
1076.4
1076.5
1076.6
1076.6
1076.7
1076.8
1076.8
1076.8
1076.9
1077.0
1077.0
1077.0
1077.1
1077.1
1077.3
1077.5
1077.6
1077.7
1077.8
1077.8
1077.9
1077.9
1077.9
1078.0
1078.1
1078.1
1078.3
1078.4
1078.4
1078.5
1078.6
1078.7
1078.8
1078.8
1078.9
1078.9
1079.0
1079.0
1079.1
1079.1
1079.2
1079.4
1079.5
1079.5
1079.6
1079.6
1079.8
1079.9
1079.9
1080.0
1080.2
1080.3
1080.3
1080.4
1080.4
1080.5
1080.5
1080.5
1080.6
1080.6
1080.8
1080.8
1080.8
1080.8
1080.8
1080.9
1081.0
1081.1
1081.3
1081.4
1081.4
1081.4
1081.5
1081.6
1081.6
1081.7
1081.8
1081.8
1081.9
1082.0
1082.1
1082.1
1082.1
1082.1
1082.3
1082.3
1082.4
1082.4
1082.6
1082.7
1082.7
1082.7
1082.8
1082.8
1083.0
1083.1
1083.1
1083.1
1083.3
1083.3
1083.3
1083.4
1083.4
1083.5
1083.6
1083.6
1083.6
1083.7
1084.5
1084.7
1084.8
1084.9
1085.0
1085.0
1085.2
1085.2
1085.2
1085.3
1085.4
1085.4
1085.6
1085.7
1085.7
1085.7
1086.0
1086.1
1086.2
1086.3
1086.3
1086.5
1086.5
1086.6
1086.7
1086.8
1086.9
1087.2
1087.2
1087.3
1087.4
1087.4
1087.5
1087.5
1087.9
1088.0
1088.0
1088.4
1088.5
1088.6
1088.8
1088.9
1088.9
1088.9
1089.0
1089.0
1089.0
1089.0
1089.1
1089.2
1089.3
1089.4
1089.4
1089.5
1089.5
1089.6
1089.6
1089.7
1089.8
1089.8
1090.0
1090.0
1090.0
1090.3
1090.4
1090.4
1090.6
1090.7
1090.8
1090.8
1090.8
1090.8
1090.9
1091.0
1091.2
1091.2
1091.3
1091.3
1091.4
1091.5
1091.8
1091.9
1091.9
1092.0
1092.1
1092.1
1092.1
1092.5
1092.5
1092.5
1092.5
1092.6
1092.6
1092.6
1092.7
1092.9
1093.0
1093.0
1093.1
1093.2
1093.3
1093.3
1093.5
1093.5
1093.7
1093.7
1093.7
1093.9
1093.9
1093.9
1094.0
1094.1
1094.1
1094.2
1094.3
1094.3
1094.3
1094.4
1094.4
1094.4
1094.5
1094.6
1094.6
1094.6
1094.7
1094.8
1094.8
1095.0
1095.0
1095.0
1095.0
1095.0
1095.2
1095.2
1095.2
1095.4
1095.4
1095.8
1095.8
1095.8
1095.9
1096.1
1096.2
1096.3
1096.5
1096.5
1096.6
1096.7
1096.7
1096.8
1096.9
1097.1
1097.1
1097.3
1097.4
1097.4
1097.4
1097.6
1097.8
1097.8
1097.9
1097.9
1097.9
1097.9
1097.9
1098.0
1098.0
1098.1
1098.2
1098.2
1098.4
1098.4
1098.6
1098.6
1098.6
1098.7
1099.0
1099.0
1099.2
1099.4
1099.5
1099.5
1099.6
1099.9
1099.9
1100.0
1100.1
1100.2
1100.4
1100.8
1100.9
1101.0
1101.0
1101.1
1101.1
1101.2
1101.2
1101.3
1101.6
1101.7
1101.8
1101.9
1101.9
1102.0
1102.2
1102.5
1102.6
1102.8
1102.8
1102.9
1103.1
1103.2
1103.2
1103.7
1103.8
1103.8
1103.8
1104.0
1104.3
1104.5
1104.7
1104.9
1104.9
1105.1
1105.2
1105.4
1105.4
1105.4
1106.2
1106.2
1106.2
1106.4
1106.5
1106.6
1106.7
1107.3
1107.3
1107.9
1108.0
1108.4
1108.4
1108.4
1108.9
1109.2
1109.9
1110.0
1110.0
1110.1
1110.2
1110.6
1110.6
1111.2
1111.3
1111.6
1111.7
1111.8
1112.3
1112.4
1113.1
1113.6
1113.6
1114.0
1114.3
1114.7
1115.4
1115.5
1115.5
1115.9
1116.0
1116.2
1116.6
1117.1
1117.6
1117.7
1117.8
1118.2
1119.4
1119.7
1121.3
1122.1
1122.5
1122.6
1127.1
1132.3
1132.9
1134.4
1135.8
1138.7
1143.6
1144.3
1278.8
1278.9
1279.0
1279.0
1279.0
1279.0
1279.0
1279.0
1279.1
1279.1
1279.1
1279.2
1279.3
1279.3
1279.4
1279.6
1279.6
1279.7
1279.7
1279.7
1279.8
1279.8
1279.9
1279.9
1280.0
1280.1
1280.2
1280.6
1280.7
1280.7
1280.7
1280.8
1280.8
1280.8
1280.9
1280.9
1280.9
1280.9
1280.9
1280.9
1281.0
1281.0
1281.0
1281.1
1281.1
1281.1
1281.1
1281.3
1281.3
1281.3
1281.3
1281.3
1281.4
1281.4
1281.4
1281.5
1281.5
1281.6
1281.8
1281.8
1281.9
1281.9
1282.0
1282.0
1282.1
1282.1
1282.1
1282.1
1282.2
1282.3
1282.3
1282.3
1282.4
1282.4
1282.4
1282.5
1282.5
1282.7
1282.8
1282.9
1283.0
1283.0
1283.1
1283.1
1283.1
1283.1
1283.2
1283.3
1283.3
1283.4
1283.5
1283.5
1283.5
1283.5
1283.6
1283.6
1283.6
1283.6
1283.7
1283.7
1283.7
1283.7
1283.7
1283.7
1283.7
1283.8
1283.8
1283.8
1283.8
1283.9
1283.9
1283.9
1284.0
1284.2
1284.4
1284.5
1284.5
1284.5
1284.5
1284.5
1284.6
1284.6
1284.6
1284.7
1285.2
1285.2
1285.3
1285.3
1285.4
1285.5
1285.5
1285.6
1285.6
1285.6
1285.6
1285.6
1285.7
1285.7
1285.8
1285.8
1285.8
1285.9
1285.9
1285.9
1286.0
1286.1
1286.1
1286.1
1286.1
1286.1
1286.1
1286.2
1286.2
1286.2
1286.3
1286.3
1286.4
1286.5
1286.5
1286.5
1286.5
1286.6
1286.7
1286.8
1286.8
1286.9
1287.0
1287.0
1287.0
1287.2
1287.3
1287.3
1287.3
1287.4
1287.4
1287.5
1287.5
1287.5
1287.6
1287.6
1287.6
1287.7
1287.7
1287.7
1287.7
1287.8
1287.9
1287.9
1287.9
1288.0
1288.0
1288.0
1288.1
1288.1
1288.2
1288.2
1288.3
1288.4
1288.5
1288.5
1289.4
1289.7
1290.1
1290.2
1290.2
1290.2
1290.3
1290.5
1290.7
1290.8
1290.8
1291.0
1291.1
1291.1
1291.1
1291.1
1291.2
1291.3
1291.3
1291.4
1291.5
1291.5
1291.5
1291.6
1291.8
1291.9
1292.0
1292.0
1292.0
1292.1
1292.2
1292.2
1292.3
1292.3
1292.4
1292.6
1292.6
1292.6
1292.6
1292.6
1292.7
1292.7
1292.7
1292.8
1292.8
1292.8
1292.8
1292.8
1292.8
1292.8
1292.8
1292.8
1292.9
1292.9
1292.9
1292.9
1292.9
1292.9
1293.0
1293.1
1293.2
1293.2
1293.3
1293.3
1293.4
1293.4
1293.5
1293.5
1293.5
1293.5
1293.6
1293.6
1293.7
1293.7
1293.7
1293.9
1293.9
1293.9
1293.9
1294.0
1294.0
1294.2
1294.2
1294.2
1294.2
1294.3
1294.3
1294.3
1294.3
1294.4
1294.4
1294.4
1294.5
1294.5
1294.5
1294.5
1294.7
1294.7
1294.8
1294.9
1294.9
1295.0
1295.0
1295.0
1295.1
1295.2
1295.2
1295.2
1295.4
1295.6
1295.6
1295.6
1295.6
1295.6
1295.6
1295.7
1295.7
1295.8
1295.8
1295.9
1295.9
1295.9
1295.9
1295.9
1296.0
1296.1
1296.2
1296.2
1296.2
1296.2
1296.3
1296.3
1296.4
1296.4
1296.5
1296.5
1296.5
1296.6
1296.6
1296.7
1296.7
1296.7
1296.8
1296.8
1296.8
1296.9
1296.9
1296.9
1297.0
1297.0
1297.0
1297.0
1297.0
1297.1
1297.1
1297.2
1297.2
1297.3
1297.3
1297.3
1297.4
1297.5
1297.5
1297.5
1297.5
1297.6
1297.6
1297.6
1297.7
1297.8
1297.8
1297.8
1297.9
1297.9
1297.9
1297.9
1298.0
1298.1
1298.1
1298.1
1298.1
1298.2
1298.2
1298.3
1298.4
1298.5
1298.5
1298.5
1298.5
1298.6
1298.7
1298.7
1298.7
1298.7
1298.8
1298.9
1298.9
1299.1
1299.1
1299.1
1299.6
1299.8
1299.8
1299.9
1300.2
1300.2
1300.2
1300.3
1300.3
1300.3
1300.4
1300.5
1300.6
1300.6
1300.7
1300.7
1300.7
1300.8
1300.9
1300.9
1300.9
1300.9
1301.0
1301.0
1301.1
1301.2
1301.2
1301.3
1301.3
1301.3
1301.3
1301.4
1301.5
1301.5
1301.6
1301.6
1301.7
1301.8
1301.8
1301.8
1301.8
1301.9
1301.9
1301.9
1301.9
1302.0
1302.0
1302.1
1302.1
1302.1
1302.2
1302.2
1302.2
1302.2
1302.2
1302.3
1302.3
1302.3
1302.4
1302.4
1302.4
1302.4
1302.4
1302.5
1302.5
1302.6
1302.6
1302.6
1302.6
1302.7
1302.8
1302.8
1302.8
1302.8
1303.0
1303.0
1303.1
1303.1
1303.1
1303.2
1303.2
1303.2
1303.2
1303.2
1303.3
1303.3
1303.4
1303.4
1303.4
1303.5
1303.6
1303.7
1303.7
1303.8
1303.8
1303.8
1303.9
1304.0
1304.1
1304.2
1304.2
1304.2
1304.3
1304.3
1304.4
1304.4
1304.5
1304.5
1304.6
1304.6
1304.7
1304.7
1304.8
1304.8
1304.9
1304.9
1304.9
1305.0
1305.0
1305.1
1305.2
1305.2
1305.3
1305.3
1305.5
1305.5
1305.6
1305.6
1305.6
1305.7
1305.7
1305.8
1305.8
1305.9
1305.9
1305.9
1305.9
1306.0
1306.0
1306.0
1306.0
1306.0
1306.1
1306.2
1306.2
1306.3
1306.3
1306.4
1306.4
1306.4
1306.5
1306.5
1306.5
1306.7
1306.7
1306.8
1306.8
1306.8
1306.8
1306.8
1306.8
1306.9
1306.9
1306.9
1306.9
1306.9
1306.9
1307.0
1307.0
1307.0
1307.1
1307.1
1307.4
1307.4
1307.5
1307.5
1307.5
1307.5
1307.6
1307.6
1307.7
1307.7
1307.9
1308.0
1308.1
1308.1
1308.3
1308.3
1308.4
1308.5
1308.5
1308.6
1308.6
1308.9
1308.9
1309.0
1309.0
1309.0
1309.1
1309.1
1309.2
1309.2
1309.2
1309.3
1309.4
1309.5
1309.8
1309.8
1309.9
1309.9
1309.9
1309.9
1310.0
1310.1
1310.1
1310.1
1310.2
1310.3
1310.3
1310.4
1310.4
1310.4
1310.5
1310.5
1310.5
1310.6
1310.6
1310.6
1310.7
1310.7
1310.8
1310.8
1310.9
1311.1
1311.2
1311.2
1311.3
1311.4
1311.4
1311.5
1311.6
1311.6
1311.7
1311.7
1311.7
1311.7
1311.8
1311.8
1311.8
1311.8
1311.9
1311.9
1311.9
1311.9
1311.9
1312.0
1312.1
1312.1
1312.1
1312.2
1312.2
1312.2
1312.3
1312.4
1312.5
1312.5
1312.6
1312.9
1312.9
1313.0
1313.0
1313.0
1313.1
1313.1
1313.3
1313.3
1313.4
1313.5
1313.6
1313.6
1313.7
1313.8
1313.8
1314.0
1314.0
1314.2
1314.3
1314.3
1314.4
1314.4
1314.5
1314.5
1314.6
1314.6
1314.7
1314.7
1314.7
1314.8
1314.9
1314.9
1314.9
1314.9
1315.0
1315.0
1315.0
1315.1
1315.1
1315.2
1315.2
1315.2
1315.3
1315.3
1315.3
1315.3
1315.3
1315.3
1315.4
1315.4
1315.4
1315.5
1315.5
1315.5
1315.6
1315.6
1315.6
1315.6
1315.7
1315.7
1315.7
1315.7
1315.8
1315.8
1315.8
1315.8
1315.8
1315.9
1315.9
1315.9
1315.9
1315.9
1316.0
1316.0
1316.1
1316.1
1316.1
1316.1
1316.1
1316.2
1316.3
1316.3
1316.5
1316.5
1316.6
1316.6
1316.6
1316.7
1316.7
1316.7
1316.8
1316.9
1316.9
1317.0
1317.0
1317.2
1317.2
1317.2
1317.3
1317.5
1317.7
1317.8
1317.8
1317.9
1318.0
1318.0
1318.1
1318.3
1318.3
1318.4
1318.4
1318.5
1318.5
1318.5
1318.5
1318.7
1318.7
1318.7
1318.8
1318.8
1318.9
1319.0
1319.1
1319.1
1319.1
1319.2
1319.2
1319.2
1319.2
1319.2
1319.3
1319.4
1319.4
1319.5
1319.5
1319.6
1319.6
1319.7
1319.7
1319.8
1319.8
1319.8
1319.9
1319.9
1319.9
1319.9
1319.9
1319.9
1320.0
1320.0
1320.0
1320.0
1320.1
1320.1
1320.2
1320.2
1320.2
1320.2
1320.3
1320.3
1320.4
1320.4
1320.4
1320.4
1320.5
1320.5
1320.6
1320.6
1320.7
1320.8
1320.8
1320.8
1320.9
1320.9
1321.0
1321.0
1321.0
1321.2
1321.3
1321.3
1321.4
1321.6
1321.6
1321.6
1321.7
1321.7
1321.9
1322.1
1322.1
1322.1
1322.1
1322.2
1322.3
1322.3
1322.5
1322.5
1322.6
1322.9
1322.9
1323.0
1323.0
1323.2
1323.4
1323.4
1323.6
1323.7
1323.7
1323.7
1324.2
1324.2
1324.2
1324.3
1324.5
1324.6
1324.6
1324.7
1324.8
1324.9
1325.0
1325.1
1325.2
1325.2
1325.3
1325.4
1325.5
1325.5
1325.5
1325.6
1325.6
1325.6
1325.7
1325.8
1325.8
1325.9
1325.9
1325.9
1325.9
1325.9
1326.0
1326.1
1326.2
1326.2
1326.5
1326.5
1326.6
1326.6
1326.6
1326.7
1326.7
1326.7
1326.7
1326.7
1326.8
1326.8
1326.9
1327.0
1327.0
1327.1
1327.1
1327.2
1327.2
1327.3
1327.4
1327.5
1327.6
1327.6
1327.6
1327.6
1327.6
1327.9
1327.9
1328.0
1328.3
1328.4
1328.5
1328.5
1328.5
1328.5
1328.7
1328.7
1328.8
1329.0
1329.1
1329.2
1329.2
1329.2
1329.4
1329.4
1329.5
1329.5
1329.6
1329.8
1329.8
1329.9
1329.9
1330.2
1330.2
1330.5
1330.5
1330.6
1330.9
1331.0
1331.3
1331.9
1331.9
1332.0
1332.4
1332.4
1332.7
1332.8
1333.3
1333.4
1333.4
1333.6
1333.8
1333.9
1334.2
1334.2
1334.3
1334.4
1334.4
1334.6
1334.7
1334.8
1334.9
1334.9
1335.0
1335.0
1335.0
1335.1
1335.1
1335.1
1335.2
1335.2
1335.3
1335.3
1335.3
1335.3
1335.3
1335.4
1335.5
1335.5
1335.6
1335.6
1335.6
1335.6
1335.7
1335.7
1335.8
1335.8
1336.1
1336.2
1336.4
1336.5
1336.5
1336.6
1336.6
1336.6
1336.8
1337.1
1337.1
1337.2
1337.2
1337.3
1337.3
1337.4
1337.5
1337.5
1337.8
1338.1
1338.3
1338.4
1338.4
1338.4
1338.5
1338.5
1338.5
1338.6
1338.6
1338.7
1338.8
1338.9
1339.2
1339.3
1339.3
1339.4
1339.5
1339.6
1339.7
1339.7
1339.7
1339.7
1339.8
1339.8
1339.8
1340.0
1340.0
1340.1
1340.1
1340.2
1340.2
1340.4
1340.4
1340.5
1340.6
1340.6
1340.9
1340.9
1340.9
1340.9
1341.1
1341.3
1341.3
1341.5
1341.5
1341.6
1341.6
1341.7
1341.7
1341.7
1341.9
1341.9
1342.0
1342.0
1342.3
1342.4
1342.5
1342.7
1343.0
1343.1
1343.3
1343.4
1343.7
1343.7
1343.8
1344.0
1344.0
1344.0
1344.1
1344.1
1344.5
1344.5
1344.9
1344.9
1345.1
1345.1
1345.2
1345.4
1345.5
1345.6
1345.7
1345.8
1345.8
1345.9
1346.1
1346.3
1346.4
1346.5
1346.6
1346.6
1346.9
1347.3
1347.4
1347.5
1347.6
1347.6
1347.6
1347.8
1348.0
1348.0
1348.2
1348.3
1349.1
1349.3
1349.3
1349.5
1349.6
1349.7
1349.9
1350.0
1350.4
1350.5
1350.7
1350.7
1350.8
1351.1
1351.1
1351.2
1352.2
1352.4
1352.5
1353.2
1353.6
1353.8
1354.0
1354.2
1354.6
1355.0
1355.8
1356.1
1356.5
1357.2
1357.3
1358.4
1358.6
1358.6
1360.1
1360.7
1362.3
1362.3
1363.0
1363.4
1363.5
1364.2
1368.4
1369.2
1372.3
1374.7
1377.8
1379.9
1516.6
1516.6
1516.6
1516.7
1516.7
1516.7
1516.7
1516.7
1516.7
1516.8
1516.8
1516.8
1516.8
1516.8
1516.8
1516.8
1516.8
1516.8
1516.8
1516.8
1516.8
1516.9
1516.9
1516.9
1516.9
1516.9
1516.9
1517.0
1517.0
1517.0
1517.0
1517.1
1517.1
1517.1
1517.2
1517.2
1517.2
1517.3
1517.3
1517.4
1517.5
1517.5
1517.5
1517.5
1517.6
1517.6
1517.6
1517.6
1517.6
1517.7
1517.7
1517.7
1517.8
1517.8
1517.8
1517.8
1517.8
1517.9
1517.9
1518.4
1518.4
1518.5
1518.6
1518.6
1518.6
1518.8
1518.9
1518.9
1519.0
1519.2
1519.3
1519.3
1519.3
1519.5
1519.5
1519.5
1519.6
1519.7
1519.7
1519.8
1519.9
1519.9
1519.9
1519.9
1520.1
1520.1
1520.1
1520.1
1520.2
1520.2
1520.3
1520.3
1520.4
1520.4
1520.4
1520.5
1520.5
1520.5
1520.5
1520.6
1521.0
1521.3
1521.3
1521.3
1521.3
1521.4
1521.4
1521.5
1521.5
1521.5
1521.5
1521.5
1521.5
1521.5
1521.6
1521.6
1521.6
1521.6
1521.6
1521.6
1521.6
1521.7
1521.7
1521.7
1521.7
1521.7
1521.7
1521.8
1521.8
1521.8
1521.8
1521.9
1521.9
1521.9
1521.9
1522.0
1522.0
1522.1
1522.1
1522.1
1522.2
1522.3
1522.3
1522.3
1522.3
1522.3
1522.3
1522.3
1522.3
1522.3
1522.4
1522.5
1522.5
1522.5
1522.5
1522.5
1522.8
1522.9
1522.9
1523.1
1523.2
1523.3
1523.6
1523.7
1523.7
1523.8
1523.8
1523.9
1524.0
1524.1
1524.2
1524.3
1524.3
1524.3
1524.3
1524.4
1524.5
1524.5
1524.5
1524.5
1524.5
1524.6
1524.6
1524.7
1524.8
1524.9
1524.9
1524.9
1525.0
1525.0
1525.0
1525.1
1525.1
1525.1
1525.1
1525.2
1525.2
1525.3
1525.4
1526.2
1527.1
1527.4
1527.4
1527.6
1527.8
1527.8
1527.8
1527.8
1527.8
1527.9
1528.0
1528.0
1528.0
1528.1
1528.1
1528.2
1528.2
1528.3
1528.3
1528.3
1528.4
1528.4
1528.4
1528.5
1528.5
1528.5
1528.6
1528.6
1528.7
1528.7
1528.7
1528.7
1528.8
1528.8
1528.8
1528.8
1528.8
1528.8
1528.8
1528.9
1528.9
1529.0
1529.0
1529.0
1529.0
1529.1
1529.1
1529.2
1529.2
1529.2
1529.2
1529.3
1529.3
1529.4
1529.4
1529.5
1529.5
1529.5
1529.6
1529.6
1529.9
1530.1
1530.1
1530.1
1530.4
1530.5
1530.6
1530.7
1530.7
1530.7
1530.7
1530.7
1530.7
1530.8
1530.9
1530.9
1530.9
1530.9
1530.9
1531.1
1531.1
1531.3
1531.3
1531.4
1531.4
1531.4
1531.5
1531.5
1531.6
1531.6
1531.6
1531.6
1531.7
1531.7
1531.7
1531.7
1531.7
1531.7
1531.8
1531.8
1531.8
1531.9
1531.9
1531.9
1531.9
1532.0
1532.0
1532.0
1532.1
1532.2
1532.2
1532.3
1532.3
1532.3
1532.3
1532.3
1532.5
1532.5
1532.6
1532.6
1532.6
1532.6
1532.7
1532.7
1532.7
1532.7
1532.8
1532.9
1532.9
1532.9
1533.0
1533.0
1533.0
1533.0
1533.0
1533.1
1533.2
1533.2
1533.3
1533.3
1533.3
1533.3
1533.3
1533.3
1533.3
1533.3
1533.3
1533.4
1533.4
1533.5
1533.5
1533.5
1533.7
1533.8
1533.8
1533.8
1533.9
1533.9
1533.9
1533.9
1534.0
1534.1
1534.3
1534.4
1534.4
1534.5
1534.6
1534.6
1534.6
1534.7
1534.7
1534.7
1534.8
1534.8
1534.9
1534.9
1535.0
1535.1
1535.2
1535.2
1535.2
1535.3
1535.5
1535.5
1535.6
1535.6
1535.6
1535.6
1535.7
1535.8
1535.8
1535.8
1536.0
1536.0
1536.1
1536.2
1536.2
1536.2
1536.2
1536.2
1536.3
1536.3
1536.4
1536.5
1536.7
1536.7
1536.8
1536.9
1537.0
1537.0
1537.0
1537.1
1537.1
1537.1
1537.2
1537.2
1537.2
1537.3
1537.3
1537.4
1537.4
1537.5
1537.5
1537.7
1537.7
1537.7
1537.8
1537.8
1537.9
1538.0
1538.0
1538.0
1538.0
1538.1
1538.1
1538.1
1538.1
1538.1
1538.1
1538.1
1538.2
1538.2
1538.3
1538.3
1538.4
1538.5
1538.5
1538.5
1538.5
1538.6
1538.7
1538.7
1538.8
1538.9
1538.9
1539.0
1539.0
1539.0
1539.1
1539.1
1539.2
1539.3
1539.3
1539.4
1539.4
1539.4
1539.4
1539.4
1539.4
1539.5
1539.5
1539.5
1539.5
1539.6
1539.6
1539.7
1539.7
1539.7
1539.8
1539.8
1539.8
1539.9
1539.9
1540.0
1540.0
1540.1
1540.1
1540.2
1540.2
1540.2
1540.2
1540.3
1540.3
1540.4
1540.4
1540.4
1540.5
1540.5
1540.5
1540.6
1540.7
1540.7
1540.8
1540.9
1540.9
1541.0
1541.0
1541.0
1541.0
1541.1
1541.1
1541.2
1541.2
1541.3
1541.4
1541.6
1541.8
1541.9
1541.9
1542.0
1542.0
1542.0
1542.1
1542.1
1542.1
1542.1
1542.1
1542.1
1542.2
1542.2
1542.2
1542.2
1542.2
1542.3
1542.3
1542.4
1542.5
1542.5
1542.5
1542.5
1542.6
1542.6
1542.7
1542.7
1542.8
1542.8
1542.8
1542.9
1543.0
1543.0
1543.0
1543.0
1543.1
1543.1
1543.1
1543.3
1543.4
1543.4
1543.4
1543.4
1543.5
1543.6
1543.6
1543.7
1543.7
1543.7
1543.7
1543.8
1543.8
1543.8
1543.8
1543.8
1544.0
1544.0
1544.0
1544.0
1544.1
1544.2
1544.2
1544.3
1544.3
1544.3
1544.3
1544.4
1544.4
1544.4
1544.4
1544.5
1544.6
1544.6
1544.7
1544.9
1545.0
1545.2
1545.2
1545.3
1545.3
1545.5
1545.5
1545.6
1545.6
1545.8
1545.9
1546.1
1546.2
1546.3
1546.3
1546.4
1546.5
1546.6
1546.7
1546.8
1546.8
1546.9
1546.9
1547.0
1547.0
1547.1
1547.1
1547.3
1547.4
1547.4
1547.4
1547.4
1547.5
1547.5
1547.5
1547.5
1547.5
1547.5
1547.5
1547.6
1547.6
1547.6
1547.6
1547.6
1547.7
1547.9
1547.9
1548.0
1548.0
1548.1
1548.1
1548.1
1548.1
1548.3
1548.4
1548.4
1548.6
1548.7
1548.7
1548.8
1548.8
1548.9
1548.9
1549.0
1549.0
1549.1
1549.2
1549.2
1549.4
1549.4
1549.4
1549.4
1549.4
1549.5
1549.5
1549.6
1549.7
1549.7
1549.8
1549.9
1549.9
1549.9
1549.9
1550.0
1550.1
1550.1
1550.3
1550.4
1550.4
1550.5
1550.5
1550.6
1550.6
1550.7
1550.8
1550.8
1550.8
1551.0
1551.0
1551.0
1551.1
1551.1
1551.2
1551.2
1551.3
1551.4
1551.4
1551.4
1551.5
1551.5
1551.5
1551.6
1551.6
1551.7
1551.7
1551.7
1551.8
1551.8
1551.8
1551.9
1551.9
1551.9
1551.9
1552.0
1552.0
1552.0
1552.1
1552.1
1552.2
1552.2
1552.2
1552.2
1552.3
1552.3
1552.3
1552.4
1552.4
1552.4
1552.5
1552.6
1552.6
1552.6
1552.6
1552.7
1552.7
1552.8
1552.8
1552.8
1552.9
1552.9
1552.9
1553.0
1553.0
1553.0
1553.1
1553.2
1553.2
1553.2
1553.2
1553.2
1553.3
1553.4
1553.4
1553.5
1553.5
1553.6
1553.6
1553.6
1553.6
1553.7
1553.8
1553.9
1553.9
1554.0
1554.0
1554.0
1554.0
1554.1
1554.1
1554.3
1554.4
1554.4
1554.4
1554.6
1554.8
1554.9
1555.1
1555.2
1555.3
1555.4
1555.4
1555.5
1555.6
1555.6
1555.6
1555.6
1555.7
1555.7
1555.8
1555.8
1555.8
1555.8
1555.9
1555.9
1556.0
1556.0
1556.1
1556.2
1556.2
1556.2
1556.3
1556.3
1556.3
1556.3
1556.4
1556.4
1556.4
1556.4
1556.4
1556.4
1556.5
1556.5
1556.6
1556.6
1556.6
1556.7
1556.7
1556.7
1556.7
1556.8
1556.8
1556.9
1557.0
1557.0
1557.1
1557.1
1557.2
1557.2
1557.3
1557.3
1557.3
1557.3
1557.4
1557.4
1557.5
1557.6
1557.6
1557.6
1557.7
1557.7
1557.7
1557.8
1557.8
1557.8
1557.9
1558.0
1558.0
1558.1
1558.1
1558.2
1558.2
1558.2
1558.4
1558.4
1558.4
1558.5
1558.6
1558.6
1558.7
1558.7
1558.7
1558.9
1558.9
1559.1
1559.1
1559.2
1559.3
1559.5
1559.6
1559.6
1559.9
1560.0
1560.0
1560.2
1560.3
1560.5
1560.7
1560.8
1560.9
1561.0
1561.1
1561.3
1561.3
1561.3
1561.5
1561.5
1561.6
1561.7
1561.8
1561.9
1561.9
1561.9
1562.0
1562.0
1562.1
1562.3
1562.3
1562.4
1562.4
1562.5
1562.5
1562.5
1562.5
1562.7
1562.8
1562.8
1562.8
1562.9
1562.9
1563.0
1563.0
1563.1
1563.1
1563.2
1563.2
1563.2
1563.2
1563.3
1563.3
1563.3
1563.3
1563.5
1563.5
1563.7
1563.9
1563.9
1563.9
1564.0
1564.0
1564.2
1564.2
1564.4
1564.4
1564.4
1564.4
1564.6
1564.6
1564.6
1564.7
1564.7
1564.7
1564.7
1564.8
1564.8
1565.0
1565.1
1565.1
1565.2
1565.2
1565.3
1565.4
1565.5
1565.5
1565.5
1565.5
1565.6
1565.6
1565.7
1566.1
1566.3
1566.4
1566.6
1566.8
1566.9
1567.0
1567.1
1567.1
1567.5
1567.9
1568.1
1568.2
1568.4
1568.7
1568.8
1568.9
1569.1
1569.6
1570.1
1570.1
1570.3
1570.3
1570.5
1570.6
1571.0
1571.1
1571.3
1571.3
1571.3
1571.4
1571.6
1571.7
1571.8
1571.8
1571.9
1572.1
1572.4
1572.6
1572.6
1572.7
1572.7
1572.7
1572.7
1572.8
1572.8
1572.9
1572.9
1573.0
1573.0
1573.0
1573.2
1573.2
1573.3
1573.4
1573.5
1573.5
1573.6
1573.7
1573.7
1573.7
1573.9
1573.9
1574.0
1574.1
1574.1
1574.1
1574.2
1574.3
1574.3
1574.3
1574.3
1574.8
1574.9
1574.9
1575.0
1575.0
1575.1
1575.1
1575.1
1575.2
1575.3
1575.4
1575.5
1575.5
1575.5
1575.5
1575.7
1576.1
1576.2
1576.2
1576.7
1576.8
1576.8
1577.1
1577.2
1577.2
1577.2
1577.2
1577.3
1577.4
1577.4
1577.6
1577.7
1577.7
1577.8
1577.9
1577.9
1578.0
1578.2
1578.3
1578.3
1578.4
1578.5
1578.7
1578.7
1578.8
1578.8
1578.8
1579.0
1579.1
1579.3
1579.6
1579.7
1579.7
1579.9
1579.9
1580.1
1580.1
1580.2
1580.4
1580.5
1580.5
1580.5
1580.7
1580.7
1580.7
1581.0
1581.0
1581.0
1581.3
1581.3
1581.5
1581.6
1581.6
1581.8
1581.9
1582.1
1582.2
1582.2
1582.2
1582.3
1582.3
1582.7
1583.3
1583.5
1583.6
1583.6
1583.6
1583.7
1584.0
1584.1
1584.6
1584.7
1584.7
1585.0
1585.3
1585.4
1585.6
1585.6
1585.9
1585.9
1586.1
1586.5
1586.7
1586.7
1586.8
1586.8
1586.8
1586.9
1587.5
1587.6
1588.2
1588.4
1588.9
1589.0
1589.5
1589.6
1590.6
1590.6
1590.8
1591.0
1591.8
1591.9
1592.2
1592.5
1592.9
1593.8
1594.3
1594.4
1595.2
1595.6
1595.7
1596.5
1597.1
1597.7
1597.9
1598.8
1601.1
1602.3
1604.5
1604.6
1605.1
1606.9
1607.0
1609.7
1609.9
1610.1
1688.9
1688.9
1688.9
1688.9
1688.9
1688.9
1689.0
1689.0
1689.0
1689.0
1689.0
1689.0
1689.0
1689.0
1689.0
1689.0
1689.0
1689.0
1689.0
1689.0
1689.0
1689.0
1689.0
1689.0
1689.0
1689.0
1689.0
1689.1
1689.1
1689.1
1689.1
1689.1
1689.1
1689.1
1689.1
1689.1
1689.1
1689.1
1689.1
1689.1
1689.1
1689.1
1689.1
1689.1
1689.2
1689.2
1689.2
1689.2
1689.3
1689.3
1689.3
1689.3
1689.4
1689.4
1689.4
1689.4
1689.4
1689.5
1689.5
1689.5
1689.6
1689.7
1689.7
1689.8
1689.8
1689.8
1689.8
1689.9
1690.1
1690.1
1690.1
1690.1
1690.4
1690.4
1690.4
1690.5
1690.5
1690.5
1690.6
1690.6
1690.7
1690.8
1691.0
1691.0
1691.6
1691.7
1692.0
1692.2
1692.3
1692.8
1693.0
1693.4
1693.5
1693.5
1693.6
1693.6
1693.6
1693.6
1693.6
1693.6
1693.6
1693.6
1693.6
1693.6
1693.6
1693.6
1693.7
1693.7
1693.7
1693.7
1693.7
1693.8
1693.8
1693.8
1693.8
1693.8
1693.8
1693.8
1693.8
1693.9
1693.9
1693.9
1693.9
1693.9
1693.9
1694.0
1694.0
1694.0
1694.0
1694.0
1694.0
1694.0
1694.0
1694.0
1694.0
1694.1
1694.1
1694.1
1694.1
1694.1
1694.1
1694.1
1694.1
1694.2
1694.2
1694.2
1694.2
1694.3
1694.3
1694.3
1694.3
1694.3
1694.3
1694.4
1694.4
1694.4
1694.4
1694.5
1694.6
1694.6
1694.7
1694.7
1694.7
1694.8
1694.8
1694.9
1695.1
1695.1
1695.2
1695.2
1695.3
1695.3
1695.3
1695.4
1695.5
1695.5
1695.5
1695.7
1695.7
1695.7
1695.7
1695.8
1696.2
1696.4
1696.7
1696.9
1697.2
1697.7
1697.9
1698.2
1699.2
1699.5
1700.0
1700.2
1700.2
1700.3
1700.3
1700.4
1700.4
1700.4
1700.5
1700.5
1700.5
1700.6
1700.7
1700.7
1700.7
1700.8
1700.8
1700.8
1700.9
1700.9
1700.9
1701.0
1701.0
1701.0
1701.1
1701.1
1701.1
1701.1
1701.1
1701.1
1701.2
1701.2
1701.2
1701.3
1701.4
1701.4
1701.4
1701.4
1701.4
1701.4
1701.5
1701.5
1701.5
1701.5
1701.7
1701.8
1701.8
1701.8
1701.8
1701.9
1701.9
1701.9
1701.9
1701.9
1701.9
1701.9
1701.9
1701.9
1701.9
1702.0
1702.0
1702.0
1702.0
1702.0
1702.1
1702.1
1702.1
1702.1
1702.2
1702.3
1702.3
1702.3
1702.4
1702.4
1702.4
1702.4
1702.4
1702.4
1702.5
1702.5
1702.6
1702.6
1702.7
1702.7
1702.9
1703.0
1703.0
1703.1
1703.1
1703.2
1703.2
1703.8
1704.1
1704.5
1704.8
1705.1
1705.1
1705.5
1705.8
1705.8
1705.8
1705.8
1705.8
1705.8
1705.9
1705.9
1705.9
1705.9
1706.0
1706.0
1706.0
1706.0
1706.0
1706.1
1706.1
1706.1
1706.2
1706.2
1706.2
1706.2
1706.2
1706.2
1706.2
1706.2
1706.2
1706.3
1706.3
1706.3
1706.3
1706.3
1706.4
1706.4
1706.4
1706.4
1706.5
1706.6
1706.6
1706.7
1706.7
1706.7
1706.8
1706.8
1706.8
1706.9
1707.0
1707.0
1707.1
1707.1
1707.1
1707.2
1707.2
1707.2
1707.2
1707.2
1707.3
1707.3
1707.4
1707.4
1707.5
1707.5
1707.5
1707.6
1707.6
1707.7
1707.7
1707.7
1707.7
1707.9
1708.0
1708.1
1708.1
1708.2
1708.3
1708.3
1708.3
1708.6
1708.6
1708.7
1708.7
1708.7
1708.7
1708.8
1708.8
1708.9
1709.0
1709.3
1709.4
1709.9
1710.1
1710.1
1710.2
1710.2
1710.2
1710.2
1710.3
1710.3
1710.3
1710.3
1710.4
1710.4
1710.4
1710.4
1710.5
1710.5
1710.5
1710.6
1710.6
1710.6
1710.6
1710.6
1710.7
1710.8
1710.8
1710.8
1710.8
1710.8
1710.8
1710.8
1710.9
1710.9
1710.9
1710.9
1711.0
1711.0
1711.0
1711.1
1711.1
1711.1
1711.1
1711.3
1711.3
1711.4
1711.4
1711.4
1711.5
1711.5
1711.5
1711.6
1711.7
1711.7
1711.7
1711.7
1711.8
1711.8
1711.8
1711.9
1711.9
1711.9
1711.9
1712.0
1712.0
1712.1
1712.1
1712.1
1712.1
1712.2
1712.2
1712.2
1712.2
1712.3
1712.4
1712.4
1712.5
1712.7
1712.8
1712.8
1712.9
1713.1
1713.2
1713.2
1713.2
1713.2
1713.2
1713.3
1713.6
1713.7
1713.7
1713.9
1713.9
1714.1
1714.2
1714.3
1714.7
1715.1
1715.3
1715.5
1715.6
1715.6
1715.6
1715.7
1715.7
1715.7
1715.7
1715.7
1715.7
1715.7
1715.8
1715.8
1715.8
1715.8
1715.8
1715.8
1715.9
1715.9
1715.9
1715.9
1715.9
1716.0
1716.0
1716.0
1716.0
1716.0
1716.0
1716.1
1716.1
1716.1
1716.1
1716.1
1716.2
1716.2
1716.2
1716.3
1716.3
1716.4
1716.4
1716.5
1716.5
1716.6
1716.6
1716.6
1716.6
1716.6
1716.8
1716.8
1716.8
1716.9
1717.0
1717.4
1717.5
1717.6
1717.6
1717.6
1717.7
1717.8
1717.9
1717.9
1717.9
1717.9
1717.9
1718.1
1718.2
1718.3
1718.3
1718.3
1718.4
1718.6
1718.7
1718.8
1718.8
1718.9
1718.9
1719.1
1719.5
1719.5
1719.6
1719.6
1719.6
1719.7
1719.7
1719.7
1719.7
1719.7
1719.8
1719.8
1719.8
1719.8
1719.8
1719.9
1719.9
1719.9
1719.9
1720.0
1720.0
1720.0
1720.2
1720.2
1720.2
1720.3
1720.3
1720.3
1720.3
1720.3
1720.3
1720.3
1720.4
1720.4
1720.4
1720.4
1720.5
1720.5
1720.5
1720.5
1720.5
1720.6
1720.7
1720.7
1720.7
1720.7
1720.8
1720.8
1720.8
1720.9
1720.9
1720.9
1720.9
1721.0
1721.0
1721.1
1721.2
1721.2
1721.3
1721.3
1721.4
1721.6
1721.7
1721.9
1722.3
1722.7
1722.7
1722.8
1722.8
1722.9
1723.3
1723.3
1723.4
1723.4
1723.6
1723.8
1723.9
1723.9
1724.1
1724.2
1724.3
1724.3
1724.6
1724.7
1724.8
1724.8
1724.9
1724.9
1724.9
1725.0
1725.1
1725.1
1725.1
1725.1
1725.2
1725.2
1725.2
1725.3
1725.5
1725.5
1725.5
1725.6
1725.6
1725.6
1725.6
1725.6
1725.7
1725.7
1725.8
1725.8
1725.9
1726.0
1726.1
1726.2
1726.2
1726.2
1726.2
1726.3
1726.3
1726.3
1726.5
1726.5
1726.5
1726.5
1726.6
1726.6
1726.7
1726.7
1726.7
1726.8
1726.8
1726.8
1726.8
1727.0
1727.1
1727.1
1727.1
1727.1
1727.5
1727.6
1727.8
1727.9
1727.9
1728.0
1728.1
1728.1
1728.1
1728.2
1728.5
1728.7
1728.7
1728.8
1728.8
1728.9
1729.3
1729.4
1729.8
1729.9
1730.0
1730.3
1730.3
1730.4
1730.5
1730.9
1731.0
1731.1
1731.3
1731.4
1731.8
1732.0
1732.0
1732.1
1732.1
1732.5
1732.8
1732.9
1733.1
1733.1
1733.4
1733.5
1733.7
1733.8
1733.8
1733.9
1733.9
1734.0
1734.0
1734.0
1734.0
1734.2
1734.2
1734.3
1734.3
1734.3
1734.4
1734.4
1734.4
1734.5
1734.5
1734.5
1734.6
1734.6
1734.6
1734.6
1734.7
1734.7
1734.8
1734.8
1734.8
1734.8
1734.9
1734.9
1735.0
1735.0
1735.0
1735.0
1735.0
1735.2
1735.3
1735.4
1735.4
1735.7
1735.7
1735.9
1736.0
1736.0
1736.2
1736.5
1736.8
1737.0
1737.0
1737.0
1737.0
1737.3
1737.3
1737.4
1737.4
1737.5
1737.6
1737.6
1737.6
1737.6
1737.7
1737.8
1738.0
1738.1
1738.1
1738.3
1738.4
1738.5
1738.6
1738.6
1738.6
1738.6
1738.9
1738.9
1738.9
1739.0
1739.0
1739.1
1739.1
1739.2
1739.3
1739.3
1739.4
1739.4
1739.4
1739.4
1739.5
1739.5
1739.6
1739.7
1739.9
1739.9
1739.9
1740.0
1740.0
1740.0
1740.3
1740.3
1740.4
1740.4
1740.4
1740.5
1740.5
1740.6
1740.7
1741.0
1741.1
1741.4
1741.4
1741.5
1741.5
1741.6
1741.6
1741.6
1741.7
1741.8
1741.9
1742.0
1742.0
1742.0
1742.6
1742.6
1742.7
1742.7
1743.0
1743.2
1743.4
1743.6
1743.8
1743.9
1744.1
1744.2
1744.6
1744.6
1744.6
1744.8
1745.2
1745.2
1745.2
1745.2
1745.3
1745.4
1745.5
1745.5
1745.6
1745.9
1746.0
1746.1
1746.2
1746.2
1746.2
1746.4
1746.5
1746.8
1746.8
1746.8
1746.9
1746.9
1747.0
1747.4
1747.6
1747.9
1747.9
1748.0
1748.1
1748.3
1748.4
1748.6
1749.1
1749.3
1749.5
1750.0
1750.2
1750.3
1750.5
1751.3
1751.7
1751.9
1752.4
1753.2
1753.8
1754.0
1754.5
1754.5
1754.7
1755.2
1755.8
1755.9
1756.5
1756.7
1757.2
1758.3
1758.8
1760.2
1761.9
1762.0
1762.5
1765.1
1765.7
1765.7
1766.2
1767.3
1772.3
1772.9
1774.6
1775.8
1776.4
1777.3
1780.5
1782.0
1913.2
1913.3
1913.3
1913.4
1913.4
1913.4
1913.4
1913.4
1913.4
1913.5
1913.6
1913.6
1913.6
1913.7
1913.7
1913.7
1913.7
1913.8
1913.8
1913.8
1913.8
1913.8
1913.8
1913.8
1913.8
1913.9
1913.9
1913.9
1913.9
1913.9
1913.9
1914.0
1914.0
1914.0
1914.0
1914.1
1914.2
1914.2
1914.2
1914.2
1914.3
1914.3
1914.3
1914.3
1914.4
1914.4
1914.4
1914.5
1914.5
1914.5
1914.6
1914.8
1914.8
1914.9
1915.0
1915.1
1915.1
1915.1
1915.1
1915.2
1915.2
1915.3
1915.3
1915.4
1915.4
1915.9
1915.9
1916.0
1916.0
1916.0
1916.0
1916.2
1916.3
1916.4
1916.6
1916.6
1916.7
1916.8
1916.9
1917.1
1917.2
1917.2
1917.3
1917.3
1917.3
1917.4
1917.4
1917.4
1917.6
1917.6
1917.6
1917.6
1917.6
1917.6
1917.7
1917.7
1917.7
1917.7
1917.8
1917.8
1917.8
1917.9
1918.0
1918.1
1918.1
1918.1
1918.2
1918.2
1918.2
1918.2
1918.3
1918.3
1918.3
1918.3
1918.3
1918.3
1918.4
1918.4
1918.4
1918.5
1918.6
1918.6
1918.6
1918.7
1918.7
1918.7
1918.7
1918.8
1918.8
1918.8
1918.8
1918.9
1918.9
1918.9
1918.9
1919.0
1919.0
1919.0
1919.0
1919.0
1919.0
1919.1
1919.1
1919.1
1919.1
1919.1
1919.2
1919.2
1919.2
1919.2
1919.3
1919.3
1919.5
1919.5
1919.5
1919.7
1919.8
1919.8
1920.0
1920.2
1920.3
1920.4
1920.5
1920.5
1920.6
1920.7
1921.0
1921.0
1921.0
1921.1
1921.2
1921.2
1921.3
1921.4
1921.4
1921.5
1921.5
1921.5
1921.5
1921.6
1921.6
1921.7
1921.8
1921.8
1922.0
1922.0
1922.0
1922.1
1922.1
1922.1
1922.2
1922.2
1922.2
1922.3
1922.3
1922.3
1922.4
1922.5
1922.5
1922.6
1923.8
1924.0
1924.4
1924.5
1924.5
1924.5
1924.5
1924.6
1924.6
1924.8
1924.8
1924.9
1924.9
1925.0
1925.1
1925.1
1925.1
1925.2
1925.2
1925.2
1925.3
1925.3
1925.3
1925.4
1925.4
1925.4
1925.4
1925.5
1925.5
1925.5
1925.6
1925.6
1925.6
1925.6
1925.6
1925.6
1925.7
1925.8
1925.8
1925.8
1925.8
1925.8
1925.8
1925.8
1925.9
1925.9
1925.9
1925.9
1926.1
1926.2
1926.2
1926.3
1926.3
1926.3
1926.4
1926.4
1926.4
1926.5
1926.5
1926.7
1926.8
1926.8
1927.1
1927.3
1927.3
1927.4
1927.4
1927.5
1927.5
1927.6
1927.6
1927.6
1927.7
1927.7
1927.8
1927.8
1928.0
1928.1
1928.2
1928.3
1928.3
1928.3
1928.3
1928.4
1928.5
1928.5
1928.5
1928.6
1928.6
1928.6
1928.6
1928.6
1928.6
1928.6
1928.6
1928.7
1928.7
1928.7
1928.7
1928.7
1928.7
1928.9
1928.9
1928.9
1929.0
1929.0
1929.1
1929.1
1929.1
1929.1
1929.1
1929.1
1929.2
1929.2
1929.3
1929.3
1929.3
1929.4
1929.4
1929.5
1929.5
1929.5
1929.5
1929.6
1929.6
1929.6
1929.6
1929.6
1929.6
1929.7
1929.7
1929.7
1929.7
1929.8
1929.8
1929.8
1929.9
1929.9
1929.9
1929.9
1930.0
1930.0
1930.0
1930.0
1930.1
1930.1
1930.2
1930.2
1930.3
1930.4
1930.4
1930.4
1930.4
1930.5
1930.6
1930.6
1930.6
1930.6
1930.7
1930.8
1930.9
1931.2
1931.2
1931.2
1931.3
1931.3
1931.5
1931.5
1931.5
1931.6
1931.6
1931.7
1931.7
1931.8
1931.9
1932.0
1932.1
1932.1
1932.2
1932.3
1932.4
1932.4
1932.5
1932.6
1932.6
1932.7
1932.7
1932.7
1932.8
1932.8
1932.8
1932.9
1932.9
1933.0
1933.0
1933.1
1933.1
1933.1
1933.1
1933.2
1933.2
1933.3
1933.4
1933.4
1933.4
1933.5
1933.6
1933.7
1933.7
1933.8
1933.8
1933.8
1933.9
1933.9
1934.0
1934.0
1934.0
1934.0
1934.1
1934.1
1934.2
1934.2
1934.3
1934.3
1934.4
1934.4
1934.4
1934.4
1934.4
1934.5
1934.5
1934.5
1934.5
1934.6
1934.6
1934.6
1934.6
1934.7
1934.7
1934.8
1934.8
1934.8
1934.8
1934.8
1934.8
1935.0
1935.0
1935.1
1935.1
1935.1
1935.2
1935.2
1935.2
1935.4
1935.5
1935.5
1935.6
1935.6
1935.6
1935.6
1935.7
1935.7
1935.9
1935.9
1936.0
1936.0
1936.1
1936.1
1936.1
1936.2
1936.2
1936.2
1936.3
1936.4
1936.5
1936.6
1936.6
1936.7
1936.7
1936.8
1936.9
1937.0
1937.0
1937.0
1937.1
1937.2
1937.2
1937.2
1937.3
1937.3
1937.3
1937.3
1937.3
1937.4
1937.4
1937.4
1937.5
1937.6
1937.6
1937.6
1937.6
1937.6
1937.7
1937.8
1937.8
1937.8
1937.9
1937.9
1937.9
1938.0
1938.0
1938.0
1938.1
1938.1
1938.2
1938.2
1938.2
1938.5
1938.5
1938.5
1938.6
1938.6
1938.7
1938.7
1938.7
1938.7
1938.8
1938.8
1938.8
1938.8
1938.8
1938.8
1938.9
1938.9
1938.9
1938.9
1939.0
1939.1
1939.1
1939.1
1939.2
1939.3
1939.3
1939.3
1939.4
1939.6
1939.6
1939.6
1939.7
1939.8
1939.8
1939.8
1939.8
1939.9
1939.9
1940.0
1940.0
1940.1
1940.1
1940.1
1940.2
1940.2
1940.3
1940.3
1940.4
1940.5
1940.7
1940.8
1940.8
1940.8
1940.8
1940.9
1940.9
1941.0
1941.1
1941.1
1941.1
1941.2
1941.2
1941.2
1941.3
1941.3
1941.3
1941.5
1941.5
1941.6
1941.7
1941.7
1941.9
1941.9
1941.9
1942.0
1942.1
1942.1
1942.2
1942.2
1942.5
1942.5
1942.5
1942.6
1942.6
1942.8
1942.9
1942.9
1943.1
1943.1
1943.2
1943.2
1943.3
1943.4
1943.4
1943.5
1943.5
1943.6
1943.6
1943.6
1943.6
1943.7
1943.7
1943.8
1943.8
1943.9
1944.0
1944.0
1944.0
1944.1
1944.2
1944.2
1944.2
1944.3
1944.3
1944.3
1944.4
1944.4
1944.5
1944.5
1944.5
1944.6
1944.6
1944.7
1944.7
1944.7
1944.9
1944.9
1945.0
1945.0
1945.0
1945.2
1945.2
1945.4
1945.4
1945.4
1945.5
1945.6
1945.7
1945.7
1945.7
1945.8
1945.8
1945.9
1946.0
1946.3
1946.4
1946.5
1946.5
1946.5
1946.5
1946.6
1946.8
1946.8
1946.8
1946.9
1946.9
1946.9
1946.9
1947.0
1947.0
1947.2
1947.2
1947.4
1947.5
1947.5
1947.5
1947.5
1947.7
1947.7
1947.7
1947.8
1948.0
1948.0
1948.1
1948.1
1948.1
1948.1
1948.1
1948.2
1948.2
1948.3
1948.3
1948.4
1948.4
1948.5
1948.5
1948.5
1948.6
1948.6
1948.6
1948.6
1948.6
1948.7
1948.7
1948.8
1948.8
1948.8
1948.8
1948.9
1948.9
1948.9
1948.9
1948.9
1948.9
1949.0
1949.0
1949.0
1949.0
1949.0
1949.0
1949.1
1949.1
1949.2
1949.3
1949.4
1949.5
1949.5
1949.5
1949.5
1949.5
1949.6
1949.6
1949.6
1949.6
1949.7
1949.7
1949.7
1949.7
1949.8
1949.8
1949.8
1949.8
1949.9
1950.1
1950.2
1950.2
1950.3
1950.3
1950.4
1950.5
1950.5
1950.5
1950.5
1950.6
1950.7
1950.7
1950.7
1950.8
1950.8
1950.8
1951.0
1951.0
1951.2
1951.2
1951.3
1951.4
1951.5
1951.6
1951.7
1951.8
1952.0
1952.0
1952.2
1952.2
1952.3
1952.4
1952.4
1952.4
1952.4
1952.5
1952.5
1952.5
1952.5
1952.5
1952.6
1952.6
1952.7
1952.8
1952.8
1952.9
1952.9
1952.9
1952.9
1953.0
1953.0
1953.0
1953.0
1953.1
1953.1
1953.1
1953.1
1953.2
1953.2
1953.2
1953.3
1953.4
1953.4
1953.4
1953.5
1953.5
1953.6
1953.6
1953.6
1953.6
1953.6
1953.6
1953.7
1953.7
1953.7
1953.8
1953.9
1953.9
1954.0
1954.0
1954.0
1954.1
1954.1
1954.1
1954.1
1954.2
1954.3
1954.3
1954.4
1954.5
1954.6
1954.6
1954.7
1954.7
1954.7
1954.8
1954.8
1954.9
1955.0
1955.0
1955.0
1955.1
1955.1
1955.3
1955.4
1955.4
1955.5
1955.5
1955.6
1955.6
1955.7
1955.8
1955.9
1956.0
1956.0
1956.1
1956.2
1956.3
1956.3
1956.3
1956.3
1956.8
1956.9
1956.9
1957.0
1957.2
1957.2
1957.7
1957.8
1958.0
1958.1
1958.1
1958.1
1958.4
1958.4
1958.4
1958.5
1958.5
1958.5
1958.6
1958.7
1958.7
1958.8
1958.8
1958.8
1958.9
1958.9
1959.0
1959.2
1959.2
1959.3
1959.3
1959.4
1959.5
1959.5
1959.5
1959.5
1959.6
1959.6
1959.6
1959.6
1959.7
1959.7
1959.8
1959.8
1959.9
1960.0
1960.0
1960.0
1960.0
1960.2
1960.3
1960.4
1960.5
1960.5
1960.6
1960.7
1960.9
1960.9
1960.9
1961.0
1961.0
1961.0
1961.2
1961.2
1961.3
1961.3
1961.4
1961.5
1961.5
1961.5
1961.6
1961.7
1961.7
1961.7
1961.8
1961.9
1962.0
1962.1
1962.1
1962.2
1962.3
1962.3
1962.4
1962.5
1962.6
1962.7
1962.7
1962.9
1962.9
1963.0
1963.1
1963.1
1963.2
1963.5
1963.5
1964.1
1964.1
1964.8
1964.9
1965.0
1965.4
1965.4
1965.6
1965.7
1966.5
1966.6
1966.8
1966.8
1967.2
1967.4
1967.4
1967.5
1967.5
1967.6
1967.8
1968.0
1968.2
1968.4
1968.5
1968.6
1968.7
1968.8
1968.8
1969.0
1969.0
1969.2
1969.5
1969.6
1969.7
1970.0
1970.1
1970.1
1970.2
1970.2
1970.2
1970.3
1970.3
1970.3
1970.4
1970.5
1970.6
1970.7
1970.8
1970.8
1970.8
1971.0
1971.0
1971.0
1971.0
1971.1
1971.2
1971.3
1971.4
1971.5
1971.7
1971.7
1971.8
1971.9
1971.9
1972.2
1972.2
1972.4
1972.4
1972.4
1972.4
1972.5
1972.5
1972.6
1972.7
1972.7
1972.8
1973.0
1973.1
1973.4
1973.4
1973.6
1973.6
1973.6
1973.7
1973.7
1973.8
1973.8
1973.9
1974.0
1974.0
1974.0
1974.1
1974.5
1974.5
1974.7
1974.8
1974.8
1975.1
1975.2
1975.3
1975.4
1975.4
1975.6
1975.7
1975.7
1975.7
1975.9
1975.9
1975.9
1976.0
1976.3
1976.6
1976.7
1976.7
1976.7
1976.9
1976.9
1976.9
1977.0
1977.0
1977.3
1977.5
1977.5
1977.6
1977.6
1977.6
1977.7
1978.1
1978.1
1978.1
1978.3
1978.3
1978.3
1978.5
1978.6
1978.6
1978.7
1978.9
1978.9
1979.1
1979.3
1979.3
1979.5
1979.6
1979.7
1979.9
1980.0
1980.2
1980.6
1980.7
1980.8
1981.0
1981.1
1981.5
1981.6
1981.6
1981.7
1981.8
1981.9
1982.2
1982.3
1982.5
1982.6
1983.0
1983.0
1983.3
1983.3
1983.5
1983.6
1983.7
1984.7
1984.9
1984.9
1984.9
1985.0
1985.2
1985.8
1985.9
1986.0
1986.1
1986.2
1986.2
1986.3
1986.5
1987.3
1987.3
1987.4
1987.9
1987.9
1988.6
1989.0
1989.4
1989.5
1989.5
1990.1
1990.2
1990.7
1990.8
1991.3
1991.6
1992.1
1992.6
1992.8
1993.7
1995.5
1995.7
1995.9
1996.2
1996.4
1997.5
1997.7
1997.9
1998.0
2002.9
2007.6
2011.2
2013.6
2018.4
2024.0
2029.8
2037.3
2142.8
2142.8
2142.8
2142.9
2142.9
2142.9
2142.9
2142.9
2142.9
2142.9
2142.9
2142.9
2142.9
2142.9
2142.9
2143.0
2143.0
2143.0
2143.0
2143.0
2143.0
2143.0
2143.0
2143.0
2143.0
2143.1
2143.1
2143.1
2143.1
2143.1
2143.1
2143.2
2143.2
2143.2
2143.2
2143.2
2143.2
2143.2
2143.2
2143.3
2143.3
2143.3
2143.3
2143.3
2143.3
2143.3
2143.3
2143.4
2143.4
2143.4
2143.4
2143.4
2143.5
2143.5
2143.5
2143.5
2143.5
2143.6
2143.6
2143.7
2143.7
2143.7
2143.8
2143.8
2143.8
2143.8
2143.8
2143.8
2143.8
2143.9
2143.9
2143.9
2143.9
2143.9
2143.9
2143.9
2143.9
2143.9
2143.9
2144.0
2144.0
2144.0
2144.0
2144.0
2144.0
2144.0
2144.0
2144.1
2144.1
2144.1
2144.1
2144.2
2144.3
2144.8
2144.8
2145.4
2145.5
2145.5
2145.6
2146.1
2147.3
2147.4
2147.4
2147.5
2147.5
2147.6
2147.6
2147.6
2147.6
2147.6
2147.6
2147.6
2147.6
2147.7
2147.7
2147.7
2147.7
2147.7
2147.7
2147.7
2147.7
2147.7
2147.7
2147.8
2147.8
2147.8
2147.8
2147.8
2147.8
2147.8
2147.8
2147.8
2147.8
2147.9
2147.9
2147.9
2147.9
2147.9
2148.0
2148.0
2148.1
2148.1
2148.1
2148.1
2148.1
2148.2
2148.2
2148.2
2148.2
2148.2
2148.2
2148.2
2148.2
2148.2
2148.2
2148.2
2148.2
2148.3
2148.3
2148.3
2148.3
2148.3
2148.4
2148.4
2148.4
2148.4
2148.4
2148.4
2148.4
2148.5
2148.5
2148.5
2148.5
2148.5
2148.6
2148.6
2148.6
2148.6
2148.6
2148.6
2148.7
2148.7
2148.7
2148.7
2148.7
2148.7
2148.8
2148.8
2148.8
2148.9
2149.3
2149.7
2150.1
2150.3
2150.4
2151.8
2151.8
2151.9
2152.0
2152.9
2153.5
2153.6
2153.8
2153.8
2154.0
2154.1
2154.1
2154.2
2154.2
2154.2
2154.2
2154.3
2154.3
2154.4
2154.4
2154.4
2154.4
2154.4
2154.5
2154.6
2154.6
2154.6
2154.7
2154.7
2154.7
2154.7
2154.7
2154.7
2154.8
2154.8
2154.8
2154.8
2154.8
2154.8
2154.9
2154.9
2154.9
2154.9
2154.9
2154.9
2154.9
2155.0
2155.0
2155.0
2155.0
2155.0
2155.0
2155.0
2155.0
2155.1
2155.1
2155.1
2155.1
2155.1
2155.1
2155.1
2155.1
2155.1
2155.2
2155.2
2155.2
2155.2
2155.3
2155.3
2155.3
2155.4
2155.4
2155.4
2155.4
2155.4
2155.5
2155.5
2155.5
2155.5
2155.5
2155.5
2155.5
2155.5
2155.6
2155.6
2155.6
2155.7
2155.7
2155.7
2155.7
2155.7
2155.8
2155.8
2155.8
2155.9
2156.2
2156.7
2157.1
2157.5
2157.8
2157.9
2157.9
2157.9
2157.9
2158.0
2158.0
2158.0
2158.0
2158.1
2158.2
2158.3
2158.3
2158.3
2158.4
2158.4
2158.4
2158.4
2158.5
2158.5
2158.5
2158.6
2158.6
2158.6
2158.6
2158.6
2158.6
2158.7
2158.7
2158.7
2158.7
2158.8
2158.8
2158.8
2158.8
2158.8
2158.9
2158.9
2159.0
2159.0
2159.0
2159.0
2159.0
2159.1
2159.1
2159.1
2159.1
2159.1
2159.1
2159.2
2159.2
2159.2
2159.2
2159.2
2159.2
2159.3
2159.3
2159.3
2159.3
2159.4
2159.4
2159.4
2159.4
2159.4
2159.5
2159.5
2159.5
2159.5
2159.6
2159.6
2159.6
2159.6
2159.6
2159.6
2159.7
2159.7
2159.7
2159.7
2159.7
2159.7
2159.8
2159.8
2159.8
2159.8
2159.9
2159.9
2160.0
2160.0
2160.0
2160.0
2160.0
2160.1
2160.1
2160.1
2160.2
2160.9
2161.1
2161.8
2161.9
2162.4
2162.4
2162.5
2162.5
2162.6
2162.6
2162.6
2162.6
2162.7
2162.9
2163.0
2163.0
2163.1
2163.1
2163.2
2163.2
2163.2
2163.2
2163.3
2163.3
2163.3
2163.3
2163.4
2163.4
2163.4
2163.4
2163.4
2163.4
2163.4
2163.4
2163.5
2163.5
2163.5
2163.5
2163.6
2163.6
2163.6
2163.6
2163.6
2163.6
2163.7
2163.7
2163.7
2163.8
2163.8
2163.8
2163.8
2163.8
2163.8
2163.8
2163.9
2163.9
2163.9
2163.9
2163.9
2163.9
2164.0
2164.0
2164.0
2164.0
2164.0
2164.0
2164.1
2164.1
2164.1
2164.1
2164.2
2164.2
2164.2
2164.2
2164.2
2164.2
2164.3
2164.3
2164.3
2164.3
2164.4
2164.4
2164.4
2164.4
2164.4
2164.4
2164.5
2164.5
2164.7
2164.7
2164.8
2164.8
2164.9
2164.9
2165.0
2165.3
2165.4
2165.6
2165.6
2165.7
2165.9
2166.1
2166.3
2166.3
2166.3
2166.4
2166.6
2166.7
2166.7
2166.7
2166.9
2166.9
2167.0
2167.0
2167.0
2167.0
2167.1
2167.1
2167.1
2167.2
2167.2
2167.2
2167.3
2167.3
2167.3
2167.4
2167.4
2167.4
2167.4
2167.4
2167.5
2167.5
2167.5
2167.5
2167.5
2167.6
2167.6
2167.6
2167.7
2167.7
2167.8
2167.8
2167.9
2167.9
2167.9
2167.9
2168.0
2168.0
2168.0
2168.0
2168.0
2168.0
2168.0
2168.0
2168.1
2168.1
2168.1
2168.1
2168.2
2168.2
2168.2
2168.2
2168.3
2168.3
2168.3
2168.4
2168.4
2168.5
2168.5
2168.5
2168.5
2168.5
2168.5
2168.5
2168.6
2168.6
2168.6
2168.7
2168.7
2168.9
2168.9
2169.0
2169.0
2169.1
2169.1
2169.2
2169.3
2169.4
2169.7
2169.8
2169.9
2170.1
2170.3
2170.5
2170.5
2170.5
2170.5
2170.7
2170.8
2171.0
2171.1
2171.1
2171.3
2171.5
2171.5
2171.6
2171.6
2171.7
2171.8
2171.9
2171.9
2172.0
2172.2
2172.2
2172.2
2172.2
2172.3
2172.3
2172.4
2172.4
2172.4
2172.5
2172.5
2172.5
2172.7
2172.7
2172.7
2172.8
2172.8
2172.9
2172.9
2173.0
2173.0
2173.0
2173.1
2173.1
2173.2
2173.2
2173.3
2173.4
2173.5
2173.5
2173.5
2173.5
2173.5
2173.6
2173.6
2173.6
2173.6
2173.6
2173.6
2173.7
2173.7
2173.7
2173.7
2173.8
2173.8
2173.8
2173.9
2173.9
2173.9
2173.9
2174.0
2174.0
2174.2
2174.2
2174.3
2174.3
2174.3
2174.4
2174.4
2174.4
2174.5
2174.5
2174.5
2174.6
2174.7
2174.8
2174.8
2174.9
2175.1
2175.2
2175.5
2175.6
2175.7
2175.8
2175.9
2175.9
2176.0
2176.0
2176.1
2176.1
2176.1
2176.1
2176.1
2176.2
2176.2
2176.2
2176.2
2176.3
2176.3
2176.3
2176.3
2176.4
2176.5
2176.6
2176.6
2176.6
2176.6
2176.7
2176.7
2176.8
2176.8
2176.8
2176.9
2176.9
2177.0
2177.0
2177.0
2177.0
2177.1
2177.1
2177.2
2177.2
2177.2
2177.2
2177.3
2177.3
2177.3
2177.4
2177.4
2177.4
2177.5
2177.5
2177.5
2177.6
2177.6
2177.6
2177.6
2177.6
2177.7
2177.7
2177.9
2177.9
2178.0
2178.0
2178.0
2178.0
2178.0
2178.0
2178.1
2178.2
2178.2
2178.2
2178.3
2178.3
2178.3
2178.4
2178.5
2178.6
2178.7
2178.7
2178.7
2178.9
2178.9
2179.0
2179.0
2179.1
2179.2
2179.7
2179.7
2179.7
2179.8
2179.9
2179.9
2179.9
2180.0
2180.1
2180.1
2180.2
2180.2
2180.2
2180.2
2180.3
2180.3
2180.4
2180.4
2180.4
2180.5
2180.5
2180.5
2180.5
2180.6
2180.6
2180.6
2180.7
2180.7
2180.7
2180.7
2181.0
2181.0
2181.0
2181.1
2181.1
2181.3
2181.3
2181.4
2181.4
2181.4
2181.7
2181.7
2181.7
2181.7
2181.7
2181.7
2181.7
2181.8
2181.9
2182.0
2182.0
2182.0
2182.0
2182.1
2182.1
2182.1
2182.2
2182.2
2182.2
2182.4
2182.4
2182.4
2182.5
2182.5
2182.5
2182.6
2182.6
2182.6
2182.7
2182.8
2182.8
2182.8
2182.9
2182.9
2182.9
2182.9
2182.9
2183.0
2183.1
2183.1
2183.3
2183.3
2183.4
2183.4
2183.4
2183.4
2183.5
2183.6
2183.6
2183.8
2183.9
2184.1
2184.1
2184.1
2184.1
2184.2
2184.4
2184.7
2185.0
2185.0
2185.1
2185.1
2185.2
2185.3
2185.3
2185.4
2185.5
2185.6
2185.7
2185.7
2185.7
2185.7
2185.8
2185.9
2185.9
2185.9
2186.1
2186.1
2186.2
2186.3
2186.4
2186.4
2186.4
2186.5
2186.5
2186.5
2186.5
2186.8
2186.8
2187.0
2187.2
2187.2
2187.2
2187.3
2187.3
2187.4
2187.4
2187.4
2187.6
2187.6
2187.7
2187.7
2187.7
2187.8
2187.8
2188.1
2188.2
2188.2
2188.4
2188.4
2188.4
2188.4
2188.6
2188.6
2188.7
2188.7
2188.8
2188.8
2188.8
2188.9
2189.0
2189.0
2189.0
2189.0
2189.0
2189.1
2189.2
2189.2
2189.3
2189.4
2189.5
2189.5
2189.5
2189.6
2189.8
2190.1
2190.2
2190.3
2190.4
2190.4
2190.5
2190.6
2190.6
2190.7
2190.8
2190.8
2191.0
2191.0
2191.1
2191.3
2191.3
2191.5
2191.9
2191.9
2191.9
2192.2
2192.6
2192.7
2192.8
2193.1
2193.2
2193.3
2193.5
2193.5
2193.6
2193.6
2193.7
2193.8
2193.8
2194.0
2194.0
2194.3
2194.4
2194.5
2194.7
2194.7
2194.7
2194.8
2194.8
2194.8
2194.9
2194.9
2194.9
2195.0
2195.0
2195.0
2195.0
2195.1
2195.3
2195.3
2195.4
2195.4
2195.5
2195.5
2195.5
2195.8
2195.9
2195.9
2195.9
2196.0
2196.1
2196.2
2196.3
2196.4
2196.4
2196.5
2196.5
2196.6
2196.7
2197.0
2197.3
2197.4
2197.5
2197.5
2197.5
2197.7
2197.8
2197.9
2198.0
2198.0
2198.2
2198.3
2198.3
2198.6
2198.6
2198.7
2199.0
2199.1
2199.2
2199.2
2199.2
2199.3
2199.4
2199.4
2199.5
2199.5
2199.5
2199.6
2199.6
2199.7
2199.7
2199.7
2199.8
2199.8
2199.9
2199.9
2200.1
2200.1
2200.2
2200.2
2200.4
2200.5
2200.5
2200.5
2200.5
2200.5
2200.6
2200.7
2200.7
2200.8
2200.8
2200.9
2200.9
2201.3
2201.4
2201.4
2201.5
2201.5
2201.5
2201.6
2201.8
2201.9
2202.5
2202.6
2202.7
2202.7
2202.7
2202.8
2203.1
2203.4
2203.4
2203.6
2203.6
2203.6
2203.8
2203.9
2204.3
2204.3
2204.3
2204.5
2204.7
2205.0
2205.2
2205.3
2205.4
2205.4
2205.4
2205.5
2205.6
2205.6
2205.7
2205.8
2205.8
2206.0
2206.0
2206.2
2206.3
2206.3
2206.5
2206.9
2207.0
2207.3
2207.3
2207.4
2207.5
2207.6
2207.7
2207.7
2207.8
2207.8
2207.9
2208.0
2208.0
2208.1
2208.1
2208.2
2208.2
2208.6
2208.9
2209.0
2209.1
2209.3
2209.4
2209.6
2209.6
2209.9
2210.2
2210.3
2210.7
2211.0
2211.1
2212.4
2212.5
2212.6
2213.0
2213.2
2213.6
2214.0
2214.1
2214.7
2214.8
2215.9
2216.0
2216.9
2218.3
2218.3
2218.9
2219.1
2219.3
2219.4
2219.6
2219.8
2220.9
2221.1
2221.3
2221.8
2221.9
2221.9
2222.0
2222.1
2222.2
2223.4
2223.5
2225.6
2228.7
2231.5
2232.5
2235.0
2237.8
2240.1
2380.7
2380.8
2380.8
2380.9
2380.9
2380.9
2380.9
2381.0
2381.0
2381.0
2381.0
2381.0
2381.0
2381.0
2381.0
2381.1
2381.1
2381.1
2381.1
2381.1
2381.1
2381.1
2381.2
2381.2
2381.2
2381.2
2381.2
2381.2
2381.3
2381.3
2381.3
2381.3
2381.3
2381.4
2381.4
2381.5
2381.6
2381.6
2381.7
2381.7
2381.7
2381.8
2381.8
2381.8
2381.9
2381.9
2381.9
2382.0
2382.0
2382.1
2382.1
2382.2
2382.3
2382.3
2382.4
2382.4
2382.5
2382.5
2382.5
2382.6
2382.7
2382.9
2383.0
2383.0
2383.1
2383.5
2383.5
2383.6
2383.6
2383.6
2383.7
2383.9
2383.9
2384.1
2384.2
2384.3
2384.4
2384.5
2384.6
2384.9
2385.0
2385.0
2385.1
2385.1
2385.2
2385.2
2385.2
2385.2
2385.3
2385.5
2385.5
2385.5
2385.5
2385.5
2385.5
2385.5
2385.5
2385.6
2385.6
2385.6
2385.6
2385.6
2385.6
2385.7
2385.7
2385.7
2385.7
2385.7
2385.7
2385.7
2385.8
2385.8
2385.8
2385.8
2385.8
2385.8
2385.8
2385.8
2385.9
2385.9
2385.9
2385.9
2386.0
2386.0
2386.0
2386.1
2386.1
2386.1
2386.1
2386.1
2386.2
2386.2
2386.3
2386.3
2386.3
2386.4
2386.4
2386.5
2386.5
2386.5
2386.5
2386.5
2386.5
2386.5
2386.6
2386.6
2386.6
2386.7
2386.7
2386.7
2386.8
2386.9
2386.9
2387.0
2387.0
2387.2
2387.2
2387.4
2387.7
2387.8
2387.9
2388.0
2388.0
2388.0
2388.1
2388.1
2388.6
2388.6
2388.7
2388.8
2388.9
2388.9
2388.9
2389.1
2389.1
2389.2
2389.3
2389.3
2389.3
2389.4
2389.4
2389.5
2389.6
2389.6
2389.8
2389.8
2389.9
2389.9
2390.0
2390.1
2390.1
2390.1
2390.2
2390.2
2390.2
2390.2
2390.3
2390.3
2390.5
2390.6
2391.3
2391.6
2391.6
2391.8
2391.9
2391.9
2392.0
2392.0
2392.0
2392.1
2392.1
2392.2
2392.2
2392.3
2392.4
2392.4
2392.4
2392.5
2392.5
2392.6
2392.6
2392.6
2392.7
2392.7
2392.8
2392.8
2392.8
2392.8
2392.8
2392.9
2392.9
2392.9
2392.9
2392.9
2392.9
2393.0
2393.0
2393.0
2393.0
2393.1
2393.1
2393.1
2393.1
2393.1
2393.2
2393.2
2393.2
2393.4
2393.4
2393.4
2393.5
2393.5
2393.6
2393.6
2393.6
2393.7
2393.7
2393.7
2394.0
2394.1
2394.1
2394.2
2394.6
2394.7
2394.7
2394.7
2394.7
2394.9
2394.9
2395.0
2395.0
2395.0
2395.1
2395.1
2395.3
2395.4
2395.4
2395.7
2395.7
2395.7
2395.7
2395.8
2395.9
2395.9
2395.9
2395.9
2395.9
2395.9
2396.0
2396.0
2396.0
2396.0
2396.1
2396.1
2396.1
2396.1
2396.2
2396.2
2396.2
2396.2
2396.3
2396.3
2396.3
2396.3
2396.4
2396.4
2396.4
2396.5
2396.5
2396.5
2396.5
2396.6
2396.6
2396.7
2396.7
2396.7
2396.7
2396.7
2396.7
2396.8
2396.8
2396.8
2396.8
2396.8
2396.9
2397.0
2397.0
2397.0
2397.0
2397.0
2397.1
2397.1
2397.1
2397.2
2397.3
2397.3
2397.3
2397.3
2397.3
2397.4
2397.4
2397.4
2397.4
2397.5
2397.5
2397.5
2397.5
2397.5
2397.6
2397.6
2397.7
2397.8
2397.9
2397.9
2397.9
2397.9
2398.0
2398.0
2398.0
2398.2
2398.5
2398.5
2398.7
2398.7
2398.8
2398.8
2398.9
2398.9
2398.9
2399.0
2399.0
2399.0
2399.1
2399.2
2399.5
2399.5
2399.6
2399.7
2399.8
2399.8
2400.0
2400.0
2400.1
2400.1
2400.1
2400.2
2400.2
2400.3
2400.3
2400.3
2400.3
2400.3
2400.4
2400.4
2400.5
2400.5
2400.6
2400.6
2400.6
2400.6
2400.7
2400.8
2400.8
2400.8
2400.9
2400.9
2401.0
2401.0
2401.1
2401.1
2401.2
2401.2
2401.2
2401.2
2401.2
2401.2
2401.3
2401.3
2401.4
2401.4
2401.4
2401.5
2401.5
2401.6
2401.6
2401.6
2401.6
2401.7
2401.7
2401.8
2401.8
2401.8
2401.9
2401.9
2401.9
2402.0
2402.0
2402.0
2402.1
2402.1
2402.1
2402.1
2402.2
2402.2
2402.2
2402.3
2402.3
2402.4
2402.5
2402.6
2402.6
2402.6
2402.7
2402.7
2402.8
2402.8
2403.0
2403.1
2403.2
2403.2
2403.2
2403.3
2403.3
2403.3
2403.4
2403.4
2403.5
2403.5
2403.5
2403.6
2403.7
2403.7
2403.7
2403.9
2403.9
2404.0
2404.1
2404.1
2404.1
2404.3
2404.5
2404.5
2404.5
2404.6
2404.6
2404.6
2404.6
2404.7
2404.7
2404.8
2404.9
2404.9
2404.9
2404.9
2404.9
2404.9
2405.0
2405.0
2405.0
2405.0
2405.1
2405.1
2405.2
2405.2
2405.2
2405.2
2405.3
2405.3
2405.3
2405.3
2405.4
2405.4
2405.5
2405.5
2405.5
2405.6
2405.6
2405.7
2405.8
2405.8
2405.9
2405.9
2405.9
2405.9
2406.0
2406.0
2406.0
2406.0
2406.1
2406.1
2406.1
2406.1
2406.1
2406.2
2406.2
2406.3
2406.3
2406.3
2406.4
2406.5
2406.5
2406.6
2406.7
2406.7
2406.8
2406.8
2406.8
2407.0
2407.0
2407.1
2407.1
2407.2
2407.2
2407.3
2407.3
2407.3
2407.3
2407.5
2407.5
2407.5
2407.6
2407.6
2407.7
2407.8
2407.8
2407.9
2407.9
2408.1
2408.1
2408.2
2408.2
2408.3
2408.3
2408.4
2408.4
2408.6
2408.6
2408.6
2408.6
2408.7
2408.8
2408.8
2408.9
2408.9
2409.0
2409.0
2409.3
2409.3
2409.3
2409.3
2409.4
2409.5
2409.6
2409.6
2409.6
2409.6
2409.7
2409.8
2409.9
2409.9
2409.9
2410.1
2410.2
2410.2
2410.2
2410.4
2410.5
2410.5
2410.5
2410.6
2410.7
2410.9
2410.9
2410.9
2410.9
2411.0
2411.0
2411.0
2411.1
2411.1
2411.1
2411.2
2411.2
2411.2
2411.2
2411.3
2411.3
2411.3
2411.5
2411.5
2411.5
2411.6
2411.7
2411.7
2411.7
2411.7
2411.7
2411.8
2411.9
2412.0
2412.0
2412.1
2412.1
2412.1
2412.2
2412.3
2412.4
2412.5
2412.6
2412.7
2412.8
2412.8
2412.8
2412.8
2412.9
2412.9
2413.0
2413.1
2413.2
2413.2
2413.4
2413.5
2413.5
2413.8
2413.9
2413.9
2414.0
2414.0
2414.1
2414.1
2414.2
2414.2
2414.3
2414.3
2414.4
2414.5
2414.5
2414.5
2414.5
2414.6
2414.6
2414.7
2414.8
2414.8
2415.0
2415.0
2415.0
2415.2
2415.2
2415.2
2415.3
2415.3
2415.3
2415.3
2415.4
2415.4
2415.4
2415.5
2415.5
2415.6
2415.6
2415.7
2415.7
2415.7
2415.7
2415.8
2415.8
2415.8
2415.8
2415.8
2415.9
2415.9
2415.9
2415.9
2415.9
2415.9
2415.9
2416.0
2416.0
2416.0
2416.1
2416.1
2416.2
2416.2
2416.3
2416.3
2416.4
2416.4
2416.4
2416.5
2416.6
2416.6
2416.6
2416.8
2416.8
2416.8
2416.8
2416.9
2416.9
2416.9
2416.9
2417.0
2417.0
2417.2
2417.2
2417.2
2417.2
2417.4
2417.5
2417.5
2417.6
2417.6
2417.7
2417.7
2417.8
2417.8
2417.8
2417.8
2417.9
2418.0
2418.0
2418.1
2418.1
2418.1
2418.2
2418.3
2418.3
2418.3
2418.4
2418.5
2418.6
2418.8
2418.8
2418.9
2419.0
2419.0
2419.1
2419.2
2419.4
2419.5
2419.5
2419.5
2419.5
2419.6
2419.7
2419.7
2419.7
2419.7
2419.8
2419.9
2419.9
2419.9
2419.9
2419.9
2420.0
2420.0
2420.0
2420.0
2420.1
2420.1
2420.1
2420.1
2420.2
2420.2
2420.3
2420.3
2420.3
2420.3
2420.4
2420.4
2420.5
2420.5
2420.5
2420.5
2420.5
2420.6
2420.7
2420.7
2420.7
2420.8
2420.8
2420.9
2420.9
2421.0
2421.1
2421.1
2421.2
2421.2
2421.2
2421.3
2421.4
2421.4
2421.4
2421.4
2421.4
2421.5
2421.5
2421.6
2421.7
2421.8
2421.8
2421.8
2422.1
2422.1
2422.2
2422.2
2422.2
2422.3
2422.3
2422.3
2422.5
2422.6
2422.6
2422.6
2422.7
2422.7
2422.8
2422.8
2422.9
2422.9
2423.0
2423.1
2423.2
2423.2
2423.3
2423.5
2423.6
2423.6
2423.6
2423.7
2423.7
2423.9
2424.0
2424.2
2424.3
2424.4
2424.5
2424.8
2424.8
2425.1
2425.2
2425.2
2425.4
2425.5
2425.5
2425.5
2425.5
2425.5
2425.6
2425.6
2425.7
2425.7
2425.8
2425.8
2425.9
2426.0
2426.2
2426.2
2426.3
2426.3
2426.5
2426.6
2426.6
2426.6
2426.6
2426.7
2426.7
2426.7
2426.7
2426.7
2426.7
2426.7
2426.8
2426.9
2427.0
2427.0
2427.0
2427.0
2427.1
2427.4
2427.5
2427.5
2427.6
2427.6
2427.7
2427.7
2427.9
2427.9
2428.1
2428.1
2428.1
2428.1
2428.3
2428.4
2428.4
2428.4
2428.5
2428.5
2428.5
2428.8
2428.9
2429.0
2429.0
2429.1
2429.1
2429.1
2429.3
2429.3
2429.4
2429.4
2429.6
2429.6
2429.7
2429.7
2429.9
2429.9
2430.0
2430.3
2430.3
2430.4
2430.4
2430.5
2430.5
2430.6
2430.7
2430.7
2431.0
2431.3
2431.8
2431.8
2432.2
2432.3
2432.4
2432.8
2432.9
2433.2
2433.3
2433.7
2434.1
2434.2
2434.2
2434.3
2434.4
2434.5
2434.5
2434.6
2434.6
2434.6
2434.7
2434.9
2435.0
2435.0
2435.1
2435.1
2435.2
2435.2
2435.2
2435.3
2435.4
2435.6
2435.6
2435.6
2435.7
2435.7
2435.7
2435.8
2435.9
2435.9
2436.0
2436.1
2436.1
2436.2
2436.3
2436.4
2436.4
2436.5
2436.5
2436.5
2436.5
2436.6
2436.6
2436.6
2436.6
2436.6
2436.8
2436.8
2436.9
2436.9
2436.9
2437.1
2437.1
2437.1
2437.2
2437.2
2437.4
2437.4
2437.6
2437.6
2437.6
2438.0
2438.0
2438.3
2438.4
2438.4
2438.7
2438.7
2438.9
2439.2
2439.4
2439.4
2439.5
2439.5
2439.6
2439.6
2439.6
2439.7
2439.9
2440.0
2440.1
2440.2
2440.3
2440.3
2440.4
2440.4
2440.5
2440.6
2440.6
2440.7
2440.8
2440.8
2440.9
2441.1
2441.1
2441.1
2441.2
2441.3
2441.4
2441.4
2441.4
2441.6
2441.6
2441.6
2441.7
2441.7
2441.7
2441.9
2442.0
2442.0
2442.0
2442.2
2442.3
2442.4
2442.5
2442.6
2442.6
2442.7
2442.9
2442.9
2443.0
2443.1
2443.2
2443.4
2443.4
2443.5
2443.6
2443.7
2443.9
2444.0
2444.1
2444.4
2444.7
2445.1
2445.2
2445.2
2445.4
2445.4
2445.5
2445.6
2445.9
2446.1
2446.2
2446.3
2446.3
2446.4
2446.8
2447.0
2447.0
2447.1
2447.2
2447.7
2447.8
2447.9
2447.9
2448.4
2448.6
2448.7
2448.8
2448.9
2449.0
2449.1
2449.2
2449.2
2449.3
2449.3
2449.4
2449.9
2450.0
2450.3
2450.4
2450.4
2450.6
2450.6
2450.6
2451.0
2451.4
2451.5
2451.6
2451.6
2451.9
2452.3
2452.5
2452.8
2453.4
2453.8
2454.1
2454.6
2454.7
2455.4
2456.2
2457.0
2457.2
2457.2
2457.5
2457.5
2457.8
2459.2
2459.3
2459.4
2461.3
2463.3
2463.9
2465.6
2469.2
2469.7
2495.8
2613.3
2613.4
2613.4
2613.4
2613.4
2613.4
2613.4
2613.4
2613.5
2613.5
2613.5
2613.5
2613.5
2613.5
2613.5
2613.5
2613.5
2613.6
2613.6
2613.6
2613.6
2613.6
2613.6
2613.6
2613.6
2613.6
2613.7
2613.7
2613.7
2613.7
2613.7
2613.7
2613.7
2613.8
2613.8
2613.8
2613.8
2613.9
2613.9
2613.9
2614.0
2614.0
2614.0
2614.0
2614.0
2614.0
2614.0
2614.0
2614.1
2614.1
2614.1
2614.1
2614.2
2614.2
2614.4
2614.4
2614.4
2614.4
2614.5
2614.5
2614.7
2614.7
2614.7
2614.8
2614.8
2614.8
2614.9
2614.9
2614.9
2614.9
2615.0
2615.0
2615.0
2615.0
2615.0
2615.0
2615.1
2615.1
2615.1
2615.1
2615.1
2615.1
2615.1
2615.2
2615.2
2615.2
2615.2
2615.2
2615.2
2615.3
2615.3
2615.3
2615.3
2615.3
2615.4
2616.0
2616.1
2616.1
2616.3
2616.8
2617.9
2617.9
2618.0
2618.1
2618.1
2618.1
2618.1
2618.1
2618.2
2618.2
2618.2
2618.2
2618.2
2618.2
2618.2
2618.3
2618.3
2618.3
2618.3
2618.3
2618.3
2618.3
2618.4
2618.4
2618.4
2618.4
2618.4
2618.4
2618.4
2618.4
2618.5
2618.5
2618.5
2618.5
2618.5
2618.6
2618.6
2618.6
2618.7
2618.7
2618.8
2618.8
2618.8
2618.8
2618.8
2618.8
2618.9
2618.9
2618.9
2618.9
2618.9
2619.0
2619.0
2619.0
2619.1
2619.1
2619.1
2619.2
2619.2
2619.2
2619.2
2619.3
2619.4
2619.4
2619.4
2619.4
2619.4
2619.5
2619.5
2619.5
2619.5
2619.6
2619.6
2619.7
2619.7
2619.7
2619.7
2619.7
2619.7
2619.7
2619.7
2619.8
2619.8
2619.8
2619.8
2619.9
2619.9
2619.9
2620.0
2620.0
2620.1
2620.3
2620.7
2620.8
2620.9
2622.4
2622.4
2622.5
2622.6
2623.5
2624.1
2624.1
2624.3
2624.4
2624.5
2624.6
2624.7
2624.8
2624.8
2624.8
2624.8
2624.8
2624.9
2625.0
2625.0
2625.0
2625.0
2625.0
2625.1
2625.1
2625.2
2625.2
2625.2
2625.2
2625.3
2625.3
2625.3
2625.4
2625.4
2625.4
2625.4
2625.4
2625.4
2625.5
2625.5
2625.5
2625.6
2625.6
2625.6
2625.7
2625.7
2625.7
2625.7
2625.7
2625.8
2625.8
2625.8
2625.8
2625.8
2625.8
2625.9
2625.9
2625.9
2625.9
2625.9
2626.0
2626.0
2626.0
2626.0
2626.1
2626.1
2626.1
2626.1
2626.1
2626.1
2626.2
2626.2
2626.2
2626.3
2626.3
2626.4
2626.4
2626.5
2626.5
2626.6
2626.6
2626.6
2626.7
2626.7
2626.7
2626.7
2626.8
2626.8
2626.8
2626.8
2626.9
2626.9
2626.9
2627.0
2627.0
2627.2
2627.4
2627.8
2628.1
2628.2
2628.4
2628.4
2628.4
2628.5
2628.5
2628.5
2628.5
2628.7
2628.8
2628.8
2628.9
2628.9
2628.9
2628.9
2629.0
2629.0
2629.0
2629.1
2629.1
2629.1
2629.1
2629.1
2629.2
2629.2
2629.3
2629.4
2629.4
2629.5
2629.5
2629.6
2629.6
2629.6
2629.6
2629.6
2629.7
2629.7
2629.7
2629.7
2629.7
2629.8
2629.8
2629.8
2629.8
2629.8
2629.8
2629.8
2629.8
2629.8
2629.9
2629.9
2629.9
2630.0
2630.0
2630.0
2630.0
2630.1
2630.1
2630.1
2630.1
2630.2
2630.2
2630.2
2630.2
2630.3
2630.3
2630.3
2630.3
2630.4
2630.4
2630.4
2630.4
2630.5
2630.5
2630.5
2630.5
2630.5
2630.6
2630.6
2630.7
2630.7
2630.7
2630.7
2630.8
2630.8
2630.8
2630.8
2630.9
2630.9
2630.9
2631.0
2631.0
2631.1
2631.1
2631.4
2631.5
2631.8
2632.4
2632.6
2632.8
2633.0
2633.0
2633.0
2633.1
2633.1
2633.1
2633.2
2633.4
2633.4
2633.5
2633.7
2633.7
2633.7
2633.7
2633.7
2633.8
2633.8
2633.8
2633.8
2633.8
2633.9
2633.9
2633.9
2634.0
2634.0
2634.1
2634.2
2634.2
2634.2
2634.2
2634.2
2634.3
2634.3
2634.3
2634.3
2634.3
2634.3
2634.3
2634.3
2634.4
2634.4
2634.4
2634.4
2634.4
2634.5
2634.5
2634.5
2634.5
2634.6
2634.7
2634.7
2634.7
2634.7
2634.8
2634.8
2634.8
2634.8
2634.8
2634.8
2634.9
2635.0
2635.0
2635.0
2635.0
2635.0
2635.0
2635.0
2635.1
2635.1
2635.1
2635.1
2635.1
2635.2
2635.2
2635.2
2635.2
2635.2
2635.3
2635.3
2635.3
2635.3
2635.3
2635.3
2635.3
2635.4
2635.4
2635.4
2635.5
2635.6
2635.6
2635.8
2636.1
2636.3
2636.3
2636.3
2636.4
2636.5
2636.6
2636.7
2636.9
2637.0
2637.1
2637.2
2637.3
2637.3
2637.5
2637.5
2637.6
2637.7
2637.7
2637.7
2637.7
2637.8
2637.8
2637.8
2637.9
2637.9
2638.0
2638.0
2638.1
2638.1
2638.1
2638.1
2638.1
2638.1
2638.2
2638.2
2638.2
2638.2
2638.3
2638.4
2638.4
2638.4
2638.4
2638.5
2638.5
2638.5
2638.5
2638.5
2638.6
2638.6
2638.6
2638.7
2638.7
2638.7
2638.8
2638.8
2638.9
2638.9
2638.9
2638.9
2639.0
2639.0
2639.0
2639.0
2639.1
2639.1
2639.1
2639.1
2639.1
2639.2
2639.2
2639.2
2639.3
2639.3
2639.3
2639.4
2639.4
2639.4
2639.4
2639.5
2639.5
2639.5
2639.5
2639.5
2639.5
2639.5
2639.5
2639.7
2639.7
2639.8
2639.8
2640.0
2640.1
2640.4
2640.4
2640.6
2640.7
2640.7
2640.9
2641.0
2641.1
2641.1
2641.2
2641.4
2641.6
2641.7
2641.9
2642.1
2642.2
2642.3
2642.3
2642.4
2642.7
2642.8
2642.8
2642.8
2642.8
2642.8
2642.9
2642.9
2643.0
2643.0
2643.0
2643.0
2643.1
2643.1
2643.3
2643.3
2643.3
2643.4
2643.4
2643.4
2643.5
2643.5
2643.6
2643.6
2643.7
2643.7
2643.7
2643.8
2643.8
2643.9
2644.0
2644.0
2644.1
2644.1
2644.1
2644.1
2644.2
2644.2
2644.2
2644.2
2644.2
2644.3
2644.3
2644.4
2644.5
2644.5
2644.5
2644.5
2644.6
2644.7
2644.7
2644.7
2644.7
2644.8
2644.8
2644.8
2644.9
2645.0
2645.0
2645.0
2645.1
2645.1
2645.1
2645.1
2645.2
2645.2
2645.2
2645.3
2645.3
2645.4
2645.4
2645.5
2645.7
2645.8
2646.0
2646.0
2646.3
2646.4
2646.5
2646.5
2646.6
2646.6
2646.7
2646.8
2646.9
2647.0
2647.0
2647.1
2647.1
2647.2
2647.2
2647.2
2647.2
2647.2
2647.2
2647.3
2647.3
2647.3
2647.3
2647.3
2647.4
2647.4
2647.4
2647.5
2647.5
2647.6
2647.6
2647.6
2647.6
2647.6
2647.7
2647.8
2647.8
2647.8
2647.8
2647.8
2647.9
2647.9
2647.9
2648.0
2648.0
2648.0
2648.1
2648.1
2648.1
2648.1
2648.2
2648.2
2648.2
2648.3
2648.3
2648.3
2648.4
2648.4
2648.4
2648.4
2648.4
2648.4
2648.4
2648.6
2648.6
2648.7
2648.7
2648.7
2648.7
2648.8
2648.8
2648.9
2648.9
2649.0
2649.0
2649.1
2649.1
2649.1
2649.2
2649.2
2649.2
2649.3
2649.5
2649.5
2649.5
2649.9
2650.0
2650.1
2650.2
2650.3
2650.3
2650.5
2650.5
2650.6
2650.6
2650.7
2650.8
2650.8
2650.9
2650.9
2650.9
2651.1
2651.1
2651.1
2651.3
2651.4
2651.4
2651.4
2651.4
2651.5
2651.5
2651.5
2651.7
2651.7
2651.7
2651.7
2651.8
2651.8
2651.8
2651.9
2651.9
2651.9
2652.0
2652.0
2652.1
2652.1
2652.2
2652.2
2652.3
2652.4
2652.4
2652.4
2652.4
2652.4
2652.5
2652.5
2652.5
2652.6
2652.7
2652.7
2652.7
2652.8
2652.9
2652.9
2652.9
2652.9
2652.9
2652.9
2653.0
2653.0
2653.0
2653.0
2653.1
2653.1
2653.2
2653.2
2653.2
2653.3
2653.3
2653.3
2653.3
2653.3
2653.5
2653.5
2653.6
2653.6
2653.6
2653.6
2653.8
2653.8
2653.8
2653.9
2654.1
2654.1
2654.2
2654.2
2654.2
2654.2
2654.4
2654.5
2654.6
2654.6
2655.0
2655.0
2655.1
2655.5
2655.5
2655.5
2655.5
2655.8
2655.9
2656.0
2656.0
2656.0
2656.0
2656.0
2656.1
2656.5
2656.6
2656.6
2656.7
2656.7
2656.9
2657.0
2657.2
2657.2
2657.2
2657.3
2657.3
2657.4
2657.5
2657.6
2657.6
2657.6
2657.6
2657.7
2657.8
2657.8
2657.8
2657.8
2657.9
2657.9
2658.1
2658.1
2658.1
2658.2
2658.3
2658.3
2658.4
2658.5
2658.6
2658.7
2658.8
2658.9
2659.0
2659.0
2659.1
2659.2
2659.2
2659.2
2659.2
2659.2
2659.4
2659.4
2659.4
2659.4
2659.4
2659.5
2659.5
2659.6
2659.7
2659.7
2659.8
2659.8
2659.9
2660.0
2660.0
2660.1
2660.3
2660.3
2660.4
2660.5
2660.6
2660.7
2660.8
2660.8
2660.8
2660.9
2661.0
2661.0
2661.1
2661.2
2661.4
2661.4
2661.7
2661.8
2662.0
2662.1
2662.1
2662.5
2662.5
2662.6
2662.8
2663.0
2663.3
2663.6
2663.6
2663.6
2663.8
2663.8
2663.8
2663.9
2664.1
2664.4
2664.6
2664.7
2664.8
2664.9
2665.0
2665.1
2665.2
2665.2
2665.2
2665.3
2665.3
2665.4
2665.4
2665.5
2665.5
2665.5
2665.6
2665.6
2665.7
2665.7
2665.8
2665.8
2665.8
2665.8
2666.0
2666.0
2666.1
2666.2
2666.2
2666.2
2666.3
2666.4
2666.5
2666.6
2666.6
2666.7
2666.8
2666.8
2667.0
2667.1
2667.4
2667.4
2667.5
2667.5
2667.5
2667.7
2667.7
2667.9
2667.9
2668.2
2668.3
2668.4
2668.6
2668.8
2668.9
2669.0
2669.1
2669.2
2669.3
2669.4
2669.4
2669.4
2669.4
2669.5
2669.6
2669.8
2669.8
2669.8
2669.8
2669.8
2669.8
2669.9
2670.0
2670.0
2670.0
2670.0
2670.1
2670.1
2670.2
2670.2
2670.3
2670.3
2670.3
2670.3
2670.4
2670.5
2670.6
2670.8
2670.8
2670.8
2670.9
2671.0
2671.1
2671.1
2671.2
2671.2
2671.3
2671.4
2671.4
2671.5
2671.5
2671.8
2671.8
2672.0
2672.0
2672.2
2672.4
2672.4
2672.6
2672.6
2672.8
2672.9
2672.9
2673.0
2673.2
2673.3
2673.3
2673.6
2673.7
2673.8
2673.8
2674.2
2674.2
2674.3
2674.7
2674.9
2674.9
2675.2
2675.4
2675.4
2675.6
2675.7
2675.8
2675.9
2675.9
2676.0
2676.0
2676.0
2676.1
2676.2
2676.2
2676.2
2676.4
2676.4
2676.4
2676.5
2676.5
2676.8
2676.9
2676.9
2677.0
2677.2
2677.5
2677.6
2677.6
2677.7
2677.7
2677.9
2678.0
2678.0
2678.0
2678.2
2678.4
2678.4
2678.4
2678.5
2678.6
2678.6
2678.9
2678.9
2679.0
2679.4
2679.6
2680.1
2680.1
2680.4
2680.6
2680.6
2681.2
2681.5
2681.5
2681.5
2681.5
2681.7
2681.7
2682.2
2682.2
2682.3
2682.6
2682.7
2682.7
2683.1
2683.2
2683.4
2683.5
2684.7
2684.7
2685.1
2686.4
2686.4
2686.6
2687.4
2688.0
2688.1
2688.4
2688.6
2688.8
2689.2
2689.4
2689.4
2689.6
2689.7
2689.8
2689.8
2689.9
2690.2
2691.7
2692.2
2692.9
2694.5
2694.7
2694.9
2695.1
2695.6
2696.2
2696.3
2697.2
2698.3
2699.2
2699.5
2700.4
2700.7
2701.0
2702.6
2703.2
2704.3
2704.7
2711.0
2712.1
2855.8
2855.8
2855.9
2856.0
2856.0
2856.0
2856.0
2856.0
2856.1
2856.1
2856.1
2856.2
2856.2
2856.3
2856.3
2856.3
2856.3
2856.4
2856.4
2856.4
2856.4
2856.5
2856.5
2856.5
2856.5
2856.5
2856.5
2856.5
2856.5
2856.6
2856.6
2856.6
2856.6
2856.7
2856.7
2856.7
2856.8
2856.8
2856.9
2856.9
2856.9
2857.0
2857.0
2857.1
2857.1
2857.2
2857.2
2857.3
2857.3
2857.6
2857.6
2857.6
2857.6
2857.8
2857.8
2857.8
2857.9
2857.9
2857.9
2858.0
2858.3
2858.3
2858.4
2858.4
2858.4
2858.5
2859.3
2859.5
2859.6
2859.6
2859.6
2859.6
2859.7
2859.8
2859.9
2860.3
2860.4
2860.5
2860.5
2860.6
2860.7
2860.7
2860.7
2860.7
2860.7
2860.8
2860.8
2860.8
2860.9
2860.9
2860.9
2860.9
2860.9
2861.0
2861.0
2861.0
2861.0
2861.0
2861.0
2861.1
2861.1
2861.1
2861.1
2861.2
2861.2
2861.3
2861.3
2861.3
2861.3
2861.4
2861.4
2861.5
2861.5
2861.5
2861.5
2861.5
2861.5
2861.6
2861.6
2861.6
2861.6
2861.6
2861.7
2861.7
2861.7
2861.7
2861.7
2861.8
2861.8
2861.8
2861.8
2861.8
2861.8
2861.9
2861.9
2861.9
2861.9
2861.9
2861.9
2862.0
2862.0
2862.0
2862.0
2862.0
2862.0
2862.1
2862.1
2862.1
2862.2
2862.3
2862.3
2862.3
2862.5
2862.6
2862.6
2862.6
2862.8
2862.9
2863.0
2863.1
2863.2
2863.7
2863.7
2863.9
2864.0
2864.0
2864.0
2864.1
2864.1
2864.2
2864.2
2864.2
2864.3
2864.5
2864.8
2865.0
2865.0
2865.0
2865.1
2865.1
2865.2
2865.4
2865.7
2865.7
2866.0
2866.0
2866.2
2866.2
2866.3
2866.3
2866.3
2866.3
2866.4
2866.4
2866.5
2866.5
2866.6
2866.6
2866.7
2866.7
2866.8
2866.9
2867.0
2867.1
2867.1
2867.1
2867.1
2867.1
2867.2
2867.3
2867.4
2867.4
2867.5
2867.6
2867.6
2867.6
2867.7
2867.7
2867.8
2867.9
2867.9
2867.9
2867.9
2867.9
2868.0
2868.0
2868.0
2868.0
2868.1
2868.1
2868.1
2868.1
2868.2
2868.2
2868.2
2868.2
2868.2
2868.2
2868.3
2868.3
2868.3
2868.3
2868.4
2868.4
2868.4
2868.4
2868.5
2868.5
2868.5
2868.6
2868.7
2868.7
2868.8
2868.9
2868.9
2869.0
2869.0
2869.3
2869.3
2869.4
2869.6
2869.6
2869.7
2870.0
2870.0
2870.0
2870.0
2870.2
2870.4
2870.4
2870.5
2870.6
2870.6
2870.7
2870.7
2870.8
2870.9
2871.0
2871.0
2871.1
2871.1
2871.2
2871.2
2871.2
2871.2
2871.2
2871.3
2871.4
2871.4
2871.5
2871.6
2871.6
2871.6
2871.7
2871.7
2871.7
2871.8
2871.8
2871.9
2871.9
2871.9
2871.9
2871.9
2872.0
2872.0
2872.0
2872.1
2872.1
2872.1
2872.1
2872.1
2872.1
2872.1
2872.2
2872.2
2872.2
2872.2
2872.2
2872.2
2872.2
2872.2
2872.3
2872.3
2872.3
2872.3
2872.3
2872.3
2872.4
2872.4
2872.4
2872.4
2872.4
2872.4
2872.5
2872.5
2872.5
2872.5
2872.5
2872.6
2872.6
2872.7
2872.7
2872.7
2872.8
2872.8
2872.8
2872.8
2872.9
2872.9
2872.9
2873.0
2873.1
2873.2
2873.2
2873.2
2873.2
2873.4
2873.4
2873.5
2873.6
2873.6
2873.8
2874.0
2874.1
2874.2
2874.3
2874.3
2874.3
2874.3
2874.4
2874.5
2874.7
2874.7
2874.7
2874.7
2875.2
2875.2
2875.4
2875.4
2875.5
2875.5
2875.6
2875.6
2875.7
2875.8
2875.8
2875.9
2875.9
2875.9
2876.0
2876.0
2876.0
2876.0
2876.0
2876.1
2876.1
2876.2
2876.3
2876.3
2876.3
2876.3
2876.3
2876.3
2876.4
2876.4
2876.4
2876.4
2876.5
2876.5
2876.6
2876.6
2876.7
2876.7
2876.7
2876.7
2876.8
2876.8
2876.8
2876.8
2876.8
2876.8
2876.8
2876.9
2876.9
2876.9
2877.0
2877.0
2877.0
2877.0
2877.1
2877.1
2877.1
2877.1
2877.1
2877.2
2877.2
2877.3
2877.3
2877.3
2877.3
2877.3
2877.4
2877.4
2877.5
2877.5
2877.5
2877.6
2877.6
2877.7
2877.7
2877.8
2877.9
2877.9
2878.0
2878.0
2878.0
2878.2
2878.2
2878.2
2878.5
2878.5
2878.6
2878.6
2878.6
2878.7
2878.7
2878.8
2878.8
2878.8
2878.8
2878.9
2879.1
2879.1
2879.2
2879.3
2879.5
2879.7
2879.7
2879.9
2879.9
2880.0
2880.0
2880.0
2880.0
2880.1
2880.1
2880.2
2880.2
2880.3
2880.4
2880.4
2880.4
2880.5
2880.5
2880.6
2880.6
2880.6
2880.7
2880.7
2880.7
2880.8
2880.8
2880.8
2880.8
2880.8
2880.8
2880.8
2880.9
2881.0
2881.0
2881.1
2881.1
2881.1
2881.2
2881.2
2881.2
2881.2
2881.2
2881.3
2881.3
2881.3
2881.3
2881.3
2881.4
2881.4
2881.4
2881.4
2881.4
2881.5
2881.5
2881.5
2881.6
2881.6
2881.6
2881.6
2881.6
2881.7
2881.8
2881.9
2881.9
2881.9
2881.9
2882.1
2882.1
2882.1
2882.2
2882.3
2882.4
2882.5
2882.5
2882.5
2882.5
2882.6
2882.6
2882.7
2882.7
2882.8
2882.8
2882.8
2882.8
2882.9
2883.1
2883.1
2883.2
2883.3
2883.3
2883.4
2883.5
2883.5
2883.8
2883.8
2883.9
2883.9
2884.0
2884.1
2884.2
2884.3
2884.4
2884.4
2884.5
2884.6
2884.7
2884.7
2884.7
2884.8
2884.8
2884.9
2884.9
2885.0
2885.0
2885.0
2885.2
2885.3
2885.3
2885.3
2885.4
2885.4
2885.5
2885.5
2885.6
2885.6
2885.6
2885.7
2885.7
2885.7
2885.7
2885.9
2885.9
2886.0
2886.0
2886.0
2886.1
2886.1
2886.1
2886.1
2886.2
2886.2
2886.3
2886.4
2886.4
2886.4
2886.5
2886.5
2886.6
2886.6
2886.6
2886.6
2886.7
2886.7
2886.8
2886.8
2886.9
2886.9
2887.0
2887.0
2887.0
2887.0
2887.1
2887.1
2887.1
2887.1
2887.1
2887.3
2887.3
2887.3
2887.6
2887.8
2887.8
2887.9
2887.9
2888.0
2888.0
2888.1
2888.1
2888.1
2888.3
2888.4
2888.5
2888.5
2888.6
2888.7
2888.7
2888.8
2889.0
2889.1
2889.3
2889.3
2889.4
2889.5
2889.5
2889.6
2889.6
2889.7
2889.8
2889.9
2889.9
2890.0
2890.0
2890.0
2890.0
2890.1
2890.2
2890.3
2890.5
2890.5
2890.5
2890.5
2890.6
2890.6
2890.6
2890.7
2890.7
2890.7
2890.8
2890.8
2890.8
2890.8
2890.8
2891.0
2891.1
2891.1
2891.1
2891.1
2891.1
2891.2
2891.2
2891.2
2891.2
2891.2
2891.3
2891.3
2891.3
2891.3
2891.3
2891.3
2891.3
2891.4
2891.4
2891.5
2891.5
2891.6
2891.6
2891.7
2891.7
2891.8
2891.8
2891.8
2891.9
2891.9
2891.9
2891.9
2892.0
2892.0
2892.1
2892.1
2892.2
2892.2
2892.3
2892.3
2892.3
2892.3
2892.3
2892.5
2892.6
2892.6
2892.7
2892.9
2892.9
2893.1
2893.2
2893.2
2893.2
2893.2
2893.4
2893.4
2893.4
2893.5
2893.5
2893.6
2893.6
2893.8
2893.8
2893.8
2893.9
2893.9
2894.0
2894.1
2894.1
2894.2
2894.2
2894.3
2894.3
2894.4
2894.5
2894.6
2894.6
2894.6
2894.6
2894.7
2894.7
2894.8
2894.9
2894.9
2894.9
2895.0
2895.0
2895.0
2895.1
2895.1
2895.1
2895.2
2895.3
2895.3
2895.3
2895.3
2895.3
2895.4
2895.4
2895.4
2895.4
2895.4
2895.5
2895.5
2895.6
2895.6
2895.6
2895.7
2895.7
2895.7
2895.8
2895.8
2895.8
2895.8
2895.8
2895.9
2896.0
2896.0
2896.0
2896.0
2896.1
2896.2
2896.2
2896.2
2896.5
2896.5
2896.5
2896.5
2896.6
2896.6
2896.6
2896.6
2896.7
2896.8
2896.8
2896.9
2897.0
2897.2
2897.2
2897.2
2897.2
2897.3
2897.4
2897.4
2897.5
2897.5
2897.6
2897.6
2897.6
2897.7
2898.1
2898.1
2898.1
2898.1
2898.2
2898.2
2898.2
2898.4
2898.5
2898.5
2898.5
2898.7
2898.7
2898.7
2898.7
2898.8
2898.8
2898.9
2899.0
2899.0
2899.2
2899.3
2899.4
2899.5
2899.5
2899.6
2899.6
2899.7
2900.0
2900.1
2900.2
2900.5
2900.5
2900.6
2900.6
2900.7
2900.7
2900.7
2900.7
2900.8
2900.8
2900.8
2900.9
2900.9
2900.9
2901.0
2901.1
2901.1
2901.3
2901.5
2901.5
2901.6
2901.6
2901.7
2901.8
2901.8
2901.9
2901.9
2901.9
2901.9
2901.9
2902.0
2902.0
2902.0
2902.0
2902.3
2902.3
2902.6
2902.7
2902.7
2902.8
2902.8
2902.8
2902.9
2902.9
2902.9
2902.9
2903.0
2903.0
2903.1
2903.2
2903.3
2903.3
2903.3
2903.4
2903.5
2903.6
2903.7
2903.7
2903.8
2903.9
2903.9
2904.0
2904.0
2904.2
2904.3
2904.4
2904.4
2904.5
2904.5
2904.7
2904.8
2904.8
2905.0
2905.0
2905.1
2905.1
2905.1
2905.3
2905.3
2905.4
2905.6
2905.6
2905.7
2905.7
2906.1
2906.2
2906.3
2906.3
2906.4
2906.6
2906.6
2906.7
2907.3
2907.8
2907.9
2907.9
2907.9
2907.9
2908.1
2908.3
2908.4
2908.7
2908.8
2909.0
2909.4
2909.4
2909.5
2909.5
2909.7
2909.7
2909.8
2910.0
2910.1
2910.1
2910.1
2910.2
2910.7
2910.8
2911.1
2911.2
2911.2
2911.3
2911.4
2911.5
2911.5
2911.6
2911.7
2911.7
2912.0
2912.0
2912.0
2912.2
2912.2
2912.2
2912.3
2912.3
2912.4
2912.4
2912.5
2912.5
2912.5
2912.6
2913.0
2913.4
2913.4
2913.5
2913.5
2913.6
2913.6
2913.7
2913.7
2913.8
2913.8
2913.9
2913.9
2914.0
2914.0
2914.1
2914.2
2914.4
2914.6
2914.6
2914.8
2915.0
2915.0
2915.1
2915.2
2915.2
2915.3
2915.3
2915.3
2915.4
2915.5
2915.6
2915.6
2915.8
2916.0
2916.2
2916.2
2916.2
2916.3
2916.3
2916.4
2916.5
2916.7
2916.8
2916.8
2916.9
2916.9
2916.9
2917.0
2917.0
2917.0
2917.4
2917.4
2917.6
2918.0
2918.0
2918.0
2918.3
2918.3
2918.3
2918.4
2918.7
2918.7
2918.8
2919.1
2919.2
2919.3
2919.5
2919.5
2919.6
2919.6
2920.0
2920.1
2920.3
2920.3
2920.5
2920.5
2920.5
2920.6
2920.6
2920.8
2920.9
2921.2
2921.2
2921.3
2921.4
2921.7
2921.8
2921.8
2921.9
2922.3
2922.4
2922.5
2922.6
2922.8
2922.8
2923.1
2923.4
2923.4
2923.5
2923.8
2924.1
2924.3
2925.0
2925.1
2925.1
2925.1
2925.1
2925.2
2925.2
2925.6
2925.6
2925.8
2926.1
2926.3
2926.4
2926.8
2926.9
2927.2
2927.8
2928.3
2928.6
2928.6
2928.6
2929.0
2929.7
2930.2
2930.8
2930.8
2931.0
2931.2
2931.8
2932.0
2932.6
2932.7
2932.7
2934.3
2934.9
2935.0
2935.1
2935.2
2935.3
2935.6
2936.9
2937.1
2937.8
2939.0
2939.5
2945.4
2948.5
2954.1
2955.7
