78
49
50
51
52
53
55
62
64
66
67
68
69
70
71
72
73
74
75
76
77
79
80
82
83
84
85
86
87
41
42
43
44
45
46
47
48
54
56
57
58
59
60
61
63
65
81
88
13
16
18
30
35
37
38
39
40
7
9
10
11
12
14
15
17
19
20
21
22
23
24
25
27
28
29
31
32
33
34
36
89
90
4
5
6
8
26
3
91
92
93
2
94
95
0
1
96
97
98
99
78
79
80
84
72
85
71
82
69
83
70
77
50
74
75
76
86
49
51
53
68
52
73
81
48
87
47
62
64
67
44
55
54
61
65
66
41
43
42
45
46
60
57
59
58
63
56
88
16
35
39
37
21
13
18
38
12
22
30
40
28
29
9
11
14
25
89
17
19
7
20
23
27
10
34
15
90
32
36
24
31
8
33
26
6
4
5
3
91
92
78
49
51
52
53
55
59
62
64
66
67
68
69
70
71
72
73
74
75
76
77
79
80
82
83
84
85
86
87
41
42
43
44
45
46
47
48
50
54
56
57
58
60
61
63
65
81
88
13
16
30
35
37
38
39
40
7
9
10
11
12
14
17
18
19
20
21
22
23
24
25
27
28
29
31
32
34
36
89
90
4
5
6
8
15
26
33
3
91
92
93
2
94
95
0
1
96
97
98
99
78
79
84
80
72
85
82
69
71
83
70
77
50
74
75
76
86
49
51
53
68
52
73
81
48
87
47
62
64
67
44
55
65
54
61
66
41
43
42
45
46
60
57
59
58
63
56
88
16
39
35
37
18
21
13
38
12
22
30
40
28
29
9
11
14
25
89
7
17
19
20
23
27
10
34
15
90
32
36
8
24
31
33
26
6
4
5
3
91
92
49
50
51
52
53
62
67
68
69
70
71
72
73
74
75
76
77
78
79
80
82
83
84
85
86
41
42
43
44
45
46
47
48
54
55
56
57
58
59
60
61
63
64
65
66
81
87
88
12
13
16
18
21
22
28
29
30
35
37
38
39
40
4
6
7
8
9
10
11
14
15
17
19
20
23
24
25
26
27
31
32
33
34
36
89
90
5
3
91
92
2
93
94
95
0
1
96
97
98
99
78
79
80
84
85
72
71
82
69
83
50
70
74
77
53
75
76
86
49
51
68
48
52
73
81
47
87
44
62
64
55
61
65
67
41
54
43
66
42
45
46
60
57
59
58
63
56
88
16
35
39
37
21
18
13
38
12
22
30
40
29
28
14
9
11
25
89
17
19
7
20
23
27
34
10
15
90
32
36
24
31
8
33
26
6
4
5
3
91
92
69
71
72
77
78
79
80
84
41
42
43
44
47
48
49
50
51
52
53
54
55
57
58
59
60
61
62
63
64
65
66
67
68
70
73
74
75
76
81
82
83
85
86
87
45
46
56
88
93
2
12
13
16
18
21
22
28
29
30
35
37
38
39
40
89
4
7
8
9
10
11
14
15
17
19
20
23
24
25
26
27
31
32
33
34
36
90
5
6
3
91
94
92
95
0
1
96
97
98
99
78
79
84
80
72
85
71
82
69
83
70
74
75
77
50
76
86
49
53
68
51
52
73
81
48
62
87
47
64
67
44
55
61
65
66
54
41
43
60
42
45
46
57
59
58
63
56
88
39
35
37
16
38
21
18
13
30
40
89
12
22
29
28
90
9
14
25
34
11
20
27
17
19
23
36
7
31
32
10
15
24
33
26
8
93
6
4
91
5
92
3
94
2
95
78
44
47
48
49
50
51
52
53
54
55
61
62
64
65
67
68
69
70
71
72
73
74
75
76
77
79
80
81
82
83
84
85
86
87
39
41
42
43
45
46
56
57
58
59
60
63
66
88
7
9
11
12
13
14
16
17
18
19
20
21
22
23
25
27
28
29
30
34
35
37
38
40
89
4
5
6
8
10
15
24
26
31
32
33
36
90
3
91
92
2
93
94
95
1
0
96
97
98
99
78
79
80
84
85
72
71
82
69
83
50
70
74
77
49
51
53
75
76
86
52
68
81
48
73
47
62
87
44
64
67
55
61
65
41
54
66
43
42
45
46
57
60
59
58
63
56
88
39
16
35
37
21
18
13
38
12
22
30
40
28
29
89
14
9
11
25
17
19
20
23
27
90
7
34
10
15
36
31
32
24
8
33
26
6
4
5
91
92
3
93
94
95
62
64
65
71
51
53
58
61
67
69
70
75
78
47
49
50
52
54
55
57
59
60
63
66
68
72
73
74
76
77
79
80
82
84
41
42
43
44
45
46
48
56
81
83
85
86
87
35
37
38
39
88
13
16
29
30
40
7
9
10
11
12
14
15
17
18
19
20
21
22
23
24
25
26
27
28
31
32
33
34
36
89
90
4
5
6
8
91
2
3
92
93
94
96
95
0
1
97
98
99
62
65
69
71
64
51
58
61
67
78
70
72
74
75
53
47
54
57
59
76
79
80
49
50
66
68
73
77
82
84
48
52
55
56
60
63
83
85
41
44
46
86
42
81
43
45
87
37
39
35
38
88
40
34
29
36
89
90
30
31
28
33
32
25
26
27
22
24
20
21
18
13
23
16
19
17
9
12
91
11
14
15
7
10
92
8
93
5
6
4
94
3
95
2
96
97
49
50
53
69
70
71
72
74
75
76
77
78
79
80
82
83
84
85
86
41
42
43
44
45
46
47
48
51
52
54
55
57
58
59
60
61
62
63
64
65
66
67
68
73
81
87
12
13
16
18
21
22
28
29
30
35
37
38
39
40
56
88
4
6
7
8
9
10
11
14
15
17
19
20
23
24
25
26
27
31
32
33
34
36
89
90
5
3
91
92
2
93
94
95
0
1
96
97
98
99
62
64
65
69
71
51
58
61
67
74
53
59
70
72
75
78
47
50
54
56
57
66
76
49
55
60
63
73
77
80
48
52
68
79
82
46
84
41
42
44
83
85
45
86
43
81
87
37
38
39
35
88
40
34
36
29
89
90
30
31
32
33
25
26
28
27
24
21
22
20
18
23
13
16
19
91
17
9
12
15
11
14
92
7
10
8
93
5
6
4
94
3
95
2
96
69
71
72
78
79
80
82
83
84
85
41
42
43
44
45
46
47
48
49
50
51
52
53
54
55
57
58
59
60
61
62
63
64
65
66
67
68
70
73
74
75
76
77
81
86
87
12
13
16
18
21
22
30
35
37
38
39
40
56
88
6
7
8
9
10
11
14
15
17
19
20
23
24
25
26
27
28
29
31
32
33
34
36
89
90
4
5
3
91
92
2
93
94
95
0
1
96
97
98
99
62
64
65
69
71
51
58
61
67
53
59
70
72
74
75
78
47
50
54
56
57
66
76
49
55
60
63
73
80
48
52
68
77
79
82
46
84
41
42
44
85
45
83
43
81
86
37
87
38
39
35
88
40
34
36
29
89
90
30
31
32
33
25
28
26
27
24
21
22
20
18
23
13
16
19
91
17
9
12
15
11
14
92
7
10
8
93
5
6
4
94
3
95
2
96
71
72
78
79
80
82
84
85
41
42
43
44
45
46
47
48
49
50
51
52
53
54
55
57
58
59
60
61
62
64
65
66
67
68
69
70
73
74
75
76
77
81
83
86
87
12
13
16
18
21
35
37
38
39
56
63
88
7
8
9
10
11
14
15
17
19
20
22
23
24
25
26
27
28
29
30
31
32
33
34
36
40
89
90
4
5
6
3
91
92
2
93
94
95
0
1
96
97
98
99
62
64
65
69
71
51
58
61
67
53
59
70
72
74
75
78
50
54
56
57
47
49
60
63
66
73
76
80
48
52
55
68
77
79
82
84
41
42
44
46
85
83
43
45
81
86
37
87
38
39
35
88
40
34
36
29
89
90
30
31
33
32
28
25
26
27
22
24
21
20
18
23
13
16
19
91
17
9
11
12
14
15
92
7
10
8
93
5
6
4
94
3
95
2
96
71
72
78
79
80
82
84
85
41
42
43
44
45
46
47
48
49
50
51
52
53
54
55
57
58
59
60
61
62
64
65
66
67
68
69
70
73
74
75
76
77
81
83
86
87
12
13
16
18
21
35
37
38
39
56
63
88
7
8
9
10
11
14
15
17
19
20
22
23
24
25
26
27
28
29
30
31
32
33
34
36
40
89
90
4
5
6
3
91
92
2
93
94
95
0
1
96
97
98
99
62
65
69
71
51
58
61
64
67
53
59
70
72
74
75
78
54
57
47
49
50
56
60
66
73
76
80
48
52
55
63
68
77
79
82
84
41
42
46
85
44
83
43
45
81
86
37
87
38
39
35
88
40
34
36
29
89
90
30
31
33
32
28
25
26
27
22
24
21
20
18
23
13
16
19
91
17
9
11
12
14
15
92
7
10
8
93
5
6
4
94
3
95
2
96
71
72
78
79
80
82
84
85
41
42
43
44
45
46
47
48
49
50
51
52
53
54
55
57
58
59
60
61
62
64
65
66
67
68
69
70
73
74
75
76
77
81
83
86
87
12
13
16
18
21
35
37
38
39
56
63
88
7
8
9
10
11
14
15
17
19
20
22
23
24
25
26
27
28
29
30
31
32
33
34
36
40
89
90
4
5
6
3
91
92
2
93
94
95
0
1
96
97
98
99
62
65
69
71
51
58
61
64
67
53
59
70
72
74
75
78
54
57
47
49
50
56
60
66
73
76
80
52
55
63
68
77
79
82
48
84
41
42
46
85
44
83
43
45
81
86
37
87
38
39
35
88
40
34
36
29
89
90
30
31
33
32
28
25
26
27
22
24
21
20
18
23
13
16
19
91
17
9
11
12
14
15
92
7
10
8
93
5
6
4
94
3
95
2
96
71
72
78
79
80
82
84
85
41
42
43
44
45
46
47
48
49
50
51
52
53
54
55
57
58
59
60
61
62
64
65
66
67
68
69
70
73
74
75
76
77
81
83
86
87
12
13
16
18
21
35
37
38
39
56
63
88
7
8
9
10
11
14
15
17
19
20
22
23
24
25
26
27
28
29
30
31
32
33
34
36
40
89
90
4
5
6
3
91
92
2
93
94
95
0
1
96
97
98
99
62
65
69
71
51
58
61
64
67
53
59
70
72
74
75
78
54
57
47
49
50
56
60
66
73
76
80
52
55
63
68
77
79
82
48
84
41
42
46
85
44
83
43
45
81
86
37
87
38
39
35
88
40
34
36
29
89
90
30
31
33
32
28
25
26
27
22
24
21
20
18
23
13
16
19
91
17
9
11
12
14
15
92
7
10
8
93
5
6
4
94
3
95
2
96
71
72
78
79
80
82
84
85
41
42
43
44
45
46
47
48
49
50
51
52
53
54
55
57
58
59
60
61
62
64
65
66
67
68
69
70
73
74
75
76
77
81
83
86
87
12
13
16
18
21
35
37
38
39
56
63
88
7
8
9
10
11
14
15
17
19
20
22
23
24
25
26
27
28
29
30
31
32
33
34
36
40
89
90
4
5
6
3
91
92
2
93
94
95
0
1
96
97
98
99
62
65
69
71
51
58
61
64
67
53
59
70
72
74
75
78
54
57
47
49
50
56
60
66
73
76
80
52
55
63
68
77
79
82
48
84
41
42
46
85
44
83
43
45
81
86
37
87
38
39
35
88
40
34
36
29
89
90
30
31
33
32
28
25
26
27
22
24
21
20
18
23
13
16
19
91
17
9
11
12
14
15
92
7
10
8
93
5
6
4
94
3
95
2
96
71
72
78
79
80
82
84
85
41
42
43
44
45
46
47
48
49
50
51
52
53
54
55
57
58
59
60
61
62
64
65
66
67
68
69
70
73
74
75
76
77
81
83
86
87
12
13
16
18
21
35
37
38
39
56
63
88
7
8
9
10
11
14
15
17
19
20
22
23
24
25
26
27
28
29
30
31
32
33
34
36
40
89
90
4
5
6
3
91
92
2
93
94
95
0
1
96
97
98
99
62
65
69
71
51
58
61
64
67
53
59
70
72
74
75
78
54
57
47
49
50
56
60
66
73
76
80
52
55
63
68
77
79
82
48
84
41
42
46
85
44
83
45
81
86
43
37
87
38
39
35
88
40
34
36
29
89
90
30
31
33
32
28
25
26
27
22
24
21
20
18
23
13
16
19
91
17
9
11
12
14
15
92
7
10
8
93
5
6
4
94
3
95
2
96
71
72
78
79
80
82
84
85
41
42
43
44
45
46
47
48
49
50
51
52
53
54
55
57
58
59
60
61
62
64
65
66
67
68
69
70
73
74
75
76
77
81
83
86
87
12
13
16
18
21
35
37
38
39
56
63
88
7
8
9
10
11
14
15
17
19
20
22
23
24
25
26
27
28
29
30
31
32
33
34
36
40
89
90
4
5
6
3
91
92
2
93
94
95
0
1
96
97
98
99
62
65
69
71
51
58
61
64
67
53
59
70
72
74
75
78
54
57
47
49
50
56
60
66
73
76
80
52
55
63
68
77
79
82
48
84
41
42
46
85
44
83
45
81
86
43
37
87
38
39
35
88
40
34
36
29
89
90
30
31
33
32
28
25
26
27
22
24
21
20
18
23
13
16
19
91
17
9
11
12
14
15
92
7
10
8
93
5
6
4
94
3
95
2
96
71
72
78
79
80
82
84
85
41
42
43
44
45
46
47
48
49
50
51
52
53
54
55
57
58
59
60
61
62
64
65
66
67
68
69
70
73
74
75
76
77
81
83
86
87
12
13
16
18
21
35
37
38
39
56
63
88
7
8
9
10
11
14
15
17
19
20
22
23
24
25
26
27
28
29
30
31
32
33
34
36
40
89
90
4
5
6
3
91
92
2
93
94
95
0
1
96
97
98
99
62
65
69
71
51
58
61
64
67
53
59
70
72
74
75
78
54
57
47
49
50
56
60
66
73
76
80
52
55
63
68
77
79
82
48
84
41
42
46
85
44
83
45
81
86
43
37
87
38
39
35
88
40
34
36
29
89
90
30
31
33
32
28
25
26
27
22
24
21
20
18
23
13
16
19
91
17
9
11
12
14
15
92
7
10
8
93
5
6
4
94
3
95
2
96
71
72
78
79
80
82
84
85
41
42
43
44
45
46
47
48
49
50
51
52
53
54
55
57
58
59
60
61
62
64
65
66
67
68
69
70
73
74
75
76
77
81
83
86
87
12
13
16
18
21
35
37
38
39
56
63
88
7
8
9
10
11
14
15
17
19
20
22
23
24
25
26
27
28
29
30
31
32
33
34
36
40
89
90
4
5
6
3
91
92
2
93
94
95
0
1
96
97
98
99
62
65
69
71
51
58
61
64
67
53
59
70
72
74
75
78
54
57
47
49
50
56
60
66
73
76
80
52
55
63
68
77
79
82
48
84
41
42
46
85
44
83
45
81
86
43
37
87
38
39
35
88
40
34
36
29
89
90
30
31
33
32
28
25
26
27
22
24
21
20
18
23
13
16
19
91
17
9
11
12
14
15
92
7
10
8
93
5
6
4
94
3
95
2
96
71
72
78
79
80
82
84
85
41
42
43
44
45
46
47
48
49
50
51
52
53
54
55
57
58
59
60
61
62
64
65
66
67
68
69
70
73
74
75
76
77
81
83
86
87
12
13
16
18
21
35
37
38
39
56
63
88
7
8
9
10
11
14
15
17
19
20
22
23
24
25
26
27
28
29
30
31
32
33
34
36
40
89
90
4
5
6
3
91
92
2
93
94
95
0
1
96
97
98
99
62
65
69
71
51
58
61
64
67
53
59
70
72
74
75
78
54
57
47
49
50
56
60
66
73
76
80
52
55
63
68
77
79
82
48
84
41
42
46
85
44
83
45
81
86
43
37
87
38
39
35
88
40
34
36
29
89
90
30
31
33
32
28
25
26
27
22
24
21
20
18
23
13
16
19
91
17
9
11
12
14
15
92
7
10
8
93
5
6
4
94
3
95
2
96
