27.0
28.0
29.6
29.8
29.9
30.0
30.0
30.0
30.1
30.1
30.4
30.6
30.6
30.6
30.7
30.7
30.7
30.7
30.8
30.8
30.9
30.9
31.0
31.0
31.1
31.1
31.2
31.2
31.2
31.3
31.3
31.3
31.4
31.5
31.5
31.5
31.5
31.5
31.5
31.6
31.6
31.6
31.6
31.7
31.7
31.7
31.8
31.8
31.8
31.8
31.8
31.9
31.9
31.9
31.9
31.9
31.9
31.9
31.9
32.0
32.1
32.1
32.1
32.1
32.1
32.1
32.1
32.1
32.1
32.2
32.2
32.2
32.2
32.3
32.3
32.3
32.3
32.3
32.4
32.4
32.5
32.5
32.5
32.5
32.5
32.5
32.6
32.6
32.6
32.6
32.6
32.6
32.6
32.6
32.6
32.7
32.7
32.7
32.7
32.7
32.7
32.7
32.7
32.7
32.7
32.8
32.8
32.8
32.8
32.8
32.8
32.8
32.8
32.8
32.8
32.8
32.8
32.9
32.9
32.9
32.9
32.9
32.9
32.9
32.9
32.9
32.9
32.9
32.9
32.9
33.0
33.0
33.0
33.0
33.0
33.0
33.0
33.0
33.0
33.0
33.1
33.1
33.1
33.1
33.1
33.1
33.1
33.1
33.1
33.1
33.1
33.1
33.1
33.1
33.1
33.2
33.2
33.2
33.2
33.2
33.2
33.2
33.2
33.3
33.3
33.3
33.3
33.3
33.3
33.3
33.3
33.3
33.3
33.3
33.3
33.3
33.3
33.4
33.4
33.4
33.4
33.4
33.4
33.4
33.4
33.4
33.4
33.4
33.4
33.4
33.4
33.5
33.5
33.5
33.5
33.5
33.5
33.5
33.5
33.5
33.6
33.6
33.6
33.6
33.6
33.6
33.6
33.6
33.6
33.6
33.6
33.6
33.7
33.7
33.7
33.7
33.7
33.7
33.7
33.7
33.7
33.7
33.7
33.8
33.8
33.8
33.8
33.8
33.8
33.8
33.8
33.8
33.8
33.8
33.8
33.8
33.8
33.8
33.9
33.9
33.9
33.9
33.9
33.9
33.9
33.9
33.9
33.9
33.9
33.9
33.9
33.9
33.9
33.9
33.9
33.9
33.9
33.9
33.9
34.0
34.0
34.0
34.0
34.0
34.0
34.0
34.0
34.0
34.0
34.0
34.0
34.0
34.0
34.0
34.0
34.0
34.0
34.0
34.1
34.1
34.1
34.1
34.1
34.1
34.1
34.1
34.1
34.1
34.1
34.1
34.1
34.1
34.1
34.1
34.1
34.2
34.2
34.2
34.2
34.2
34.2
34.2
34.2
34.2
34.2
34.2
34.2
34.2
34.2
34.2
34.3
34.3
34.3
34.3
34.3
34.3
34.3
34.3
34.3
34.3
34.3
34.3
34.3
34.3
34.3
34.3
34.3
34.3
34.4
34.4
34.4
34.4
34.4
34.4
34.4
34.4
34.4
34.4
34.4
34.4
34.4
34.4
34.4
34.4
34.4
34.4
34.4
34.4
34.4
34.5
34.5
34.5
34.5
34.5
34.5
34.5
34.5
34.5
34.5
34.5
34.5
34.5
34.5
34.5
34.5
34.5
34.5
34.6
34.6
34.6
34.6
34.6
34.6
34.6
34.6
34.6
34.6
34.6
34.6
34.6
34.6
34.6
34.6
34.6
34.6
34.6
34.6
34.6
34.6
34.6
34.6
34.6
34.7
34.7
34.7
34.7
34.7
34.7
34.7
34.7
34.7
34.7
34.7
34.7
34.7
34.7
34.7
34.7
34.7
34.8
34.8
34.8
34.8
34.8
34.8
34.8
34.8
34.8
34.8
34.8
34.8
34.8
34.8
34.8
34.8
34.8
34.8
34.9
34.9
34.9
34.9
34.9
34.9
34.9
34.9
34.9
34.9
34.9
34.9
34.9
34.9
34.9
34.9
34.9
34.9
34.9
34.9
34.9
34.9
34.9
34.9
35.0
35.0
35.0
35.0
35.0
35.0
35.0
35.0
35.0
35.0
35.0
35.0
35.0
35.0
35.0
35.0
35.0
35.1
35.1
35.1
35.1
35.1
35.1
35.1
35.1
35.1
35.1
35.1
35.1
35.1
35.1
35.1
35.1
35.1
35.1
35.1
35.1
35.1
35.1
35.2
35.2
35.2
35.2
35.2
35.2
35.2
35.2
35.2
35.2
35.2
35.2
35.3
35.3
35.3
35.3
35.3
35.3
35.3
35.3
35.3
35.3
35.3
35.3
35.3
35.3
35.3
35.3
35.3
35.3
35.3
35.3
35.3
35.3
35.4
35.4
35.4
35.4
35.4
35.4
35.4
35.4
35.4
35.4
35.4
35.4
35.4
35.4
35.4
35.4
35.5
35.5
35.5
35.5
35.5
35.5
35.5
35.5
35.5
35.5
35.5
35.5
35.5
35.5
35.5
35.5
35.5
35.5
35.5
35.5
35.5
35.5
35.5
35.5
35.5
35.5
35.5
35.6
35.6
35.6
35.6
35.6
35.6
35.6
35.6
35.6
35.6
35.6
35.6
35.6
35.6
35.6
35.6
35.6
35.6
35.7
35.7
35.7
35.7
35.7
35.7
35.7
35.7
35.7
35.7
35.7
35.7
35.7
35.7
35.7
35.7
35.7
35.8
35.8
35.8
35.8
35.8
35.8
35.8
35.8
35.8
35.8
35.8
35.8
35.8
35.8
35.8
35.8
35.8
35.8
35.9
35.9
35.9
35.9
35.9
35.9
35.9
35.9
35.9
35.9
35.9
35.9
35.9
35.9
35.9
35.9
35.9
35.9
36.0
36.0
36.0
36.0
36.0
36.0
36.0
36.0
36.0
36.0
36.0
36.0
36.0
36.0
36.0
36.0
36.0
36.0
36.0
36.0
36.1
36.1
36.1
36.1
36.1
36.1
36.1
36.1
36.1
36.1
36.1
36.2
36.2
36.2
36.2
36.2
36.2
36.2
36.2
36.2
36.2
36.2
36.2
36.2
36.2
36.3
36.3
36.3
36.3
36.3
36.3
36.3
36.3
36.3
36.3
36.3
36.3
36.3
36.3
36.3
36.3
36.3
36.3
36.3
36.3
36.3
36.4
36.4
36.4
36.4
36.4
36.4
36.4
36.4
36.4
36.4
36.4
36.4
36.4
36.5
36.5
36.5
36.5
36.5
36.5
36.5
36.5
36.5
36.6
36.6
36.6
36.6
36.6
36.6
36.6
36.6
36.6
36.6
36.6
36.6
36.6
36.6
36.6
36.7
36.7
36.7
36.7
36.7
36.7
36.7
36.7
36.7
36.7
36.8
36.8
36.8
36.8
36.8
36.8
36.8
36.8
36.8
36.8
36.8
36.9
36.9
36.9
36.9
36.9
36.9
36.9
36.9
37.0
37.0
37.0
37.1
37.1
37.1
37.1
37.1
37.1
37.1
37.1
37.2
37.2
37.2
37.2
37.2
37.2
37.2
37.2
37.3
37.3
37.3
37.3
37.3
37.3
37.3
37.3
37.3
37.3
37.3
37.4
37.4
37.4
37.4
37.4
37.4
37.5
37.5
37.5
37.6
37.6
37.6
37.7
37.7
37.7
37.7
37.7
37.7
37.7
37.7
37.8
37.8
37.8
37.8
37.8
37.8
37.8
37.9
37.9
37.9
37.9
37.9
37.9
37.9
37.9
37.9
38.0
38.0
38.1
38.1
38.2
38.2
38.3
38.4
38.4
38.5
38.5
38.5
38.5
38.5
38.5
38.5
38.6
38.7
38.7
38.7
38.7
38.7
38.8
38.8
38.9
38.9
39.1
39.1
39.1
39.1
39.2
39.2
39.3
39.3
39.3
39.4
39.4
39.4
39.4
39.4
39.5
39.5
39.6
39.6
39.6
39.6
39.7
39.7
39.8
39.8
39.9
39.9
40.0
40.0
40.0
40.1
40.1
40.2
40.2
40.3
40.4
40.5
40.6
40.7
40.8
40.9
40.9
41.0
41.0
41.0
41.1
41.2
41.4
41.4
41.5
41.5
41.6
41.7
41.8
41.9
41.9
41.9
41.9
41.9
42.2
42.3
42.3
42.3
42.4
42.6
42.6
43.1
43.2
43.2
43.2
43.3
43.3
43.3
43.3
43.5
43.6
43.6
43.6
43.7
43.7
43.8
43.9
43.9
44.0
44.0
44.0
44.1
44.1
44.2
44.2
44.2
44.3
44.4
44.4
44.4
44.5
44.5
44.8
44.8
44.8
44.9
45.0
45.1
45.1
45.2
45.3
45.3
45.4
45.4
45.5
45.5
45.6
45.6
45.6
45.6
45.6
45.7
45.7
45.8
45.8
45.9
46.1
46.1
46.1
46.1
46.1
46.1
46.2
46.3
46.3
46.3
46.3
46.3
46.4
46.4
46.4
46.4
46.4
46.4
46.5
46.5
46.5
46.5
46.5
46.6
46.6
46.6
46.7
46.7
46.7
46.7
46.8
46.8
46.8
46.8
46.9
46.9
46.9
46.9
46.9
46.9
46.9
47.0
47.0
47.0
47.0
47.0
47.0
47.0
47.0
47.1
47.1
47.1
47.1
47.1
47.1
47.2
47.2
47.2
47.2
47.3
47.3
47.3
47.4
47.4
47.5
47.5
47.5
47.5
47.5
47.5
47.6
47.6
47.6
47.6
47.6
47.6
47.6
47.6
47.6
47.6
47.6
47.7
47.7
47.7
47.7
47.7
47.7
47.7
47.8
47.8
47.8
47.8
47.8
47.8
47.9
47.9
47.9
47.9
47.9
47.9
47.9
47.9
47.9
47.9
48.0
48.0
48.0
48.0
48.0
48.0
48.0
48.0
48.0
48.0
48.0
48.0
48.0
48.1
48.1
48.1
48.1
48.1
48.1
48.1
48.1
48.1
48.1
48.1
48.2
48.2
48.2
48.2
48.2
48.2
48.2
48.2
48.2
48.2
48.3
48.3
48.3
48.3
48.3
48.3
48.3
48.3
48.3
48.4
48.4
48.4
48.4
48.4
48.5
48.5
48.5
48.5
48.5
48.5
48.5
48.5
48.5
48.5
48.5
48.5
48.5
48.6
48.6
48.6
48.6
48.6
48.6
48.6
48.7
48.7
48.7
48.7
48.7
48.7
48.7
48.8
48.8
48.8
48.8
48.8
48.8
48.8
48.8
48.8
48.8
48.9
48.9
48.9
48.9
48.9
48.9
48.9
48.9
48.9
49.0
49.0
49.0
49.0
49.0
49.0
49.1
49.1
49.1
49.1
49.1
49.1
49.1
49.1
49.1
49.1
49.2
49.2
49.2
49.2
49.2
49.2
49.2
49.2
49.2
49.2
49.2
49.3
49.3
49.3
49.3
49.3
49.3
49.3
49.3
49.3
49.4
49.4
49.4
49.4
49.4
49.4
49.4
49.4
49.4
49.4
49.4
49.5
49.5
49.5
49.5
49.5
49.5
49.5
49.5
49.5
49.5
49.5
49.5
49.5
49.5
49.5
49.5
49.6
49.6
49.6
49.6
49.6
49.6
49.6
49.6
49.6
49.6
49.6
49.6
49.7
49.7
49.7
49.7
49.7
49.7
49.7
49.7
49.8
49.8
49.8
49.8
49.8
49.8
49.8
49.8
49.8
49.8
49.8
49.8
49.8
49.9
49.9
49.9
49.9
49.9
49.9
49.9
49.9
49.9
49.9
50.0
50.0
50.0
50.0
50.0
50.0
50.0
50.0
50.0
50.0
50.0
50.1
50.1
50.1
50.1
50.1
50.1
50.1
50.1
50.1
50.1
50.1
50.1
50.2
50.2
50.2
50.2
50.2
50.2
50.2
50.2
50.3
50.3
50.3
50.3
50.3
50.3
50.3
50.3
50.3
50.3
50.3
50.3
50.4
50.4
50.4
50.4
50.4
50.4
50.4
50.4
50.4
50.4
50.4
50.4
50.4
50.4
50.4
50.4
50.4
50.5
50.5
50.5
50.5
50.5
50.5
50.5
50.5
50.5
50.5
50.5
50.5
50.5
50.5
50.5
50.5
50.5
50.5
50.5
50.5
50.5
50.6
50.6
50.6
50.6
50.6
50.6
50.6
50.6
50.6
50.6
50.6
50.6
50.6
50.6
50.6
50.6
50.6
50.6
50.7
50.7
50.7
50.7
50.7
50.7
50.7
50.7
50.7
50.7
50.7
50.8
50.8
50.8
50.8
50.8
50.8
50.8
50.8
50.8
50.8
50.9
50.9
50.9
50.9
50.9
50.9
50.9
50.9
50.9
50.9
51.0
51.0
51.0
51.0
51.0
51.0
51.0
51.0
51.0
51.0
51.0
51.0
51.0
51.0
51.0
51.0
51.0
51.0
51.0
51.0
51.1
51.1
51.1
51.1
51.1
51.1
51.1
51.1
51.1
51.1
51.1
51.1
51.1
51.1
51.1
51.1
51.1
51.1
51.1
51.1
51.2
51.2
51.2
51.2
51.2
51.2
51.2
51.2
51.2
51.2
51.2
51.2
51.2
51.3
51.3
51.3
51.4
51.4
51.4
51.4
51.4
51.4
51.4
51.4
51.4
51.4
51.5
51.5
51.5
51.5
51.5
51.5
51.5
51.5
51.5
51.5
51.5
51.6
51.6
51.6
51.6
51.6
51.6
51.6
51.6
51.6
51.6
51.6
51.6
51.6
51.6
51.6
51.6
51.6
51.6
51.6
51.6
51.7
51.7
51.7
51.7
51.7
51.7
51.7
51.7
51.7
51.7
51.7
51.8
51.8
51.8
51.8
51.9
51.9
51.9
51.9
51.9
51.9
51.9
51.9
51.9
51.9
51.9
52.0
52.0
52.0
52.0
52.0
52.0
52.0
52.0
52.0
52.0
52.0
52.0
52.0
52.1
52.1
52.1
52.1
52.1
52.1
52.1
52.1
52.2
52.2
52.2
52.2
52.2
52.2
52.2
52.2
52.3
52.3
52.3
52.3
52.3
52.3
52.3
52.3
52.4
52.4
52.4
52.4
52.4
52.4
52.4
52.4
52.4
52.4
52.4
52.4
52.4
52.5
52.5
52.5
52.5
52.5
52.5
52.5
52.6
52.6
52.6
52.6
52.6
52.6
52.6
52.6
52.6
52.6
52.6
52.6
52.7
52.7
52.7
52.7
52.7
52.7
52.7
52.7
52.8
52.8
52.8
52.8
52.8
52.9
52.9
52.9
52.9
52.9
53.0
53.0
53.0
53.0
53.0
53.0
53.1
53.1
53.1
53.1
53.1
53.1
53.1
53.2
53.2
53.2
53.2
53.2
53.2
53.2
53.2
53.3
53.3
53.3
53.4
53.4
53.4
53.4
53.4
53.4
53.4
53.5
53.5
53.5
53.5
53.5
53.5
53.6
53.6
53.6
53.7
53.7
53.7
53.7
53.7
53.7
53.7
53.8
53.8
53.9
53.9
53.9
53.9
53.9
53.9
53.9
54.0
54.0
54.0
54.0
54.1
54.1
54.1
54.2
54.2
54.2
54.2
54.3
54.3
54.3
54.4
54.4
54.4
54.4
54.4
54.4
54.4
54.4
54.5
54.5
54.5
54.5
54.6
54.6
54.6
54.6
54.7
54.7
54.8
54.8
54.8
54.8
54.8
54.9
54.9
54.9
55.0
55.0
55.1
55.1
55.2
55.2
55.2
55.2
55.2
55.3
55.3
55.3
55.3
55.3
55.3
55.4
55.4
55.4
55.4
55.5
55.5
55.6
55.6
55.6
55.7
55.8
55.8
55.8
55.9
55.9
55.9
55.9
55.9
56.0
56.1
56.1
56.1
56.2
56.2
56.2
56.2
56.3
56.3
56.3
56.4
56.4
56.5
56.5
56.5
56.5
56.5
56.8
56.9
56.9
57.0
57.0
57.0
57.0
57.1
57.2
57.2
57.4
57.4
57.5
57.5
57.6
57.7
57.7
57.8
57.9
58.0
58.0
58.0
58.0
58.1
58.1
58.2
58.3
58.5
58.5
58.6
58.7
58.8
58.9
58.9
59.0
59.1
59.1
59.1
59.2
59.3
59.3
59.4
59.5
59.5
59.6
59.6
59.6
59.7
59.7
59.7
59.7
59.7
59.7
59.7
59.7
59.8
59.9
59.9
59.9
59.9
60.2
60.2
60.2
60.3
60.3
60.4
60.5
60.6
60.6
60.7
60.7
60.7
60.7
60.9
61.0
61.1
61.2
61.2
61.3
61.4
61.4
61.5
61.5
61.5
61.5
61.5
61.6
61.6
61.7
61.7
61.7
61.8
61.9
61.9
61.9
61.9
62.0
62.1
62.1
62.1
62.1
62.2
62.2
62.3
62.3
62.3
62.3
62.3
62.3
62.3
62.4
62.4
62.4
62.4
62.5
62.5
62.5
62.5
62.5
62.5
62.5
62.6
62.6
62.6
62.6
62.6
62.6
62.6
62.7
62.7
62.7
62.7
62.7
62.8
62.8
62.8
62.9
63.0
63.0
63.0
63.0
63.0
63.0
63.1
63.1
63.1
63.1
63.1
63.1
63.1
63.1
63.2
63.2
63.2
63.3
63.3
63.3
63.4
63.4
63.4
63.5
63.5
63.5
63.5
63.5
63.5
63.6
63.6
63.6
63.6
63.6
63.7
63.7
63.8
63.8
63.9
63.9
63.9
63.9
63.9
63.9
64.0
64.0
64.0
64.0
64.0
64.0
64.0
64.0
64.0
64.1
64.1
64.1
64.1
64.1
64.1
64.2
64.2
64.2
64.2
64.2
64.3
64.3
64.3
64.3
64.3
64.3
64.3
64.3
64.4
64.4
64.4
64.4
64.4
64.4
64.4
64.4
64.4
64.5
64.5
64.5
64.5
64.5
64.5
64.6
64.6
64.6
64.7
64.7
64.7
64.7
64.7
64.7
64.7
64.7
64.8
64.8
64.8
64.8
64.8
64.8
64.8
64.8
64.8
64.9
64.9
64.9
64.9
64.9
64.9
64.9
64.9
65.0
65.0
65.0
65.0
65.0
65.0
65.0
65.0
65.0
65.1
65.1
65.1
65.1
65.1
65.1
65.2
65.2
65.2
65.2
65.2
65.2
65.3
65.3
65.3
65.3
65.3
65.3
65.3
65.4
65.4
65.4
65.4
65.4
65.4
65.4
65.5
65.5
65.5
65.5
65.5
65.5
65.5
65.5
65.6
65.6
65.7
65.7
65.7
65.7
65.8
65.8
65.8
65.8
65.8
65.8
65.8
65.9
65.9
66.0
66.0
66.0
66.0
66.0
66.1
66.1
66.1
66.1
66.1
66.1
66.1
66.2
66.2
66.2
66.2
66.2
66.2
66.2
66.2
66.2
66.2
66.2
66.2
66.3
66.3
66.3
66.3
66.3
66.3
66.3
66.3
66.3
66.3
66.4
66.4
66.4
66.4
66.4
66.4
66.5
66.5
66.5
66.5
66.6
66.6
66.6
66.6
66.6
66.6
66.6
66.6
66.6
66.6
66.7
66.7
66.7
66.7
66.7
66.7
66.7
66.7
66.7
66.7
66.8
66.8
66.8
66.8
66.8
66.8
66.8
66.8
66.8
66.9
66.9
66.9
66.9
66.9
67.0
67.0
67.0
67.0
67.0
67.0
67.0
67.1
67.1
67.1
67.1
67.1
67.1
67.1
67.1
67.1
67.2
67.2
67.2
67.2
67.2
67.2
67.2
67.3
67.3
67.3
67.3
67.3
67.3
67.3
67.3
67.4
67.4
67.4
67.4
67.4
67.4
67.4
67.4
67.4
67.5
67.5
67.5
67.5
67.6
67.6
67.6
67.6
67.6
67.6
67.7
67.7
67.7
67.7
67.7
67.7
67.7
67.7
67.7
67.8
67.8
67.8
67.8
67.8
67.8
67.8
67.8
67.8
67.8
67.8
67.8
67.8
67.9
67.9
67.9
67.9
67.9
68.0
68.0
68.0
68.0
68.0
68.0
68.0
68.0
68.1
68.1
68.1
68.1
68.1
68.1
68.1
68.1
68.1
68.1
68.1
68.1
68.2
68.2
68.2
68.2
68.2
68.2
68.2
68.2
68.2
68.2
68.2
68.3
68.3
68.4
68.4
68.4
68.4
68.5
68.5
68.5
68.5
68.5
68.5
68.6
68.6
68.6
68.6
68.6
68.6
68.6
68.6
68.6
68.6
68.7
68.7
68.7
68.7
68.7
68.7
68.7
68.7
68.7
68.7
68.7
68.7
68.7
68.8
68.8
68.8
68.8
68.8
68.8
68.8
68.8
68.8
68.9
68.9
68.9
68.9
68.9
68.9
68.9
68.9
69.0
69.0
69.0
69.0
69.0
69.0
69.1
69.1
69.1
69.1
69.2
69.2
69.2
69.2
69.2
69.2
69.3
69.3
69.3
69.3
69.3
69.4
69.4
69.4
69.4
69.4
69.5
69.5
69.5
69.5
69.6
69.6
69.6
69.7
69.7
69.7
69.7
69.7
69.8
69.8
69.8
69.8
69.9
69.9
69.9
69.9
69.9
70.0
70.0
70.0
70.0
70.1
70.1
70.1
70.1
70.1
70.1
70.2
70.2
70.2
70.2
70.3
70.3
70.3
70.4
70.4
70.5
70.5
70.5
70.5
70.5
70.5
70.5
70.6
70.6
70.6
70.6
70.6
70.6
70.6
70.6
70.6
70.7
70.7
70.7
70.7
70.7
70.7
70.7
70.7
70.7
70.8
70.8
70.8
70.8
70.8
70.9
70.9
70.9
71.0
71.0
71.0
71.0
71.0
71.0
71.1
71.1
71.1
71.1
71.2
71.2
71.2
71.2
71.2
71.3
71.3
71.3
71.3
71.3
71.3
71.3
71.3
71.4
71.4
71.4
71.4
71.4
71.5
71.5
71.5
71.6
71.6
71.6
71.7
71.7
71.7
71.7
71.8
71.8
71.8
71.8
71.8
71.9
71.9
71.9
71.9
71.9
71.9
72.0
72.0
72.0
72.0
72.0
72.0
72.1
72.2
72.2
72.3
72.3
72.3
72.4
72.4
72.4
72.6
72.6
72.7
72.8
72.8
72.8
72.8
72.8
72.8
72.9
72.9
72.9
72.9
72.9
73.0
73.0
73.0
73.0
73.0
73.1
73.1
73.1
73.1
73.2
73.2
73.3
73.3
73.4
73.4
73.4
73.4
73.5
73.5
73.7
73.7
73.7
73.8
73.8
73.8
73.8
73.8
74.0
74.0
74.1
74.2
74.2
74.2
74.2
74.3
74.3
74.3
74.4
74.4
74.4
74.5
74.5
74.5
74.6
74.6
74.6
74.6
74.8
74.8
74.9
74.9
74.9
74.9
75.0
75.0
75.0
75.0
75.1
75.1
75.1
75.2
75.3
75.4
75.5
75.6
75.7
75.7
75.8
75.8
75.9
75.9
75.9
76.0
76.1
76.2
76.2
76.2
76.2
76.3
76.4
76.4
76.5
76.6
76.6
76.6
76.7
76.9
76.9
76.9
77.0
77.0
77.0
77.1
77.1
77.1
77.2
77.3
77.3
77.3
77.3
77.4
77.4
77.4
77.6
77.6
77.6
77.7
77.8
77.8
77.9
77.9
78.0
78.1
78.1
78.2
78.3
78.3
78.4
78.5
78.6
78.6
78.6
78.6
78.6
78.7
78.7
78.8
78.8
78.8
78.8
78.8
78.9
78.9
79.1
79.1
79.1
79.2
79.2
79.2
79.2
79.3
79.3
79.6
79.6
79.7
79.7
79.7
79.8
79.9
79.9
79.9
80.1
80.1
80.1
80.2
80.2
80.2
80.2
80.3
80.4
80.4
80.4
80.4
80.5
80.6
80.6
80.6
80.7
80.8
80.8
80.9
80.9
81.0
81.0
81.0
81.1
81.1
81.1
81.1
81.1
81.2
81.2
81.2
81.2
81.2
81.3
81.4
81.4
81.4
81.4
81.4
81.5
81.6
81.7
81.7
81.7
81.8
81.8
81.8
81.8
81.8
81.9
81.9
81.9
82.0
82.1
82.1
82.2
82.5
82.7
82.7
82.8
82.9
82.9
82.9
83.1
83.1
83.1
83.1
83.2
83.2
83.4
83.4
83.5
83.5
83.6
83.7
83.7
83.7
83.7
83.7
83.7
83.7
83.8
83.9
84.0
84.4
84.7
84.8
84.8
84.8
84.9
84.9
85.0
85.0
85.0
85.1
85.1
85.2
85.2
85.3
85.3
85.3
85.4
85.4
85.4
85.5
85.5
85.5
85.6
85.6
85.7
85.8
86.0
86.1
86.2
86.2
86.2
86.3
86.4
86.4
86.4
86.4
86.4
86.5
86.5
86.6
86.7
86.7
86.7
86.7
86.8
86.8
86.9
86.9
87.0
87.1
87.2
87.2
87.3
87.3
87.3
87.4
87.4
87.6
87.6
87.6
87.7
87.8
87.8
87.8
87.8
87.9
87.9
88.1
88.1
88.1
88.2
88.2
88.2
88.3
88.5
88.5
88.6
88.7
88.8
88.9
88.9
89.0
89.0
89.1
89.1
89.1
89.1
89.2
89.2
89.2
89.4
89.4
89.4
89.5
89.6
89.7
89.7
89.7
89.7
89.7
89.8
89.8
89.8
89.9
89.9
89.9
90.0
90.0
90.1
90.1
90.3
90.5
90.6
90.6
90.7
90.8
90.8
90.8
90.9
90.9
90.9
90.9
91.0
91.0
91.0
91.1
91.2
91.2
91.2
91.3
91.4
91.4
91.5
91.5
91.6
91.8
91.9
92.0
92.0
92.1
92.2
92.2
92.3
92.3
92.4
92.4
92.4
92.5
92.5
92.6
92.6
92.6
92.7
92.7
92.8
92.8
92.8
93.0
93.1
93.2
93.4
93.5
93.5
93.5
93.5
93.6
93.6
93.6
93.6
93.7
93.7
93.8
93.8
93.8
93.9
94.0
94.0
94.0
94.0
94.1
94.2
94.2
94.3
94.4
94.4
94.4
94.5
94.6
94.6
94.6
94.6
94.7
94.7
94.8
94.9
94.9
94.9
94.9
95.0
95.1
95.3
95.3
95.3
95.5
95.7
95.8
95.9
96.0
96.1
96.2
96.3
96.3
96.4
96.4
96.5
96.5
96.5
96.6
96.7
96.7
96.8
97.0
97.0
97.0
97.3
97.4
97.6
97.6
97.7
97.7
97.7
97.7
97.9
97.9
98.0
98.1
98.2
98.2
98.2
98.3
98.4
98.4
98.5
98.5
98.6
99.0
99.0
99.1
99.3
99.3
99.3
99.3
99.4
99.5
99.6
99.6
99.7
99.9
99.9
100.0
100.3
100.3
100.4
100.5
100.6
100.7
100.8
100.9
101.0
101.2
101.4
101.5
102.0
102.0
102.2
102.2
102.2
102.3
102.5
102.6
102.6
102.7
102.9
102.9
103.3
103.7
104.1
104.2
104.3
104.3
104.4
104.5
104.6
105.0
105.2
105.3
105.8
106.2
106.7
106.7
106.9
107.3
107.4
107.5
108.0
108.1
108.3
109.2
110.3
110.4
111.8
112.7
112.8
113.6
114.9
266.0
267.1
267.2
267.2
267.2
267.3
267.5
267.5
267.5
267.6
267.7
267.7
267.7
267.7
267.8
267.8
267.9
267.9
268.0
268.0
268.0
268.0
268.1
268.1
268.1
268.2
268.2
268.3
268.3
268.3
268.3
268.3
268.4
268.4
268.5
268.5
268.5
268.6
268.6
268.6
268.6
268.6
268.6
268.6
268.7
268.7
268.7
268.8
268.8
268.8
268.8
268.8
268.8
268.9
268.9
268.9
268.9
268.9
268.9
268.9
269.0
269.0
269.0
269.0
269.1
269.1
269.2
269.2
269.2
269.2
269.2
269.2
269.2
269.2
269.3
269.3
269.3
269.3
269.3
269.3
269.3
269.4
269.4
269.4
269.4
269.4
269.4
269.4
269.4
269.4
269.4
269.5
269.5
269.5
269.5
269.5
269.5
269.5
269.5
269.6
269.6
269.6
269.6
269.6
269.6
269.6
269.7
269.7
269.7
269.7
269.7
269.7
269.7
269.7
269.7
269.7
269.8
269.8
269.8
269.8
269.8
269.8
269.8
269.8
269.8
269.8
269.8
269.8
269.8
269.8
269.9
269.9
269.9
269.9
269.9
269.9
269.9
269.9
270.0
270.0
270.0
270.0
270.1
270.1
270.1
270.1
270.1
270.2
270.2
270.2
270.3
270.3
270.3
270.3
270.3
270.3
270.3
270.3
270.3
270.4
270.4
270.4
270.4
270.4
270.4
270.4
270.4
270.4
270.4
270.4
270.5
270.5
270.5
270.5
270.5
270.5
270.5
270.5
270.5
270.6
270.6
270.6
270.6
270.6
270.6
270.6
270.6
270.6
270.6
270.6
270.6
270.6
270.6
270.6
270.7
270.7
270.7
270.7
270.7
270.7
270.7
270.7
270.7
270.7
270.8
270.8
270.8
270.8
270.8
270.8
270.8
270.8
270.9
270.9
270.9
270.9
270.9
270.9
270.9
270.9
270.9
270.9
270.9
270.9
270.9
270.9
270.9
270.9
270.9
270.9
270.9
270.9
271.0
271.0
271.0
271.0
271.0
271.0
271.0
271.0
271.0
271.0
271.0
271.0
271.0
271.0
271.1
271.1
271.1
271.1
271.1
271.1
271.1
271.1
271.1
271.1
271.1
271.1
271.1
271.1
271.1
271.1
271.2
271.2
271.2
271.2
271.2
271.2
271.2
271.2
271.2
271.2
271.2
271.2
271.2
271.2
271.2
271.3
271.3
271.3
271.3
271.3
271.3
271.3
271.3
271.3
271.4
271.4
271.4
271.4
271.4
271.4
271.4
271.4
271.4
271.4
271.4
271.4
271.4
271.5
271.5
271.5
271.5
271.5
271.5
271.5
271.5
271.5
271.5
271.5
271.5
271.5
271.5
271.5
271.5
271.6
271.6
271.6
271.6
271.6
271.6
271.6
271.6
271.6
271.6
271.6
271.6
271.6
271.6
271.7
271.7
271.7
271.7
271.7
271.7
271.7
271.7
271.7
271.7
271.7
271.7
271.7
271.8
271.8
271.8
271.8
271.8
271.8
271.8
271.8
271.8
271.8
271.8
271.8
271.8
271.8
271.8
271.9
271.9
271.9
271.9
271.9
271.9
271.9
271.9
271.9
271.9
271.9
272.0
272.0
272.0
272.0
272.0
272.0
272.0
272.0
272.0
272.0
272.0
272.0
272.0
272.0
272.0
272.0
272.1
272.1
272.1
272.1
272.1
272.1
272.1
272.1
272.1
272.1
272.1
272.1
272.2
272.2
272.2
272.2
272.2
272.2
272.2
272.2
272.2
272.2
272.2
272.2
272.2
272.2
272.2
272.2
272.3
272.3
272.3
272.3
272.3
272.3
272.3
272.3
272.3
272.3
272.3
272.4
272.4
272.4
272.4
272.4
272.4
272.4
272.4
272.4
272.4
272.5
272.5
272.5
272.5
272.5
272.5
272.5
272.5
272.5
272.5
272.5
272.5
272.5
272.5
272.5
272.6
272.6
272.6
272.6
272.6
272.6
272.6
272.6
272.6
272.7
272.7
272.7
272.7
272.7
272.7
272.7
272.7
272.7
272.8
272.8
272.8
272.8
272.8
272.8
272.8
272.8
272.8
272.8
272.8
272.8
272.8
272.9
272.9
272.9
272.9
272.9
272.9
272.9
272.9
272.9
272.9
272.9
272.9
272.9
272.9
272.9
272.9
273.0
273.0
273.0
273.0
273.0
273.0
273.0
273.0
273.0
273.0
273.0
273.0
273.0
273.0
273.0
273.1
273.1
273.1
273.1
273.1
273.1
273.1
273.1
273.1
273.1
273.1
273.2
273.2
273.2
273.2
273.2
273.2
273.2
273.2
273.3
273.3
273.3
273.3
273.3
273.3
273.3
273.3
273.3
273.3
273.3
273.3
273.3
273.3
273.4
273.4
273.4
273.4
273.4
273.4
273.4
273.4
273.4
273.5
273.5
273.5
273.5
273.5
273.5
273.5
273.5
273.5
273.5
273.5
273.5
273.6
273.6
273.6
273.6
273.6
273.6
273.6
273.6
273.7
273.7
273.7
273.7
273.7
273.7
273.7
273.7
273.8
273.8
273.8
273.8
273.8
273.9
273.9
273.9
273.9
273.9
273.9
273.9
273.9
273.9
273.9
274.0
274.0
274.0
274.0
274.0
274.0
274.0
274.0
274.0
274.1
274.1
274.1
274.1
274.1
274.1
274.2
274.2
274.2
274.2
274.2
274.2
274.2
274.2
274.2
274.2
274.2
274.3
274.3
274.3
274.3
274.4
274.4
274.4
274.4
274.5
274.5
274.5
274.5
274.5
274.5
274.6
274.6
274.6
274.6
274.6
274.6
274.7
274.7
274.7
274.7
274.7
274.7
274.8
274.8
274.8
274.8
274.8
274.8
274.9
274.9
274.9
275.0
275.0
275.0
275.0
275.0
275.0
275.0
275.1
275.1
275.1
275.2
275.2
275.3
275.3
275.3
275.4
275.4
275.4
275.4
275.4
275.4
275.5
275.5
275.5
275.5
275.5
275.5
275.6
275.6
275.6
275.7
275.7
275.7
275.8
275.9
275.9
276.0
276.0
276.1
276.1
276.1
276.1
276.1
276.1
276.2
276.2
276.2
276.2
276.2
276.3
276.3
276.3
276.4
276.4
276.5
276.5
276.5
276.5
276.5
276.6
276.7
276.7
276.7
276.8
276.8
276.8
276.8
276.8
276.8
276.8
276.9
276.9
276.9
276.9
276.9
276.9
276.9
277.0
277.0
277.1
277.2
277.2
277.2
277.3
277.3
277.4
277.5
277.5
277.6
277.7
277.8
277.8
277.8
277.9
278.0
278.0
278.1
278.1
278.2
278.3
278.3
278.4
278.4
278.4
278.5
278.5
278.6
278.7
278.7
278.7
278.7
278.8
278.9
279.1
279.1
279.2
279.2
279.2
279.2
279.5
279.5
279.6
279.6
279.6
279.6
279.7
279.8
279.9
279.9
279.9
280.5
280.6
280.6
280.7
280.8
280.8
281.0
281.0
281.2
281.4
281.6
281.8
281.9
282.1
282.3
282.4
282.4
282.5
282.6
282.6
282.9
283.0
283.1
283.8
284.0
284.0
284.1
284.3
284.3
284.4
284.6
284.9
285.0
285.2
285.2
285.5
285.6
285.6
285.7
285.9
286.1
286.2
286.3
286.6
286.8
287.0
287.1
287.5
288.0
288.3
288.9
289.8
290.4
291.1
292.6
292.7
294.5
294.9
295.4
295.8
296.7
296.9
302.8
304.9
305.1
307.8
312.5
439.8
440.1
440.2
440.3
440.4
440.4
440.4
440.6
440.6
440.6
440.8
440.9
440.9
441.0
441.0
441.1
441.1
441.1
441.1
441.1
441.2
441.2
441.2
441.2
441.3
441.4
441.4
441.5
441.5
441.5
441.5
441.5
441.6
441.6
441.6
441.6
441.7
441.7
441.8
441.8
441.8
441.8
441.8
441.8
441.9
441.9
441.9
441.9
441.9
442.0
442.0
442.1
442.1
442.1
442.1
442.1
442.1
442.1
442.2
442.2
442.2
442.2
442.2
442.2
442.2
442.3
442.3
442.3
442.3
442.3
442.3
442.4
442.4
442.4
442.4
442.4
442.4
442.5
442.5
442.5
442.5
442.5
442.6
442.6
442.6
442.6
442.6
442.6
442.6
442.6
442.6
442.6
442.7
442.7
442.7
442.7
442.7
442.7
442.7
442.8
442.8
442.8
442.8
442.8
442.8
442.8
442.8
442.8
442.8
442.8
442.8
442.8
442.8
442.9
442.9
442.9
442.9
442.9
442.9
442.9
443.0
443.0
443.0
443.0
443.0
443.0
443.0
443.0
443.0
443.0
443.0
443.0
443.1
443.1
443.1
443.1
443.1
443.1
443.1
443.1
443.1
443.2
443.2
443.2
443.2
443.2
443.2
443.3
443.3
443.3
443.3
443.3
443.3
443.3
443.4
443.4
443.4
443.4
443.4
443.4
443.4
443.4
443.4
443.4
443.4
443.4
443.4
443.4
443.5
443.5
443.5
443.5
443.5
443.5
443.5
443.5
443.6
443.6
443.6
443.6
443.6
443.6
443.6
443.6
443.6
443.6
443.6
443.6
443.7
443.7
443.7
443.7
443.7
443.7
443.7
443.7
443.7
443.7
443.7
443.7
443.7
443.7
443.7
443.7
443.7
443.7
443.7
443.7
443.8
443.8
443.8
443.8
443.8
443.8
443.8
443.8
443.8
443.8
443.8
443.8
443.8
443.8
443.8
443.8
443.9
443.9
443.9
443.9
443.9
443.9
443.9
443.9
444.0
444.0
444.0
444.0
444.0
444.0
444.0
444.0
444.0
444.0
444.1
444.1
444.1
444.1
444.1
444.1
444.1
444.1
444.1
444.1
444.1
444.1
444.1
444.1
444.2
444.2
444.2
444.2
444.2
444.2
444.2
444.2
444.2
444.2
444.3
444.3
444.3
444.3
444.3
444.3
444.3
444.3
444.3
444.3
444.3
444.3
444.3
444.3
444.3
444.3
444.3
444.4
444.4
444.4
444.4
444.4
444.4
444.4
444.4
444.4
444.4
444.4
444.4
444.4
444.5
444.5
444.5
444.5
444.5
444.5
444.5
444.5
444.5
444.5
444.5
444.5
444.5
444.6
444.6
444.6
444.6
444.6
444.6
444.6
444.6
444.6
444.6
444.6
444.6
444.6
444.7
444.7
444.7
444.7
444.7
444.7
444.7
444.7
444.7
444.7
444.7
444.7
444.7
444.7
444.7
444.7
444.7
444.8
444.8
444.8
444.8
444.8
444.8
444.8
444.8
444.8
444.8
444.8
444.9
444.9
444.9
444.9
444.9
444.9
444.9
444.9
444.9
444.9
444.9
444.9
445.0
445.0
445.0
445.0
445.0
445.0
445.0
445.0
445.1
445.1
445.1
445.1
445.1
445.1
445.1
445.1
445.1
445.1
445.1
445.2
445.2
445.2
445.2
445.3
445.3
445.3
445.3
445.3
445.3
445.3
445.3
445.3
445.3
445.3
445.3
445.3
445.3
445.3
445.3
445.3
445.4
445.4
445.4
445.4
445.4
445.4
445.4
445.4
445.4
445.4
445.5
445.5
445.5
445.5
445.5
445.5
445.5
445.5
445.5
445.5
445.5
445.5
445.6
445.6
445.6
445.6
445.6
445.6
445.6
445.6
445.6
445.6
445.6
445.7
445.7
445.7
445.7
445.7
445.7
445.7
445.8
445.8
445.8
445.8
445.8
445.8
445.8
445.8
445.9
445.9
446.0
446.0
446.0
446.0
446.0
446.0
446.0
446.0
446.0
446.0
446.1
446.1
446.1
446.1
446.1
446.1
446.1
446.1
446.1
446.1
446.1
446.1
446.2
446.2
446.2
446.2
446.2
446.2
446.2
446.2
446.2
446.2
446.2
446.3
446.3
446.3
446.3
446.3
446.3
446.3
446.3
446.3
446.3
446.3
446.3
446.3
446.3
446.3
446.3
446.3
446.4
446.4
446.4
446.4
446.4
446.4
446.4
446.4
446.4
446.4
446.4
446.4
446.4
446.4
446.4
446.4
446.4
446.4
446.4
446.4
446.4
446.5
446.5
446.5
446.5
446.6
446.6
446.6
446.6
446.6
446.6
446.7
446.7
446.7
446.7
446.7
446.7
446.7
446.7
446.8
446.8
446.8
446.8
446.8
446.8
446.8
446.8
446.9
446.9
446.9
446.9
446.9
446.9
446.9
446.9
446.9
446.9
446.9
446.9
446.9
447.0
447.0
447.0
447.0
447.0
447.0
447.0
447.0
447.0
447.0
447.0
447.1
447.1
447.1
447.1
447.1
447.1
447.1
447.2
447.2
447.2
447.2
447.2
447.2
447.2
447.3
447.3
447.3
447.3
447.3
447.3
447.4
447.4
447.4
447.4
447.4
447.4
447.4
447.4
447.4
447.5
447.5
447.5
447.5
447.5
447.5
447.5
447.5
447.5
447.5
447.6
447.6
447.6
447.6
447.6
447.6
447.6
447.6
447.6
447.6
447.7
447.7
447.7
447.7
447.8
447.8
447.8
447.8
447.8
447.8
447.9
447.9
447.9
447.9
447.9
448.0
448.0
448.0
448.0
448.0
448.0
448.0
448.0
448.1
448.1
448.1
448.1
448.2
448.2
448.2
448.2
448.2
448.2
448.2
448.3
448.3
448.3
448.3
448.4
448.4
448.4
448.4
448.4
448.5
448.5
448.5
448.5
448.5
448.5
448.5
448.6
448.6
448.7
448.7
448.7
448.7
448.7
448.7
448.8
448.8
448.8
448.9
448.9
448.9
448.9
449.0
449.0
449.0
449.1
449.1
449.1
449.1
449.1
449.1
449.1
449.2
449.3
449.3
449.3
449.3
449.3
449.3
449.3
449.4
449.4
449.4
449.4
449.4
449.4
449.4
449.4
449.5
449.5
449.5
449.5
449.5
449.6
449.6
449.6
449.6
449.7
449.7
449.7
449.7
449.8
449.8
449.8
449.8
449.9
449.9
450.1
450.1
450.4
450.4
450.4
450.4
450.4
450.4
450.5
450.5
450.6
450.6
450.6
450.7
450.8
450.8
450.8
450.9
450.9
450.9
451.0
451.0
451.0
451.1
451.1
451.1
451.1
451.1
451.2
451.2
451.3
451.3
451.3
451.3
451.5
451.5
451.5
451.5
451.6
451.7
451.8
451.8
451.8
451.9
452.0
452.0
452.1
452.1
452.1
452.1
452.2
452.2
452.2
452.5
452.6
452.6
452.8
452.8
452.8
452.8
452.9
453.0
453.4
453.4
453.4
453.4
453.6
453.6
453.7
453.7
453.7
453.7
453.9
454.0
454.0
454.1
454.3
454.3
454.4
454.4
454.5
454.6
454.6
454.6
454.7
454.7
455.1
455.2
455.2
455.3
455.3
455.4
455.7
455.8
456.1
456.2
456.4
456.5
456.6
456.7
456.7
456.7
456.8
456.8
457.0
457.1
457.1
457.2
457.2
457.5
457.7
457.7
457.7
457.9
458.0
458.2
458.3
458.5
458.8
458.9
459.2
459.2
459.3
459.7
459.8
460.1
460.5
460.8
460.8
460.9
460.9
460.9
461.0
461.1
461.2
461.3
461.3
461.3
461.4
461.5
461.6
461.7
461.9
462.0
462.1
462.1
462.2
462.5
462.6
462.6
462.8
462.9
463.0
463.0
463.2
463.3
463.5
463.7
463.8
464.0
464.0
464.2
464.6
464.6
464.6
464.7
464.7
464.8
465.1
465.1
465.5
465.7
465.7
465.8
465.8
465.8
466.0
466.1
466.2
466.4
466.5
466.7
467.0
467.1
467.2
467.4
467.5
467.5
467.5
467.5
467.9
468.8
469.0
469.1
469.2
469.4
469.5
469.8
470.0
470.0
470.1
470.2
470.6
470.6
470.6
470.6
471.6
471.7
471.7
471.8
472.4
473.1
473.3
474.5
474.6
474.6
475.3
475.4
476.2
476.2
476.6
476.6
477.2
477.4
477.4
477.4
477.5
477.5
477.5
477.9
478.1
480.1
480.8
481.3
482.7
482.9
489.4
497.8
619.4
619.7
620.0
620.1
620.2
620.3
620.4
620.4
620.4
620.5
620.6
620.6
620.8
620.8
620.9
620.9
620.9
620.9
620.9
620.9
621.0
621.0
621.1
621.1
621.1
621.1
621.1
621.1
621.1
621.1
621.2
621.2
621.2
621.2
621.2
621.3
621.3
621.3
621.3
621.3
621.4
621.4
621.4
621.4
621.4
621.4
621.5
621.5
621.5
621.6
621.6
621.6
621.6
621.6
621.6
621.6
621.6
621.7
621.7
621.7
621.7
621.7
621.7
621.7
621.7
621.7
621.8
621.8
621.8
621.8
621.8
621.8
621.8
621.9
621.9
621.9
621.9
621.9
621.9
621.9
621.9
621.9
622.0
622.0
622.0
622.0
622.0
622.0
622.0
622.1
622.1
622.1
622.1
622.1
622.1
622.1
622.1
622.1
622.1
622.1
622.2
622.2
622.2
622.2
622.2
622.2
622.2
622.2
622.2
622.2
622.2
622.2
622.2
622.2
622.2
622.3
622.3
622.3
622.3
622.3
622.3
622.3
622.3
622.3
622.3
622.3
622.3
622.3
622.3
622.4
622.4
622.4
622.4
622.4
622.4
622.4
622.4
622.4
622.4
622.4
622.4
622.4
622.5
622.5
622.5
622.5
622.5
622.5
622.5
622.6
622.6
622.6
622.6
622.7
622.7
622.7
622.7
622.7
622.7
622.7
622.7
622.7
622.7
622.7
622.7
622.7
622.8
622.8
622.8
622.8
622.8
622.8
622.8
622.8
622.8
622.8
622.8
622.8
622.9
622.9
622.9
622.9
622.9
622.9
622.9
622.9
622.9
622.9
622.9
622.9
622.9
622.9
623.0
623.0
623.0
623.0
623.0
623.0
623.0
623.0
623.1
623.1
623.1
623.1
623.1
623.1
623.1
623.1
623.1
623.1
623.1
623.1
623.1
623.2
623.2
623.2
623.2
623.2
623.2
623.2
623.2
623.2
623.2
623.2
623.2
623.2
623.2
623.2
623.2
623.2
623.2
623.2
623.3
623.3
623.3
623.3
623.3
623.3
623.3
623.3
623.3
623.3
623.3
623.4
623.4
623.4
623.4
623.4
623.4
623.4
623.4
623.4
623.4
623.5
623.5
623.5
623.5
623.5
623.5
623.5
623.5
623.5
623.5
623.5
623.5
623.5
623.5
623.6
623.6
623.6
623.6
623.6
623.6
623.6
623.6
623.6
623.6
623.6
623.6
623.6
623.7
623.7
623.7
623.7
623.7
623.7
623.7
623.7
623.8
623.8
623.8
623.8
623.8
623.8
623.8
623.8
623.8
623.8
623.8
623.8
623.8
623.8
623.8
623.9
623.9
623.9
623.9
623.9
623.9
623.9
623.9
623.9
623.9
623.9
623.9
623.9
624.0
624.0
624.0
624.0
624.0
624.0
624.0
624.0
624.0
624.0
624.0
624.0
624.0
624.0
624.1
624.1
624.1
624.1
624.1
624.1
624.1
624.1
624.1
624.1
624.1
624.1
624.1
624.1
624.1
624.1
624.1
624.1
624.1
624.1
624.1
624.1
624.1
624.1
624.2
624.2
624.2
624.2
624.2
624.2
624.2
624.2
624.2
624.2
624.2
624.2
624.2
624.2
624.2
624.2
624.2
624.2
624.3
624.3
624.3
624.3
624.3
624.3
624.3
624.3
624.3
624.3
624.3
624.3
624.3
624.3
624.3
624.3
624.4
624.4
624.4
624.4
624.4
624.4
624.4
624.4
624.4
624.4
624.5
624.5
624.5
624.5
624.5
624.5
624.5
624.5
624.5
624.5
624.5
624.5
624.5
624.5
624.5
624.6
624.6
624.6
624.6
624.6
624.6
624.6
624.6
624.6
624.6
624.6
624.6
624.6
624.6
624.6
624.6
624.7
624.7
624.7
624.7
624.7
624.7
624.7
624.7
624.7
624.7
624.7
624.7
624.7
624.8
624.8
624.8
624.8
624.8
624.8
624.8
624.8
624.8
624.8
624.8
624.8
624.8
624.8
624.8
624.8
624.8
624.8
624.8
624.8
624.8
624.9
624.9
624.9
624.9
624.9
624.9
624.9
624.9
624.9
624.9
624.9
624.9
624.9
625.0
625.0
625.0
625.0
625.0
625.0
625.0
625.0
625.0
625.0
625.0
625.0
625.0
625.0
625.0
625.1
625.1
625.1
625.1
625.1
625.1
625.1
625.1
625.1
625.1
625.1
625.1
625.1
625.2
625.2
625.2
625.2
625.2
625.2
625.2
625.2
625.2
625.2
625.2
625.2
625.3
625.3
625.3
625.3
625.3
625.3
625.3
625.3
625.3
625.3
625.3
625.3
625.3
625.3
625.4
625.4
625.4
625.4
625.4
625.4
625.4
625.4
625.4
625.5
625.5
625.5
625.5
625.5
625.5
625.5
625.5
625.5
625.5
625.5
625.5
625.6
625.6
625.6
625.6
625.6
625.6
625.6
625.7
625.7
625.7
625.7
625.7
625.7
625.7
625.7
625.7
625.7
625.7
625.8
625.8
625.8
625.8
625.8
625.8
625.8
625.8
625.9
625.9
625.9
625.9
625.9
626.0
626.0
626.0
626.0
626.0
626.0
626.0
626.0
626.0
626.1
626.1
626.1
626.1
626.1
626.1
626.1
626.1
626.1
626.1
626.1
626.1
626.2
626.2
626.2
626.3
626.3
626.3
626.3
626.3
626.3
626.3
626.3
626.3
626.3
626.4
626.4
626.4
626.4
626.4
626.4
626.4
626.4
626.4
626.4
626.4
626.4
626.5
626.5
626.5
626.5
626.5
626.5
626.5
626.5
626.6
626.6
626.6
626.6
626.6
626.6
626.6
626.6
626.6
626.7
626.7
626.7
626.7
626.7
626.7
626.7
626.7
626.7
626.7
626.8
626.8
626.8
626.8
626.8
626.8
626.8
626.8
626.9
626.9
626.9
626.9
627.0
627.0
627.0
627.0
627.0
627.0
627.0
627.0
627.0
627.1
627.1
627.1
627.1
627.1
627.1
627.1
627.1
627.2
627.2
627.2
627.2
627.2
627.2
627.2
627.2
627.2
627.2
627.3
627.3
627.3
627.3
627.3
627.4
627.4
627.4
627.4
627.4
627.4
627.4
627.4
627.4
627.5
627.5
627.5
627.5
627.5
627.5
627.5
627.6
627.7
627.7
627.7
627.7
627.8
627.8
627.8
627.8
627.9
627.9
627.9
627.9
627.9
627.9
628.0
628.0
628.1
628.2
628.3
628.3
628.3
628.4
628.4
628.5
628.5
628.5
628.5
628.5
628.5
628.6
628.7
628.8
628.8
628.8
628.9
628.9
628.9
629.0
629.0
629.0
629.0
629.0
629.1
629.3
629.3
629.3
629.3
629.4
629.4
629.4
629.5
629.6
629.6
629.8
629.9
629.9
629.9
629.9
630.0
630.0
630.1
630.1
630.2
630.2
630.3
630.3
630.4
630.5
630.5
630.6
630.7
630.8
630.8
630.8
630.8
630.9
631.0
631.1
631.1
631.2
631.2
631.3
631.4
631.4
631.6
631.9
631.9
632.0
632.0
632.1
632.1
632.2
632.4
632.4
632.4
632.5
632.5
632.6
632.7
632.7
632.7
632.9
632.9
633.1
633.2
633.3
633.3
633.4
633.4
633.5
633.5
633.5
633.7
633.8
633.8
634.3
634.5
634.5
634.7
635.1
635.2
635.5
635.6
635.6
635.7
635.8
635.9
636.0
636.1
636.2
636.4
636.4
636.6
636.7
636.7
637.0
637.1
637.1
637.2
637.6
637.6
638.0
638.1
638.3
638.4
638.4
638.5
638.7
638.9
639.1
639.2
639.3
639.7
639.8
639.9
640.0
640.3
640.5
640.6
640.7
640.7
641.0
641.4
641.8
641.9
642.2
642.3
642.4
642.7
642.9
642.9
643.1
643.3
643.4
643.4
643.6
644.4
644.7
644.8
644.9
645.0
645.1
645.2
645.2
645.2
645.3
645.4
645.4
645.6
645.6
645.6
646.0
646.0
646.2
646.2
646.3
646.4
646.4
646.8
647.2
647.2
647.3
647.4
647.6
647.6
647.8
647.8
647.9
648.1
648.1
648.6
648.8
648.9
649.0
649.0
649.1
649.2
649.4
649.9
650.1
650.8
650.9
650.9
650.9
651.0
651.2
651.3
651.9
652.3
652.3
652.5
652.5
652.8
652.8
652.8
652.9
653.5
653.7
653.7
654.1
654.6
655.4
655.8
655.8
655.9
656.2
656.2
656.3
657.7
658.3
658.5
658.7
659.2
659.3
659.5
663.3
663.8
664.6
666.1
666.5
666.7
668.7
669.3
671.1
801.6
802.0
802.0
802.3
802.4
802.6
802.6
802.6
802.6
802.7
802.9
803.1
803.1
803.1
803.3
803.3
803.4
803.4
803.5
803.6
803.6
803.7
803.7
803.7
803.7
803.7
803.7
803.8
803.8
803.8
803.9
803.9
803.9
803.9
803.9
803.9
803.9
803.9
804.0
804.0
804.0
804.0
804.0
804.0
804.0
804.0
804.1
804.1
804.2
804.2
804.2
804.2
804.2
804.2
804.2
804.2
804.3
804.3
804.3
804.3
804.3
804.3
804.3
804.3
804.3
804.4
804.4
804.4
804.4
804.4
804.4
804.4
804.4
804.4
804.5
804.5
804.5
804.5
804.5
804.5
804.5
804.5
804.6
804.6
804.6
804.6
804.6
804.6
804.6
804.6
804.6
804.6
804.7
804.7
804.7
804.7
804.7
804.7
804.7
804.7
804.7
804.7
804.8
804.8
804.8
804.8
804.8
804.8
804.8
804.8
804.8
804.9
804.9
804.9
804.9
804.9
804.9
804.9
804.9
804.9
804.9
804.9
804.9
805.0
805.0
805.0
805.0
805.0
805.0
805.1
805.1
805.1
805.1
805.1
805.1
805.1
805.1
805.2
805.2
805.2
805.2
805.2
805.2
805.2
805.2
805.2
805.3
805.3
805.3
805.3
805.3
805.3
805.3
805.3
805.3
805.3
805.3
805.3
805.4
805.4
805.4
805.4
805.4
805.4
805.4
805.4
805.4
805.4
805.5
805.5
805.5
805.5
805.5
805.5
805.5
805.5
805.5
805.5
805.6
805.6
805.6
805.6
805.6
805.6
805.6
805.6
805.6
805.6
805.6
805.6
805.6
805.6
805.6
805.7
805.7
805.7
805.7
805.7
805.7
805.7
805.8
805.8
805.8
805.8
805.8
805.8
805.8
805.8
805.8
805.8
805.8
805.8
805.8
805.8
805.8
805.8
805.8
805.8
805.9
805.9
805.9
805.9
805.9
805.9
805.9
805.9
805.9
805.9
805.9
806.0
806.0
806.0
806.0
806.0
806.0
806.0
806.0
806.0
806.0
806.0
806.0
806.1
806.1
806.1
806.1
806.1
806.1
806.1
806.1
806.1
806.1
806.1
806.1
806.1
806.1
806.1
806.1
806.2
806.2
806.2
806.2
806.2
806.2
806.2
806.2
806.2
806.2
806.2
806.2
806.2
806.2
806.2
806.2
806.2
806.2
806.2
806.2
806.2
806.2
806.2
806.2
806.3
806.3
806.3
806.3
806.3
806.3
806.3
806.3
806.3
806.3
806.3
806.3
806.3
806.3
806.3
806.3
806.3
806.4
806.4
806.4
806.4
806.4
806.4
806.4
806.4
806.4
806.4
806.4
806.4
806.4
806.4
806.4
806.5
806.5
806.5
806.5
806.5
806.5
806.5
806.5
806.5
806.5
806.5
806.5
806.5
806.5
806.5
806.5
806.5
806.5
806.5
806.6
806.6
806.6
806.6
806.6
806.6
806.6
806.6
806.6
806.6
806.6
806.6
806.6
806.6
806.6
806.6
806.6
806.6
806.7
806.7
806.7
806.7
806.7
806.7
806.7
806.7
806.7
806.7
806.7
806.7
806.7
806.7
806.7
806.7
806.7
806.8
806.8
806.8
806.8
806.8
806.8
806.8
806.8
806.8
806.8
806.8
806.8
806.8
806.8
806.8
806.8
806.8
806.8
806.8
806.8
806.8
806.8
806.9
806.9
806.9
806.9
806.9
806.9
806.9
806.9
806.9
806.9
806.9
807.0
807.0
807.0
807.0
807.0
807.0
807.0
807.0
807.0
807.0
807.1
807.1
807.1
807.1
807.1
807.1
807.1
807.1
807.1
807.2
807.2
807.2
807.2
807.2
807.2
807.2
807.2
807.2
807.2
807.2
807.2
807.2
807.2
807.3
807.3
807.3
807.3
807.3
807.3
807.3
807.3
807.3
807.3
807.3
807.3
807.3
807.3
807.4
807.4
807.4
807.4
807.4
807.5
807.5
807.5
807.5
807.5
807.5
807.5
807.5
807.5
807.5
807.5
807.5
807.6
807.6
807.6
807.6
807.6
807.6
807.6
807.6
807.7
807.7
807.7
807.7
807.7
807.7
807.7
807.7
807.7
807.7
807.7
807.7
807.7
807.7
807.8
807.8
807.8
807.8
807.8
807.8
807.8
807.8
807.9
807.9
807.9
807.9
807.9
807.9
807.9
807.9
807.9
808.0
808.0
808.0
808.0
808.0
808.0
808.0
808.0
808.0
808.0
808.1
808.1
808.1
808.1
808.1
808.1
808.1
808.1
808.2
808.2
808.2
808.2
808.2
808.2
808.2
808.2
808.2
808.2
808.3
808.3
808.3
808.3
808.3
808.3
808.3
808.3
808.3
808.3
808.3
808.3
808.3
808.3
808.3
808.4
808.4
808.4
808.4
808.4
808.4
808.4
808.4
808.4
808.5
808.5
808.5
808.5
808.5
808.5
808.5
808.5
808.5
808.5
808.5
808.5
808.5
808.5
808.5
808.6
808.6
808.6
808.6
808.6
808.6
808.6
808.6
808.6
808.7
808.7
808.7
808.7
808.7
808.7
808.7
808.7
808.7
808.7
808.7
808.7
808.7
808.8
808.8
808.8
808.8
808.8
808.8
808.8
808.8
808.8
808.9
808.9
808.9
808.9
808.9
808.9
808.9
808.9
808.9
808.9
808.9
808.9
809.0
809.0
809.0
809.0
809.0
809.0
809.0
809.0
809.1
809.1
809.1
809.1
809.2
809.2
809.2
809.2
809.3
809.3
809.3
809.3
809.3
809.4
809.4
809.4
809.4
809.4
809.4
809.4
809.4
809.5
809.5
809.5
809.5
809.5
809.6
809.6
809.6
809.6
809.7
809.7
809.7
809.7
809.7
809.7
809.7
809.8
809.8
809.8
809.8
809.9
809.9
809.9
809.9
810.0
810.0
810.0
810.0
810.1
810.1
810.1
810.1
810.3
810.3
810.3
810.3
810.3
810.3
810.3
810.3
810.3
810.4
810.4
810.4
810.4
810.4
810.4
810.4
810.4
810.4
810.4
810.5
810.5
810.5
810.6
810.6
810.6
810.6
810.6
810.7
810.7
810.8
810.8
810.8
810.8
810.8
810.9
810.9
810.9
811.0
811.0
811.0
811.1
811.1
811.2
811.2
811.2
811.3
811.3
811.4
811.4
811.5
811.5
811.5
811.6
811.6
811.6
811.6
811.6
811.7
811.7
811.9
811.9
811.9
811.9
812.0
812.0
812.0
812.1
812.1
812.1
812.1
812.2
812.2
812.2
812.3
812.4
812.5
812.5
812.6
812.6
812.7
812.8
812.8
812.9
813.0
813.0
813.1
813.2
813.2
813.2
813.2
813.4
813.4
813.4
813.5
813.6
813.6
813.7
813.9
813.9
814.0
814.0
814.0
814.0
814.1
814.1
814.2
814.3
814.4
814.6
814.6
814.7
814.7
814.9
814.9
815.0
815.1
815.2
815.5
815.5
815.8
815.9
816.0
816.1
816.1
816.2
816.2
816.3
816.4
816.4
816.4
816.4
816.5
816.6
816.8
816.9
817.0
817.1
817.2
817.3
817.3
817.9
818.0
818.1
818.1
818.2
818.5
818.5
818.6
818.8
818.8
818.9
818.9
818.9
819.1
819.1
819.3
819.5
819.7
819.7
819.7
819.8
819.9
820.3
820.7
820.8
821.0
821.0
821.1
821.2
821.5
821.7
821.9
822.2
822.5
822.8
822.9
823.1
823.4
823.4
824.0
824.1
824.6
825.0
825.0
825.0
825.1
825.1
825.2
826.0
826.1
826.1
826.3
826.7
827.0
827.1
827.2
828.0
828.4
828.6
828.6
828.8
828.9
829.3
829.5
829.6
829.6
829.8
830.1
830.5
830.7
831.0
831.2
831.6
833.2
833.4
833.8
833.9
834.1
834.5
834.7
834.8
836.2
836.3
836.8
837.0
838.8
839.1
839.7
840.8
840.9
841.6
842.1
849.3
851.8
979.0
979.3
979.5
979.9
979.9
979.9
979.9
980.1
980.1
980.2
980.4
980.4
980.4
980.4
980.4
980.5
980.5
980.5
980.5
980.5
980.7
980.7
980.7
980.9
980.9
980.9
980.9
981.0
981.0
981.0
981.0
981.0
981.0
981.0
981.1
981.2
981.2
981.2
981.3
981.3
981.3
981.3
981.4
981.4
981.5
981.5
981.5
981.5
981.5
981.5
981.6
981.6
981.6
981.6
981.6
981.6
981.6
981.6
981.6
981.6
981.6
981.6
981.6
981.7
981.7
981.7
981.7
981.7
981.7
981.7
981.7
981.7
981.7
981.7
981.8
981.8
981.8
981.8
981.8
981.8
981.8
981.8
981.9
981.9
981.9
981.9
981.9
981.9
981.9
982.0
982.0
982.0
982.0
982.0
982.0
982.0
982.1
982.1
982.1
982.1
982.1
982.1
982.1
982.1
982.1
982.1
982.1
982.1
982.1
982.2
982.2
982.2
982.2
982.2
982.2
982.2
982.2
982.3
982.3
982.3
982.3
982.3
982.3
982.4
982.4
982.4
982.4
982.4
982.4
982.4
982.4
982.4
982.4
982.5
982.5
982.5
982.5
982.5
982.5
982.5
982.5
982.5
982.5
982.5
982.5
982.5
982.5
982.5
982.5
982.5
982.6
982.6
982.6
982.6
982.6
982.6
982.6
982.6
982.6
982.6
982.6
982.7
982.7
982.7
982.7
982.7
982.7
982.7
982.7
982.7
982.7
982.7
982.7
982.8
982.8
982.8
982.8
982.8
982.8
982.8
982.8
982.8
982.8
982.9
982.9
982.9
982.9
982.9
982.9
982.9
982.9
982.9
982.9
982.9
982.9
983.0
983.0
983.0
983.0
983.0
983.0
983.0
983.0
983.0
983.0
983.1
983.1
983.1
983.1
983.1
983.1
983.1
983.1
983.1
983.1
983.2
983.2
983.2
983.2
983.2
983.2
983.2
983.2
983.2
983.2
983.2
983.2
983.2
983.2
983.2
983.2
983.2
983.2
983.3
983.3
983.3
983.3
983.3
983.3
983.3
983.3
983.3
983.3
983.3
983.3
983.3
983.3
983.3
983.3
983.3
983.3
983.3
983.3
983.3
983.4
983.4
983.4
983.4
983.4
983.4
983.5
983.5
983.5
983.5
983.5
983.5
983.5
983.5
983.5
983.5
983.5
983.5
983.5
983.6
983.6
983.6
983.6
983.6
983.6
983.6
983.6
983.6
983.6
983.6
983.6
983.6
983.6
983.7
983.7
983.7
983.7
983.7
983.7
983.7
983.7
983.7
983.7
983.7
983.7
983.7
983.7
983.7
983.7
983.8
983.8
983.8
983.8
983.8
983.8
983.8
983.8
983.8
983.8
983.8
983.8
983.9
983.9
983.9
983.9
983.9
983.9
983.9
983.9
983.9
983.9
983.9
983.9
983.9
983.9
983.9
983.9
983.9
983.9
983.9
983.9
984.0
984.0
984.0
984.0
984.0
984.0
984.0
984.0
984.0
984.0
984.0
984.0
984.0
984.0
984.0
984.0
984.0
984.1
984.1
984.1
984.1
984.1
984.1
984.1
984.1
984.1
984.1
984.1
984.1
984.1
984.1
984.1
984.1
984.1
984.2
984.2
984.2
984.2
984.2
984.2
984.2
984.2
984.2
984.2
984.2
984.2
984.3
984.3
984.3
984.3
984.3
984.3
984.3
984.3
984.3
984.3
984.3
984.3
984.3
984.3
984.3
984.3
984.3
984.4
984.4
984.4
984.4
984.4
984.4
984.4
984.4
984.4
984.4
984.4
984.4
984.5
984.5
984.5
984.5
984.5
984.5
984.5
984.5
984.5
984.5
984.5
984.5
984.5
984.6
984.6
984.6
984.6
984.6
984.6
984.6
984.6
984.6
984.6
984.6
984.6
984.6
984.6
984.6
984.6
984.7
984.7
984.7
984.7
984.7
984.7
984.7
984.7
984.7
984.7
984.7
984.7
984.7
984.7
984.7
984.8
984.8
984.8
984.8
984.8
984.8
984.8
984.8
984.8
984.8
984.8
984.8
984.8
984.8
984.8
984.9
984.9
984.9
984.9
984.9
984.9
984.9
984.9
984.9
984.9
984.9
984.9
984.9
985.0
985.0
985.0
985.0
985.0
985.0
985.0
985.0
985.0
985.1
985.1
985.1
985.1
985.1
985.1
985.1
985.1
985.1
985.1
985.1
985.1
985.1
985.1
985.1
985.2
985.2
985.2
985.2
985.2
985.2
985.2
985.2
985.2
985.2
985.2
985.3
985.3
985.3
985.3
985.3
985.3
985.3
985.3
985.3
985.4
985.4
985.4
985.4
985.4
985.4
985.4
985.4
985.5
985.5
985.5
985.5
985.5
985.5
985.5
985.5
985.5
985.5
985.5
985.5
985.5
985.5
985.6
985.6
985.6
985.6
985.6
985.6
985.6
985.6
985.7
985.7
985.7
985.7
985.7
985.7
985.7
985.7
985.7
985.7
985.7
985.8
985.8
985.8
985.8
985.8
985.8
985.8
985.8
985.8
985.8
985.9
985.9
985.9
985.9
985.9
985.9
985.9
986.0
986.0
986.0
986.0
986.0
986.0
986.0
986.0
986.0
986.0
986.1
986.1
986.1
986.1
986.1
986.1
986.1
986.1
986.1
986.2
986.2
986.2
986.2
986.2
986.3
986.3
986.3
986.3
986.3
986.4
986.4
986.4
986.4
986.4
986.4
986.4
986.4
986.4
986.5
986.5
986.5
986.5
986.5
986.5
986.5
986.5
986.5
986.5
986.5
986.6
986.6
986.6
986.6
986.6
986.6
986.7
986.7
986.7
986.7
986.7
986.8
986.8
986.8
986.8
986.8
986.8
986.9
986.9
986.9
986.9
986.9
986.9
986.9
987.0
987.0
987.0
987.0
987.0
987.0
987.1
987.1
987.1
987.1
987.2
987.2
987.3
987.3
987.3
987.3
987.3
987.4
987.4
987.4
987.5
987.5
987.5
987.5
987.5
987.6
987.6
987.6
987.6
987.6
987.6
987.6
987.6
987.7
987.7
987.7
987.7
987.7
987.8
987.9
987.9
988.0
988.1
988.1
988.1
988.1
988.1
988.1
988.1
988.2
988.2
988.2
988.2
988.3
988.3
988.3
988.3
988.3
988.4
988.5
988.5
988.5
988.6
988.6
988.7
988.7
988.7
988.8
988.9
989.0
989.1
989.1
989.1
989.1
989.2
989.2
989.3
989.4
989.4
989.5
989.5
989.5
989.6
989.6
989.7
989.7
989.7
989.8
989.8
989.8
989.8
989.8
989.9
989.9
990.0
990.1
990.2
990.3
990.3
990.4
990.4
990.4
990.5
990.5
990.6
990.7
990.8
990.8
990.8
990.9
991.0
991.0
991.0
991.0
991.1
991.2
991.4
991.5
991.5
991.7
991.8
991.9
991.9
992.0
992.0
992.0
992.1
992.1
992.1
992.1
992.1
992.2
992.2
992.6
992.7
992.7
992.8
992.8
993.0
993.1
993.2
993.3
993.5
993.6
993.6
993.7
993.8
993.8
993.9
994.1
994.1
994.2
994.3
994.3
994.5
994.5
994.6
995.0
995.1
995.1
995.3
995.4
995.5
995.5
995.7
995.8
996.2
996.2
996.3
996.4
996.4
996.4
996.6
996.8
996.9
997.0
997.2
997.2
997.2
997.4
997.5
997.5
997.8
997.8
997.9
998.0
998.0
998.3
998.3
998.5
998.6
999.1
999.1
999.3
999.4
999.5
999.7
