15
16
17
18
19
20
21
22
23
24
25
26
29
30
31
32
33
34
35
36
37
38
39
40
41
42
43
44
45
46
47
48
50
51
52
53
54
56
57
58
59
60
61
62
63
64
65
66
67
69
70
71
73
74
75
13
14
27
28
49
55
68
72
76
77
78
79
80
81
82
83
84
85
86
87
88
89
8
9
10
11
12
90
91
6
7
92
4
5
93
94
2
3
95
96
1
0
97
98
99
17
18
33
35
39
43
44
48
51
52
54
15
16
19
20
21
22
23
24
25
26
27
28
29
30
31
32
34
36
37
38
40
41
42
45
46
47
49
50
53
55
56
57
58
59
60
61
62
63
64
65
66
67
69
70
71
73
74
75
14
68
72
76
78
79
13
77
80
81
82
84
87
83
85
86
89
88
8
9
10
11
12
90
91
6
7
92
4
5
93
94
2
3
95
96
1
0
97
98
42
48
51
52
61
62
66
31
33
34
36
39
40
43
45
47
56
57
59
71
74
99
17
30
32
41
46
49
53
54
55
58
60
63
67
70
73
15
16
22
24
25
35
37
38
44
50
64
65
68
69
72
18
21
23
27
28
29
75
76
19
20
26
77
79
80
81
78
82
84
14
83
85
87
86
13
88
89
12
91
11
90
8
9
10
92
7
6
5
4
94
93
42
48
51
61
66
96
40
52
62
3
39
45
71
74
30
31
33
36
43
47
56
57
60
95
2
32
34
59
70
73
17
41
46
53
54
55
58
63
67
25
49
65
68
69
72
1
16
22
24
35
37
38
50
64
15
21
23
28
44
76
27
29
77
18
26
75
81
19
79
80
20
78
0
84
87
14
85
82
83
86
97
13
88
98
89
99
42
48
51
61
66
40
52
62
39
45
12
31
33
36
43
56
57
60
71
74
8
9
11
30
32
34
47
59
70
73
55
58
67
90
91
10
41
46
49
53
54
63
65
68
69
72
17
25
35
37
38
50
64
22
24
28
7
16
23
27
29
44
6
21
75
76
92
26
77
15
18
81
5
19
79
20
78
80
4
94
84
82
87
14
85
83
93
86
96
3
13
2
88
95
1
48
51
42
52
61
62
66
89
40
45
36
39
56
57
71
31
33
43
47
60
74
0
30
32
34
59
70
73
55
67
41
46
58
63
49
53
54
65
68
69
72
17
25
38
50
35
37
64
22
24
28
97
12
16
23
44
11
21
27
29
75
76
77
9
8
26
91
15
81
90
10
18
79
80
98
19
78
20
7
92
6
82
84
5
87
99
14
83
85
4
86
94
13
48
51
61
42
62
66
52
88
93
40
45
36
39
56
57
71
74
31
33
43
47
60
30
59
96
3
32
34
55
70
73
89
46
58
41
49
53
63
67
2
54
50
65
68
69
95
37
38
72
1
17
25
35
44
64
24
28
22
23
16
21
27
29
26
75
76
77
15
18
81
19
20
78
79
80
12
0
9
11
91
8
82
90
84
10
48
51
61
42
66
14
52
62
87
83
85
40
45
57
97
36
39
56
71
31
43
47
60
86
7
33
59
74
6
13
30
32
34
55
70
92
5
46
58
73
41
49
53
54
63
67
38
50
65
68
69
37
72
88
25
35
44
64
98
4
17
28
94
22
23
24
27
29
16
21
75
89
26
76
77
15
18
81
93
99
19
20
79
78
80
3
96
48
51
2
61
1
12
42
62
66
52
82
95
84
9
11
40
45
14
36
56
57
71
8
39
60
83
85
87
91
31
33
43
74
10
47
59
90
30
32
34
70
55
73
58
67
86
0
41
46
63
13
49
53
54
65
68
50
69
72
38
7
25
35
37
64
6
17
92
5
24
28
44
22
23
88
27
29
16
21
75
76
26
77
4
97
89
15
81
18
94
19
79
78
80
20
48
51
42
61
52
62
66
93
98
40
45
82
57
3
36
39
43
47
56
60
84
12
31
71
96
33
59
74
30
32
34
46
55
41
49
53
58
70
87
2
9
11
14
54
63
73
83
85
50
67
1
65
99
38
68
91
8
37
44
69
95
35
64
72
90
25
86
10
13
28
17
24
22
23
27
29
16
21
75
26
76
77
88
0
6
7
81
92
5
15
18
19
48
51
61
42
79
80
20
52
62
66
78
40
45
89
57
36
39
56
43
47
60
31
33
59
71
4
34
55
94
30
32
46
49
74
82
41
53
54
58
63
67
70
50
73
84
65
97
38
68
14
37
69
44
64
35
72
83
87
12
85
25
93
28
9
11
17
24
3
22
23
27
29
86
96
8
13
98
16
21
26
75
76
91
77
10
90
2
1
48
51
61
42
62
66
15
18
52
81
88
95
19
79
40
78
80
20
45
36
39
56
57
99
60
31
43
47
71
6
7
33
59
5
32
34
55
74
89
92
30
46
41
49
58
70
53
54
67
73
82
63
50
65
84
38
68
69
0
37
35
44
64
72
4
14
25
83
87
94
28
85
17
24
27
29
22
23
12
21
26
48
51
75
16
42
61
76
86
52
62
11
66
77
9
13
40
45
93
97
57
8
18
56
81
91
15
36
39
43
47
60
79
96
19
78
3
20
59
71
80
90
31
33
55
88
10
32
34
46
30
41
49
58
74
53
54
70
63
67
73
50
2
38
65
68
69
1
37
44
64
82
35
72
95
98
89
84
25
28
5
6
7
92
17
24
27
14
22
23
29
48
51
42
61
83
87
52
62
75
85
21
26
66
16
76
40
45
77
57
56
4
36
39
94
43
47
60
86
99
12
13
18
59
71
81
15
19
31
33
79
0
34
46
55
78
20
32
49
58
74
80
11
30
41
9
53
54
70
63
67
73
50
65
8
38
68
88
69
91
93
37
44
64
72
10
35
82
90
25
96
28
3
84
48
51
61
97
24
27
42
17
22
23
29
62
89
52
66
14
40
75
21
26
45
83
16
76
87
2
57
77
85
56
1
5
6
7
36
39
47
60
95
43
92
71
59
31
33
55
34
46
49
18
32
58
81
86
15
30
41
53
54
74
78
79
19
63
70
13
20
50
67
80
73
98
12
38
65
68
37
44
69
4
64
94
35
72
11
9
48
51
25
28
42
61
88
82
52
62
66
8
24
27
91
29
40
17
22
23
45
84
0
57
75
90
10
26
47
56
21
36
39
43
60
99
16
76
77
93
55
59
71
89
14
31
33
46
83
34
49
58
87
32
41
53
30
54
74
85
63
70
50
67
96
3
18
73
81
79
15
19
38
65
78
20
68
80
44
69
37
64
86
5
6
7
35
13
72
92
2
97
1
25
28
66
12
95
24
82
27
29
17
22
23
11
56
75
4
9
36
39
47
60
88
26
43
84
21
76
94
59
71
16
31
33
55
46
77
32
34
49
58
8
41
30
53
54
74
91
63
67
70
14
50
83
73
98
10
65
87
18
38
79
81
85
89
19
68
78
90
15
37
44
64
69
20
80
35
72
61
93
62
0
66
86
25
28
13
40
45
57
24
27
47
56
60
3
29
36
39
96
43
82
7
17
22
23
5
6
75
55
59
71
26
33
46
31
49
58
92
12
21
34
76
32
41
53
54
16
84
30
50
63
70
74
77
67
88
99
73
2
11
65
38
1
9
44
68
37
64
69
14
42
61
83
4
18
79
81
19
35
62
72
78
95
15
20
66
87
8
80
85
94
40
45
91
97
25
28
57
89
10
47
56
60
39
36
43
24
27
29
46
55
59
86
90
49
71
13
22
23
33
58
75
17
31
34
32
41
53
54
26
82
30
50
63
21
67
70
74
76
16
77
65
73
38
44
64
68
69
84
93
37
5
7
12
35
6
66
72
0
18
3
40
78
79
81
88
19
45
14
98
15
20
57
11
83
28
47
56
80
92
25
60
96
9
39
36
43
87
55
59
85
24
27
29
46
71
33
49
58
31
4
23
34
41
22
32
53
54
75
1
8
17
2
50
63
26
30
67
70
74
89
21
76
65
73
82
86
13
38
10
16
61
91
44
77
68
69
37
62
64
94
66
95
35
90
40
72
45
84
57
18
79
19
47
56
60
78
81
39
15
20
25
28
36
43
80
14
55
59
46
49
12
58
71
83
33
27
31
34
41
53
54
88
97
24
29
99
32
51
5
50
63
23
48
67
6
7
22
30
70
75
74
42
61
87
17
26
52
65
85
11
38
62
73
44
9
21
68
76
64
69
93
37
66
16
3
40
77
45
82
35
92
57
72
47
56
8
13
60
86
0
39
43
36
89
55
59
4
28
46
49
18
25
58
78
79
19
84
10
33
41
51
53
54
71
81
34
48
96
20
31
32
50
15
63
27
29
42
61
67
80
24
30
52
91
70
62
1
23
65
74
75
2
38
14
22
44
73
26
17
64
68
83
37
66
69
40
45
21
90
57
76
35
94
12
47
16
56
60
72
77
87
88
39
85
43
36
82
46
55
59
49
5
51
58
98
48
11
28
53
54
41
71
9
25
33
34
7
31
42
50
63
6
32
52
61
78
79
95
18
67
13
62
19
70
30
81
27
29
65
20
86
24
74
15
38
44
73
75
66
84
23
64
80
68
22
45
69
37
40
89
26
57
8
17
47
56
76
21
35
60
14
72
39
43
3
83
10
36
92
77
93
51
55
59
16
46
48
49
58
4
53
54
41
42
61
71
52
33
34
50
63
28
31
32
62
82
67
25
70
87
91
65
97
30
44
38
66
78
79
85
27
29
45
74
18
64
73
40
19
57
68
24
69
12
37
75
88
81
20
47
56
23
60
0
22
15
26
35
43
80
13
51
39
55
72
17
46
48
59
36
49
58
84
76
1
11
42
52
53
54
61
86
21
2
41
50
90
62
63
96
71
33
34
67
77
9
32
31
16
44
28
65
70
5
45
66
38
40
25
57
64
14
30
74
47
68
83
56
69
73
37
89
94
7
60
27
29
6
51
43
82
48
75
55
39
46
49
59
78
79
35
52
58
24
36
53
54
61
42
18
50
72
19
41
23
62
81
22
26
63
20
71
33
34
67
8
87
32
44
76
80
17
45
15
31
65
66
21
40
57
70
38
64
85
47
56
28
60
51
69
30
68
77
48
37
74
43
55
73
25
49
84
10
46
52
59
39
58
42
54
61
16
53
50
36
62
41
35
75
13
29
27
63
88
99
72
71
45
86
67
24
44
33
34
57
79
32
40
65
78
66
82
47
92
56
64
23
31
51
26
38
70
60
48
22
83
14
12
52
46
49
55
43
69
19
18
81
91
68
58
59
61
42
54
76
53
37
4
39
50
20
95
30
62
93
74
73
28
80
3
21
41
17
36
63
45
35
25
57
77
11
71
67
75
44
72
40
47
51
15
66
56
89
65
34
32
90
91
92
93
94
95
96
97
98
99
89
88
86
85
87
0
1
2
3
4
5
6
7
8
9
10
11
12
13
14
84
83
15
82
81
80
17
16
18
19
90
91
20
92
93
94
79
95
96
89
21
88
97
78
98
77
99
86
22
23
85
87
76
7
8
9
10
11
12
24
6
4
5
13
2
3
14
1
84
0
83
25
26
27
15
75
29
74
28
30
73
82
31
81
72
17
16
80
18
32
19
20
33
34
70
71
21
35
36
79
69
37
38
89
39
67
78
88
22
66
68
23
40
41
65
42
43
64
77
24
44
45
63
62
46
47
48
49
59
60
61
76
86
50
51
52
54
56
58
53
55
57
85
87
90
91
25
92
26
13
27
14
84
75
29
28
74
83
30
73
93
15
94
31
72
11
10
8
9
12
95
96
70
71
32
33
7
34
6
69
81
82
35
80
36
68
66
37
67
79
4
64
65
17
38
39
5
16
18
59
61
63
42
41
77
78
40
43
60
62
55
56
57
58
97
54
45
48
53
44
52
76
88
19
20
47
51
99
46
49
50
85
86
87
90
21
89
91
2
3
74
98
22
92
1
23
83
24
75
84
73
0
26
25
94
27
29
93
72
13
96
14
28
31
81
30
71
9
12
15
80
82
70
95
16
8
5
17
35
33
10
6
7
34
11
32
77
19
79
2
20
18
4
85
36
3
87
21
86
88
68
69
76
33
35
37
38
39
40
41
42
43
44
46
48
49
50
51
52
53
54
55
56
61
62
32
34
36
45
47
57
58
59
60
63
64
65
66
67
31
68
69
30
70
71
72
28
29
73
25
26
27
74
75
22
24
23
21
16
17
18
19
20
76
77
78
79
80
15
81
82
14
13
83
84
85
87
86
88
89
9
12
8
10
11
7
6
90
91
92
4
5
93
94
2
3
95
96
1
0
97
98
99
22
16
17
18
20
21
23
24
25
26
27
28
29
30
31
32
33
34
35
19
36
37
73
74
75
38
39
66
67
69
70
71
72
76
78
40
41
42
43
44
46
55
61
62
63
64
65
68
77
79
15
45
47
48
49
50
51
52
53
54
56
57
58
59
60
80
81
82
14
13
83
84
87
85
86
89
88
12
9
10
11
8
7
6
90
91
32
33
34
36
42
48
51
66
92
4
5
30
31
39
40
43
45
47
52
61
62
71
22
23
24
25
27
28
35
37
38
41
46
49
53
54
55
56
57
58
59
60
63
65
67
69
70
73
74
17
18
21
29
44
50
64
68
72
16
20
26
75
76
15
19
77
78
93
94
79
81
80
82
95
96
1
3
2
0
14
84
83
13
97
85
87
86
98
99
88
89
12
9
11
42
48
51
61
66
8
30
31
32
33
36
40
52
62
10
34
39
45
57
71
74
43
47
56
60
70
73
17
41
46
49
55
59
67
22
23
24
25
28
38
53
54
58
63
69
72
16
21
27
35
37
50
65
68
90
29
44
64
91
6
7
15
18
26
76
19
75
77
20
5
78
79
81
80
92
4
82
94
93
14
84
3
83
13
96
1
2
85
87
95
86
42
48
51
36
39
40
45
52
32
33
34
43
47
57
61
62
30
31
41
46
49
55
56
60
66
0
53
54
58
59
35
37
38
50
63
67
71
44
65
70
73
74
88
25
28
64
68
69
17
22
23
24
27
29
72
21
26
89
16
18
19
75
76
20
97
15
77
78
12
79
81
80
9
98
8
11
10
82
99
7
90
91
6
14
84
83
5
13
40
42
48
51
52
92
4
36
39
45
61
85
87
32
33
34
43
47
57
62
66
30
31
41
46
49
56
60
55
59
38
50
53
54
58
63
71
86
37
67
70
94
35
65
73
74
25
28
44
64
68
69
24
72
93
22
23
27
29
17
3
21
26
16
75
76
88
96
1
2
18
19
77
15
20
89
78
79
95
81
80
0
82
12
9
11
8
84
10
14
42
51
48
83
40
45
52
61
36
39
62
90
91
97
31
33
43
47
57
66
7
30
32
34
56
60
85
41
46
49
55
59
87
6
13
53
58
71
38
50
54
63
67
70
74
37
73
5
35
44
65
98
25
28
64
68
69
86
92
24
27
72
17
22
23
29
4
21
26
16
75
76
94
18
19
77
20
78
88
15
79
81
99
93
80
89
3
82
96
42
48
51
52
40
45
61
62
1
2
36
39
43
47
56
57
66
95
31
32
33
34
60
14
30
41
46
49
55
59
84
12
53
54
58
71
38
50
63
9
37
67
70
74
83
35
44
65
73
11
64
68
69
8
25
28
72
10
13
22
23
24
27
29
85
87
17
21
26
0
16
75
76
86
90
91
7
18
77
6
19
5
20
15
78
79
81
80
4
92
88
97
42
48
51
40
52
61
45
62
82
36
39
66
89
94
47
57
31
32
33
34
43
56
60
30
41
46
49
55
59
71
58
53
54
63
67
70
84
93
98
38
50
73
74
14
37
65
3
68
69
35
44
64
83
25
28
72
12
24
27
29
96
17
22
23
1
2
9
85
87
11
13
21
26
16
99
8
75
76
95
10
77
86
18
19
20
15
78
79
81
91
42
48
51
80
90
7
40
52
61
6
45
62
0
5
36
39
47
57
66
43
56
60
31
33
34
88
32
41
46
49
55
59
30
58
71
82
4
53
54
63
50
67
70
92
38
74
37
65
73
44
64
68
69
89
35
25
28
84
72
14
24
27
94
22
23
29
17
21
26
83
16
75
97
12
76
93
13
77
85
87
3
9
18
19
11
20
15
8
78
79
61
81
86
1
2
62
96
10
80
98
36
39
66
56
33
60
31
32
34
55
59
30
41
95
58
71
91
53
54
63
7
50
67
70
82
90
6
38
74
88
5
37
65
73
68
69
35
44
64
99
25
28
72
24
27
84
0
4
22
23
29
89
14
17
92
21
26
83
16
75
76
77
42
48
51
87
94
13
18
19
52
85
40
45
12
15
20
61
62
47
57
78
79
36
39
43
66
81
9
56
46
49
60
80
86
11
31
32
33
34
55
59
41
93
3
8
30
58
71
53
54
63
50
67
38
70
97
10
37
65
73
74
68
44
64
69
2
35
82
96
72
1
25
28
88
91
27
24
29
90
7
22
23
5
6
17
21
26
84
95
14
75
98
16
76
89
77
83
4
18
19
20
92
15
78
79
85
87
13
81
0
80
12
99
94
86
9
74
11
73
68
69
8
28
72
25
82
93
10
27
3
24
29
22
23
17
88
21
26
75
84
16
91
96
14
76
2
90
1
77
97
5
7
6
18
83
19
89
15
20
78
79
81
85
87
95
13
80
4
92
37
44
65
73
74
64
68
35
69
86
98
12
72
25
28
9
11
27
29
94
0
24
82
22
23
17
8
21
26
75
16
10
76
88
84
77
99
14
93
3
18
19
91
15
20
78
79
83
81
90
89
5
7
80
87
96
2
6
85
13
1
97
86
4
95
92
24
27
29
12
82
22
23
17
21
26
9
75
11
16
76
94
77
84
8
88
98
14
18
19
0
10
15
20
78
79
81
83
80
91
93
87
3
85
89
13
90
5
7
6
27
99
24
29
86
96
2
22
23
1
17
82
26
21
75
4
12
16
76
92
77
95
9
11
18
84
97
19
14
20
15
78
79
81
88
8
83
94
80
10
87
85
13
89
91
0
90
98
93
3
17
86
5
21
26
82
7
6
16
76
77
96
2
12
18
19
84
1
4
15
20
78
79
9
14
81
92
11
80
88
83
99
8
95
87
85
94
10
13
97
17
89
26
21
75
82
91
16
86
76
90
77
5
7
0
18
93
3
6
19
15
20
78
84
79
81
12
14
80
98
2
9
83
96
4
11
88
1
92
8
87
85
13
10
16
76
82
94
95
89
77
86
91
18
19
99
20
15
78
79
90
81
97
84
5
80
7
14
6
12
93
3
83
0
88
9
11
87
85
4
13
92
2
16
76
96
8
82
1
77
98
10
86
18
89
19
20
78
79
15
81
94
84
91
80
95
14
90
22
5
83
17
7
26
75
6
12
21
76
88
16
85
87
3
9
93
97
77
99
11
13
82
0
4
8
18
19
92
20
78
79
86
15
81
2
89
96
10
80
1
84
14
17
91
94
21
83
98
76
16
90
95
5
12
77
87
7
85
88
6
82
13
9
11
18
19
78
79
20
3
15
81
93
86
8
24
29
80
4
22
23
84
89
92
17
97
26
75
10
0
14
21
2
76
96
99
16
83
1
77
91
94
82
87
12
85
90
13
18
19
88
5
78
79
7
20
15
27
81
6
24
29
9
11
23
80
95
22
17
86
26
75
84
98
21
8
3
76
89
14
4
93
16
77
10
83
92
82
18
19
87
27
0
2
78
79
85
29
91
13
20
24
81
96
97
15
88
1
12
22
23
80
17
90
94
26
75
5
21
7
6
9
84
86
11
76
16
99
14
77
8
25
89
83
95
27
4
10
18
82
19
29
3
24
78
79
93
20
81
87
15
22
23
92
85
13
17
26
75
80
98
21
88
35
12
76
91
72
84
16
2
28
86
77
5
25
0
1
9
90
14
11
94
96
7
6
27
29
83
24
18
89
19
82
97
78
79
8
23
20
22
81
15
75
17
26
35
87
80
10
21
72
85
13
4
76
28
16
3
25
95
77
88
84
92
12
93
86
27
14
29
91
24
37
68
99
18
9
19
22
23
78
79
83
5
11
35
82
20
26
75
15
17
81
90
72
2
6
7
21
80
89
1
28
76
94
8
87
0
25
85
16
13
96
38
77
98
65
74
10
27
73
44
84
37
29
64
68
69
24
88
4
14
35
18
22
23
86
12
19
78
75
79
26
72
17
20
82
15
81
30
63
83
21
28
67
92
97
70
3
76
80
9
25
38
91
65
11
74
16
44
73
37
77
93
64
68
95
69
5
27
87
29
89
85
13
24
33
35
6
34
7
31
32
71
90
84
23
50
8
22
63
72
75
18
30
67
19
26
78
79
70
17
20
14
28
38
10
21
65
82
15
81
39
44
25
36
43
94
74
76
86
2
88
1
55
73
37
46
49
64
59
68
80
83
69
58
41
54
16
33
53
77
12
27
34
29
31
32
71
35
50
63
24
4
0
67
72
30
75
23
22
47
70
56
66
60
26
38
39
87
65
9
36
43
18
28
55
78
44
46
49
79
19
13
59
85
84
17
74
96
11
20
21
58
64
73
25
37
68
41
54
69
53
76
89
33
81
82
34
15
61
71
32
50
92
31
62
14
45
63
40
91
35
27
57
80
29
47
5
77
67
66
16
56
30
60
24
3
72
39
70
43
83
38
46
55
49
36
65
75
59
7
44
86
42
58
6
23
52
54
22
8
28
53
61
64
26
41
62
45
37
68
73
50
69
74
88
40
33
57
63
93
34
71
10
47
32
90
18
56
25
51
78
21
17
31
60
66
79
99
48
67
19
35
46
49
43
55
39
76
59
20
42
52
44
58
65
54
38
70
61
30
36
53
72
27
45
62
29
50
81
41
64
57
47
51
15
40
82
95
63
48
68
84
56
77
24
69
75
37
60
87
12
46
49
13
80
55
73
71
66
34
52
16
85
33
90
91
92
93
94
95
96
97
98
99
89
88
