3766
9434
4582
8849
2128
5352
2586
518
3288
5020
8731
9523
424
6526
9906
7136
378
2218
6464
5804
4106
8820
5239
6454
2105
9296
7940
1638
8243
9528
3349
6143
2041
4737
6790
2695
835
7156
7365
6431
5682
4016
4083
6589
5849
1413
5351
4993
5134
1928
931
2646
5699
8914
8997
2536
5364
9230
6804
1234
2082
9162
1504
475
2068
2718
6605
7323
6447
6198
8353
3363
8943
6665
1926
4503
7633
2095
5924
2553
3341
8145
4817
9515
4215
8122
9336
919
3215
4826
9502
7309
7558
195
2722
9156
1570
3890
5821
5604
9886
3659
4898
7703
8070
1838
3972
4689
9526
6058
7722
5488
6141
2944
6484
5496
4205
4610
3246
6753
3119
5976
9121
5480
438
5077
2208
9415
5484
644
7776
6841
929
4445
9387
8884
3991
8371
1593
2020
8573
4721
6197
5240
1762
5058
6378
3591
4040
1093
4077
510
9032
3063
4380
4917
6899
8632
6441
3137
9828
350
945
7885
8509
2172
792
1117
8551
5755
9176
2751
