5.9
6.4
6.5
6.5
6.5
6.5
6.7
6.7
6.8
6.8
6.9
7.0
7.0
7.0
7.3
7.4
7.5
7.5
7.6
7.6
7.6
7.8
7.8
7.9
8.2
8.2
8.3
8.3
8.3
8.4
8.4
8.4
8.4
8.5
8.8
8.8
8.9
8.9
8.9
8.9
8.9
9.0
9.0
9.0
9.1
9.1
9.1
9.2
9.3
9.3
9.3
9.3
9.3
9.3
9.5
9.6
9.6
9.8
10.0
10.0
10.0
10.0
10.1
10.1
10.2
10.2
10.2
10.2
10.2
10.2
10.2
10.2
10.3
10.3
10.4
10.4
10.4
10.4
10.4
10.4
10.5
10.5
10.5
10.6
10.7
10.7
10.8
10.8
10.8
10.9
10.9
10.9
10.9
10.9
11.0
11.0
11.0
11.0
11.1
11.1
11.1
11.1
11.2
11.2
11.2
11.2
11.2
11.2
11.2
11.3
11.3
11.4
11.4
11.4
11.4
11.4
11.4
11.5
11.5
11.5
11.6
11.6
11.6
11.6
11.7
11.8
11.8
11.8
11.9
11.9
11.9
12.0
12.0
12.0
12.0
12.1
12.1
12.1
12.2
12.2
12.2
12.3
12.4
12.4
12.4
12.4
12.5
12.5
12.5
12.5
12.6
12.6
12.6
12.6
12.6
12.6
12.6
12.7
12.7
12.7
12.7
12.8
12.8
12.8
12.9
12.9
12.9
12.9
12.9
13.0
13.0
13.1
13.1
13.1
13.1
13.2
13.2
13.2
13.2
13.2
13.3
13.3
13.3
13.3
13.3
13.3
13.4
13.4
13.4
13.4
13.4
13.4
13.4
13.5
13.5
13.5
13.5
13.6
13.6
13.6
13.6
13.7
13.7
13.8
13.8
13.8
13.8
13.8
13.8
13.9
13.9
13.9
13.9
13.9
13.9
14.0
14.0
14.0
14.1
14.1
14.1
14.1
14.1
14.1
14.2
14.2
14.2
14.2
14.3
14.3
14.3
14.3
14.3
14.3
14.3
14.3
14.3
14.3
14.3
14.4
14.4
14.4
14.4
14.5
14.5
14.5
14.6
14.6
14.7
14.7
14.7
14.7
14.7
14.7
14.7
14.7
14.8
14.8
14.8
14.8
14.9
14.9
14.9
14.9
14.9
14.9
15.0
15.0
15.0
15.0
15.0
15.0
15.0
15.0
15.0
15.0
15.0
15.0
15.1
15.1
15.1
15.1
15.1
15.1
15.1
15.2
15.2
15.2
15.2
15.2
15.2
15.3
15.3
15.3
15.3
15.3
15.3
15.3
15.3
15.3
15.3
15.3
15.3
15.4
15.4
15.4
15.4
15.4
15.4
15.4
15.5
15.5
15.5
15.6
15.6
15.6
15.6
15.6
15.7
15.7
15.8
15.8
15.8
15.8
15.8
15.9
15.9
15.9
15.9
15.9
15.9
15.9
16.0
16.0
16.0
16.0
16.0
16.0
16.0
16.1
16.1
16.1
16.1
16.1
16.1
16.1
16.1
16.2
16.2
16.2
16.2
16.2
16.2
16.2
16.2
16.3
16.4
16.4
16.4
16.4
16.4
16.5
16.5
16.5
16.5
16.5
16.6
16.6
16.6
16.6
16.7
16.7
16.7
16.8
16.8
16.8
16.8
16.8
16.8
16.8
16.9
16.9
16.9
16.9
16.9
17.0
17.0
17.0
17.0
17.0
17.1
17.1
17.1
17.2
17.2
17.2
17.2
17.2
17.2
17.2
17.2
17.2
17.2
17.2
17.2
17.2
17.3
17.3
17.3
17.3
17.3
17.3
17.3
17.3
17.3
17.3
17.3
17.4
17.4
17.4
17.4
17.4
17.4
17.4
17.4
17.4
17.4
17.5
17.5
17.5
17.5
17.5
17.5
17.6
17.6
17.6
17.7
17.7
17.7
17.7
17.7
17.7
17.7
17.7
17.8
17.8
17.8
17.8
17.9
17.9
17.9
17.9
17.9
17.9
17.9
18.0
18.0
18.0
18.0
18.0
18.0
18.1
18.1
18.1
18.1
18.2
18.2
18.2
18.2
18.2
18.2
18.2
18.3
18.3
18.3
18.3
18.3
18.4
18.4
18.4
18.4
18.4
18.5
18.5
18.5
18.5
18.6
18.6
18.6
18.6
18.7
18.7
18.7
18.7
18.7
18.7
18.7
18.8
18.8
18.8
18.8
18.8
18.9
18.9
18.9
18.9
18.9
18.9
18.9
18.9
18.9
18.9
19.0
19.0
19.0
19.0
19.0
19.0
19.0
19.0
19.0
19.0
19.1
19.1
19.1
19.1
19.1
19.1
19.2
19.2
19.2
19.2
19.2
19.2
19.2
19.3
19.3
19.3
19.4
19.4
19.4
19.4
19.4
19.4
19.4
19.5
19.5
19.5
19.5
19.6
19.6
19.6
19.7
19.8
19.8
19.8
19.8
19.9
19.9
19.9
20.0
20.0
20.0
20.0
20.1
20.1
20.1
20.1
20.1
20.1
20.2
20.2
20.2
20.2
20.2
20.3
20.3
20.3
20.3
20.3
20.3
20.3
20.4
20.4
20.4
20.4
20.4
20.4
20.5
20.5
20.5
20.5
20.5
20.5
20.5
20.5
20.6
20.6
20.6
20.6
20.6
20.6
20.6
20.6
20.6
20.6
20.7
20.7
20.7
20.7
20.7
20.7
20.7
20.7
20.7
20.7
20.8
20.8
20.8
20.8
20.8
20.8
20.8
20.8
20.9
20.9
20.9
20.9
20.9
20.9
21.0
21.0
21.0
21.0
21.0
21.0
21.0
21.0
21.0
21.1
21.1
21.1
21.1
21.1
21.1
21.2
21.2
21.2
21.2
21.2
21.3
21.3
21.3
21.3
21.3
21.3
21.3
21.4
21.4
21.4
21.4
21.4
21.5
21.5
21.5
21.5
21.5
21.5
21.6
21.6
21.6
21.7
21.7
21.8
21.8
21.8
21.8
21.8
21.8
21.8
21.8
21.8
21.8
21.8
21.8
21.8
21.9
21.9
21.9
21.9
21.9
22.0
22.0
22.0
22.0
22.1
22.1
22.1
22.1
22.1
22.1
22.2
22.2
22.3
22.3
22.3
22.3
22.3
22.3
22.3
22.3
22.3
22.3
22.4
22.4
22.4
22.4
22.4
22.4
22.4
22.4
22.5
22.5
22.5
22.5
22.5
22.5
22.5
22.5
22.6
22.7
22.7
22.7
22.7
22.7
22.8
22.8
22.8
22.8
22.9
22.9
22.9
22.9
22.9
22.9
23.0
23.0
23.0
23.0
23.0
23.0
23.0
23.0
23.0
23.0
23.1
23.1
23.1
23.1
23.1
23.1
23.1
23.2
23.2
23.2
23.2
23.3
23.3
23.3
23.3
23.3
23.3
23.3
23.3
23.4
23.4
23.4
23.4
23.4
23.4
23.5
23.5
23.5
23.5
23.5
23.5
23.5
23.5
23.6
23.6
23.6
23.6
23.6
23.6
23.7
23.7
23.7
23.7
23.7
23.7
23.7
23.7
23.7
23.8
23.8
23.8
23.8
23.9
23.9
23.9
24.0
24.0
24.0
24.0
24.0
24.1
24.1
24.1
24.1
24.1
24.2
24.2
24.2
24.2
24.2
24.2
24.3
24.3
24.4
24.4
24.4
24.4
24.4
24.5
24.5
24.5
24.5
24.6
24.6
24.6
24.6
24.6
24.6
24.7
24.7
24.7
24.7
24.7
24.7
24.7
24.7
24.7
24.7
24.7
24.8
24.8
24.8
24.8
24.9
24.9
25.0
25.0
25.0
25.0
25.0
25.0
25.0
25.1
25.1
25.1
25.1
25.1
25.1
25.1
25.1
25.2
25.2
25.2
25.2
25.2
25.3
25.3
25.3
25.3
25.3
25.3
25.3
25.4
25.4
25.4
25.4
25.4
25.5
25.5
25.5
25.6
25.6
25.7
25.7
25.7
25.7
25.7
25.7
25.8
25.8
25.8
25.8
25.9
25.9
25.9
25.9
25.9
25.9
25.9
25.9
25.9
25.9
26.0
26.0
26.0
26.0
26.0
26.0
26.1
26.1
26.1
26.1
26.1
26.1
26.1
26.1
26.1
26.1
26.2
26.2
26.2
26.3
26.3
26.3
26.3
26.4
26.4
26.4
26.4
26.4
26.4
26.5
26.5
26.5
26.5
26.5
26.5
26.5
26.5
26.6
26.6
26.6
26.6
26.6
26.6
26.6
26.7
26.7
26.7
26.7
26.7
26.8
26.8
26.8
26.8
26.9
26.9
26.9
26.9
26.9
26.9
26.9
27.0
27.0
27.0
27.0
27.0
27.1
27.1
27.1
27.1
27.1
27.1
27.1
27.2
27.2
27.2
27.2
27.2
27.2
27.2
27.2
27.2
27.2
27.3
27.3
27.3
27.3
27.4
27.4
27.4
27.4
27.4
27.4
27.5
27.5
27.5
27.5
27.5
27.6
27.6
27.6
27.6
27.6
27.6
27.6
27.7
27.7
27.7
27.7
27.7
27.7
27.8
27.8
27.8
27.8
27.9
27.9
28.0
28.0
28.0
28.0
28.0
28.0
28.0
28.1
28.1
28.1
28.1
28.2
28.2
28.2
28.3
28.3
28.3
28.3
28.3
28.3
28.4
28.4
28.4
28.4
28.4
28.4
28.4
28.4
28.5
28.5
28.5
28.5
28.6
28.6
28.6
28.6
28.6
28.6
28.6
28.6
28.7
28.7
28.7
28.7
28.7
28.8
28.8
28.8
28.8
28.8
28.8
28.9
28.9
28.9
28.9
28.9
29.0
29.0
29.1
29.1
29.1
29.1
29.1
29.1
29.1
29.2
29.2
29.2
29.2
29.2
29.2
29.2
29.2
29.2
29.2
29.3
29.3
29.3
29.3
29.4
29.5
29.5
29.5
29.5
29.5
29.5
29.5
29.6
29.6
29.6
29.6
29.6
29.7
29.8
29.8
29.8
29.8
29.9
29.9
29.9
29.9
29.9
29.9
29.9
29.9
30.0
30.0
30.0
30.0
30.0
30.1
30.1
30.1
30.2
30.2
30.2
30.2
30.3
30.3
30.3
30.3
30.3
30.4
30.4
30.4
30.4
30.4
30.5
30.5
30.5
30.5
30.5
30.5
30.5
30.5
30.6
30.6
30.6
30.6
30.6
30.6
30.6
30.7
30.7
30.7
30.7
30.7
30.8
30.8
30.8
30.8
30.9
30.9
31.0
31.0
31.0
31.0
31.0
31.0
31.0
31.1
31.2
31.2
31.3
31.4
31.4
31.4
31.4
31.4
31.4
31.5
31.5
31.5
31.5
31.6
31.7
31.7
31.7
31.7
31.8
31.9
31.9
32.0
32.0
32.0
32.0
32.0
32.0
32.0
32.0
32.0
32.1
32.1
32.1
32.1
32.1
32.1
32.1
32.2
32.2
32.2
32.2
32.2
32.2
32.2
32.3
32.3
32.3
32.3
32.3
32.3
32.4
32.4
32.4
32.4
32.4
32.5
32.5
32.5
32.5
32.6
32.6
32.6
32.7
32.7
32.7
32.7
32.7
32.8
32.9
32.9
32.9
32.9
32.9
33.0
33.0
33.0
33.0
33.0
33.0
33.0
33.1
33.1
33.1
33.1
33.1
33.1
33.2
33.2
33.3
33.3
33.3
33.3
33.3
33.3
33.4
33.4
33.4
33.5
33.5
33.5
33.5
33.5
33.6
33.6
33.6
33.6
33.6
33.7
33.7
33.7
33.7
33.7
33.7
33.8
33.9
33.9
33.9
33.9
33.9
34.0
34.0
34.0
34.1
34.1
34.1
34.1
34.1
34.2
34.2
34.3
34.3
34.3
34.4
34.4
34.4
34.5
34.5
34.5
34.6
34.6
34.7
34.8
34.8
34.8
34.8
34.8
34.8
34.9
34.9
34.9
34.9
35.0
35.0
35.0
35.0
35.0
35.0
35.1
35.1
35.1
35.2
35.2
35.2
35.2
35.2
35.2
35.2
35.2
35.3
35.3
35.3
35.3
35.4
35.4
35.4
35.5
35.5
35.6
35.6
35.6
35.7
35.7
35.8
35.8
35.8
35.8
35.8
35.9
35.9
35.9
35.9
35.9
35.9
35.9
35.9
36.0
36.0
36.0
36.0
36.0
36.1
36.1
36.1
36.1
36.1
36.1
36.1
36.1
36.2
36.2
36.2
36.2
36.2
36.2
36.3
36.4
36.4
36.5
36.5
36.5
36.6
36.6
36.7
36.8
36.9
36.9
36.9
36.9
36.9
36.9
36.9
37.0
37.0
37.0
37.0
37.0
37.0
37.1
37.1
37.2
37.2
37.2
37.3
37.3
37.3
37.3
37.3
37.3
37.4
37.4
37.4
37.4
37.4
37.4
37.4
37.4
37.4
37.4
37.5
37.5
37.5
37.5
37.5
37.5
37.6
37.6
37.6
37.6
37.6
37.6
37.7
37.7
37.7
37.7
37.7
37.8
37.8
37.8
37.8
37.9
37.9
37.9
38.0
38.0
38.0
38.0
38.2
38.2
38.2
38.3
38.4
38.4
38.4
38.5
38.5
38.5
38.5
38.5
38.5
38.6
38.6
38.6
38.6
38.7
38.7
38.7
38.7
38.7
38.8
38.8
38.8
38.8
38.9
38.9
39.0
39.0
39.1
39.1
39.1
39.2
39.2
39.2
39.3
39.3
39.3
39.4
39.4
39.4
39.5
39.5
39.5
39.6
39.6
39.6
39.7
39.7
39.7
39.8
39.9
39.9
39.9
39.9
39.9
40.0
40.0
40.0
40.0
40.1
40.1
40.1
40.2
40.2
40.2
40.2
40.2
40.3
40.3
40.3
40.4
40.4
40.4
40.5
40.5
40.5
40.5
40.6
40.6
40.6
40.6
40.7
40.7
40.8
40.8
40.8
40.8
40.8
40.9
40.9
40.9
40.9
40.9
40.9
40.9
41.0
41.0
41.1
41.1
41.2
41.2
41.2
41.3
41.3
41.3
41.3
41.4
41.4
41.4
41.4
41.5
41.5
41.6
41.7
41.7
41.8
41.8
41.8
41.8
41.8
41.8
41.8
41.9
41.9
42.0
42.0
42.1
42.1
42.1
42.1
42.2
42.2
42.3
42.3
42.3
42.3
42.3
42.3
42.4
42.4
42.4
42.4
42.6
42.6
42.7
42.7
42.7
42.7
42.8
42.8
42.8
42.8
42.9
42.9
42.9
43.1
43.1
43.1
43.1
43.2
43.2
43.2
43.2
43.2
43.3
43.4
43.4
43.5
43.5
43.5
43.5
43.5
43.5
43.6
43.7
43.7
43.7
43.7
43.7
43.7
43.8
43.8
43.8
43.8
43.8
43.8
43.9
43.9
43.9
44.0
44.0
44.1
44.1
44.2
44.3
44.3
44.3
44.4
44.4
44.5
44.5
44.5
44.6
44.6
44.7
44.7
44.7
44.7
44.7
44.8
44.8
44.8
44.9
45.0
45.0
45.0
45.0
45.0
45.0
45.1
45.1
45.2
45.2
45.2
45.3
45.3
45.4
45.4
45.4
45.5
45.5
45.5
45.5
45.6
45.6
45.7
45.8
45.8
45.8
45.8
45.8
45.8
45.9
45.9
45.9
46.0
46.0
46.1
46.1
46.1
46.1
46.2
46.2
46.3
46.3
46.4
46.4
46.5
46.5
46.5
46.5
46.5
46.6
46.6
46.6
46.7
46.7
46.7
46.7
46.8
46.9
46.9
47.0
47.0
47.0
47.0
47.0
47.0
47.0
47.0
47.1
47.1
47.1
47.1
47.1
47.1
47.1
47.2
47.2
47.2
47.2
47.3
47.3
47.4
47.4
47.5
47.5
47.5
47.5
47.6
47.6
47.6
47.6
47.7
47.7
47.9
47.9
47.9
48.0
48.1
48.1
48.1
48.2
48.2
48.2
48.2
48.3
48.3
48.4
48.5
48.5
48.6
48.7
48.7
48.7
48.7
48.8
48.8
48.8
48.8
48.9
48.9
49.0
49.0
49.0
49.1
49.1
49.1
49.1
49.1
49.2
49.2
49.2
49.2
49.2
49.3
49.3
49.3
49.4
49.4
49.4
49.5
49.5
49.6
49.6
49.6
49.6
49.6
49.6
49.6
49.7
49.7
49.7
49.7
49.7
49.8
49.8
49.9
49.9
50.0
50.0
50.1
50.2
50.2
50.2
50.2
50.2
50.3
50.3
50.3
50.4
50.4
50.4
50.5
50.5
50.5
50.6
50.6
50.6
50.7
50.7
50.7
50.7
50.7
50.7
50.8
50.9
50.9
51.0
51.1
51.2
51.2
51.2
51.2
51.3
51.4
51.4
51.5
51.5
51.5
51.5
51.6
51.6
51.7
51.7
51.8
51.8
51.8
51.8
51.9
51.9
51.9
51.9
52.0
52.1
52.2
52.2
52.3
52.3
52.4
52.4
52.5
52.5
52.5
52.5
52.5
52.6
52.6
52.6
52.6
52.7
52.7
52.8
52.8
52.8
52.9
52.9
52.9
52.9
52.9
53.0
53.0
53.0
53.1
53.2
53.2
53.2
53.3
53.3
53.4
53.4
53.5
53.5
53.6
53.6
53.7
53.7
53.7
53.7
53.8
53.9
54.0
54.0
54.0
54.0
54.2
54.3
54.3
54.3
54.3
54.4
54.4
54.4
54.4
54.4
54.5
54.5
54.5
54.5
54.5
54.6
54.6
54.6
54.7
54.7
54.7
54.7
54.8
54.8
54.9
54.9
55.0
55.1
55.2
55.2
55.2
55.2
55.2
55.3
55.3
55.4
55.5
55.5
55.6
55.6
55.6
55.7
55.7
55.7
56.0
56.0
56.0
56.0
56.1
56.1
56.1
56.2
56.2
56.3
56.3
56.3
56.4
56.4
56.5
56.5
56.5
56.7
56.7
56.8
56.9
57.0
57.0
57.0
57.1
57.1
57.1
57.1
57.1
57.2
57.2
57.2
57.2
57.2
57.2
57.2
57.2
57.3
57.3
57.3
57.4
57.5
57.5
57.6
57.7
57.8
57.9
57.9
57.9
58.0
58.1
58.1
58.1
58.2
58.2
58.3
58.3
58.4
58.5
58.5
58.7
58.8
58.8
58.8
59.0
59.0
59.0
59.3
59.3
59.5
59.5
59.6
59.6
59.6
59.6
59.7
59.7
59.7
59.7
59.7
59.7
59.7
59.8
59.8
59.9
59.9
60.0
60.0
60.1
60.2
60.3
60.4
60.4
60.4
60.4
60.4
60.5
60.5
60.5
60.5
60.6
60.6
60.7
60.7
60.7
60.8
60.8
60.8
60.9
60.9
60.9
61.0
61.0
61.1
61.1
61.1
61.2
61.2
61.3
61.3
61.3
61.3
61.4
61.5
61.5
61.6
61.7
61.7
61.8
61.8
61.8
61.8
61.9
62.0
62.0
62.1
62.1
62.2
62.3
62.3
62.4
62.5
62.5
62.5
62.6
62.6
62.7
62.8
62.8
62.8
62.8
63.0
63.0
63.0
63.1
63.1
63.2
63.2
63.2
63.3
63.3
63.4
63.4
63.5
63.6
63.6
63.7
63.7
63.7
63.7
63.7
63.7
63.8
63.8
63.8
63.8
63.9
63.9
63.9
63.9
64.0
64.0
64.0
64.1
64.1
64.2
64.2
64.2
64.3
64.3
64.3
64.3
64.3
64.3
64.4
64.4
64.5
64.5
64.6
64.6
64.7
64.8
64.9
65.1
65.1
65.2
65.2
65.2
65.3
65.3
65.3
65.3
65.3
65.4
65.5
65.5
65.6
65.6
65.6
65.6
65.6
65.8
65.8
65.8
65.8
65.9
65.9
65.9
65.9
66.0
66.0
66.1
66.1
66.1
66.2
66.2
66.2
66.2
66.3
66.3
66.3
66.3
66.4
66.4
66.4
66.4
66.4
66.5
66.5
66.6
66.6
66.7
66.8
66.8
66.9
67.0
67.0
67.1
67.1
67.3
67.4
67.5
67.5
67.6
67.6
67.7
67.7
67.7
67.8
67.8
67.9
68.1
68.1
68.3
68.3
68.4
68.4
68.5
68.5
68.6
68.6
68.7
68.8
68.8
68.8
68.9
68.9
68.9
69.0
69.0
69.2
69.2
69.4
69.4
69.4
69.5
69.7
69.7
69.9
70.1
70.1
70.1
70.1
70.3
70.3
70.4
70.5
70.7
70.7
70.7
70.8
70.9
70.9
70.9
71.0
71.0
71.1
71.3
71.5
71.5
71.6
71.6
71.7
71.8
71.8
71.8
71.9
71.9
71.9
71.9
72.2
72.2
72.3
72.6
72.7
72.8
72.8
72.9
72.9
73.0
73.0
73.0
73.0
73.0
73.0
73.1
73.1
73.2
73.3
73.3
73.3
73.4
73.6
73.7
73.8
73.9
74.1
74.1
74.2
74.3
74.4
74.4
74.5
74.5
74.6
74.6
74.7
74.7
74.7
74.7
74.7
74.7
74.7
74.7
74.8
74.8
74.9
74.9
75.0
75.3
75.4
75.4
75.4
75.4
75.5
75.5
75.6
75.6
75.7
75.7
75.8
75.9
76.0
76.0
76.1
76.2
76.3
76.3
76.4
76.6
76.8
76.8
76.8
76.8
76.9
77.0
77.0
77.0
77.1
77.1
77.2
77.2
77.3
77.4
77.5
77.5
77.5
77.6
77.6
77.7
77.8
77.9
77.9
78.0
78.1
78.1
78.2
78.2
78.3
78.3
78.4
78.4
78.4
78.4
78.5
78.6
78.7
78.8
78.8
78.8
78.8
78.8
78.9
78.9
79.0
79.0
79.1
79.2
79.2
79.4
79.5
79.5
79.7
79.8
79.8
79.9
79.9
79.9
80.0
80.1
80.1
80.3
80.3
80.5
80.5
80.5
80.5
80.5
80.6
80.6
80.8
81.0
81.1
81.2
81.2
81.2
81.3
81.3
81.5
81.5
81.5
81.7
81.7
81.7
81.8
81.8
82.0
82.1
82.1
82.2
82.3
82.3
82.3
82.4
82.6
82.9
82.9
83.0
83.1
83.1
83.1
83.2
83.3
83.4
83.5
83.6
83.6
83.8
83.9
83.9
84.0
84.0
84.0
84.0
84.1
84.2
84.3
84.3
84.4
84.4
84.5
84.6
84.7
84.7
84.7
85.0
85.0
85.1
85.1
85.1
85.1
85.4
85.7
85.9
85.9
86.1
86.1
86.6
86.7
86.8
86.9
87.1
87.2
87.3
87.3
87.4
87.4
87.4
87.4
87.4
87.4
87.5
87.5
87.5
87.7
87.8
87.8
87.9
88.0
88.0
88.2
88.4
88.4
88.4
88.7
88.7
88.7
88.8
88.8
88.8
88.8
88.9
88.9
88.9
89.0
89.0
89.2
89.2
89.3
89.4
89.5
89.5
89.5
89.6
89.6
89.7
89.8
89.8
89.9
90.4
90.5
90.5
90.5
90.7
90.7
90.8
91.0
91.0
91.1
91.2
91.3
91.3
91.4
91.5
91.6
91.6
91.8
91.8
91.8
91.8
91.8
91.9
91.9
92.0
92.0
92.1
92.2
92.4
92.6
92.6
92.7
92.7
92.7
92.8
92.9
93.1
93.1
93.4
93.4
93.5
93.6
93.6
93.6
93.6
93.7
93.7
93.8
93.9
93.9
94.0
94.0
94.1
94.1
94.2
94.3
94.3
94.4
94.4
94.7
94.8
94.9
94.9
94.9
95.0
95.0
95.1
95.1
95.2
95.2
95.3
95.4
95.4
95.5
95.6
95.6
95.7
95.7
95.7
95.8
95.8
95.9
96.0
96.0
96.1
96.1
96.2
96.3
96.3
96.3
96.4
96.5
96.6
96.7
96.8
96.8
96.8
96.8
96.8
96.8
97.0
97.4
97.5
97.9
97.9
98.1
98.1
98.1
98.2
98.4
98.4
98.5
98.5
98.5
98.6
98.6
98.8
98.8
98.8
99.4
99.4
99.5
99.5
99.6
99.6
99.6
99.8
100.0
100.1
100.2
100.2
100.3
100.3
100.3
100.4
100.5
100.5
100.5
100.8
100.9
100.9
101.0
101.1
101.2
101.3
101.3
101.4
101.5
101.7
101.7
101.9
102.0
102.0
102.1
102.4
102.5
102.6
102.6
102.8
102.9
102.9
103.0
103.0
103.0
103.0
103.1
103.1
103.4
103.4
103.4
103.4
103.4
103.5
103.5
103.5
103.8
104.0
104.0
104.1
104.1
104.2
104.2
104.3
104.3
104.4
104.5
104.6
104.6
104.6
104.7
104.7
104.8
105.0
105.1
105.1
105.1
105.2
105.4
105.4
105.5
105.7
105.7
105.8
105.8
105.9
105.9
105.9
106.0
106.0
106.1
106.2
106.3
106.4
106.5
106.7
107.0
107.3
107.5
107.5
107.7
107.8
108.0
108.0
108.0
108.0
108.0
108.2
108.2
108.2
108.3
108.3
108.4
108.5
108.6
108.6
108.6
109.0
109.1
109.2
109.3
109.4
109.5
109.5
109.5
109.5
109.5
109.7
110.1
110.2
111.0
111.1
111.5
111.7
111.8
111.9
112.0
112.1
112.1
112.3
112.3
112.4
112.5
112.5
112.6
112.8
112.9
112.9
113.0
113.1
113.1
113.2
113.4
113.5
113.5
113.6
113.6
113.9
113.9
114.0
114.0
114.2
114.2
114.3
114.4
114.4
114.5
114.6
114.6
114.6
114.7
115.0
115.1
115.1
115.2
115.3
115.6
115.7
115.8
116.0
116.0
116.0
116.3
116.7
117.2
117.2
117.3
117.3
117.3
117.3
117.4
117.5
117.6
117.7
117.7
117.9
118.0
118.0
118.1
118.1
118.2
118.2
118.3
118.3
118.4
118.8
118.9
119.0
119.1
119.1
119.3
119.4
119.5
119.5
120.1
120.2
120.5
120.7
120.8
120.9
121.2
121.4
121.5
121.6
121.8
121.9
122.0
122.0
122.0
122.3
122.3
122.5
122.6
122.6
122.7
122.9
123.5
123.6
123.7
123.9
123.9
123.9
124.1
124.3
124.4
124.4
124.5
124.8
124.9
125.1
125.3
125.4
125.4
125.5
125.5
125.8
125.9
126.0
126.1
126.1
126.1
126.2
126.3
126.5
126.5
126.6
126.6
127.0
127.2
127.2
127.7
127.7
127.8
128.1
128.2
128.2
128.4
128.4
128.5
128.6
129.1
129.1
129.1
129.3
129.3
129.3
129.4
129.5
129.6
129.7
129.8
129.8
130.0
130.1
130.1
130.3
130.4
130.6
130.6
131.3
131.5
131.5
131.6
132.0
132.0
132.1
132.4
132.5
132.8
132.8
133.0
133.0
133.4
133.7
133.7
133.8
134.2
134.3
134.6
134.8
134.8
134.8
134.8
134.9
135.0
135.6
135.8
136.0
136.2
136.4
136.4
136.8
137.0
137.4
137.5
137.9
138.0
138.2
138.6
138.6
138.7
138.9
138.9
138.9
139.5
139.6
139.6
139.7
140.0
140.1
140.1
140.2
140.5
140.9
141.2
141.3
141.3
141.4
141.6
142.0
142.1
142.5
142.5
142.5
142.7
142.8
142.9
142.9
143.0
143.2
143.3
143.3
143.4
143.4
143.7
143.7
143.9
144.1
144.2
144.3
144.4
144.5
144.5
144.6
144.6
144.8
145.1
145.3
145.5
145.5
145.5
145.9
146.0
146.3
146.5
146.8
146.9
147.3
147.7
147.7
148.0
148.2
148.4
148.5
148.5
148.7
148.8
148.8
149.1
149.2
149.3
149.3
149.4
149.7
150.0
150.1
150.2
150.6
150.6
150.7
150.9
151.1
151.3
151.6
151.7
151.9
152.0
152.6
152.9
153.3
153.6
153.7
153.8
154.0
154.0
154.1
154.3
154.5
155.0
155.1
155.1
155.3
155.4
155.8
155.9
156.2
156.4
156.8
156.9
156.9
157.3
157.5
157.9
157.9
158.0
158.4
158.5
158.5
158.6
158.7
158.7
158.8
159.1
159.2
159.4
159.4
159.5
159.7
159.7
160.2
160.6
160.7
161.3
161.4
161.8
162.0
162.4
162.4
162.6
162.7
162.8
162.9
163.2
163.2
163.3
163.3
163.4
163.5
163.5
163.5
163.7
164.1
164.2
164.3
164.4
164.4
164.5
164.6
164.7
164.7
164.9
164.9
165.0
165.0
165.4
165.6
165.7
165.7
166.4
166.7
166.7
167.3
167.6
167.7
167.7
167.8
168.3
168.5
168.7
168.8
168.8
169.1
169.3
169.3
169.3
169.4
169.4
169.4
169.7
170.0
170.1
170.5
170.6
170.6
170.9
171.0
171.3
171.6
171.8
172.0
172.0
172.2
172.5
172.6
172.7
172.8
172.9
172.9
173.0
173.4
173.5
173.7
173.7
173.7
173.8
173.8
173.8
174.2
174.2
174.3
174.3
174.3
174.4
174.5
174.9
174.9
175.1
175.4
175.7
175.9
176.4
176.5
176.7
176.9
176.9
177.0
177.1
177.1
177.4
177.5
177.5
177.6
177.8
178.1
178.6
179.0
179.1
179.1
179.2
179.3
179.4
179.7
179.8
179.8
179.8
180.0
180.1
180.2
180.3
180.5
180.6
180.9
181.1
181.7
181.8
181.9
182.1
182.1
182.1
182.2
182.5
182.6
182.7
183.2
183.4
183.5
183.5
184.3
184.3
184.3
184.3
184.4
184.4
184.5
184.6
184.7
184.8
184.9
185.1
185.7
186.5
186.8
186.8
186.9
187.1
187.2
187.2
187.4
187.5
187.5
187.6
187.7
187.9
188.1
188.1
188.1
188.1
188.1
188.3
188.3
188.3
188.4
188.5
188.6
188.7
188.8
188.8
189.0
189.0
189.1
189.2
189.2
189.5
189.6
190.1
190.3
190.6
190.9
191.0
191.4
191.5
191.6
192.3
192.8
193.3
193.4
193.5
193.6
193.8
194.2
194.3
194.5
194.9
195.0
195.3
195.8
195.9
196.0
196.1
196.2
196.2
196.3
197.2
197.3
197.3
197.5
197.8
197.8
198.0
198.6
198.7
198.7
198.9
198.9
199.0
199.8
199.8
200.2
200.2
200.2
200.5
200.6
200.7
200.8
201.3
201.6
202.3
202.3
202.3
202.4
202.7
202.7
203.0
203.0
203.1
203.1
203.2
203.2
203.3
203.6
203.9
204.2
204.3
204.3
204.4
204.6
204.7
205.0
205.5
205.8
206.0
206.0
206.0
206.1
206.2
206.3
206.5
206.5
206.6
206.8
206.8
206.9
207.2
207.6
207.7
207.8
207.8
207.9
208.1
208.9
208.9
209.0
209.2
209.4
209.4
209.6
209.6
209.6
209.8
209.8
210.1
210.3
210.5
210.6
210.7
211.2
211.2
211.7
212.0
212.1
212.3
212.5
212.6
212.9
212.9
213.0
213.1
213.1
213.2
213.5
214.0
214.2
214.3
214.5
214.7
215.4
215.4
215.8
215.8
216.0
216.0
216.1
216.2
216.3
216.4
216.8
216.9
217.1
217.2
217.3
217.5
217.5
217.6
217.6
217.9
218.4
218.5
218.6
219.0
219.2
219.3
219.5
219.7
219.8
219.9
219.9
219.9
220.1
220.7
220.7
220.8
220.9
220.9
221.2
221.3
221.3
221.3
221.4
221.5
221.8
222.0
222.0
222.7
223.3
223.6
223.8
224.0
224.6
224.7
224.8
225.2
225.7
225.7
225.9
225.9
226.1
226.3
226.5
226.6
226.6
226.8
227.4
227.6
228.0
228.2
228.8
228.8
228.9
229.0
229.2
229.5
229.5
230.6
230.6
230.7
230.9
230.9
231.1
231.3
231.3
231.5
231.5
231.6
231.8
231.9
231.9
231.9
232.2
232.5
232.6
232.7
232.8
233.1
234.1
234.2
234.5
234.5
234.8
235.3
235.3
235.4
235.5
235.6
235.9
236.0
236.0
236.2
236.4
236.5
236.8
237.5
238.0
238.3
238.4
238.6
238.7
239.0
239.3
239.9
240.2
240.3
240.6
241.3
241.4
241.4
241.4
241.4
241.5
241.5
241.7
241.7
241.8
242.1
242.2
242.6
242.9
243.0
243.5
244.2
244.5
244.6
244.7
244.8
245.9
246.3
246.5
246.5
246.8
246.8
246.9
247.1
247.8
248.4
248.5
249.1
249.5
249.9
250.0
250.1
250.3
250.7
250.9
251.0
251.2
251.3
251.5
251.6
251.8
251.9
252.1
252.7
252.8
253.1
253.2
253.5
253.5
254.0
254.3
254.3
254.5
254.5
254.6
254.6
254.7
254.7
255.2
255.6
256.2
257.0
257.4
257.5
257.7
257.9
257.9
258.5
258.5
258.9
258.9
259.0
259.0
259.4
259.9
260.1
260.4
260.4
260.4
261.0
261.1
261.3
261.7
261.9
262.1
262.3
262.5
262.6
262.7
262.9
262.9
263.0
263.0
263.2
263.5
264.0
264.3
264.4
264.4
264.4
264.4
264.8
264.8
264.8
265.2
265.8
266.1
266.3
266.3
266.4
266.4
266.5
266.6
267.7
267.7
267.7
268.0
268.4
268.4
268.5
268.6
268.9
269.1
269.4
269.6
269.6
270.1
270.5
270.8
270.8
271.2
271.4
271.5
271.5
271.6
271.8
272.1
272.3
272.4
272.4
272.5
272.5
272.6
272.8
272.9
273.0
273.1
273.3
273.6
273.8
274.2
274.3
274.5
274.9
274.9
275.1
275.1
275.1
275.5
275.5
275.5
275.6
276.1
276.1
276.2
276.4
276.4
277.2
277.4
277.5
277.7
277.8
278.0
278.0
278.0
278.2
278.3
278.4
278.5
278.8
278.8
278.9
279.0
279.1
279.1
279.2
279.2
279.8
280.3
280.7
280.7
281.1
281.5
281.7
281.7
281.8
281.9
281.9
282.3
282.5
282.7
283.3
284.4
284.6
284.9
285.0
285.2
285.3
285.4
285.4
285.9
286.2
286.7
286.9
286.9
287.0
287.5
288.9
289.0
289.1
289.2
289.6
289.7
289.9
290.2
290.5
290.7
290.9
291.2
291.3
291.5
291.6
292.0
292.0
292.1
292.5
292.6
292.6
292.6
292.7
292.7
293.0
293.1
293.3
293.7
293.8
293.8
294.2
294.3
294.4
294.4
294.8
295.0
295.7
295.8
296.0
296.1
296.2
296.8
296.8
296.9
297.1
297.3
297.3
297.6
297.6
298.1
298.2
298.5
298.9
299.4
299.5
299.5
300.2
300.2
300.5
300.6
301.1
301.2
301.5
301.7
301.8
301.9
301.9
302.0
302.3
302.4
302.8
303.1
303.3
303.4
303.5
303.7
304.1
304.2
304.3
304.3
304.4
304.8
304.9
305.3
305.4
305.8
306.0
306.0
306.0
306.2
306.3
306.5
306.6
306.9
307.1
307.5
307.7
307.9
308.1
308.4
308.4
308.5
308.5
308.6
308.8
308.8
309.0
309.5
309.8
309.8
309.9
310.5
310.5
310.9
311.2
311.7
312.1
312.1
312.3
312.5
313.4
314.0
314.1
314.4
314.6
314.8
316.1
316.2
316.3
316.5
316.7
316.7
317.0
317.2
317.2
317.4
317.4
317.4
318.1
318.4
318.4
318.8
319.0
319.1
319.2
319.4
319.4
320.1
320.1
320.1
320.3
320.3
320.6
321.0
321.1
321.1
321.2
321.4
322.0
322.1
322.2
322.6
322.7
322.8
322.9
323.1
323.3
323.4
323.4
323.6
323.7
324.4
324.5
325.0
325.1
325.2
325.4
325.7
325.8
325.8
325.9
326.0
326.1
326.4
326.7
327.2
327.4
327.8
328.7
329.1
329.2
329.3
329.5
329.7
330.0
330.1
330.1
330.2
330.2
330.2
330.7
330.8
331.2
331.2
331.7
332.0
332.3
333.0
333.0
333.4
333.5
333.5
333.7
333.8
334.2
334.2
334.4
334.4
334.5
334.6
334.7
334.7
334.9
335.0
335.1
335.8
336.0
336.0
336.0
336.4
336.5
336.6
336.8
337.1
337.1
337.2
337.4
337.4
337.9
338.3
338.3
338.4
338.4
338.6
338.9
339.0
339.1
339.3
339.4
339.5
339.8
339.9
340.0
340.0
340.3
340.4
340.4
340.4
340.6
340.7
340.8
340.9
342.0
342.2
342.4
342.7
342.8
342.9
343.0
343.2
343.4
343.5
343.6
343.8
343.9
344.0
344.5
344.6
344.7
344.8
345.0
345.3
345.4
345.5
345.5
346.0
346.1
346.1
346.1
346.1
346.3
346.3
346.4
346.5
346.6
346.8
346.9
347.1
347.2
347.2
347.5
347.7
347.7
347.8
348.1
348.5
348.6
348.7
348.8
349.0
349.6
349.7
350.1
350.4
350.5
350.7
350.8
351.0
351.1
351.1
351.3
351.3
351.4
351.7
351.7
351.9
352.0
352.4
352.7
352.7
353.0
353.1
353.2
353.4
353.6
353.8
353.9
354.0
354.1
354.2
354.2
354.4
355.0
355.3
355.5
355.6
355.9
356.2
356.3
356.3
356.4
356.8
357.1
357.2
357.2
357.5
357.8
357.9
358.0
358.1
358.4
358.5
358.6
358.8
358.8
359.0
359.7
359.7
360.2
360.4
360.6
361.0
361.2
361.4
361.4
361.9
362.4
362.4
362.5
362.5
362.9
363.1
363.2
363.3
363.5
363.7
363.7
363.7
363.9
363.9
364.3
364.4
364.5
364.7
364.9
364.9
364.9
365.0
365.3
365.3
365.3
365.4
365.5
365.6
365.6
365.8
366.0
366.0
366.1
366.1
366.4
366.4
366.5
366.7
367.0
367.0
367.1
367.2
367.5
367.8
367.8
367.9
368.0
368.3
368.5
368.7
368.9
369.3
369.3
369.4
370.0
370.1
370.1
370.2
370.2
370.3
370.5
371.1
371.2
371.5
371.6
371.9
372.0
372.2
372.2
372.3
372.4
372.6
372.8
373.0
373.4
373.8
373.9
374.2
374.3
374.6
374.6
374.7
375.1
375.2
375.3
375.7
375.8
375.9
376.0
377.1
377.1
377.2
377.6
378.0
378.1
378.3
378.6
378.8
379.0
379.0
379.2
379.5
379.5
379.7
380.0
380.4
380.7
381.1
381.3
381.6
381.6
382.0
382.2
382.4
382.4
382.8
382.9
383.0
383.5
383.8
384.1
384.3
384.3
384.3
384.4
384.5
384.6
384.7
384.7
384.8
385.1
385.1
385.2
385.4
385.5
385.5
385.5
385.9
386.3
386.4
386.6
386.8
386.9
387.1
387.3
387.3
387.4
387.5
387.8
388.6
388.6
388.8
388.9
389.0
389.1
389.2
389.6
389.6
389.7
389.7
389.8
390.0
390.1
390.2
390.4
390.6
390.8
390.9
390.9
391.7
391.8
392.3
392.5
392.5
392.7
393.0
393.1
393.4
394.1
394.6
395.0
395.2
395.4
395.4
395.4
395.5
395.5
395.5
395.5
395.7
395.8
396.0
396.1
396.1
396.2
396.7
396.7
396.8
396.9
397.2
397.2
397.3
397.4
397.7
397.7
397.7
397.7
398.2
398.4
398.6
398.8
398.9
398.9
398.9
399.2
399.4
399.8
399.9
400.0
400.0
400.1
400.2
400.5
400.7
400.8
401.8
402.0
402.1
402.3
402.4
402.5
402.5
402.8
403.1
403.2
403.2
403.3
403.3
403.7
403.7
403.8
403.8
403.8
404.3
404.4
404.5
404.8
404.9
405.1
405.2
405.3
405.6
405.8
405.9
406.0
406.4
406.4
406.4
406.6
406.7
406.8
406.9
407.1
407.1
407.2
407.3
407.3
407.3
407.4
407.5
407.5
407.6
407.7
407.8
408.1
408.2
408.6
408.7
408.7
408.8
409.0
409.1
409.2
409.3
409.7
409.8
410.0
410.0
410.1
410.1
410.2
410.2
410.3
410.5
410.5
410.6
410.6
410.6
410.7
410.8
411.2
411.3
411.3
411.5
411.7
411.8
411.8
411.9
411.9
412.1
412.4
412.5
412.5
412.7
412.9
413.2
413.3
413.5
413.5
413.6
413.8
413.9
414.0
414.0
414.3
414.5
414.6
414.7
414.9
414.9
415.3
415.8
416.3
416.3
416.3
416.4
416.5
416.7
416.8
416.9
417.0
417.0
417.4
417.9
418.0
418.1
418.2
418.6
418.6
418.7
418.8
419.5
419.6
419.8
420.2
420.3
420.3
420.4
420.8
421.0
421.3
421.4
421.5
421.5
421.8
421.9
422.0
422.3
422.3
422.4
422.4
422.5
422.7
422.7
422.7
422.8
423.0
423.0
423.1
423.1
423.6
423.7
423.8
423.9
424.0
425.0
425.3
425.6
425.9
425.9
426.1
426.1
426.4
426.4
426.8
427.4
427.6
427.6
428.1
428.7
428.7
429.0
429.2
429.9
430.5
430.7
430.7
430.8
430.9
431.0
431.1
431.5
431.8
432.4
432.7
433.1
433.1
433.3
433.4
433.5
433.6
433.7
433.7
434.2
434.4
434.5
434.6
434.6
435.0
435.3
435.7
435.9
436.3
436.5
436.7
436.9
437.0
437.3
437.6
437.6
437.8
438.0
438.0
438.2
438.2
438.2
438.7
438.9
438.9
439.1
439.7
439.7
440.0
440.4
440.5
440.8
440.9
441.3
441.6
441.6
441.6
442.5
442.5
443.0
443.3
443.3
443.4
443.4
443.4
443.7
444.0
444.2
444.3
444.3
444.4
444.4
444.7
444.8
444.9
445.0
445.0
445.0
445.9
446.2
446.3
446.5
446.6
446.9
447.0
447.1
447.2
447.4
447.5
448.0
448.4
448.4
448.4
448.5
448.6
449.1
449.6
449.8
450.0
450.3
450.6
451.2
451.3
451.5
451.6
451.7
451.7
452.1
452.2
452.2
452.3
452.6
452.7
453.0
453.2
453.2
453.2
453.2
453.4
453.4
453.5
453.5
453.6
454.0
454.1
454.2
454.5
454.7
455.2
455.3
455.3
455.6
455.7
455.7
455.7
455.8
455.8
455.9
455.9
456.5
457.3
457.4
457.6
457.9
458.0
458.2
458.3
458.5
458.5
458.7
458.8
458.9
458.9
459.1
459.4
459.5
459.5
459.6
459.6
459.8
459.9
460.4
460.5
460.7
460.8
460.9
461.0
461.2
461.2
461.3
461.3
461.6
461.8
461.9
462.3
462.4
462.6
462.6
462.8
463.0
463.0
463.0
463.5
463.6
463.8
464.0
464.1
464.4
464.7
464.8
464.8
464.8
465.0
465.0
465.1
465.1
465.2
465.3
465.5
465.6
465.6
465.7
465.9
466.0
466.6
466.7
467.0
467.0
467.1
467.2
467.3
468.1
468.2
468.3
468.4
468.5
468.7
468.7
469.0
469.1
469.1
469.4
469.5
469.6
470.0
470.1
470.2
470.2
470.4
470.5
470.5
470.8
471.0
471.1
471.1
471.2
471.2
471.6
471.9
472.1
472.1
472.2
472.6
473.0
473.0
473.7
474.0
474.0
474.0
474.3
474.4
474.7
474.8
474.9
474.9
475.0
475.1
475.1
475.1
475.5
475.7
476.1
476.7
476.7
477.1
477.5
477.6
477.9
478.3
478.5
478.6
478.9
479.2
479.2
479.2
479.4
479.7
479.8
479.9
479.9
480.0
480.1
480.2
480.2
480.8
480.9
480.9
481.2
481.2
481.7
481.8
482.1
482.4
482.6
482.7
482.9
483.4
483.5
483.8
484.0
484.1
484.2
484.2
484.2
484.5
484.5
485.0
485.2
485.8
485.8
485.9
486.0
486.1
486.4
486.4
486.4
486.6
487.4
488.0
488.1
488.1
488.2
488.3
488.3
488.4
489.0
489.0
489.0
489.2
489.2
489.7
489.8
489.9
490.0
490.2
490.4
490.5
490.6
490.7
490.8
490.9
491.0
491.0
491.5
491.7
491.8
491.8
492.2
492.6
493.4
493.4
493.5
493.5
493.6
493.9
494.0
494.0
494.1
494.4
494.5
494.5
494.8
494.9
495.5
495.5
495.7
495.8
497.2
497.6
497.8
497.8
498.1
498.5
498.7
498.7
498.8
499.0
499.1
499.6
499.8
499.8
499.9
500.0
500.1
501.1
501.3
501.5
501.6
501.6
501.7
501.8
501.9
502.2
502.5
502.8
502.8
502.9
503.0
503.5
503.5
503.7
504.2
504.2
504.3
504.7
505.1
505.4
505.9
506.1
506.5
506.6
506.9
506.9
507.0
507.1
507.2
507.2
507.4
507.6
507.6
507.7
507.8
508.3
508.6
508.7
509.0
509.1
509.1
509.1
509.2
509.5
509.9
510.0
510.1
510.2
510.2
510.2
510.4
510.5
510.8
511.0
511.1
511.2
511.5
511.7
511.9
512.0
512.2
512.8
513.1
513.1
513.2
513.3
513.5
513.6
513.7
514.2
514.3
514.3
514.6
514.6
514.8
514.8
514.8
514.9
514.9
515.0
515.2
515.4
515.6
515.6
515.6
515.7
515.9
515.9
515.9
516.0
516.5
516.6
516.7
516.7
517.2
517.2
517.4
517.5
518.0
518.2
518.5
518.5
518.6
518.8
518.8
519.0
519.0
519.6
519.7
519.8
520.6
520.6
520.8
521.1
521.1
521.2
521.4
521.4
521.5
521.7
522.3
522.7
523.6
523.7
524.5
524.5
524.5
525.0
525.0
525.2
525.6
525.7
525.8
525.8
526.0
526.2
526.2
526.5
526.7
527.2
528.1
528.1
528.2
528.4
528.6
528.7
528.7
529.2
529.3
529.5
529.7
529.7
529.8
529.8
529.8
529.9
530.4
530.9
530.9
531.0
531.0
531.5
531.6
531.6
532.4
532.5
532.8
532.8
532.9
533.2
533.2
533.3
533.8
534.0
534.6
534.7
534.8
534.8
535.0
535.0
535.3
535.4
535.8
535.9
536.6
536.8
537.0
537.5
537.9
538.2
538.3
538.4
538.6
539.1
539.2
539.5
539.6
539.6
539.6
539.7
540.0
540.0
540.3
540.7
540.8
541.1
541.1
541.5
541.8
541.8
541.9
542.4
542.6
542.7
543.2
543.3
543.6
544.3
544.5
544.8
544.8
544.9
545.4
545.5
546.2
546.3
546.4
546.5
546.5
546.7
546.9
547.0
547.3
547.4
547.9
547.9
548.1
548.1
549.0
549.0
549.3
549.8
550.0
550.0
550.1
550.3
550.4
550.6
550.9
551.0
551.3
551.5
551.7
552.1
552.1
552.5
552.5
552.6
552.7
552.7
552.8
552.8
553.1
553.1
553.4
553.8
554.2
554.2
554.3
554.6
554.9
554.9
555.1
555.2
555.3
555.3
555.5
555.5
555.6
555.6
555.6
555.6
555.8
556.0
556.0
556.0
556.3
556.4
556.5
556.8
557.0
557.1
557.3
557.4
557.6
558.2
558.2
558.7
558.7
558.8
558.8
558.9
558.9
559.0
559.1
559.3
560.0
560.2
560.7
561.0
561.1
561.7
561.8
562.4
562.5
562.6
563.0
563.3
564.0
564.1
564.1
564.1
564.3
564.6
564.6
564.7
564.7
564.8
565.2
565.7
565.8
565.8
565.9
566.2
566.2
566.3
566.5
566.7
566.8
566.8
566.8
566.8
566.9
567.0
567.1
567.1
567.1
567.5
567.9
568.0
568.7
568.9
569.0
569.0
569.2
569.2
569.3
569.3
569.3
569.5
569.6
569.7
569.7
569.9
569.9
570.0
570.2
570.2
570.7
570.8
570.8
571.2
571.2
571.3
571.4
571.6
571.6
571.8
572.1
572.2
572.3
572.4
572.4
572.4
573.0
573.2
573.4
573.5
574.0
574.0
574.0
574.2
574.4
574.5
574.7
574.9
574.9
575.1
575.1
575.1
575.2
575.2
575.4
575.7
575.8
575.8
575.8
576.0
576.1
576.2
576.7
577.0
577.1
577.2
577.3
577.3
577.5
577.6
577.9
578.0
578.1
578.2
578.5
578.5
578.5
578.9
579.6
579.8
580.1
580.3
580.3
580.6
580.8
580.8
580.9
580.9
581.0
581.0
581.2
581.2
581.2
581.3
581.5
581.8
581.9
582.0
582.2
582.3
582.5
582.5
582.6
582.7
583.3
583.4
583.5
583.6
584.0
584.1
584.2
584.2
584.6
584.7
584.8
585.2
585.3
585.3
585.7
585.9
585.9
585.9
586.1
586.2
586.2
586.2
586.2
586.3
586.4
586.5
586.6
587.1
587.2
587.3
587.4
587.4
587.6
587.6
587.9
587.9
588.0
588.0
588.0
588.1
588.2
588.5
588.6
588.6
588.6
588.7
588.7
588.9
589.0
589.1
589.2
589.6
589.8
589.8
589.9
590.0
590.0
590.1
590.1
590.3
590.3
590.4
590.4
590.5
590.5
590.6
590.9
591.1
591.1
591.3
591.5
591.7
592.1
592.3
592.9
592.9
593.3
593.4
593.4
593.5
593.6
594.2
594.5
594.6
594.9
595.2
595.2
595.9
596.0
596.0
596.3
596.5
596.5
596.6
597.4
597.4
597.5
597.8
597.9
598.4
598.5
598.9
599.0
599.1
599.7
599.7
599.7
599.8
599.8
599.9
600.6
600.6
601.2
601.3
601.4
601.6
602.1
602.1
602.1
602.1
602.5
602.6
602.8
603.0
603.0
603.2
603.2
603.2
603.3
603.3
603.5
603.6
604.0
604.0
604.0
604.1
604.2
604.3
604.6
604.9
605.0
605.0
605.2
605.4
605.6
606.1
606.6
606.7
606.8
606.9
606.9
607.0
607.2
607.6
607.6
607.7
607.8
607.8
607.9
607.9
608.2
608.2
608.2
608.5
608.8
608.9
609.0
609.3
609.8
610.2
610.6
610.6
610.8
610.8
611.3
611.5
611.7
611.8
611.8
612.3
612.4
612.5
612.6
612.6
612.6
612.8
613.4
613.6
613.6
614.0
614.0
614.3
614.4
614.5
614.6
614.6
614.7
614.8
615.0
615.1
615.2
615.4
615.5
615.6
615.8
616.3
616.5
616.6
616.6
616.6
616.6
616.9
617.0
617.5
617.5
617.8
617.9
618.1
618.2
618.3
618.4
618.5
618.8
619.0
619.1
619.2
619.3
619.4
619.6
619.8
619.8
619.9
620.2
621.0
621.1
621.7
622.2
622.3
622.3
622.5
623.0
624.0
624.1
624.3
624.6
624.6
624.6
624.6
624.9
625.0
625.0
625.1
625.2
625.3
625.3
625.5
625.5
625.5
625.6
626.2
626.2
626.2
626.2
626.4
626.6
626.7
627.1
627.2
627.5
627.6
627.7
627.8
627.8
627.9
628.0
628.5
628.6
628.7
628.7
628.7
628.8
628.8
629.1
629.4
629.5
629.7
629.8
630.0
630.3
630.5
630.7
630.8
631.0
631.1
631.2
631.5
631.5
631.6
631.6
631.9
632.0
632.1
632.1
632.4
632.4
632.5
632.6
632.7
632.9
633.2
633.3
633.5
633.6
633.7
633.7
633.8
633.9
634.1
634.2
634.2
634.3
634.7
634.7
634.8
635.0
635.1
635.8
635.9
636.0
636.0
636.3
636.5
636.6
636.6
636.6
636.7
636.7
636.9
636.9
637.1
637.3
637.4
637.5
637.5
639.1
639.2
639.9
640.0
640.1
640.3
640.4
640.6
640.6
640.6
640.6
640.6
640.9
641.7
641.9
642.1
642.9
643.1
643.2
643.2
643.3
643.3
643.4
643.4
643.9
644.0
644.2
644.3
644.6
644.8
645.0
645.1
645.1
645.2
645.6
645.7
646.0
646.1
646.2
646.3
646.6
646.7
646.8
646.9
647.0
647.2
647.4
647.5
647.6
647.9
648.0
648.0
648.2
648.4
648.5
648.6
648.7
649.0
649.2
649.2
649.7
649.7
650.2
650.2
650.3
650.3
650.3
650.5
650.6
650.6
650.7
650.9
651.0
651.3
651.4
651.4
651.5
651.6
651.6
651.9
651.9
651.9
652.3
652.7
653.4
653.5
653.5
653.6
653.7
653.8
653.8
654.0
654.1
654.2
654.2
654.7
655.1
655.3
655.6
656.0
656.5
656.5
656.8
656.9
656.9
656.9
657.0
657.1
657.5
657.8
657.8
658.0
658.5
659.0
659.1
659.3
659.3
659.3
659.6
659.8
659.8
659.9
659.9
660.0
660.1
660.1
660.3
660.5
661.0
661.1
661.1
661.3
661.3
661.5
661.7
662.6
662.7
662.9
663.3
664.0
664.0
664.3
664.5
665.0
665.3
665.4
665.6
666.0
666.2
666.4
666.4
666.5
666.7
667.0
667.0
667.2
667.6
667.6
667.7
667.9
668.0
668.8
668.9
669.0
669.1
669.3
669.4
669.4
669.4
669.6
669.7
669.7
669.9
670.0
670.3
670.4
670.4
670.5
670.8
670.9
671.5
671.6
672.0
672.1
672.4
672.4
672.4
672.5
672.5
672.7
672.8
672.8
673.2
673.8
673.9
674.1
675.3
675.7
676.1
676.1
676.2
676.7
677.2
677.4
677.5
677.5
677.8
677.9
677.9
678.1
678.1
678.1
678.2
678.3
678.6
678.7
678.7
678.7
678.8
679.0
679.1
679.2
679.5
679.6
679.7
679.9
680.0
680.0
680.3
680.4
680.5
680.7
680.7
680.8
680.9
681.1
681.3
681.4
681.4
681.6
681.7
681.7
681.8
681.9
682.2
682.3
682.8
682.8
683.0
683.6
683.7
683.8
683.8
683.9
683.9
683.9
684.1
684.1
684.3
684.3
684.6
684.6
685.4
685.6
686.1
686.2
686.2
686.3
686.3
686.4
686.6
686.8
687.1
687.5
687.5
687.5
687.6
687.8
687.9
687.9
687.9
687.9
688.6
688.6
688.6
688.6
688.8
688.8
688.9
688.9
688.9
689.0
689.0
689.0
689.4
689.6
689.6
689.8
690.0
690.0
690.0
690.3
690.8
691.0
691.4
691.5
691.5
691.5
691.6
691.6
691.9
692.0
692.1
692.1
692.3
692.3
692.6
693.3
693.4
693.5
693.6
693.6
694.0
694.2
694.3
694.7
694.7
694.9
695.5
696.1
696.1
696.7
696.7
697.4
697.4
697.5
697.5
697.6
697.7
697.8
698.0
698.2
698.7
698.9
699.1
699.2
699.5
699.5
699.6
700.0
700.2
700.3
700.3
700.4
700.7
700.9
701.0
701.1
701.1
701.1
701.4
701.5
701.6
701.7
701.7
701.8
702.1
702.2
702.4
702.4
702.5
702.6
702.6
702.7
702.7
702.7
702.7
703.1
703.3
703.4
703.5
703.6
703.6
703.7
703.9
704.1
704.2
704.3
704.4
704.5
704.8
704.9
704.9
705.5
705.5
705.7
705.7
706.1
706.2
706.3
706.5
706.6
706.8
706.8
707.0
707.1
707.2
707.3
707.4
707.7
707.9
707.9
708.0
708.2
708.5
709.0
709.1
709.3
709.4
709.6
709.6
709.8
709.9
710.1
710.1
710.4
710.4
710.5
710.5
711.7
711.8
711.8
711.8
712.1
712.1
712.3
712.4
712.8
713.0
713.6
714.0
714.4
714.5
714.7
714.7
714.8
715.0
715.2
715.2
715.5
715.5
715.6
715.8
715.9
716.0
716.1
716.2
716.3
716.3
716.3
716.5
716.8
717.0
717.0
717.1
717.1
717.2
717.2
717.2
717.5
717.7
718.1
718.8
718.9
718.9
719.0
719.0
719.1
719.1
720.1
720.3
721.1
721.1
721.3
721.5
721.6
721.7
721.7
721.9
721.9
722.1
722.3
722.4
722.7
722.8
722.9
723.5
723.7
723.7
723.9
724.7
725.0
725.0
725.2
725.4
725.4
725.4
725.5
726.5
726.8
726.9
727.2
727.8
728.1
728.1
728.5
728.9
729.0
729.3
729.5
730.0
730.2
730.7
731.0
731.0
731.1
731.3
731.6
732.2
732.5
732.7
733.5
733.7
733.8
734.4
734.4
734.5
734.7
734.9
735.3
735.4
735.5
735.6
735.9
736.0
736.1
736.2
736.2
736.4
737.2
737.2
737.3
737.3
737.4
737.8
737.8
738.0
738.0
738.1
738.2
738.8
739.0
739.1
739.5
740.0
740.0
740.2
741.0
741.0
741.1
741.1
741.3
741.5
741.5
741.7
741.7
742.1
742.2
742.6
742.7
742.9
743.0
743.0
743.3
743.7
743.8
744.0
744.1
744.4
744.6
744.7
744.8
745.0
745.2
746.1
746.7
746.9
746.9
746.9
747.0
747.5
747.6
748.1
748.2
748.4
748.4
748.6
748.9
749.3
749.3
750.0
750.0
750.4
750.5
750.9
751.0
751.1
751.2
751.2
751.3
751.4
751.4
751.6
751.6
751.8
751.9
752.1
752.2
752.4
752.4
752.5
752.5
752.7
752.8
752.8
752.8
753.0
753.3
753.4
753.4
753.7
754.0
754.0
754.0
754.1
754.2
754.2
754.5
754.9
755.3
755.5
755.6
755.7
755.8
755.8
755.9
756.1
756.5
756.6
756.9
757.0
757.3
757.4
757.4
757.6
757.6
757.7
757.8
758.3
758.4
758.4
759.0
759.1
759.4
759.5
759.6
759.9
759.9
759.9
760.0
760.0
760.2
760.5
760.7
761.2
761.6
761.7
761.8
761.9
762.2
762.7
763.0
763.1
763.2
763.6
763.6
763.8
763.8
764.1
764.5
765.1
765.2
765.7
766.0
766.4
766.6
766.6
766.8
766.8
766.9
767.1
767.3
767.6
767.8
768.0
768.4
768.5
768.6
769.6
769.9
770.1
770.3
770.4
770.6
770.6
770.9
771.0
771.0
771.3
771.4
771.4
771.9
771.9
772.4
772.4
772.7
772.8
773.0
773.2
773.5
773.8
773.9
773.9
774.0
774.5
774.5
774.6
774.6
774.9
775.8
776.2
776.2
776.3
776.4
776.4
776.6
776.6
776.7
777.0
777.1
777.2
777.3
777.5
777.6
777.6
777.7
778.0
778.4
778.6
778.6
778.9
779.0
779.1
779.3
779.4
779.4
779.5
779.9
780.3
780.4
780.9
781.2
781.3
781.3
781.3
781.6
781.7
782.0
782.1
782.2
782.4
782.6
782.6
782.8
782.9
783.2
783.3
783.3
783.5
783.6
783.8
783.8
783.9
784.0
784.0
784.0
784.1
784.1
784.2
784.3
784.6
785.1
785.1
785.3
785.8
785.8
785.8
786.2
786.5
786.8
786.9
787.2
787.3
787.4
787.4
787.6
787.6
787.9
787.9
788.2
788.9
789.0
789.2
789.2
789.3
789.5
789.5
789.6
789.7
790.3
790.5
790.7
791.4
791.5
791.5
791.9
792.0
792.5
792.9
793.1
793.2
793.2
793.7
793.9
794.1
795.0
795.1
795.9
796.1
796.3
796.4
796.8
796.9
796.9
797.0
797.2
797.3
797.5
797.6
797.6
798.4
798.6
798.8
798.8
799.0
799.0
799.1
799.8
800.0
800.1
800.1
800.3
800.4
800.5
800.6
800.6
801.0
801.1
801.3
801.3
801.4
801.5
801.7
801.7
801.9
802.1
802.2
802.2
802.3
802.3
802.6
802.7
802.7
803.0
803.0
803.1
803.1
803.3
803.4
803.5
803.6
803.6
803.7
803.9
804.0
804.1
804.1
804.2
804.9
804.9
805.1
805.5
805.6
805.7
805.7
806.2
806.3
806.3
806.4
806.4
806.4
806.6
806.6
806.8
807.0
807.1
807.1
807.3
807.4
807.7
807.7
807.8
807.9
808.7
809.7
809.8
809.9
810.0
810.1
810.3
810.5
810.9
810.9
811.0
811.2
811.3
811.4
811.6
811.6
811.7
811.9
812.1
812.2
812.3
812.7
813.3
813.4
813.5
813.5
813.6
813.8
813.9
814.0
814.1
814.3
814.3
814.5
814.6
814.7
814.7
814.8
815.2
815.5
816.0
816.2
816.3
816.3
816.3
816.6
816.8
816.9
816.9
817.0
817.4
817.5
817.6
818.2
818.3
818.5
818.5
818.6
818.7
818.8
819.0
819.8
820.2
820.3
820.8
821.1
821.1
821.9
822.0
822.2
822.5
822.5
823.0
823.0
823.3
823.4
823.6
823.6
823.7
823.8
824.3
824.5
824.7
824.9
825.0
825.1
825.2
825.7
826.2
826.6
826.6
826.8
826.9
827.1
827.4
827.6
828.0
828.2
828.2
828.5
828.8
828.8
829.0
829.0
829.3
829.3
829.4
829.4
829.5
829.8
830.5
830.7
830.8
831.1
831.1
831.1
831.1
831.3
831.3
831.4
831.5
831.6
831.6
831.6
831.6
831.7
831.9
832.5
832.9
833.0
833.0
833.2
833.5
834.1
834.1
834.1
834.2
834.3
834.3
834.3
834.4
834.5
834.6
834.6
834.7
834.8
835.0
835.0
835.9
835.9
836.1
836.1
836.2
836.4
836.5
837.1
837.2
837.5
837.5
837.6
837.8
837.9
838.4
838.4
838.5
838.7
838.9
839.0
839.4
839.7
839.7
839.7
839.8
839.9
840.2
840.4
840.7
840.9
841.5
841.5
841.6
841.9
842.1
842.5
842.5
843.2
843.9
844.4
844.7
844.8
845.4
845.5
845.5
845.6
846.0
846.0
846.0
846.2
846.4
846.5
847.2
847.3
848.2
848.7
848.8
849.5
849.5
849.6
850.4
850.4
851.0
851.3
851.4
851.5
851.5
851.5
851.7
852.0
852.1
852.2
852.3
852.7
853.0
853.3
853.6
853.7
853.8
853.8
854.2
854.7
854.8
854.8
854.9
855.2
855.2
855.4
855.4
855.6
855.7
855.8
856.6
856.8
857.2
857.3
857.4
857.5
857.6
857.8
858.0
858.3
858.3
858.4
858.6
858.7
858.7
858.8
858.9
858.9
859.0
859.3
859.5
860.0
860.3
860.6
860.8
860.9
861.3
861.4
861.4
862.8
863.0
863.1
863.2
863.6
863.8
864.0
864.0
864.0
864.1
864.2
864.2
864.4
864.6
864.6
864.6
864.7
864.8
864.9
865.0
865.1
865.4
865.5
865.7
865.7
865.9
866.0
866.3
866.6
866.7
866.7
867.1
867.6
867.7
867.8
868.0
868.2
868.6
868.7
869.0
869.8
870.1
870.1
870.2
870.3
870.7
870.8
870.8
871.1
871.2
871.3
871.3
871.8
872.0
872.0
872.1
872.1
872.1
872.4
872.6
873.1
873.4
873.4
873.5
873.6
873.6
873.8
873.9
873.9
874.0
874.6
874.8
874.8
874.9
875.1
875.1
875.4
875.5
875.9
876.1
876.3
876.6
876.7
876.8
876.8
876.8
877.1
877.3
877.7
877.7
877.8
877.8
877.8
878.2
878.6
878.6
878.6
878.7
878.9
878.9
878.9
879.3
879.3
879.5
879.8
880.0
880.3
880.5
880.5
880.6
880.6
880.7
880.7
880.9
881.0
881.2
881.3
881.5
881.7
881.7
881.9
882.2
882.4
882.7
882.7
883.0
883.6
883.6
884.3
884.3
884.3
884.4
884.5
884.6
884.8
885.2
885.3
885.5
885.6
885.8
886.4
886.4
886.6
886.7
886.8
886.9
886.9
886.9
887.0
887.1
887.1
887.1
887.2
887.3
887.4
887.6
888.0
888.0
888.1
888.1
888.2
888.4
888.5
888.6
888.6
888.7
888.9
889.6
889.6
889.6
890.1
890.2
890.5
890.7
891.3
891.4
891.9
892.0
892.1
892.1
892.5
892.9
893.0
893.2
893.2
893.4
893.8
894.0
894.0
894.1
894.2
894.3
894.4
894.5
894.7
894.8
894.8
895.2
895.3
895.4
895.6
896.2
896.3
896.4
896.5
896.5
896.7
897.2
897.5
897.6
897.8
897.8
898.0
898.7
899.1
899.1
899.5
899.6
900.0
900.0
900.2
900.3
900.4
900.4
900.4
900.6
900.9
901.0
901.1
901.1
901.3
901.4
901.5
901.9
902.2
902.4
902.5
902.5
903.2
903.7
903.8
903.8
904.0
904.2
904.4
904.4
904.6
904.8
905.0
905.2
905.6
905.9
906.3
906.4
906.8
907.0
907.0
907.1
907.2
907.3
907.6
907.7
907.8
908.0
908.3
908.5
908.6
908.7
908.7
908.8
908.8
908.9
908.9
909.2
909.7
909.8
910.2
910.5
910.6
910.9
910.9
911.3
911.6
911.6
911.7
912.0
912.0
912.4
912.6
912.6
913.4
913.6
913.6
913.7
914.0
914.0
914.1
914.4
914.7
914.8
915.0
915.1
915.2
915.3
915.4
915.8
916.0
916.2
916.2
916.4
916.4
917.0
917.1
917.1
917.1
917.6
917.8
917.9
918.1
918.1
918.5
918.5
918.6
918.6
918.9
918.9
919.4
919.5
919.5
919.8
919.8
920.4
920.9
920.9
921.0
921.2
921.2
921.3
921.4
922.0
922.1
922.5
922.6
922.7
922.9
923.1
923.3
923.6
923.7
924.2
924.3
924.4
924.6
924.7
924.8
924.9
925.3
925.3
925.5
925.8
926.2
926.4
926.5
926.5
927.3
927.4
927.8
927.8
928.0
928.1
928.3
928.3
928.5
928.8
929.0
929.1
929.2
929.2
929.6
929.7
929.7
929.8
930.0
930.2
930.4
930.6
930.8
930.8
930.9
930.9
931.0
931.1
931.1
931.4
931.7
932.4
932.4
932.6
932.9
933.1
933.4
933.4
933.4
933.5
934.0
934.0
934.1
934.1
934.2
934.4
934.5
934.5
934.9
935.0
935.0
935.2
935.3
935.3
935.6
936.1
936.5
936.6
937.4
937.8
937.9
938.0
938.0
938.2
938.2
938.3
938.5
938.6
938.7
938.8
938.8
938.9
938.9
938.9
938.9
939.3
939.5
939.5
939.5
939.8
939.9
940.2
940.2
940.5
940.5
940.7
940.8
940.9
941.0
941.1
941.1
941.3
941.6
941.7
941.7
941.8
941.9
942.2
942.2
942.6
942.6
942.7
943.4
943.9
943.9
944.0
944.0
944.1
944.1
944.4
944.4
944.7
945.2
945.3
945.6
945.8
945.8
945.9
945.9
946.0
946.2
946.4
947.1
947.3
947.4
947.9
948.8
949.1
949.1
949.1
949.2
949.2
949.5
949.6
949.6
950.3
950.4
950.6
950.7
950.7
950.7
951.0
951.1
951.3
951.5
951.7
951.8
951.8
952.1
952.7
952.8
952.8
952.9
953.0
953.1
953.1
953.1
953.2
953.2
953.7
953.8
953.8
953.9
953.9
953.9
953.9
954.1
954.2
954.3
954.4
955.2
955.8
955.9
956.0
956.4
956.6
956.8
957.1
957.2
957.5
957.9
957.9
958.1
958.1
958.1
958.1
958.2
958.4
958.7
958.8
958.9
958.9
958.9
959.0
959.1
959.5
959.7
959.8
959.9
960.5
960.9
961.0
961.3
961.9
961.9
962.5
962.5
963.0
963.3
963.5
963.6
963.9
963.9
964.0
964.7
964.7
964.9
964.9
965.0
965.3
965.3
965.4
965.6
966.0
966.1
966.1
966.2
966.3
966.4
966.5
966.6
966.6
966.8
966.9
967.0
967.0
967.6
967.6
967.8
968.0
968.1
968.1
968.1
968.5
968.6
968.6
969.0
969.0
969.1
969.6
969.7
970.0
970.3
970.6
970.6
971.3
971.5
971.8
972.0
972.1
972.2
972.3
972.4
972.4
972.5
972.8
972.9
972.9
973.1
973.1
973.4
973.4
973.5
973.6
974.1
974.1
974.2
974.3
974.3
974.4
974.6
974.7
974.7
975.0
975.2
975.2
975.5
975.6
975.7
976.0
976.0
977.1
977.1
977.1
977.4
977.5
978.5
978.7
979.4
979.4
979.5
979.6
979.9
980.2
980.4
980.5
980.6
981.0
981.1
981.1
981.2
981.2
981.3
981.4
981.7
981.7
981.7
982.1
982.1
982.1
982.6
982.8
983.4
983.4
983.6
983.6
983.7
983.8
983.8
984.1
984.1
984.1
984.6
984.6
985.0
985.2
985.3
985.4
985.7
986.7
987.2
987.4
987.4
987.5
987.5
987.8
988.1
988.1
988.1
988.3
988.7
988.7
988.7
989.5
989.6
989.8
989.8
989.9
990.4
990.5
990.6
991.0
991.0
991.1
991.4
991.5
991.7
991.7
992.0
992.1
992.5
992.6
992.8
992.9
993.3
993.3
993.4
993.7
994.0
994.0
994.4
994.5
994.8
994.8
995.0
995.4
995.4
995.5
995.5
995.8
995.8
995.9
995.9
996.3
996.4
996.4
996.5
996.6
996.7
996.9
996.9
997.6
997.7
998.0
998.0
998.2
998.3
998.4
999.1
999.2
999.6
999.8
999.8
999.9
999.9
