552
504
258
433
545
289
736
674
627
738
672
447
578
587
598
620
490
492
665
391
626
628
670
721
726
439
542
264
280
321
435
600
695
393
415
615
495
531
673
722
457
619
795
237
343
398
469
668
719
766
836
233
302
341
437
464
480
569
256
284
299
498
558
586
690
740
477
554
573
590
597
179
351
381
783
850
242
249
360
386
431
455
517
652
693
108
419
454
506
522
357
383
500
532
618
653
776
798
209
479
513
515
533
566
624
642
791
405
438
240
372
403
442
459
570
658
676
727
234
260
411
539
678
697
701
707
728
734
769
867
324
421
423
505
514
609
292
344
392
468
503
650
88
266
285
318
323
397
493
595
698
756
205
406
448
472
481
580
608
621
646
712
729
731
184
206
232
467
536
659
732
820
871
212
297
340
371
417
497
520
530
644
749
104
275
293
312
370
471
560
631
675
761
765
803
819
170
243
246
254
380
402
425
443
444
633
634
703
724
735
748
778
331
347
427
441
460
491
496
526
544
648
777
245
298
352
606
613
629
643
661
924
295
316
348
376
485
511
688
750
142
219
255
315
373
410
432
507
519
546
547
576
616
760
801
818
870
165
220
226
269
306
378
388
408
458
463
509
571
575
666
671
711
799
811
253
349
353
400
422
426
636
656
684
829
109
131
227
300
486
548
551
563
651
786
794
864
122
334
359
404
412
430
478
596
623
630
694
702
704
716
759
72
198
216
229
271
296
314
326
369
396
534
541
568
605
715
744
757
824
884
117
137
202
281
310
322
346
356
508
582
585
625
680
814
863
878
259
363
436
446
499
553
579
682
692
718
745
815
846
164
311
319
638
752
837
848
181
186
199
283
364
567
592
689
699
873
308
325
543
588
825
841
887
118
147
241
333
355
379
502
635
669
708
751
238
328
377
382
450
461
474
483
501
612
660
687
743
805
806
831
86
193
204
277
309
365
428
445
465
510
685
700
714
854
858
859
114
126
177
191
215
320
327
537
593
603
637
852
943
55
87
128
188
218
221
244
250
274
332
338
361
374
390
466
512
555
691
725
742
817
130
171
282
475
476
523
591
706
832
111
213
222
279
335
368
387
413
550
583
655
709
774
847
90
92
268
273
301
389
564
565
594
696
773
200
337
362
622
802
843
79
129
190
223
294
494
556
601
83
151
169
174
267
276
717
737
785
807
833
857
907
235
272
278
473
574
640
922
210
247
307
384
489
516
562
581
2
69
112
394
800
896
99
304
350
429
535
538
617
686
134
140
148
313
385
407
424
449
529
705
908
54
57
97
163
173
175
182
183
252
488
549
647
780
882
892
969
145
771
842
19
25
63
73
116
138
146
217
329
354
452
525
559
730
747
32
561
861
65
70
136
251
330
434
935
225
262
451
482
812
822
823
827
853
866
153
157
160
401
589
649
720
33
34
94
161
855
172
178
257
287
303
679
865
895
176
208
236
584
840
956
106
610
772
155
763
787
133
139
189
395
614
632
790
808
103
288
358
577
657
762
876
886
27
166
207
211
270
903
917
923
80
150
414
753
868
872
920
982
68
105
239
540
641
804
898
911
928
158
194
881
888
76
115
168
228
929
56
162
265
521
788
851
883
948
84
91
152
192
201
936
22
85
110
197
230
639
784
792
796
834
890
915
918
919
951
263
290
664
912
61
71
124
775
954
844
885
67
100
809
826
860
932
5
52
159
456
462
524
889
196
741
754
779
899
420
416
934
62
95
931
336
572
914
959
98
723
972
248
925
409
984
3
28
121
839
879
167
770
906
952
957
845
910
11
21
156
862
926
487
828
901
135
144
214
938
955
58
677
767
810
869
339
528
107
399
599
835
944
958
994
29
149
874
894
900
143
224
261
604
662
960
979
125
557
739
942
0
101
607
89
527
821
966
995
470
768
49
141
42
286
793
838
93
991
713
998
999
36
7
453
64
317
945
484
963
132
4
902
973
830
59
789
897
988
14
45
710
962
16
51
904
60
947
375
611
305
976
50
345
891
930
47
880
965
24
893
968
518
992
46
9
96
971
953
81
10
961
967
916
983
39
8
41
1
53
877
23
37
909
975
978
797
40
875
987
13
342
941
231
74
119
366
997
939
102
993
180
35
602
927
447
856
949
990
977
323
367
6
733
75
43
974
38
66
513
120
154
460
464
933
718
315
667
781
756
12
981
203
764
745
349
533
659
450
402
921
187
403
777
142
320
751
295
435
765
289
674
443
480
559
370
455
269
393
635
734
425
615
736
492
646
609
300
815
555
170
350
600
299
360
749
373
633
157
498
166
218
624
980
173
642
653
696
740
473
493
117
198
314
495
539
548
140
545
717
196
783
436
374
297
468
794
660
502
280
510
273
446
391
194
647
587
177
802
404
613
412
437
395
263
526
641
17
344
440
247
720
98
225
808
520
709
190
538
820
780
377
246
596
278
634
727
640
416
496
591
355
208
255
603
268
411
322
666
713
334
550
744
340
843
346
563
414
410
552
337
752
138
547
484
507
267
249
847
488
313
881
863
217
363
433
144
621
743
336
390
524
597
215
139
677
631
161
800
860
348
308
441
601
541
678
661
853
726
287
529
400
362
585
285
401
499
699
458
589
819
86
501
649
405
807
663
865
438
803
129
376
625
282
569
503
554
251
448
104
582
810
489
769
871
384
153
817
732
864
454
439
616
676
378
233
584
302
844
562
670
814
408
887
862
259
176
599
254
424
245
491
237
310
369
748
347
479
262
829
583
460
574
216
722
592
447
315
304
770
463
824
212
532
899
719
805
451
462
796
332
514
802
371
146
191
713
367
629
72
456
539
533
872
506
466
634
423
200
504
295
576
289
760
403
478
730
754
518
201
298
548
808
196
609
130
400
733
343
640
710
173
159
219
343
272
578
557
279
492
690
647
359
374
348
801
672
589
642
675
226
468
282
401
607
817
404
389
884
695
684
627
584
507
331
752
558
777
649
665
397
644
441
445
362
575
531
730
483
334
613
581
557
672
498
454
546
284
563
355
711
239
633
785
587
725
328
550
253
784
702
486
272
625
714
809
676
280
633
613
457
425
415
629
836
752
959
674
524
370
490
690
373
439
315
282
146
691
349
499
713
743
783
272
539
791
593
512
600
814
590
419
