47
49
50
52
56
57
58
59
60
61
62
63
64
65
66
67
68
69
70
71
72
73
74
75
76
77
78
79
80
81
82
83
84
85
35
36
37
38
39
40
41
42
43
44
45
46
48
51
53
54
55
86
12
13
18
19
20
21
22
23
24
25
26
27
28
29
30
31
32
33
34
87
8
9
10
11
14
15
16
17
88
6
7
89
4
5
90
3
91
92
93
2
94
95
96
0
1
97
98
99
81
78
79
80
82
61
75
83
84
85
58
60
62
63
65
77
64
66
67
68
72
74
49
52
56
57
59
70
71
73
76
47
50
53
54
55
69
48
51
44
46
35
40
41
42
43
45
36
37
38
39
86
25
34
26
32
87
21
22
24
27
29
30
33
13
19
31
12
23
28
15
16
17
18
20
14
88
10
9
8
11
7
89
6
4
5
90
3
91
92
93
2
94
95
96
65
61
97
62
58
64
98
67
59
57
69
71
56
60
66
63
74
54
70
75
72
51
53
78
55
76
68
99
73
77
47
52
50
80
82
49
79
1
42
0
81
48
46
84
83
45
41
85
44
58
60
61
62
63
65
67
75
78
79
80
81
82
83
84
85
46
47
48
49
50
51
52
53
54
55
56
57
59
64
66
68
69
70
71
72
73
74
76
77
25
34
35
36
37
38
39
40
41
42
43
44
45
86
87
12
13
14
15
16
17
18
19
20
21
22
23
24
26
27
28
29
30
31
32
33
88
8
9
10
11
6
7
89
4
5
90
3
91
92
93
2
94
95
0
1
96
97
98
99
78
79
80
81
82
61
62
75
83
84
58
60
63
64
65
67
72
77
85
66
68
70
71
74
76
49
52
53
54
56
57
59
69
73
47
50
51
55
46
48
42
44
35
38
39
40
41
43
45
86
36
37
87
25
34
24
26
29
30
32
21
22
27
31
33
13
19
20
23
28
88
12
15
16
17
18
14
9
10
8
11
89
7
90
6
5
4
91
92
93
3
94
95
2
96
97
98
99
62
61
1
58
65
0
64
67
63
59
60
56
57
54
75
69
71
53
66
78
51
70
47
49
74
79
80
81
82
44
46
47
48
49
50
51
52
53
54
55
56
57
58
59
60
61
62
63
64
65
66
67
68
69
70
71
72
73
74
75
76
77
78
83
84
85
13
19
21
22
24
25
26
27
29
30
31
32
33
34
35
36
37
38
39
40
41
42
43
45
86
87
8
9
10
11
12
14
15
16
17
18
20
23
28
88
6
7
89
4
5
90
3
91
92
93
2
94
95
0
1
96
97
98
99
62
58
61
65
59
60
63
64
67
54
56
57
66
69
71
72
75
78
51
53
55
68
70
74
77
79
80
82
47
49
50
52
73
76
81
83
84
85
42
46
48
41
44
45
43
35
37
38
39
86
40
36
34
87
26
29
31
32
33
25
30
24
27
88
21
28
22
23
19
20
13
17
18
15
14
16
89
12
9
10
90
11
8
7
91
6
5
4
92
93
3
94
95
2
96
97
98
99
1
0
58
61
62
65
64
47
54
56
57
59
67
48
49
50
51
53
60
63
41
42
44
45
46
52
55
66
68
69
70
71
72
74
75
78
79
80
81
82
34
35
36
37
38
39
40
43
73
76
77
83
84
85
22
24
25
26
29
30
31
32
33
86
13
16
17
18
19
20
21
23
27
28
87
8
9
10
12
14
15
58
61
62
88
7
11
4
5
6
89
90
3
65
91
92
93
2
94
95
96
1
97
98
0
99
64
47
57
67
54
56
59
51
60
63
53
69
75
48
49
50
52
55
66
70
71
72
74
78
46
80
82
41
42
45
68
73
76
77
79
81
44
83
84
38
43
58
61
62
85
35
37
39
40
34
36
65
86
26
31
32
33
24
25
29
30
27
28
87
21
22
23
20
19
13
17
18
88
15
16
14
12
9
10
11
8
89
7
90
6
5
4
91
92
3
93
94
2
95
96
97
1
98
0
99
64
47
67
57
59
56
54
75
63
51
69
71
48
60
78
82
46
53
70
80
49
66
74
50
41
42
81
79
52
72
55
62
76
77
84
35
58
61
68
73
78
79
80
81
82
83
84
85
35
36
37
38
40
41
42
43
44
45
46
47
48
49
50
51
52
53
54
55
56
57
58
59
60
62
63
64
65
66
67
69
70
71
72
74
75
76
77
12
13
15
16
17
18
19
20
21
22
23
24
25
26
27
28
29
30
31
32
33
34
39
86
87
8
9
10
11
14
88
4
5
6
7
89
90
3
91
92
93
2
94
95
0
1
96
97
98
99
61
58
62
65
63
64
67
54
56
57
59
60
66
68
69
71
75
78
47
49
50
51
52
53
55
70
72
73
74
79
80
81
82
48
76
77
83
42
44
46
84
85
41
45
37
38
43
35
39
36
40
86
34
32
33
25
26
29
31
87
24
30
27
28
21
22
23
88
19
20
13
17
18
15
16
12
14
89
9
10
11
8
90
7
6
5
4
91
92
93
3
94
2
95
96
1
97
0
98
99
58
62
47
61
48
67
65
35
75
41
46
64
57
69
42
56
51
59
78
82
39
54
63
71
36
37
38
44
45
49
60
74
79
80
81
84
25
34
40
50
52
53
55
66
68
70
72
73
76
77
83
85
24
26
29
30
31
32
33
43
58
61
62
65
75
86
12
13
15
16
17
18
19
20
21
22
23
27
28
35
41
46
47
48
57
64
67
87
8
9
10
11
14
69
88
6
7
42
89
4
5
56
90
3
91
92
93
2
94
95
0
1
96
97
98
99
59
78
51
82
63
71
54
39
80
37
38
44
45
49
50
53
60
66
70
74
79
81
36
52
55
58
61
62
68
72
76
77
83
84
47
64
65
67
73
75
85
34
40
43
48
57
25
26
33
41
46
69
24
30
31
32
35
56
29
42
22
23
27
86
20
21
28
13
17
18
19
15
16
87
12
14
10
88
8
9
11
7
6
89
5
4
90
3
91
92
93
2
94
95
1
96
0
97
98
99
59
78
51
71
63
54
82
62
58
39
61
38
45
44
80
65
47
67
37
60
53
49
81
47
48
49
50
52
53
54
55
56
57
58
59
60
61
62
63
64
65
66
67
68
69
70
71
72
73
74
75
76
77
78
79
80
82
83
84
85
21
22
24
25
26
27
29
30
31
32
33
34
35
36
37
38
39
40
41
42
43
44
45
46
51
86
87
8
9
10
12
13
14
15
16
17
18
19
20
23
28
88
7
11
89
4
5
6
90
3
91
92
2
93
94
95
0
1
96
97
98
99
58
61
62
64
47
50
56
57
63
65
67
75
78
82
35
41
42
46
48
49
51
52
53
54
59
60
66
69
70
71
74
79
80
81
36
37
38
39
44
45
55
68
72
73
76
77
83
84
85
34
40
43
24
25
26
31
32
33
29
30
20
21
22
23
27
28
86
17
18
13
15
16
19
87
10
12
14
8
9
88
11
7
6
5
89
4
90
3
91
92
93
2
94
95
1
96
0
97
98
99
58
62
61
65
64
47
49
50
52
53
54
55
56
57
58
59
60
61
62
63
64
65
66
67
68
69
70
71
72
73
74
75
76
77
78
79
80
81
82
83
84
85
24
25
26
27
30
32
34
35
36
37
38
39
40
41
42
43
44
45
46
48
51
86
87
10
12
13
14
15
16
17
18
19
20
21
22
23
28
29
31
33
88
7
8
9
11
4
5
6
89
90
3
91
92
2
93
94
95
96
0
1
97
98
99
58
61
62
65
47
56
57
63
64
67
75
46
48
49
50
51
52
53
54
59
60
66
69
70
71
74
78
80
82
35
41
42
44
45
55
68
72
73
76
77
79
81
84
36
37
38
39
43
83
85
34
40
25
26
31
32
33
24
29
30
22
23
27
28
86
20
21
13
17
18
19
15
16
87
12
14
10
9
88
8
11
7
6
5
89
4
90
3
91
92
93
2
94
95
1
96
0
97
98
99
58
62
61
65
47
52
54
56
57
58
60
61
62
63
64
65
66
67
68
70
71
72
74
75
76
77
78
79
80
81
82
83
84
85
25
34
35
36
37
38
39
40
41
42
43
44
45
46
47
48
49
50
51
53
55
59
69
73
86
12
13
14
15
16
17
18
19
20
21
22
23
24
26
27
28
29
30
31
32
33
87
88
7
8
9
10
11
4
5
6
89
90
3
91
92
2
93
94
95
96
0
1
97
98
99
58
61
62
64
65
67
47
54
56
57
59
60
63
69
75
78
41
42
46
48
49
50
51
52
53
55
66
70
71
72
74
79
80
81
82
35
37
38
39
44
45
68
73
76
77
83
84
34
36
40
43
85
33
24
25
26
30
31
32
29
22
23
27
28
86
20
21
13
17
18
19
15
16
87
12
14
10
9
88
8
11
7
6
5
89
4
90
3
91
92
93
2
94
95
1
96
0
97
98
99
58
62
61
65
47
52
54
56
57
58
60
61
62
63
64
65
66
67
68
70
71
72
74
75
76
77
78
79
80
81
82
83
84
85
25
34
35
36
37
38
39
40
41
42
43
44
45
46
47
48
49
50
51
53
55
59
69
73
86
12
13
14
15
16
17
18
19
20
21
22
23
24
26
27
28
29
30
31
32
33
87
88
7
8
9
10
11
4
5
6
89
90
3
91
92
2
93
94
95
96
0
1
97
98
99
58
61
62
64
65
67
47
48
51
54
56
57
59
60
63
69
75
78
41
42
46
49
50
52
53
55
66
70
71
72
74
79
80
81
82
35
37
38
39
44
45
68
73
76
77
83
84
34
36
40
43
85
33
24
25
26
30
31
32
29
86
22
23
27
28
20
21
13
17
18
19
15
16
87
12
14
10
9
88
8
11
7
6
5
89
4
90
3
91
92
93
2
94
95
1
96
0
97
98
99
58
62
61
65
47
52
54
56
57
58
60
61
62
63
64
65
66
67
68
70
71
72
74
75
76
77
78
79
80
81
82
83
84
85
25
34
35
36
37
38
39
40
41
42
43
44
45
46
47
48
49
50
51
53
55
59
69
73
86
12
13
14
15
16
17
18
19
20
21
22
23
24
26
27
28
29
30
31
32
33
87
88
7
8
9
10
11
4
5
6
89
90
3
91
92
2
93
94
95
96
0
1
97
98
99
58
61
62
64
65
67
47
48
51
54
56
57
59
60
63
69
75
78
41
42
46
49
50
52
53
55
66
70
71
72
74
79
80
81
82
35
37
38
39
44
45
68
73
76
77
83
84
34
36
40
43
85
33
24
25
26
30
31
32
29
86
22
23
27
28
20
21
13
17
18
19
15
16
87
12
14
10
9
88
8
11
7
6
5
89
4
90
3
91
92
93
2
94
95
1
96
0
97
98
99
58
62
61
65
47
52
54
56
57
58
60
61
62
63
64
65
66
67
68
70
71
72
74
75
76
77
78
79
80
81
82
83
84
85
25
34
35
36
37
38
39
40
41
42
43
44
45
46
47
48
49
50
51
53
55
59
69
73
86
12
13
14
15
16
17
18
19
20
21
22
23
24
26
27
28
29
30
31
32
33
87
88
7
8
9
10
11
4
5
6
89
90
3
91
92
2
93
94
95
96
0
1
97
98
99
58
61
62
64
65
67
47
48
51
54
56
57
59
60
63
69
75
78
41
42
46
49
50
52
53
55
66
70
71
72
74
79
80
81
82
35
37
38
39
44
45
68
73
76
77
83
84
34
36
40
43
85
33
24
25
26
30
31
32
29
86
22
23
27
28
20
21
13
17
18
19
15
16
87
12
14
10
9
88
8
11
7
6
5
89
4
90
3
91
92
93
2
94
95
1
96
0
97
98
99
58
62
61
65
47
52
54
56
57
58
60
61
62
63
64
65
66
67
68
70
71
72
74
75
76
77
78
79
80
81
82
83
84
85
25
34
35
36
37
38
39
40
41
42
43
44
45
46
47
48
49
50
51
53
55
59
69
73
86
12
13
14
15
16
17
18
19
20
21
22
23
24
26
27
28
29
30
31
32
33
87
88
7
8
9
10
11
4
5
6
89
90
3
91
92
2
93
94
95
96
0
1
97
98
99
58
61
62
64
65
67
47
48
51
54
56
57
59
60
63
69
75
78
41
42
46
49
50
52
53
55
66
70
71
72
74
79
80
81
82
35
37
38
39
44
45
68
73
76
77
83
84
34
36
40
43
85
33
24
25
26
30
31
32
29
86
22
23
27
28
20
21
13
17
18
19
15
16
87
12
14
10
9
88
8
11
7
6
5
89
4
90
3
91
92
93
2
94
95
1
96
0
97
98
99
58
62
61
65
47
52
54
56
57
58
60
61
62
63
64
65
66
67
68
70
71
72
74
75
76
77
78
79
80
81
82
83
84
85
25
34
35
36
37
38
39
40
41
42
43
44
45
46
47
48
49
50
51
53
55
59
69
73
86
12
13
14
15
16
17
18
19
20
21
22
23
24
26
27
28
29
30
31
32
33
87
88
7
8
9
10
11
4
5
6
89
90
3
91
92
2
93
94
95
96
0
1
97
98
99
58
61
62
64
65
67
47
48
51
54
56
57
59
60
63
69
75
78
41
42
46
49
50
52
53
55
66
70
71
72
74
79
80
81
82
35
37
38
39
44
45
68
73
76
77
83
84
34
36
40
43
85
33
24
25
26
30
31
32
29
86
22
23
27
28
20
21
13
17
18
19
15
16
87
12
14
10
9
88
8
11
7
6
5
89
4
90
3
91
92
93
2
94
95
1
96
0
97
98
99
58
62
61
65
47
52
54
56
57
58
60
61
62
63
64
65
66
67
68
70
71
72
74
75
76
77
78
79
80
81
82
83
84
85
25
34
35
36
37
38
39
40
41
42
43
44
45
46
47
48
49
50
51
53
55
59
69
73
86
12
13
14
15
16
17
18
19
20
21
22
23
24
26
27
28
29
30
31
32
33
87
88
7
8
9
10
11
4
5
6
89
90
3
91
92
2
93
94
95
96
0
1
97
98
99
58
61
62
64
65
67
47
48
51
54
56
57
59
60
63
69
75
78
41
42
46
49
50
52
53
55
66
70
71
72
74
79
80
81
82
35
37
38
39
44
45
68
73
76
77
83
84
34
36
40
43
85
33
24
25
26
30
31
32
29
86
22
23
27
28
20
21
13
17
18
19
15
16
87
12
14
10
9
88
8
11
7
6
5
89
4
90
3
91
92
93
2
94
95
1
96
0
97
98
99
58
62
61
65
47
52
54
56
57
58
60
61
62
63
64
65
66
67
68
70
71
72
74
75
76
77
78
79
80
81
82
83
84
85
25
34
35
36
37
38
39
40
41
42
43
44
45
46
47
48
49
50
51
53
55
59
69
73
86
12
13
14
15
16
17
18
19
20
21
22
23
24
26
27
28
29
30
31
32
33
87
88
7
8
9
10
11
4
5
6
89
90
3
91
92
2
93
94
95
96
0
1
97
98
99
58
61
62
64
65
67
47
48
51
54
56
57
59
60
63
69
75
78
41
42
46
49
50
52
53
55
66
70
71
72
74
79
80
81
82
35
37
38
39
44
45
68
73
76
77
83
84
34
36
40
43
85
33
24
25
26
30
31
32
29
86
22
23
27
28
20
21
13
17
18
19
15
16
87
12
14
10
9
88
8
11
7
6
5
89
4
90
3
91
92
93
2
94
95
1
96
0
97
98
99
58
62
61
65
47
52
54
56
57
58
60
61
62
63
64
65
66
67
68
70
71
72
74
75
76
77
78
79
80
81
82
83
84
85
25
34
35
36
37
38
39
40
41
42
43
44
45
46
47
48
49
50
51
53
55
59
69
73
86
12
13
14
15
16
17
18
19
20
21
22
23
24
26
27
28
29
30
31
32
33
87
88
7
8
9
10
11
4
5
6
89
90
3
91
92
2
93
94
95
96
0
1
97
98
99
58
61
62
64
65
67
47
48
51
54
56
57
59
60
63
69
75
78
41
42
46
49
50
52
53
55
66
70
71
72
74
79
80
81
82
35
37
38
39
44
45
68
73
76
77
83
84
34
36
40
43
85
33
24
25
26
30
31
32
29
86
22
23
27
28
20
21
13
17
18
19
15
16
87
12
14
10
9
88
8
11
7
6
5
89
4
90
3
91
92
93
2
94
95
1
96
0
97
98
99
58
62
61
65
47
52
54
56
57
58
60
61
62
63
64
65
66
67
68
70
71
72
74
75
76
77
78
79
80
81
82
83
84
85
25
34
35
36
37
38
39
40
41
42
43
44
45
46
47
48
49
50
51
53
55
59
69
73
86
12
13
14
15
16
17
18
19
20
21
22
23
24
26
27
28
29
30
31
32
33
87
88
7
8
9
10
11
4
5
6
89
90
3
91
92
2
93
94
95
96
0
1
97
98
99
58
61
62
64
65
67
47
48
51
54
56
57
59
60
63
69
75
78
41
42
46
49
50
52
53
55
66
70
71
72
74
79
80
81
82
35
37
38
39
44
45
68
73
76
77
83
84
34
36
40
43
85
33
24
25
26
30
31
32
29
86
22
23
27
28
20
21
13
17
18
19
15
16
87
12
14
10
9
88
8
11
7
6
5
89
4
90
3
91
92
93
2
94
95
1
96
0
97
98
99
58
62
61
65
47
