486
277
358
401
417
418
432
589
304
332
336
343
344
356
360
366
372
373
382
384
388
394
405
407
428
429
441
460
505
541
581
597
612
624
262
269
281
282
287
290
309
322
326
327
333
338
351
355
359
362
364
376
380
386
390
392
393
395
397
400
408
412
424
426
454
457
463
464
466
473
482
489
490
491
501
502
503
512
518
532
533
539
551
554
555
571
593
650
688
212
233
253
274
284
285
288
289
292
297
300
308
312
315
316
318
319
323
325
329
330
331
335
340
346
357
365
367
377
383
387
406
416
419
427
430
435
442
443
445
449
455
459
462
467
476
477
478
480
483
485
497
499
507
509
519
523
525
526
543
544
545
560
563
565
569
574
577
582
587
588
599
606
621
623
628
633
641
660
666
680
683
689
690
691
692
696
723
729
182
219
220
228
231
242
248
251
254
259
261
271
273
280
291
294
295
302
303
306
310
314
328
339
341
342
348
352
363
369
370
379
381
389
396
398
399
409
410
411
414
415
431
433
436
437
439
447
448
450
451
452
453
458
461
468
475
479
488
492
493
498
500
504
508
513
522
528
531
534
537
546
549
550
561
562
567
570
578
580
584
585
586
590
594
603
610
622
626
629
631
638
639
643
647
649
662
668
669
670
672
673
677
686
695
703
704
726
743
195
199
202
216
223
229
239
240
243
249
257
264
265
266
267
268
279
286
299
305
307
317
320
321
324
345
349
350
353
361
368
374
375
385
391
402
403
404
413
422
423
434
438
456
465
472
481
484
487
494
510
511
514
515
516
517
520
521
524
530
536
547
552
558
564
568
575
576
583
592
602
605
608
611
613
617
618
619
620
627
632
634
640
642
644
646
648
654
663
665
674
676
681
684
693
694
697
701
702
711
714
715
718
724
730
736
737
738
740
741
750
754
758
762
763
768
795
191
208
214
221
226
232
241
244
245
256
258
260
263
270
272
275
278
301
311
313
337
347
371
378
420
421
440
444
446
469
474
506
527
540
542
548
557
559
573
595
596
598
601
604
607
609
616
630
636
637
645
651
655
659
664
667
671
675
698
705
707
708
709
710
712
713
717
719
727
731
742
747
749
755
765
775
778
785
789
804
176
198
203
205
206
210
224
234
235
236
238
247
252
255
293
334
354
470
471
495
535
556
579
591
600
614
652
657
661
679
682
706
720
725
735
739
744
745
751
766
772
777
781
782
790
791
797
803
160
163
167
173
178
183
184
190
192
197
207
211
215
217
218
222
230
237
246
276
283
296
298
496
529
553
566
615
625
635
678
685
716
721
722
732
733
734
746
748
752
771
774
783
793
794
799
801
151
162
165
175
186
193
201
204
209
213
225
250
425
572
653
658
687
700
728
753
756
759
760
767
779
786
796
798
802
806
809
813
826
171
174
179
180
181
189
538
656
699
764
769
773
776
784
787
800
805
807
811
816
817
820
825
828
836
146
155
156
157
161
166
170
194
196
227
770
788
792
808
814
819
834
847
141
152
154
164
168
169
172
177
185
188
200
757
761
780
818
824
829
835
838
143
158
810
815
823
827
843
853
130
137
138
139
140
144
145
148
187
812
821
822
831
832
833
837
840
846
848
851
862
149
150
153
159
841
842
844
849
855
856
859
136
142
830
845
852
864
867
877
131
132
133
147
858
866
869
872
120
127
128
134
854
857
860
861
870
112
119
123
129
135
850
863
865
874
878
124
126
839
871
881
888
102
113
116
118
868
876
880
875
879
885
893
105
106
108
111
115
122
873
883
889
93
110
882
895
896
86
89
100
104
107
114
117
125
886
887
911
96
97
121
83
94
98
109
891
894
95
99
884
890
897
902
103
898
900
906
907
91
92
101
892
920
87
90
905
908
84
85
88
899
901
910
912
917
82
904
916
919
76
80
903
909
914
915
70
72
73
75
78
921
924
931
913
918
74
81
52
59
71
930
60
67
69
79
929
68
925
927
928
932
54
57
63
64
66
922
926
77
58
65
923
936
937
939
48
53
933
935
61
62
949
55
56
934
940
51
938
942
45
49
945
948
44
50
941
46
943
953
947
47
946
952
944
37
41
950
958
42
954
959
28
38
43
956
33
951
35
955
957
970
34
36
39
978
24
40
962
964
32
20
26
31
967
10
25
968
16
30
18
960
971
22
963
966
974
976
969
972
19
13
17
965
973
975
21
27
1
23
989
12
29
977
980
9
14
15
986
7
11
979
987
4
5
486
961
372
401
405
417
432
985
332
343
344
358
373
394
407
418
428
429
441
466
505
982
3
277
304
336
351
356
360
362
382
384
388
390
393
395
412
424
426
457
460
473
502
533
541
581
589
624
984
0
281
309
327
331
333
338
355
359
364
365
366
367
376
380
386
387
392
397
400
406
408
419
427
430
435
449
454
459
462
463
464
476
480
485
489
490
491
501
503
507
512
518
519
532
539
551
554
555
571
593
597
612
988
262
282
284
290
300
308
312
316
318
319
322
323
325
326
328
329
335
340
341
346
357
363
377
381
383
389
396
410
411
416
431
433
437
439
442
443
445
453
455
461
467
468
475
477
478
479
482
483
492
497
499
504
509
523
526
543
544
545
560
565
569
574
587
287
288
289
292
297
314
315
330
339
352
353
369
370
379
385
398
399
403
409
414
415
422
434
436
438
447
448
450
451
452
458
472
487
488
493
498
500
508
522
525
528
531
534
537
549
550
561
563
567
577
578
580
584
588
599
606
610
628
992
269
273
274
285
302
310
342
348
361
368
374
375
391
402
404
413
420
423
444
446
456
465
469
481
484
494
510
511
513
514
515
516
517
520
521
524
530
546
547
562
564
570
575
582
585
590
602
603
621
623
626
633
641
650
660
666
680
688
981
8
253
261
271
279
291
294
295
303
306
311
317
320
321
324
347
349
350
371
378
421
440
470
471
495
506
536
542
548
552
557
558
559
568
576
583
586
592
594
605
608
613
617
618
629
631
634
638
639
643
669
689
691
692
696
983
2
233
248
251
259
264
266
267
268
275
278
280
286
299
301
305
307
313
337
345
474
527
535
540
556
573
595
596
609
611
619
620
622
642
646
647
648
662
663
670
672
673
677
683
690
995
182
212
254
265
270
334
354
496
529
566
579
591
598
600
601
604
607
627
630
632
636
637
640
644
649
654
665
668
674
676
681
686
695
703
704
723
729
993
219
231
239
249
256
257
258
260
263
272
293
298
425
553
614
616
651
659
667
684
693
694
697
701
724
726
220
223
229
240
241
242
243
245
255
276
283
296
538
572
625
645
652
655
664
671
675
714
715
718
736
737
738
6
199
202
216
226
228
232
238
244
252
615
635
657
661
679
682
698
702
705
707
711
712
713
719
730
740
743
750
991
195
214
221
235
236
247
653
658
685
687
710
725
731
741
742
755
762
768
795
994
999
191
230
246
656
678
706
708
709
717
720
727
735
739
745
749
754
758
763
765
192
207
211
222
224
234
250
716
721
722
744
747
789
178
183
197
201
203
205
208
209
210
215
217
218
237
728
732
733
734
746
748
751
775
778
781
785
790
163
167
176
184
198
206
213
225
699
700
752
753
766
771
772
777
782
783
791
803
804
990
160
162
171
173
186
190
193
204
756
760
774
794
826
151
165
174
175
180
189
759
767
773
779
796
797
798
799
825
164
170
179
181
227
764
769
793
801
813
146
155
156
161
168
169
188
194
770
776
786
800
802
809
157
166
757
761
784
787
792
806
808
811
816
828
997
141
196
788
805
817
836
847
139
158
172
185
200
807
820
138
143
144
152
187
780
814
819
829
834
998
130
137
148
177
815
818
824
835
140
145
150
154
810
838
843
846
853
149
159
822
823
833
840
845
848
849
859
862
127
136
147
153
812
821
827
832
837
851
112
120
131
133
142
831
841
842
844
855
996
128
132
134
830
856
866
867
869
877
123
129
852
858
865
872
878
126
864
888
119
135
861
102
870
113
115
124
854
857
860
863
881
106
116
118
868
850
874
876
879
880
893
105
111
839
875
86
104
110
871
873
89
885
886
889
83
93
97
100
107
108
117
122
882
883
911
98
114
896
902
95
125
895
96
109
121
887
94
99
891
91
894
897
907
920
103
884
890
892
906
101
898
900
912
92
82
84
908
85
87
90
901
904
905
909
910
916
88
899
903
80
914
915
921
931
917
70
72
76
919
924
73
75
78
60
913
81
918
74
930
71
59
927
54
67
69
79
486
929
52
63
925
932
936
77
401
624
937
277
372
432
926
57
58
68
417
928
935
64
343
405
505
581
589
923
939
332
407
541
65
66
304
344
373
429
441
466
612
688
358
394
533
571
593
53
336
382
412
428
532
555
262
281
351
356
393
395
418
424
502
512
551
554
597
628
680
933
940
949
48
61
360
362
426
460
473
485
539
660
689
696
922
282
309
338
380
384
457
463
464
489
490
491
501
503
560
666
692
62
355
365
376
387
388
390
392
408
419
435
449
480
507
518
519
526
543
565
574
577
587
641
691
55
182
284
300
312
327
331
333
367
386
397
400
406
427
442
459
462
476
477
497
499
509
523
563
569
580
606
633
683
729
212
289
290
316
319
323
328
340
383
416
430
431
433
437
439
445
453
454
461
467
468
504
531
544
545
550
578
588
610
623
934
308
318
322
325
329
330
335
341
346
357
359
363
364
366
381
389
396
410
411
414
434
443
455
475
479
482
483
492
498
522
525
534
537
561
584
585
599
603
621
626
643
669
677
690
703
726
56
269
287
288
292
297
326
339
352
377
379
385
403
415
422
436
438
447
448
451
452
472
478
487
488
493
500
510
524
528
549
562
567
590
629
639
704
723
942
51
233
253
273
274
314
315
342
353
361
368
370
374
398
399
402
404
409
413
450
458
465
494
508
513
514
515
516
520
521
530
546
547
570
575
602
605
608
631
650
662
672
673
695
724
795
938
248
251
285
369
375
391
420
421
440
444
446
456
469
470
471
481
484
506
511
517
536
542
552
564
576
592
613
617
634
686
693
737
261
271
291
295
302
306
310
317
321
324
371
423
495
548
556
557
558
559
568
582
586
618
619
620
622
638
642
646
647
648
663
665
670
718
768
789
945
267
279
303
311
347
348
349
350
378
474
527
535
540
583
594
596
611
654
668
674
676
736
738
740
750
943
948
199
219
259
264
266
268
275
278
280
294
299
313
320
337
345
496
529
566
573
579
595
601
609
627
640
681
684
701
743
763
941
220
254
286
301
305
307
334
354
425
591
600
614
630
632
636
637
649
659
667
694
755
758
762
785
202
239
249
256
263
265
270
553
598
604
607
616
644
655
697
713
714
719
765
953
195
223
229
231
240
241
255
272
283
293
298
538
572
645
651
664
671
675
715
730
742
826
44
46
216
257
258
276
296
625
652
707
711
712
725
731
781
804
49
232
238
242
243
245
260
615
635
661
679
682
702
705
741
749
754
791
803
825
191
214
226
228
235
244
252
657
698
720
735
739
745
790
45
183
192
221
230
236
247
653
685
687
710
717
727
775
777
778
782
794
47
50
162
163
167
178
211
658
706
708
709
747
783
796
197
207
222
656
678
721
734
744
748
751
772
798
799
160
176
184
201
209
215
246
250
716
722
728
733
771
836
847
173
203
205
210
217
218
224
234
237
732
753
766
779
809
813
171
174
186
189
193
198
208
213
225
700
767
774
797
801
828
146
151
180
190
746
752
756
760
773
793
816
947
155
161
164
165
175
179
204
206
699
764
800
168
170
181
759
802
806
808
811
820
944
946
952
958
139
156
157
169
769
817
950
141
166
188
194
227
770
776
786
787
792
956
138
144
172
757
784
788
805
819
824
829
834
835
843
37
41
130
143
158
761
807
853
38
42
196
814
815
838
849
862
137
145
148
185
200
818
823
840
846
848
859
954
28
150
152
154
187
810
833
43
136
149
177
780
832
845
959
112
120
127
131
140
822
827
837
851
133
147
821
841
842
844
132
153
159
856
867
869
877
878
957
123
128
134
831
855
865
866
142
812
852
864
33
35
119
126
129
486
830
872
24
36
102
135
624
858
34
39
124
861
888
113
118
870
881
955
964
967
26
32
106
115
401
589
857
863
277
854
978
111
116
417
432
581
105
372
860
868
874
879
951
10
31
40
86
104
612
850
875
876
893
962
970
25
89
100
107
110
688
871
880
885
83
93
839
97
98
108
122
332
343
344
405
505
873
889
896
16
117
407
541
882
886
971
20
95
96
125
304
394
441
680
883
960
30
114
358
593
597
696
911
18
22
262
336
373
418
466
533
571
628
660
689
94
99
121
428
502
691
895
902
109
281
356
429
555
692
963
91
360
382
532
666
887
13
17
19
388
460
551
729
182
282
384
554
641
683
723
891
894
976
393
395
412
424
512
633
690
897
974
21
101
103
212
351
366
473
503
623
669
726
907
966
968
90
92
290
309
338
426
501
539
560
650
795
884
890
900
920
27
84
85
364
390
485
489
490
518
574
587
677
703
704
892
898
906
965
969
972
82
87
327
362
376
386
392
454
457
464
545
569
577
743
1
12
269
287
400
408
463
491
606
621
672
673
724
768
908
233
284
319
333
359
397
435
449
482
497
507
509
519
543
565
789
901
905
975
23
29
80
289
326
331
406
499
526
580
603
629
662
695
736
737
912
76
253
300
322
355
380
459
467
476
523
563
599
610
626
631
638
639
643
686
973
70
75
88
274
308
312
340
383
387
455
462
477
478
480
483
525
544
578
582
588
740
750
763
916
989
9
72
73
329
346
365
419
443
445
448
534
550
693
718
738
758
762
804
904
910
14
285
292
297
314
315
316
330
369
430
475
567
585
665
670
899
903
909
914
15
60
251
318
323
328
341
352
367
377
399
411
427
453
479
488
492
500
504
531
549
561
562
586
642
668
701
765
785
931
986
78
273
288
325
357
379
436
442
450
452
508
570
584
634
647
663
676
681
755
915
11
248
335
339
381
410
416
431
437
439
447
461
468
498
513
522
528
537
594
605
613
622
649
654
674
697
714
741
781
917
921
4
7
71
74
199
219
220
231
261
291
348
391
396
398
458
493
530
546
558
590
608
618
640
646
694
711
715
730
754
826
919
5
59
81
228
254
294
303
320
350
363
370
389
409
414
415
433
511
568
602
648
684
790
791
803
924
202
259
271
306
404
423
451
575
576
583
617
702
731
742
778
980
191
280
295
310
342
353
385
422
456
472
481
484
514
547
611
627
644
713
913
979
3
63
67
195
242
257
265
302
307
321
345
349
368
375
413
434
515
524
552
564
592
620
632
719
782
825
918
987
52
54
69
239
266
279
286
305
378
465
487
510
517
520
536
609
619
636
707
727
749
775
777
794
977
264
299
324
403
420
438
444
446
521
559
598
604
698
705
709
747
930
0
216
240
260
270
402
474
516
542
595
616
659
667
671
675
772
797
927
79
163
214
229
301
374
421
440
494
607
637
645
712
725
751
799
836
847
961
77
167
223
226
245
249
267
268
311
317
361
371
469
527
540
573
630
664
706
708
710
717
745
57
160
176
258
337
347
506
548
556
557
591
596
601
651
655
744
783
801
813
2
64
68
208
241
243
244
272
278
334
470
471
495
614
739
766
793
796
809
816
828
982
58
178
183
203
221
263
293
313
496
535
600
657
720
748
771
798
929
932
65
162
238
256
275
354
579
652
735
746
8
151
184
224
234
255
425
529
566
661
679
682
802
811
936
937
66
192
232
615
625
774
925
926
985
6
173
236
252
296
298
538
553
678
716
779
820
834
928
48
53
205
206
207
806
935
981
984
165
198
210
218
246
247
250
572
635
653
685
721
733
734
923
939
146
186
190
235
276
283
722
752
760
767
156
166
171
197
204
211
687
728
732
786
800
817
829
988
55
164
170
193
201
230
237
700
805
807
808
853
992
61
161
174
175
215
222
227
486
658
753
759
835
933
62
157
180
209
225
656
773
819
843
922
949
139
179
213
401
417
432
699
756
769
787
814
846
862
993
196
589
983
995
56
217
764
770
788
838
840
940
141
152
154
155
169
189
200
372
823
824
991
130
138
394
405
418
441
581
792
818
837
137
140
144
168
172
177
181
185
188
332
344
358
388
407
428
505
624
776
848
849
851
51
148
158
194
277
343
502
541
780
810
815
859
934
942
356
373
460
466
612
784
855
877
994
999
336
360
366
382
384
429
533
597
833
145
149
159
304
827
844
938
143
364
395
424
532
555
571
593
822
831
832
945
187
393
412
473
503
512
757
761
845
878
948
133
136
150
281
390
426
454
501
551
554
856
867
112
127
142
262
282
351
386
489
539
688
842
869
943
120
153
290
338
457
490
518
560
628
650
812
861
865
866
287
309
327
376
392
400
464
485
545
569
633
660
691
821
841
858
46
131
132
359
362
463
482
574
623
680
696
864
872
953
326
333
397
408
497
507
509
519
577
587
641
666
689
830
852
888
941
990
44
123
128
134
147
269
319
406
435
449
491
692
723
881
284
289
322
331
499
565
582
606
621
669
690
893
116
119
455
459
467
526
543
580
599
603
638
683
870
102
126
212
274
340
476
478
525
610
629
857
997
129
135
233
300
308
346
355
383
448
477
483
523
544
563
578
588
631
643
672
673
677
704
729
743
49
124
253
312
369
380
462
480
626
639
703
860
47
50
182
285
292
314
315
329
443
534
567
586
662
686
726
108
297
365
387
475
550
670
695
850
998
45
330
399
419
430
445
488
562
585
642
863
874
113
118
251
316
323
341
352
411
500
531
549
561
594
649
668
724
736
868
871
879
89
105
111
231
318
377
436
450
479
492
570
622
647
665
693
697
737
795
93
106
107
115
228
254
273
325
328
348
367
379
452
453
508
584
605
613
634
640
654
663
681
701
711
740
768
854
885
889
100
104
125
288
291
294
357
427
504
608
618
646
676
714
718
738
741
839
875
895
896
220
248
261
303
320
335
339
442
513
558
590
644
674
702
715
762
880
911
947
83
117
219
350
381
410
447
498
528
546
568
648
694
730
750
758
763
789
876
882
86
242
257
259
271
280
306
391
398
439
458
522
530
537
602
617
684
754
765
804
996
109
114
265
431
437
461
468
511
583
627
632
755
883
191
199
307
396
416
493
575
576
698
727
731
778
873
944
950
958
310
370
409
414
415
611
707
97
98
110
195
202
260
286
295
302
363
423
636
705
709
713
719
742
747
781
790
886
952
96
239
321
345
404
451
481
547
604
620
946
956
122
266
279
305
349
353
389
433
456
484
598
609
619
671
675
749
785
208
216
240
264
270
299
342
385
472
514
515
552
592
708
710
791
954
94
121
214
229
375
536
616
645
706
717
772
775
797
902
907
95
368
378
422
524
564
659
664
667
712
744
745
751
782
176
226
517
559
595
607
725
777
794
803
163
167
244
245
301
324
413
465
637
651
746
891
897
203
249
434
510
520
766
793
826
887
894
223
243
258
655
657
739
959
37
38
42
99
160
221
224
234
267
487
630
799
906
957
82
91
241
268
420
446
474
521
542
573
720
748
771
783
801
28
183
272
438
444
516
802
813
825
884
890
41
178
206
311
403
540
652
735
816
847
92
337
591
614
661
716
796
809
836
238
263
317
402
421
440
494
527
596
601
678
679
682
774
798
900
912
84
85
103
151
184
278
334
374
557
811
920
293
347
371
828
892
898
43
80
101
162
165
198
361
556
752
779
905
916
964
205
236
255
256
313
548
600
615
733
834
904
910
90
173
190
192
218
469
506
625
721
760
806
899
908
967
166
207
210
232
252
275
722
734
786
807
156
246
250
579
732
820
917
924
73
88
186
204
471
495
700
759
767
805
901
915
919
921
87
227
470
496
535
653
685
728
800
817
903
955
978
75
171
247
909
914
146
170
354
753
829
931
76
298
566
589
814
24
72
175
196
197
237
296
425
486
529
687
773
808
913
157
164
193
235
417
538
553
635
769
787
835
853
35
161
174
211
388
401
418
432
699
756
819
918
70
200
201
215
366
33
78
152
154
180
394
428
770
788
838
39
177
213
222
225
364
384
441
502
572
846
962
34
140
179
209
230
276
283
358
372
405
407
454
460
581
658
764
780
818
36
139
185
332
344
356
360
466
505
792
837
843
862
929
32
71
343
382
395
424
429
503
597
624
656
823
824
840
69
81
141
277
336
373
386
390
393
426
473
533
541
612
970
26
54
60
169
376
392
400
412
457
482
489
501
532
951
137
138
359
397
463
464
490
512
545
555
571
650
776
784
810
855
925
971
304
327
338
406
408
449
455
485
518
539
551
593
851
930
130
144
148
155
189
217
287
290
326
351
435
448
467
478
497
507
509
519
554
582
960
52
59
159
282
362
369
459
476
483
491
499
560
569
815
827
74
172
188
281
322
331
333
383
399
443
462
477
525
691
831
848
849
25
194
262
269
309
319
346
450
475
526
543
544
565
574
623
628
633
688
723
859
10
79
158
168
181
340
380
387
411
430
436
445
480
488
523
577
587
638
696
822
833
844
877
937
149
274
289
308
314
315
329
348
352
355
365
377
419
452
453
500
534
580
586
599
603
621
660
63
145
284
285
341
379
479
492
508
549
563
567
578
588
594
606
641
680
743
832
963
142
187
292
300
312
330
350
367
391
427
447
458
513
531
550
562
610
629
669
689
761
812
927
253
294
297
320
323
357
381
398
410
442
498
504
561
570
631
666
690
692
845
861
867
928
212
303
316
328
339
409
439
528
558
585
626
643
649
935
31
67
68
143
150
233
291
318
325
370
396
423
431
437
461
468
493
511
530
546
568
584
639
672
673
683
704
757
932
228
231
254
280
306
307
335
345
404
414
415
416
522
537
583
613
640
642
842
878
57
136
153
251
257
273
288
310
451
481
590
605
608
618
622
644
647
670
677
686
729
856
40
127
133
261
265
321
349
363
433
456
472
484
576
662
668
703
858
865
866
869
922
77
242
259
271
286
305
353
375
385
389
514
575
602
604
632
634
654
695
697
711
726
821
841
976
16
64
260
295
302
342
378
422
515
547
552
598
611
617
627
646
663
665
681
702
830
926
936
949
65
132
182
220
248
270
536
648
693
701
714
724
736
741
974
66
299
368
524
609
676
694
715
740
864
872
939
120
219
266
279
413
517
559
564
592
616
636
674
698
718
730
737
795
852
112
116
208
324
465
595
607
619
620
768
804
860
870
923
128
134
191
240
264
301
645
684
709
727
738
881
888
893
58
131
239
434
510
520
705
707
754
758
762
763
789
20
119
244
671
675
706
747
750
765
778
857
123
258
487
637
664
667
708
731
965
22
48
147
216
229
234
245
249
474
521
573
651
659
710
713
755
850
940
966
195
199
214
226
243
272
420
542
630
657
717
719
790
933
102
108
135
202
203
224
267
444
446
742
746
749
969
972
53
268
311
438
516
540
655
744
781
968
30
126
176
221
241
337
591
712
745
751
772
874
18
56
124
129
206
223
596
614
652
725
797
868
163
263
403
601
661
785
791
863
871
895
934
167
317
334
440
527
678
766
775
782
13
89
111
125
238
278
402
421
716
777
839
989
17
61
293
494
557
679
682
720
739
748
793
794
854
885
911
19
118
160
374
615
889
55
113
236
347
371
556
735
802
803
93
105
178
183
255
313
771
879
938
975
986
62
107
109
117
198
218
250
548
600
625
801
104
106
115
246
252
256
361
589
752
783
799
880
896
100
114
165
184
190
205
721
733
875
83
151
210
227
275
722
774
816
826
876
166
204
232
506
732
883
51
207
653
685
700
809
811
813
847
882
21
162
173
192
579
734
760
796
825
836
156
186
247
469
759
786
798
834
942
86
366
388
779
807
486
728
873
973
12
96
196
417
828
948
27
110
687
805
806
1
122
171
495
767
907
121
170
175
237
418
471
496
699
753
941
197
200
298
364
535
800
820
886
94
97
177
235
401
470
635
769
817
98
146
152
193
432
566
581
154
296
394
756
773
174
215
354
384
428
454
502
624
650
814
891
945
95
157
164
211
358
597
612
787
829
979
140
161
185
201
770
780
894
906
943
980
441
460
788
897
902
82
180
213
344
356
360
808
835
23
29
222
225
332
529
538
553
658
723
764
819
887
179
209
230
503
691
9
91
277
372
386
425
482
582
953
987
50
336
743
853
92
99
287
359
382
390
405
407
505
792
846
884
890
46
392
395
541
545
656
818
837
139
141
169
276
290
326
343
376
393
400
424
455
466
473
572
688
838
910
44
84
85
327
369
373
397
426
429
448
478
489
501
533
593
638
696
14
80
159
283
304
406
457
467
490
532
776
823
917
15
137
282
412
463
464
512
518
555
571
148
269
338
399
408
435
443
449
450
483
497
507
509
519
525
551
569
623
633
784
824
840
843
855
862
899
912
103
138
322
383
459
475
476
485
499
539
554
586
628
680
810
924
11
49
130
217
262
281
333
346
348
351
411
452
462
477
488
491
660
690
900
904
919
189
228
319
331
350
362
377
391
430
436
445
500
508
544
560
594
621
669
689
916
920
977
45
101
155
231
274
294
309
314
315
320
340
352
379
447
453
458
479
480
492
526
534
543
574
599
603
831
73
144
285
289
329
380
387
398
419
423
513
523
565
577
587
629
649
905
188
194
303
308
330
341
345
355
365
370
381
409
410
427
498
511
549
558
562
567
580
606
641
666
692
704
815
827
4
172
212
254
292
307
357
367
396
404
414
415
439
442
456
461
481
484
493
504
528
531
550
563
568
570
578
588
631
673
851
898
915
7
47
88
149
158
242
253
257
280
284
291
297
312
339
349
416
431
437
451
468
530
546
610
644
672
683
711
812
892
921
90
142
168
233
300
306
310
323
328
375
378
385
433
472
522
537
561
583
640
822
947
5
181
265
286
316
318
321
325
335
389
422
514
515
584
585
598
604
613
626
642
643
686
697
729
741
761
848
903
251
259
260
305
342
353
363
413
465
576
618
622
639
647
670
677
702
844
849
75
145
187
208
261
270
288
368
517
536
547
552
590
605
608
632
668
804
833
908
961
271
273
295
299
302
524
559
575
602
611
654
662
714
726
877
3
72
220
434
474
616
627
634
681
698
701
703
736
795
832
859
914
87
301
324
420
446
487
510
520
564
592
595
607
609
617
695
715
724
727
730
740
768
778
861
901
909
913
918
150
182
266
279
444
636
645
646
663
665
693
694
709
757
931
143
191
248
438
521
573
620
648
754
845
76
153
219
234
240
244
264
337
516
540
542
619
674
676
706
747
758
403
440
589
705
708
718
737
762
763
789
944
0
136
239
258
272
311
334
402
421
527
671
675
707
69
78
127
203
224
245
249
366
388
494
591
651
664
684
710
731
738
746
765
867
925
929
982
214
226
243
371
374
637
657
750
842
70
267
293
317
347
557
596
601
630
659
667
717
790
821
830
858
946
133
206
216
229
268
486
556
614
713
116
176
195
241
263
313
361
548
615
652
744
755
772
781
797
856
869
956
71
81
221
278
417
655
661
719
749
751
841
54
132
199
202
506
678
742
860
866
418
600
625
745
865
952
238
250
255
364
469
712
716
766
793
950
958
2
167
223
236
246
252
275
679
725
791
878
981
163
579
682
775
37
120
128
134
218
227
256
777
782
785
60
401
720
748
852
864
870
872
198
581
653
739
802
850
857
52
108
112
160
394
432
650
735
794
204
384
454
495
700
721
752
771
801
881
893
79
119
165
190
205
210
358
496
502
597
612
624
959
6
147
166
178
183
232
247
428
471
535
685
722
733
888
38
42
131
298
732
803
8
41
123
184
196
207
774
799
930
28
151
783
816
102
135
566
635
687
759
74
186
237
296
356
460
470
699
734
811
954
59
156
200
360
760
839
895
928
124
126
129
192
344
354
441
691
723
728
786
807
809
826
89
332
582
813
834
847
922
985
125
173
235
277
796
874
937
43
175
177
287
386
68
503
743
753
779
798
836
868
871
57
63
93
111
162
170
482
805
825
215
336
638
863
984
109
152
171
197
359
372
767
769
806
828
935
185
193
211
688
696
854
66
117
154
290
326
390
545
553
658
756
64
105
174
993
65
107
157
201
230
529
538
541
770
773
780
820
911
67
104
113
114
118
213
327
382
505
817
932
995
140
146
225
343
369
376
392
405
633
800
889
77
100
164
222
228
269
395
407
455
593
623
787
814
885
106
161
180
209
282
393
400
473
478
501
680
957
304
424
448
656
788
988
115
179
397
466
533
586
628
690
879
880
927
949
35
83
231
406
425
426
489
571
660
669
764
882
896
983
48
276
322
373
490
518
569
649
262
338
348
457
467
525
532
555
689
875
883
33
274
399
483
594
829
992
294
429
450
463
464
519
621
819
876
24
159
346
350
497
507
551
554
572
692
704
835
926
56
169
242
281
283
320
383
443
509
512
603
629
666
673
711
808
39
96
254
257
314
319
333
408
435
449
475
499
644
672
741
792
58
86
208
212
285
289
307
315
412
488
539
599
776
32
303
411
476
631
641
702
34
110
137
139
141
233
331
351
391
459
500
508
544
560
683
697
818
837
939
940
991
377
436
452
485
574
640
838
26
148
217
253
260
280
309
352
462
477
534
577
587
686
923
964
36
121
265
291
340
345
379
513
558
567
606
729
853
873
955
53
122
189
362
423
445
447
491
562
568
670
698
714
784
804
846
94
292
308
329
458
543
565
604
642
727
823
61
286
330
398
430
479
526
549
580
598
668
677
715
934
994
97
144
194
220
259
297
306
453
492
511
523
570
583
632
647
709
726
736
810
907
130
138
188
251
284
305
341
349
370
409
578
613
622
703
730
747
754
778
795
98
155
410
480
481
484
528
563
588
610
626
701
840
855
172
191
234
270
310
357
378
381
404
419
456
498
530
546
618
639
643
654
662
681
740
768
936
967
182
321
339
365
380
387
396
415
493
531
550
724
824
831
933
142
149
261
300
312
355
366
375
414
427
451
504
561
589
695
708
862
82
95
367
388
431
439
442
461
468
472
514
576
585
694
706
843
978
158
271
299
323
328
385
416
422
437
522
537
584
627
705
746
758
762
886
187
203
224
244
316
318
325
342
353
413
433
465
515
517
536
552
605
608
611
616
645
693
812
815
906
999
25
51
168
181
288
295
301
302
335
368
389
474
590
607
634
665
737
761
763
827
206
240
273
363
444
446
486
524
547
559
595
609
636
765
789
891
219
279
324
364
417
418
420
434
510
575
602
646
710
10
55
145
248
266
487
520
564
617
663
674
707
797
822
851
938
92
176
214
239
245
258
264
337
421
438
440
521
540
573
592
648
676
718
731
738
894
334
403
454
516
527
542
675
717
790
226
243
272
311
371
394
401
402
432
494
619
620
671
744
897
249
374
384
591
657
664
684
750
62
216
229
293
347
428
502
651
751
757
772
195
358
361
506
557
581
781
84
91
153
221
267
313
317
460
469
548
556
596
601
615
637
650
849
80
99
263
441
597
630
659
667
749
755
793
31
85
150
241
250
268
278
356
360
614
652
678
713
844
848
143
227
386
612
661
716
719
745
766
887
902
910
962
167
199
246
252
344
482
495
496
503
582
600
624
625
833
884
890
40
163
202
236
238
332
471
579
655
16
218
255
275
535
742
917
359
372
390
470
712
775
802
859
861
877
951
116
127
136
198
287
336
679
725
791
832
73
160
223
256
298
545
190
204
277
326
354
369
382
392
455
505
566
653
682
748
782
919
924
133
166
376
405
478
541
638
691
700
723
752
777
845
196
205
290
296
327
395
400
407
473
720
739
801
970
165
210
247
343
393
448
785
899
103
397
424
501
721
735
794
830
232
406
635
722
743
771
132
183
200
426
466
533
586
593
685
732
904
912
50
101
237
489
529
538
571
733
821
842
916
184
207
282
304
322
348
373
490
553
569
623
633
687
858
88
178
269
467
518
525
688
696
699
759
799
156
186
338
399
532
555
594
774
803
20
151
177
457
628
816
860
905
942
228
294
483
649
783
856
867
128
134
235
320
350
429
450
519
734
760
786
807
274
346
463
464
507
551
621
660
669
680
728
841
941
948
75
231
262
425
497
554
690
811
108
192
333
383
443
509
512
658
834
915
921
90
152
173
175
281
314
603
120
185
285
319
408
629
644
809
813
869
170
215
257
276
303
307
315
475
499
599
689
753
971
22
72
242
254
435
449
488
666
673
865
900
119
289
539
692
704
711
805
847
850
866
87
154
211
331
391
412
560
572
631
641
656
870
892
162
171
193
197
208
230
411
544
672
769
779
780
798
836
112
280
351
476
500
508
640
697
702
796
826
857
213
225
260
345
352
377
459
574
767
878
898
131
147
283
587
741
756
806
920
174
201
265
291
436
452
534
577
683
864
30
135
140
233
253
309
340
485
558
567
604
670
686
770
773
852
893
918
69
157
209
212
222
379
477
513
568
698
825
925
308
462
562
598
606
642
714
929
78
180
286
292
329
668
828
839
872
881
123
362
423
632
729
787
814
903
914
960
125
330
366
447
565
647
715
727
909
124
146
161
164
179
259
306
445
549
570
580
583
589
677
709
913
76
297
305
398
458
491
800
817
820
990
102
251
270
543
613
622
654
730
736
764
908
947
54
159
284
349
388
511
526
747
89
220
234
341
430
479
610
618
626
681
701
703
788
963
18
126
310
370
578
639
643
662
726
888
895
81
492
588
706
708
778
804
901
13
129
409
523
740
746
754
453
563
943
191
321
378
528
694
695
705
17
357
481
484
546
724
768
795
829
46
70
109
111
261
627
169
203
217
224
244
299
339
364
404
410
456
480
530
616
645
871
874
206
271
300
312
550
792
931
19
71
381
498
585
665
776
868
44
93
531
561
576
607
611
693
710
762
819
365
375
493
605
634
758
863
117
240
636
737
763
808
189
301
355
387
396
418
419
608
646
707
765
835
137
182
380
414
415
650
837
945
295
318
323
417
451
486
584
663
717
105
114
148
194
219
302
342
514
609
731
139
141
214
258
273
316
454
504
536
552
675
676
784
797
854
245
279
288
328
671
674
738
744
818
49
226
248
325
353
385
427
472
590
595
648
718
789
176
188
239
243
266
367
515
537
559
602
657
790
52
104
335
442
664
838
264
384
439
517
522
617
684
751
772
45
113
422
461
468
474
750
853
911
118
172
272
324
368
431
465
810
47
107
187
227
249
437
575
651
749
823
142
155
216
394
413
547
597
846
100
138
144
149
195
221
229
416
502
581
582
793
885
974
766
781
79
106
334
337
401
428
432
446
619
620
678
723
755
997
130
250
358
389
433
444
573
592
812
831
855
889
158
293
363
420
540
564
612
615
716
745
761
460
524
713
840
946
83
181
246
311
482
510
527
624
719
998
115
356
360
386
434
440
520
37
421
441
487
503
591
637
691
241
287
438
521
542
652
661
667
743
802
824
922
60
167
168
218
263
332
344
359
371
455
516
659
862
880
198
236
252
347
369
390
402
403
478
494
638
757
775
822
202
267
326
392
448
545
882
238
313
336
372
374
376
382
400
469
506
557
601
630
712
742
827
190
199
268
317
361
395
397
406
473
505
548
596
655
163
196
204
290
327
393
405
407
424
496
501
556
614
625
791
843
879
96
277
278
348
399
426
466
467
471
489
495
541
586
748
752
782
815
896
343
450
457
483
490
525
600
875
883
145
153
165
166
228
255
470
518
533
535
579
700
725
12
322
350
373
443
463
464
593
594
777
851
320
354
383
429
507
519
532
569
571
679
876
160
210
269
275
282
294
338
346
475
497
509
555
623
682
121
200
205
298
304
391
408
435
449
488
566
633
928
223
296
366
411
499
512
538
551
649
653
696
801
937
307
333
388
412
459
476
500
508
529
554
720
739
231
256
274
314
345
377
425
436
452
539
688
74
177
303
315
319
544
553
603
621
628
644
771
956
21
57
110
257
285
331
352
379
423
462
477
485
599
669
722
732
785
794
930
68
150
242
247
351
447
513
560
589
635
699
721
237
340
445
458
534
558
629
690
733
953
254
262
280
281
289
398
567
568
574
660
680
735
944
183
208
232
362
430
479
491
511
562
577
604
759
86
94
207
329
364
409
492
549
587
598
631
685
151
156
184
260
291
308
309
349
370
453
526
543
565
640
711
178
186
330
341
570
583
641
673
687
702
807
265
286
306
378
481
523
580
606
689
799
292
305
404
484
528
572
666
672
935
59
357
410
456
704
760
774
844
873
1
185
276
297
310
480
546
563
578
632
692
697
741
786
816
143
152
253
270
321
381
418
498
530
588
613
642
116
339
610
698
235
259
284
550
618
622
647
658
670
683
861
66
375
417
531
686
803
811
122
136
175
233
283
365
486
493
576
728
734
783
234
312
561
626
643
668
714
299
300
355
396
419
454
585
616
654
656
709
727
833
848
251
387
639
959
212
215
380
414
415
607
611
627
650
952
173
677
715
780
834
154
170
261
301
451
645
64
127
271
323
584
605
662
681
972
82
211
318
608
706
192
213
220
225
230
342
514
701
729
730
813
830
63
244
384
536
552
636
747
753
193
295
302
316
609
634
694
703
708
746
849
97
224
504
705
769
805
809
65
133
140
325
328
590
736
353
385
472
595
646
695
367
515
559
665
726
197
203
240
273
427
537
597
754
41
206
222
279
582
602
663
740
756
832
132
171
288
335
394
581
907
191
209
258
517
648
724
778
779
162
201
266
617
657
693
710
767
859
174
522
675
796
821
845
906
324
442
474
502
671
770
847
368
439
707
98
157
245
264
612
664
674
798
804
159
180
358
422
465
468
676
95
243
272
401
575
717
768
877
248
428
461
651
773
56
128
179
226
431
432
737
806
108
219
239
547
684
731
249
437
624
723
758
334
619
744
762
836
214
227
337
413
718
787
287
615
638
814
842
27
217
356
482
620
134
164
250
293
460
678
691
764
765
795
858
360
573
826
67
161
386
416
592
738
763
976
92
246
359
850
860
146
446
503
743
751
788
891
176
326
216
229
369
540
797
221
564
48
311
332
344
363
716
169
182
444
545
637
749
817
820
950
652
661
389
750
828
80
420
455
591
772
800
290
390
448
478
713
433
441
524
527
586
667
228
659
790
119
194
218
252
348
263
719
745
236
366
120
189
241
336
789
195
327
766
392
376
630
277
294
594
649
755
350
510
520
655
623
793
897
196
198
400
625
238
269
231
633
125
320
388
397
825
382
542
781
792
188
204
267
696
399
406
440
589
700
776
268
601
644
434
187
307
313
525
712
752
200
242
257
347
421
450
467
614
886
208
372
487
688
148
322
274
371
501
85
282
393
395
596
894
190
473
521
137
483
135
569
742
166
516
541
77
84
254
424
489
505
593
669
841
147
167
364
490
802
255
260
303
426
518
653
711
748
391
407
438
443
457
278
345
346
383
405
475
488
557
338
463
464
466
507
519
621
702
202
210
343
402
411
494
497
500
508
509
533
679
690
403
423
435
436
449
452
499
532
571
604
725
775
949
131
317
408
418
476
496
506
555
600
603
177
205
304
314
315
373
377
429
447
454
458
459
469
512
513
548
556
628
682
285
374
379
462
477
495
544
142
163
165
280
352
361
398
412
417
445
471
551
558
568
598
599
629
640
409
430
453
470
479
481
484
485
486
511
539
554
579
333
378
456
492
534
535
680
349
370
404
491
660
819
867
265
319
331
354
410
425
538
549
562
567
583
286
480
498
526
528
560
340
351
384
493
523
529
530
543
570
574
650
698
291
298
362
381
546
565
577
631
839
305
329
341
357
375
396
414
451
566
673
289
394
415
419
502
697
699
275
306
330
387
428
531
553
580
587
632
432
514
550
563
582
606
672
281
296
308
310
321
365
401
472
482
578
588
234
262
339
380
460
474
504
576
613
732
237
270
292
309
385
427
515
536
561
741
358
442
465
552
641
721
297
355
386
422
439
468
517
597
618
642
666
141
199
455
461
503
537
581
616
635
704
342
367
431
441
448
610
622
172
353
366
369
413
437
478
522
559
572
584
585
607
722
247
299
356
360
611
647
689
256
259
368
390
595
301
312
359
416
446
670
139
645
668
686
709
720
284
323
328
444
545
739
829
149
300
433
590
609
784
253
335
392
420
605
608
626
643
654
727
856
316
318
325
547
627
223
344
376
389
540
692
302
326
332
348
612
295
324
337
388
524
575
733
160
334
363
527
602
639
244
573
586
636
271
400
287
336
276
683
714
715
327
350
397
564
706
761
251
261
288
638
687
759
185
233
624
634
685
837
594
782
283
510
520
592
617
708
681
279
399
293
382
406
589
615
746
757
591
224
258
311
662
777
206
294
320
290
646
705
266
273
791
619
648
658
525
232
272
450
656
747
181
694
240
467
620
677
701
440
657
220
372
542
264
663
207
307
735
277
364
651
723
203
671
664
665
322
501
623
649
393
434
691
395
633
675
212
347
421
473
245
483
710
644
569
695
250
487
910
625
186
313
73
371
601
345
227
693
243
652
730
707
541
637
630
269
703
818
391
674
678
346
505
257
228
454
424
274
418
303
490
593
604
489
263
518
847
853
826
836
862
867
877
825
828
829
838
843
846
856
878
820
824
834
835
840
848
851
859
864
872
804
813
816
823
827
832
833
837
844
849
855
866
869
817
818
819
841
842
852
857
860
861
865
870
881
888
893
795
854
858
871
874
182
789
803
809
811
814
830
831
845
863
876
880
896
799
806
808
810
879
889
160
785
791
796
797
798
801
807
815
821
850
875
885
895
141
151
163
167
793
794
805
822
868
873
887
911
146
162
777
782
790
800
882
883
130
143
173
176
178
191
195
199
778
781
802
138
139
145
154
156
157
161
165
171
183
184
202
212
763
768
775
787
886
897
140
144
148
155
164
166
786
788
792
812
894
900
902
136
137
172
174
179
192
779
783
784
839
891
120
132
133
147
152
158
168
169
170
175
186
190
762
765
884
890
898
906
112
127
131
142
149
150
180
181
189
193
197
205
758
766
771
772
774
907
920
119
123
128
134
135
177
198
201
208
214
216
219
220
767
776
124
126
129
203
207
210
223
228
750
754
892
113
116
153
206
209
221
233
743
755
760
764
769
773
780
905
908
102
118
194
211
213
222
226
231
751
899
901
917
159
188
204
215
229
736
741
770
912
914
919
105
185
187
217
218
224
729
737
738
740
742
747
749
761
904
910
916
106
111
115
122
196
225
232
239
726
748
756
759
915
93
107
108
200
230
240
242
723
724
730
739
744
745
903
909
86
110
235
243
245
248
251
253
718
731
752
753
924
931
89
97
117
236
238
241
262
696
703
727
733
734
746
98
100
104
114
234
237
244
247
254
269
704
709
714
717
725
735
757
913
921
121
227
249
277
688
708
710
713
715
719
720
728
732
918
96
125
257
259
261
689
690
691
692
711
712
83
94
95
264
265
266
273
281
677
680
683
693
695
701
702
705
707
716
722
99
109
256
258
260
268
274
282
287
290
686
697
706
721
103
246
250
252
255
271
284
289
672
676
694
698
927
930
263
267
279
285
288
304
660
662
665
666
673
674
681
684
932
92
272
292
297
300
309
669
675
929
91
101
275
278
280
291
668
670
682
700
87
270
286
295
299
302
303
308
312
319
322
332
624
663
685
925
926
928
88
90
294
306
316
318
326
327
336
344
650
654
655
671
678
679
699
85
276
314
315
323
325
330
333
338
343
628
641
649
659
664
667
687
84
283
301
305
307
310
329
331
335
356
358
612
633
638
639
642
643
646
648
657
936
76
311
317
320
328
339
340
346
351
355
360
372
623
626
631
634
647
651
661
922
923
939
293
296
298
321
324
341
359
362
373
621
622
629
637
640
644
652
658
937
313
342
364
366
382
384
388
401
581
589
597
627
632
636
645
933
70
78
80
82
348
352
357
363
365
394
405
417
593
606
617
618
619
620
630
656
935
72
75
349
353
367
376
380
386
390
393
395
400
407
418
432
587
599
610
613
653
334
337
350
369
377
381
383
387
392
397
408
412
428
429
441
486
541
603
605
608
611
614
949
73
345
347
368
379
406
424
426
505
533
551
554
555
560
569
571
574
577
580
582
585
588
602
609
616
625
635
74
81
361
370
374
375
385
389
419
460
466
473
502
518
532
539
563
567
578
584
586
590
592
594
607
354
396
398
399
410
411
415
416
427
430
435
449
454
457
463
464
485
490
491
501
503
512
545
561
562
565
570
575
596
601
59
371
378
391
402
403
404
409
413
414
431
433
436
437
442
443
445
455
459
462
467
476
477
478
480
482
489
497
507
509
519
525
526
534
543
549
550
558
564
576
583
591
595
598
600
604
615
52
422
434
439
448
453
461
468
475
483
488
492
499
504
522
523
531
537
544
546
547
568
573
579
934
940
60
67
79
420
423
438
447
450
451
452
458
472
479
493
498
500
511
513
514
515
520
524
528
530
552
559
71
421
440
456
465
481
487
494
508
510
516
517
521
536
542
548
556
557
68
444
446
469
484
506
540
566
938
63
69
470
471
474
495
527
535
553
572
66
942
54
57
77
425
496
529
945
64
538
953
58
948
53
62
65
941
61
48
943
55
51
56
944
952
49
947
958
45
946
950
44
959
46
47
50
954
955
956
41
957
970
951
962
43
978
38
42
967
37
964
28
33
36
971
35
34
24
968
39
31
963
969
10
26
32
974
966
40
972
960
965
976
25
30
18
20
22
826
975
16
973
13
182
19
21
825
277
17
795
624
989
688
212
262
977
199
202
233
1
27
162
195
223
789
178
219
220
248
163
183
192
197
216
229
281
304
160
167
171
173
184
191
201
214
239
251
253
680
785
207
209
221
222
232
729
146
151
155
164
174
176
189
193
211
217
226
228
230
235
238
269
273
282
284
689
803
980
14
141
161
168
179
181
205
210
215
231
240
241
243
249
261
726
987
143
165
169
170
175
180
186
190
198
213
242
245
254
256
259
268
289
750
768
138
139
156
157
194
203
218
224
225
236
244
247
264
266
267
271
274
288
290
300
309
692
724
737
755
763
781
791
836
130
158
188
204
206
208
287
660
696
703
738
762
765
798
813
12
144
172
237
257
258
292
297
343
683
736
758
775
777
782
796
799
804
127
145
147
148
150
166
252
255
263
265
275
278
279
285
332
372
666
740
783
790
794
828
29
112
120
137
246
260
272
312
344
677
695
704
718
742
754
767
779
797
800
809
847
986
131
136
149
234
250
291
295
308
316
318
319
690
691
693
723
739
766
771
778
801
806
808
843
123
126
128
129
132
140
152
154
185
187
276
302
323
325
336
713
719
731
743
745
749
772
773
774
784
792
816
817
820
824
853
859
23
133
153
196
227
270
280
283
299
338
701
712
720
725
741
748
756
760
764
776
793
811
819
829
848
134
177
200
286
306
314
322
333
662
672
676
686
730
734
735
744
747
751
753
786
787
788
818
833
835
838
846
849
878
9
135
142
159
303
315
327
328
330
351
628
665
669
673
674
684
707
714
715
728
761
769
770
802
805
814
815
832
845
862
867
11
115
294
301
317
326
329
331
612
694
697
710
717
727
732
733
752
759
807
810
821
823
827
840
842
851
856
866
5
106
119
310
335
358
641
681
705
708
709
711
722
757
834
841
888
102
113
118
124
296
298
305
311
355
663
668
670
702
716
721
822
830
837
844
865
869
872
15
293
313
321
324
340
356
362
373
675
682
746
780
812
852
855
864
877
979
86
116
307
339
360
401
671
679
685
698
706
831
110
320
341
346
633
654
655
659
858
7
104
105
111
342
623
639
643
646
648
664
667
687
700
854
95
97
122
626
634
870
4
353
359
365
405
486
581
642
647
678
861
863
83
89
93
98
100
107
352
357
363
382
593
629
631
650
651
661
699
857
860
876
880
334
380
407
621
637
657
658
874
879
881
0
3
108
337
347
348
367
649
652
656
868
873
875
117
121
349
606
622
636
638
640
839
850
114
350
394
432
610
617
619
620
627
630
94
96
361
364
368
376
384
589
597
618
632
644
645
653
871
882
886
889
961
125
345
354
366
387
393
395
417
587
605
893
91
109
374
377
381
390
412
571
603
608
635
883
99
386
389
541
577
599
602
613
614
896
103
369
370
375
383
392
400
408
574
585
611
625
902
982
985
2
182
371
379
388
397
429
505
554
555
560
578
580
588
609
885
92
101
385
551
569
590
592
607
616
887
911
396
402
418
419
424
426
533
563
584
600
601
84
85
378
398
403
406
410
416
428
441
466
532
561
565
575
596
826
981
391
399
404
411
415
427
539
567
570
615
8
82
90
409
414
430
431
435
512
543
550
562
564
576
579
582
586
591
594
595
604
884
895
897
87
277
413
422
433
437
439
442
445
449
457
473
485
501
518
523
526
531
545
547
583
598
891
420
434
460
463
480
490
491
497
502
519
522
534
537
544
546
549
558
559
568
573
890
892
898
421
436
438
443
459
461
462
464
489
499
503
504
507
509
542
552
556
557
894
920
6
70
423
451
453
467
468
476
477
520
524
525
528
530
536
548
566
572
795
900
60
444
447
448
452
454
455
475
479
482
483
487
492
493
498
510
513
515
516
521
553
906
80
88
440
446
450
458
465
469
471
472
478
488
494
500
506
508
511
514
517
535
540
825
912
456
470
481
484
495
527
529
908
76
425
624
688
901
905
907
72
75
474
496
78
538
73
74
904
984
71
81
992
993
59
899
909
914
916
63
67
903
910
921
991
54
931
983
988
262
995
77
917
919
79
680
915
994
52
69
304
924
58
64
689
999
281
372
789
918
930
57
65
212
729
927
68
343
660
913
692
726
696
282
332
344
666
53
66
284
309
683
199
233
612
785
48
61
202
628
703
932
936
336
724
737
926
937
990
248
300
677
55
401
486
691
750
768
803
929
253
273
289
690
695
738
251
290
925
62
269
288
373
704
312
338
351
641
693
718
755
923
662
669
763
935
997
219
223
316
318
581
736
762
261
297
319
323
358
405
723
765
939
56
274
292
325
333
665
672
740
758
781
928
162
195
220
308
673
998
271
362
593
686
239
287
331
355
356
407
633
674
676
742
791
229
267
328
623
713
46
51
192
216
268
327
360
432
663
684
701
719
285
322
330
335
643
836
264
266
329
382
639
782
783
798
232
340
670
712
731
775
804
249
256
259
278
295
626
668
681
694
725
739
777
933
940
996
279
302
314
743
796
163
178
241
291
634
707
749
794
799
949
183
275
541
589
646
648
754
790
197
214
238
254
315
365
417
606
720
184
191
235
326
380
394
621
654
697
714
730
745
813
922
44
240
339
571
629
631
715
779
809
160
167
173
211
317
341
346
505
597
659
735
828
942
945
47
263
363
367
412
642
934
201
222
226
230
306
395
587
610
667
741
772
209
243
393
555
647
675
679
767
221
231
245
429
650
655
671
682
771
800
207
255
310
357
705
711
734
778
843
847
265
299
311
324
359
387
554
574
577
748
820
146
171
258
280
352
533
605
617
637
728
808
45
49
189
272
303
342
353
376
384
466
551
560
664
702
710
774
164
176
217
242
247
276
283
321
390
441
532
580
603
620
622
744
747
751
753
766
801
816
943
151
161
174
193
228
236
257
270
286
301
313
578
588
608
619
685
717
797
50
155
244
408
585
599
618
638
727
756
773
806
817
210
215
252
260
294
305
400
424
627
948
179
180
205
298
389
392
426
428
512
539
569
602
630
636
640
651
829
168
181
213
293
296
320
368
381
418
419
565
687
733
760
764
953
139
141
186
203
225
307
347
361
364
386
397
563
613
709
792
811
170
218
224
237
374
377
383
649
722
732
824
938
941
169
175
190
198
246
250
334
337
348
366
388
543
584
590
698
130
143
165
349
416
427
473
485
561
721
138
172
194
204
234
350
370
379
402
406
491
502
526
550
776
784
157
188
208
277
354
385
396
410
431
435
460
501
523
632
652
661
716
819
158
206
345
369
375
403
437
439
449
457
490
518
575
592
611
614
708
848
144
156
371
430
442
463
480
489
567
793
853
398
411
415
433
445
464
519
531
706
752
787
815
835
399
414
459
497
507
509
545
562
570
657
658
788
120
145
166
227
404
461
462
499
503
504
522
537
544
601
609
644
645
769
849
112
137
148
150
378
391
409
413
422
434
468
476
547
564
770
802
859
131
136
147
187
262
438
443
453
477
534
635
678
862
133
149
182
185
196
304
420
549
576
596
600
656
786
805
833
846
152
154
200
281
421
436
467
479
524
546
653
761
823
282
451
492
520
525
625
759
818
127
132
140
153
177
332
452
454
455
475
483
487
498
510
528
542
586
595
607
616
700
746
757
832
38
42
123
269
284
290
309
343
344
423
444
447
448
482
493
516
521
530
552
556
557
558
559
568
579
582
583
594
838
840
128
129
233
289
336
372
440
446
450
458
472
488
494
500
536
548
573
591
867
126
159
212
251
253
300
465
469
471
478
508
513
514
515
604
699
810
814
134
248
273
274
456
470
495
506
511
517
566
598
615
624
845
119
135
142
287
288
292
297
312
319
338
358
425
481
484
527
535
540
553
834
842
869
261
308
316
318
333
529
572
688
821
851
323
325
351
474
807
827
856
878
37
113
124
271
327
356
373
401
496
41
102
115
118
219
322
331
360
844
866
199
202
220
223
285
328
355
362
538
780
822
841
865
28
106
330
612
680
837
944
43
195
239
267
329
405
486
660
689
229
268
335
382
666
691
692
696
795
852
872
877
216
266
340
407
432
628
864
950
105
259
264
295
314
581
683
690
812
888
86
116
302
417
633
641
669
677
703
723
729
855
97
107
111
122
279
291
394
589
623
662
673
695
704
726
830
831
104
249
315
326
593
672
858
93
98
100
110
278
365
665
670
686
693
724
232
254
256
541
597
639
643
663
668
674
676
701
736
737
738
24
339
346
380
412
621
626
629
631
646
650
654
681
684
694
697
718
743
83
117
192
341
395
505
571
606
634
642
648
740
750
89
95
162
241
275
367
393
587
610
707
713
714
715
719
768
108
214
429
555
647
712
731
755
758
762
789
958
36
121
363
533
554
577
659
675
730
741
765
826
946
26
39
96
191
238
240
441
466
560
574
667
671
742
749
754
763
854
857
947
34
114
125
178
183
306
317
359
384
532
551
655
705
711
720
725
739
745
861
863
32
35
163
357
376
387
603
605
617
679
870
99
231
235
390
578
580
622
638
682
702
735
781
825
33
94
310
428
588
599
608
637
664
775
785
874
879
881
957
167
197
263
352
418
424
512
539
585
618
619
620
710
875
184
226
408
569
772
790
804
850
876
952
956
91
109
243
400
426
565
747
777
778
782
860
25
103
160
245
324
392
602
627
640
734
748
783
791
803
954
265
299
303
342
353
563
636
717
727
728
744
868
880
101
173
221
280
311
364
386
388
613
630
751
771
839
873
211
242
321
366
397
419
502
543
651
685
794
799
10
201
228
389
473
485
584
649
766
90
92
222
258
460
709
753
767
779
798
255
257
381
383
491
501
526
590
774
796
797
871
84
207
230
272
286
561
698
964
85
87
176
209
270
294
301
406
427
490
518
550
687
756
813
260
368
377
435
457
523
882
885
31
305
313
320
416
489
733
800
801
809
886
76
244
449
463
480
632
773
883
967
348
431
464
503
519
567
575
722
732
760
307
361
369
370
374
379
410
439
497
507
509
531
545
592
611
82
88
151
171
247
396
430
437
442
459
499
562
896
236
347
350
385
445
570
661
708
721
889
893
75
276
349
402
544
614
652
716
836
16
70
146
203
399
411
462
476
504
764
816
40
210
293
375
415
433
644
706
806
828
80
205
224
252
283
334
337
398
461
477
522
534
537
808
959
164
208
298
345
403
414
609
793
887
22
193
443
467
468
547
549
564
645
792
817
902
72
174
189
217
391
404
453
454
657
847
73
78
161
215
234
371
434
479
525
601
752
811
820
30
60
186
198
250
296
409
413
422
436
455
482
492
546
576
586
18
20
165
180
218
246
448
483
582
190
206
475
528
776
784
59
179
213
378
438
524
594
74
155
170
204
225
237
354
420
451
452
498
558
596
678
891
13
19
71
175
277
447
478
488
493
520
530
583
600
911
17
450
458
500
510
568
595
616
658
802
829
63
487
508
542
552
607
635
746
897
81
141
156
421
423
472
513
559
895
157
181
514
521
536
769
787
166
227
444
515
516
604
625
653
770
892
139
168
446
456
465
511
517
557
598
824
884
898
52
169
494
556
573
591
656
759
786
788
843
67
440
481
484
579
624
700
21
548
805
819
890
894
978
77
79
138
196
469
540
54
69
130
900
68
332
471
506
908
172
344
372
474
527
615
188
194
200
336
358
401
470
495
835
907
143
152
290
304
343
535
566
853
962
971
57
282
356
955
137
154
158
177
185
262
269
281
287
360
486
699
906
144
148
327
338
901
58
64
140
274
289
309
319
333
373
425
529
553
688
761
920
284
292
308
322
331
351
417
496
807
814
818
297
300
312
362
382
394
405
432
589
815
145
149
253
285
314
316
318
323
325
326
329
330
355
612
905
182
212
233
251
273
288
328
340
407
572
757
65
66
159
187
261
271
315
335
346
291
359
384
538
581
834
53
150
295
302
339
341
365
393
395
691
838
846
1
248
259
266
364
366
376
380
960
220
254
264
267
279
306
357
367
388
390
412
418
723
912
48
142
219
268
352
363
429
441
823
833
848
136
239
278
310
386
387
392
400
428
597
650
680
27
55
249
303
317
408
424
505
696
780
810
133
153
229
275
280
321
324
342
353
397
426
466
541
628
660
120
127
231
265
294
299
320
383
593
623
633
689
862
216
223
240
256
286
311
348
369
377
381
533
571
669
795
849
963
12
132
195
241
257
263
270
305
307
350
389
406
419
460
532
555
690
743
62
199
202
301
368
379
502
551
554
621
641
666
692
970
131
147
228
238
242
260
349
370
435
473
512
539
560
574
577
587
606
629
673
832
840
916
214
232
243
245
258
272
313
396
399
410
416
427
449
457
569
610
631
672
683
704
859
128
134
191
345
347
361
374
375
385
411
430
463
464
485
490
501
580
599
603
626
638
639
642
643
670
827
112
226
255
398
431
445
489
491
503
518
565
578
588
647
654
662
668
677
686
697
729
123
244
334
337
391
402
415
437
439
442
454
459
462
526
543
563
585
605
622
634
646
681
703
293
414
443
480
497
499
507
509
519
523
545
608
617
618
648
663
665
695
714
837
221
235
403
404
433
467
476
550
561
584
602
613
640
694
701
711
715
726
119
163
276
409
436
448
453
455
461
477
482
531
544
590
619
620
627
649
671
674
676
693
702
724
741
851
126
135
192
298
371
468
504
562
567
636
637
667
675
684
707
730
736
909
56
61
116
129
283
413
422
434
479
483
525
534
570
659
664
705
822
178
183
236
247
252
452
475
492
522
537
549
575
655
718
737
740
914
208
230
378
450
451
478
488
582
586
592
611
630
632
754
867
29
162
167
203
211
224
234
438
447
498
500
528
546
547
651
713
731
821
903
51
176
184
197
207
250
296
420
458
493
524
530
564
576
594
644
679
682
698
710
719
727
738
812
899
904
160
508
513
558
609
712
750
762
768
102
124
222
246
277
423
472
510
520
568
583
614
709
717
747
749
758
842
210
354
487
552
601
725
745
755
763
765
789
14
118
173
201
209
421
511
514
521
536
542
559
595
645
652
720
742
844
951
206
218
515
596
604
616
661
685
735
744
845
915
23
113
205
444
456
465
481
516
517
598
607
657
778
9
108
446
484
557
600
687
708
739
748
751
855
111
115
198
215
494
573
624
706
772
804
831
105
106
556
591
781
965
190
204
217
237
548
625
766
790
107
171
193
440
540
579
635
728
775
125
151
186
678
716
721
722
734
46
117
165
227
469
653
732
777
11
15
174
213
506
733
771
782
785
841
910
89
93
104
114
189
225
474
527
658
753
86
100
615
797
44
122
164
471
746
791
856
175
180
401
486
656
783
921
83
109
161
170
344
372
495
830
110
146
166
179
332
358
470
589
752
756
774
121
535
566
700
760
794
866
5
45
97
196
336
612
803
919
96
156
356
865
47
290
688
767
799
801
869
931
974
49
287
343
360
417
779
826
7
98
432
553
793
155
304
773
852
858
95
200
269
282
394
496
529
581
699
796
861
4
94
157
169
181
798
877
878
913
262
327
764
825
141
177
185
338
373
691
759
872
3
152
274
405
802
809
864
917
0
50
168
281
322
366
382
425
650
813
289
319
333
388
407
572
723
769
326
384
800
139
154
194
331
351
364
418
597
309
770
816
850
188
285
308
538
680
806
927
91
140
253
292
297
314
359
776
786
811
233
362
395
428
696
976
92
99
172
212
284
329
330
340
346
393
441
972
138
182
251
300
315
376
390
312
386
623
633
660
84
130
291
323
355
505
628
792
870
103
158
254
261
271
316
318
325
392
400
412
541
593
743
787
148
220
259
328
341
429
669
689
784
839
860
82
85
137
159
288
365
397
424
466
502
788
820
273
335
339
352
369
380
408
426
460
690
857
101
231
302
303
306
348
357
383
571
638
666
805
817
836
143
294
295
310
320
350
367
387
406
533
280
377
532
555
621
692
757
918
144
248
264
266
279
307
321
353
363
399
454
473
641
673
807
828
187
257
265
286
342
345
370
379
381
435
551
554
629
631
672
761
808
854
149
219
228
239
242
299
305
324
349
391
411
419
457
503
512
683
704
847
2
260
368
375
389
396
398
410
430
449
490
501
560
569
606
874
249
267
270
301
311
317
385
427
443
445
448
455
463
464
482
489
539
574
577
587
603
670
697
888
969
268
278
404
409
415
416
431
459
462
467
485
518
545
599
642
668
80
145
229
240
334
337
347
361
374
414
436
491
497
610
647
216
313
378
402
437
439
442
450
453
476
499
507
509
519
580
654
686
711
924
142
263
272
275
293
371
403
413
422
433
452
475
477
478
480
483
526
543
565
578
626
639
643
649
662
677
780
989
6
191
241
258
423
434
447
461
479
523
525
582
588
702
714
741
868
90
150
214
243
244
245
256
420
451
458
468
488
492
544
622
640
681
715
729
795
863
195
438
500
504
534
550
563
585
605
618
701
703
223
238
498
508
531
562
567
586
613
634
646
695
208
226
255
277
298
354
421
456
472
493
513
522
528
537
549
561
570
584
608
665
694
726
819
202
234
401
444
446
465
481
484
530
546
594
648
663
705
814
153
199
296
487
511
514
558
568
590
602
617
627
88
224
232
252
276
344
358
372
440
510
515
520
524
547
632
644
671
674
675
693
724
730
834
73
221
283
332
486
517
536
552
575
576
583
620
636
707
829
75
87
203
250
521
564
592
611
619
676
727
736
236
246
336
356
417
469
474
494
516
542
559
598
604
664
698
754
360
595
609
637
684
881
235
247
343
432
540
659
667
709
710
740
747
394
471
506
527
557
573
589
607
616
630
645
651
737
136
176
206
548
556
596
601
624
655
163
287
290
470
495
591
614
718
835
600
731
818
936
72
76
167
218
304
327
366
579
717
738
388
535
652
679
713
719
178
207
227
230
338
373
405
657
661
682
706
708
183
210
237
282
382
496
581
615
625
758
762
127
184
192
198
205
211
269
384
566
612
712
744
745
768
815
132
133
160
204
322
364
407
418
529
750
38
333
635
765
222
274
319
326
553
678
725
749
778
824
197
262
425
653
755
190
215
281
597
685
687
720
751
763
201
209
289
331
650
716
742
876
8
351
359
428
735
70
120
173
441
739
746
748
880
128
165
217
225
395
538
658
772
810
875
930
78
147
186
196
213
285
308
309
572
688
789
162
314
393
505
656
804
116
134
292
297
346
362
390
541
721
722
766
193
340
376
386
691
700
732
823
200
315
502
593
728
871
253
329
330
623
633
733
846
42
166
175
284
734
838
843
81
151
171
392
400
460
628
723
775
790
797
174
412
429
466
571
752
781
853
131
180
233
291
300
424
638
660
680
879
885
170
251
312
397
533
699
189
254
355
454
555
696
812
837
135
318
323
369
426
669
771
873
179
261
271
316
325
532
621
753
156
177
185
259
341
348
352
406
408
112
294
303
328
383
473
554
666
777
71
119
161
212
231
339
350
503
551
629
641
689
690
164
320
365
569
631
760
782
288
306
380
399
501
774
883
968
41
129
273
280
307
335
357
377
482
512
560
603
673
743
123
152
220
228
295
302
310
457
490
545
574
577
587
756
822
926
966
69
108
146
257
367
387
435
448
455
489
539
606
692
759
785
157
242
265
379
411
582
599
642
672
783
791
260
286
345
370
391
449
463
464
467
518
649
670
827
279
305
321
381
443
697
793
194
266
349
478
497
519
610
647
683
704
126
181
270
353
398
419
430
445
459
485
507
509
580
668
794
833
932
79
154
169
182
248
264
299
342
363
410
450
462
476
483
499
643
654
43
124
436
491
525
565
578
626
639
711
767
801
60
188
375
396
409
475
586
588
640
686
840
848
155
301
324
368
385
404
415
427
452
526
543
544
622
702
802
389
414
453
477
488
618
662
773
219
239
249
378
416
431
447
480
523
125
240
311
423
439
442
458
479
500
508
534
562
563
567
594
613
677
681
714
779
831
74
140
492
585
605
634
799
803
102
168
267
268
334
337
413
422
437
461
550
644
646
764
159
208
229
244
258
317
347
433
451
513
531
549
561
570
608
715
37
172
272
293
468
504
558
627
701
741
769
216
243
263
278
313
361
371
374
401
402
403
420
456
498
528
568
584
632
694
703
234
245
358
434
481
484
486
493
511
546
648
663
695
111
191
277
344
417
472
522
530
583
590
602
617
665
729
770
832
855
52
59
141
214
275
332
356
366
372
421
438
444
446
465
514
537
589
598
604
671
705
786
821
849
241
360
388
394
432
576
636
675
28
187
226
336
354
611
698
798
93
117
224
238
440
487
515
524
536
547
552
674
109
256
298
343
364
474
510
517
520
575
619
620
707
726
158
195
287
384
418
559
664
676
730
851
139
203
250
255
296
327
382
405
521
592
693
727
796
862
54
113
137
252
290
373
407
469
494
516
542
564
595
607
609
616
624
684
709
89
105
106
338
527
540
637
645
809
975
114
221
223
246
304
322
326
428
471
573
724
736
118
148
206
276
333
359
470
506
651
710
757
893
236
282
283
395
441
495
557
581
630
659
889
63
115
202
319
331
351
386
390
393
548
556
601
667
747
269
376
425
496
591
612
776
77
138
232
274
346
535
596
740
800
811
813
886
104
199
247
362
392
400
597
614
655
754
816
68
107
149
227
281
289
308
314
340
460
502
579
600
650
657
706
805
882
309
397
412
424
429
454
505
529
615
708
717
737
780
787
806
986
130
144
176
262
285
315
329
369
466
566
652
661
761
795
807
218
235
330
426
541
625
731
292
297
406
553
845
121
142
348
355
408
538
679
718
100
383
473
713
788
792
210
237
284
341
352
503
533
593
682
719
738
291
300
312
323
350
399
532
571
635
678
744
826
198
325
482
555
784
859
57
294
316
318
320
365
501
572
653
844
163
167
204
207
253
303
328
339
377
380
448
455
457
623
746
205
435
489
490
512
545
551
554
633
638
691
712
745
830
230
357
569
923
67
145
153
211
254
306
307
449
463
464
467
539
628
688
842
122
178
190
271
367
387
391
411
518
560
582
685
687
716
749
758
183
251
259
261
280
335
379
443
478
621
768
825
196
310
345
497
507
574
577
723
725
762
143
215
233
370
459
509
519
587
603
750
751
36
66
83
160
184
222
288
295
302
450
483
485
599
658
778
150
257
273
321
349
381
430
476
499
525
606
629
631
656
660
669
720
765
225
231
305
398
419
436
445
462
700
755
165
192
265
286
410
475
491
565
580
641
680
110
186
197
200
213
586
610
721
722
817
841
64
209
242
260
270
353
452
526
544
578
696
742
763
96
217
228
342
363
477
488
543
588
649
739
201
279
396
409
642
666
690
735
748
299
375
404
427
594
647
266
415
447
453
480
500
508
523
534
563
673
689
699
732
772
173
212
385
458
479
562
567
640
643
820
86
193
220
264
301
324
368
414
423
613
626
672
733
814
166
378
492
513
618
622
639
670
752
766
175
389
431
439
549
550
570
585
654
743
185
416
442
589
605
668
692
697
177
248
531
558
561
608
644
728
461
486
528
568
683
804
836
311
366
437
504
704
734
162
334
401
451
468
511
583
584
634
834
929
151
249
388
413
422
433
493
498
530
546
604
627
632
662
686
702
808
337
358
417
456
481
484
598
646
711
240
244
590
602
170
171
174
180
522
537
617
789
939
65
97
136
156
208
239
272
293
344
347
432
576
681
790
828
258
267
277
317
332
356
360
364
420
472
514
648
677
797
26
94
234
268
394
611
636
775
781
152
179
189
219
402
434
465
536
663
714
243
263
313
371
372
444
446
515
552
753
278
336
374
418
547
575
694
715
858
229
245
287
361
384
403
517
559
619
624
665
839
861
607
695
701
771
421
438
474
524
616
620
671
675
698
290
487
510
520
609
703
705
759
760
224
275
327
343
440
581
592
595
664
741
819
182
194
216
564
777
847
133
226
382
428
612
645
674
241
326
354
405
540
542
98
161
214
250
359
516
521
573
637
650
729
756
829
132
164
191
238
298
322
338
373
407
527
597
676
856
58
304
386
441
651
707
850
860
95
127
154
157
203
246
252
256
390
494
693
727
774
255
282
333
376
395
454
630
709
730
782
34
169
269
392
393
469
502
557
793
206
274
296
319
331
346
369
400
460
601
684
188
351
397
506
591
82
314
362
424
471
667
710
726
181
340
348
406
412
470
495
505
548
556
596
657
659
867
159
221
236
289
315
329
426
429
615
724
783
791
195
276
285
308
309
350
383
399
408
425
466
496
706
818
146
281
330
352
482
503
541
614
655
227
283
341
355
377
448
455
473
535
579
600
652
736
747
802
116
128
223
292
297
320
708
262
294
391
411
435
457
533
625
661
134
291
303
357
365
379
380
443
449
467
490
501
529
593
794
140
147
247
307
323
339
345
387
463
464
478
489
532
545
566
785
887
284
312
367
370
450
512
555
571
582
638
717
92
300
316
318
325
328
398
430
436
459
518
538
553
623
39
306
349
381
419
445
462
483
497
551
554
633
187
218
310
335
410
452
475
476
507
509
519
539
569
740
767
801
35
280
409
485
499
525
678
691
769
773
232
254
321
396
404
447
491
560
754
835
353
363
375
415
423
427
453
477
488
679
810
812
877
253
271
302
305
342
458
500
572
574
628
653
737
779
202
237
286
366
378
385
414
479
480
508
526
544
577
586
603
621
635
731
770
852
120
168
235
259
288
295
368
388
431
486
492
587
599
682
815
84
155
257
389
416
439
442
543
565
713
764
176
251
261
265
401
417
513
523
534
580
594
606
688
718
723
746
260
270
437
461
629
631
172
210
231
299
451
562
578
589
719
870
53
198
273
301
324
358
413
422
456
468
549
563
567
588
669
738
786
199
433
481
484
493
498
504
511
528
531
550
610
649
660
744
204
233
242
279
432
558
570
641
799
228
364
530
568
716
334
394
546
561
205
311
337
356
360
472
585
613
640
642
680
685
266
344
418
514
522
583
618
687
757
866
196
332
420
537
584
598
622
647
712
896
207
264
465
604
605
626
643
644
666
745
230
372
384
608
673
696
803
119
347
434
515
536
576
590
656
658
690
780
135
158
444
446
639
654
700
131
190
277
336
402
517
552
632
670
749
869
200
293
371
547
602
672
317
474
559
689
103
211
215
524
575
611
627
668
725
141
220
287
403
581
617
634
148
167
248
272
313
374
438
487
692
225
244
421
428
510
520
624
697
743
751
758
32
137
163
178
212
249
258
361
646
683
699
721
762
327
343
595
702
720
722
768
222
240
267
290
326
440
540
564
607
609
616
636
662
711
795
822
234
263
359
382
612
619
686
85
183
208
213
592
597
648
704
750
405
454
650
778
837
48
149
268
278
521
542
573
620
681
755
823
99
139
386
407
441
502
516
527
663
761
165
184
186
239
338
732
735
748
807
108
243
322
390
645
739
776
217
373
677
742
765
824
160
209
245
275
354
460
671
752
177
304
369
376
395
698
733
185
197
494
557
665
694
714
798
857
166
192
333
392
393
400
664
201
250
282
298
346
695
715
319
348
397
505
591
637
675
763
219
224
229
269
274
314
331
601
701
705
796
865
153
630
651
772
129
142
482
503
506
805
809
838
350
406
424
469
541
548
615
674
766
787
175
193
241
246
252
315
351
556
596
703
728
125
285
340
362
399
426
455
811
226
383
466
676
24
144
216
289
308
320
329
412
429
448
495
582
296
330
473
545
638
741
173
203
238
255
256
281
294
309
352
377
408
471
614
709
124
533
593
657
727
734
88
303
341
345
391
467
470
478
496
571
659
667
684
707
214
292
297
307
411
457
490
501
600
693
91
123
206
291
355
379
435
535
579
625
101
262
357
366
443
450
489
532
555
633
652
706
788
339
370
425
449
464
569
623
138
349
365
388
463
518
551
729
816
112
227
323
380
387
398
436
483
512
655
710
813
80
170
191
236
276
280
306
312
367
381
430
445
459
497
525
554
730
152
221
310
325
328
409
452
462
475
507
509
519
539
661
800
180
283
300
316
318
375
404
410
417
419
423
476
499
529
566
586
284
305
378
396
401
447
488
560
589
691
321
335
353
364
415
458
485
486
538
553
708
130
156
254
286
358
363
385
414
427
453
477
500
508
603
342
368
479
491
544
594
621
628
806
151
174
389
394
418
431
432
574
577
599
792
271
302
413
416
439
442
480
492
513
526
587
726
753
253
257
356
360
422
437
451
456
534
678
150
171
182
247
295
384
433
461
481
484
523
543
565
759
804
179
259
260
270
344
468
498
511
562
580
629
724
784
265
288
324
332
372
493
528
567
649
653
109
299
301
420
472
504
549
558
572
606
631
747
189
223
337
530
531
550
568
578
717
126
145
195
251
261
334
428
434
446
465
514
546
563
570
588
635
736
775
218
231
336
444
583
610
688
831
194
279
522
561
669
679
723
797
827
242
311
371
402
454
474
515
537
598
604
660
162
228
273
347
403
438
517
536
641
790
359
374
382
421
585
613
640
760
343
386
405
440
441
552
576
584
618
642
644
746
781
327
361
487
771
277
287
407
502
510
524
547
581
622
647
266
293
326
390
460
520
559
590
605
608
682
740
756
232
233
237
317
264
632
188
235
313
369
373
376
395
602
626
643
680
789
159
290
521
540
575
597
666
154
338
392
527
611
624
639
731
322
393
400
516
542
595
612
673
564
627
654
696
713
718
210
397
482
607
650
670
754
272
494
505
573
592
616
617
690
346
503
609
668
737
258
348
634
744
176
198
204
333
354
406
672
719
157
304
636
687
716
161
202
244
424
455
541
557
646
685
319
331
350
619
689
234
263
267
278
314
399
448
466
469
506
620
656
658
697
196
249
426
774
777
169
187
248
282
473
582
591
645
738
114
164
240
268
351
545
548
648
692
700
702
208
274
315
340
383
868
220
429
556
662
711
712
181
200
269
275
362
412
478
793
298
320
366
408
533
601
683
686
205
230
467
663
117
285
329
352
377
495
501
571
615
681
111
207
243
294
308
391
490
593
596
638
743
245
330
345
388
457
471
699
199
212
489
532
555
704
190
239
250
289
307
309
341
411
443
450
637
671
745
303
435
496
569
630
698
782
379
464
470
664
665
281
483
518
651
677
291
292
296
355
370
449
463
535
551
589
215
497
512
525
224
252
297
357
554
579
586
614
633
675
694
339
349
364
436
507
509
519
600
623
721
749
140
246
398
459
722
241
417
445
475
539
725
211
365
387
401
486
499
705
802
225
280
306
409
430
452
462
476
560
657
701
714
715
783
262
310
323
358
380
381
423
488
594
625
695
720
143
312
418
425
447
674
751
769
229
325
367
375
378
404
410
500
508
603
255
256
305
477
485
222
316
318
321
328
394
432
458
544
652
659
667
219
286
300
353
356
360
384
396
419
529
566
599
846
226
284
335
513
574
621
676
385
415
479
577
703
453
491
587
254
342
344
363
414
526
534
538
553
628
732
758
213
276
368
427
565
684
185
238
332
484
492
691
709
206
257
302
389
431
456
481
511
558
562
567
580
706
707
203
260
372
413
428
451
480
649
661
817
271
283
416
422
439
442
523
543
568
629
655
693
727
733
735
752
770
216
270
295
336
437
454
549
167
227
236
299
461
493
498
528
741
762
177
265
301
324
359
386
433
570
578
583
606
773
778
165
214
259
337
382
468
472
530
604
631
748
791
186
253
420
504
531
546
588
598
742
750
334
390
405
434
441
446
465
550
563
610
814
146
288
327
343
444
460
502
514
710
739
326
369
407
474
767
780
209
217
347
371
376
403
421
438
561
581
613
640
708
287
373
392
395
400
402
440
515
522
537
644
757
764
178
311
374
517
536
572
755
768
163
261
361
393
397
576
653
231
242
279
552
585
641
678
794
166
277
338
406
482
487
584
660
669
730
765
786
251
322
424
455
524
597
618
642
723
729
221
273
348
503
520
547
559
590
635
688
172
183
184
228
293
346
399
448
510
622
728
290
426
505
608
612
647
650
247
350
366
540
605
632
313
466
516
521
527
168
197
317
333
383
388
429
473
478
494
624
136
542
575
602
611
191
331
408
412
467
541
264
354
469
564
582
595
607
626
779
801
201
266
391
450
457
545
573
627
639
643
785
377
490
501
506
616
192
304
314
351
435
443
489
175
319
362
411
592
609
680
218
315
340
352
464
533
666
673
717
726
320
449
463
483
557
272
345
379
495
617
654
679
471
532
548
670
724
282
329
364
518
734
747
766
102
417
436
486
496
497
512
525
571
772
233
459
470
475
507
509
555
556
589
636
696
746
160
294
341
370
519
591
593
634
668
763
834
258
274
330
398
499
569
619
193
307
401
445
452
476
551
646
244
269
285
308
418
462
488
539
620
638
645
682
690
223
237
303
357
423
430
554
586
672
234
263
349
355
409
535
601
795
447
278
358
500
508
596
615
155
289
298
309
339
387
394
432
381
477
485
736
267
365
384
404
410
458
560
594
648
697
821
249
291
378
380
544
702
275
375
689
268
281
292
513
579
297
356
360
367
425
232
235
280
396
419
479
623
633
662
692
248
306
310
208
240
296
453
491
574
630
656
663
711
740
305
323
415
534
600
603
158
195
321
353
492
526
529
599
637
686
325
328
385
454
577
614
683
687
250
312
344
414
428
511
658
664
681
456
481
484
565
587
698
731
152
243
245
316
318
332
335
558
566
651
685
718
90
286
368
427
567
621
671
716
753
300
342
372
480
523
538
543
549
562
625
713
204
363
431
451
568
580
75
210
359
386
413
553
173
252
262
336
528
719
284
389
493
665
759
220
246
416
422
439
498
570
700
704
196
382
442
502
583
628
198
239
369
437
441
530
578
604
657
677
743
182
326
327
390
460
598
744
257
302
461
546
649
180
254
270
324
376
405
472
531
550
563
581
588
629
694
737
754
260
337
343
433
468
606
675
699
224
299
301
392
400
407
420
465
504
255
271
295
395
514
287
334
366
373
474
652
170
176
200
397
434
446
482
610
265
393
444
631
148
348
388
406
455
522
561
156
421
515
536
597
613
644
761
241
276
338
347
371
399
440
448
503
537
674
691
712
212
322
403
438
576
667
705
153
256
346
350
424
517
283
288
311
374
402
552
361
426
640
659
714
259
585
715
383
478
584
650
661
695
174
194
229
253
290
391
505
559
701
738
277
466
487
612
618
676
843
377
429
467
473
520
524
582
333
408
412
450
547
190
230
293
331
364
443
590
641
279
411
457
510
572
706
226
261
417
435
540
545
608
622
205
242
345
379
490
527
624
655
313
314
352
464
521
541
227
320
351
362
418
449
489
501
516
632
642
231
238
273
340
436
463
483
494
669
684
709
171
179
202
206
207
315
317
354
401
486
542
575
605
647
721
189
319
469
589
251
370
452
459
533
573
611
398
445
475
595
602
607
215
304
329
423
430
462
497
507
525
564
219
236
394
432
506
509
518
532
616
707
137
149
409
447
476
488
512
519
653
703
203
228
341
384
471
499
660
693
722
745
807
294
307
358
495
626
627
635
727
404
458
500
760
330
349
357
387
410
470
496
508
571
378
477
555
609
159
188
225
381
454
485
539
551
557
586
592
643
282
548
569
639
678
266
360
375
428
453
708
303
355
356
365
380
419
479
593
710
308
396
513
544
554
617
638
688
725
264
272
491
556
274
339
415
425
492
594
723
799
285
456
591
367
414
481
484
535
511
560
741
385
534
771
216
386
526
636
427
451
211
480
269
309
344
460
502
666
776
372
441
654
359
413
431
498
596
601
619
634
673
214
247
289
291
422
493
523
558
645
670
310
332
353
439
442
528
543
562
574
615
620
720
749
132
321
368
369
390
416
529
549
565
680
298
306
599
280
292
305
323
366
382
437
530
567
568
577
151
258
297
482
579
603
623
646
199
336
389
461
472
538
633
668
751
363
376
587
775
263
328
342
388
392
405
580
234
281
400
407
433
465
468
504
546
566
570
244
312
325
335
395
455
474
531
583
514
550
581
278
397
420
503
598
221
286
326
406
448
604
648
730
732
756
185
316
318
327
553
600
621
672
187
393
444
446
563
578
399
588
343
348
373
434
515
690
275
296
300
536
213
267
522
337
424
478
597
630
679
697
735
233
440
517
537
561
614
696
222
350
421
426
606
218
324
346
364
552
625
334
371
383
438
505
177
268
284
287
338
391
467
576
582
89
302
322
403
473
628
649
270
301
450
466
637
249
402
417
610
629
299
377
443
702
717
729
418
429
545
613
250
347
374
408
411
412
487
559
651
663
154
257
295
457
682
689
262
345
361
435
524
584
585
612
644
650
733
746
752
379
401
490
520
662
260
464
483
486
547
589
631
254
311
333
436
489
501
540
664
265
290
352
449
510
527
541
692
208
320
331
463
711
362
384
394
681
698
351
398
432
452
590
747
237
240
340
370
445
459
475
521
657
671
271
277
314
423
640
358
409
454
497
525
618
243
252
447
462
488
507
533
686
246
315
430
494
509
516
288
293
476
518
248
319
519
532
608
341
354
404
428
683
245
329
387
410
458
499
500
512
542
656
360
378
572
573
624
665
313
349
356
357
469
508
575
652
375
381
564
658
790
586
632
259
304
307
477
595
607
622
294
396
453
506
605
317
471
485
539
571
611
330
380
419
479
555
569
616
687
691
742
386
456
513
279
415
495
641
675
726
414
496
602
748
355
365
460
470
484
551
255
276
283
367
441
481
544
594
385
491
492
502
642
339
366
647
303
451
511
593
724
217
369
388
425
427
554
667
142
224
359
372
390
548
557
694
344
592
191
308
413
431
480
609
253
739
382
422
482
534
661
242
261
442
498
526
638
282
455
560
627
659
704
376
392
439
493
677
400
405
437
332
416
556
273
448
461
472
535
626
685
235
368
397
407
528
395
406
523
389
465
503
558
591
274
285
353
433
468
474
669
543
674
256
549
562
568
617
643
393
399
420
478
530
336
424
446
504
310
363
514
529
565
231
321
700
716
309
567
232
291
364
444
546
574
581
241
305
348
426
450
467
531
538
639
239
326
342
418
515
599
603
306
373
417
434
473
577
653
583
699
570
743
272
327
391
421
440
596
280
323
350
383
443
466
505
517
635
705
550
660
343
536
598
604
580
601
251
289
328
429
457
486
522
537
587
615
636
438
563
582
266
411
435
464
483
490
545
597
623
335
408
489
655
269
325
454
579
346
401
412
463
566
578
227
292
371
377
436
449
501
619
297
403
487
552
561
589
706
432
633
384
394
452
475
337
541
286
379
459
553
588
645
220
312
423
525
576
402
488
524
345
497
507
559
186
264
298
322
334
428
447
520
676
714
228
318
338
398
445
462
476
510
509
518
540
316
620
409
430
500
519
527
533
621
370
374
458
499
324
352
358
508
547
701
223
512
584
634
287
532
715
347
404
477
494
521
600
320
606
281
378
612
360
361
366
410
516
695
331
386
453
460
650
333
362
388
356
387
456
469
479
485
610
613
441
502
513
340
381
484
539
654
351
396
481
542
585
649
349
375
415
586
678
300
301
419
555
590
357
369
482
492
506
571
646
270
314
341
390
414
471
491
511
644
299
544
302
315
455
569
359
451
496
551
354
380
385
495
573
629
329
427
448
470
564
614
392
400
575
290
307
311
365
382
397
431
480
594
628
319
376
413
296
367
406
595
625
284
372
405
422
503
670
344
407
498
534
554
263
399
442
472
493
278
395
425
437
439
478
526
294
295
355
364
393
424
630
631
416
461
465
418
474
339
330
528
548
417
450
593
607
618
260
332
468
557
572
293
389
420
433
608
611
648
258
426
446
467
523
560
666
368
640
668
304
313
549
624
558
673
275
391
443
444
303
336
348
353
504
514
535
543
616
688
257
473
602
373
530
605
383
486
454
466
568
363
440
562
350
457
632
723
308
317
434
265
277
515
592
684
411
421
429
401
505
556
638
234
408
435
464
565
581
436
483
609
490
529
546
531
384
432
449
567
244
326
394
438
463
489
622
517
452
327
377
475
728
423
582
428
545
321
412
501
570
342
379
536
583
637
459
522
589
447
538
574
591
288
343
525
310
598
550
604
366
388
462
488
346
458
476
537
267
430
507
345
497
403
305
487
509
445
500
409
603
398
460
597
577
508
541
709
499
371
386
502
518
519
441
482
453
477
552
404
533
455
402
456
563
599
448
510
524
370
479
481
580
484
513
410
512
520
378
527
540
358
478
532
369
492
485
503
494
511
559
390
418
406
469
491
360
450
364
451
454
576
544
399
467
521
539
561
392
415
396
400
414
417
474
498
516
419
480
586
397
472
587
424
465
427
486
493
496
443
473
407
461
356
471
547
376
387
413
442
381
470
422
431
446
495
578
375
506
395
405
468
439
352
426
483
433
437
457
534
444
391
566
528
555
464
466
551
393
440
526
416
425
432
436
463
382
385
452
489
490
359
435
449
428
514
475
530
374
411
420
423
429
388
523
504
594
401
394
447
542
569
505
459
384
460
501
434
515
488
383
366
893
895
896
911
878
889
920
900
907
914
931
894
877
881
902
888
897
906
910
912
917
924
930
898
905
887
904
915
916
919
921
885
899
928
882
913
932
862
871
879
880
901
903
908
909
927
872
886
918
925
929
867
890
891
892
935
949
861
875
937
853
864
865
876
847
866
884
922
883
926
857
859
869
874
936
939
851
873
933
940
856
870
923
938
863
942
840
843
849
868
934
844
846
848
854
948
953
852
860
836
858
945
855
943
825
826
941
947
835
841
946
834
837
838
952
954
958
829
832
842
845
944
956
959
828
833
850
950
823
978
970
951
955
820
824
827
957
830
831
962
964
819
967
818
839
968
816
971
822
963
810
966
972
821
974
811
817
814
960
969
809
813
976
815
808
975
804
806
973
965
989
803
980
805
789
807
977
801
798
799
812
796
785
987
795
791
800
793
794
797
124
102
105
123
112
119
120
130
118
787
107
116
126
138
985
86
93
113
97
98
89
100
133
139
143
106
134
135
146
979
108
122
129
132
136
83
111
127
99
141
788
96
104
145
94
110
115
802
76
91
95
128
131
782
792
117
92
144
148
961
103
137
781
70
90
147
986
114
140
151
777
790
80
160
87
784
982
101
85
88
162
786
142
163
779
78
121
154
157
84
149
52
72
74
125
156
167
984
73
75
109
150
67
60
81
59
783
155
161
164
82
778
775
182
66
57
63
68
69
158
71
173
767
992
58
988
54
64
79
172
768
763
171
995
166
981
77
168
169
183
62
176
152
184
153
771
774
776
53
170
993
48
178
773
780
61
772
65
165
51
55
766
56
991
49
179
199
765
764
191
762
174
180
181
45
758
770
186
761
159
175
769
46
195
202
47
192
760
177
994
193
44
983
190
750
189
41
50
197
42
43
754
755
188
38
33
201
205
756
212
28
36
751
194
37
759
207
401
358
372
394
405
417
418
432
486
332
343
344
356
360
366
373
382
384
388
407
428
429
441
460
505
277
304
327
336
355
364
376
380
386
390
392
393
395
400
408
412
424
426
457
464
466
473
502
309
322
326
329
331
333
338
340
346
351
359
362
365
367
383
387
397
406
419
427
430
435
449
454
459
462
463
467
476
482
485
489
490
491
501
503
507
512
532
533
541
589
281
282
284
290
300
308
312
316
318
319
323
325
328
330
335
339
341
352
357
363
369
377
379
381
389
396
411
415
416
431
433
436
439
442
443
445
448
452
453
455
461
468
477
478
480
483
497
499
509
518
519
523
526
539
551
554
555
571
581
285
287
288
289
292
297
314
315
342
348
353
368
370
374
375
385
391
398
399
403
404
409
410
414
422
434
437
438
447
450
451
458
472
475
479
488
492
493
498
500
504
508
522
525
543
544
545
560
569
262
269
274
291
295
302
303
306
310
320
321
324
345
349
350
361
402
413
420
423
446
456
465
481
487
494
510
511
513
514
515
524
528
530
531
534
537
546
549
550
561
563
565
574
593
597
271
273
279
280
294
299
305
307
311
317
347
371
378
421
440
444
469
470
474
484
506
516
517
520
521
547
562
567
577
580
584
587
588
612
253
261
266
275
278
286
301
313
337
354
471
495
527
536
540
542
548
552
558
564
570
576
578
582
585
586
590
599
624
251
254
259
264
265
267
268
270
293
334
496
535
556
557
559
568
573
575
583
594
606
610
233
248
249
257
263
272
298
425
529
592
602
603
605
608
256
258
260
276
283
296
566
579
595
596
613
617
621
628
240
241
242
243
255
538
553
591
598
601
604
609
611
618
619
626
633
641
231
239
244
245
252
607
620
623
629
631
638
643
219
223
228
229
232
236
238
247
572
600
616
622
634
639
650
216
220
226
235
246
250
614
627
630
632
640
647
230
234
615
636
637
642
644
646
648
214
221
224
237
625
649
660
666
211
217
222
635
654
663
208
215
218
645
651
668
669
670
203
206
209
210
213
225
659
662
667
673
680
688
198
204
212
652
655
664
665
689
692
227
653
657
661
671
672
674
676
681
683
690
691
677
684
686
695
675
696
182
195
202
658
679
682
693
694
697
703
196
199
200
656
685
678
687
701
702
704
185
191
698
705
707
723
187
197
205
711
714
715
729
192
201
207
713
719
176
178
184
190
706
710
712
718
724
726
183
186
193
708
721
163
167
173
175
189
699
700
709
717
720
725
730
736
737
738
160
165
174
179
180
716
722
727
731
735
740
162
171
181
194
742
743
151
188
733
741
745
749
170
728
732
739
744
155
156
161
166
168
169
734
746
747
157
164
177
748
752
753
146
152
158
172
141
154
143
148
159
750
755
138
139
145
149
150
153
757
130
137
140
144
754
758
762
765
768
142
751
763
147
136
772
131
132
756
766
771
775
778
795
133
760
781
120
127
128
134
759
774
777
782
783
785
790
764
767
773
789
129
135
769
779
791
804
123
761
770
794
797
803
112
119
126
776
798
124
786
793
796
799
801
113
784
802
116
787
792
800
806
102
118
780
788
809
813
115
805
807
111
122
811
106
808
816
817
826
105
820
93
107
108
110
117
121
814
825
828
114
818
819
836
86
97
104
125
810
815
89
100
812
824
829
834
96
838
95
98
822
823
827
835
847
109
821
833
843
83
94
831
832
837
846
840
853
99
103
830
842
848
851
101
844
845
855
862
91
92
401
417
432
486
841
90
372
394
405
407
849
852
856
859
85
87
332
343
344
358
373
382
393
395
412
418
428
429
441
466
84
88
277
336
351
356
360
362
376
380
384
388
390
392
408
424
426
460
505
858
82
304
338
355
364
365
366
367
383
386
387
397
400
406
416
419
427
430
435
449
457
463
464
473
502
864
866
867
869
281
309
327
329
331
333
340
341
346
357
359
363
377
379
381
389
396
410
411
414
431
433
437
439
442
443
445
453
454
455
459
461
462
467
476
480
485
489
490
491
501
503
512
532
533
541
860
870
872
877
282
300
308
312
316
318
319
322
323
325
326
328
330
335
339
352
353
369
370
374
385
398
399
402
403
409
413
415
422
434
436
438
447
448
450
451
452
468
475
477
479
482
483
492
497
499
504
507
509
518
519
526
539
551
581
589
850
854
857
861
262
284
287
288
289
290
292
314
315
342
361
368
375
391
404
420
421
423
444
446
456
458
465
472
478
488
493
498
523
543
554
555
571
865
70
75
76
285
297
317
321
324
348
349
350
371
378
440
469
481
487
494
500
508
510
522
525
531
537
544
545
560
593
624
839
863
874
78
80
269
273
274
291
295
302
303
306
310
311
320
345
347
470
471
474
484
511
513
514
515
516
520
521
524
528
530
534
549
550
563
565
569
574
597
72
73
271
279
294
299
305
307
313
334
337
354
425
495
506
517
546
547
561
562
577
580
587
612
253
261
267
275
278
280
286
301
496
527
536
542
552
564
567
570
578
584
588
878
251
259
264
266
268
270
293
529
535
540
548
557
558
559
568
575
576
585
590
599
606
610
868
871
880
881
888
74
79
81
233
248
254
263
265
272
283
296
298
556
582
586
592
602
603
628
876
60
249
256
257
258
276
566
573
583
594
605
608
621
52
71
255
260
538
553
579
595
596
613
623
626
633
641
873
875
879
59
239
240
241
591
601
609
611
617
618
629
631
643
67
69
219
231
242
243
244
245
252
572
598
600
619
620
622
639
650
883
220
223
229
232
238
247
604
607
614
634
638
660
885
893
54
63
77
216
226
228
235
236
616
627
630
640
642
647
666
688
57
64
66
68
212
230
246
250
632
636
637
646
648
669
882
58
65
214
615
625
644
649
654
662
663
680
689
889
221
234
237
635
645
668
670
672
673
683
691
692
896
53
211
224
651
659
665
667
677
696
887
895
61
182
215
217
218
222
652
655
674
681
686
690
886
48
199
202
203
208
209
210
225
661
664
671
676
684
695
62
195
213
653
693
694
703
51
198
204
206
657
675
697
704
891
911
55
56
191
227
658
679
701
884
897
192
197
201
207
656
682
723
729
890
205
685
687
702
707
718
726
894
902
178
183
678
698
705
711
713
714
715
719
724
167
176
184
190
193
196
712
898
900
906
34
163
174
186
189
706
737
892
35
160
162
171
173
175
180
200
710
725
730
736
738
740
32
39
44
49
50
165
179
181
185
708
709
720
731
743
907
24
40
46
170
188
194
717
721
735
151
168
187
699
700
716
722
727
742
901
905
908
26
45
155
161
164
166
169
741
749
20
25
31
156
733
739
745
920
16
47
146
157
728
732
734
899
912
917
10
158
172
744
747
748
30
141
152
746
750
904
18
177
753
755
916
919
22
41
139
143
144
752
903
42
138
148
150
154
909
910
914
915
37
130
137
149
159
754
758
762
768
17
19
28
38
140
145
153
765
751
763
921
924
13
21
27
43
147
913
1
23
136
918
12
127
131
142
795
29
33
120
128
132
133
756
931
36
134
757
771
772
778
781
9
112
129
766
775
783
789
14
123
486
759
774
777
785
790
11
15
126
135
401
432
760
773
782
5
372
417
764
767
929
4
119
277
343
405
407
779
791
927
124
332
344
373
394
429
441
769
794
803
930
7
102
113
115
304
358
466
505
770
796
926
932
3
116
118
336
356
382
395
412
418
428
541
581
589
624
761
776
804
106
351
360
393
424
426
460
502
533
793
798
925
928
111
281
309
362
384
390
473
512
532
797
799
801
802
0
105
262
338
376
380
387
388
392
408
419
435
457
463
464
485
489
491
501
539
551
555
571
786
800
110
282
327
333
355
365
386
397
400
449
480
490
503
554
593
612
784
792
922
923
936
2
8
86
104
122
284
290
300
312
319
331
340
367
406
416
427
442
459
462
497
507
518
526
597
787
809
108
316
318
322
323
325
328
329
335
359
363
364
366
383
430
431
437
439
445
454
461
468
476
477
499
504
509
519
523
543
560
788
939
6
89
93
114
117
121
287
289
308
326
330
341
346
357
381
389
410
433
443
453
467
482
483
565
569
574
577
780
806
813
97
100
107
125
269
288
292
297
315
339
352
377
379
396
411
414
415
434
436
455
475
479
492
531
544
545
550
563
580
587
805
937
83
95
98
273
274
314
385
399
402
403
422
438
448
451
452
478
488
498
522
525
534
537
561
588
606
628
807
808
811
825
826
933
253
285
342
353
361
368
370
374
398
409
413
447
450
458
472
487
493
500
528
549
578
816
96
109
295
302
317
369
375
391
404
420
446
465
494
508
510
514
520
524
530
546
547
562
567
584
585
599
610
233
251
261
271
291
306
310
321
324
421
423
440
444
456
469
481
513
515
516
521
570
590
603
623
633
641
817
820
836
94
248
267
279
303
347
348
371
470
471
484
506
511
517
536
542
564
575
621
935
259
264
266
268
278
299
311
320
349
350
378
495
552
576
582
602
605
608
626
660
814
949
99
275
280
294
301
305
313
337
345
354
474
527
548
558
559
568
586
592
629
631
643
666
688
815
828
934
254
256
265
286
307
334
425
535
540
556
557
583
594
613
617
618
639
650
819
834
91
101
103
249
263
270
293
496
529
573
595
611
622
680
810
818
829
940
