182.8
182.8
182.9
182.9
182.9
182.9
182.9
182.9
182.9
182.9
182.9
182.9
182.9
182.9
182.9
182.9
182.9
182.9
182.9
183.0
183.0
183.0
183.0
183.0
183.0
183.0
183.0
183.0
183.0
183.0
183.0
183.0
183.0
183.0
183.0
183.0
183.0
183.0
183.0
183.0
183.0
183.0
183.0
183.0
183.0
183.0
183.0
183.0
183.0
183.0
183.0
183.0
183.0
183.0
183.0
183.0
183.0
183.0
183.0
183.0
183.0
183.0
183.0
183.0
183.0
183.0
183.0
183.0
183.0
183.0
183.0
183.0
183.0
183.0
183.0
183.0
183.0
183.0
183.1
183.1
183.1
183.1
183.1
183.1
183.1
183.1
183.1
183.1
183.1
183.1
183.1
183.1
183.1
183.1
183.1
183.1
183.1
183.1
183.1
183.1
183.1
183.1
183.1
183.1
183.1
183.1
183.1
183.1
183.1
183.1
183.1
183.1
183.1
183.1
183.1
183.1
183.1
183.1
183.1
183.1
183.1
183.1
183.1
183.1
183.1
183.1
183.1
183.1
183.1
183.1
183.1
183.1
183.1
183.1
183.1
183.1
183.1
183.1
183.1
183.1
183.1
183.1
183.1
183.1
183.1
183.1
183.1
183.1
183.1
183.1
183.1
183.1
183.1
183.1
183.1
183.1
183.1
183.1
183.1
183.1
183.1
183.1
183.1
183.1
183.1
183.1
183.1
183.1
183.1
183.1
183.1
183.1
183.1
183.1
183.1
183.1
183.1
183.1
183.1
183.1
183.1
183.1
183.1
183.1
183.1
183.1
183.1
183.1
183.1
183.1
183.1
183.1
183.1
183.1
183.1
183.1
183.1
183.1
183.1
183.1
183.1
183.1
183.1
183.1
183.1
183.1
183.1
183.1
183.1
183.1
183.1
183.1
183.1
183.1
183.1
183.1
183.1
183.1
183.1
183.1
183.1
183.1
183.1
183.1
183.2
183.2
183.2
183.2
183.2
183.2
183.2
183.2
183.2
183.2
183.2
183.2
183.2
183.2
183.2
183.2
183.2
183.2
183.2
183.2
183.2
183.2
183.2
183.2
183.2
183.2
183.2
183.2
183.2
183.2
183.2
183.2
183.2
183.2
183.2
183.2
183.2
183.2
183.2
183.2
183.2
183.2
183.2
183.2
183.2
183.2
183.2
183.2
183.2
183.2
183.2
183.2
183.2
183.2
183.2
183.2
183.2
183.2
183.2
183.2
183.2
183.2
183.2
183.2
183.2
183.2
183.2
183.2
183.2
183.2
183.2
183.2
183.2
183.2
183.2
183.2
183.2
183.2
183.2
183.2
183.2
183.2
183.2
183.2
183.2
183.2
183.2
183.2
183.2
183.2
183.2
183.2
183.2
183.2
183.2
183.2
183.2
183.2
183.2
183.2
183.2
183.2
183.2
183.2
183.2
183.2
183.2
183.2
183.2
183.2
183.2
183.2
183.2
183.2
183.2
183.2
183.2
183.2
183.2
183.2
183.2
183.2
183.2
183.2
183.2
183.2
183.2
183.2
183.2
183.2
183.2
183.2
183.2
183.2
183.2
183.2
183.2
183.2
183.2
183.2
183.2
183.2
183.2
183.2
183.2
183.2
183.2
183.2
183.2
183.2
183.2
183.2
183.2
183.2
183.2
183.2
183.2
183.2
183.2
183.2
183.2
183.2
183.2
183.2
183.2
183.2
183.2
183.2
183.2
183.2
183.2
183.2
183.2
183.2
183.2
183.2
183.2
183.2
183.2
183.2
183.2
183.2
183.2
183.2
183.2
183.2
183.2
183.2
183.2
183.2
183.2
183.2
183.2
183.2
183.2
183.3
183.3
183.3
183.3
183.3
183.3
183.3
183.3
183.3
183.3
183.3
183.3
183.3
183.3
183.3
183.3
183.3
183.3
183.3
183.3
183.3
183.3
183.3
183.3
183.3
183.3
183.3
183.3
183.3
183.3
183.3
183.3
183.3
183.3
183.3
183.3
183.3
183.3
183.3
183.3
183.3
183.3
183.3
183.3
183.3
183.3
183.3
183.3
183.3
183.3
183.3
183.3
183.3
183.3
183.3
183.3
183.3
183.3
183.3
183.3
183.3
183.3
183.3
183.3
183.3
183.3
183.3
183.3
183.3
183.3
183.3
183.3
183.3
183.3
183.3
183.3
183.3
183.3
183.3
183.3
183.3
183.3
183.3
183.3
183.3
183.3
183.3
183.3
183.3
183.3
183.3
183.3
183.3
183.3
183.3
183.3
183.3
183.3
183.3
183.3
183.3
183.3
183.3
183.3
183.3
183.3
183.3
183.3
183.3
183.3
183.3
183.3
183.3
183.3
183.3
183.3
183.3
183.3
183.3
183.3
183.3
183.3
183.3
183.3
183.3
183.3
183.3
183.3
183.3
183.3
183.3
183.3
183.3
183.3
183.3
183.3
183.3
183.3
183.3
183.3
183.3
183.3
183.3
183.3
183.3
183.3
183.3
183.3
183.3
183.3
183.3
183.3
183.3
183.3
183.3
183.3
183.3
183.3
183.3
183.3
183.3
183.3
183.3
183.3
183.3
183.3
183.3
183.3
183.3
183.3
183.3
183.3
183.3
183.3
183.3
183.3
183.3
183.3
183.3
183.3
183.3
183.3
183.3
183.3
183.3
183.4
183.4
183.4
183.4
183.4
183.4
183.4
183.4
183.4
183.4
183.4
183.4
183.4
183.4
183.4
183.4
183.4
183.4
183.4
183.4
183.4
183.4
183.4
183.4
183.4
183.4
183.4
183.4
183.4
183.4
183.4
183.4
183.4
183.4
183.4
183.4
183.4
183.4
183.4
183.4
183.4
183.4
183.4
183.4
183.4
183.4
183.4
183.4
183.4
183.4
183.4
183.4
183.4
183.4
183.4
183.4
183.4
183.4
183.4
183.4
183.4
183.4
183.4
183.4
183.4
183.4
183.4
183.4
183.4
183.4
183.4
183.4
183.4
183.4
183.4
183.4
183.4
183.4
183.4
183.4
183.4
183.4
183.4
183.4
183.4
183.4
183.4
183.4
183.4
183.4
183.4
183.4
183.4
183.4
183.4
183.4
183.4
183.4
183.4
183.4
183.4
183.4
183.4
183.4
183.4
183.4
183.4
183.4
183.4
183.4
183.4
183.4
183.4
183.4
183.4
183.4
183.4
183.4
183.4
183.4
183.4
183.4
183.4
183.4
183.4
183.4
183.4
183.4
183.4
183.4
183.4
183.4
183.4
183.4
183.4
183.4
183.4
183.4
183.4
183.4
183.4
183.4
183.4
183.4
183.5
183.5
183.5
183.5
183.5
183.5
183.5
183.5
183.5
183.5
183.5
183.5
183.5
183.5
183.5
183.5
183.5
183.5
183.5
183.5
183.5
183.5
183.5
183.5
183.5
183.5
183.5
183.5
183.5
183.5
183.5
183.5
183.5
183.5
183.5
183.5
183.5
183.5
183.5
183.5
183.5
183.5
183.5
183.5
183.5
183.5
183.5
183.5
183.5
183.5
183.5
183.5
183.5
183.5
183.5
183.5
183.5
183.5
183.5
183.5
183.5
183.5
183.5
183.5
183.5
183.5
183.5
183.5
183.5
183.5
183.5
183.5
183.5
183.5
183.5
183.5
183.5
183.5
183.6
183.6
183.6
183.6
183.6
183.6
183.6
183.6
183.6
183.6
183.6
183.6
183.6
183.6
183.6
183.6
183.6
183.6
183.6
183.6
183.6
183.6
183.6
183.6
183.6
183.6
183.6
183.6
183.6
183.6
183.6
183.6
183.7
183.7
183.7
183.7
183.7
183.7
183.7
183.7
183.7
183.7
183.7
183.7
183.7
183.7
183.7
183.7
183.7
183.8
183.8
183.8
183.8
183.8
183.8
183.8
183.8
183.8
183.8
183.8
183.8
183.8
183.8
183.8
183.8
183.8
183.8
183.9
183.9
183.9
183.9
183.9
183.9
183.9
183.9
183.9
183.9
183.9
183.9
183.9
183.9
184.0
184.0
184.0
184.0
184.0
184.0
184.0
184.0
184.0
184.0
184.0
184.0
184.1
184.1
184.1
184.1
184.1
184.1
184.2
184.2
184.2
184.2
184.2
184.2
184.2
184.2
184.3
184.3
184.3
184.3
184.3
184.3
184.3
184.3
184.3
184.4
184.4
184.4
184.4
184.4
184.4
184.4
184.4
184.5
184.5
184.5
184.5
184.5
184.5
184.6
184.6
184.6
184.6
184.6
184.7
184.7
184.8
184.8
184.8
184.8
184.8
184.8
184.8
184.9
184.9
184.9
184.9
184.9
185.0
185.0
185.0
185.0
185.0
185.0
185.0
185.1
185.1
185.1
185.1
185.1
185.3
185.4
185.5
185.5
185.6
185.6
185.6
185.8
185.8
185.8
185.9
186.5
186.5
190.5
190.7
190.8
190.8
190.8
190.8
190.8
190.8
190.9
190.9
190.9
190.9
190.9
190.9
191.0
191.0
191.0
191.0
191.0
191.0
191.1
191.1
191.1
191.1
191.1
191.1
191.1
191.1
191.1
191.1
191.1
191.1
191.1
191.1
191.1
191.1
191.1
191.1
191.1
191.1
191.1
191.2
191.2
191.2
191.2
191.2
191.2
191.2
191.2
191.2
191.2
191.2
191.2
191.2
191.2
191.2
191.2
191.2
191.2
191.2
191.3
191.3
191.3
191.3
191.3
191.3
191.3
191.3
191.3
191.3
191.3
191.3
191.3
191.3
191.3
191.3
191.3
191.3
191.3
191.3
191.3
191.3
191.3
191.3
191.3
191.3
191.3
191.3
191.3
191.3
191.3
191.3
191.3
191.3
191.3
191.3
191.4
191.4
191.4
191.4
191.4
191.4
191.4
191.4
191.4
191.4
191.4
191.4
191.4
191.4
191.4
191.4
191.4
191.4
191.4
191.4
191.4
191.4
191.4
191.4
191.4
191.4
191.4
191.4
191.4
191.4
191.4
191.4
191.4
191.4
191.4
191.4
191.4
191.4
191.4
191.4
191.4
191.4
191.4
191.4
191.4
191.4
191.4
191.4
191.4
191.4
191.4
191.4
191.4
191.4
191.4
191.4
191.4
191.4
191.4
191.5
191.5
191.5
191.5
191.5
191.5
191.5
191.5
191.5
191.5
191.5
191.5
191.5
191.5
191.5
191.5
191.5
191.5
191.5
191.5
191.5
191.5
191.5
191.5
191.5
191.5
191.5
191.5
191.5
191.5
191.5
191.5
191.5
191.5
191.5
191.5
191.5
191.5
191.5
191.5
191.5
191.5
191.5
191.5
191.5
191.5
191.5
191.5
191.5
191.5
191.5
191.5
191.5
191.5
191.5
191.5
191.5
191.5
191.5
191.6
191.6
191.6
191.6
191.6
191.6
191.6
191.6
191.6
191.6
191.6
191.6
191.6
191.6
191.6
191.6
191.6
191.6
191.6
191.6
191.6
191.6
191.6
191.6
191.6
191.6
191.6
191.6
191.6
191.6
191.6
191.6
191.6
191.6
191.6
191.6
191.6
191.6
191.6
191.6
191.6
191.6
191.6
191.6
191.6
191.6
191.6
191.6
191.6
191.6
191.6
191.6
191.6
191.6
191.6
191.6
191.6
191.6
191.6
191.6
191.6
191.6
191.6
191.6
191.6
191.7
191.7
191.7
191.7
191.7
191.7
191.7
191.7
191.7
191.7
191.7
191.7
191.7
191.7
191.7
191.7
191.7
191.7
191.7
191.7
191.7
191.7
191.7
191.7
191.7
191.7
191.7
191.7
191.7
191.7
191.7
191.7
191.7
191.7
191.7
191.7
191.7
191.7
191.7
191.7
191.7
191.7
191.7
191.7
191.7
191.7
191.7
191.7
191.7
191.7
191.7
191.7
191.7
191.7
191.7
191.7
191.7
191.7
191.7
191.7
191.7
191.7
191.7
191.7
191.7
191.7
191.7
191.7
191.7
191.7
191.7
191.7
191.8
191.8
191.8
191.8
191.8
191.8
191.8
191.8
191.8
191.8
191.8
191.8
191.8
191.8
191.8
191.8
191.8
191.8
191.8
191.8
191.8
191.8
191.8
191.8
191.8
191.8
191.8
191.8
191.8
191.8
191.8
191.8
191.8
191.8
191.8
191.8
191.8
191.8
191.8
191.8
191.8
191.8
191.8
191.8
191.8
191.8
191.8
191.8
191.8
191.8
191.8
191.8
191.8
191.8
191.8
191.8
191.8
191.8
191.8
191.8
191.8
191.8
191.8
191.8
191.8
191.8
191.8
191.8
191.8
191.8
191.8
191.8
191.8
191.8
191.8
191.8
191.8
191.8
191.8
191.8
191.8
191.8
191.8
191.8
191.8
191.8
191.8
191.8
191.8
191.8
191.8
191.9
191.9
191.9
191.9
191.9
191.9
191.9
191.9
191.9
191.9
191.9
191.9
191.9
191.9
191.9
191.9
191.9
191.9
191.9
191.9
191.9
191.9
191.9
191.9
191.9
191.9
191.9
191.9
191.9
191.9
191.9
191.9
191.9
191.9
191.9
191.9
191.9
191.9
191.9
191.9
191.9
191.9
191.9
191.9
191.9
191.9
191.9
191.9
191.9
191.9
191.9
191.9
191.9
191.9
191.9
191.9
191.9
191.9
192.0
192.0
192.0
192.0
192.0
192.0
192.0
192.0
192.0
192.0
192.0
192.0
192.0
192.0
192.0
192.0
192.0
192.0
192.0
192.0
192.0
192.0
192.0
192.0
192.0
192.0
192.0
192.0
192.0
192.0
192.0
192.0
192.0
192.0
192.0
192.0
192.0
192.0
192.0
192.0
192.0
192.0
192.0
192.0
192.0
192.0
192.0
192.0
192.0
192.0
192.1
192.1
192.1
192.1
192.1
192.1
192.1
192.1
192.1
192.1
192.1
192.1
192.1
192.1
192.1
192.1
192.1
192.1
192.1
192.1
192.1
192.1
192.1
192.1
192.1
192.1
192.1
192.1
192.1
192.1
192.1
192.1
192.1
192.1
192.1
192.1
192.1
192.1
192.1
192.1
192.1
192.1
192.1
192.1
192.1
192.1
192.1
192.1
192.1
192.1
192.1
192.1
192.1
192.1
192.1
192.1
192.1
192.1
192.1
192.1
192.1
192.1
192.1
192.1
192.2
192.2
192.2
192.2
192.2
192.2
192.2
192.2
192.2
192.2
192.2
192.2
192.2
192.2
192.2
192.2
192.2
192.2
192.2
192.2
192.2
192.2
192.2
192.2
192.2
192.2
192.2
192.2
192.2
192.2
192.2
192.2
192.2
192.2
192.2
192.2
192.2
192.2
192.2
192.2
192.2
192.2
192.2
192.2
192.2
192.3
192.3
192.3
192.3
192.3
192.3
192.3
192.3
192.3
192.3
192.3
192.3
192.3
192.3
192.3
192.3
192.3
192.3
192.3
192.3
192.3
192.3
192.3
192.3
192.3
192.3
192.3
192.3
192.3
192.3
192.3
192.3
192.3
192.3
192.3
192.3
192.3
192.3
192.3
192.3
192.3
192.3
192.3
192.3
192.3
192.3
192.4
192.4
192.4
192.4
192.4
192.4
192.4
192.4
192.4
192.4
192.4
192.4
192.4
192.4
192.4
192.4
192.4
192.4
192.4
192.4
192.4
192.4
192.4
192.4
192.4
192.4
192.4
192.4
192.4
192.4
192.4
192.4
192.5
192.5
192.5
192.5
192.5
192.5
192.5
192.5
192.5
192.5
192.5
192.5
192.5
192.5
192.5
192.5
192.5
192.5
192.5
192.5
192.6
192.6
192.6
192.6
192.6
192.6
192.6
192.6
192.6
192.6
192.6
192.6
192.6
192.6
192.6
192.6
192.6
192.6
192.6
192.6
192.6
192.6
192.6
192.6
192.6
192.7
192.7
192.7
192.7
192.7
192.7
192.7
192.7
192.7
192.7
192.7
192.7
192.7
192.7
192.8
192.8
192.8
192.8
192.8
192.8
192.8
192.8
192.8
192.8
192.8
192.8
192.9
192.9
192.9
192.9
192.9
192.9
192.9
192.9
192.9
192.9
192.9
192.9
192.9
192.9
192.9
192.9
193.0
193.0
193.0
193.0
193.0
193.0
193.0
193.0
193.0
193.0
193.1
193.1
193.1
193.1
193.1
193.1
193.1
193.1
193.2
193.2
193.2
193.2
193.2
193.2
193.2
193.3
193.3
193.3
193.3
193.3
193.3
193.3
193.3
193.3
193.4
193.4
193.4
193.5
193.5
193.5
193.5
193.5
193.6
193.6
193.6
193.6
193.6
193.6
193.7
193.7
193.8
193.8
193.9
193.9
193.9
193.9
194.0
194.1
194.1
194.1
194.2
194.3
194.3
194.3
194.3
194.3
194.3
194.3
194.5
194.5
194.5
194.5
194.6
194.6
194.7
194.7
194.7
194.7
194.8
194.8
194.8
194.9
194.9
194.9
194.9
195.0
195.0
195.1
195.1
195.3
195.3
195.3
195.4
195.4
195.5
195.5
195.7
195.8
195.8
196.0
196.0
196.1
196.2
196.3
196.3
196.4
196.5
196.5
196.5
196.6
196.8
197.0
197.1
197.2
197.3
197.3
197.6
197.7
197.7
197.7
197.7
197.8
197.9
197.9
198.2
198.2
198.5
198.5
198.6
198.7
198.9
199.1
199.3
199.4
199.8
199.8
199.8
200.2
200.7
200.9
201.5
201.8
201.9
202.0
202.2
202.2
202.3
202.5
202.6
202.9
203.3
203.6
203.7
204.0
204.1
204.1
204.8
205.0
205.3
205.7
206.6
207.1
207.2
207.9
208.1
208.1
208.2
208.2
208.2
208.3
208.3
208.3
208.3
208.3
208.3
208.4
208.4
208.4
208.5
208.5
208.5
208.5
208.5
208.6
208.6
208.6
208.6
208.6
208.7
208.7
208.7
208.8
208.8
208.8
208.8
208.8
208.9
208.9
208.9
208.9
209.0
209.0
209.0
209.0
209.0
209.0
209.1
209.1
209.1
209.1
209.1
209.2
209.2
209.2
209.2
209.2
209.3
209.3
209.3
209.3
209.3
209.4
209.4
209.4
209.4
209.4
209.4
209.4
209.4
209.4
209.4
209.5
209.5
209.5
209.5
209.5
209.5
209.5
209.5
209.5
209.5
209.5
209.5
209.6
209.6
209.6
209.6
209.6
209.6
209.6
209.6
209.6
209.6
209.6
209.7
209.7
209.7
209.7
209.7
209.7
209.7
209.7
209.7
209.8
209.8
209.8
209.8
209.8
209.8
209.8
209.8
209.8
209.9
209.9
209.9
209.9
209.9
209.9
209.9
209.9
209.9
209.9
209.9
210.0
210.0
210.0
210.0
210.0
210.0
210.0
210.0
210.0
210.0
210.1
210.1
210.1
210.1
210.1
210.1
210.1
210.1
210.1
210.1
210.2
210.2
210.2
210.2
210.2
210.2
210.2
210.2
210.2
210.2
210.2
210.2
210.2
210.2
210.3
210.3
210.3
210.3
210.3
210.3
210.3
210.3
210.3
210.3
210.3
210.4
210.4
210.5
210.5
210.5
210.5
210.5
210.5
210.5
210.5
210.5
210.6
210.6
210.6
210.6
210.6
210.6
210.6
210.6
210.6
210.6
210.6
210.6
210.7
210.7
210.7
210.7
210.7
210.7
210.7
210.7
210.7
210.7
210.7
210.8
210.8
210.8
210.8
210.8
210.8
210.8
210.8
210.8
210.9
210.9
210.9
210.9
210.9
210.9
210.9
210.9
210.9
210.9
210.9
210.9
211.0
211.0
211.0
211.0
211.0
211.0
211.0
211.1
211.1
211.1
211.1
211.1
211.1
211.1
211.1
211.1
211.1
211.2
211.2
211.2
211.2
211.2
211.2
211.2
211.2
211.2
211.3
211.3
211.3
211.3
211.3
211.3
211.3
211.3
211.3
211.3
211.3
211.3
211.3
211.3
211.3
211.3
211.4
211.4
211.4
211.4
211.4
211.4
211.4
211.4
211.4
211.4
211.4
211.4
211.5
211.5
211.5
211.5
211.5
211.5
211.5
211.5
211.5
211.6
211.6
211.6
211.6
211.6
211.6
211.6
211.6
211.6
211.6
211.6
211.6
211.6
211.6
211.7
211.7
211.7
211.7
211.7
211.7
211.7
211.7
211.7
211.8
211.8
211.8
211.8
211.8
211.8
211.8
211.8
211.8
211.8
211.8
211.8
211.8
211.8
211.9
211.9
211.9
211.9
211.9
211.9
211.9
211.9
211.9
211.9
211.9
211.9
212.0
212.0
212.0
212.0
212.0
212.0
212.0
212.0
212.1
212.1
212.1
212.1
212.1
212.1
212.1
212.1
212.1
212.1
212.2
212.2
212.2
212.2
212.2
212.2
212.3
212.3
212.3
212.3
212.3
212.3
212.3
212.3
212.3
212.4
212.4
212.4
212.4
212.4
212.4
212.4
212.4
212.4
212.4
212.4
212.4
212.5
212.5
212.5
212.5
212.5
212.5
212.5
212.5
212.5
212.6
212.6
212.6
212.6
212.6
212.6
212.6
212.6
212.6
212.7
212.7
212.7
212.7
212.7
212.7
212.7
212.7
212.7
212.7
212.7
212.7
212.7
212.7
212.8
212.8
212.8
212.8
212.8
212.8
212.8
212.8
212.9
212.9
212.9
212.9
212.9
212.9
213.0
213.0
213.0
213.0
213.0
213.0
213.0
213.0
213.0
213.0
213.0
213.1
213.1
213.1
213.1
213.1
213.1
213.1
213.1
213.1
213.1
213.2
213.2
213.2
213.2
213.2
213.2
213.3
213.3
213.3
213.3
213.3
213.3
213.3
213.3
213.3
213.3
213.3
213.3
213.3
213.4
213.4
213.4
213.5
213.5
213.5
213.5
213.6
213.6
213.6
213.6
213.6
213.6
213.6
213.6
213.6
213.7
213.7
213.7
213.7
213.7
213.7
213.8
213.8
213.8
213.9
213.9
213.9
213.9
213.9
213.9
213.9
213.9
213.9
214.0
214.0
214.0
214.0
214.0
214.0
214.0
214.0
214.0
214.1
214.1
214.1
214.1
214.1
214.1
214.1
214.1
214.1
214.1
214.2
214.2
214.2
214.2
214.2
214.2
214.2
214.3
214.3
214.3
214.3
214.3
214.3
214.3
214.3
214.3
214.3
214.3
214.3
214.4
214.4
214.4
214.4
214.5
214.5
214.5
214.5
214.5
214.5
214.6
214.6
214.6
214.6
214.6
214.7
214.7
214.7
214.7
214.7
214.7
214.8
214.8
214.8
214.8
214.8
214.8
214.9
214.9
214.9
215.0
215.0
215.0
215.0
215.0
215.1
215.1
215.1
215.1
215.1
215.2
215.2
215.2
215.2
215.2
215.3
215.3
215.3
215.3
215.4
215.4
215.4
215.5
215.5
215.5
215.5
215.5
215.5
215.5
215.5
215.5
215.6
215.6
215.6
215.6
215.6
215.7
215.7
215.7
215.7
215.7
215.7
215.7
215.8
215.8
215.9
215.9
216.1
216.1
216.1
216.1
216.1
216.1
216.2
216.2
216.2
216.2
216.3
216.3
216.3
216.3
216.3
216.3
216.4
216.4
216.4
216.4
216.4
216.4
216.4
216.5
216.5
216.5
216.5
216.5
216.6
216.6
216.8
216.8
216.8
216.9
216.9
216.9
217.0
217.0
217.0
217.1
217.2
217.2
217.3
217.3
217.4
217.4
217.4
217.6
217.6
217.7
217.7
217.7
217.8
217.8
217.9
217.9
218.1
218.2
218.4
218.4
218.4
218.5
218.6
218.6
218.6
218.7
218.7
218.8
218.8
218.9
218.9
218.9
219.0
219.1
219.1
219.2
219.2
219.3
219.3
219.3
219.3
219.4
219.4
219.5
219.6
219.6
219.6
219.6
219.7
219.7
219.7
219.7
219.8
219.9
219.9
220.1
220.2
220.2
220.3
220.4
220.4
220.4
220.4
220.4
220.5
220.5
220.6
220.7
220.7
220.9
220.9
221.0
221.1
221.2
221.2
221.3
221.3
221.4
221.6
221.6
221.7
221.7
221.8
221.8
221.8
221.9
222.0
222.0
222.1
222.1
222.4
222.5
222.5
222.6
222.6
222.7
222.8
223.1
223.1
223.3
223.4
223.5
223.5
223.5
223.6
223.7
223.7
223.7
223.8
223.8
223.9
224.0
224.0
224.1
224.2
224.2
224.2
224.3
224.8
225.0
225.1
225.2
225.5
225.6
225.6
225.7
225.9
226.1
226.4
226.4
226.6
226.9
227.3
227.7
227.8
227.9
227.9
228.3
228.3
228.7
228.8
229.1
229.4
229.5
230.7
231.0
231.1
231.3
231.5
231.9
232.0
232.6
232.7
233.3
233.7
234.2
234.3
235.4
235.4
235.8
236.3
236.9
237.0
238.2
238.3
239.9
240.0
240.3
241.0
241.1
241.1
241.3
243.9
244.3
246.6
251.0
254.7
262.3
350.9
351.0
351.0
351.0
351.0
351.0
351.0
351.0
351.0
351.0
351.1
351.1
351.1
351.1
351.1
351.1
351.1
351.1
351.1
351.1
351.1
351.1
351.1
351.1
351.1
351.1
351.1
351.1
351.1
351.1
351.1
351.1
351.1
351.1
351.1
351.1
351.1
351.1
351.1
351.1
351.1
351.1
351.1
351.1
351.1
351.1
351.1
351.1
351.1
351.1
351.1
351.1
351.1
351.1
351.1
351.1
351.1
351.1
351.1
351.1
351.1
351.1
351.2
351.2
351.2
351.2
351.2
351.2
351.2
351.2
351.2
351.2
351.2
351.2
351.2
351.2
351.2
351.2
351.2
351.2
351.2
351.2
351.2
351.2
351.2
351.2
351.2
351.2
351.2
351.2
351.2
351.2
351.2
351.2
351.2
351.2
351.2
351.2
351.2
351.2
351.2
351.2
351.2
351.2
351.2
351.2
351.2
351.2
351.2
351.2
351.2
351.2
351.2
351.2
351.2
351.2
351.2
351.2
351.2
351.2
351.2
351.2
351.2
351.2
351.2
351.2
351.2
351.2
351.2
351.2
351.2
351.2
351.2
351.2
351.2
351.2
351.2
351.2
351.2
351.2
351.2
351.2
351.2
351.2
351.2
351.2
351.2
351.2
351.2
351.2
351.2
351.2
351.2
351.2
351.2
351.2
351.2
351.2
351.2
351.2
351.2
351.2
351.2
351.2
351.2
351.2
351.2
351.2
351.2
351.2
351.2
351.2
351.2
351.2
351.2
351.2
351.2
351.2
351.2
351.2
351.2
351.2
351.2
351.2
351.2
351.2
351.2
351.2
351.2
351.2
351.2
351.3
351.3
351.3
351.3
351.3
351.3
351.3
351.3
351.3
351.3
351.3
351.3
351.3
351.3
351.3
351.3
351.3
351.3
351.3
351.3
351.3
351.3
351.3
351.3
351.3
351.3
351.3
351.3
351.3
351.3
351.3
351.3
351.3
351.3
351.3
351.3
351.3
351.3
351.3
351.3
351.3
351.3
351.3
351.3
351.3
351.3
351.3
351.3
351.3
351.3
351.3
351.3
351.3
351.3
351.3
351.3
351.3
351.3
351.3
351.3
351.3
351.3
351.3
351.3
351.3
351.3
351.3
351.3
351.3
351.3
351.3
351.3
351.3
351.3
351.3
351.3
351.3
351.3
351.3
351.3
351.3
351.3
351.3
351.3
351.3
351.3
351.3
351.3
351.3
351.3
351.3
351.3
351.3
351.3
351.3
351.3
351.3
351.3
351.3
351.3
351.3
351.3
351.3
351.3
351.3
351.3
351.3
351.3
351.3
351.3
351.3
351.3
351.3
351.3
351.3
351.3
351.3
351.3
351.3
351.3
351.3
351.3
351.3
351.3
351.3
351.3
351.3
351.3
351.3
351.3
351.3
351.3
351.3
351.3
351.3
351.3
351.3
351.3
351.3
351.3
351.3
351.3
351.3
351.3
351.3
351.3
351.3
351.3
351.3
351.3
351.3
351.3
351.3
351.3
351.3
351.3
351.3
351.3
351.3
351.3
351.3
351.3
351.3
351.3
351.3
351.3
351.3
351.3
351.3
351.3
351.3
351.3
351.3
351.3
351.3
351.3
351.3
351.3
351.3
351.3
351.3
351.3
351.3
351.3
351.3
351.3
351.3
351.3
351.3
351.3
351.3
351.3
351.3
351.3
351.3
351.3
351.3
351.3
351.4
351.4
351.4
351.4
351.4
351.4
351.4
351.4
351.4
351.4
351.4
351.4
351.4
351.4
351.4
351.4
351.4
351.4
351.4
351.4
351.4
351.4
351.4
351.4
351.4
351.4
351.4
351.4
351.4
351.4
351.4
351.4
351.4
351.4
351.4
351.4
351.4
351.4
351.4
351.4
351.4
351.4
351.4
351.4
351.4
351.4
351.4
351.4
351.4
351.4
351.4
351.4
351.4
351.4
351.4
351.4
351.4
351.4
351.4
351.4
351.4
351.4
351.4
351.4
351.4
351.4
351.4
351.4
351.4
351.4
351.4
351.4
351.4
351.4
351.4
351.4
351.4
351.4
351.4
351.4
351.4
351.4
351.4
351.4
351.4
351.4
351.4
351.4
351.4
351.4
351.4
351.4
351.4
351.4
351.4
351.4
351.4
351.4
351.4
351.4
351.4
351.4
351.4
351.4
351.4
351.4
351.4
351.4
351.4
351.4
351.4
351.4
351.4
351.4
351.4
351.4
351.4
351.4
351.4
351.4
351.4
351.4
351.4
351.4
351.4
351.4
351.4
351.4
351.4
351.4
351.4
351.4
351.4
351.4
351.4
351.4
351.4
351.4
351.4
351.4
351.4
351.4
351.4
351.4
351.4
351.4
351.4
351.4
351.4
351.4
351.4
351.4
351.4
351.4
351.4
351.4
351.4
351.4
351.4
351.4
351.4
351.4
351.4
351.4
351.4
351.4
351.4
351.4
351.4
351.4
351.4
351.4
351.4
351.4
351.4
351.4
351.4
351.4
351.4
351.4
351.4
351.4
351.4
351.4
351.4
351.4
351.4
351.4
351.4
351.4
351.4
351.4
351.4
351.4
351.4
351.4
351.4
351.4
351.4
351.4
351.4
351.4
351.4
351.4
351.4
351.4
351.4
351.4
351.4
351.4
351.5
351.5
351.5
351.5
351.5
351.5
351.5
351.5
351.5
351.5
351.5
351.5
351.5
351.5
351.5
351.5
351.5
351.5
351.5
351.5
351.5
351.5
351.5
351.5
351.5
351.5
351.5
351.5
351.5
351.5
351.5
351.5
351.5
351.5
351.5
351.5
351.5
351.5
351.5
351.5
351.5
351.5
351.5
351.5
351.5
351.5
351.5
351.5
351.5
351.5
351.5
351.5
351.5
351.5
351.5
351.5
351.5
351.5
351.5
351.5
351.5
351.5
351.5
351.5
351.5
351.5
351.5
351.5
351.5
351.5
351.5
351.5
351.5
351.5
351.5
351.5
351.5
351.5
351.5
351.5
351.5
351.5
351.5
351.5
351.5
351.5
351.5
351.5
351.5
351.5
351.5
351.5
351.5
351.5
351.5
351.5
351.5
351.5
351.5
351.5
351.5
351.5
351.5
351.5
351.5
351.5
351.5
351.5
351.5
351.5
351.5
351.5
351.5
351.5
351.5
351.5
351.5
351.5
351.5
351.5
351.5
351.5
351.5
351.5
351.5
351.5
351.5
351.5
351.5
351.5
351.5
351.5
351.5
351.5
351.5
351.5
351.5
351.5
351.5
351.5
351.5
351.6
351.6
351.6
351.6
351.6
351.6
351.6
351.6
351.6
351.6
351.6
351.6
351.6
351.6
351.6
351.6
351.6
351.6
351.6
351.6
351.6
351.6
351.6
351.6
351.6
351.6
351.6
351.6
351.6
351.6
351.6
351.6
351.6
351.6
351.6
351.6
351.6
351.6
351.6
351.6
351.6
351.6
351.6
351.6
351.6
351.6
351.6
351.6
351.6
351.6
351.6
351.6
351.6
351.6
351.6
351.6
351.6
351.6
351.6
351.6
351.6
351.6
351.6
351.6
351.6
351.6
351.6
351.6
351.6
351.6
351.6
351.7
351.7
351.7
351.7
351.7
351.7
351.7
351.7
351.7
351.7
351.7
351.7
351.7
351.7
351.7
351.7
351.7
351.7
351.7
351.7
351.7
351.7
351.7
351.7
351.7
351.7
351.7
351.7
351.7
351.7
351.7
351.7
351.7
351.7
351.7
351.7
351.7
351.8
351.8
351.8
351.8
351.8
351.8
351.8
351.8
351.8
351.8
351.8
351.8
351.8
351.8
351.8
351.8
351.8
351.8
351.8
351.8
351.8
351.8
351.9
351.9
351.9
351.9
351.9
351.9
351.9
351.9
351.9
351.9
351.9
351.9
351.9
351.9
351.9
351.9
351.9
351.9
351.9
351.9
352.0
352.0
352.0
352.0
352.0
352.0
352.0
352.0
352.0
352.0
352.1
352.1
352.1
352.1
352.1
352.1
352.1
352.1
352.1
352.1
352.1
352.1
352.1
352.1
352.1
352.2
352.2
352.2
352.2
352.2
352.2
352.3
352.3
352.3
352.3
352.3
352.3
352.3
352.3
352.4
352.4
352.4
352.4
352.4
352.4
352.4
352.4
352.4
352.5
352.5
352.5
352.5
352.5
352.5
352.5
352.5
352.5
352.5
352.6
352.6
352.6
352.6
352.6
352.6
352.6
352.7
352.7
352.7
352.8
352.8
352.8
352.8
352.8
352.9
352.9
353.0
353.0
353.0
353.0
353.0
353.0
353.0
353.0
353.1
353.1
353.1
353.1
353.1
353.1
353.2
353.2
353.2
353.2
353.2
353.3
353.3
353.3
353.4
353.4
353.6
353.7
353.7
353.7
353.7
353.9
353.9
353.9
354.0
354.5
354.5
359.6
359.6
359.8
359.9
359.9
359.9
360.0
360.0
360.0
360.0
360.0
360.0
360.0
360.0
360.1
360.1
360.1
360.1
360.1
360.2
360.2
360.2
360.2
360.2
360.2
360.2
360.2
360.2
360.2
360.2
360.2
360.2
360.3
360.3
360.3
360.3
360.3
360.3
360.3
360.3
360.3
360.3
360.3
360.3
360.4
360.4
360.4
360.4
360.4
360.4
360.4
360.4
360.4
360.4
360.4
360.4
360.4
360.4
360.4
360.4
360.4
360.4
360.4
360.4
360.4
360.4
360.5
360.5
360.5
360.5
360.5
360.5
360.5
360.5
360.5
360.5
360.5
360.5
360.5
360.5
360.5
360.5
360.5
360.5
360.5
360.5
360.5
360.5
360.5
360.5
360.5
360.6
360.6
360.6
360.6
360.6
360.6
360.6
360.6
360.6
360.6
360.6
360.6
360.6
360.6
360.6
360.6
360.6
360.6
360.6
360.6
360.6
360.6
360.6
360.6
360.6
360.6
360.6
360.6
360.6
360.6
360.7
360.7
360.7
360.7
360.7
360.7
360.7
360.7
360.7
360.7
360.7
360.7
360.7
360.7
360.7
360.7
360.7
360.7
360.7
360.7
360.7
360.7
360.7
360.7
360.7
360.7
360.7
360.7
360.7
360.7
360.7
360.7
360.7
360.7
360.7
360.8
360.8
360.8
360.8
360.8
360.8
360.8
360.8
360.8
360.8
360.8
360.8
360.8
360.8
360.8
360.8
360.8
360.8
360.8
360.8
360.8
360.8
360.8
360.8
360.8
360.8
360.8
360.8
360.8
360.8
360.8
360.8
360.8
360.8
360.8
360.8
360.8
360.8
360.8
360.8
360.8
360.8
360.8
360.8
360.8
360.8
360.8
360.9
360.9
360.9
360.9
360.9
360.9
360.9
360.9
360.9
360.9
360.9
360.9
360.9
360.9
360.9
360.9
360.9
360.9
360.9
360.9
360.9
360.9
360.9
360.9
360.9
360.9
360.9
360.9
360.9
360.9
360.9
360.9
360.9
360.9
360.9
360.9
360.9
360.9
360.9
360.9
360.9
360.9
360.9
360.9
360.9
361.0
361.0
361.0
361.0
361.0
361.0
361.0
361.0
361.0
361.0
361.0
361.0
361.0
361.0
361.0
361.0
361.0
361.0
361.0
361.0
361.0
361.0
361.0
361.0
361.0
361.0
361.0
361.0
361.0
361.0
361.0
361.0
361.0
361.0
361.0
361.0
361.0
361.0
361.0
361.0
361.0
361.0
361.0
361.0
361.1
361.1
361.1
361.1
361.1
361.1
361.1
361.1
361.1
361.1
361.1
361.1
361.1
361.1
361.1
361.1
361.1
361.1
361.1
361.1
361.1
361.1
361.1
361.1
361.1
361.1
361.1
361.1
361.1
361.1
361.1
361.1
361.1
361.1
361.1
361.1
361.1
361.1
361.1
361.1
361.1
361.1
361.1
361.1
361.1
361.1
361.1
361.1
361.1
361.1
361.1
361.1
361.1
361.1
361.1
361.1
361.2
361.2
361.2
361.2
361.2
361.2
361.2
361.2
361.2
361.2
361.2
361.2
361.2
361.2
361.2
361.2
361.2
361.2
361.2
361.2
361.2
361.2
361.2
361.2
361.2
361.2
361.2
361.2
361.2
361.2
361.2
361.2
361.2
361.2
361.2
361.2
361.2
361.2
361.2
361.2
361.2
361.2
361.2
361.2
361.2
361.2
361.2
361.3
361.3
361.3
361.3
361.3
361.3
361.3
361.3
361.3
361.3
361.3
361.3
361.3
361.3
361.3
361.3
361.3
361.3
361.3
361.3
361.3
361.3
361.3
361.3
361.3
361.3
361.3
361.3
361.3
361.3
361.3
361.3
361.3
361.3
361.3
361.3
361.3
361.3
361.3
361.3
361.3
361.3
361.3
361.3
361.3
361.3
361.3
361.3
361.3
361.3
361.3
361.3
361.3
361.3
361.3
361.3
361.3
361.3
361.3
361.3
361.4
361.4
361.4
361.4
361.4
361.4
361.4
361.4
361.4
361.4
361.4
361.4
361.4
361.4
361.4
361.4
361.4
361.4
361.4
361.4
361.4
361.4
361.4
361.4
361.4
361.4
361.4
361.4
361.4
361.4
361.4
361.4
361.4
361.4
361.4
361.4
361.4
361.4
361.4
361.4
361.4
361.4
361.4
361.4
361.4
361.4
361.4
361.4
361.4
361.4
361.5
361.5
361.5
361.5
361.5
361.5
361.5
361.5
361.5
361.5
361.5
361.5
361.5
361.5
361.5
361.5
361.5
361.5
361.5
361.5
361.5
361.5
361.5
361.5
361.5
361.5
361.5
361.5
361.5
361.5
361.5
361.5
361.5
361.5
361.5
361.5
361.5
361.5
361.5
361.5
361.5
361.5
361.5
361.5
361.5
361.5
361.6
361.6
361.6
361.6
361.6
361.6
361.6
361.6
361.6
361.6
361.6
361.6
361.6
361.6
361.6
361.6
361.6
361.6
361.6
361.6
361.6
361.6
361.6
361.6
361.6
361.6
361.6
361.6
361.6
361.6
361.6
361.6
361.6
361.6
361.6
361.6
361.6
361.6
361.6
361.7
361.7
361.7
361.7
361.7
361.7
361.7
361.7
361.7
361.7
361.7
361.7
361.7
361.7
361.7
361.7
361.7
361.7
361.7
361.7
361.7
361.7
361.7
361.7
361.7
361.7
361.7
361.7
361.7
361.7
361.7
361.7
361.7
361.7
361.8
361.8
361.8
361.8
361.8
361.8
361.8
361.8
361.8
361.8
361.8
361.8
361.8
361.8
361.8
361.8
361.8
361.8
361.8
361.8
361.8
361.8
361.8
361.8
361.8
361.8
361.8
361.8
361.9
361.9
361.9
361.9
361.9
361.9
361.9
361.9
361.9
361.9
361.9
361.9
361.9
361.9
361.9
361.9
361.9
361.9
361.9
361.9
361.9
361.9
361.9
361.9
361.9
361.9
361.9
361.9
361.9
361.9
361.9
361.9
362.0
362.0
362.0
362.0
362.0
362.0
362.0
362.0
362.0
362.0
362.0
362.0
362.0
362.0
362.0
362.0
362.0
362.0
362.0
362.0
362.0
362.0
362.0
362.0
362.0
362.0
362.1
362.1
362.1
362.1
362.1
362.1
362.1
362.1
362.1
362.1
362.1
362.1
362.1
362.1
362.1
362.1
362.1
362.1
362.1
362.1
362.1
362.2
362.2
362.2
362.2
362.2
362.2
362.2
362.2
362.2
362.2
362.2
362.2
362.2
362.2
362.2
362.2
362.2
362.2
362.3
362.3
362.3
362.3
362.3
362.3
362.3
362.3
362.3
362.3
362.3
362.3
362.3
362.4
362.4
362.4
362.4
362.4
362.4
362.4
362.4
362.4
362.4
362.4
362.4
362.4
362.4
362.5
362.5
362.5
362.5
362.5
362.5
362.5
362.5
362.5
362.5
362.5
362.6
362.6
362.6
362.6
362.6
362.7
362.7
362.7
362.7
362.7
362.7
362.7
362.7
362.7
362.7
362.7
362.7
362.8
362.8
362.8
362.8
362.8
362.8
362.8
362.8
362.8
362.8
362.9
362.9
362.9
362.9
362.9
362.9
363.0
363.0
363.0
363.0
363.1
363.1
363.1
363.1
363.1
363.1
363.1
363.2
363.2
363.2
363.2
363.2
363.3
363.3
363.3
363.3
363.3
363.3
363.4
363.4
363.4
363.4
363.4
363.5
363.5
363.5
363.6
363.6
363.6
363.6
363.6
363.6
363.6
363.6
363.6
363.7
363.7
363.7
363.7
363.8
363.8
363.8
363.9
363.9
364.0
364.0
364.0
364.0
364.0
364.1
364.1
364.1
364.2
364.2
364.2
364.3
364.3
364.3
364.4
364.4
364.5
364.5
364.6
364.6
364.6
364.6
364.7
364.8
364.8
364.8
364.8
365.1
365.1
365.1
365.2
365.2
365.3
365.4
365.4
365.4
365.4
365.4
365.4
365.6
365.6
365.6
365.6
365.7
365.7
365.7
365.8
365.8
365.8
365.9
366.0
366.1
366.2
366.3
366.9
366.9
367.0
367.0
367.1
367.2
367.2
367.3
367.3
367.3
367.4
367.5
367.5
367.7
367.8
367.8
367.9
367.9
368.1
368.1
368.2
368.2
368.2
368.3
368.4
368.6
368.7
368.9
369.0
369.1
369.2
369.3
369.4
369.4
369.5
369.7
369.9
369.9
370.1
370.5
370.6
370.7
370.8
370.9
371.0
371.2
371.3
371.4
371.5
371.8
371.9
372.0
372.2
372.6
372.6
372.7
373.3
373.5
373.6
373.8
373.9
374.4
374.4
374.9
375.6
375.8
376.0
376.1
376.5
377.5
377.8
378.0
378.7
379.2
379.2
380.2
380.2
380.7
381.3
381.7
381.8
381.8
382.0
382.1
382.2
382.2
382.3
382.3
382.4
382.4
382.5
382.8
383.0
383.0
383.3
383.3
383.5
383.7
384.4
384.5
384.6
384.6
384.6
385.1
385.2
385.2
385.5
385.6
385.8
385.8
386.0
386.0
386.1
386.7
386.9
386.9
387.4
387.8
388.0
388.1
388.5
388.6
388.6
389.0
389.2
389.4
389.7
389.9
389.9
391.2
391.2
391.5
392.0
392.2
392.5
392.7
392.9
393.8
394.4
394.5
395.1
395.1
395.5
395.5
395.5
396.1
396.4
396.8
396.9
396.9
397.1
397.3
397.7
398.8
399.1
399.5
400.7
400.8
401.0
401.1
401.7
401.8
401.8
402.0
402.8
402.9
403.1
403.4
403.5
403.9
405.1
405.1
410.1
410.2
410.7
411.6
413.5
414.2
416.5
417.7
418.1
509.1
509.1
509.2
509.2
509.2
509.2
509.2
509.2
509.2
509.2
509.2
509.3
509.3
509.3
509.3
509.3
509.3
509.3
509.3
509.3
509.3
509.3
509.3
509.3
509.3
509.3
509.3
509.3
509.3
509.3
509.3
509.3
509.3
509.3
509.3
509.3
509.3
509.3
509.3
509.3
509.3
509.3
509.3
509.3
509.3
509.3
509.3
509.3
509.3
509.3
509.3
509.3
509.3
509.3
509.3
509.3
509.3
509.3
509.3
509.3
509.3
509.3
509.3
509.3
509.3
509.3
509.3
509.3
509.3
509.3
509.3
509.3
509.4
509.4
509.4
509.4
509.4
509.4
509.4
509.4
509.4
509.4
509.4
509.4
509.4
509.4
509.4
509.4
509.4
509.4
509.4
509.4
509.4
509.4
509.4
509.4
509.4
509.4
509.4
509.4
509.4
509.4
509.4
509.4
509.4
509.4
509.4
509.4
509.4
509.4
509.4
509.4
509.4
509.4
509.4
509.4
509.4
509.4
509.4
509.4
509.4
509.4
509.4
509.4
509.4
509.4
509.4
509.4
509.4
509.4
509.4
509.4
509.4
509.4
509.4
509.4
509.4
509.4
509.4
509.4
509.4
509.4
509.4
509.4
509.4
509.4
509.4
509.4
509.4
509.4
509.4
509.4
509.4
509.4
509.4
509.4
509.4
509.4
509.4
509.4
509.4
509.4
509.4
509.4
509.4
509.4
509.4
509.4
509.4
509.4
509.4
509.4
509.4
509.4
509.4
509.4
509.4
509.4
509.4
509.4
509.4
509.4
509.4
509.4
509.4
509.4
509.4
509.4
509.4
509.4
509.4
509.4
509.4
509.4
509.4
509.4
509.4
509.4
509.4
509.4
509.4
509.4
509.4
509.4
509.4
509.4
509.4
509.4
509.4
509.4
509.4
509.4
509.4
509.4
509.4
509.4
509.4
509.4
509.4
509.4
509.4
509.4
509.4
509.4
509.4
509.4
509.4
509.4
509.4
509.4
509.4
509.4
509.4
509.4
509.4
509.4
509.4
509.4
509.4
509.4
509.4
509.4
509.5
509.5
509.5
509.5
509.5
509.5
509.5
509.5
509.5
509.5
509.5
509.5
509.5
509.5
509.5
509.5
509.5
509.5
509.5
509.5
509.5
509.5
509.5
509.5
509.5
509.5
509.5
509.5
509.5
509.5
509.5
509.5
509.5
509.5
509.5
509.5
509.5
509.5
509.5
509.5
509.5
509.5
509.5
509.5
509.5
509.5
509.5
509.5
509.5
509.5
509.5
509.5
509.5
509.5
509.5
509.5
509.5
509.5
509.5
509.5
509.5
509.5
509.5
509.5
509.5
509.5
509.5
509.5
509.5
509.5
509.5
509.5
509.5
509.5
509.5
509.5
509.5
509.5
509.5
509.5
509.5
509.5
509.5
509.5
509.5
509.5
509.5
509.5
509.5
509.5
509.5
509.5
509.5
509.5
509.5
509.5
509.5
509.5
509.5
509.5
509.5
509.5
509.5
509.5
509.5
509.5
509.5
509.5
509.5
509.5
509.5
509.5
509.5
509.5
509.5
509.5
509.5
509.5
509.5
509.5
509.5
509.5
509.5
509.5
509.5
509.5
509.5
509.5
509.5
509.5
509.5
509.5
509.5
509.5
509.5
509.5
509.5
509.5
509.5
509.5
509.5
509.5
509.5
509.5
509.5
509.5
509.5
509.5
509.5
509.5
509.5
509.5
509.5
509.5
509.5
509.5
509.5
509.5
509.5
509.5
509.5
509.5
509.5
509.5
509.5
509.5
509.5
509.5
509.5
509.5
509.5
509.5
509.5
509.5
509.5
509.5
509.5
509.5
509.5
509.5
509.5
509.5
509.5
509.5
509.5
509.5
509.5
509.5
509.5
509.5
509.5
509.5
509.5
509.5
509.5
509.5
509.5
509.5
509.5
509.5
509.5
509.5
509.5
509.5
509.5
509.5
509.5
509.5
509.5
509.5
509.5
509.5
509.5
509.5
509.5
509.5
509.5
509.5
509.5
509.5
509.5
509.5
509.5
509.5
509.5
509.5
509.5
509.5
509.5
509.5
509.5
509.5
509.6
509.6
509.6
509.6
509.6
509.6
509.6
509.6
509.6
509.6
509.6
509.6
509.6
509.6
509.6
509.6
509.6
509.6
509.6
509.6
509.6
509.6
509.6
509.6
509.6
509.6
509.6
509.6
509.6
509.6
509.6
509.6
509.6
509.6
509.6
509.6
509.6
509.6
509.6
509.6
509.6
509.6
509.6
509.6
509.6
509.6
509.6
509.6
509.6
509.6
509.6
509.6
509.6
509.6
509.6
509.6
509.6
509.6
509.6
509.6
509.6
509.6
509.6
509.6
509.6
509.6
509.6
509.6
509.6
509.6
509.6
509.6
509.6
509.6
509.6
509.6
509.6
509.6
509.6
509.6
509.6
509.6
509.6
509.6
509.6
509.6
509.6
509.6
509.6
509.6
509.6
509.6
509.6
509.6
509.6
509.6
509.6
509.6
509.6
509.6
509.6
509.6
509.6
509.6
509.6
509.6
509.6
509.6
509.6
509.6
509.6
509.6
509.6
509.6
509.6
509.6
509.6
509.6
509.6
509.6
509.6
509.6
509.6
509.6
509.6
509.6
509.6
509.6
509.6
509.6
509.6
509.6
509.6
509.6
509.6
509.6
509.6
509.6
509.6
509.6
509.6
509.6
509.6
509.6
509.6
509.6
509.6
509.6
509.6
509.6
509.6
509.6
509.6
509.6
509.6
509.6
509.6
509.6
509.6
509.6
509.6
509.6
509.6
509.6
509.6
509.6
509.6
509.6
509.6
509.6
509.6
509.6
509.6
509.6
509.6
509.6
509.6
509.6
509.6
509.6
509.6
509.6
509.7
509.7
509.7
509.7
509.7
509.7
509.7
509.7
509.7
509.7
509.7
509.7
509.7
509.7
509.7
509.7
509.7
509.7
509.7
509.7
509.7
509.7
509.7
509.7
509.7
509.7
509.7
509.7
509.7
509.7
509.7
509.7
509.7
509.7
509.7
509.7
509.7
509.7
509.7
509.7
509.7
509.7
509.7
509.7
509.7
509.7
509.7
509.7
509.7
509.7
509.7
509.7
509.7
509.7
509.7
509.7
509.7
509.7
509.7
509.7
509.7
509.7
509.7
509.7
509.7
509.7
509.7
509.7
509.7
509.7
509.7
509.7
509.7
509.7
509.7
509.7
509.7
509.7
509.7
509.7
509.7
509.7
509.7
509.7
509.7
509.7
509.7
509.7
509.7
509.7
509.7
509.7
509.7
509.7
509.7
509.7
509.7
509.7
509.7
509.7
509.7
509.7
509.7
509.7
509.7
509.7
509.7
509.7
509.7
509.7
509.7
509.7
509.7
509.7
509.7
509.7
509.7
509.7
509.7
509.8
509.8
509.8
509.8
509.8
509.8
509.8
509.8
509.8
509.8
509.8
509.8
509.8
509.8
509.8
509.8
509.8
509.8
509.8
509.8
509.8
509.8
509.8
509.8
509.8
509.8
509.8
509.8
509.8
509.8
509.8
509.8
509.8
509.8
509.8
509.8
509.8
509.8
509.8
509.8
509.8
509.8
509.8
509.8
509.8
509.8
509.8
509.8
509.8
509.8
509.8
509.8
509.8
509.8
509.8
509.8
509.9
509.9
509.9
509.9
509.9
509.9
509.9
509.9
509.9
509.9
509.9
509.9
509.9
509.9
509.9
509.9
509.9
509.9
509.9
509.9
509.9
509.9
509.9
509.9
509.9
509.9
510.0
510.0
510.0
510.0
510.0
510.0
510.0
510.0
510.0
510.0
510.0
510.0
510.0
510.0
510.0
510.0
510.0
510.0
510.1
510.1
510.1
510.1
510.1
510.1
510.1
510.1
510.1
510.1
510.1
510.1
510.1
510.1
510.1
510.1
510.2
510.2
510.2
510.2
510.2
510.2
510.2
510.2
510.2
510.2
510.2
510.2
510.2
510.3
510.3
510.3
510.3
510.3
510.3
510.3
510.3
510.3
510.3
510.3
510.3
510.3
510.4
510.4
510.4
510.4
510.4
510.4
510.4
510.5
510.5
510.5
510.5
510.5
510.5
510.5
510.5
510.5
510.5
510.6
510.6
510.6
510.6
510.6
510.6
510.6
510.7
510.7
510.7
510.7
510.7
510.7
510.7
510.7
510.7
510.7
510.8
510.8
510.8
510.8
510.8
510.8
510.9
510.9
510.9
511.0
511.0
511.0
511.0
511.0
511.1
511.1
511.1
511.1
511.2
511.2
511.2
511.2
511.2
511.3
511.3
511.3
511.3
511.3
511.3
511.3
511.3
511.4
511.4
511.4
511.5
511.5
511.6
511.7
511.7
511.8
511.9
511.9
511.9
512.0
512.0
512.1
512.1
512.7
512.8
518.4
518.4
518.7
518.8
518.8
518.8
518.9
518.9
518.9
519.0
519.0
519.0
519.0
519.0
519.0
519.1
519.1
519.1
519.1
519.2
519.2
519.2
519.2
519.2
519.2
519.2
519.3
519.3
519.3
519.3
519.3
519.3
519.3
519.3
519.4
519.4
519.4
519.4
519.4
519.4
519.4
519.4
519.4
519.4
519.4
519.4
519.4
519.4
519.4
519.4
519.5
519.5
519.5
519.5
519.5
519.5
519.5
519.6
519.6
519.6
519.6
519.6
519.6
519.6
519.6
519.6
519.6
519.6
519.6
519.6
519.6
519.6
519.6
519.6
519.6
519.6
519.6
519.6
519.6
519.6
519.6
519.7
519.7
519.7
519.7
519.7
519.7
519.7
519.7
519.7
519.7
519.7
519.7
519.7
519.7
519.7
519.7
519.7
519.8
519.8
519.8
519.8
519.8
519.8
519.8
519.8
519.8
519.8
519.8
519.8
519.8
519.8
519.8
519.8
519.8
519.8
519.8
519.8
519.8
519.8
519.8
519.8
519.8
519.8
519.8
519.8
519.8
519.8
519.8
519.9
519.9
519.9
519.9
519.9
519.9
519.9
519.9
519.9
519.9
519.9
519.9
519.9
519.9
519.9
519.9
519.9
519.9
519.9
519.9
519.9
519.9
519.9
519.9
519.9
519.9
519.9
519.9
519.9
519.9
519.9
519.9
519.9
519.9
519.9
519.9
519.9
520.0
520.0
520.0
520.0
520.0
520.0
520.0
520.0
520.0
520.0
520.0
520.0
520.0
520.0
520.0
520.0
520.0
520.0
520.0
520.0
520.0
520.0
520.0
520.0
520.0
520.0
520.0
520.0
520.0
520.0
520.0
520.0
520.1
520.1
520.1
520.1
520.1
520.1
520.1
520.1
520.1
520.1
520.1
520.1
520.1
520.1
520.1
520.1
520.1
520.1
520.1
520.1
520.1
520.1
520.1
520.1
520.1
520.1
520.1
520.1
520.1
520.1
520.1
520.1
520.1
520.1
520.1
520.1
520.1
520.1
520.1
520.1
520.1
520.1
520.1
520.2
520.2
520.2
520.2
520.2
520.2
520.2
520.2
520.2
520.2
520.2
520.2
520.2
520.2
520.2
520.2
520.2
520.2
520.2
520.2
520.2
520.2
520.2
520.2
520.2
520.2
520.2
520.2
520.2
520.2
520.2
520.2
520.2
520.2
520.2
520.2
520.2
520.2
520.2
520.2
520.2
520.3
520.3
520.3
520.3
520.3
520.3
520.3
520.3
520.3
520.3
520.3
520.3
520.3
520.3
520.3
520.3
520.3
520.3
520.3
520.3
520.3
520.3
520.3
520.3
520.3
520.3
520.3
520.3
520.3
520.3
520.3
520.3
520.3
520.3
520.3
520.3
520.3
520.3
520.3
520.4
520.4
520.4
520.4
520.4
520.4
520.4
520.4
520.4
520.4
520.4
520.4
520.4
520.4
520.4
520.4
520.4
520.4
520.4
520.4
520.4
520.4
520.4
520.4
520.4
520.4
520.4
520.4
520.4
520.4
520.4
520.5
520.5
520.5
520.5
520.5
520.5
520.5
520.5
520.5
520.5
520.5
520.5
520.5
520.5
520.5
520.5
520.5
520.5
520.5
520.5
520.5
520.5
520.5
520.5
520.5
520.5
520.5
520.5
520.5
520.5
520.5
520.5
520.5
520.5
520.5
520.5
520.5
520.5
520.5
520.6
520.6
520.6
520.6
520.6
520.6
520.6
520.6
520.6
520.6
520.6
520.6
520.6
520.6
520.6
520.6
520.6
520.6
520.6
520.6
520.6
520.6
520.6
520.6
520.6
520.6
520.6
520.6
520.6
520.6
520.6
520.6
520.6
520.6
520.7
520.7
520.7
520.7
520.7
520.7
520.7
520.7
520.7
520.7
520.7
520.7
520.7
520.7
520.7
520.7
520.7
520.7
520.7
520.7
520.7
520.7
520.7
520.7
520.7
520.7
520.7
520.7
520.7
520.7
520.7
520.7
520.7
520.7
520.7
520.7
520.8
520.8
520.8
520.8
520.8
520.8
520.8
520.8
520.8
520.8
520.8
520.8
520.8
520.8
520.8
520.8
520.8
520.8
520.8
520.8
520.8
520.8
520.8
520.8
520.8
520.8
520.8
520.8
520.8
520.8
520.8
520.8
520.8
520.8
520.8
520.8
520.8
520.8
520.8
520.8
520.9
520.9
520.9
520.9
520.9
520.9
520.9
520.9
520.9
520.9
520.9
520.9
520.9
520.9
520.9
520.9
520.9
520.9
520.9
520.9
520.9
520.9
520.9
520.9
520.9
520.9
520.9
520.9
520.9
520.9
520.9
520.9
520.9
520.9
520.9
520.9
520.9
520.9
521.0
521.0
521.0
521.0
521.0
521.0
521.0
521.0
521.0
521.0
521.0
521.0
521.0
521.0
521.0
521.0
521.0
521.0
521.0
521.0
521.0
521.0
521.0
521.0
521.0
521.0
521.0
521.0
521.0
521.0
521.0
521.0
521.0
521.0
521.0
521.1
521.1
521.1
521.1
521.1
521.1
521.1
521.1
521.1
521.1
521.1
521.1
521.1
521.1
521.1
521.1
521.1
521.1
521.1
521.1
521.2
521.2
521.2
521.2
521.2
521.2
521.2
521.2
521.2
521.2
521.2
521.2
521.2
521.2
521.2
521.2
521.2
521.2
521.2
521.2
521.2
521.2
521.2
521.2
521.2
521.2
521.2
521.2
521.2
521.2
521.2
521.2
521.2
521.2
521.3
521.3
521.3
521.3
521.3
521.3
521.3
521.3
521.3
521.3
521.3
521.3
521.3
521.3
521.3
521.3
521.3
521.3
521.3
521.3
521.3
521.3
521.3
521.3
521.3
521.3
521.3
521.3
521.3
521.3
521.4
521.4
521.4
521.4
521.4
521.4
521.4
521.4
521.4
521.4
521.4
521.4
521.4
521.4
521.4
521.4
521.4
521.4
521.4
521.4
521.4
521.4
521.4
521.4
521.5
521.5
521.5
521.5
521.5
521.5
521.5
521.5
521.5
521.5
521.5
521.5
521.5
521.5
521.5
521.5
521.5
521.5
521.5
521.5
521.6
521.6
521.6
521.6
521.6
521.6
521.6
521.6
521.6
521.6
521.6
521.6
521.6
521.6
521.6
521.6
521.6
521.6
521.6
521.6
521.6
521.6
521.7
521.7
521.7
521.7
521.7
521.7
521.7
521.7
521.7
521.7
521.7
521.7
521.7
521.7
521.7
521.7
521.7
521.7
521.7
521.7
521.7
521.8
521.8
521.8
521.8
521.8
521.8
521.8
521.8
521.8
521.8
521.8
521.8
521.8
521.8
521.8
521.8
521.8
521.8
521.8
521.8
521.9
521.9
521.9
521.9
521.9
521.9
521.9
521.9
521.9
521.9
521.9
521.9
522.0
522.0
522.0
522.0
522.0
522.0
522.0
522.1
522.1
522.1
522.1
522.1
522.1
522.1
522.1
522.2
522.2
522.2
522.2
522.2
522.2
522.3
522.3
522.3
522.3
522.3
522.3
522.3
522.3
522.3
522.3
522.3
522.3
522.3
522.4
522.5
522.5
522.5
522.5
522.5
522.5
522.5
522.5
522.6
522.6
522.6
522.6
522.6
522.6
522.7
522.7
522.7
522.7
522.7
522.7
522.8
522.8
522.8
522.9
522.9
522.9
522.9
522.9
523.0
523.0
523.0
523.1
523.1
523.1
523.1
523.1
523.1
523.1
523.1
523.1
523.2
523.2
523.3
523.3
523.4
523.4
523.4
523.4
523.5
523.5
523.5
523.6
523.6
523.7
523.7
523.7
523.7
523.7
523.7
523.7
523.8
523.8
523.9
523.9
523.9
524.0
524.0
524.0
524.0
524.1
524.2
524.2
524.4
524.4
524.5
524.5
524.8
524.8
524.9
524.9
525.0
525.0
525.0
525.0
525.1
525.2
525.2
525.3
525.3
525.4
525.5
525.6
525.6
525.6
525.6
525.7
525.8
525.8
525.9
526.0
526.0
526.1
526.1
526.2
526.2
526.2
526.3
526.4
526.4
526.7
526.8
527.0
527.1
527.2
527.2
527.3
527.3
527.5
527.5
527.7
527.7
527.9
528.0
528.1
528.2
528.2
528.4
528.6
528.7
528.7
528.8
528.9
529.1
529.1
529.1
529.1
529.2
529.2
529.6
529.9
530.0
530.0
530.5
530.9
531.0
531.6
531.6
531.7
531.9
532.2
532.5
532.8
533.3
533.4
533.5
533.8
534.0
534.3
534.6
534.9
535.1
535.5
535.7
535.7
536.0
536.4
537.5
538.0
538.0
538.4
538.4
539.3
540.4
541.8
541.9
542.0
543.9
544.9
546.9
547.7
548.2
548.5
553.9
560.7
576.6
667.2
667.2
667.3
667.3
667.3
667.3
667.3
667.3
667.3
667.3
667.3
667.3
667.3
667.3
667.3
667.3
667.3
667.3
667.3
667.3
667.3
667.3
667.3
667.3
667.3
667.3
667.3
667.3
667.3
667.3
667.3
667.3
667.4
667.4
667.4
667.4
667.4
667.4
667.4
667.4
667.4
667.4
667.4
667.4
667.4
667.4
667.4
667.4
667.4
667.4
667.4
667.4
667.4
667.4
667.4
667.4
667.4
667.4
667.4
667.4
667.4
667.4
667.4
667.4
667.4
667.4
667.4
667.4
667.4
667.4
667.4
667.4
667.4
667.4
667.4
667.4
667.4
667.4
667.4
667.4
667.4
667.4
667.4
667.4
667.4
667.4
667.4
667.4
667.5
667.5
667.5
667.5
667.5
667.5
667.5
667.5
667.5
667.5
667.5
667.5
667.5
667.5
667.5
667.5
667.5
667.5
667.5
667.5
667.5
667.5
667.5
667.5
667.5
667.5
667.5
667.5
667.5
667.5
667.5
667.5
667.5
667.5
667.5
667.5
667.5
667.5
667.5
667.5
667.5
667.5
667.5
667.5
667.5
667.5
667.5
667.5
667.5
667.5
667.5
667.5
667.5
667.5
667.5
667.5
667.5
667.5
667.5
667.5
667.5
667.5
667.5
667.5
667.5
667.5
667.5
667.5
667.5
667.5
667.5
667.5
667.5
667.5
667.5
667.5
667.5
667.5
667.5
667.5
667.5
667.5
667.5
667.5
667.5
667.5
667.5
667.5
667.5
667.5
667.5
667.5
667.5
667.5
667.5
667.5
667.5
667.5
667.5
667.5
667.5
667.5
667.5
667.5
667.5
667.5
667.5
667.5
667.5
667.5
667.5
667.5
667.5
667.5
667.5
667.5
667.5
667.5
667.5
667.5
667.5
667.5
667.5
667.5
667.5
667.5
667.5
667.5
667.5
667.5
667.5
667.5
667.6
667.6
667.6
667.6
667.6
667.6
667.6
667.6
667.6
667.6
667.6
667.6
667.6
667.6
667.6
667.6
667.6
667.6
667.6
667.6
667.6
667.6
667.6
667.6
667.6
667.6
667.6
667.6
667.6
667.6
667.6
667.6
667.6
667.6
667.6
667.6
667.6
667.6
667.6
667.6
667.6
667.6
667.6
667.6
667.6
667.6
667.6
667.6
667.6
667.6
667.6
667.6
667.6
667.6
667.6
667.6
667.6
667.6
667.6
667.6
667.6
667.6
667.6
667.6
667.6
667.6
667.6
667.6
667.6
667.6
667.6
667.6
667.6
667.6
667.6
667.6
667.6
667.6
667.6
667.6
667.6
667.6
667.6
667.6
667.6
667.6
667.6
667.6
667.6
667.6
667.6
667.6
667.6
667.6
667.6
667.6
667.6
667.6
667.6
667.6
667.6
667.6
667.6
667.6
667.6
667.6
667.6
667.6
667.6
667.6
667.6
667.6
667.6
667.6
667.6
667.6
667.6
667.6
667.6
667.6
667.6
667.6
667.6
667.6
667.6
667.6
667.6
667.6
667.6
667.6
667.6
667.6
667.6
667.6
667.6
667.6
667.6
667.6
667.6
667.6
667.6
667.6
667.6
667.6
667.6
667.6
667.6
667.6
667.6
667.6
667.6
667.6
667.6
667.6
667.6
667.6
667.6
667.6
667.6
667.6
667.6
667.6
667.6
667.6
667.6
667.6
667.6
667.6
667.6
667.6
667.6
667.6
667.6
667.6
667.6
667.6
667.6
667.6
667.6
667.6
667.6
667.6
667.6
667.6
667.6
667.6
667.6
667.6
667.6
667.7
667.7
667.7
667.7
667.7
667.7
667.7
667.7
667.7
667.7
667.7
667.7
667.7
667.7
667.7
667.7
667.7
667.7
667.7
667.7
667.7
667.7
667.7
667.7
667.7
667.7
667.7
667.7
667.7
667.7
667.7
667.7
667.7
667.7
667.7
667.7
667.7
667.7
667.7
667.7
667.7
667.7
667.7
667.7
667.7
667.7
667.7
667.7
667.7
667.7
667.7
667.7
667.7
667.7
667.7
667.7
667.7
667.7
667.7
667.7
667.7
667.7
667.7
667.7
667.7
667.7
667.7
667.7
667.7
667.7
667.7
667.7
667.7
667.7
667.7
667.7
667.7
667.7
667.7
667.7
667.7
667.7
667.7
667.7
667.7
667.7
667.7
667.7
667.7
667.7
667.7
667.7
667.7
667.7
667.7
667.7
667.7
667.7
667.7
667.7
667.7
667.7
667.7
667.7
667.7
667.7
667.7
667.7
667.7
667.7
667.7
667.7
667.7
667.7
667.7
667.7
667.7
667.7
667.7
667.7
667.7
667.7
667.7
667.7
667.7
667.7
667.7
667.7
667.7
667.7
667.7
667.7
667.7
667.7
667.7
667.7
667.7
667.7
667.7
667.7
667.7
667.7
667.7
667.7
667.7
667.7
667.7
667.7
667.7
667.7
667.7
667.7
667.7
667.7
667.7
667.7
667.7
667.7
667.7
667.7
667.7
667.7
667.7
667.7
667.7
667.7
667.7
667.7
667.7
667.7
667.7
667.7
667.7
667.7
667.7
667.7
667.7
667.7
667.7
667.7
667.7
667.7
667.7
667.7
667.7
667.7
667.7
667.7
667.7
667.7
667.7
667.7
667.7
667.7
667.7
667.7
667.7
667.7
667.7
667.7
667.7
667.7
667.7
667.7
667.7
667.8
667.8
667.8
667.8
667.8
667.8
667.8
667.8
667.8
667.8
667.8
667.8
667.8
667.8
667.8
667.8
667.8
667.8
667.8
667.8
667.8
667.8
667.8
667.8
667.8
667.8
667.8
667.8
667.8
667.8
667.8
667.8
667.8
667.8
667.8
667.8
667.8
667.8
667.8
667.8
667.8
667.8
667.8
667.8
667.8
667.8
667.8
667.8
667.8
667.8
667.8
667.8
667.8
667.8
667.8
667.8
667.8
667.8
667.8
667.8
667.8
667.8
667.8
667.8
667.8
667.8
667.8
667.8
667.8
667.8
667.8
667.8
667.8
667.8
667.8
667.8
667.8
667.8
667.8
667.8
667.8
667.8
667.8
667.8
667.8
667.8
667.8
667.8
667.8
667.8
667.8
667.8
667.8
667.8
667.8
667.8
667.8
667.8
667.8
667.8
667.8
667.8
667.8
667.8
667.8
667.8
667.8
667.8
667.8
667.8
667.8
667.8
667.8
667.8
667.8
667.8
667.8
667.8
667.8
667.8
667.8
667.8
667.8
667.8
667.8
667.8
667.8
667.8
667.8
667.8
667.8
667.8
667.8
667.8
667.8
667.8
667.8
667.9
667.9
667.9
667.9
667.9
667.9
667.9
667.9
667.9
667.9
667.9
667.9
667.9
667.9
667.9
667.9
667.9
667.9
667.9
667.9
667.9
667.9
667.9
667.9
667.9
667.9
667.9
667.9
667.9
667.9
667.9
667.9
667.9
667.9
667.9
667.9
667.9
667.9
667.9
667.9
667.9
667.9
667.9
667.9
667.9
667.9
667.9
667.9
667.9
667.9
667.9
667.9
667.9
667.9
667.9
667.9
667.9
667.9
667.9
667.9
667.9
667.9
667.9
667.9
667.9
667.9
667.9
667.9
667.9
667.9
667.9
667.9
667.9
667.9
667.9
667.9
667.9
667.9
667.9
667.9
668.0
668.0
668.0
668.0
668.0
668.0
668.0
668.0
668.0
668.0
668.0
668.0
668.0
668.0
668.0
668.0
668.0
668.0
668.0
668.0
668.0
668.0
668.0
668.0
668.0
668.0
668.0
668.0
668.0
668.0
668.0
668.0
668.1
668.1
668.1
668.1
668.1
668.1
668.1
668.1
668.1
668.1
668.1
668.1
668.1
668.1
668.1
668.1
668.1
668.1
668.1
668.1
668.1
668.2
668.2
668.2
668.2
668.2
668.2
668.2
668.2
668.2
668.2
668.2
668.2
668.2
668.2
668.2
668.3
668.3
668.3
668.3
668.3
668.3
668.3
668.3
668.3
668.3
668.3
668.3
668.3
668.3
668.3
668.4
668.4
668.4
668.4
668.4
668.4
668.4
668.4
668.5
668.5
668.5
668.5
668.5
668.6
668.6
668.6
668.6
668.6
668.6
668.6
668.6
668.6
668.6
668.6
668.7
668.7
668.7
668.7
668.7
668.7
668.7
668.7
668.7
668.8
668.8
668.8
668.8
668.8
668.8
668.8
668.9
668.9
668.9
668.9
669.0
669.0
669.0
669.0
669.0
669.1
669.1
669.1
669.1
669.2
669.2
669.2
669.2
669.2
669.2
669.2
669.3
669.3
669.3
669.3
669.4
669.4
669.4
669.4
669.4
669.4
669.5
669.5
669.5
669.5
669.5
669.6
669.8
669.9
670.0
670.0
670.0
670.1
670.1
670.2
670.6
670.6
675.8
675.8
675.9
676.0
676.0
676.0
676.0
676.1
676.1
676.1
676.1
676.1
676.1
676.1
676.2
676.2
676.2
676.2
676.2
676.3
676.3
676.3
676.3
676.3
676.3
676.3
676.3
676.3
676.3
676.4
676.4
676.4
676.4
676.4
676.4
676.4
676.4
676.4
676.4
676.4
676.4
676.4
676.5
676.5
676.5
676.5
676.5
676.5
676.5
676.5
676.5
676.5
676.6
676.6
676.6
676.6
676.6
676.6
676.6
676.6
676.6
676.6
676.6
676.6
676.6
676.6
676.7
676.7
676.7
676.7
676.7
676.7
676.7
676.7
676.7
676.7
676.7
676.7
676.7
676.7
676.7
676.7
676.7
676.7
676.7
676.7
676.8
676.8
676.8
676.8
676.8
676.8
676.8
676.8
676.8
676.8
676.8
676.8
676.8
676.8
676.8
676.8
676.8
676.8
676.8
676.8
676.8
676.8
676.8
676.8
676.8
676.8
676.8
676.9
676.9
676.9
676.9
676.9
676.9
676.9
676.9
676.9
676.9
676.9
676.9
676.9
676.9
676.9
676.9
676.9
676.9
676.9
676.9
676.9
676.9
676.9
676.9
676.9
676.9
676.9
676.9
676.9
676.9
676.9
677.0
677.0
677.0
677.0
677.0
677.0
677.0
677.0
677.0
677.0
677.0
677.0
677.0
677.0
677.0
677.0
677.0
677.0
677.0
677.0
677.0
677.0
677.0
677.0
677.0
677.0
677.0
677.0
677.0
677.0
677.0
677.0
677.0
677.0
677.1
677.1
677.1
677.1
677.1
677.1
677.1
677.1
677.1
677.1
677.1
677.1
677.1
677.1
677.1
677.1
677.1
677.1
677.1
677.1
677.1
677.1
677.1
677.1
677.1
677.1
677.1
677.1
677.1
677.1
677.1
677.1
677.1
677.1
677.1
677.1
677.1
677.1
677.1
677.2
677.2
677.2
677.2
677.2
677.2
677.2
677.2
677.2
677.2
677.2
677.2
677.2
677.2
677.2
677.2
677.2
677.2
677.2
677.2
677.2
677.2
677.2
677.2
677.2
677.2
677.2
677.2
677.2
677.2
677.2
677.2
677.2
677.2
677.2
677.2
677.2
677.2
677.2
677.2
677.2
677.2
677.2
677.2
677.2
677.3
677.3
677.3
677.3
677.3
677.3
677.3
677.3
677.3
677.3
677.3
677.3
677.3
677.3
677.3
677.3
677.3
677.3
677.3
677.3
677.3
677.3
677.3
677.3
677.3
677.3
677.3
677.3
677.3
677.3
677.3
677.3
677.3
677.3
677.3
677.3
677.3
677.3
677.3
677.3
677.3
677.3
677.3
677.4
677.4
677.4
677.4
677.4
677.4
677.4
677.4
677.4
677.4
677.4
677.4
677.4
677.4
677.4
677.4
677.4
677.4
677.4
677.4
677.4
677.4
677.4
677.4
677.4
677.4
677.4
677.4
677.4
677.4
677.4
677.4
677.4
677.4
677.4
677.4
677.4
677.4
677.4
677.5
677.5
677.5
677.5
677.5
677.5
677.5
677.5
677.5
677.5
677.5
677.5
677.5
677.5
677.5
677.5
677.5
677.5
677.5
677.5
677.5
677.5
677.5
677.5
677.5
677.5
677.5
677.5
677.5
677.5
677.5
677.5
677.5
677.5
677.5
677.5
677.5
677.5
677.5
677.5
677.5
677.5
677.6
677.6
677.6
677.6
677.6
677.6
677.6
677.6
677.6
677.6
677.6
677.6
677.6
677.6
677.6
677.6
677.6
677.6
677.6
677.6
677.6
677.6
677.6
677.6
677.6
677.6
677.6
677.6
677.6
677.6
677.6
677.6
677.6
677.6
677.6
677.6
677.6
677.6
677.6
677.6
677.6
677.6
677.6
677.6
677.6
677.6
677.7
677.7
677.7
677.7
677.7
677.7
677.7
677.7
677.7
677.7
677.7
677.7
677.7
677.7
677.7
677.7
677.7
677.7
677.7
677.7
677.7
677.7
677.7
677.7
677.7
677.7
677.7
677.7
677.7
677.7
677.7
677.7
677.7
677.7
677.7
677.7
677.7
677.7
677.7
677.7
677.7
677.7
677.7
677.7
677.7
677.7
677.8
677.8
677.8
677.8
677.8
677.8
677.8
677.8
677.8
677.8
677.8
677.8
677.8
677.8
677.8
677.8
677.8
677.8
677.8
677.8
677.8
677.8
677.8
677.8
677.8
677.8
677.8
677.8
677.8
677.8
677.8
677.8
677.8
677.8
677.8
677.8
677.8
677.8
677.8
677.8
677.8
677.8
677.8
677.8
677.8
677.8
677.8
677.8
677.9
677.9
677.9
677.9
677.9
677.9
677.9
677.9
677.9
677.9
677.9
677.9
677.9
677.9
677.9
677.9
677.9
677.9
677.9
677.9
677.9
677.9
677.9
677.9
677.9
677.9
677.9
677.9
677.9
677.9
678.0
678.0
678.0
678.0
678.0
678.0
678.0
678.0
678.0
678.0
678.0
678.0
678.0
678.0
678.0
678.0
678.0
678.0
678.0
678.0
678.0
678.0
678.0
678.0
678.0
678.0
678.0
678.0
678.0
678.0
678.0
678.0
678.0
678.0
678.0
678.0
678.0
678.0
678.1
678.1
678.1
678.1
678.1
678.1
678.1
678.1
678.1
678.1
678.1
678.1
678.1
678.1
678.1
678.1
678.1
678.1
678.1
678.1
678.1
678.1
678.1
678.1
678.1
678.1
678.1
678.1
678.1
678.1
678.1
678.2
678.2
678.2
678.2
678.2
678.2
678.2
678.2
678.2
678.2
678.2
678.2
678.2
678.2
678.2
678.2
678.2
678.2
678.2
678.2
678.2
678.2
678.2
678.2
678.2
678.3
678.3
678.3
678.3
678.3
678.3
678.3
678.3
678.3
678.3
678.3
678.3
678.3
678.3
678.3
678.3
678.3
678.3
678.3
678.3
678.3
678.3
678.3
678.3
678.3
678.3
678.3
678.3
678.4
678.4
678.4
678.4
678.4
678.4
678.4
678.4
678.4
678.4
678.4
678.4
678.4
678.4
678.4
678.4
678.4
678.4
678.4
678.4
678.4
678.4
678.4
678.4
678.4
678.5
678.5
678.5
678.5
678.5
678.5
678.5
678.5
678.5
678.5
678.5
678.5
678.5
678.6
678.6
678.6
678.6
678.6
678.6
678.6
678.6
678.6
678.6
678.6
678.6
678.6
678.6
678.6
678.6
678.6
678.6
678.6
678.6
678.6
678.6
678.7
678.7
678.7
678.7
678.7
678.7
678.7
678.7
678.7
678.7
678.7
678.7
678.7
678.7
678.7
678.7
678.7
678.7
678.8
678.8
678.8
678.8
678.8
678.8
678.8
678.8
678.8
678.9
678.9
678.9
678.9
678.9
678.9
678.9
678.9
678.9
678.9
678.9
678.9
678.9
678.9
679.0
679.0
679.0
679.0
679.0
679.0
679.0
679.0
679.0
679.0
679.0
679.1
679.1
679.1
679.1
679.1
679.1
679.1
679.1
679.2
679.2
679.2
679.2
679.2
679.2
679.2
679.3
679.3
679.3
679.3
679.3
679.3
679.3
679.3
679.3
679.3
679.3
679.3
679.4
679.4
679.4
679.5
679.5
679.5
679.5
679.5
679.5
679.6
679.6
679.6
679.6
679.6
679.6
679.7
679.7
679.7
679.7
679.8
679.8
679.8
679.8
679.8
679.8
679.9
679.9
679.9
679.9
680.0
680.0
680.0
680.0
680.1
680.1
680.1
680.2
680.2
680.2
680.2
680.3
680.3
680.3
680.3
680.3
680.4
680.4
680.4
680.4
680.5
680.5
680.6
680.7
680.7
680.7
680.7
680.8
680.8
680.9
680.9
680.9
680.9
680.9
681.0
681.0
681.1
681.1
681.3
681.3
681.3
681.3
681.3
681.4
681.4
681.6
681.6
681.8
681.8
681.9
682.0
682.1
682.1
682.2
682.2
682.2
682.3
682.4
682.7
682.7
682.7
682.7
682.7
682.8
682.8
682.8
682.9
682.9
682.9
683.0
683.0
683.0
683.2
683.3
683.3
683.5
684.0
684.2
684.2
684.3
684.4
684.4
684.6
684.7
684.8
684.8
684.9
685.0
685.1
685.2
685.2
685.2
685.2
685.2
685.2
685.8
686.0
686.0
686.2
686.3
686.4
686.5
686.5
686.6
686.7
686.8
687.1
687.1
687.2
687.4
687.5
687.5
687.6
687.6
687.8
688.1
688.3
688.4
688.7
688.7
688.9
689.0
689.1
689.4
689.8
690.2
690.2
690.6
690.7
690.9
691.6
691.6
691.9
692.0
692.1
692.1
692.3
692.4
693.1
693.5
693.7
693.9
694.0
694.0
694.1
694.3
694.5
695.0
695.1
695.3
695.6
695.7
696.0
696.3
696.4
696.8
696.9
696.9
697.0
697.2
697.2
697.3
697.4
697.4
697.5
697.6
697.6
697.7
697.8
698.1
698.2
698.2
698.3
698.4
698.5
698.7
698.7
698.7
698.9
699.0
699.1
699.3
699.3
699.4
699.4
699.5
699.6
699.6
699.7
699.8
699.8
699.8
699.9
699.9
699.9
700.0
700.1
700.1
700.2
700.2
700.2
700.2
700.3
700.3
700.4
700.4
700.4
700.5
700.6
700.6
700.7
700.7
700.8
700.9
701.1
701.3
701.3
701.4
701.5
701.5
701.6
701.7
701.8
701.9
701.9
701.9
702.1
702.3
702.3
702.4
702.5
702.5
702.6
702.6
702.7
702.9
702.9
703.0
703.2
703.2
703.2
703.3
703.5
703.6
703.7
703.8
703.8
703.8
704.1
704.1
704.2
704.2
704.3
704.3
704.4
704.4
704.4
704.6
704.7
704.8
704.8
704.8
704.8
704.8
705.0
705.0
705.0
705.3
705.3
705.3
705.3
705.4
705.4
705.5
705.6
705.6
705.7
705.7
705.7
705.8
705.8
705.8
705.8
706.3
706.3
706.6
706.6
706.7
706.7
706.8
706.9
706.9
706.9
707.3
707.4
707.5
707.5
707.5
707.6
707.7
708.3
708.3
708.4
708.7
708.7
708.7
708.7
708.8
708.9
709.0
709.0
709.0
709.1
709.2
709.3
709.3
709.5
709.5
709.6
709.7
709.7
710.2
710.2
710.2
710.2
710.2
710.3
710.6
710.6
710.7
711.0
711.2
711.6
712.3
712.4
713.1
713.2
713.4
713.4
713.5
713.8
714.1
714.4
714.5
715.0
715.0
715.1
715.1
715.3
715.7
716.2
716.4
716.6
716.9
716.9
717.6
718.0
718.4
718.4
718.9
719.6
721.2
721.8
723.1
723.7
724.3
727.2
728.2
728.7
825.9
825.9
826.0
826.0
826.0
826.0
826.0
826.0
826.0
826.0
826.0
826.0
826.0
826.0
826.0
826.0
826.0
826.0
826.0
826.1
826.1
826.1
826.1
826.1
826.1
826.1
826.1
826.1
826.1
826.1
826.1
826.1
826.1
826.1
826.1
826.1
826.1
826.1
826.1
826.1
826.1
826.1
826.1
826.1
826.1
826.1
826.1
826.1
826.1
826.1
826.1
826.1
826.1
826.1
826.1
826.1
826.1
826.1
826.1
826.1
826.1
826.1
826.1
826.1
826.1
826.1
826.1
826.1
826.1
826.1
826.1
826.1
826.1
826.1
826.1
826.1
826.1
826.1
826.1
826.1
826.1
826.1
826.1
826.1
826.1
826.1
826.1
826.1
826.1
826.1
826.1
826.1
826.1
826.1
826.1
826.1
826.2
826.2
826.2
826.2
826.2
826.2
826.2
826.2
826.2
826.2
826.2
826.2
826.2
826.2
826.2
826.2
826.2
826.2
826.2
826.2
826.2
826.2
826.2
826.2
826.2
826.2
826.2
826.2
826.2
826.2
826.2
826.2
826.2
826.2
826.2
826.2
826.2
826.2
826.2
826.2
826.2
826.2
826.2
826.2
826.2
826.2
826.2
826.2
826.2
826.2
826.2
826.2
826.2
826.2
826.2
826.2
826.2
826.2
826.2
826.2
826.2
826.2
826.2
826.2
826.2
826.2
826.2
826.2
826.2
826.2
826.2
826.2
826.2
826.2
826.2
826.2
826.2
826.2
826.2
826.2
826.2
826.2
826.2
826.2
826.2
826.2
826.2
826.2
826.2
826.2
826.2
826.2
826.2
826.2
826.2
826.2
826.2
826.2
826.2
826.2
826.2
826.2
826.2
826.2
826.2
826.2
826.2
826.2
826.2
826.2
826.2
826.2
826.2
826.2
826.2
826.2
826.2
826.2
826.2
826.2
826.2
826.2
826.2
826.2
826.2
826.2
826.2
826.2
826.2
826.2
826.2
826.2
826.2
826.2
826.2
826.2
826.2
826.2
826.2
826.2
826.2
826.2
826.2
826.2
826.2
826.2
826.2
826.2
826.2
826.2
826.2
826.2
826.2
826.2
826.2
826.2
826.2
826.2
826.2
826.2
826.2
826.2
826.2
826.2
826.2
826.2
826.2
826.2
826.2
826.2
826.2
826.3
826.3
826.3
826.3
826.3
826.3
826.3
826.3
826.3
826.3
826.3
826.3
826.3
826.3
826.3
826.3
826.3
826.3
826.3
826.3
826.3
826.3
826.3
826.3
826.3
826.3
826.3
826.3
826.3
826.3
826.3
826.3
826.3
826.3
826.3
826.3
826.3
826.3
826.3
826.3
826.3
826.3
826.3
826.3
826.3
826.3
826.3
826.3
826.3
826.3
826.3
826.3
826.3
826.3
826.3
826.3
826.3
826.3
826.3
826.3
826.3
826.3
826.3
826.3
826.3
826.3
826.3
826.3
826.3
826.3
826.3
826.3
826.3
826.3
826.3
826.3
826.3
826.3
826.3
826.3
826.3
826.3
826.3
826.3
826.3
826.3
826.3
826.3
826.3
826.3
826.3
826.3
826.3
826.3
826.3
826.3
826.3
826.3
826.3
826.3
826.3
826.3
826.3
826.3
826.3
826.3
826.3
826.3
826.3
826.3
826.3
826.3
826.3
826.3
826.3
826.3
826.3
826.3
826.3
826.3
826.3
826.3
826.3
826.3
826.3
826.3
826.3
826.3
826.3
826.3
826.3
826.3
826.3
826.3
826.3
826.3
826.3
826.3
826.3
826.3
826.3
826.3
826.3
826.3
826.3
826.3
826.3
826.3
826.3
826.3
826.3
826.3
826.3
826.3
826.3
826.3
826.3
826.3
826.3
826.3
826.3
826.3
826.3
826.3
826.3
826.3
826.3
826.3
826.3
826.3
826.3
826.3
826.3
826.3
826.3
826.3
826.3
826.3
826.3
826.3
826.3
826.3
826.3
826.3
826.3
826.3
826.3
826.3
826.3
826.3
826.3
826.3
826.3
826.3
826.3
826.3
826.3
826.3
826.3
826.3
826.3
826.3
826.3
826.3
826.3
826.3
826.3
826.3
826.3
826.3
826.3
826.3
826.3
826.3
826.3
826.3
826.3
826.3
826.3
826.3
826.3
826.3
826.3
826.4
826.4
826.4
826.4
826.4
826.4
826.4
826.4
826.4
826.4
826.4
826.4
826.4
826.4
826.4
826.4
826.4
826.4
826.4
826.4
826.4
826.4
826.4
826.4
826.4
826.4
826.4
826.4
826.4
826.4
826.4
826.4
826.4
826.4
826.4
826.4
826.4
826.4
826.4
826.4
826.4
826.4
826.4
826.4
826.4
826.4
826.4
826.4
826.4
826.4
826.4
826.4
826.4
826.4
826.4
826.4
826.4
826.4
826.4
826.4
826.4
826.4
826.4
826.4
826.4
826.4
826.4
826.4
826.4
826.4
826.4
826.4
826.4
826.4
826.4
826.4
826.4
826.4
826.4
826.4
826.4
826.4
826.4
826.4
826.4
826.4
826.4
826.4
826.4
826.4
826.4
826.4
826.4
826.4
826.4
826.4
826.4
826.4
826.4
826.4
826.4
826.4
826.4
826.4
826.4
826.4
826.4
826.4
826.4
826.4
826.4
826.4
826.4
826.4
826.4
826.4
826.4
826.4
826.4
826.4
826.4
826.4
826.4
826.4
826.4
826.4
826.4
826.4
826.4
826.4
826.4
826.4
826.4
826.4
826.4
826.4
826.4
826.4
826.4
826.4
826.4
826.4
826.4
826.4
826.4
826.4
826.4
826.4
826.4
826.4
826.4
826.4
826.4
826.4
826.4
826.4
826.4
826.4
826.4
826.4
826.4
826.4
826.4
826.4
826.4
826.4
826.4
826.4
826.4
826.4
826.4
826.4
826.4
826.4
826.4
826.4
826.4
826.4
826.4
826.4
826.4
826.4
826.4
826.5
826.5
826.5
826.5
826.5
826.5
826.5
826.5
826.5
826.5
826.5
826.5
826.5
826.5
826.5
826.5
826.5
826.5
826.5
826.5
826.5
826.5
826.5
826.5
826.5
826.5
826.5
826.5
826.5
826.5
826.5
826.5
826.5
826.5
826.5
826.5
826.5
826.5
826.5
826.5
826.5
826.5
826.5
826.5
826.5
826.5
826.5
826.5
826.5
826.5
826.5
826.5
826.5
826.5
826.5
826.5
826.5
826.5
826.5
826.5
826.5
826.5
826.5
826.5
826.5
826.5
826.5
826.5
826.5
826.5
826.5
826.5
826.5
826.5
826.5
826.5
826.5
826.5
826.5
826.5
826.5
826.5
826.5
826.5
826.5
826.5
826.5
826.5
826.5
826.5
826.5
826.5
826.5
826.5
826.5
826.5
826.5
826.5
826.5
826.5
826.5
826.5
826.5
826.5
826.5
826.5
826.5
826.5
826.5
826.5
826.5
826.5
826.5
826.6
826.6
826.6
826.6
826.6
826.6
826.6
826.6
826.6
826.6
826.6
826.6
826.6
826.6
826.6
826.6
826.6
826.6
826.6
826.6
826.6
826.6
826.6
826.6
826.6
826.6
826.6
826.6
826.6
826.6
826.6
826.6
826.6
826.6
826.6
826.6
826.6
826.6
826.6
826.6
826.6
826.6
826.6
826.6
826.6
826.6
826.6
826.6
826.6
826.6
826.6
826.6
826.6
826.6
826.6
826.6
826.6
826.6
826.7
826.7
826.7
826.7
826.7
826.7
826.7
826.7
826.7
826.7
826.7
826.7
826.7
826.7
826.7
826.7
826.7
826.7
826.8
826.8
826.8
826.8
826.8
826.8
826.8
826.8
826.8
826.8
826.8
826.8
826.8
826.8
826.8
826.8
826.8
826.8
826.8
826.8
826.8
826.8
826.8
826.8
826.9
826.9
826.9
826.9
826.9
826.9
826.9
826.9
826.9
826.9
826.9
826.9
826.9
826.9
826.9
826.9
827.0
827.0
827.0
827.0
827.0
827.0
827.0
827.0
827.0
827.0
827.0
827.0
827.0
827.1
827.1
827.1
827.1
827.1
827.1
827.1
827.1
827.1
827.1
827.1
827.2
827.2
827.2
827.2
827.2
827.2
827.2
827.2
827.3
827.3
827.3
827.3
827.3
827.3
827.3
827.3
827.4
827.4
827.4
827.4
827.5
827.5
827.5
827.5
827.5
827.5
827.5
827.5
827.5
827.5
827.6
827.6
827.6
827.7
827.7
827.7
827.8
827.8
827.8
827.8
827.8
827.8
827.8
827.9
827.9
827.9
827.9
827.9
828.0
828.0
828.0
828.0
828.0
828.0
828.0
828.0
828.0
828.0
828.1
828.1
828.2
828.2
828.3
828.3
828.5
828.5
828.6
828.6
828.6
828.6
828.8
828.9
829.6
829.6
835.2
835.3
835.4
835.5
835.6
835.7
835.7
835.7
835.7
835.7
835.7
835.8
835.9
835.9
835.9
836.0
836.0
836.0
836.0
836.0
836.0
836.0
836.0
836.0
836.1
836.1
836.1
836.1
836.1
836.1
836.1
836.2
836.2
836.2
836.2
836.2
836.2
836.2
836.2
836.2
836.2
836.2
836.2
836.2
836.2
836.2
836.3
836.3
836.3
836.3
836.3
836.3
836.3
836.3
836.4
836.4
836.4
836.4
836.4
836.4
836.4
836.4
836.4
836.4
836.4
836.4
836.4
836.4
836.4
836.4
836.4
836.4
836.5
836.5
836.5
836.5
836.5
836.5
836.5
836.5
836.5
836.5
836.5
836.5
836.5
836.5
836.5
836.5
836.5
836.5
836.5
836.5
836.5
836.6
836.6
836.6
836.6
836.6
836.6
836.6
836.6
836.6
836.6
836.6
836.6
836.6
836.6
836.6
836.6
836.6
836.6
836.6
836.6
836.6
836.6
836.6
836.7
836.7
836.7
836.7
836.7
836.7
836.7
836.7
836.7
836.7
836.7
836.7
836.7
836.7
836.7
836.7
836.7
836.7
836.7
836.7
836.7
836.7
836.7
836.7
836.7
836.8
836.8
836.8
836.8
836.8
836.8
836.8
836.8
836.8
836.8
836.8
836.8
836.8
836.8
836.8
836.8
836.8
836.8
836.8
836.8
836.8
836.8
836.8
836.8
836.8
836.8
836.8
836.8
836.8
836.8
836.9
836.9
836.9
836.9
836.9
836.9
836.9
836.9
836.9
836.9
836.9
836.9
836.9
836.9
836.9
836.9
836.9
836.9
836.9
836.9
836.9
836.9
836.9
836.9
836.9
836.9
836.9
836.9
836.9
836.9
836.9
836.9
836.9
836.9
836.9
836.9
837.0
837.0
837.0
837.0
837.0
837.0
837.0
837.0
837.0
837.0
837.0
837.0
837.0
837.0
837.0
837.0
837.0
837.0
837.0
837.0
837.0
837.0
837.0
837.0
837.0
837.0
837.0
837.0
837.0
837.0
837.0
837.0
837.0
837.0
837.0
837.0
837.0
837.0
837.1
837.1
837.1
837.1
837.1
837.1
837.1
837.1
837.1
837.1
837.1
837.1
837.1
837.1
837.1
837.1
837.1
837.1
837.1
837.1
837.1
837.1
837.1
837.1
837.1
837.1
837.1
837.1
837.1
837.1
837.1
837.1
837.1
837.1
837.1
837.2
837.2
837.2
837.2
837.2
837.2
837.2
837.2
837.2
837.2
837.2
837.2
837.2
837.2
837.2
837.2
837.2
837.2
837.2
837.2
837.2
837.2
837.2
837.2
837.2
837.2
837.2
837.2
837.2
837.2
837.2
837.2
837.2
837.2
837.2
837.2
837.3
837.3
837.3
837.3
837.3
837.3
837.3
837.3
837.3
837.3
837.3
837.3
837.3
837.3
837.3
837.3
837.3
837.3
837.3
837.3
837.3
837.3
837.3
837.3
837.3
837.3
837.3
837.4
837.4
837.4
837.4
837.4
837.4
837.4
837.4
837.4
837.4
837.4
837.4
837.4
837.4
837.4
837.4
837.4
837.4
837.4
837.4
837.4
837.4
837.4
837.4
837.4
837.4
837.4
837.4
837.4
837.4
837.4
837.4
837.4
837.4
837.4
837.5
837.5
837.5
837.5
837.5
837.5
837.5
837.5
837.5
837.5
837.5
837.5
837.5
837.5
837.5
837.5
837.5
837.5
837.5
837.5
837.5
837.5
837.5
837.5
837.5
837.5
837.5
837.5
837.5
837.5
837.5
837.5
837.5
837.5
837.5
837.5
837.5
837.5
837.5
837.5
837.5
837.5
837.5
837.6
837.6
837.6
837.6
837.6
837.6
837.6
837.6
837.6
837.6
837.6
837.6
837.6
837.6
837.6
837.6
837.6
837.6
837.6
837.6
837.6
837.6
837.6
837.6
837.6
837.6
837.6
837.6
837.6
837.6
837.6
837.6
837.6
837.6
837.6
837.6
837.7
837.7
837.7
837.7
837.7
837.7
837.7
837.7
837.7
837.7
837.7
837.7
837.7
837.7
837.7
837.7
837.7
837.7
837.7
837.7
837.7
837.7
837.8
837.8
837.8
837.8
837.8
837.8
837.8
837.8
837.8
837.8
837.8
837.8
837.8
837.8
837.8
837.8
837.8
837.8
837.8
837.8
837.8
837.8
837.8
837.8
837.8
837.8
837.8
837.8
837.8
837.8
837.8
837.8
837.8
837.8
837.8
837.8
837.9
837.9
837.9
837.9
837.9
837.9
837.9
837.9
837.9
837.9
837.9
837.9
837.9
837.9
837.9
837.9
837.9
837.9
837.9
837.9
837.9
837.9
837.9
837.9
837.9
837.9
837.9
837.9
837.9
837.9
838.0
838.0
838.0
838.0
838.0
838.0
838.0
838.0
838.0
838.0
838.0
838.0
838.0
838.0
838.0
838.0
838.0
838.0
838.0
838.0
838.0
838.0
838.0
838.0
838.0
838.0
838.1
838.1
838.1
838.1
838.1
838.1
838.1
838.1
838.1
838.1
838.1
838.1
838.1
838.1
838.1
838.1
838.1
838.1
838.1
838.1
838.1
838.1
838.1
838.1
838.1
838.1
838.2
838.2
838.2
838.2
838.2
838.2
838.2
838.2
838.2
838.2
838.2
838.2
838.2
838.2
838.2
838.2
838.2
838.2
838.2
838.2
838.2
838.2
838.2
838.2
838.2
838.2
838.2
838.2
838.3
838.3
838.3
838.3
838.3
838.3
838.3
838.3
838.3
838.3
838.3
838.3
838.3
838.3
838.3
838.3
838.3
838.3
838.3
838.3
838.3
838.3
838.3
838.3
838.3
838.3
838.3
838.4
838.4
838.4
838.4
838.4
838.4
838.4
838.4
838.4
838.4
838.4
838.4
838.4
838.4
838.4
838.4
838.4
838.4
838.4
838.4
838.4
838.4
838.4
838.4
838.4
838.4
838.4
838.4
838.4
838.4
838.4
838.4
838.4
838.4
838.4
838.4
838.5
838.5
838.5
838.5
838.5
838.5
838.5
838.5
838.5
838.5
838.5
838.5
838.5
838.5
838.5
838.5
838.5
838.5
838.5
838.5
838.6
838.6
838.6
838.6
838.6
838.6
838.6
838.6
838.6
838.6
838.6
838.6
838.6
838.6
838.6
838.6
838.6
838.7
838.7
838.7
838.7
838.7
838.7
838.7
838.7
838.7
838.7
838.7
838.7
838.7
838.7
838.7
838.7
838.7
838.7
838.7
838.7
838.7
838.8
838.8
838.8
838.8
838.8
838.8
838.8
838.8
838.8
838.8
838.8
838.8
838.9
838.9
838.9
838.9
838.9
838.9
838.9
838.9
838.9
838.9
838.9
838.9
838.9
839.0
839.0
839.0
839.0
839.0
839.0
839.0
839.0
839.0
839.0
839.0
839.0
839.0
839.1
839.1
839.1
839.1
839.1
839.1
839.1
839.1
839.1
839.2
839.2
839.2
839.2
839.2
839.2
839.3
839.3
839.3
839.3
839.3
839.4
839.4
839.4
839.4
839.4
839.4
839.4
839.4
839.4
839.4
839.5
839.5
839.5
839.5
839.5
839.5
839.5
839.5
839.5
839.5
839.5
839.6
839.6
839.6
839.6
839.6
839.6
839.7
839.7
839.8
839.8
839.8
839.8
839.9
839.9
839.9
840.0
840.0
840.0
840.0
840.0
840.1
840.1
840.2
840.2
840.2
840.2
840.2
840.3
840.3
840.3
840.3
840.4
840.4
840.5
840.5
840.6
840.6
840.6
840.6
840.6
840.6
840.7
840.7
840.7
840.7
840.9
840.9
840.9
840.9
840.9
841.0
841.1
841.1
841.1
841.1
841.2
841.2
841.2
841.3
841.3
841.3
841.3
841.4
841.4
841.8
841.9
841.9
842.1
842.1
842.2
842.2
842.3
842.3
842.4
842.4
842.5
842.6
842.6
842.6
842.7
842.7
842.7
842.8
842.8
842.8
842.9
842.9
842.9
843.0
843.1
843.2
843.3
843.4
843.6
843.8
843.9
844.0
844.0
844.0
844.2
844.2
844.2
844.2
844.3
844.3
844.4
844.4
844.8
845.0
845.4
845.4
845.4
845.6
845.7
846.0
846.2
846.2
846.2
846.2
846.4
846.6
846.8
847.0
847.1
847.3
847.3
847.7
847.8
847.9
848.1
848.2
848.2
848.4
848.5
849.7
849.7
850.0
850.1
850.2
850.2
850.5
850.9
851.0
851.0
851.5
851.6
851.7
851.8
852.0
852.4
853.0
853.3
854.3
854.5
855.5
856.8
857.2
857.2
857.8
857.9
859.4
861.3
862.0
863.8
863.8
864.1
864.1
865.8
866.6
869.0
872.7
873.0
874.2
874.9
878.6
881.8
883.7
984.7
984.7
984.7
984.8
984.8
984.8
984.8
984.8
984.8
984.8
984.8
984.8
984.8
984.8
984.8
984.8
984.9
984.9
984.9
984.9
984.9
984.9
984.9
984.9
984.9
984.9
984.9
984.9
984.9
984.9
984.9
984.9
984.9
984.9
984.9
984.9
984.9
984.9
984.9
984.9
984.9
984.9
984.9
984.9
984.9
984.9
984.9
984.9
984.9
984.9
984.9
984.9
984.9
984.9
984.9
984.9
984.9
984.9
984.9
984.9
984.9
984.9
984.9
984.9
984.9
984.9
984.9
984.9
984.9
984.9
984.9
984.9
984.9
984.9
984.9
984.9
984.9
984.9
984.9
984.9
984.9
984.9
984.9
984.9
984.9
984.9
984.9
984.9
984.9
984.9
985.0
985.0
985.0
985.0
985.0
985.0
985.0
985.0
985.0
985.0
985.0
985.0
985.0
985.0
985.0
985.0
985.0
985.0
985.0
985.0
985.0
985.0
985.0
985.0
985.0
985.0
985.0
985.0
985.0
985.0
985.0
985.0
985.0
985.0
985.0
985.0
985.0
985.0
985.0
985.0
985.0
985.0
985.0
985.0
985.0
985.0
985.0
985.0
985.0
985.0
985.0
985.0
985.0
985.0
985.0
985.0
985.0
985.0
985.0
985.0
985.0
985.0
985.0
985.0
985.0
985.0
985.0
985.0
985.0
985.0
985.0
985.0
985.0
985.0
985.0
985.0
985.0
985.0
985.0
985.0
985.0
985.0
985.0
985.0
985.0
985.0
985.0
985.0
985.0
985.0
985.0
985.0
985.0
985.0
985.0
985.0
985.0
985.0
985.0
985.0
985.0
985.0
985.0
985.0
985.0
985.0
985.0
985.0
985.0
985.0
985.0
985.0
985.0
985.0
985.0
985.0
985.0
985.0
985.0
985.0
985.0
985.0
985.0
985.0
985.0
985.0
985.0
985.0
985.0
985.0
985.0
985.0
985.0
985.0
985.0
985.0
985.0
985.0
985.0
985.0
985.0
985.0
985.0
985.0
985.0
985.0
985.0
985.0
985.0
985.0
985.0
985.0
985.0
985.0
985.0
985.1
985.1
985.1
985.1
985.1
985.1
985.1
985.1
985.1
985.1
985.1
985.1
985.1
985.1
985.1
985.1
985.1
985.1
985.1
985.1
985.1
985.1
985.1
985.1
985.1
985.1
985.1
985.1
985.1
985.1
985.1
985.1
985.1
985.1
985.1
985.1
985.1
985.1
985.1
985.1
985.1
985.1
985.1
985.1
985.1
985.1
985.1
985.1
985.1
985.1
985.1
985.1
985.1
985.1
985.1
985.1
985.1
985.1
985.1
985.1
985.1
985.1
985.1
985.1
985.1
985.1
985.1
985.1
985.1
985.1
985.1
985.1
985.1
985.1
985.1
985.1
985.1
985.1
985.1
985.1
985.1
985.1
985.1
985.1
985.1
985.1
985.1
985.1
985.1
985.1
985.1
985.1
985.1
985.1
985.1
985.1
985.1
985.1
985.1
985.1
985.1
985.1
985.1
985.1
985.1
985.1
985.1
985.1
985.1
985.1
985.1
985.1
985.1
985.1
985.1
985.1
985.1
985.1
985.1
985.1
985.1
985.1
985.1
985.1
985.1
985.1
985.1
985.1
985.1
985.1
985.1
985.1
985.1
985.1
985.1
985.1
985.1
985.1
985.1
985.1
985.1
985.1
985.1
985.1
985.1
985.1
985.1
985.1
985.1
985.1
985.1
985.1
985.1
985.1
985.1
985.1
985.1
985.1
985.1
985.1
985.1
985.1
985.1
985.1
985.1
985.1
985.1
985.1
985.1
985.1
985.1
985.1
985.1
985.1
985.1
985.1
985.1
985.1
985.1
985.1
985.1
985.1
985.1
985.1
985.1
985.1
985.1
985.1
985.1
985.1
985.1
985.1
985.1
985.1
985.1
985.1
985.1
985.1
985.1
985.1
985.1
985.1
985.1
985.1
985.1
985.1
985.1
985.1
985.1
985.1
985.1
985.1
985.1
985.1
985.2
985.2
985.2
985.2
985.2
985.2
985.2
985.2
985.2
985.2
985.2
985.2
985.2
985.2
985.2
985.2
985.2
985.2
985.2
985.2
985.2
985.2
985.2
985.2
985.2
985.2
985.2
985.2
985.2
985.2
985.2
985.2
985.2
985.2
985.2
985.2
985.2
985.2
985.2
985.2
985.2
985.2
985.2
985.2
985.2
985.2
985.2
985.2
985.2
985.2
985.2
985.2
985.2
985.2
985.2
985.2
985.2
985.2
985.2
985.2
985.2
985.2
985.2
985.2
985.2
985.2
985.2
985.2
985.2
985.2
985.2
985.2
985.2
985.2
985.2
985.2
985.2
985.2
985.2
985.2
985.2
985.2
985.2
985.2
985.2
985.2
985.2
985.2
985.2
985.2
985.2
985.2
985.2
985.2
985.2
985.2
985.2
985.2
985.2
985.2
985.2
985.2
985.2
985.2
985.2
985.2
985.2
985.2
985.2
985.2
985.2
985.2
985.2
985.2
985.2
985.2
985.2
985.2
985.2
985.2
985.2
985.2
985.2
985.2
985.2
985.2
985.2
985.2
985.2
985.2
985.2
985.2
985.2
985.2
985.2
985.2
985.2
985.2
985.2
985.2
985.2
985.2
985.2
985.2
985.2
985.2
985.2
985.2
985.2
985.2
985.2
985.2
985.2
985.2
985.2
985.2
985.2
985.2
985.2
985.2
985.2
985.2
985.2
985.2
985.2
985.2
985.2
985.2
985.2
985.2
985.2
985.2
985.2
985.2
985.2
985.2
985.2
985.2
985.2
985.2
985.2
985.2
985.2
985.2
985.2
985.2
985.2
985.2
985.2
985.2
985.2
985.2
985.2
985.2
985.2
985.2
985.2
985.2
985.2
985.2
985.2
985.2
985.2
985.2
985.2
985.3
985.3
985.3
985.3
985.3
985.3
985.3
985.3
985.3
985.3
985.3
985.3
985.3
985.3
985.3
985.3
985.3
985.3
985.3
985.3
985.3
985.3
985.3
985.3
985.3
985.3
985.3
985.3
985.3
985.3
985.3
985.3
985.3
985.3
985.3
985.3
985.3
985.3
985.3
985.3
985.3
985.3
985.3
985.3
985.3
985.3
985.3
985.3
985.3
985.3
985.3
985.3
985.3
985.3
985.3
985.3
985.3
985.3
985.3
985.3
985.3
985.3
985.3
985.3
985.3
985.3
985.3
985.3
985.3
985.3
985.3
985.3
985.3
985.3
985.3
985.3
985.3
985.3
985.3
985.3
985.3
985.3
985.3
985.3
985.3
985.3
985.3
985.3
985.3
985.3
985.3
985.3
985.3
985.3
985.3
985.3
985.3
985.3
985.3
985.3
985.3
985.3
985.3
985.3
985.3
985.3
985.3
985.3
985.3
985.3
985.3
985.3
985.3
985.3
985.4
985.4
985.4
985.4
985.4
985.4
985.4
985.4
985.4
985.4
985.4
985.4
985.4
985.4
985.4
985.4
985.4
985.4
985.4
985.4
985.4
985.4
985.4
985.4
985.4
985.4
985.4
985.4
985.4
985.4
985.4
985.4
985.4
985.4
985.4
985.4
985.4
985.4
985.4
985.4
985.4
985.4
985.4
985.4
985.4
985.4
985.4
985.4
985.4
985.4
985.4
985.4
985.4
985.4
985.4
985.4
985.4
985.5
985.5
985.5
985.5
985.5
985.5
985.5
985.5
985.5
985.5
985.5
985.5
985.5
985.5
985.5
985.5
985.5
985.5
985.5
985.5
985.5
985.5
985.5
985.5
985.5
985.6
985.6
985.6
985.6
985.6
985.6
985.6
985.6
985.6
985.6
985.6
985.6
985.6
985.6
985.6
985.6
985.6
985.6
985.6
985.6
985.6
985.6
985.7
985.7
985.7
985.7
985.7
985.7
985.7
985.7
985.7
985.7
985.7
985.7
985.7
985.7
985.7
985.7
985.8
985.8
985.8
985.8
985.8
985.8
985.8
985.8
985.8
985.8
985.8
985.8
985.8
985.8
985.9
985.9
985.9
985.9
985.9
985.9
985.9
985.9
986.0
986.0
986.0
986.0
986.0
986.1
986.1
986.1
986.1
986.1
986.1
986.1
986.1
986.1
986.1
986.1
986.1
986.2
986.2
986.2
986.2
986.2
986.2
986.2
986.2
986.3
986.3
986.3
986.3
986.3
986.3
986.3
986.3
986.4
986.4
986.4
986.4
986.4
986.5
986.5
986.6
986.6
986.6
986.7
986.7
986.7
986.7
986.7
986.7
986.7
986.7
986.8
986.8
986.8
986.8
986.8
986.8
986.9
986.9
986.9
986.9
986.9
987.0
987.0
987.0
987.0
987.1
987.2
987.2
987.2
987.4
987.4
987.4
987.5
987.6
987.6
987.7
987.8
988.3
988.4
993.2
993.4
993.5
993.5
993.6
993.6
993.7
993.7
993.7
993.7
993.7
993.7
993.7
993.8
993.8
993.8
993.8
993.9
993.9
993.9
993.9
993.9
993.9
993.9
993.9
993.9
994.0
994.0
994.0
994.0
994.0
994.0
994.0
994.1
994.1
994.1
994.1
994.1
994.1
994.1
994.1
994.1
994.1
994.1
994.1
994.1
994.2
994.2
994.2
994.2
994.2
994.2
994.2
994.2
994.2
994.2
994.2
994.2
994.3
994.3
994.3
994.3
994.3
994.3
994.3
994.3
994.3
994.3
994.3
994.3
994.3
994.3
994.3
994.3
994.3
994.3
994.3
994.4
994.4
994.4
994.4
994.4
994.4
994.4
994.4
994.4
994.4
994.4
994.4
994.4
994.4
994.4
994.4
994.4
994.4
994.4
994.4
994.4
994.4
994.4
994.4
994.4
994.4
994.4
994.5
994.5
994.5
994.5
994.5
994.5
994.5
994.5
994.5
994.5
994.5
994.5
994.5
994.5
994.5
994.5
994.5
994.5
994.5
994.5
994.5
994.5
994.5
994.5
994.5
994.5
994.5
994.5
994.5
994.5
994.5
994.5
994.6
994.6
994.6
994.6
994.6
994.6
994.6
994.6
994.6
994.6
994.6
994.6
994.6
994.6
994.6
994.6
994.6
994.6
994.6
994.6
994.6
994.6
994.6
994.6
994.6
994.6
994.6
994.6
994.6
994.6
994.6
994.6
994.6
994.6
994.6
994.6
994.7
994.7
994.7
994.7
994.7
994.7
994.7
994.7
994.7
994.7
994.7
994.7
994.7
994.7
994.7
994.7
994.7
994.7
994.7
994.7
994.7
994.7
994.7
994.7
994.7
994.7
994.7
994.7
994.7
994.7
994.7
994.7
994.8
994.8
994.8
994.8
994.8
994.8
994.8
994.8
994.8
994.8
994.8
994.8
994.8
994.8
994.8
994.8
994.8
994.8
994.8
994.8
994.8
994.8
994.8
994.8
994.8
994.8
994.8
994.8
994.8
994.8
994.8
994.8
994.8
994.8
994.8
994.8
994.8
994.8
994.8
994.8
994.8
994.8
994.8
994.8
994.8
994.8
994.8
994.8
994.9
994.9
994.9
994.9
994.9
994.9
994.9
994.9
994.9
994.9
994.9
994.9
994.9
994.9
994.9
994.9
994.9
994.9
994.9
994.9
994.9
994.9
994.9
994.9
994.9
994.9
994.9
994.9
994.9
994.9
994.9
994.9
994.9
994.9
994.9
994.9
994.9
994.9
994.9
995.0
995.0
995.0
995.0
995.0
995.0
995.0
995.0
995.0
995.0
995.0
995.0
995.0
995.0
995.0
995.0
995.0
995.0
995.0
995.0
995.0
995.0
995.0
995.0
995.0
995.0
995.0
995.0
995.0
995.0
995.0
995.0
995.0
995.0
995.0
995.0
995.1
995.1
995.1
995.1
995.1
995.1
995.1
995.1
995.1
995.1
995.1
995.1
995.1
995.1
995.1
995.1
995.1
995.1
995.1
995.1
995.1
995.1
995.1
995.1
995.1
995.1
995.1
995.1
995.1
995.1
995.1
995.1
995.1
995.1
995.1
995.1
995.1
995.1
995.1
995.1
995.1
995.1
995.1
995.1
995.1
995.2
995.2
995.2
995.2
995.2
995.2
995.2
995.2
995.2
995.2
995.2
995.2
995.2
995.2
995.2
995.2
995.2
995.2
995.2
995.2
995.2
995.2
995.2
995.2
995.2
995.2
995.2
995.2
995.2
995.2
995.2
995.2
995.2
995.2
995.2
995.2
995.2
995.2
995.2
995.3
995.3
995.3
995.3
995.3
995.3
995.3
995.3
995.3
995.3
995.3
995.3
995.3
995.3
995.3
995.3
995.3
995.3
995.3
995.3
995.3
995.3
995.3
995.3
995.3
995.3
995.3
995.3
995.3
995.3
995.3
995.3
995.3
995.3
995.3
995.3
995.3
995.3
995.3
995.3
995.3
995.3
995.3
995.3
995.3
995.3
995.3
995.3
995.3
995.3
995.3
995.3
995.3
995.3
995.3
995.4
995.4
995.4
995.4
995.4
995.4
995.4
995.4
995.4
995.4
995.4
995.4
995.4
995.4
995.4
995.4
995.4
995.4
995.4
995.4
995.4
995.4
995.4
995.4
995.4
995.4
995.4
995.4
995.4
995.4
995.4
995.4
995.4
995.4
995.4
995.4
995.4
995.4
995.4
995.4
995.4
995.4
995.4
995.4
995.4
995.4
995.5
995.5
995.5
995.5
995.5
995.5
995.5
995.5
995.5
995.5
995.5
995.5
995.5
995.5
995.5
995.5
995.5
995.5
995.5
995.5
995.5
995.5
995.5
995.5
995.5
995.5
995.5
995.5
995.5
995.5
995.5
995.5
995.5
995.5
995.5
995.6
995.6
995.6
995.6
995.6
995.6
995.6
995.6
995.6
995.6
995.6
995.6
995.6
995.6
995.6
995.6
995.6
995.6
995.6
995.6
995.6
995.6
995.6
995.6
995.6
995.6
995.6
995.6
995.6
995.6
995.6
995.6
995.6
995.7
995.7
995.7
995.7
995.7
995.7
995.7
995.7
995.7
995.7
995.7
995.7
995.7
995.7
995.7
995.7
995.7
995.7
995.7
995.7
995.7
995.7
995.7
995.7
995.7
995.7
995.7
995.7
995.7
995.7
995.7
995.8
995.8
995.8
995.8
995.8
995.8
995.8
995.8
995.8
995.8
995.8
995.8
995.8
995.8
995.8
995.8
995.8
995.8
995.8
995.8
995.8
995.8
995.8
995.8
995.8
995.8
995.8
995.8
995.8
995.8
995.8
995.9
995.9
995.9
995.9
995.9
995.9
995.9
995.9
995.9
995.9
995.9
995.9
995.9
995.9
995.9
995.9
995.9
996.0
996.0
996.0
996.0
996.0
996.0
996.0
996.0
996.0
996.0
996.0
996.0
996.0
996.0
996.0
996.0
996.0
996.0
996.0
996.0
996.0
996.0
996.0
996.1
996.1
996.1
996.1
996.1
996.1
996.1
996.1
996.1
996.1
996.1
996.1
996.1
996.1
996.1
996.1
996.1
996.1
996.1
996.1
996.1
996.1
996.1
996.1
996.1
996.1
996.2
996.2
996.2
996.2
996.2
996.2
996.2
996.2
996.2
996.2
996.2
996.2
996.2
996.2
996.2
996.3
996.3
996.3
996.3
996.3
996.3
996.3
996.3
996.3
996.3
996.3
996.3
996.3
996.3
996.3
996.3
996.3
996.3
996.3
996.3
996.3
996.3
996.3
996.4
996.4
996.4
996.4
996.4
996.4
996.4
996.4
996.5
996.5
996.5
996.5
996.5
996.5
996.5
996.5
996.6
996.6
996.6
996.6
996.6
996.6
996.6
996.6
996.6
996.6
996.6
996.7
996.7
996.7
996.7
996.7
996.7
996.7
996.7
996.7
996.7
996.7
996.8
996.8
996.8
996.8
996.8
996.9
996.9
996.9
996.9
996.9
996.9
997.0
997.0
997.0
997.0
997.0
997.0
997.1
997.1
997.1
997.1
997.1
997.1
997.1
997.2
997.2
997.2
997.2
997.2
997.2
997.2
997.2
997.2
997.2
997.2
997.3
997.3
997.3
997.3
997.3
997.3
997.4
997.4
997.4
997.4
997.4
997.4
997.5
997.5
997.6
997.6
997.6
997.7
997.7
997.7
997.7
997.7
997.8
997.8
997.8
997.8
997.8
997.8
997.9
997.9
998.0
998.0
998.1
998.2
998.3
998.3
998.3
998.3
998.3
998.4
998.4
998.4
998.4
998.4
998.4
998.4
998.6
998.6
998.7
998.7
998.8
998.8
998.8
998.9
998.9
998.9
998.9
999.0
999.0
999.1
999.1
999.1
999.2
999.2
999.3
999.4
999.4
999.4
999.5
999.6
999.6
999.7
999.7
999.8
999.8
