37.7
38.1
38.1
38.2
38.6
38.7
39.2
39.4
39.8
40.0
40.1
40.1
40.3
40.3
40.4
40.4
40.6
40.7
41.0
41.1
41.3
41.4
41.4
41.5
41.5
41.6
41.7
41.7
41.7
41.9
41.9
41.9
42.0
42.0
42.0
42.1
42.1
42.2
42.3
42.3
42.4
42.4
42.5
42.5
42.8
42.9
42.9
42.9
43.0
43.0
43.0
43.2
43.2
43.2
43.5
43.6
43.6
43.7
43.7
43.8
43.8
43.8
43.8
43.9
43.9
44.0
44.0
44.0
44.1
44.1
44.1
44.2
44.2
44.2
44.2
44.2
44.3
44.3
44.3
44.4
44.5
44.5
44.5
44.6
44.6
44.6
44.6
44.7
44.7
44.7
44.8
44.8
44.9
44.9
44.9
44.9
45.0
45.1
45.1
45.2
45.2
45.2
45.3
45.3
45.4
45.5
45.5
45.5
45.5
45.6
45.7
45.7
45.8
45.8
45.9
45.9
45.9
46.0
46.0
46.0
46.0
46.1
46.1
46.1
46.1
46.2
46.2
46.3
46.4
46.4
46.4
46.4
46.5
46.5
46.6
46.6
46.6
46.7
46.7
46.8
46.8
46.8
46.8
46.9
46.9
46.9
46.9
47.0
47.0
47.1
47.2
47.2
47.2
47.2
47.2
47.2
47.3
47.3
47.3
47.4
47.4
47.4
47.5
47.5
47.6
47.7
47.7
47.7
47.7
47.8
47.8
47.8
48.0
48.1
48.2
48.3
48.4
48.4
48.4
48.4
48.5
48.5
48.6
48.6
48.7
48.8
48.9
48.9
49.0
49.0
49.0
49.0
49.1
49.2
49.3
49.4
49.4
49.4
49.4
49.5
49.5
49.5
49.5
49.5
49.6
49.7
49.7
49.7
49.8
49.8
49.8
49.9
50.0
50.1
50.2
50.4
50.5
50.5
50.6
50.6
50.7
50.8
50.9
50.9
51.0
51.0
51.1
51.1
51.1
51.2
51.2
51.2
51.4
51.4
51.6
51.7
51.8
51.8
51.9
51.9
52.0
52.1
52.1
52.1
52.1
52.2
52.2
52.4
52.5
52.5
52.7
52.9
53.0
53.1
53.1
53.2
53.2
53.4
53.4
53.4
53.5
53.5
53.5
53.5
53.6
53.6
53.7
53.7
53.7
53.8
53.9
53.9
53.9
54.0
54.2
54.4
54.5
54.7
54.8
54.9
54.9
55.0
55.0
55.1
55.1
55.1
55.3
55.3
55.3
55.3
55.4
55.4
55.4
55.4
55.5
55.6
55.9
56.0
56.2
56.3
56.6
56.8
56.9
57.0
57.0
57.2
57.2
57.2
57.4
57.5
57.6
57.8
57.9
58.5
58.7
58.7
58.7
58.8
59.1
59.2
59.5
59.6
59.8
60.0
60.1
60.1
60.1
60.1
60.1
60.2
60.2
60.2
60.3
60.7
60.7
60.9
61.3
61.7
61.7
61.8
61.9
61.9
62.1
62.5
62.8
62.8
63.7
63.9
64.1
64.1
64.3
64.4
64.5
64.6
64.6
64.7
65.1
65.7
65.9
66.4
66.4
66.6
66.8
67.0
67.2
67.4
67.7
68.2
68.4
68.4
68.8
69.2
69.3
69.6
69.6
69.9
70.2
70.9
71.0
71.5
71.5
72.3
72.3
72.7
72.7
72.8
73.0
73.3
73.4
74.1
74.4
74.4
74.4
75.0
75.3
75.3
76.2
76.6
77.0
77.3
77.4
77.8
78.6
78.8
79.0
79.6
79.6
80.6
81.5
81.9
83.7
84.1
84.5
85.2
91.2
94.1
94.1
94.6
94.7
95.1
95.9
96.4
100.1
101.6
102.3
106.6
109.7
