15
17
18
33
35
37
39
40
41
43
44
45
46
48
50
51
52
54
75
13
14
16
19
20
21
22
23
24
25
26
27
28
29
30
31
32
34
36
38
42
47
49
53
55
56
57
58
59
60
61
62
63
64
65
66
67
68
69
70
71
72
73
74
76
77
78
79
80
81
82
83
84
86
85
87
88
89
8
9
10
11
12
90
91
6
7
92
4
5
93
94
2
3
95
96
1
0
97
98
99
39
46
15
16
17
18
19
20
21
22
23
24
25
26
28
30
31
32
33
34
35
36
37
38
40
41
42
43
44
45
47
48
49
50
51
52
53
54
55
56
57
58
59
60
61
62
63
64
65
66
67
69
71
74
75
13
14
27
29
68
70
72
73
76
78
79
77
80
81
82
83
86
84
85
87
88
89
12
8
9
10
11
90
91
7
6
92
4
5
93
94
95
96
2
3
1
0
97
98
99
42
48
51
52
61
62
66
30
31
33
36
39
40
43
45
46
47
56
57
60
71
74
17
25
32
34
41
49
50
54
55
58
59
63
67
70
15
16
22
35
37
38
53
64
65
68
69
72
73
18
21
23
24
26
28
44
75
76
19
27
29
77
79
80
81
20
78
14
82
84
85
86
87
13
83
88
89
12
91
90
9
11
8
10
92
7
6
5
4
94
93
96
3
95
2
48
61
66
40
51
52
62
42
71
74
1
30
31
36
39
45
33
43
47
56
57
60
17
32
34
59
70
46
55
63
67
73
25
41
49
54
58
15
16
50
53
68
69
72
22
23
38
65
76
21
24
28
37
64
81
26
29
35
75
77
0
18
27
80
19
44
79
20
78
97
84
87
14
85
86
82
98
83
13
88
99
89
90
91
12
11
9
8
92
40
42
48
61
66
36
39
45
51
52
62
30
31
32
33
34
43
47
71
38
41
46
56
57
59
60
74
37
49
50
53
54
55
58
63
67
68
69
70
73
25
28
35
64
65
94
10
17
29
44
72
22
23
26
27
75
16
21
24
76
77
5
78
79
81
15
18
19
80
6
7
20
82
84
83
87
14
85
96
86
93
4
13
88
89
95
3
2
40
42
48
51
52
61
66
31
33
36
39
43
45
62
30
32
34
41
46
47
56
57
60
71
37
38
49
50
53
54
55
58
59
63
67
70
74
1
25
35
65
68
69
73
28
44
64
72
12
17
23
29
90
91
11
21
22
24
26
27
75
16
76
77
9
0
18
19
78
79
81
8
15
20
80
82
97
84
10
92
83
14
87
85
5
86
6
7
94
98
13
88
4
89
99
93
96
42
48
51
61
62
66
40
52
31
36
39
45
71
30
33
43
47
56
57
60
32
34
46
74
41
49
55
58
59
63
67
70
38
50
53
54
73
37
65
68
69
25
28
64
95
17
35
44
72
23
21
22
24
26
27
29
75
3
16
76
77
2
78
79
81
15
18
19
12
80
91
20
11
90
9
82
1
84
8
83
14
87
85
10
86
0
92
13
5
97
88
6
94
7
89
61
48
66
42
51
62
4
40
52
31
45
71
98
36
57
74
93
30
39
60
33
43
47
56
32
34
70
59
96
46
55
73
41
49
58
63
67
17
25
53
54
68
99
38
50
65
69
37
72
28
16
22
23
64
21
24
35
76
95
77
15
27
44
81
26
29
3
75
12
79
80
91
18
2
19
78
90
11
20
9
84
82
8
87
14
85
83
1
86
92
10
13
88
5
94
0
97
89
6
7
40
42
61
48
51
66
39
52
62
36
45
31
43
57
30
33
47
56
60
32
34
46
71
74
41
49
55
59
4
38
50
53
54
58
63
70
37
67
68
73
93
96
25
35
44
65
17
64
69
28
72
22
29
16
23
24
21
26
27
98
75
76
77
15
81
19
18
79
80
78
20
99
91
95
82
84
90
87
85
83
12
14
11
86
3
9
40
42
48
61
51
66
13
39
45
52
62
36
43
8
33
47
57
30
31
32
46
56
60
71
2
34
41
49
55
59
88
38
50
53
54
58
63
74
37
70
44
67
68
73
35
64
65
69
92
25
28
72
17
29
10
23
89
22
24
26
27
75
16
21
76
77
5
15
19
81
94
1
18
79
7
78
80
6
20
82
4
84
40
48
51
61
42
52
66
62
83
87
93
0
14
39
45
85
36
43
47
57
56
60
30
31
32
33
46
71
34
49
55
86
91
96
41
59
74
12
50
53
54
58
97
38
63
67
70
73
90
37
65
68
69
11
13
44
64
25
35
72
9
28
88
17
29
22
23
24
27
26
75
8
21
76
95
16
77
3
15
81
89
98
79
19
78
18
80
92
10
20
2
82
61
48
51
66
84
5
7
40
42
62
52
94
6
99
45
36
39
57
71
31
47
56
60
83
87
14
30
43
85
1
33
74
32
34
46
49
55
59
70
4
73
41
58
63
86
54
67
53
50
38
65
68
69
37
72
25
91
12
64
13
17
28
93
35
23
44
22
24
27
90
21
76
88
16
26
29
11
75
77
0
9
96
81
15
79
80
78
18
19
8
89
97
20
95
3
82
92
10
66
84
61
42
48
51
62
40
52
83
87
2
71
74
85
98
5
14
31
36
57
7
30
45
39
86
60
94
6
56
33
70
47
32
34
43
73
59
46
17
55
1
13
67
49
41
58
63
68
4
72
12
25
54
69
53
88
91
23
65
99
22
28
90
50
21
16
37
38
24
76
15
93
27
29
9
81
77
11
26
64
35
80
44
75
89
96
19
18
79
8
0
20
78
84
42
95
48
51
92
40
3
61
52
82
10
87
97
45
66
39
36
14
43
47
57
62
31
85
83
33
46
34
41
49
56
60
30
5
32
74
86
55
59
53
58
71
94
2
50
54
38
37
63
70
67
25
68
7
73
17
44
6
35
98
28
65
69
22
72
13
23
29
64
16
24
27
26
88
21
15
90
91
76
12
1
4
42
75
19
40
18
48
77
51
81
93
99
80
52
61
45
20
11
89
39
9
43
36
47
66
57
62
79
96
46
41
33
60
49
56
78
34
31
55
59
32
58
53
54
8
50
30
38
37
63
84
71
74
14
92
67
44
0
70
87
95
35
68
82
65
10
64
69
25
85
28
73
3
83
72
97
86
29
5
22
17
27
23
16
26
94
13
24
2
21
15
42
7
40
6
89
90
91
92
88
93
94
6
7
8
9
10
11
12
13
85
86
95
96
4
5
14
87
2
3
84
97
0
1
15
83
98
99
81
82
16
17
18
19
79
80
20
21
77
78
22
23
24
76
25
26
75
27
28
29
74
30
31
70
71
72
73
32
33
34
35
63
64
65
66
67
68
69
36
37
38
39
40
41
42
43
44
45
46
47
48
49
50
51
52
53
54
55
56
57
58
59
60
61
62
89
13
14
85
86
88
15
87
83
84
90
91
16
17
18
82
11
12
19
20
21
79
80
81
8
9
10
22
23
78
92
24
76
77
7
25
26
27
74
75
6
28
29
30
31
32
33
34
35
39
46
48
54
66
67
69
71
72
73
36
37
38
40
41
42
43
44
45
47
49
50
51
52
53
55
56
57
58
59
60
61
62
63
64
65
68
70
93
94
4
5
95
96
3
2
1
0
97
98
99
15
17
14
16
21
22
30
31
42
48
51
61
66
74
81
13
18
19
23
24
25
32
33
34
36
39
40
43
45
47
52
56
57
60
62
70
71
73
76
79
80
84
85
86
87
20
26
27
28
41
46
49
50
53
54
55
58
59
63
67
68
69
72
77
78
82
83
88
29
35
37
38
44
64
65
75
89
12
91
90
9
11
8
10
92
5
6
94
7
93
4
96
95
3
2
1
61
66
42
48
51
62
74
31
40
52
71
30
36
39
45
57
60
17
32
33
43
47
56
70
73
34
59
97
15
16
25
46
49
55
67
22
41
54
58
63
68
72
76
81
0
21
23
24
50
53
65
69
77
80
28
38
27
37
64
79
26
29
35
75
18
19
44
78
84
85
87
20
82
86
14
83
13
88
98
89
91
99
12
90
9
11
92
8
94
10
5
4
7
6
93
61
66
48
51
96
42
40
62
52
74
31
36
30
39
45
71
33
47
57
60
32
43
56
34
17
41
73
46
49
55
38
59
70
25
50
53
37
54
58
28
35
63
67
22
23
24
29
44
16
27
65
68
72
21
26
69
64
15
19
76
81
18
20
95
75
77
79
80
3
78
14
82
84
13
87
83
85
61
66
86
48
51
42
40
62
52
88
74
31
36
39
45
71
30
2
47
57
33
43
60
89
32
56
34
73
41
46
49
55
12
59
70
38
11
50
53
58
9
17
37
54
63
67
25
35
1
8
44
68
28
65
69
72
91
23
29
10
22
24
26
27
64
90
16
21
76
7
75
19
77
81
15
18
20
6
79
80
92
5
78
4
48
51
61
0
42
66
40
52
62
82
14
45
31
36
39
47
57
84
30
71
74
13
43
56
60
32
33
83
94
34
87
55
85
41
46
49
73
93
59
70
86
53
58
38
50
54
63
67
97
37
17
25
88
44
65
68
69
28
35
72
96
23
64
24
27
29
89
3
22
26
76
21
95
12
16
75
77
98
11
81
9
15
19
18
20
79
51
61
80
8
48
66
78
42
91
62
10
52
2
40
45
90
36
31
39
57
71
1
47
74
7
30
60
82
43
56
84
99
32
33
6
14
34
55
73
5
46
49
59
92
41
70
83
58
4
13
53
67
87
50
54
63
85
38
86
17
65
68
25
37
69
72
28
44
0
35
64
94
23
24
27
88
22
76
26
29
21
16
93
89
75
77
81
12
15
18
61
66
79
19
80
48
51
3
20
42
62
78
96
9
11
97
52
40
8
95
71
74
31
36
45
91
10
57
82
30
60
84
2
39
47
56
90
14
98
7
32
33
43
73
1
34
70
83
6
13
87
5
59
55
85
92
86
46
49
4
41
17
58
67
63
53
54
99
25
50
38
68
88
37
69
72
65
23
28
94
22
44
0
24
35
16
27
29
21
26
64
89
15
76
48
51
93
42
61
12
81
40
52
66
62
45
77
18
19
3
9
36
75
80
20
47
57
39
11
31
60
43
56
96
79
71
8
30
33
74
78
32
34
97
95
10
55
59
14
46
49
91
90
41
70
2
73
58
84
82
63
53
67
50
54
5
38
87
13
98
6
7
37
68
83
92
1
17
44
65
85
69
86
25
35
72
28
64
48
42
51
61
40
52
22
23
27
29
24
45
62
26
66
88
4
99
16
57
94
21
39
47
36
76
43
56
60
89
15
75
31
71
77
81
33
55
59
74
19
30
34
18
32
46
49
93
20
41
80
70
58
79
63
73
78
53
54
50
67
38
96
0
68
37
65
44
48
69
12
14
42
51
64
35
52
61
82
25
40
84
45
72
9
62
28
95
17
11
66
47
57
87
91
39
97
85
3
36
90
23
29
43
56
83
60
8
22
24
27
86
10
13
26
21
31
71
16
59
33
55
76
32
34
49
75
46
30
41
74
77
15
58
70
88
63
92
81
53
54
67
50
73
5
18
38
19
48
51
80
42
79
89
52
65
68
6
37
69
78
7
44
20
61
98
40
45
2
64
94
62
72
47
66
25
35
57
1
39
56
28
36
60
82
43
4
17
84
14
29
71
23
31
22
99
24
87
27
59
55
83
93
26
33
75
34
12
49
85
21
32
30
76
46
74
16
70
77
86
41
63
11
58
67
96
13
9
15
73
53
81
51
90
91
50
54
88
8
52
48
38
42
79
61
10
78
18
65
69
45
37
68
19
80
40
66
62
64
72
20
44
47
89
25
28
57
5
92
35
56
39
17
82
23
7
71
36
6
3
95
24
90
91
92
93
94
95
96
97
98
88
89
99
4
5
6
7
8
9
10
11
12
0
1
2
3
13
86
85
14
87
15
84
83
82
16
17
18
81
19
80
20
21
79
22
23
24
78
77
25
76
26
27
28
29
30
75
31
74
32
33
34
35
36
37
71
72
73
38
39
40
41
43
45
67
69
70
42
44
46
47
48
49
50
51
52
53
54
58
59
60
61
62
63
64
65
66
68
55
56
57
89
88
90
91
13
86
92
11
12
85
87
8
9
10
14
6
7
93
94
4
95
5
15
84
96
83
3
2
17
1
16
18
19
82
0
20
21
80
81
97
22
23
79
24
25
78
26
77
27
76
98
28
29
30
31
75
32
33
34
74
35
36
37
39
71
73
38
40
42
43
46
52
54
62
63
64
65
66
67
68
69
70
72
41
44
45
47
48
49
50
51
53
55
56
57
58
59
60
61
99
13
89
86
88
14
85
87
15
12
84
90
9
83
91
16
17
8
11
18
10
19
20
21
22
23
80
81
92
7
24
25
26
82
6
27
29
30
31
79
5
28
74
76
77
78
33
94
4
32
35
36
70
72
34
39
66
68
71
73
75
93
42
37
38
40
43
61
69
96
2
56
59
60
62
65
67
95
3
41
46
48
54
55
57
63
64
44
45
51
52
53
58
47
49
50
1
0
97
98
86
99
85
87
15
14
88
13
89
17
16
84
21
22
31
30
74
81
83
18
19
23
24
25
80
33
36
20
26
27
66
28
29
32
34
39
42
61
70
71
73
76
77
40
72
79
62
68
82
35
43
48
56
57
60
78
12
38
45
51
52
59
67
69
91
37
55
63
65
75
41
46
47
54
90
49
53
58
64
50
44
9
11
8
10
92
5
94
7
6
4
93
96
3
31
15
17
66
74
30
61
42
95
36
40
71
85
33
48
62
39
87
32
51
70
73
2
34
16
25
52
57
60
86
43
56
22
23
45
81
21
72
1
68
14
24
55
59
84
47
28
63
67
76
80
46
69
88
41
49
54
58
77
27
38
65
53
13
29
26
35
79
19
37
64
50
18
83
75
44
78
20
89
82
0
97
91
98
12
88
89
90
91
92
85
86
87
93
94
95
96
83
84
7
8
9
10
11
12
13
14
97
4
5
6
98
2
3
15
80
81
82
0
1
79
99
77
78
16
17
18
19
76
20
21
22
23
24
74
75
25
26
27
28
29
30
31
32
33
34
35
37
39
70
71
72
73
36
38
40
41
42
43
44
45
46
48
66
67
69
47
49
50
51
52
53
54
58
59
60
61
62
63
64
65
68
55
56
57
86
89
85
87
88
13
14
15
83
84
80
81
82
90
91
17
18
79
16
19
76
77
78
20
21
22
92
9
10
11
12
23
24
25
75
8
26
74
27
28
29
30
31
32
33
35
39
6
7
34
36
37
38
40
41
42
43
44
45
46
67
69
70
71
72
73
47
48
49
50
51
52
54
64
66
68
93
53
55
56
57
58
59
60
61
62
63
65
94
4
5
95
96
2
3
1
0
97
98
99
15
16
17
74
80
81
84
85
86
87
14
18
21
22
23
24
25
30
31
32
33
34
36
39
40
42
43
45
48
51
66
71
76
77
79
83
13
19
20
27
28
41
46
47
52
61
62
70
73
78
82
88
26
29
35
37
38
49
50
54
55
56
57
58
59
60
63
67
68
69
72
75
89
44
53
64
65
91
90
12
9
11
92
10
8
94
6
5
7
93
4
96
95
3
2
1
42
66
74
40
48
51
61
62
30
31
36
39
45
52
71
17
32
33
57
73
97
34
43
47
56
60
70
15
16
25
59
76
81
22
41
46
49
55
67
72
77
80
21
23
24
54
58
63
68
69
27
28
38
50
53
65
79
0
37
64
75
84
85
87
18
19
26
29
35
78
86
44
14
20
82
83
88
13
98
89
99
90
91
12
9
11
8
92
94
10
5
7
6
96
4
93
66
40
42
48
61
51
30
31
36
62
74
33
39
45
52
71
95
32
34
17
43
47
41
57
60
73
25
38
56
70
37
46
49
16
22
23
24
28
35
55
59
67
3
15
21
26
27
29
50
53
58
63
72
76
77
81
44
54
65
68
69
75
80
64
79
18
19
20
78
84
87
82
85
14
83
86
88
13
89
2
90
91
66
12
48
61
40
42
9
11
51
1
30
31
36
52
62
74
39
71
92
8
32
33
45
34
43
10
47
41
56
57
60
73
17
25
38
46
70
37
49
55
28
35
59
67
7
22
23
24
27
29
50
53
58
63
72
6
16
21
26
44
54
65
68
69
76
77
64
75
81
94
5
15
0
19
79
80
18
20
78
97
4
82
84
93
14
87
83
85
96
86
13
98
88
61
66
48
51
40
42
89
62
52
95
31
36
71
74
3
30
39
45
32
33
43
47
34
57
60
56
73
41
46
70
38
49
55
59
17
67
99
25
37
58
63
28
50
53
54
12
35
65
68
69
72
91
23
24
27
11
22
26
29
44
76
90
9
16
21
64
77
75
2
81
8
15
79
80
18
19
78
10
20
92
1
82
7
84
6
5
14
83
94
61
66
85
87
48
51
4
42
40
62
86
0
52
13
71
36
74
31
45
30
39
88
93
33
47
57
60
32
34
43
97
56
73
70
89
96
41
46
49
55
59
17
67
38
58
63
25
37
50
54
68
69
72
28
53
65
23
3
22
24
27
76
21
35
95
16
26
29
44
64
77
98
81
12
15
75
80
9
79
91
11
90
18
19
78
20
8
2
10
84
82
92
14
99
1
66
5
61
87
6
83
7
85
48
51
86
94
42
62
13
40
74
4
52
71
88
31
36
30
45
39
0
57
93
33
47
60
89
34
43
32
56
73
70
17
41
46
96
49
55
59
97
38
25
37
50
53
58
54
63
67
68
28
35
44
22
72
16
65
69
23
24
3
21
27
29
64
95
15
26
76
77
81
12
91
75
19
80
90
18
61
9
48
11
20
66
79
42
51
78
98
62
40
52
8
84
82
14
71
10
36
45
74
87
2
31
85
39
83
92
30
57
43
47
60
33
56
86
34
32
99
41
46
73
5
49
55
70
13
59
94
38
88
1
50
58
6
37
53
54
63
67
7
68
35
44
17
25
65
69
72
64
28
22
29
23
27
48
61
89
21
24
26
42
51
16
66
4
40
52
62
75
76
77
15
81
45
93
18
19
36
71
79
80
39
96
31
78
20
57
47
74
43
56
60
30
33
34
82
32
12
41
46
55
84
91
49
59
0
70
73
14
97
87
38
83
50
58
85
90
11
53
54
63
67
9
37
68
44
65
69
95
86
8
35
64
72
3
25
48
51
61
10
17
28
13
42
66
62
40
52
88
29
22
27
92
23
24
75
76
21
26
77
16
45
71
81
36
15
39
57
5
31
94
47
74
89
79
19
60
56
78
7
18
43
80
30
6
20
33
34
32
98
2
73
46
55
41
49
70
59
82
4
1
84
58
67
38
50
53
63
54
87
85
93
37
68
83
14
65
69
72
61
48
12
44
51
64
25
91
35
66
28
62
96
17
42
86
99
52
90
11
40
9
23
22
27
29
76
24
77
13
71
75
21
45
8
16
88
26
81
36
57
74
10
15
31
39
60
47
79
56
78
95
43
92
30
80
0
18
19
89
97
33
3
20
73
32
34
55
46
49
70
5
59
84
7
94
41
82
58
6
67
50
53
63
54
38
85
87
4
68
61
65
83
14
51
69
2
48
66
72
62
17
25
37
42
91
64
44
28
35
86
12
52
23
22
76
1
40
24
27
98
21
93
77
16
81
71
90
11
9
13
26
29
74
45
75
96
36
88
15
57
80
31
60
79
78
8
56
19
39
47
30
18
43
92
20
10
33
84
89
95
73
70
99
55
32
59
34
82
46
3
94
85
49
7
87
5
0
97
83
14
67
6
58
41
17
63
54
68
91
4
86
90
91
88
89
92
8
9
10
11
12
13
93
94
95
96
4
5
6
7
14
85
86
87
2
3
97
98
0
1
15
84
99
83
16
17
81
82
18
19
20
80
21
78
79
22
23
24
76
77
25
26
27
28
75
29
30
74
31
73
32
33
34
70
71
72
35
36
37
67
69
38
39
65
66
68
40
41
43
62
63
64
42
44
45
46
48
52
54
56
57
58
59
60
61
47
49
50
51
53
55
13
89
14
86
88
15
85
87
83
84
90
91
16
17
18
11
12
19
82
8
9
10
20
21
79
80
81
92
22
23
78
7
24
25
76
77
6
26
27
28
29
30
74
75
31
32
33
72
73
93
4
34
35
36
69
70
71
94
5
37
38
39
66
67
68
64
65
95
40
41
43
61
62
63
42
44
45
46
48
50
51
52
54
55
56
58
59
60
96
47
49
53
57
3
2
1
0
97
98
99
15
13
14
16
17
18
21
22
86
19
20
23
24
25
26
27
30
31
74
80
81
84
85
87
88
28
33
76
77
78
79
83
29
32
34
36
39
66
70
71
72
73
82
89
35
40
42
61
62
67
68
69
75
37
38
41
43
45
48
51
52
56
57
59
60
63
65
46
47
49
53
54
55
58
64
12
44
50
90
91
9
10
11
8
92
5
6
94
7
93
4
96
95
3
2
1
97
66
74
30
31
61
17
36
42
62
71
16
32
33
39
40
48
51
52
73
0
15
25
34
45
57
60
70
22
23
24
43
56
72
81
21
28
47
59
67
76
80
27
41
55
63
68
69
77
26
29
38
46
49
58
65
18
19
35
53
54
79
37
50
64
75
78
84
85
20
87
14
86
44
82
83
13
88
98
89
99
91
12
90
9
11
92
8
94
5
10
