5507
1111
5351
9788
3349
3766
23
6542
6191
1862
3004
8209
794
5020
6047
299
613
5985
8914
8969
8450
37
8207
8731
4094
7700
4173
835
2318
5378
8925
6574
8100
5927
4815
8841
9060
5572
227
518
6665
9261
7952
7651
3249
4826
3288
721
2061
7020
4979
5120
9502
2034
4582
5426
6589
6969
9434
8642
3536
3602
6526
8778
1484
5933
8683
60
3659
4632
7970
9358
2128
6764
9313
1466
5239
233
433
1529
5041
6143
598
7895
9444
832
2586
5575
8899
6232
6339
6359
8849
218
1182
1570
813
4903
5879
5951
821
4737
8465
9315
3600
9606
3631
6029
7040
7129
3408
3017
4548
5595
6173
9009
343
378
501
1639
3286
3684
7482
9526
429
5676
9949
1271
3271
5352
2956
7742
2218
5779
8391
3325
4400
4757
9068
550
2907
4114
6141
6869
7291
384
4106
5484
9325
424
4615
5220
5250
6147
6676
7365
8762
487
865
2424
4104
9565
4239
1838
3434
5478
1926
3045
6403
8733
1592
4449
4912
4417
5203
7722
8561
879
976
1071
1159
4616
5828
6532
8515
3967
4409
5325
8820
9424
8055
9093
290
6605
0
298
7193
7556
8108
8304
3385
4995
2433
2451
9726
2105
2673
8189
1504
8984
9414
334
3380
2182
3747
5627
7132
5867
342
2151
4097
4828
6782
7703
3109
6680
7734
1388
5297
5976
6094
3059
3530
5804
7737
8864
277
1468
2827
4817
7884
4610
4650
7305
111
8691
5058
6383
6790
6888
35
834
4851
9930
58
1413
4554
5939
6131
1434
1781
5207
5569
8690
941
1791
7372
2698
8243
2024
5960
6464
8070
1928
3936
4165
6150
6876
8368
8922
257
785
3638
4060
1870
2962
4035
5249
7940
8413
288
4215
7304
1129
5438
6368
6810
9555
1337
1402
6447
2797
4065
5383
475
989
5682
6787
9523
2569
6198
6922
8576
2307
3187
4571
7708
8716
753
2297
4842
5916
1214
7136
5454
2823
2245
6753
8325
193
379
3215
6616
8030
2718
7614
7922
30
5733
9394
9906
2990
3605
9296
9974
315
814
4902
6454
7228
7999
8099
8622
9388
9491
2942
6484
6601
7725
8393
2376
3413
4027
5154
2286
5652
8834
5525
6935
3467
5425
1945
3360
8250
5629
6221
6823
8084
9029
243
586
3178
4426
6834
9597
9871
110
1533
1647
2041
2437
5186
1614
4590
6924
4009
5113
5124
5208
4483
6343
6582
7181
9007
5735
5947
8344
9814
1706
5709
1241
3389
8319
81
1305
1371
1783
2486
2695
2747
2881
6855
7685
3949
4936
6004
6146
6600
7175
9162
1323
1724
2721
3021
4899
7381
524
3363
4271
8103
2153
4898
259
536
1319
4348
5699
716
3472
7461
8565
1018
2194
4503
7013
9531
2463
7189
9101
9215
3052
3411
8110
8850
9032
9772
3119
3702
8838
3277
5328
7816
5099
1109
3932
7309
9763
495
2439
4806
6958
1354
6448
9142
9475
9480
919
934
2796
3353
4530
5244
1080
2652
2966
6058
8822
3972
6238
8399
9019
9260
9589
2379
2462
9902
2646
3669
6200
6225
9528
1966
6399
6736
8763
9336
2026
4999
8943
1110
1903
4083
6431
9122
1776
2670
4993
6125
6966
7156
8315
2722
5848
6022
903
3817
4077
5534
7382
398
1768
2082
2410
5587
1326
9038
1350
1881
2765
5842
7223
9409
1291
3751
4136
7860
328
810
3658
5849
1672
2188
2643
3323
3933
4427
5893
2337
3809
8197
8774
1963
2660
3806
6945
1046
6751
1171
3112
7323
9751
1401
4205
8424
4763
8051
8960
1605
2357
2494
3226
5732
8353
9411
9969
1555
2536
3980
4698
5335
139
465
3846
6847
9123
9515
370
5401
1755
5563
9793
1638
5492
6487
7825
9230
1093
2746
5637
5767
8667
9271
3533
4977
5924
9485
9642
2068
3067
3151
1154
1265
3648
4141
186
931
5834
7307
886
1344
1658
7027
2278
7838
380
801
822
5134
6446
258
4016
4748
5364
7457
8139
864
1429
5242
9481
478
5331
2637
3613
4178
6120
902
642
1569
5852
6294
7271
1980
3886
4145
6893
796
2565
5589
9483
1193
7683
8852
9862
1315
1722
3222
3821
2444
2566
3190
5158
6364
7930
8981
2825
3778
7039
7233
9761
1082
3039
5112
7090
337
1550
4594
6040
1645
6102
9824
9923
984
1883
2336
3180
4079
7455
9637
8910
8998
9108
9156
7075
8011
9314
1609
8294
1340
1801
5209
8651
126
2095
2369
3034
3183
4255
8145
397
2009
9886
1049
1207
3712
3895
7682
7720
8739
7633
8807
9064
9140
4915
1277
1480
3149
8677
5604
6476
6894
7808
8685
7112
8783
9661
59
2528
3581
2792
1178
8371
9435
1157
2249
3205
6933
8538
646
1060
1234
2741
3586
9437
7580
8501
9828
3024
4664
4720
7721
7879
8888
8640
1216
5354
7458
7973
278
5081
5936
6199
3115
4336
4792
9522
4367
690
1681
2063
5480
6583
6618
177
683
3136
3816
9919
510
2020
2553
2944
7953
8832
2768
4129
5312
4308
6714
5488
6804
7532
9971
195
3688
8997
2835
4034
5675
3341
1295
5338
6967
9486
3038
8824
9322
1918
8162
9429
6409
7622
3090
8654
3556
3828
7131
9415
1953
7005
8586
3366
5496
5510
9104
722
2476
7776
1818
3998
4486
7122
8674
1933
4132
5899
7493
9898
2959
4084
6436
8303
8416
2543
4244
6046
8014
2576
2950
3575
8710
8812
9645
1694
1703
4343
4353
4653
4990
9910
3965
7581
1984
6259
6950
7229
9100
526
1936
7424
71
3233
3246
7202
8120
5206
6229
1773
5919
9869
7499
165
2352
3708
3851
4920
5165
3392
5717
6559
6731
7378
7533
8897
9413
123
3242
6516
9680
4366
5311
7730
9545
1698
4029
9743
2092
3622
3890
5321
5821
7417
8093
8851
9157
467
5949
6794
7155
8439
4171
5548
6621
8049
9796
1846
3170
5014
7158
7468
8634
127
6720
6910
7352
5552
6861
8618
486
9331
1282
3465
4689
8579
2270
873
1808
4445
6926
252
882
2133
4340
9439
317
4578
5066
6239
7019
7983
341
7496
5258
554
1907
7034
8725
9611
55
1382
3311
5591
7047
751
1865
2
5564
8376
2728
4776
7573
8038
8829
6003
6425
3088
3364
3963
4202
4651
3355
6300
9839
8122
8500
241
1213
2889
5566
6210
5487
7747
8467
1616
7713
3070
9247
9365
3074
7437
1105
2624
3073
7463
463
4941
6585
8694
1262
9005
2042
6475
8062
171
2167
2274
5984
5082
5241
3626
4248
8226
8729
9196
1744
2562
5096
652
1690
2104
6329
8498
9121
471
2093
5381
7916
6664
1387
1908
4581
5635
6111
7051
7294
543
2922
1141
4682
470
2069
2399
3793
8930
9506
469
991
2895
4482
5476
7558
8363
8996
2231
4455
4476
6898
617
1220
5556
5788
7620
1235
1498
2587
3597
4221
4910
6390
5409
7459
4043
9934
1288
3760
4246
9044
8347
1231
6512
8817
4585
8484
228
1061
2261
6132
164
5472
5870
6005
6473
7666
957
1311
6489
6520
9622
7955
1847
2475
5841
6722
391
4460
507
7572
1048
4656
6841
7694
2847
2929
6186
7082
9865
3608
9847
1689
4305
7270
7450
5446
5686
8989
159
167
3865
33
4264
237
101
2499
8478
9866
2079
3155
1200
396
975
4919
6009
7251
2685
3610
8637
9468
1815
2208
4431
3401
5166
6623
1250
7351
7390
9856
6592
8573
2112
3063
1166
2211
4957
5559
1543
7898
9821
374
2852
6350
7374
2055
7397
2806
9583
2523
4717
8503
9442
9518
4020
497
1419
5152
7585
9079
5450
9289
9341
9687
130
694
8597
582
994
3042
4819
7691
8594
8649
4062
2204
4099
5538
7546
1762
8191
93
7681
537
4701
2327
8113
1059
7054
1126
5161
8860
953
3189
8929
4820
5537
8367
1885
3877
1007
8345
411
7553
8493
8952
7220
7412
7488
2975
2049
5068
7313
2877
4037
7434
8351
7370
4972
2748
5038
9279
3840
1083
929
3002
4645
5427
6104
6428
8990
9904
1217
7693
8004
8986
2172
2876
6316
1775
2703
4256
9451
2373
8853
696
4322
6695
3020
2446
5393
447
3991
4867
9224
823
1035
3138
7487
8201
9624
9084
5980
5482
5737
3483
4304
5959
6853
7474
4361
6587
437
2623
4232
5344
8713
6613
6672
1428
5573
9953
2338
3150
9578
5651
124
1850
5065
9401
6051
6700
8672
9387
412
4262
5847
3553
4175
9884
6781
1496
2303
2401
4388
5741
10
644
1750
4866
3192
2842
685
1804
9265
675
2861
4448
9460
8578
9461
302
3591
7426
8779
4721
5889
691
3905
5240
5448
8190
9677
9980
7006
7443
607
4279
5305
1720
2658
9760
2582
2763
6609
623
9212
2190
4330
5322
1702
8689
2381
3075
9410
4660
5054
5641
8298
4850
4143
4831
6703
8323
2556
3928
614
1321
4379
9158
2625
8258
8369
8988
4380
9685
4603
7791
9698
839
4494
4797
5464
5310
6142
8
178
2394
2696
3879
6851
1479
7538
4592
5077
4015
1346
5543
4877
2240
7257
72
1655
6983
8781
3244
9719
783
5205
8065
350
8128
8886
9417
253
3384
2398
9581
6641
2014
2985
4956
75
2225
6011
8136
438
7672
9662
500
5324
8036
1493
3308
4659
948
5164
9312
6579
4783
6537
7772
3216
5132
5229
8238
8895
539
575
5479
1697
6276
3964
4878
6363
9020
395
4155
8813
1123
2701
7649
117
311
4437
6197
5456
8932
2450
2705
4840
6378
5468
5918
6816
6970
7274
8884
516
4250
7549
9729
6678
2830
6162
7759
1212
8537
6948
8991
8071
8492
1952
2057
7812
3796
4832
9579
2122
318
8220
9734
6826
1593
1524
6027
9109
1752
8581
841
1967
8784
9623
7645
4192
4697
7194
4026
8224
8946
86
6907
444
726
6673
8134
9562
3
5901
6762
8172
8287
9596
7098
1687
2925
8170
2458
6899
263
113
9427
6348
6978
4612
9773
1521
4283
4347
5056
8658
6267
808
5754
6509
6802
9802
390
1767
7964
5584
5614
8192
1435
2691
3436
6903
7106
9141
9595
5210
7420
9452
1201
1855
3462
7004
5230
6523
453
3471
115
7604
8475
2174
5500
3875
8912
9498
2046
7182
9981
5583
9357
153
9749
1812
2866
314
923
538
1898
4760
9125
4290
5088
6814
9149
4300
5758
8199
2848
949
6669
673
2334
4799
6864
3910
6351
327
2927
8976
7771
6805
9592
887
4328
1517
6421
6766
5498
7489
4940
5266
3206
7578
8773
9791
6747
1203
9392
9696
9075
6774
8627
2375
4935
8472
3962
8059
4620
4991
6079
9295
917
936
5920
8626
3043
4098
8663
262
3388
2366
963
7888
8210
7727
1100
4320
4672
2310
8736
9799
4046
5780
842
5812
6065
735
868
9619
8712
9188
5375
9167
2753
2884
2914
3861
4354
282
969
4154
7540
8632
2911
2690
5138
1016
2840
4661
2676
3382
6536
3320
9961
4317
247
2010
3044
3245
7664
8160
9959
7121
8726
1972
3898
1004
4040
7084
528
6165
1656
9269
1358
3080
1890
8255
4917
4978
5923
4179
2700
451
2672
7800
8169
9184
7329
9831
9354
3499
9497
8277
1227
1641
3993
771
5687
4772
8123
715
3359
5187
4876
8961
6874
5621
1224
4675
7750
8335
3474
8903
284
4201
6277
2619
1675
7347
1922
5064
5024
9767
7117
910
7979
1442
7068
170
6486
3196
6220
2530
5483
8269
196
1095
2145
9374
9636
4471
268
1275
3711
8684
553
3365
3077
6638
6940
7061
8270
9897
1069
5243
759
2071
5162
5921
6393
7697
908
1440
9992
3735
2677
9582
3030
4092
9126
4502
1380
2890
9348
2077
5318
1625
1784
8546
3051
4428
3848
8286
3422
8187
2407
5001
1458
5037
5878
2659
5308
7359
4011
5240
8826
9829
9078
1027
6050
4162
5605
7091
9989
1469
1552
6750
6990
2252
313
3185
6768
4846
2364
2807
1312
5031
7366
7756
579
9337
9709
6434
3143
5151
7971
6606
8455
2100
4796
9379
4710
3140
6441
25
9438
5253
6222
8075
8676
1039
4197
4764
3762
4237
6303
1602
1426
3496
8268
2948
2259
2324
5126
9712
5663
2902
5084
7399
2986
3204
9152
9861
9812
9131
1832
2263
2900
6152
1142
2436
2198
1249
9304
748
6190
9543
8385
708
5994
8882
5520
4443
930
4120
3349
5793
9811
2292
5167
2761
4848
6130
3082
9504
2207
4031
1031
9575
567
4091
492
2542
945
3402
4193
3105
5649
8548
5799
510
4008
6707
4951
1121
734
192
169
4625
2251
3715
5228
9041
4153
7331
1209
3423
7445
7627
2680
8958
3687
6824
3693
6871
9935
2667
6467
8867
4370
8536
1629
4865
1092
9888
1989
2005
2178
8843
9752
8166
8022
7041
1253
3484
1086
2425
4023
1161
2238
3137
5092
3177
5913
6556
7404
5922
5463
2053
7163
8590
1841
9695
6501
4335
5272
5908
6639
1301
2321
3550
2322
7824
2058
943
5851
6085
9175
6066
8549
2184
2708
6944
4259
3565
4695
1761
351
1902
52
1144
8625
9183
1471
146
8735
4451
3203
2282
5823
5917
9858
8083
8409
5771
7154
8947
6642
7123
9471
4168
3749
4671
6438
4357
9054
4734
1437
1499
6380
9984
1962
7504
6561
9195
9828
4436
2647
3128
1684
7767
7135
8341
8295
4980
1183
2344
5539
8758
7980
3387
7738
5347
730
7961
7781
8670
80
3000
4520
2548
2749
2149
8360
3985
3377
6497
9385
601
7032
1450
3330
8068
5931
9650
4298
6314
7141
2668
8529
9860
3444
8402
6905
2461
7946
3346
4477
3048
6433
3538
8249
8066
158
1263
5119
7367
6529
353
1981
698
5770
4325
6629
7757
9946
7696
7263
862
1119
9339
2136
7698
8350
6273
8428
1258
1023
7427
8944
5553
4923
5710
5244
7859
9834
7045
7146
3046
1834
7056
1534
9381
4355
4714
704
1991
8032
5385
4115
7822
9292
4559
3505
1528
7348
9737
1088
3123
3676
7709
8487
8861
7403
9189
7906
8012
4469
2217
8144
1286
5180
7292
1139
1181
175
884
6850
3589
4285
6510
4875
4608
8414
8955
9275
6084
1572
3881
3803
3107
7042
1954
2947
1255
1322
9294
1056
441
8072
5193
8165
9448
7462
9958
7025
9916
8971
375
1595
7085
1177
3670
2360
8173
2397
255
6779
9850
2316
2455
5509
9605
9700
9970
7615
4968
9633
3370
8647
4922
2707
6358
6514
3904
8194
309
4756
3113
3227
6334
8448
3230
4658
2295
7475
8435
820
8313
650
5798
6367
1711
8456
6687
9558
6054
2936
6932
2283
7885
4859
1232
8780
3966
5505
4247
6627
4238
8750
4041
6538
7570
945
8550
6564
3169
3554
6860
2752
3087
9062
634
7826
6963
6951
61
4492
9378
1337
6701
4637
163
3106
3255
1743
8532
6746
8938
5136
6581
405
1492
6401
4491
5619
8045
1575
764
5396
1985
6397
2118
921
4904
9844
5915
1285
1567
2319
9244
6301
6636
7217
4833
2719
4843
6934
9144
7170
8321
407
9306
2540
9615
1189
2846
3294
1066
8292
7028
344
7238
825
1231
8429
3116
2453
5435
6388
622
1102
2335
2977
5698
9301
4958
6362
1423
6799
8052
7356
5965
9638
7997
2253
8200
1096
8954
1825
8396
2937
8789
7752
978
8016
1298
3511
4947
4297
5795
2395
6100
1213
2127
5632
5814
8537
9253
7514
7332
761
9046
3703
5475
9675
136
2956
2340
7796
9759
7790
2827
8668
3551
8438
9761
7556
7655
7247
6569
3153
8256
3319
550
2024
9288
272
1570
8502
566
6530
8289
1237
9561
1014
5153
9739
8378
1769
616
4472
7956
8551
5465
7116
9049
7735
9155
2787
8704
6240
6587
3053
6384
2205
4616
9964
361
5750
5157
7988
8530
4173
213
920
3646
9489
5102
8555
4069
2815
709
2101
5981
3791
8473
5369
2092
8490
1420
5348
4483
8384
3626
5340
3925
9563
2341
4535
6500
9050
819
1444
9418
7984
8498
204
6721
9825
6809
3096
9397
1644
3424
8563
1921
7096
8158
8235
1996
9142
448
2377
900
8417
6064
32
9111
6847
1571
1042
2126
8463
9691
2920
421
4316
9993
337
7872
4515
6236
8043
9818
2089
3490
4720
7315
9246
7635
8713
366
3476
8318
1529
4249
1271
7955
4814
4946
9731
1310
2478
7546
8504
5942
9873
4434
8558
5742
5569
1338
5022
6285
8714
355
3461
8594
1503
7601
1594
3092
1147
4468
7467
7124
9843
2193
9845
4103
2022
9099
9786
3913
4125
4858
2656
6117
9308
3011
2649
3049
889
274
9025
5992
1188
6340
7115
9327
6475
7969
7296
658
6889
9017
125
4004
7081
3765
9167
236
4133
3995
5267
5677
8517
2581
9204
9764
1040
6159
9483
1735
6982
8425
9898
2641
4984
6820
2802
8990
1584
7479
1695
9494
187
1197
2069
2621
3652
3976
3642
7622
3221
1878
6407
1666
6531
8974
1463
8399
37
2595
1198
3719
5457
3057
2636
1077
4594
8803
443
4489
9830
922
6143
8211
230
3366
7510
8610
7305
6502
8098
9864
5005
4841
3853
87
2102
7072
1021
781
9891
3548
2421
233
1001
9760
8061
2124
6346
6739
6155
8015
3072
3414
3797
5585
3109
348
4267
2346
9331
1438
8507
9170
4551
9137
3038
5405
304
6457
9660
301
318
4544
3812
9359
1891
4852
8267
5358
436
6130
4362
2246
3892
3669
5056
5976
692
72
1299
7804
737
7605
4456
7148
8662
9980
3276
2365
2631
9667
5551
5888
3364
7361
8401
6078
5445
392
2277
2113
2096
3558
1896
2608
5817
7110
7597
4084
3045
9334
1354
2655
7265
2857
6604
9892
4366
2702
5201
5456
5936
6018
2925
7334
2309
9313
7120
3533
7166
509
1335
3421
4102
9614
8422
6715
3356
6677
9235
9069
4650
8949
1119
8509
8265
1947
84
9444
4389
1297
5623
5993
6298
8826
1306
4587
7036
8059
74
6127
2462
8368
3290
1843
7626
342
395
2695
45
1497
231
2039
2851
5294
6178
3108
8370
4127
6940
1265
9353
1820
4767
874
1186
9629
295
8162
5597
4484
3432
7162
7999
3969
9138
7973
8883
4896
6092
579
5402
4752
7446
2382
5495
7088
6438
2684
1865
3194
8025
2594
4346
8491
866
7912
5174
338
6723
6245
6055
515
4901
246
6218
8548
9333
3347
5822
249
8818
3542
5198
9620
4365
1103
987
7830
7506
2219
2451
7545
784
5027
1543
8379
7883
2367
2460
8003
8822
3176
1805
2772
6808
4378
7672
1127
374
724
3101
1880
4939
372
6046
8716
8672
159
8885
3518
5177
2615
4444
6702
4482
2053
2237
8759
5449
5587
1254
2010
1314
4217
7531
5764
684
1851
9462
8150
2240
4528
4991
3729
2698
5751
1568
449
4997
8663
6243
5180
8708
1810
4149
6198
5598
796
8796
323
3549
5631
8155
5009
351
1083
7159
8086
3082
7529
811
3898
6184
3906
4172
4211
952
6492
9647
1329
6872
9765
7899
6360
8509
1290
1889
7264
9596
4979
9215
1750
6442
7179
3191
3371
5485
3592
629
7209
1740
7811
6904
3876
5261
2534
4352
3567
5407
9909
8204
4512
6470
3223
5967
3192
7161
3436
6955
5701
1633
9985
5709
3566
326
3760
1369
9548
5468
9859
7903
9904
9164
1757
4035
8918
3095
8130
7521
3154
6332
5089
1859
4709
3046
269
3934
6907
5271
8271
9218
953
3881
2777
7990
2501
8857
1566
4775
3554
1874
7526
7181
6073
5296
8932
9416
3789
4128
5473
2929
1607
6569
879
6297
3688
876
2371
5346
4640
9553
3836
1080
9673
8089
4564
5510
9291
570
7019
83
6145
3988
2121
6428
8094
7009
7316
1625
1038
9027
1501
2111
8429
7732
3862
6447
311
5603
3998
891
3635
3869
8163
9300
306
1994
5786
4176
8755
7201
3245
1365
1868
4241
5181
3453
328
3511
3174
7486
8336
5266
6775
5429
9140
1626
8302
465
7331
5379
7671
4883
8248
9856
9816
1509
2402
1309
2339
7755
7764
9951
976
2480
4785
905
8541
7759
1623
5657
2262
2291
7685
3990
4248
6196
4306
3603
5183
9363
414
7668
6522
3061
1927
7921
4322
6763
3777
8153
8999
7784
6644
2078
3287
1389
2004
9409
6812
7910
4083
1095
9939
4666
5854
250
8869
5718
5916
3766
6712
3482
2179
702
5513
3937
481
2577
6284
2619
2261
3383
180
5859
6171
8732
9688
3389
1674
2119
5958
7409
7
1778
5895
7816
3670
6040
6634
3828
4388
8495
8242
8737
849
8547
2252
7320
948
5835
775
906
1818
721
797
9043
257
3743
178
3103
3406
6975
5821
3215
1448
2437
8332
9440
2058
3816
2183
5314
2964
8250
9500
5662
362
5628
605
1895
4080
4875
6106
1977
2015
5669
282
1732
3638
5447
1999
284
2924
4262
703
9385
8614
780
7802
6211
7559
8525
9642
533
1993
2331
627
963
6580
4155
6591
127
6048
256
2361
688
5399
7204
3259
5423
3018
5728
7592
5622
7838
7258
4053
4166
5146
7909
5557
7069
4519
5301
6226
5712
5836
7657
3899
5071
1724
7878
8132
3080
9111
9865
664
2304
2372
4092
3996
6324
4024
4123
5582
9177
2693
1263
2272
2512
5083
7462
9286
7417
4478
278
1751
5455
3571
9208
9733
7949
4380
8892
7834
209
1536
168
8412
1593
2101
4439
62
8467
2654
155
4007
1232
4511
7538
1460
47
1398
7987
5908
4872
6518
9371
1116
1156
5154
2477
5687
6722
977
5766
3794
4626
2914
7623
9276
1742
2513
7537
9161
611
7008
4699
5511
1094
6549
2431
4513
4348
8618
4385
919
8210
295
3636
226
5893
3076
4003
7471
7612
8100
2474
2821
4298
3164
7680
4201
2264
3216
1814
3183
2768
11
7302
800
6087
5242
2124
318
5318
2557
967
2791
9236
6677
1848
3352
7373
4754
5209
3622
9261
9139
63
8788
2984
6479
7049
4677
1782
6499
4249
7177
2214
7766
2296
2038
3765
3724
3121
1175
1244
142
5444
7278
6863
9271
3108
6585
107
3910
207
7306
583
4351
8790
8281
7188
2060
3133
7148
9115
358
1489
9810
7993
8413
3530
5824
9486
2258
2919
8161
5917
3812
2320
4721
3336
8245
1295
5770
5968
4761
7904
9113
2155
4889
7992
9792
2143
6618
6967
1361
1522
4749
9386
1021
9526
6337
4194
9109
6181
2927
6215
5206
2326
2106
485
5553
9087
4725
2673
1924
1540
3291
2006
8262
4124
2757
8498
5507
9611
9653
2736
6429
6724
5839
3427
1706
1061
8450
9742
2265
5105
2299
9561
9538
6277
8062
5144
6322
6674
792
2373
2995
2883
5196
6759
5711
1959
9044
1317
2172
9556
1337
2574
4043
3892
4790
5785
6695
6251
6331
3708
5876
4381
5699
691
5626
7594
7539
9426
3490
7390
2184
9814
5613
4960
5448
7492
739
3755
7710
4425
1082
7023
1729
1046
8599
1415
9877
3542
2861
5565
3991
4187
3422
5409
3144
3462
572
9564
834
1274
487
6743
1733
965
6679
2849
7197
598
4888
9143
9803
6795
5342
5424
9379
6240
4349
9913
7452
5685
9091
5470
828
6037
3940
8269
2158
7182
7555
9202
2019
6122
8220
9763
7864
6082
2976
5092
3464
3798
907
5971
9716
7047
5344
7113
9330
9995
1117
3234
2368
6684
3786
1318
8545
7130
1584
2733
7448
8779
5784
6265
8587
6658
6599
275
9346
7490
995
420
4498
1397
8444
5941
3282
2732
5431
3795
4718
8544
1097
5099
7273
2027
1634
5541
9870
6953
9384
9319
9377
3313
3391
6715
4185
1039
1357
8911
7402
8037
7092
8282
9480
7052
9006
124
5979
1407
9074
9739
3706
2874
3220
7911
3955
3113
7351
6022
6624
3127
3842
1819
5526
8574
3780
3931
6168
1853
860
2891
1966
1657
8509
375
1681
3888
7645
7391
2425
1346
5660
4327
6129
5097
6487
4793
9822
3104
5187
7336
7317
8508
7655
1502
2555
3763
5502
2035
1794
8470
2310
3959
8343
8899
1150
6548
5462
5579
4491
6320
7527
3213
3001
4377
2641
7116
8383
8711
7931
427
4044
2598
1091
9064
9926
1518
6961
1359
7198
7787
4934
9608
3629
7359
9206
1223
6475
5250
9194
6401
4772
1562
5292
5504
5363
5370
9686
8868
9071
9581
8055
9435
3394
8217
3683
4232
1973
4766
3056
1881
6262
7522
1505
1237
7941
4827
6477
2780
5110
2978
3335
8109
5287
5213
8346
7507
6281
6721
3770
9937
3717
7254
961
6245
1399
4821
6690
9876
8285
3901
5387
7572
8854
2012
8447
6849
9577
2653
6228
8558
4789
5645
7006
5584
1843
6546
382
8594
8507
5975
5434
8644
8730
2088
1498
6212
1279
9092
8072
3809
4633
2661
9506
795
101
173
5437
8234
4398
2383
2165
5392
5397
7146
4412
7239
1726
3601
6579
187
5864
8437
4861
9655
5396
2554
1230
4890
4886
3411
629
7788
4064
6661
4382
3055
8635
9032
2139
2710
8321
8033
199
2022
7442
6837
195
4211
8858
9219
7857
4516
7245
7158
9460
8616
7854
9915
4939
2095
714
6457
5369
7384
7922
5212
7744
6424
586
4223
8099
8991
5404
4596
7421
686
7708
9015
7752
2275
3900
7072
4323
514
4459
5734
16
8672
4427
3847
6235
4268
2721
4284
7076
3211
1071
2406
6817
9485
2145
1743
5808
3332
9010
1764
2417
1075
3158
197
4225
5096
60
6402
2323
1791
4770
8742
4798
9472
6456
8541
3952
8551
9437
1573
5317
2427
6591
7845
4841
5475
3591
8655
8429
8632
8988
9360
4042
2438
544
7176
1589
1975
8368
5084
1405
1871
7247
3434
1635
121
3285
3570
6997
361
7565
8876
8492
1847
2534
5870
370
2723
565
9126
3756
8645
2917
3270
3916
4806
1086
71
7827
1313
3400
233
8048
803
6051
6784
1834
9056
9825
6951
7017
7866
8607
7500
9710
4139
5846
4535
3902
4112
932
1490
2563
8454
9618
8548
7078
6576
7948
2482
3197
3704
6349
7248
7395
4317
9828
3657
6696
6942
2050
4242
9779
8460
1259
7713
462
3537
6252
5480
9667
1298
7475
9270
1703
9680
644
7976
6180
1449
2260
6568
5695
5074
9916
9412
7418
2709
7955
5642
5601
5239
6420
8053
3576
6490
7686
1941
9438
759
9648
3581
8087
6891
1630
4415
6625
1775
6870
3739
6963
3345
1997
7724
6892
2151
6632
8591
6411
3744
5481
6571
2715
8506
9639
3095
6079
9033
9661
4324
3709
14
7208
844
8143
1613
3725
9541
5730
498
2981
8328
6665
7891
8754
4720
8213
5799
8862
271
9949
2634
1832
8089
1289
534
3510
396
4310
9829
3607
2760
353
1458
8311
9607
6968
7916
96
6820
6399
2081
4350
8535
3971
3229
9023
5318
2827
1437
625
2288
901
3146
4076
5864
7684
7001
9924
7619
2252
5484
1195
9080
1644
8145
5784
6647
6435
3073
7917
9269
1436
912
5948
8518
4602
865
6996
6443
8826
410
4228
8409
9558
6326
8660
1510
9662
8310
1412
1559
2046
4614
1341
8985
2113
103
8035
301
7939
3043
3526
1198
4514
442
1078
3665
6652
7299
9874
2855
7267
1476
1765
381
3280
5567
8571
5778
4611
1606
8867
853
8860
9729
4440
7943
287
653
2423
5667
1217
871
605
3421
2127
3869
7557
1316
4193
781
2321
3308
8987
7195
7658
2584
2543
1141
7531
8298
329
9682
6676
5755
8930
4165
7295
2296
3029
2880
3676
9871
6702
8585
5668
5330
9911
2537
6295
2619
404
2327
418
9928
9869
4628
4616
5924
6563
439
3053
5038
9380
212
5252
4475
5777
1755
9176
1422
9936
1756
7934
4744
3245
8597
6640
7994
2066
6501
2334
1957
3089
4863
4764
5056
5910
5045
5451
1070
400
3274
551
9656
1979
4703
4087
4850
7263
883
1870
5719
9405
6493
5813
650
9775
1025
7139
206
6873
285
6430
4620
1597
9419
1250
7353
9117
3250
1790
7799
7432
9367
1844
7165
7715
7057
5244
2403
7374
2934
6752
2025
777
5412
2019
5034
1948
8929
2224
6723
547
7497
1829
5519
2975
3263
328
3574
8979
9854
1060
2248
7323
5657
3711
4347
641
6289
5182
3661
2751
7702
9179
2601
6805
7828
2501
9492
9540
812
5720
3273
1033
4977
1856
7201
9980
2203
640
3721
7422
6655
1287
8167
1054
4090
4867
737
4393
2903
5800
9176
6342
1306
9306
5014
5450
5606
6470
9633
890
2103
9501
5470
5765
7317
7580
8366
9268
5760
3685
4737
3134
6084
916
3668
7750
546
4488
8272
2175
8921
3190
9811
629
7986
1560
9399
3237
9000
548
2269
6648
8656
5149
5542
8291
9579
1329
4148
5804
1090
3424
7579
3931
2718
9251
3206
9205
253
2939
3153
2692
2256
9303
4774
9770
6659
5086
5241
6749
6778
5378
205
6099
9801
2708
4819
7170
4422
7615
3106
8758
9098
182
9210
6514
8011
1293
1647
3688
9503
4269
3984
2133
6960
3074
2899
4015
8077
3899
9290
9320
4244
6767
8951
4348
874
6201
5125
3655
5889
4630
9229
2108
7035
2085
9328
6983
8223
3404
4053
1578
4362
3492
8385
4789
892
7297
5283
1937
5954
6795
8687
5312
6415
1221
4151
8706
9351
8344
2610
6167
745
5275
1516
5217
6746
4085
6921
4647
5549
6062
2336
6832
4374
9083
1447
5654
3319
9642
2205
5634
4378
1810
6759
9381
4252
3252
2153
5296
7672
449
6134
341
4083
7885
7618
8495
2040
5839
4903
4877
4558
9972
3452
482
2515
3364
9549
5148
7056
3413
8638
2065
3337
7253
1485
6171
761
910
7329
7549
2159
7923
791
2528
3960
383
6425
6044
8953
8889
7745
3854
2714
3236
3889
9147
719
9979
6949
7929
900
2548
9645
758
5246
3462
3112
4457
