75
884
612
610
211
17
488
837
394
156
441
192
832
46
152
609
576
911
532
107
63
594
712
841
939
278
485
815
195
91
100
316
232
208
85
870
103
795
47
179
968
224
120
956
88
919
520
875
648
908
240
295
980
733
822
133
466
738
693
79
957
509
445
871
389
791
831
499
587
898
823
106
146
991
734
785
396
598
555
710
937
428
735
819
694
943
606
974
948
641
786
533
422
30
142
474
280
748
687
402
246
588
53
586
754
563
663
519
168
582
297
65
835
508
826
114
182
357
127
601
10
779
356
458
895
953
744
675
241
292
501
717
258
154
973
270
21
312
268
490
778
222
570
421
513
912
453
348
153
902
220
674
69
215
362
522
294
566
477
537
697
200
659
627
504
438
457
561
909
947
346
903
526
83
33
852
925
265
528
157
184
434
543
411
704
656
28
964
219
150
40
886
144
658
600
0
673
19
230
761
371
495
276
448
985
48
525
617
739
330
864
322
544
767
62
373
87
762
175
487
261
702
372
407
22
638
523
43
885
660
180
510
887
521
825
471
121
863
965
296
247
611
539
92
308
476
701
202
412
746
39
882
503
742
383
726
274
116
843
29
284
111
901
328
130
927
287
768
277
565
970
393
546
73
888
323
403
391
129
703
511
464
439
339
140
58
654
76
413
541
317
959
631
805
162
126
944
640
68
187
954
268
425
213
639
530
493
26
306
994
2
395
337
35
602
666
74
585
239
866
386
31
751
341
427
807
285
650
155
204
878
562
189
302
812
788
336
859
468
992
587
828
119
729
936
641
258
154
772
671
25
629
814
440
14
368
409
228
104
220
652
65
830
712
710
934
263
437
610
229
615
766
689
534
877
893
559
166
706
870
709
157
47
97
694
112
950
477
790
271
630
7
892
970
619
955
754
760
832
855
717
590
807
347
715
249
567
957
307
718
690
638
850
762
956
741
275
351
321
634
581
38
511
940
661
907
257
30
430
964
498
922
682
909
758
995
841
915
365
19
380
455
476
975
552
969
116
596
461
361
6
15
521
391
751
395
688
338
54
801
227
314
296
588
646
932
862
278
59
27
295
156
167
350
7
35
240
46
959
798
573
834
11
33
886
856
255
96
385
431
141
4
294
168
857
118
289
779
232
601
37
992
341
747
501
504
357
963
550
693
272
533
718
241
642
912
23
981
138
837
920
995
304
342
519
745
243
589
457
891
970
473
943
666
41
690
812
789
380
671
174
655
903
869
153
451
152
576
730
474
358
130
280
818
844
889
250
884
175
151
855
343
637
985
902
311
479
150
665
197
679
409
529
230
983
672
353
799
317
111
402
235
75
237
975
233
267
217
470
956
764
127
843
647
717
790
524
931
923
960
378
206
741
123
323
162
890
144
838
35
869
619
712
784
761
315
495
957
340
688
638
753
462
855
93
375
454
142
249
839
463
730
604
745
73
161
525
231
432
9
122
53
807
326
882
823
986
827
681
251
552
434
657
752
591
738
36
568
414
473
505
346
574
134
623
259
646
624
964
382
534
955
697
