19.6
20.3
20.5
20.6
20.7
20.7
20.9
21.0
21.0
21.1
21.2
21.2
21.2
21.2
21.2
21.3
21.4
21.4
21.5
21.5
21.5
21.5
21.5
21.5
21.6
21.6
21.6
21.6
21.7
21.8
21.8
21.8
21.8
21.8
21.9
21.9
21.9
21.9
21.9
22.0
22.0
22.0
22.0
22.0
22.1
22.1
22.1
22.1
22.1
22.2
22.2
22.2
22.2
22.2
22.2
22.2
22.3
22.3
22.3
22.3
22.3
22.3
22.3
22.3
22.4
22.4
22.4
22.4
22.4
22.4
22.4
22.5
22.5
22.5
22.5
22.5
22.5
22.5
22.6
22.6
22.6
22.6
22.6
22.6
22.6
22.7
22.7
22.7
22.7
22.7
22.7
22.7
22.8
22.8
22.8
22.8
22.8
22.8
22.8
22.9
22.9
22.9
22.9
22.9
22.9
22.9
23.0
23.0
23.0
23.0
23.0
23.0
23.0
23.0
23.1
23.1
23.1
23.1
23.1
23.1
23.1
23.1
23.1
23.1
23.1
23.2
23.2
23.2
23.2
23.2
23.2
23.2
23.2
23.3
23.3
23.3
23.3
23.3
23.3
23.3
23.3
23.4
23.4
23.4
23.4
23.4
23.4
23.5
23.5
23.5
23.5
23.5
23.5
23.5
23.5
23.6
23.6
23.6
23.6
23.6
23.6
23.6
23.6
23.6
23.6
23.6
23.6
23.6
23.7
23.7
23.7
23.7
23.7
23.7
23.7
23.7
23.7
23.7
23.7
23.8
23.8
23.8
23.8
23.8
23.8
23.8
23.8
23.8
23.8
23.8
23.8
23.8
23.9
23.9
23.9
23.9
23.9
23.9
23.9
23.9
23.9
23.9
23.9
23.9
24.0
24.0
24.0
24.0
24.0
24.0
24.0
24.0
24.0
24.0
24.0
24.0
24.0
24.0
24.1
24.1
24.1
24.1
24.1
24.1
24.1
24.1
24.1
24.1
24.1
24.2
24.2
24.2
24.2
24.2
24.2
24.2
24.2
24.2
24.2
24.2
24.2
24.2
24.3
24.3
24.3
24.3
24.3
24.3
24.3
24.3
24.3
24.3
24.4
24.4
24.4
24.4
24.4
24.4
24.4
24.4
24.4
24.4
24.4
24.4
24.4
24.4
24.4
24.4
24.4
24.4
24.5
24.5
24.5
24.5
24.5
24.5
24.5
24.5
24.5
24.5
24.5
24.5
24.5
24.5
24.5
24.5
24.6
24.6
24.6
24.6
24.6
24.6
24.6
24.6
24.6
24.6
24.6
24.6
24.6
24.6
24.6
24.6
24.6
24.6
24.6
24.7
24.7
24.7
24.7
24.7
24.7
24.7
24.7
24.7
24.7
24.7
24.7
24.7
24.7
24.8
24.8
24.8
24.8
24.8
24.8
24.8
24.8
24.9
24.9
24.9
24.9
24.9
24.9
24.9
24.9
24.9
24.9
24.9
24.9
24.9
24.9
24.9
24.9
25.0
25.0
25.0
25.0
25.0
25.0
25.0
25.0
25.0
25.0
25.0
25.0
25.1
25.1
25.1
25.1
25.1
25.1
25.1
25.1
25.1
25.1
25.1
25.1
25.2
25.2
25.2
25.2
25.2
25.2
25.2
25.2
25.2
25.2
25.2
25.2
25.3
25.3
25.4
25.4
25.4
25.4
25.4
25.4
25.4
25.4
25.4
25.4
25.5
25.5
25.5
25.5
25.5
25.5
25.5
25.5
25.5
25.5
25.5
25.5
25.5
25.5
25.5
25.5
25.5
25.6
25.6
25.6
25.6
25.6
25.6
25.6
25.6
25.6
25.6
25.6
25.6
25.6
25.6
25.6
25.6
25.7
25.7
25.7
25.7
25.7
25.7
25.7
25.7
25.7
25.7
25.7
25.7
25.7
25.7
25.7
25.7
25.7
25.7
25.8
25.8
25.8
25.8
25.8
25.8
25.8
25.8
25.8
25.8
25.8
25.8
25.8
25.8
25.8
25.8
25.8
25.9
25.9
25.9
25.9
25.9
25.9
25.9
25.9
25.9
25.9
25.9
25.9
25.9
26.0
26.0
26.0
26.0
26.0
26.0
26.0
26.0
26.0
26.0
26.0
26.0
26.0
26.0
26.0
26.1
26.1
26.1
26.1
26.1
26.1
26.1
26.1
26.1
26.2
26.2
26.2
26.2
26.2
26.2
26.2
26.2
26.2
26.2
26.2
26.2
26.2
26.3
26.3
26.3
26.3
26.3
26.3
26.3
26.4
26.4
26.4
26.4
26.4
26.4
26.5
26.5
26.5
26.5
26.5
26.5
26.5
26.5
26.5
26.5
26.6
26.6
26.6
26.6
26.6
26.6
26.6
26.6
26.7
26.7
26.7
26.7
26.7
26.7
26.7
26.7
26.7
26.7
26.8
26.8
26.8
26.8
26.8
26.8
26.8
26.8
26.8
26.8
26.9
26.9
26.9
26.9
26.9
26.9
26.9
26.9
26.9
26.9
26.9
26.9
26.9
26.9
26.9
27.0
27.0
27.0
27.0
27.0
27.0
27.0
27.0
27.0
27.0
27.0
27.1
27.1
27.1
27.1
27.1
27.1
27.2
27.2
27.2
27.2
27.2
27.2
27.2
27.2
27.2
27.2
27.3
27.3
27.3
27.3
27.3
27.3
27.4
27.4
27.4
27.4
27.4
27.4
27.4
27.4
27.4
27.4
27.4
27.4
27.5
27.5
27.6
27.6
27.6
27.6
27.6
27.6
27.6
27.6
27.7
27.7
27.7
27.7
27.7
27.7
27.8
27.8
27.8
27.9
27.9
27.9
27.9
27.9
27.9
27.9
27.9
28.0
28.0
28.0
28.0
28.1
28.1
28.1
28.1
28.1
28.1
28.1
28.1
28.1
28.2
28.2
28.2
28.2
28.3
28.3
28.3
28.3
28.4
28.4
28.4
28.4
28.4
28.4
28.4
28.4
28.5
28.5
28.5
28.5
28.5
28.5
28.5
28.5
28.5
28.5
28.5
28.5
28.5
28.5
28.5
28.5
28.5
28.6
28.6
28.6
28.6
28.6
28.6
28.7
28.7
28.7
28.7
28.8
28.8
28.8
28.8
28.8
28.8
28.8
28.9
28.9
28.9
28.9
28.9
28.9
28.9
29.0
29.0
29.0
29.0
29.0
29.0
29.0
29.0
29.0
29.0
29.0
29.0
29.0
29.0
29.1
29.1
29.1
29.1
29.1
29.2
29.2
29.2
29.2
29.3
29.3
29.3
29.3
29.4
29.4
29.4
29.5
29.5
29.5
29.5
29.5
29.6
29.6
29.6
29.6
29.6
29.7
29.7
29.7
29.7
29.8
29.8
29.8
29.8
29.9
29.9
29.9
30.0
30.0
30.1
30.1
30.1
30.2
30.2
30.2
30.3
30.3
30.4
30.4
30.4
30.5
30.5
30.6
30.6
30.6
30.6
30.6
30.6
30.6
30.6
30.6
30.7
30.7
30.7
30.7
30.7
30.8
30.8
30.8
30.8
30.9
30.9
30.9
30.9
31.0
31.0
31.0
31.0
31.0
31.0
31.1
31.1
31.1
31.1
31.2
31.2
31.2
31.2
31.3
31.3
31.3
31.3
31.4
31.4
31.4
31.4
31.5
31.5
31.6
31.7
31.7
31.7
31.7
31.8
31.8
31.8
31.8
31.8
31.8
31.9
32.0
32.1
32.2
32.2
32.2
32.3
32.4
32.4
32.5
32.5
32.5
32.5
32.6
32.6
32.6
32.7
32.7
32.8
33.1
33.1
33.1
33.1
33.2
33.2
33.4
33.5
33.6
33.6
33.7
33.9
34.0
34.0
34.1
34.1
34.2
34.3
34.3
34.3
34.3
34.4
34.4
34.4
34.5
34.6
34.8
34.9
35.0
35.0
35.1
35.2
35.2
35.4
35.4
35.5
35.5
35.5
35.6
35.6
35.8
36.1
36.1
36.2
36.3
36.5
36.6
36.6
36.6
36.7
36.7
36.7
36.8
37.0
37.0
37.0
37.1
37.1
37.2
37.2
37.2
37.5
37.9
37.9
38.2
38.2
38.2
38.3
38.5
38.8
38.9
39.5
39.7
39.9
40.2
40.6
41.0
41.1
41.7
42.3
42.5
43.2
43.5
43.7
43.9
44.3
44.3
44.5
44.6
45.8
46.2
46.4
46.4
47.2
47.6
48.9
49.0
49.0
50.8
51.1
51.8
52.3
53.1
53.3
53.3
53.4
53.8
53.9
54.0
54.0
54.7
54.8
55.0
55.2
55.2
55.4
55.5
56.2
56.2
56.5
56.6
56.7
57.0
57.1
57.1
57.2
57.2
57.3
57.6
57.7
57.9
58.1
58.2
58.4
58.7
58.7
59.4
59.5
59.8
59.8
59.8
60.1
60.3
60.3
60.4
61.3
61.4
61.5
61.5
61.6
61.7
61.7
61.8
61.9
61.9
62.0
62.1
62.4
62.5
62.5
62.5
62.6
62.6
62.8
62.9
62.9
63.0
63.3
63.3
63.4
63.6
63.6
63.8
63.8
64.0
64.0
64.3
64.3
64.4
64.5
64.5
64.6
65.1
65.1
65.3
65.7
65.8
65.8
65.9
65.9
65.9
66.1
66.2
66.7
66.7
66.8
66.8
66.9
67.0
67.0
67.3
67.7
67.8
67.8
67.9
68.0
68.0
68.2
68.2
68.2
68.2
68.3
68.3
68.7
68.9
68.9
69.0
69.0
69.2
69.8
70.0
70.5
70.5
70.7
70.8
70.8
70.8
71.4
71.5
71.5
71.6
71.8
71.9
72.1
72.3
72.3
72.4
72.4
72.4
72.6
72.6
72.6
72.7
72.7
73.0
73.0
73.1
73.1
73.3
73.6
73.7
73.7
73.9
74.1
74.2
74.2
74.3
74.8
74.8
74.9
75.0
75.1
75.1
75.6
75.8
76.4
76.4
76.4
76.5
76.5
76.6
76.6
76.7
76.9
77.0
77.2
77.2
77.2
77.6
77.8
78.0
78.2
78.3
78.3
78.5
78.5
78.6
78.8
78.8
78.8
78.8
79.0
79.1
79.5
79.6
79.7
79.7
79.8
79.9
80.3
80.4
80.4
80.8
80.9
81.0
81.0
81.2
81.4
81.5
81.6
81.6
81.8
82.0
82.5
82.6
82.6
82.6
82.8
83.9
84.4
84.4
84.6
85.0
85.4
85.6
85.8
86.0
86.0
86.1
86.2
86.3
86.9
87.1
87.1
87.3
87.8
88.1
88.5
89.0
89.1
89.3
89.3
89.5
89.5
89.9
90.0
90.1
90.1
91.5
91.6
91.8
92.9
93.1
93.4
93.4
93.8
94.4
96.7
96.8
97.0
97.5
97.9
98.1
98.4
99.0
99.1
100.1
100.9
101.5
101.9
102.3
103.0
103.2
103.8
104.1
104.7
104.8
105.2
105.2
105.7
107.5
107.6
108.8
109.0
109.1
111.7
112.0
112.2
112.7
113.6
114.7
114.8
116.2
116.4
116.6
116.9
117.0
119.0
121.9
122.0
124.9
125.2
126.6
127.1
127.4
127.8
129.0
129.2
129.3
129.4
129.9
130.0
131.0
131.5
132.3
132.6
133.0
133.1
133.8
134.0
134.7
135.9
138.0
138.0
139.6
140.7
142.9
143.0
143.5
143.8
146.2
146.9
148.3
149.5
151.6
152.7
153.8
156.1
156.7
157.3
163.6
172.1
175.0
175.9
178.6
181.8
186.3
188.7
200.9
204.0
204.3
205.1
223.1
224.7
252.5
256.0
282.2
285.2
292.1
294.1
298.4
316.0
337.7
349.6
354.8
357.8
358.6
364.7
367.2
370.8
373.1
386.6
388.9
401.2
402.0
402.6
406.4
416.5
417.5
422.2
428.6
430.8
433.6
438.3
441.4
444.7
444.9
453.9
459.8
460.1
462.2
463.9
467.1
475.2
475.9
477.4
484.9
487.3
495.5
524.7
526.0
532.4
536.6
550.4
556.5
571.6
575.7
576.6
576.9
582.5
588.5
591.0
592.5
594.8
596.7
610.8
613.4
619.6
622.5
623.5
623.6
625.6
634.3
640.5
643.4
644.3
645.4
658.4
660.0
662.8
663.7
664.7
667.0
668.0
668.9
669.5
670.3
670.5
673.6
675.4
676.1
677.9
678.7
680.1
682.1
683.0
684.1
684.8
686.5
687.7
690.6
691.7
692.4
695.0
696.2
697.1
697.9
701.6
703.5
703.6
704.4
704.7
705.0
705.1
707.0
708.5
709.0
710.6
713.8
714.6
717.5
718.7
719.0
719.1
719.5
720.1
724.4
728.6
729.9
729.9
731.1
733.1
737.7
742.7
743.6
744.2
746.6
752.4
752.4
759.4
760.0
765.5
779.0
779.7
782.0
782.9
786.1
799.1
810.8
816.9
818.6
819.2
821.8
821.9
828.9
835.7
842.9
843.4
845.0
845.7
846.3
850.8
853.0
855.7
856.4
858.4
863.6
866.7
868.7
870.5
872.0
872.3
873.5
875.0
885.2
885.8
885.9
886.4
887.4
890.1
891.9
894.3
896.1
897.1
900.2
906.9
909.0
912.6
919.0
919.7
922.8
951.0
953.8
955.2
956.8
964.3
965.7
968.9
971.3
982.7
985.3
985.7
986.8
991.1
991.5
