47
68
84
70
73
79
80
85
77
74
71
83
40
41
67
58
69
44
57
60
65
34
45
76
26
37
48
66
78
81
82
46
61
15
49
50
63
88
11
32
43
56
64
51
53
86
14
38
42
59
89
12
62
75
4
17
19
36
39
52
54
72
55
16
23
30
21
28
29
13
87
91
24
27
9
22
5
10
18
20
92
25
33
6
8
35
31
7
2
94
90
93
3
1
95
97
99
98
96
0
47
68
84
70
73
79
80
85
77
74
71
83
40
41
67
58
69
44
60
65
34
45
57
26
37
48
66
76
78
81
82
46
61
49
15
43
50
63
88
11
32
56
64
38
51
53
86
89
14
42
59
12
36
62
75
17
19
39
52
54
4
72
55
16
30
21
23
28
29
13
91
87
24
27
9
22
10
18
20
92
5
33
25
6
35
8
31
94
7
93
2
90
3
1
95
97
99
98
96
0
47
68
70
73
79
77
80
84
71
74
85
26
67
11
37
41
45
57
58
60
69
83
15
34
40
44
48
65
76
78
81
82
4
14
38
43
46
49
56
61
63
66
12
19
50
51
52
53
64
86
13
17
23
27
32
42
54
62
89
8
16
28
29
36
39
55
59
75
88
9
10
18
21
30
72
87
5
6
22
24
7
20
33
25
35
91
2
31
92
3
1
90
94
93
95
97
99
96
98
0
47
68
70
84
73
85
77
79
80
74
40
41
67
71
83
34
44
45
58
65
69
37
57
60
26
48
76
78
81
82
66
46
61
11
15
43
49
50
63
88
32
38
56
64
51
53
86
14
42
89
12
59
62
4
17
36
39
52
54
75
19
55
72
23
30
16
21
28
13
29
27
87
24
91
9
10
20
22
5
18
92
25
33
8
35
6
31
7
94
93
2
90
3
1
95
97
99
98
96
0
47
68
44
45
34
37
41
67
70
77
79
38
40
58
73
74
80
84
85
11
60
66
71
76
81
82
43
53
63
64
65
78
83
86
12
23
49
50
54
55
56
57
69
4
8
14
15
26
27
36
42
46
48
51
61
88
5
10
17
28
32
39
52
59
62
89
13
21
35
87
9
16
19
29
30
18
24
31
33
72
75
6
22
25
91
2
7
20
92
3
90
1
93
94
95
97
99
96
98
0
47
68
44
45
34
37
40
67
77
41
70
74
80
85
58
73
79
84
38
60
81
66
71
76
78
82
86
11
43
53
63
64
65
83
69
88
23
46
48
49
50
54
55
56
57
12
26
36
61
14
15
27
32
42
51
89
4
10
17
28
39
52
59
62
5
8
21
30
35
87
13
16
19
29
75
9
31
33
72
24
91
25
6
18
22
92
20
2
3
7
93
94
90
1
95
97
99
98
96
0
11
8
37
45
70
77
79
4
15
27
38
47
67
68
14
23
26
34
43
73
74
80
85
12
13
41
44
58
60
78
81
82
84
86
5
10
17
28
40
48
49
51
52
53
55
56
57
63
71
76
6
7
9
18
19
21
29
35
46
54
64
65
66
69
83
32
36
39
42
62
87
16
22
24
30
31
33
50
61
89
2
20
25
59
88
75
72
3
91
92
1
90
94
93
95
97
96
99
98
0
47
68
77
79
11
37
45
67
70
34
38
41
44
73
74
80
84
85
4
8
14
15
23
26
27
40
43
58
60
71
78
81
82
86
12
48
49
51
53
56
57
63
65
69
76
83
10
13
17
19
28
46
52
54
55
64
66
5
9
21
29
32
36
39
42
50
61
62
87
6
7
16
18
24
30
35
88
89
22
31
33
59
2
20
25
72
75
91
92
3
1
90
94
93
95
97
99
96
98
0
11
47
68
70
77
79
37
45
67
15
34
38
41
44
73
74
80
84
85
4
8
12
14
23
26
27
40
43
58
60
71
76
78
81
82
86
46
48
49
51
53
56
57
63
65
66
69
83
5
10
13
17
19
28
42
52
54
55
64
9
21
29
32
35
36
39
50
61
62
87
88
6
7
16
18
24
30
33
59
89
22
31
2
20
25
72
75
91
92
3
1
90
94
93
95
97
99
96
98
0
11
45
47
68
70
77
79
34
37
67
73
74
80
85
4
8
15
26
38
41
44
60
81
84
12
14
23
27
40
43
58
63
71
76
78
82
86
13
17
28
46
48
49
51
52
53
54
55
56
57
65
66
69
83
5
10
19
21
36
39
42
61
64
6
9
18
29
30
32
35
50
62
87
88
89
7
16
24
31
33
59
20
22
25
72
75
2
91
92
3
1
90
93
94
95
97
96
99
98
0
37
45
47
68
11
67
70
77
79
34
41
15
26
27
38
44
73
14
23
40
74
78
80
43
60
49
53
58
63
71
81
84
85
12
17
48
56
57
69
76
4
8
13
28
51
55
65
82
10
19
21
29
46
52
54
66
83
86
18
32
36
42
50
64
30
39
61
5
9
35
62
24
31
33
7
16
6
22
59
87
20
25
72
75
88
89
2
3
91
92
1
90
94
93
95
97
99
96
98
0
50
41
47
37
48
49
53
40
54
55
51
45
56
26
43
44
52
42
84
78
4
5
27
37
79
82
83
85
7
14
15
17
18
21
25
26
29
30
33
81
87
2
8
11
23
31
34
40
67
77
80
86
88
89
6
9
13
20
24
32
36
38
41
76
10
19
22
28
35
44
53
63
69
1
3
42
45
68
70
73
74
91
92
12
39
43
56
59
60
65
71
72
75
16
50
61
62
64
90
49
57
58
66
47
48
55
46
93
94
52
54
51
95
97
96
0
99
98
27
15
17
21
23
26
37
14
18
11
19
24
25
29
30
34
40
20
22
28
31
32
33
38
41
67
13
36
44
45
73
78
79
10
12
16
35
42
47
53
68
69
70
74
77
9
39
43
63
71
76
80
81
48
49
50
56
60
65
7
8
46
55
57
58
59
61
62
66
72
84
4
5
51
52
54
64
75
82
83
85
6
86
2
87
3
88
89
1
91
92
90
93
94
95
97
96
0
99
98
37
27
47
44
45
15
53
41
26
23
40
11
17
38
14
34
49
48
18
21
67
19
29
28
30
43
50
24
33
39
31
55
56
22
25
42
10
32
36
46
52
57
9
13
20
51
79
4
5
35
54
60
63
78
12
69
70
73
65
68
8
16
7
77
58
59
84
71
62
74
6
61
81
64
80
82
76
85
66
2
83
72
3
75
86
87
37
44
45
27
41
47
40
89
1
23
26
48
38
42
49
31
39
30
53
24
43
50
92
19
34
17
33
21
28
18
29
35
51
88
15
46
55
32
22
52
56
54
11
57
10
36
91
25
94
65
20
67
0
63
59
60
14
70
12
58
68
79
62
73
16
90
69
9
13
5
71
64
78
61
66
4
45
74
7
44
37
8
84
80
72
40
41
82
76
27
47
81
48
98
6
42
83
96
75
93
77
49
31
39
23
30
33
51
38
24
53
26
34
43
46
19
50
55
21
28
29
35
52
22
54
86
3
95
18
56
87
59
2
63
17
99
32
57
97
15
58
65
60
70
67
25
62
36
10
85
45
66
20
68
11
44
61
71
64
47
73
48
69
12
37
79
49
84
88
89
4
82
85
5
83
86
87
91
92
2
79
1
6
8
77
81
90
3
7
11
78
80
14
15
26
27
93
94
9
13
17
18
21
23
37
10
12
19
29
30
34
76
20
22
24
25
28
33
74
16
31
32
35
38
67
73
75
36
40
41
68
70
71
95
97
63
69
39
42
44
45
60
65
66
72
96
43
58
62
64
99
53
59
0
47
57
61
98
46
48
49
55
56
50
52
51
54
15
11
14
17
78
79
18
23
26
77
12
13
19
21
27
10
74
76
80
81
9
16
20
37
73
22
24
25
29
67
70
84
28
34
68
75
82
30
69
71
83
85
7
8
31
32
38
40
33
41
86
4
5
36
72
35
44
45
39
63
6
42
43
65
66
87
60
47
64
58
61
62
2
46
53
59
48
49
56
57
88
3
50
55
51
52
54
89
1
91
92
90
93
94
95
97
96
0
99
98
37
67
45
41
44
47
27
79
11
40
53
68
15
26
70
34
14
78
23
17
38
73
49
63
77
84
56
60
69
21
43
48
18
50
57
4
42
55
65
8
29
30
32
58
71
19
36
51
52
74
28
46
54
24
33
13
80
81
10
31
61
62
66
85
5
12
20
22
25
64
9
59
76
35
39
16
7
82
72
83
6
75
86
2
87
3
88
89
1
37
45
67
47
41
91
53
44
92
40
50
49
56
68
27
11
26
48
79
38
43
55
70
34
42
51
60
63
90
15
54
52
57
58
65
46
73
59
69
14
39
62
23
30
32
71
29
33
78
61
64
77
93
94
35
66
74
36
17
28
84
80
19
21
31
76
81
82
18
72
10
13
12
22
24
25
83
45
75
4
8
85
20
47
53
86
9
44
37
67
5
41
87
16
40
49
50
56
7
48
43
95
55
97
51
52
60
54
70
38
63
65
68
96
27
57
58
59
46
2
42
0
88
6
89
39
99
34
62
73
26
98
69
71
35
79
33
61
29
30
32
64
31
23
66
3
36
17
28
11
45
78
19
15
74
91
92
14
24
18
22
25
53
44
47
76
72
1
21
49
37
80
41
10
48
20
43
82
4
50
81
55
12
75
84
40
77
56
67
90
9
5
38
83
13
94
51
54
86
52
59
60
63
65
70
16
42
58
27
8
39
87
68
57
93
62
73
7
46
26
85
33
6
31
64
32
34
79
71
29
30
35
89
17
84
26
15
17
21
79
82
85
14
20
23
25
27
37
77
78
80
81
83
86
87
88
89
4
8
11
18
19
24
28
29
30
32
33
34
76
5
7
13
22
31
36
38
40
41
67
70
73
74
92
6
9
10
12
16
35
68
69
91
2
43
71
1
3
39
44
45
75
42
47
60
61
63
64
66
72
93
94
46
58
59
65
90
48
49
53
57
62
50
56
52
55
51
54
95
97
96
99
98
0
37
26
77
79
84
11
14
15
23
27
34
38
40
41
44
45
47
67
68
70
73
78
80
81
85
4
8
13
17
18
21
28
29
30
32
36
43
63
69
71
74
76
82
83
86
5
7
9
10
12
19
20
22
24
25
31
33
35
39
42
48
49
53
56
57
58
60
65
87
6
16
46
50
51
52
54
55
59
61
62
64
66
88
89
72
75
2
3
91
92
1
90
93
94
95
97
96
99
98
0
37
45
47
67
79
11
14
15
23
26
27
34
38
40
41
44
68
70
73
77
78
80
84
85
4
8
13
17
18
21
43
48
49
53
56
58
60
63
65
69
71
74
81
83
5
7
9
10
12
19
24
28
29
30
32
36
39
42
46
50
51
52
54
55
57
76
82
86
6
20
22
25
31
33
35
59
61
62
64
66
87
16
72
75
88
2
89
3
1
91
92
90
93
94
95
97
96
99
98
0
37
45
47
79
11
14
15
23
27
34
38
41
44
67
68
77
78
84
4
8
10
13
17
18
21
26
40
43
48
49
53
56
63
70
73
74
80
81
83
85
5
7
9
12
19
24
28
29
30
32
36
39
42
50
51
52
54
55
57
58
60
65
69
71
76
82
86
6
20
22
25
31
33
35
46
59
61
62
64
66
87
2
16
72
75
88
89
3
1
91
92
90
93
94
95
97
96
99
0
98
37
45
47
79
11
15
26
27
34
38
40
41
44
67
68
77
78
84
4
8
13
14
17
18
21
23
43
48
49
50
53
56
60
63
70
73
74
80
81
85
5
7
9
10
12
19
24
28
29
30
32
36
39
42
46
51
52
54
55
57
58
65
69
71
76
82
83
86
6
20
22
25
31
33
35
59
61
62
64
66
87
16
72
75
88
2
89
3
1
91
92
90
93
94
95
97
96
99
0
98
37
79
11
14
15
26
27
34
38
44
45
47
67
68
70
77
78
80
84
85
4
8
10
13
17
18
21
23
40
41
43
53
56
60
63
73
74
81
82
83
5
7
9
12
19
24
28
29
30
32
36
42
48
49
50
51
54
55
57
58
65
69
71
76
86
6
20
22
25
31
33
35
39
46
52
59
61
62
64
66
87
2
16
72
75
88
89
3
1
91
92
90
93
94
95
97
96
99
0
98
