179.3
179.3
179.3
179.3
179.3
179.3
179.3
179.3
179.3
179.3
179.3
179.3
179.3
179.3
179.3
179.3
179.3
179.3
179.3
179.3
179.3
179.3
179.3
179.3
179.3
179.3
179.3
179.3
179.3
179.3
179.3
179.3
179.3
179.3
179.3
179.3
179.3
179.3
179.3
179.3
179.3
179.3
179.3
179.3
179.3
179.3
179.3
179.3
179.3
179.3
179.3
179.3
179.3
179.3
179.3
179.3
179.3
179.3
179.3
179.3
179.3
179.3
179.3
179.4
179.4
179.4
179.4
179.4
179.4
179.4
179.4
179.4
179.4
179.4
179.4
179.5
179.5
179.7
179.7
179.7
179.7
179.7
179.7
179.7
179.8
179.8
179.9
180.0
180.0
180.1
180.1
180.2
180.2
180.2
180.2
180.3
180.4
180.6
180.7
180.8
183.9
183.9
183.9
183.9
183.9
183.9
183.9
183.9
183.9
183.9
183.9
183.9
183.9
183.9
183.9
183.9
183.9
183.9
183.9
183.9
183.9
183.9
183.9
183.9
183.9
183.9
183.9
183.9
183.9
183.9
183.9
183.9
183.9
183.9
183.9
183.9
183.9
183.9
183.9
183.9
183.9
184.0
184.0
184.0
184.0
184.0
184.0
184.0
184.0
184.0
184.0
184.0
184.0
184.0
184.0
184.0
184.0
184.0
184.0
184.0
184.0
184.1
184.1
184.1
184.1
184.1
184.1
184.1
184.1
184.2
184.2
184.2
184.2
184.2
184.2
184.4
184.4
185.0
185.0
185.0
185.0
185.1
185.1
185.1
185.3
185.3
185.3
185.6
185.6
185.7
185.8
186.0
186.1
186.1
186.1
186.2
186.4
186.7
187.0
187.3
187.4
187.5
187.5
187.5
187.5
187.5
187.5
187.5
187.6
187.6
187.6
187.6
187.6
187.6
187.6
187.6
187.6
187.6
187.6
187.6
187.6
187.6
187.6
187.6
187.7
187.7
187.7
187.7
187.7
187.7
187.7
187.7
187.7
187.7
187.7
187.7
187.7
187.7
187.7
187.7
187.8
187.8
187.8
187.8
187.8
187.8
187.8
187.8
187.8
187.8
187.8
187.8
187.8
187.9
187.9
187.9
187.9
187.9
187.9
187.9
187.9
188.0
188.0
188.0
188.0
188.0
188.1
188.2
188.3
188.3
188.3
188.3
188.4
188.4
188.5
188.7
188.9
189.8
189.8
189.9
189.9
190.0
190.0
190.1
190.3
190.5
190.6
190.8
190.9
190.9
191.2
191.5
191.7
191.8
191.9
191.9
191.9
191.9
191.9
192.0
192.0
192.0
192.0
192.1
192.1
192.1
192.1
192.1
192.1
192.1
192.1
192.2
192.2
192.2
192.2
192.2
192.2
192.2
192.2
192.2
192.3
192.3
192.3
192.3
192.4
192.4
192.4
192.4
192.4
192.4
192.4
192.5
192.5
192.5
192.5
192.5
192.5
192.5
192.5
192.5
192.6
192.6
192.6
192.6
192.6
192.6
192.6
192.6
192.6
192.6
192.7
192.7
192.7
192.8
192.8
192.8
192.8
192.8
192.9
192.9
192.9
192.9
193.0
193.1
193.2
193.2
193.3
193.3
193.3
193.3
193.5
193.5
193.6
193.7
193.9
194.1
194.3
195.0
195.1
195.1
195.1
195.2
195.2
195.2
195.2
195.3
195.3
195.3
195.3
195.3
195.3
195.4
195.4
195.5
195.5
195.5
195.5
195.5
195.5
195.5
195.6
195.6
195.6
195.6
195.7
195.7
195.7
195.7
195.7
195.7
195.7
195.7
195.7
195.8
195.8
195.8
195.8
195.8
195.8
195.9
195.9
195.9
195.9
195.9
195.9
196.0
196.0
196.0
196.0
196.0
196.0
196.0
196.0
196.0
196.0
196.1
196.1
196.1
196.1
196.1
196.1
196.1
196.2
196.2
196.2
196.2
196.3
196.3
196.3
196.4
196.4
196.4
196.4
196.5
196.5
196.6
196.6
196.7
196.9
197.0
197.0
197.1
197.1
197.1
197.1
197.2
197.3
197.4
197.4
197.5
197.5
197.8
198.1
198.3
198.4
198.5
198.5
198.5
198.5
198.6
198.6
198.8
198.8
198.8
198.9
198.9
198.9
198.9
198.9
198.9
198.9
199.0
199.0
199.0
199.1
199.1
199.1
199.1
199.1
199.1
199.1
199.2
199.3
199.3
199.3
199.3
199.3
199.4
199.4
199.4
199.4
199.4
199.4
199.5
199.5
199.5
199.5
199.5
199.5
199.5
199.5
199.5
199.6
199.6
199.6
199.6
199.6
199.7
199.7
199.7
199.7
199.7
199.7
199.7
199.7
199.8
199.8
199.8
199.9
199.9
199.9
200.0
200.0
200.1
200.1
200.2
200.2
200.2
200.2
200.2
200.3
200.3
200.3
200.4
200.4
200.8
200.8
200.9
200.9
201.0
201.1
201.1
201.1
201.5
201.5
201.7
201.9
202.1
202.1
202.1
202.1
202.2
202.2
202.2
202.3
202.3
202.3
202.4
202.4
202.4
202.5
202.5
202.5
202.5
202.5
202.5
202.6
202.6
202.6
202.6
202.6
202.6
202.7
202.7
202.7
202.7
202.7
202.7
202.8
202.8
202.8
202.8
202.8
202.8
202.8
202.8
202.9
202.9
202.9
203.0
203.0
203.0
203.1
203.1
203.1
203.1
203.1
203.1
203.2
203.2
203.3
203.3
203.3
203.4
203.4
203.4
203.4
203.5
203.6
203.6
203.6
203.6
203.8
203.8
203.8
203.9
203.9
203.9
204.0
204.0
204.0
204.0
204.0
204.1
204.2
204.3
204.4
204.5
204.6
204.7
204.7
204.9
205.0
205.0
205.1
205.1
205.2
205.2
205.2
205.3
205.3
205.3
205.3
205.3
205.4
205.4
205.4
205.5
205.5
205.5
205.6
205.6
205.6
205.6
205.6
205.7
205.7
205.7
205.7
205.7
205.7
205.7
205.8
205.8
205.8
205.8
205.8
205.9
205.9
205.9
205.9
205.9
205.9
205.9
206.0
206.0
206.0
206.0
206.0
206.1
206.1
206.1
206.2
206.2
206.2
206.3
206.3
206.3
206.3
206.4
206.4
206.4
206.5
206.5
206.5
206.5
206.6
206.6
206.6
206.7
206.7
206.8
206.8
206.8
206.9
206.9
206.9
206.9
207.0
207.2
207.2
207.3
207.3
207.3
207.3
207.4
207.4
207.4
207.5
207.5
207.7
207.9
208.0
208.1
208.2
208.2
208.3
208.5
208.5
208.5
208.5
208.5
208.6
208.6
208.6
208.6
208.6
208.6
208.6
208.7
208.8
208.9
208.9
209.0
209.0
209.0
209.0
209.0
209.1
209.1
209.1
209.1
209.2
209.2
209.2
209.2
209.2
209.2
209.2
209.3
209.3
209.3
209.3
209.3
209.4
209.4
209.4
209.4
209.5
209.5
209.5
209.5
209.6
209.6
209.6
209.7
209.8
209.8
209.8
209.8
209.8
209.8
209.8
209.9
209.9
210.0
210.0
210.0
210.0
210.0
210.0
210.1
210.1
210.2
210.2
210.3
210.3
210.3
210.3
210.4
210.4
210.4
210.5
210.5
210.7
210.8
210.9
210.9
210.9
211.0
211.0
211.1
211.1
211.1
211.3
211.4
211.6
211.6
211.7
211.7
211.8
211.8
211.8
211.8
211.8
211.9
211.9
211.9
211.9
212.0
212.0
212.1
212.1
212.1
212.1
212.2
212.2
212.2
212.2
212.2
212.2
212.3
212.3
212.3
212.3
212.3
212.4
212.4
212.4
212.4
212.4
212.5
212.5
212.5
212.5
212.5
212.5
212.5
212.5
212.6
212.6
212.6
212.6
212.6
212.7
212.7
212.7
212.8
212.9
212.9
212.9
213.0
213.0
213.0
213.0
213.1
213.1
213.2
213.2
213.2
213.2
213.4
213.4
213.5
213.5
213.6
213.6
213.6
213.7
213.7
213.7
213.7
213.8
213.8
213.8
213.8
213.8
213.8
213.8
214.0
214.3
214.3
214.3
214.4
214.4
214.4
214.5
214.5
214.5
214.6
214.6
214.6
214.7
214.7
214.7
214.8
214.8
214.8
214.9
214.9
215.0
215.1
215.2
215.2
215.2
215.2
215.3
215.3
215.3
215.4
215.4
215.4
215.4
215.5
215.5
215.5
215.5
215.5
215.6
215.6
215.6
215.7
215.7
215.7
215.7
215.8
215.8
215.8
215.8
215.8
215.8
215.8
216.0
216.0
216.0
216.1
216.1
216.1
216.1
216.1
216.1
216.2
216.2
216.2
216.2
216.2
216.3
216.4
216.4
216.4
216.5
216.5
216.6
216.6
216.7
216.7
216.7
216.8
216.8
216.8
216.9
216.9
216.9
216.9
216.9
216.9
216.9
217.1
217.1
217.1
217.2
217.2
217.3
217.4
217.5
217.7
217.7
217.7
217.9
217.9
217.9
217.9
217.9
218.0
218.0
218.0
218.0
218.0
218.0
218.0
218.0
218.0
218.1
218.1
218.2
218.2
218.3
218.5
218.5
218.5
218.5
218.5
218.6
218.6
218.7
218.7
218.7
218.8
218.8
218.8
218.9
218.9
218.9
218.9
218.9
218.9
219.0
219.0
219.0
219.0
219.0
219.0
219.0
219.1
219.1
219.2
219.2
219.2
219.2
219.4
219.4
219.5
219.5
219.5
219.6
219.6
219.7
219.7
219.7
219.7
219.7
219.8
219.9
220.0
220.0
220.1
220.2
220.2
220.2
220.3
220.3
220.3
220.4
220.4
220.4
220.4
220.5
220.5
220.6
220.6
220.6
220.6
220.8
220.8
220.8
220.8
220.9
220.9
220.9
221.0
221.0
221.1
221.1
221.1
221.1
221.2
221.3
221.3
221.3
221.3
221.3
221.3
221.4
221.4
221.5
221.5
221.5
221.5
221.5
221.5
221.6
221.6
221.6
221.6
221.7
221.7
221.7
221.8
221.8
221.8
221.8
221.9
221.9
221.9
221.9
222.0
222.0
222.0
222.0
222.0
222.0
222.1
222.1
222.1
222.2
222.2
222.3
222.3
222.3
222.4
222.5
222.5
222.5
222.5
222.6
222.6
222.6
222.6
222.6
222.7
222.7
222.7
222.8
222.9
223.0
223.1
223.2
223.2
223.4
223.4
223.4
223.4
223.5
223.5
223.5
223.5
223.5
223.5
223.6
223.7
223.8
223.8
223.9
223.9
224.0
224.0
224.1
224.1
224.2
224.4
224.5
224.6
224.6
224.6
224.7
224.7
224.7
224.7
224.7
224.7
224.8
224.8
224.8
224.8
224.8
224.9
224.9
224.9
224.9
225.0
225.0
225.0
225.0
225.1
225.1
225.1
225.2
225.2
225.2
225.2
225.2
225.3
225.3
225.3
225.3
225.3
225.4
225.4
225.4
225.5
225.5
225.5
225.5
225.6
225.6
225.7
225.8
225.8
225.9
225.9
225.9
226.0
226.0
226.0
226.2
226.2
226.3
226.3
226.4
226.5
226.5
226.6
226.8
226.8
226.8
226.9
226.9
226.9
226.9
226.9
226.9
227.0
227.0
227.0
227.0
227.0
227.1
227.1
227.2
227.2
227.2
227.2
227.3
227.3
227.3
227.3
227.3
227.3
227.4
227.5
227.5
227.5
227.5
227.7
227.8
227.8
227.9
227.9
227.9
227.9
228.0
228.1
228.1
228.1
228.2
228.2
228.2
228.2
228.2
228.2
228.2
228.2
228.2
228.3
228.3
228.3
228.3
228.3
228.3
228.3
228.4
228.4
228.4
228.4
228.4
228.4
228.5
228.5
228.5
228.6
228.6
228.6
228.7
228.7
228.8
228.9
228.9
229.0
229.1
229.1
229.1
229.2
229.2
229.3
229.4
229.4
229.4
229.4
229.5
229.7
229.7
229.7
229.8
229.8
230.0
230.0
230.1
230.2
230.2
230.2
230.2
230.2
230.3
230.3
230.3
230.3
230.3
230.4
230.4
230.4
230.5
230.5
230.6
230.6
230.6
230.7
230.7
230.7
230.7
230.8
230.8
230.8
230.9
230.9
230.9
230.9
230.9
230.9
231.0
231.1
231.2
231.2
231.2
231.2
231.2
231.3
231.3
231.4
231.4
231.4
231.4
231.5
231.5
231.5
231.5
231.5
231.5
231.5
231.5
231.6
231.6
231.6
231.6
231.6
231.6
231.7
231.7
231.7
231.7
231.7
231.8
231.8
231.8
231.9
231.9
231.9
232.0
232.0
232.1
232.2
232.3
232.3
232.3
232.3
232.4
232.6
232.6
232.7
232.9
232.9
233.0
233.0
233.1
233.2
233.2
233.5
233.5
233.5
233.5
233.5
233.6
233.6
233.7
233.7
233.7
233.7
233.7
233.8
233.9
233.9
234.0
234.0
234.0
234.0
234.1
234.1
234.1
234.1
234.2
234.2
234.3
234.3
234.4
234.4
234.4
234.4
234.4
234.4
234.4
234.5
234.5
234.6
234.6
234.6
234.6
234.6
234.7
234.7
234.7
234.8
234.8
234.8
234.8
234.9
234.9
234.9
234.9
235.0
235.0
235.1
235.1
235.1
235.1
235.2
235.2
235.3
235.3
235.4
235.4
235.5
235.5
235.5
235.6
235.6
235.6
235.6
235.7
235.7
235.9
236.0
236.0
236.0
236.1
236.1
236.2
236.2
236.2
236.4
236.4
236.4
236.4
236.4
236.4
236.5
236.6
236.7
236.7
236.7
236.8
236.9
237.0
237.0
237.0
237.0
237.0
237.0
237.1
237.1
237.2
237.2
237.2
237.2
237.2
237.2
237.3
237.3
237.4
237.4
237.5
237.5
237.5
237.5
237.6
237.6
237.6
237.6
237.6
237.6
237.6
237.6
237.7
237.7
237.8
237.8
237.8
237.8
237.8
237.9
237.9
237.9
238.0
238.0
238.1
238.1
238.1
238.1
238.2
238.2
238.3
238.4
238.5
238.6
238.6
238.7
238.8
238.8
238.8
238.8
238.8
238.8
238.8
238.9
238.9
238.9
238.9
239.0
239.0
239.0
239.0
239.0
239.2
239.2
239.2
239.2
239.2
239.2
239.4
239.4
239.4
239.5
239.6
239.7
239.7
239.7
239.7
239.9
239.9
240.0
240.1
240.1
240.1
240.2
240.3
240.3
240.3
240.3
240.3
240.3
240.5
240.5
240.5
240.5
240.6
240.6
240.7
240.7
240.7
240.7
240.8
240.8
240.8
240.8
240.8
240.8
240.8
240.9
240.9
240.9
241.0
241.0
241.0
241.0
241.1
241.1
241.1
241.1
241.2
241.2
241.3
241.3
241.3
241.3
241.3
241.3
241.4
241.4
241.6
241.7
241.8
241.8
241.8
241.9
242.0
242.1
242.1
242.1
242.2
242.2
242.2
242.2
242.4
242.4
242.4
242.4
242.4
242.5
242.5
242.5
242.5
242.5
242.5
242.5
242.6
242.6
242.6
242.7
242.7
242.8
242.9
242.9
242.9
242.9
243.0
243.1
243.1
243.2
243.2
243.3
243.3
243.5
243.5
243.5
243.5
243.6
243.6
243.6
243.6
243.7
243.8
243.8
243.8
243.8
243.9
244.0
244.0
244.1
244.1
244.1
244.1
244.1
244.1
244.1
244.1
244.2
244.2
244.2
244.2
244.2
244.3
244.4
244.4
244.4
244.5
244.6
244.6
244.6
244.6
244.6
244.7
244.7
244.7
244.8
244.8
245.0
245.1
245.2
245.3
245.4
245.5
245.6
245.6
245.6
245.6
245.7
245.7
245.7
245.7
245.8
245.9
245.9
245.9
245.9
246.1
246.1
246.2
246.2
246.2
246.2
246.2
246.2
246.3
246.3
246.3
246.4
246.4
246.4
246.5
246.5
246.5
246.6
246.6
246.6
246.8
246.8
246.8
246.8
246.8
246.8
246.9
246.9
246.9
246.9
247.0
247.1
247.2
247.2
247.3
247.3
247.3
247.3
247.5
247.5
247.5
247.5
247.5
247.6
247.6
247.6
247.6
247.7
247.7
247.7
247.8
247.9
247.9
247.9
247.9
248.0
248.0
248.0
248.1
248.1
248.1
248.2
248.2
248.2
248.3
248.5
248.5
248.5
248.6
248.7
248.7
248.7
248.7
248.7
248.7
248.8
248.8
248.9
248.9
248.9
249.0
249.0
249.0
249.0
249.0
249.1
249.1
249.1
249.1
249.2
249.2
249.3
249.3
249.3
249.4
249.5
249.6
249.6
249.7
249.7
249.7
249.9
249.9
250.0
250.0
250.1
250.1
250.2
250.2
250.2
250.3
250.3
250.3
250.3
250.3
250.4
250.4
250.4
250.5
250.5
250.6
250.7
250.8
250.8
250.8
250.8
250.8
250.9
250.9
250.9
250.9
251.1
251.1
251.1
251.1
251.2
251.2
251.3
251.3
251.4
251.5
251.5
251.5
251.6
251.6
251.6
251.6
251.7
251.7
251.9
251.9
252.0
252.0
252.0
252.0
252.1
252.1
252.2
252.2
252.2
252.2
252.2
252.3
252.3
252.3
252.3
252.4
252.4
252.5
252.6
252.6
252.6
252.7
252.7
252.8
252.8
252.9
252.9
252.9
253.0
253.1
253.2
253.2
253.3
253.3
253.4
253.4
253.5
253.6
253.6
253.6
253.7
253.7
253.8
253.8
253.8
253.9
253.9
253.9
254.0
254.2
254.2
254.3
254.3
254.3
254.3
254.3
254.4
254.4
254.4
254.5
254.5
254.5
254.5
254.5
254.6
254.7
254.7
254.8
254.8
254.9
255.0
255.0
255.0
255.0
255.1
255.1
255.2
255.2
255.3
255.3
255.4
255.4
255.5
255.6
255.6
255.6
255.6
255.7
255.7
255.8
255.9
255.9
255.9
255.9
256.0
256.1
256.1
256.1
256.1
256.1
256.2
256.3
256.3
256.4
256.4
256.5
256.5
256.6
256.6
256.6
256.6
256.6
256.8
256.8
257.0
257.1
257.1
257.2
257.2
257.2
257.2
257.2
257.3
257.3
257.4
257.4
257.4
257.5
257.5
257.6
257.6
257.8
257.8
257.9
258.2
258.2
258.3
258.3
258.3
258.3
258.4
258.4
258.5
258.6
258.7
258.7
258.7
259.0
259.0
259.1
259.1
259.1
259.1
259.1
259.1
259.2
259.3
259.3
259.4
259.4
259.4
259.4
259.5
259.5
259.5
259.5
259.6
259.6
259.6
259.6
259.8
259.8
259.8
259.9
259.9
259.9
260.1
260.2
260.2
260.2
260.2
260.2
260.3
260.3
260.3
260.3
260.4
260.5
260.5
260.5
260.6
260.6
260.6
260.7
260.7
260.7
260.8
261.1
261.2
261.3
261.3
261.4
261.4
261.4
261.4
261.4
261.5
261.5
261.7
261.7
261.8
261.8
262.1
262.1
262.1
262.3
262.4
262.4
262.4
262.4
262.5
262.5
262.5
262.5
262.7
262.8
262.8
262.8
263.0
263.0
263.1
263.1
263.1
263.2
263.3
263.4
263.4
263.5
263.5
263.6
263.6
263.7
263.7
263.8
263.9
263.9
263.9
264.0
264.0
264.0
264.0
264.1
264.1
264.2
264.3
264.3
264.3
264.3
264.3
264.3
264.4
264.4
264.5
264.5
264.5
264.5
264.6
264.7
264.8
264.8
264.9
265.0
265.1
265.1
265.1
265.1
265.2
265.2
265.4
265.5
265.5
265.5
265.5
265.6
265.6
265.7
265.7
265.9
265.9
266.0
266.1
266.1
266.3
266.3
266.4
266.5
266.6
266.6
266.6
266.7
266.7
266.7
266.7
266.9
267.1
267.1
267.2
267.3
267.3
267.4
267.5
267.7
267.7
267.8
268.0
268.0
268.1
268.1
268.2
268.2
268.2
268.2
268.2
268.3
268.4
268.4
268.4
268.5
268.6
268.6
268.8
268.9
268.9
268.9
269.3
269.5
269.5
269.6
269.6
269.6
269.6
269.6
269.6
269.6
269.7
269.7
269.8
269.8
270.4
270.4
270.5
270.5
270.5
270.6
270.8
270.9
271.0
271.0
271.1
271.1
271.2
271.2
271.3
271.4
271.5
271.5
271.5
271.7
271.7
271.9
272.0
272.0
272.1
272.1
272.2
272.3
272.4
272.4
272.4
272.5
272.5
272.6
273.0
273.0
273.1
273.2
273.3
273.3
273.6
274.0
274.0
274.1
274.1
274.2
274.5
274.6
274.6
274.7
274.7
274.7
274.8
274.9
274.9
275.2
275.2
275.6
275.6
276.1
276.3
276.8
277.0
277.1
277.1
277.1
277.2
277.2
277.5
277.6
277.9
278.2
278.3
278.4
278.8
278.9
279.0
279.2
279.5
279.9
280.0
280.6
280.9
281.2
281.3
281.7
282.0
282.1
282.1
283.0
283.5
284.1
285.3
285.8
286.2
288.4
288.8
289.0
289.2
289.5
290.2
292.1
296.5
296.6
301.2
301.3
507.9
507.9
507.9
507.9
507.9
507.9
507.9
507.9
507.9
507.9
508.1
508.3
509.1
509.3
509.3
509.8
509.8
509.8
509.8
509.8
509.8
509.8
509.8
509.8
509.8
509.8
509.8
509.8
510.0
510.3
510.4
510.8
511.4
512.6
512.8
513.1
513.4
513.5
513.5
513.9
513.9
513.9
514.2
514.3
514.6
514.6
514.6
514.7
514.7
514.8
514.9
514.9
515.0
515.0
515.0
515.1
515.2
515.3
515.5
515.6
515.7
515.9
516.1
516.2
516.3
516.3
516.3
516.4
516.5
516.5
516.6
516.6
516.6
516.6
516.6
516.6
516.6
516.6
516.6
516.7
516.8
516.9
517.0
517.0
517.1
517.1
517.1
517.2
517.4
517.5
517.5
517.5
517.6
517.6
517.6
517.6
517.7
517.7
517.8
517.8
517.9
517.9
518.0
518.1
518.1
518.1
518.1
518.2
518.3
518.4
518.4
518.5
518.5
518.5
518.6
518.6
518.6
518.7
518.7
518.7
518.7
518.7
518.8
518.8
518.8
518.8
518.8
518.8
518.8
518.8
518.8
518.8
518.8
518.8
518.9
519.1
519.2
519.3
519.3
519.8
519.8
519.9
520.2
520.4
520.8
521.1
521.2
521.3
521.6
522.3
522.5
522.7
523.0
523.1
523.1
523.1
523.2
523.2
523.2
523.2
523.4
523.6
523.6
523.8
524.1
524.2
524.2
524.2
524.4
524.4
524.4
524.5
524.9
524.9
525.1
525.1
525.2
525.2
525.3
525.4
525.4
525.5
525.6
525.6
525.7
525.7
525.7
525.7
525.8
525.8
525.8
525.9
525.9
526.0
526.0
526.0
526.0
526.3
526.4
526.5
526.5
526.5
526.6
526.8
526.9
526.9
526.9
527.1
527.1
527.2
527.2
527.2
527.3
527.3
527.4
527.4
527.4
527.4
527.4
527.5
527.5
527.6
527.6
527.7
527.7
527.8
527.8
527.8
527.8
527.8
527.9
527.9
528.0
528.0
528.1
528.2
528.2
528.3
528.4
528.5
528.5
528.5
528.5
528.5
528.6
528.7
528.9
529.0
529.0
529.4
529.4
529.5
529.5
529.5
529.9
529.9
530.0
530.1
530.2
530.4
530.5
530.5
530.6
530.8
530.9
531.0
531.1
531.1
531.4
531.5
531.5
531.8
531.9
532.0
532.2
532.3
532.4
532.4
532.5
532.7
532.8
533.0
533.0
533.2
533.3
533.3
533.4
533.5
533.5
533.6
533.7
533.7
533.8
533.8
533.9
534.0
534.0
534.2
534.2
534.2
534.3
534.4
534.4
534.5
534.6
534.6
534.7
534.7
534.8
534.8
534.9
534.9
534.9
535.0
535.2
535.3
535.4
535.4
535.4
535.4
535.5
535.7
535.7
535.7
535.8
535.9
536.0
536.2
536.2
536.2
536.2
536.3
536.3
536.3
536.3
536.3
536.4
536.5
536.5
536.6
536.6
536.6
536.7
536.7
536.7
536.9
537.1
537.6
537.8
537.8
537.8
538.0
538.0
538.2
538.3
538.4
538.6
538.7
538.8
538.8
539.5
539.6
539.6
539.6
539.6
539.7
539.8
539.9
540.0
540.1
540.2
540.4
540.7
540.7
540.7
540.7
540.8
540.9
541.0
541.0
541.1
541.1
541.1
541.1
541.2
541.3
541.3
541.5
541.6
541.6
541.7
541.9
541.9
542.0
542.0
542.3
542.3
542.3
542.4
542.4
542.5
542.5
542.6
542.6
542.6
542.6
542.6
542.7
542.7
542.7
542.9
542.9
542.9
542.9
542.9
543.0
543.0
543.0
543.0
543.1
543.1
543.2
543.2
543.4
543.4
543.5
543.5
543.6
543.8
543.9
543.9
544.0
544.1
544.2
544.4
544.5
544.6
544.7
544.9
544.9
544.9
545.3
545.3
545.4
545.4
545.5
545.5
545.5
545.5
545.8
546.2
546.3
546.4
546.4
546.5
546.7
546.8
546.8
546.9
546.9
547.0
547.1
547.1
547.4
547.6
547.7
547.8
547.9
548.0
548.1
548.1
548.1
548.2
548.2
548.3
548.4
548.4
548.5
548.5
548.6
548.6
548.6
548.7
548.7
549.0
549.0
549.0
549.2
549.2
549.3
549.4
549.4
549.6
549.7
549.7
550.2
550.2
550.3
550.6
550.8
551.2
551.8
552.0
552.2
552.4
553.0
553.1
553.8
553.8
554.2
554.3
554.4
554.4
554.7
555.0
555.1
555.2
555.3
555.3
555.5
555.6
556.3
556.5
556.6
557.2
557.6
557.7
558.0
558.0
558.3
558.4
558.6
559.1
559.3
559.6
559.7
559.9
560.0
560.2
560.3
560.3
561.6
561.7
563.1
563.2
563.6
564.2
564.3
565.3
565.7
566.5
567.0
568.0
568.4
569.7
570.8
571.9
582.1
586.7
664.0
664.0
664.0
664.0
664.0
664.0
664.1
664.1
664.1
664.1
664.1
664.1
664.1
664.1
664.1
664.1
664.1
664.1
664.1
664.1
664.2
664.2
664.2
664.2
664.2
664.2
664.3
664.3
664.3
664.3
664.3
664.4
664.4
664.4
664.4
664.5
664.5
664.5
664.5
664.6
664.7
664.8
664.8
664.9
665.0
665.0
665.1
665.1
665.2
665.2
665.3
665.5
665.5
665.6
665.7
665.7
665.7
665.8
665.8
665.8
665.8
665.8
665.9
666.0
666.1
666.1
666.2
666.3
666.3
666.4
666.6
666.6
666.7
666.8
666.8
666.8
666.9
666.9
666.9
666.9
666.9
667.0
667.1
667.1
667.3
667.3
667.3
667.3
667.4
667.4
667.4
667.4
667.5
667.5
667.5
667.6
667.6
667.7
667.7
667.7
669.5
669.5
669.5
669.5
669.5
669.5
669.5
669.5
669.5
669.5
669.5
669.5
669.6
669.6
669.6
669.6
669.6
669.6
669.6
669.6
669.6
669.6
669.6
669.6
669.6
669.6
669.6
669.7
669.7
669.7
669.7
669.7
669.7
669.8
669.8
669.8
669.8
669.9
670.0
670.0
670.1
670.2
670.2
670.3
670.4
670.5
670.5
670.5
670.5
670.6
670.6
670.8
670.9
671.0
671.1
671.1
671.1
671.2
671.2
671.2
671.3
671.4
671.4
671.5
671.7
671.8
671.8
671.9
672.0
672.0
672.4
672.4
672.5
672.5
672.5
672.7
672.8
673.2
673.2
673.3
673.3
673.3
673.6
673.6
673.6
673.6
673.6
673.7
673.7
673.7
673.7
673.7
673.7
673.7
673.7
673.7
673.7
673.7
673.7
673.7
673.7
673.8
673.8
673.8
673.8
673.8
673.8
673.8
673.8
673.8
673.8
673.8
673.9
673.9
673.9
673.9
674.0
674.0
674.0
674.0
674.0
674.0
674.0
674.1
674.1
674.2
674.2
674.2
674.2
674.2
674.4
674.4
674.5
674.5
674.6
674.7
674.7
674.7
674.7
674.8
674.8
674.8
674.9
674.9
674.9
674.9
675.1
675.1
675.1
675.3
675.3
675.5
675.6
675.6
675.7
675.7
675.7
675.8
675.8
675.8
676.0
676.1
676.2
676.2
676.6
676.6
676.7
676.7
676.8
676.8
677.2
677.4
677.5
677.6
677.6
677.8
677.8
677.8
677.9
677.9
677.9
677.9
678.0
678.0
678.0
678.1
678.1
678.1
678.1
678.1
678.2
678.2
678.2
678.2
678.2
678.2
678.2
678.3
678.3
678.3
678.3
678.3
678.4
678.4
678.4
678.4
678.4
678.5
678.5
678.5
678.5
678.6
678.6
678.6
678.6
678.7
678.7
678.7
678.8
678.8
678.8
678.8
679.0
679.0
679.1
679.1
679.1
679.4
679.4
679.5
679.6
679.6
679.6
679.6
679.8
679.8
679.9
679.9
679.9
680.0
680.0
680.1
680.4
680.4
680.5
680.5
680.6
680.6
680.7
680.8
680.8
680.8
680.9
680.9
681.0
681.0
681.1
681.1
681.2
681.2
681.3
681.3
681.4
681.4
681.4
681.5
681.5
681.5
681.6
681.6
681.6
681.6
681.6
681.6
681.6
681.6
681.7
681.7
681.7
681.7
681.7
681.7
681.7
681.7
681.8
681.8
681.9
681.9
681.9
682.0
682.2
682.2
682.2
682.2
682.2
682.2
682.2
682.2
682.3
682.3
682.4
682.4
682.5
682.5
682.5
682.6
682.7
682.7
682.8
682.9
683.0
683.0
683.1
683.2
683.2
683.3
683.4
683.5
683.5
683.5
683.7
683.7
683.8
683.9
683.9
684.1
684.1
684.2
684.3
684.4
684.4
684.5
684.5
684.6
684.6
684.7
684.7
684.8
684.8
684.8
684.8
684.8
684.9
684.9
685.0
685.0
685.0
685.0
685.1
685.1
685.1
685.1
685.1
685.1
685.1
685.2
685.2
685.2
685.2
685.2
685.3
685.3
685.3
685.3
685.4
685.4
685.4
685.5
685.5
685.6
685.6
685.6
685.7
685.7
685.8
685.8
685.8
685.8
685.8
685.9
686.0
686.1
686.1
686.1
686.1
686.2
686.2
686.2
686.3
686.3
686.4
686.4
686.5
686.7
686.8
686.8
686.8
686.8
686.9
686.9
686.9
687.2
687.3
687.4
687.5
687.5
687.6
687.7
687.8
687.8
687.9
687.9
687.9
688.0
688.0
688.1
688.1
688.1
688.1
688.1
688.2
688.3
688.3
688.3
688.4
688.4
688.4
688.4
688.5
688.5
688.5
688.5
688.6
688.6
688.6
688.6
688.7
688.7
688.7
688.7
688.7
688.7
688.7
688.8
688.8
688.9
688.9
688.9
688.9
688.9
689.0
689.0
689.0
689.1
689.2
689.2
689.3
689.3
689.3
689.3
689.4
689.4
689.4
689.4
689.5
689.5
689.6
689.6
689.6
689.7
689.8
689.8
689.8
689.9
689.9
689.9
690.0
690.0
690.4
690.4
690.5
690.6
690.6
690.6
690.6
690.7
690.7
690.8
690.8
690.9
691.0
691.0
691.0
691.0
691.1
691.2
691.2
691.3
691.3
691.3
691.4
691.4
691.4
691.4
691.5
691.5
691.5
691.5
691.5
691.6
691.6
691.6
691.7
691.7
691.7
691.7
691.7
691.8
691.8
691.8
691.8
691.9
691.9
691.9
691.9
692.0
692.1
692.1
692.1
692.2
692.2
692.2
692.2
692.2
692.3
692.3
692.4
692.5
692.5
692.5
692.5
692.6
692.6
692.6
692.7
692.8
692.8
692.8
692.8
692.8
692.9
692.9
693.0
693.0
693.1
693.1
693.1
693.1
693.1
693.2
693.2
693.2
693.2
693.3
693.6
693.6
693.7
693.8
693.8
694.0
694.0
694.1
694.2
694.3
694.3
694.4
694.5
694.5
694.5
694.5
694.6
694.6
694.6
694.7
694.7
694.7
694.8
694.8
694.8
694.8
694.9
694.9
694.9
695.0
695.0
695.1
695.1
695.1
695.1
695.1
695.1
695.2
695.2
695.2
695.3
695.3
695.3
695.3
695.3
695.3
695.3
695.4
695.4
695.4
695.5
695.5
695.5
695.5
695.5
695.5
695.6
695.7
695.7
695.7
695.8
695.8
695.8
695.9
695.9
696.0
696.1
696.1
696.1
696.1
696.2
696.2
696.2
696.4
696.4
696.4
696.5
696.5
696.6
696.6
696.6
696.6
696.6
696.7
696.7
696.7
696.9
697.0
697.1
697.2
697.3
697.3
697.3
697.4
697.4
697.4
697.4
697.5
697.5
697.5
697.5
697.6
697.6
697.6
697.6
697.6
697.7
697.7
697.8
697.8
697.9
697.9
697.9
698.0
698.0
698.0
698.0
698.1
698.1
698.1
698.1
698.2
698.2
698.2
698.3
698.3
698.4
698.4
698.4
698.4
698.4
698.4
698.4
698.5
698.5
698.5
698.6
698.6
698.6
698.7
698.7
698.8
698.8
698.9
698.9
699.0
699.0
699.1
699.1
699.2
699.2
699.2
699.3
699.3
699.3
699.3
699.4
699.5
699.6
699.6
699.7
699.7
699.7
699.8
699.8
699.8
699.8
699.9
699.9
700.0
700.0
700.0
700.1
700.2
700.2
700.3
700.3
700.4
700.4
700.4
700.4
700.4
700.5
700.5
700.5
700.5
700.6
700.7
700.7
700.7
700.8
700.8
700.9
700.9
700.9
701.0
701.0
701.0
701.0
701.1
701.1
701.1
701.2
701.3
701.3
701.3
701.3
701.3
701.4
701.4
701.4
701.5
701.5
701.5
701.5
701.5
701.5
701.6
701.6
701.7
701.7
701.8
701.8
701.8
701.8
701.8
701.9
701.9
702.0
702.1
702.1
702.1
702.1
702.1
702.1
702.2
702.2
702.2
702.3
702.4
702.4
702.5
702.5
702.5
702.5
702.6
702.7
702.7
702.8
702.8
702.9
703.0
703.0
703.1
703.1
703.1
703.1
703.1
703.1
703.2
703.3
703.4
703.5
703.5
703.5
703.6
703.6
703.6
703.7
703.7
703.7
703.8
703.9
703.9
703.9
704.0
704.0
704.0
704.0
704.0
704.0
704.0
704.1
704.1
704.2
704.2
704.2
704.3
704.3
704.3
704.4
704.4
704.4
704.4
704.5
704.5
704.5
704.6
704.6
704.6
704.6
704.6
704.6
704.6
704.7
704.7
704.7
704.8
704.8
704.8
705.0
705.0
705.0
705.0
705.1
705.1
705.2
705.2
705.2
705.2
705.3
705.3
705.3
705.4
705.4
705.4
705.5
705.5
705.5
705.5
705.5
705.6
705.6
705.7
705.8
705.8
705.8
705.9
705.9
706.0
706.0
706.0
706.1
706.1
706.1
706.1
706.2
706.4
706.4
706.5
706.7
706.7
706.8
706.8
706.9
706.9
706.9
707.0
707.1
707.1
707.1
707.2
707.3
707.4
707.4
707.5
707.5
707.6
707.6
707.6
707.7
707.7
707.7
707.7
707.8
707.8
707.8
708.0
708.0
708.1
708.1
708.1
708.1
708.1
708.2
708.2
708.2
708.3
708.3
708.4
708.4
708.4
708.5
708.5
708.5
708.5
708.6
708.6
708.7
708.7
708.7
708.7
708.7
708.8
708.8
708.8
708.8
708.9
708.9
708.9
709.0
709.2
709.2
709.2
709.2
709.3
709.3
709.3
709.3
709.3
709.5
709.5
709.7
709.8
709.8
709.8
709.9
709.9
710.0
710.1
710.3
710.3
710.3
710.3
710.3
710.4
710.4
710.4
710.4
710.5
710.5
710.5
710.5
710.5
710.6
710.6
710.6
710.7
710.7
710.7
710.7
710.7
710.7
710.7
710.8
710.9
710.9
710.9
711.0
711.0
711.1
711.1
711.1
711.2
711.2
711.3
711.3
711.4
711.4
711.5
711.5
711.5
711.6
711.7
711.7
711.7
711.8
711.8
711.8
711.8
711.8
711.9
711.9
712.0
712.0
712.0
712.2
712.2
712.2
712.3
712.3
712.3
712.3
712.4
712.4
712.5
712.6
712.6
712.7
712.8
712.8
712.8
712.9
713.0
713.0
713.2
713.3
713.3
713.4
713.5
713.5
713.5
713.6
713.6
713.6
713.6
713.6
713.6
713.7
713.8
713.8
714.0
714.0
714.1
714.2
714.2
714.3
714.3
714.4
714.4
714.7
714.8
714.8
714.8
714.8
714.9
714.9
714.9
714.9
714.9
715.0
715.0
715.0
715.1
715.2
715.2
715.3
715.3
715.3
715.4
715.4
715.4
715.4
715.5
715.5
715.6
715.7
715.8
715.8
715.9
716.1
716.1
716.1
716.2
716.3
716.3
716.4
716.5
716.6
716.6
716.6
716.7
716.8
716.8
716.8
716.9
717.1
717.3
717.3
717.3
717.4
717.4
717.4
717.4
717.4
717.4
717.4
717.5
717.5
717.5
717.6
717.7
717.7
717.8
717.9
717.9
718.0
718.1
718.1
718.2
718.2
718.2
718.2
718.3
718.3
718.4
718.4
718.4
718.5
718.5
718.5
718.5
718.6
718.9
719.0
719.0
719.0
719.0
719.1
719.1
719.2
719.2
719.5
719.5
719.5
719.6
719.6
719.6
719.6
719.7
719.8
719.8
719.9
720.0
720.1
720.1
720.2
720.2
720.3
720.3
720.3
720.3
720.4
720.4
720.4
720.6
720.6
720.6
720.7
720.8
720.8
720.8
721.0
721.1
721.1
721.2
721.3
721.3
721.5
721.5
721.5
721.5
721.6
721.6
721.6
721.6
721.7
721.7
721.9
722.0
722.1
722.2
722.3
722.4
722.5
722.6
722.6
722.7
722.7
722.7
722.8
722.9
723.0
723.0
723.1
723.2
723.3
723.4
723.4
723.4
723.5
723.6
723.6
723.6
723.7
723.8
723.8
723.8
724.0
724.1
724.2
724.2
724.3
724.3
724.3
724.3
724.5
724.5
724.6
724.7
724.7
724.7
724.7
724.7
724.7
724.7
724.8
724.8
724.8
724.9
724.9
725.0
725.3
725.3
725.4
725.4
725.6
725.6
725.7
725.7
725.8
725.9
725.9
725.9
726.0
726.0
726.2
726.3
726.3
726.4
726.4
726.4
726.5
726.6
726.6
726.7
726.7
726.8
726.9
727.1
727.2
727.2
727.4
727.4
727.4
727.4
727.6
727.8
727.8
727.8
727.9
727.9
728.0
728.0
728.0
728.0
728.2
728.3
728.3
728.4
728.5
728.5
728.5
728.6
728.6
728.6
728.9
728.9
729.0
729.0
729.0
729.2
729.3
729.4
729.4
729.4
729.5
729.6
729.6
729.6
729.7
729.8
729.8
729.8
729.9
729.9
729.9
729.9
730.0
730.1
730.4
730.5
730.6
730.7
730.7
730.8
730.9
730.9
731.0
731.0
731.2
731.3
731.5
731.6
731.6
731.7
731.7
731.7
731.8
731.8
732.1
732.1
732.1
732.2
732.2
732.3
732.3
732.4
732.4
732.5
732.5
732.6
732.6
732.7
732.8
732.9
732.9
733.1
733.2
733.2
733.2
733.3
733.3
733.3
733.4
733.4
733.5
733.5
733.5
733.6
733.6
733.7
733.7
733.8
733.9
734.0
734.0
734.0
734.1
734.2
734.4
734.5
734.5
734.8
734.9
734.9
734.9
735.0
735.0
735.1
735.2
735.2
735.3
735.5
735.6
735.7
735.8
735.8
736.0
736.0
736.1
736.2
736.2
736.2
736.2
736.2
736.3
736.4
736.5
736.5
736.5
736.6
736.6
736.7
736.8
736.8
737.0
737.1
737.1
737.2
737.2
737.2
737.2
737.3
737.4
737.4
737.6
737.7
737.7
737.8
738.1
738.2
738.2
738.2
738.3
738.3
738.3
738.3
738.4
738.4
738.5
738.6
738.6
738.6
738.9
738.9
739.0
739.2
739.4
739.5
739.6
739.6
739.6
739.8
739.8
739.8
739.8
739.9
740.0
740.0
740.1
740.1
740.1
740.2
740.2
740.3
740.4
740.5
740.6
740.7
740.7
740.7
740.8
740.8
740.8
740.9
740.9
740.9
741.0
741.4
741.4
741.4
741.5
741.6
741.7
741.8
741.9
741.9
741.9
741.9
742.0
742.0
742.0
742.2
742.2
742.2
742.4
742.4
742.5
742.6
742.8
742.9
743.1
743.2
743.2
743.3
743.3
743.5
743.5
743.6
743.6
743.7
743.7
743.7
743.8
743.8
744.0
744.0
744.1
744.2
744.2
744.3
744.4
744.5
744.5
744.6
744.6
744.7
744.7
744.7
744.9
744.9
744.9
745.0
745.2
745.2
745.3
745.3
745.4
745.4
745.5
745.5
745.6
745.7
745.8
745.8
745.9
746.0
746.2
746.2
746.2
746.5
746.6
746.7
746.8
746.8
746.8
746.9
746.9
746.9
747.0
747.0
747.0
747.1
747.1
747.1
747.3
747.3
747.5
747.6
747.6
747.6
747.7
747.7
747.8
747.9
748.1
748.1
748.2
748.3
748.5
748.5
748.5
748.6
748.6
748.8
748.8
749.0
749.0
749.0
749.1
749.1
749.1
749.1
749.2
749.2
749.2
749.2
749.2
749.2
749.4
749.7
749.7
749.7
749.8
749.9
750.0
750.0
750.2
750.2
750.2
750.3
750.3
750.3
750.3
750.4
750.5
750.5
750.6
750.6
750.6
750.7
750.7
750.7
750.9
751.0
751.2
751.2
751.2
751.3
751.4
751.4
751.6
751.6
751.6
751.6
751.8
751.8
751.9
752.1
752.2
752.2
752.4
752.4
752.4
752.4
752.5
752.5
752.6
752.6
752.7
752.9
752.9
753.0
753.2
753.2
753.2
753.3
753.3
753.4
753.4
753.6
753.7
753.7
753.7
753.8
753.8
753.8
753.9
753.9
753.9
753.9
753.9
754.0
754.0
754.0
754.3
754.3
754.3
754.3
754.4
754.5
754.5
754.5
754.6
754.6
754.7
754.9
755.0
755.0
755.0
755.1
755.1
755.2
755.2
755.3
755.3
755.4
755.5
755.5
755.6
755.7
755.7
755.7
755.8
755.9
756.0
756.0
756.0
756.1
756.1
756.2
756.2
756.4
756.4
756.6
756.7
756.8
756.8
756.8
756.8
756.9
757.0
757.1
757.3
757.3
757.3
757.4
757.4
757.5
757.6
757.6
757.6
757.6
757.7
757.7
757.8
757.8
757.8
757.8
757.9
758.0
758.0
758.0
758.0
758.2
758.3
758.3
758.3
758.5
758.7
758.7
758.8
758.8
758.8
758.8
758.8
758.9
758.9
758.9
759.0
759.1
759.2
759.3
759.4
759.5
759.5
759.5
759.6
759.6
759.6
759.6
759.9
759.9
759.9
760.0
760.0
760.1
760.1
760.1
760.1
760.2
760.3
760.3
760.3
760.4
760.5
760.5
760.6
760.6
760.6
760.8
760.9
761.0
761.0
761.2
761.2
761.2
761.3
761.4
761.4
761.4
761.4
761.5
761.5
761.6
761.7
761.7
761.8
761.8
761.8
761.8
761.8
761.9
761.9
761.9
762.0
762.0
762.0
762.1
762.1
762.2
762.3
762.3
762.4
762.5
762.6
762.6
762.6
762.6
762.7
762.7
762.7
762.8
762.9
762.9
762.9
763.0
763.0
763.4
763.4
763.5
763.5
763.7
763.7
763.8
763.9
763.9
764.0
764.1
764.1
764.1
764.2
764.3
764.4
764.4
764.4
764.5
764.5
764.6
764.6
764.7
764.8
764.9
764.9
764.9
764.9
764.9
765.0
765.0
765.0
765.1
765.1
765.1
765.1
765.2
765.2
765.2
765.4
765.4
765.4
765.4
765.5
765.5
765.5
765.6
765.7
765.7
765.7
765.9
766.0
766.0
766.2
766.2
766.3
766.3
766.3
766.3
766.4
766.4
766.5
766.5
766.6
766.7
766.7
766.7
766.8
766.9
766.9
766.9
767.0
767.1
767.1
767.2
767.3
767.3
767.3
767.3
767.3
767.3
767.4
767.4
767.4
767.4
767.5
767.5
767.5
767.5
767.7
767.7
767.7
767.7
767.8
767.8
767.9
768.1
768.2
768.2
768.3
768.3
768.4
768.4
768.4
768.5
768.5
768.6
768.6
768.6
768.8
768.8
768.9
769.0
769.0
769.1
769.2
769.2
769.3
769.3
769.5
769.6
769.6
769.7
769.7
769.9
770.0
770.0
770.1
770.1
770.1
770.2
770.2
770.3
770.3
770.3
770.4
770.4
770.5
770.5
770.5
770.6
770.7
770.8
770.8
770.9
770.9
770.9
771.2
771.3
771.3
771.3
771.3
771.3
771.3
771.4
771.4
771.4
771.4
771.5
771.5
771.7
771.7
771.7
771.7
771.7
771.7
771.8
771.8
771.9
772.1
772.1
772.1
772.1
772.2
772.2
772.2
772.3
772.4
772.5
772.5
772.5
772.6
772.6
772.8
772.9
772.9
772.9
773.0
773.0
773.0
773.1
773.1
773.2
773.3
773.3
773.3
773.3
773.4
773.5
773.5
773.9
774.0
774.1
774.1
774.1
774.1
774.3
774.4
774.5
774.5
774.5
774.6
774.6
774.7
774.7
775.0
775.1
775.1
775.2
775.3
775.4
775.4
775.5
775.5
775.6
775.6
775.7
775.7
775.8
776.0
776.0
776.0
776.0
776.0
776.1
776.1
776.1
776.1
776.2
776.2
776.2
776.2
776.4
776.4
776.5
776.6
776.7
776.7
776.8
776.9
777.0
777.0
777.0
777.1
777.1
777.2
777.2
777.3
777.3
777.4
777.4
777.7
777.8
777.9
778.1
778.1
778.2
778.2
778.2
778.3
778.6
778.7
778.8
778.9
779.2
779.3
779.4
779.6
779.6
779.6
779.6
779.7
779.8
779.8
780.0
780.2
780.3
780.4
780.4
780.4
780.4
780.4
780.6
780.6
780.8
781.0
781.0
781.0
781.0
781.0
781.1
781.2
781.2
781.6
781.6
781.7
781.8
781.9
781.9
782.1
782.1
782.1
782.2
782.3
782.4
782.4
782.6
782.7
782.8
782.8
782.8
783.0
783.0
783.1
783.5
783.5
783.5
783.5
783.7
784.1
784.3
784.3
784.6
784.7
784.7
784.9
784.9
784.9
785.0
785.1
785.5
785.7
785.8
785.9
786.3
786.8
787.1
787.3
787.5
787.7
788.1
788.7
788.8
788.9
789.0
789.2
789.2
789.3
789.4
789.8
790.1
790.3
790.5
791.6
791.7
791.8
791.9
792.6
793.1
793.4
793.9
794.7
794.8
795.3
795.7
796.0
796.7
797.1
797.2
797.3
797.6
798.1
798.3
798.8
799.2
800.6
800.8
801.8
803.5
806.6
809.1
826.2
838.3
989.1
989.1
989.1
989.1
989.1
989.1
989.1
989.1
989.1
989.1
989.5
989.6
990.7
991.0
991.0
992.8
993.2
993.2
993.2
993.2
993.2
993.2
993.2
993.2
993.2
993.2
993.2
993.2
993.2
993.5
993.5
994.0
996.2
997.0
997.6
998.1
998.1
998.1
998.1
998.1
998.1
998.1
998.2
998.5
998.5
998.7
998.8
998.9
999.9
