172.5
172.5
172.5
172.5
172.5
172.5
172.5
172.5
172.6
172.6
172.6
172.6
172.6
172.6
172.6
172.6
172.6
172.6
172.6
172.6
172.6
172.6
172.6
172.6
172.6
172.6
172.6
172.6
172.6
172.6
172.6
172.6
172.6
172.6
172.6
172.6
172.6
172.6
172.6
172.6
172.6
172.6
172.6
172.6
172.6
172.6
172.6
172.6
172.6
172.6
172.6
172.6
172.6
172.6
172.6
172.6
172.6
172.6
172.6
172.6
172.6
172.6
172.6
172.6
172.6
172.6
172.6
172.6
172.6
172.7
172.7
172.7
172.7
172.7
172.7
172.7
172.7
173.0
173.0
173.0
173.0
173.0
173.0
173.0
173.1
173.1
173.1
173.2
173.2
173.3
173.3
173.4
173.4
173.4
173.5
173.5
173.6
173.8
173.9
174.0
177.1
177.1
177.1
177.1
177.1
177.1
177.1
177.1
177.1
177.1
177.1
177.1
177.1
177.1
177.1
177.1
177.1
177.1
177.1
177.1
177.1
177.1
177.1
177.1
177.1
177.1
177.1
177.1
177.1
177.1
177.1
177.1
177.1
177.1
177.1
177.1
177.1
177.1
177.1
177.1
177.1
177.1
177.1
177.1
177.1
177.1
177.1
177.1
177.1
177.1
177.2
177.2
177.2
177.2
177.2
177.2
177.2
177.2
177.2
177.2
177.2
177.3
177.3
177.3
177.3
177.3
177.3
177.3
177.3
177.3
177.4
177.4
177.4
177.4
177.4
177.5
177.6
178.1
178.1
178.1
178.1
178.2
178.2
178.2
178.3
178.4
178.4
178.6
178.7
178.8
178.8
179.1
179.1
179.1
179.2
179.2
179.5
179.8
180.0
180.3
180.7
180.7
180.7
180.7
180.7
180.7
180.7
180.8
180.8
180.8
180.8
180.8
180.8
180.8
180.8
180.8
180.8
180.8
180.8
180.8
180.8
180.8
180.8
180.9
180.9
180.9
180.9
180.9
180.9
180.9
180.9
180.9
180.9
180.9
180.9
180.9
180.9
180.9
180.9
181.0
181.0
181.0
181.0
181.0
181.0
181.0
181.0
181.0
181.0
181.0
181.0
181.0
181.0
181.1
181.1
181.1
181.1
181.1
181.1
181.1
181.1
181.1
181.2
181.2
181.2
181.2
181.2
181.4
181.4
181.4
181.4
181.4
181.5
181.5
181.6
181.8
182.0
182.9
182.9
183.0
183.0
183.0
183.1
183.2
183.4
183.5
183.6
183.8
183.9
183.9
184.2
184.5
184.7
184.8
185.0
185.1
185.2
185.2
185.2
185.2
185.2
185.2
185.2
185.3
185.3
185.3
185.3
185.3
185.3
185.3
185.3
185.3
185.3
185.3
185.3
185.4
185.4
185.4
185.4
185.4
185.4
185.4
185.4
185.5
185.5
185.5
185.5
185.5
185.5
185.5
185.5
185.5
185.5
185.5
185.5
185.5
185.5
185.6
185.6
185.6
185.6
185.6
185.6
185.6
185.6
185.6
185.6
185.6
185.6
185.7
185.7
185.7
185.7
185.8
185.8
185.8
185.8
185.8
185.9
185.9
186.0
186.0
186.0
186.0
186.2
186.2
186.2
186.2
186.3
186.4
186.4
186.5
186.5
186.7
186.7
186.9
187.4
187.7
187.8
187.8
187.9
188.0
188.0
188.0
188.4
188.4
188.5
188.5
188.5
188.6
188.6
188.6
188.6
188.6
188.6
188.7
188.7
188.7
188.7
188.7
188.7
188.7
188.7
188.7
188.7
188.7
188.7
188.7
188.8
188.8
188.8
188.8
188.8
188.8
188.8
188.9
188.9
188.9
188.9
188.9
188.9
188.9
188.9
188.9
188.9
188.9
188.9
188.9
189.0
189.0
189.0
189.0
189.0
189.0
189.0
189.0
189.0
189.0
189.0
189.0
189.1
189.1
189.1
189.1
189.1
189.2
189.2
189.2
189.2
189.3
189.3
189.3
189.3
189.4
189.4
189.4
189.4
189.5
189.6
189.7
189.8
189.8
189.9
190.0
190.0
190.0
190.0
190.1
190.2
190.3
190.3
190.6
190.8
191.1
191.6
191.8
191.9
191.9
191.9
191.9
191.9
191.9
192.0
192.0
192.0
192.0
192.1
192.1
192.1
192.2
192.2
192.2
192.2
192.2
192.2
192.2
192.2
192.2
192.2
192.2
192.3
192.3
192.3
192.3
192.3
192.3
192.3
192.4
192.4
192.4
192.4
192.4
192.5
192.5
192.5
192.5
192.5
192.5
192.5
192.6
192.6
192.6
192.6
192.6
192.6
192.6
192.7
192.7
192.7
192.7
192.7
192.7
192.7
192.7
192.7
192.7
192.7
192.7
192.8
192.8
192.8
192.9
192.9
192.9
192.9
192.9
193.0
193.0
193.0
193.1
193.1
193.1
193.2
193.2
193.2
193.4
193.4
193.6
193.6
193.8
193.8
193.9
193.9
193.9
194.2
194.3
194.4
194.5
194.7
194.8
194.9
195.1
195.1
195.1
195.2
195.2
195.2
195.2
195.2
195.3
195.3
195.3
195.4
195.4
195.4
195.4
195.4
195.4
195.5
195.5
195.5
195.5
195.5
195.5
195.5
195.6
195.6
195.6
195.6
195.6
195.6
195.6
195.6
195.6
195.7
195.7
195.7
195.7
195.8
195.8
195.8
195.8
195.8
195.8
195.9
195.9
195.9
196.0
196.0
196.0
196.1
196.1
196.1
196.2
196.2
196.2
196.2
196.2
196.3
196.3
196.3
196.4
196.4
196.4
196.4
196.4
196.5
196.5
196.6
196.6
196.6
196.6
196.7
196.7
196.7
196.7
196.8
196.8
197.0
197.2
197.3
197.3
197.4
197.4
197.5
197.5
197.6
197.6
197.6
197.9
197.9
198.0
198.0
198.1
198.1
198.1
198.2
198.2
198.2
198.3
198.3
198.3
198.3
198.4
198.4
198.4
198.4
198.4
198.5
198.5
198.5
198.5
198.5
198.6
198.6
198.6
198.6
198.6
198.6
198.6
198.6
198.6
198.6
198.7
198.7
198.7
198.7
198.7
198.8
198.8
198.8
198.8
198.8
198.9
198.9
198.9
199.0
199.0
199.0
199.0
199.0
199.0
199.1
199.1
199.1
199.2
199.2
199.3
199.3
199.4
199.4
199.4
199.4
199.5
199.5
199.5
199.5
199.6
199.6
199.6
199.7
199.7
199.8
199.9
199.9
200.0
200.0
200.0
200.0
200.0
200.1
200.1
200.2
200.4
200.4
200.6
200.7
200.7
200.7
200.9
201.0
201.0
201.1
201.1
201.3
201.4
201.4
201.5
201.5
201.5
201.5
201.6
201.6
201.6
201.6
201.7
201.7
201.7
201.7
201.7
201.9
201.9
201.9
201.9
201.9
202.0
202.0
202.0
202.0
202.0
202.1
202.1
202.1
202.1
202.1
202.1
202.1
202.1
202.1
202.1
202.2
202.2
202.2
202.3
202.3
202.3
202.3
202.3
202.4
202.4
202.5
202.5
202.5
202.6
202.6
202.6
202.6
202.6
202.7
202.7
202.7
202.7
202.8
202.8
202.8
202.9
202.9
202.9
202.9
203.0
203.0
203.1
203.2
203.2
203.2
203.2
203.3
203.4
203.5
203.5
203.5
203.6
203.6
203.6
203.7
203.7
203.7
203.9
204.0
204.1
204.2
204.3
204.3
204.3
204.5
204.5
204.5
204.5
204.5
204.6
204.6
204.6
204.7
204.7
204.7
204.7
204.7
204.8
204.8
204.9
204.9
204.9
204.9
204.9
205.0
205.0
205.0
205.0
205.0
205.1
205.1
205.1
205.1
205.2
205.2
205.2
205.2
205.2
205.3
205.3
205.3
205.3
205.3
205.4
205.4
205.4
205.4
205.4
205.5
205.5
205.5
205.6
205.6
205.6
205.6
205.7
205.7
205.7
205.7
205.8
205.8
205.8
205.8
205.8
205.9
205.9
205.9
205.9
206.0
206.1
206.1
206.1
206.1
206.1
206.2
206.3
206.4
206.4
206.4
206.5
206.5
206.5
206.6
206.7
206.7
206.8
206.8
206.8
206.9
206.9
207.0
207.0
207.3
207.7
207.7
207.7
207.8
207.8
207.8
207.8
207.9
208.0
208.1
208.1
208.1
208.1
208.1
208.1
208.2
208.2
208.2
208.2
208.2
208.2
208.2
208.2
208.3
208.3
208.3
208.3
208.4
208.4
208.4
208.4
208.4
208.4
208.5
208.5
208.5
208.5
208.5
208.5
208.6
208.6
208.6
208.6
208.6
208.6
208.6
208.8
208.8
208.8
208.8
208.9
208.9
208.9
208.9
208.9
209.0
209.0
209.0
209.1
209.1
209.1
209.1
209.2
209.3
209.4
209.4
209.4
209.5
209.5
209.5
209.6
209.6
209.7
209.7
209.7
209.7
209.8
209.8
209.9
209.9
210.1
210.1
210.2
210.2
210.3
210.3
210.4
210.4
210.4
210.6
210.6
210.6
210.6
210.7
210.7
210.8
210.8
210.8
210.8
210.9
210.9
211.1
211.1
211.1
211.2
211.2
211.2
211.2
211.2
211.3
211.4
211.4
211.4
211.4
211.4
211.4
211.5
211.5
211.5
211.5
211.5
211.5
211.6
211.6
211.6
211.6
211.6
211.6
211.7
211.7
211.8
211.8
211.8
211.9
211.9
211.9
211.9
211.9
211.9
212.0
212.0
212.0
212.0
212.1
212.1
212.2
212.2
212.3
212.3
212.3
212.4
212.4
212.5
212.6
212.6
212.6
212.6
212.7
212.7
212.7
212.7
212.7
212.8
212.9
212.9
213.0
213.0
213.0
213.0
213.0
213.1
213.2
213.2
213.3
213.5
213.5
213.5
213.6
213.6
213.6
213.6
213.6
213.7
213.7
213.7
213.7
213.7
213.8
213.8
213.8
213.9
213.9
213.9
214.1
214.1
214.1
214.1
214.1
214.1
214.2
214.2
214.2
214.2
214.2
214.3
214.4
214.4
214.4
214.4
214.4
214.4
214.5
214.5
214.5
214.5
214.5
214.5
214.6
214.6
214.6
214.6
214.7
214.7
214.7
214.8
214.8
214.8
214.9
214.9
215.0
215.1
215.1
215.1
215.1
215.2
215.2
215.2
215.3
215.3
215.3
215.3
215.4
215.4
215.4
215.5
215.7
215.7
215.8
215.8
215.8
215.8
215.9
216.0
216.0
216.1
216.1
216.1
216.2
216.2
216.2
216.2
216.3
216.3
216.4
216.5
216.6
216.6
216.7
216.8
216.8
216.9
216.9
216.9
216.9
216.9
217.0
217.0
217.0
217.1
217.1
217.1
217.2
217.3
217.3
217.3
217.3
217.4
217.4
217.5
217.5
217.6
217.6
217.6
217.6
217.6
217.6
217.7
217.7
217.7
217.7
217.7
217.7
217.8
217.8
217.8
217.8
217.9
217.9
218.0
218.0
218.0
218.0
218.0
218.1
218.2
218.2
218.2
218.2
218.2
218.2
218.3
218.3
218.3
218.4
218.4
218.4
218.6
218.6
218.7
218.8
218.8
218.8
218.9
219.0
219.1
219.1
219.1
219.1
219.2
219.2
219.2
219.2
219.4
219.5
219.5
219.5
219.6
219.6
219.6
219.6
219.9
220.0
220.0
220.1
220.1
220.2
220.3
220.3
220.3
220.3
220.3
220.3
220.3
220.4
220.4
220.4
220.4
220.5
220.5
220.6
220.6
220.6
220.6
220.6
220.6
220.7
220.7
220.7
220.8
220.8
220.8
220.8
220.9
220.9
220.9
220.9
221.0
221.0
221.1
221.1
221.1
221.2
221.2
221.3
221.4
221.4
221.4
221.4
221.4
221.5
221.5
221.6
221.7
221.7
221.8
221.8
221.8
221.9
222.2
222.2
222.2
222.3
222.3
222.3
222.3
222.3
222.3
222.3
222.4
222.4
222.4
222.4
222.5
222.6
222.6
222.6
222.6
222.7
222.7
222.7
222.8
223.2
223.4
223.5
223.5
223.5
223.5
223.5
223.5
223.6
223.6
223.6
223.7
223.7
223.8
223.9
224.0
224.0
224.1
224.1
224.2
224.2
224.4
224.4
224.5
224.6
224.6
224.6
224.6
224.6
224.7
224.8
224.8
224.9
224.9
224.9
224.9
225.1
225.1
225.1
225.2
225.2
225.5
225.5
225.5
225.5
225.5
225.6
225.6
225.6
225.7
225.8
225.9
225.9
225.9
226.0
226.0
226.0
226.0
226.1
226.2
226.2
226.6
226.7
226.7
226.7
226.8
226.8
226.8
226.8
226.8
226.8
226.8
226.9
226.9
226.9
226.9
227.0
227.0
227.0
227.0
227.0
227.0
227.0
227.0
227.0
227.0
227.1
227.1
227.1
227.1
227.2
227.2
227.2
227.2
227.2
227.3
227.3
227.4
227.5
227.5
227.6
227.6
227.7
227.7
227.8
227.8
227.8
227.9
228.0
228.1
228.1
228.1
228.2
228.3
228.3
228.4
228.5
228.8
228.8
228.8
228.8
228.8
228.9
228.9
228.9
228.9
229.1
229.2
229.3
229.3
229.3
229.4
229.5
229.5
229.5
229.6
229.6
229.7
229.7
229.8
229.8
229.8
229.8
229.8
229.8
229.9
229.9
229.9
229.9
230.0
230.0
230.0
230.1
230.1
230.1
230.2
230.2
230.2
230.3
230.3
230.3
230.3
230.4
230.4
230.4
230.4
230.4
230.5
230.5
230.6
230.6
230.6
230.6
230.7
230.8
230.8
230.8
230.8
230.9
230.9
230.9
231.0
231.1
231.1
231.1
231.1
231.2
231.5
231.6
231.6
231.6
231.8
231.9
232.0
232.1
232.1
232.1
232.1
232.2
232.2
232.2
232.2
232.3
232.4
232.4
232.4
232.5
232.6
232.6
232.6
232.6
232.7
232.8
232.9
233.0
233.0
233.0
233.1
233.1
233.1
233.2
233.2
233.2
233.3
233.3
233.3
233.3
233.4
233.4
233.5
233.5
233.5
233.5
233.5
233.6
233.6
233.7
233.7
233.8
233.8
233.9
233.9
233.9
233.9
233.9
233.9
234.1
234.1
234.1
234.1
234.1
234.2
234.3
234.5
234.5
234.5
234.6
234.8
234.9
234.9
235.2
235.5
235.5
235.5
235.5
235.5
235.6
235.6
235.7
235.7
235.7
235.7
235.7
235.7
235.8
235.8
235.8
235.8
235.9
236.0
236.1
236.1
236.1
236.1
236.2
236.2
236.2
236.2
236.2
236.2
236.2
236.3
236.3
236.3
236.4
236.4
236.4
236.4
236.5
236.5
236.5
236.6
236.6
236.6
236.7
236.7
236.7
236.8
237.0
237.0
237.1
237.1
237.1
237.2
237.2
237.3
237.3
237.4
237.4
237.4
237.4
237.4
237.4
237.5
237.5
237.5
237.5
237.5
237.5
237.6
237.6
237.6
237.6
237.7
237.8
237.8
237.8
237.9
238.2
238.3
238.3
238.4
238.5
238.7
238.7
238.8
238.8
238.8
238.9
238.9
238.9
239.0
239.0
239.0
239.2
239.2
239.2
239.2
239.2
239.3
239.3
239.3
239.3
239.3
239.4
239.4
239.4
239.5
239.5
239.5
239.6
239.6
239.6
239.7
239.7
239.7
239.7
239.8
239.8
239.8
239.9
239.9
239.9
240.0
240.1
240.2
240.3
240.3
240.4
240.4
240.5
240.6
240.6
240.6
240.6
240.6
240.6
240.7
240.8
240.9
241.0
241.0
241.0
241.1
241.1
241.1
241.1
241.1
241.1
241.2
241.2
241.2
241.3
241.4
241.4
241.5
241.7
241.7
241.7
241.8
241.9
242.0
242.0
242.1
242.1
242.2
242.3
242.3
242.4
242.4
242.4
242.4
242.5
242.5
242.6
242.6
242.6
242.6
242.6
242.7
242.7
242.7
242.7
242.7
242.8
242.9
242.9
242.9
242.9
242.9
242.9
243.0
243.1
243.1
243.1
243.1
243.2
243.2
243.2
243.2
243.3
243.3
243.3
243.3
243.3
243.4
243.4
243.6
243.6
243.6
243.7
243.7
244.0
244.0
244.1
244.1
244.1
244.1
244.7
244.7
244.8
244.8
244.9
244.9
244.9
244.9
245.1
245.2
245.2
245.3
245.3
245.3
245.3
245.3
245.3
245.4
245.4
245.4
245.5
245.6
245.6
245.7
245.8
245.9
245.9
246.0
246.0
246.0
246.1
246.1
246.1
246.1
246.2
246.2
246.2
246.2
246.3
246.3
246.3
246.3
246.4
246.4
246.4
246.5
246.5
246.6
246.6
246.6
246.6
246.7
246.7
246.7
246.7
246.8
246.8
246.9
246.9
246.9
247.1
247.2
247.3
247.3
247.3
247.4
247.5
247.5
247.6
247.6
247.6
247.6
247.7
247.7
247.7
247.7
247.7
247.7
247.8
247.8
247.8
247.8
247.9
248.2
248.2
248.3
248.4
248.4
248.5
248.6
248.7
248.8
249.0
249.0
249.0
249.0
249.1
249.1
249.2
249.2
249.2
249.3
249.3
249.3
249.4
249.4
249.5
249.5
249.6
249.6
249.6
249.6
249.7
249.7
249.8
249.8
249.8
249.9
249.9
250.0
250.0
250.1
250.1
250.1
250.1
250.1
250.2
250.2
250.3
250.3
250.3
250.3
250.3
250.4
250.5
250.5
250.5
250.5
250.6
250.6
250.7
250.8
250.8
250.8
250.8
250.9
250.9
251.0
251.0
251.0
251.0
251.0
251.0
251.1
251.1
251.2
251.2
251.2
251.2
251.2
251.3
251.3
251.3
251.3
251.4
251.5
251.7
251.8
251.9
252.0
252.0
252.0
252.0
252.1
252.3
252.3
252.4
252.5
252.6
252.6
252.8
252.8
252.9
252.9
253.0
253.0
253.0
253.1
253.1
253.1
253.2
253.2
253.2
253.3
253.3
253.3
253.4
253.4
253.4
253.5
253.5
253.6
253.6
253.6
253.6
253.6
253.6
253.7
253.7
253.7
253.8
253.8
253.9
253.9
254.0
254.0
254.0
254.1
254.1
254.2
254.2
254.3
254.3
254.3
254.4
254.5
254.6
254.6
254.6
254.6
254.7
254.8
254.8
254.9
254.9
254.9
255.0
255.0
255.1
255.1
255.2
255.2
255.2
255.3
255.3
255.5
255.5
255.6
255.6
255.7
255.8
255.8
255.9
256.1
256.1
256.1
256.1
256.2
256.2
256.3
256.4
256.5
256.6
256.7
256.8
256.8
256.9
256.9
257.0
257.0
257.1
257.1
257.1
257.3
257.3
257.3
257.4
257.5
257.5
257.6
257.6
257.8
257.8
257.8
257.8
257.8
257.9
258.0
258.0
258.1
258.1
258.2
258.2
258.2
258.3
258.4
258.5
258.5
258.7
258.7
258.8
258.8
258.9
259.0
259.1
259.1
259.2
259.3
259.3
259.4
259.4
259.5
259.6
259.6
259.7
259.7
259.7
259.7
259.8
259.8
259.8
259.9
259.9
259.9
260.0
260.0
260.3
260.3
260.3
260.4
260.5
260.8
260.8
260.9
260.9
261.1
261.1
261.1
261.2
261.3
261.3
261.4
261.4
261.4
261.5
261.5
261.5
261.7
261.8
261.8
261.8
262.0
262.1
262.2
262.2
262.5
262.6
262.7
262.7
262.7
262.7
262.8
262.8
263.1
263.1
263.3
263.6
263.6
263.7
263.7
263.8
263.9
263.9
263.9
264.0
264.1
264.1
264.2
264.3
264.3
264.6
264.6
264.7
264.7
264.9
265.1
265.2
265.2
265.4
265.4
265.4
265.5
265.5
265.8
265.8
265.8
265.9
266.0
266.1
266.3
266.4
266.5
266.7
266.8
266.9
267.0
267.1
267.1
267.1
267.2
267.3
267.4
267.4
267.5
267.5
267.9
268.0
268.0
268.1
268.2
268.6
268.7
268.7
268.7
268.9
268.9
269.4
269.5
269.5
270.0
270.3
270.4
270.4
270.4
270.5
271.0
271.1
271.1
271.5
271.6
271.8
271.9
271.9
272.3
272.4
272.4
272.7
272.8
273.2
273.4
273.5
273.8
274.0
274.3
274.9
275.3
275.3
275.8
276.1
276.4
276.7
276.8
276.9
277.7
279.2
279.2
279.4
280.5
281.1
281.2
281.2
282.1
283.3
283.7
284.5
284.5
285.0
287.1
287.3
289.3
290.5
307.8
308.4
500.7
500.7
500.7
500.7
500.7
500.7
500.7
500.8
500.8
500.8
500.8
500.8
501.3
501.3
501.3
501.4
501.4
501.4
501.4
501.4
501.4
501.4
501.4
501.4
501.4
501.4
501.4
501.4
501.4
501.6
501.9
502.2
502.3
503.1
503.2
503.4
503.4
503.4
503.4
503.6
503.6
503.7
503.7
503.9
504.0
504.0
504.0
504.1
504.1
504.5
504.5
504.5
504.7
504.7
504.8
504.8
504.9
505.0
505.1
505.2
505.2
505.2
505.3
505.3
505.3
505.3
505.4
505.4
505.4
505.5
505.5
505.5
505.6
505.6
505.6
505.7
505.7
505.7
505.7
505.8
505.8
505.8
505.8
505.9
505.9
505.9
505.9
505.9
505.9
505.9
506.0
506.0
506.0
506.0
506.0
506.0
506.0
506.0
506.0
506.0
506.1
506.1
506.4
506.4
506.5
506.5
506.5
506.5
506.7
506.9
507.0
507.0
507.1
507.2
507.2
507.2
507.2
507.2
507.3
507.3
507.3
507.4
507.4
507.5
507.7
507.7
508.1
508.2
508.2
508.4
508.4
508.5
508.5
508.5
508.5
508.6
508.6
508.7
508.7
508.8
508.9
508.9
509.0
509.2
509.2
509.2
509.3
509.3
509.4
509.6
509.7
509.7
509.9
509.9
510.0
510.0
510.1
510.2
510.3
510.3
510.4
510.4
510.4
510.4
510.5
510.5
510.5
510.6
510.6
510.6
510.6
510.7
510.7
510.7
510.7
510.8
510.8
510.8
510.8
510.8
510.9
510.9
510.9
510.9
510.9
510.9
510.9
510.9
510.9
511.0
511.0
511.0
511.0
511.0
511.0
511.0
511.0
511.0
511.0
511.0
512.3
512.4
512.4
512.4
512.4
512.8
512.9
513.0
513.1
513.1
513.2
513.2
513.5
513.7
513.7
513.7
513.7
513.7
513.8
513.8
513.9
513.9
513.9
513.9
514.0
514.0
514.0
514.0
514.1
514.1
514.2
514.2
514.2
514.3
514.3
514.3
514.4
514.4
514.5
514.5
514.5
514.5
514.6
514.7
514.7
514.8
514.9
514.9
514.9
514.9
514.9
515.0
515.1
515.2
515.2
515.3
515.3
515.3
515.3
515.4
515.5
515.5
515.5
515.6
515.6
515.6
515.6
515.7
515.7
515.7
515.7
515.7
515.8
515.9
515.9
515.9
515.9
515.9
516.0
516.0
516.0
516.0
516.0
516.0
516.0
516.1
516.1
516.1
516.1
516.1
516.1
516.1
516.1
516.1
516.1
516.1
516.2
516.2
516.3
516.4
517.3
517.3
517.5
517.5
517.8
517.9
517.9
518.0
518.0
518.2
518.2
518.3
518.3
518.5
518.6
518.7
518.8
518.8
518.8
518.9
518.9
518.9
518.9
518.9
519.0
519.0
519.0
519.1
519.1
519.2
519.3
519.3
519.5
519.5
519.6
519.6
519.6
519.6
519.6
519.7
519.7
519.8
519.8
519.8
519.9
519.9
519.9
519.9
519.9
520.0
520.0
520.1
520.1
520.2
520.2
520.2
520.2
520.3
520.3
520.4
520.4
520.4
520.4
520.5
520.5
520.5
520.5
520.5
520.5
520.5
520.5
520.5
520.6
520.6
520.6
520.7
520.7
520.7
520.8
520.8
520.9
520.9
520.9
520.9
521.0
521.0
521.1
521.1
521.3
521.4
521.6
521.8
522.9
522.9
523.6
523.9
524.0
524.1
524.2
524.4
524.5
524.6
524.6
524.6
524.7
524.8
524.8
524.9
524.9
525.0
525.0
525.0
525.0
525.0
525.1
525.1
525.1
525.2
525.2
525.2
525.3
525.3
525.3
525.4
525.4
525.4
525.4
525.5
525.5
525.5
525.5
525.5
525.6
525.7
525.7
525.8
525.8
526.0
526.0
526.0
526.0
526.0
526.1
526.1
526.2
526.3
526.3
526.3
526.3
526.3
526.4
526.4
526.5
526.5
526.5
526.5
526.5
526.5
526.6
526.6
526.7
526.7
526.7
526.8
526.8
526.8
526.8
526.9
526.9
527.0
527.0
527.0
527.0
527.0
527.0
527.1
527.2
527.2
527.2
527.3
527.3
527.3
527.4
527.5
527.5
527.5
527.6
527.6
527.6
527.6
527.9
528.0
528.0
528.2
528.3
528.4
528.5
528.6
528.6
528.7
528.7
528.7
528.8
528.8
528.8
528.8
528.9
528.9
528.9
528.9
529.0
529.0
529.0
529.0
529.1
529.2
529.2
529.2
529.2
529.2
529.2
529.2
529.3
529.3
529.3
529.4
529.4
529.4
529.5
529.5
529.5
529.6
529.6
529.7
529.7
529.7
529.7
529.8
529.9
529.9
529.9
530.0
530.0
530.0
530.0
530.0
530.1
530.1
530.1
530.2
530.3
530.3
530.3
530.4
530.4
530.4
530.4
530.5
530.5
530.5
530.5
530.6
530.7
530.7
530.8
530.8
530.9
530.9
531.0
531.0
531.0
531.1
531.1
531.1
531.2
531.3
531.4
531.6
531.7
531.7
531.7
531.8
531.8
532.0
532.1
532.1
532.1
532.2
532.2
532.3
532.3
532.3
532.4
532.4
532.4
532.4
532.5
532.5
532.5
532.6
532.6
532.6
532.6
532.7
532.7
532.7
532.7
532.7
532.8
532.8
532.9
532.9
532.9
532.9
532.9
532.9
532.9
532.9
533.0
533.0
533.0
533.0
533.1
533.1
533.1
533.1
533.2
533.2
533.2
533.3
533.3
533.3
533.3
533.3
533.4
533.4
533.5
533.5
533.5
533.6
533.6
533.6
533.6
533.6
533.6
533.7
533.8
533.8
533.8
533.8
533.8
533.9
533.9
534.0
534.0
534.0
534.1
534.1
534.2
534.3
534.3
534.3
534.3
534.4
534.4
534.5
534.6
534.6
534.6
534.7
534.9
534.9
535.7
536.0
536.1
536.1
536.2
536.3
536.3
536.4
536.4
536.5
536.5
536.5
536.6
536.6
536.6
536.6
536.6
536.6
536.7
536.7
536.8
536.8
536.9
536.9
536.9
536.9
536.9
536.9
536.9
536.9
537.0
537.0
537.0
537.0
537.0
537.0
537.0
537.1
537.1
537.1
537.1
537.1
537.2
537.2
537.2
537.2
537.2
537.3
537.3
537.3
537.4
537.4
537.4
537.4
537.4
537.5
537.5
537.5
537.6
537.6
537.6
537.6
537.8
537.8
537.8
537.8
537.8
537.8
537.8
537.8
537.9
537.9
538.0
538.0
538.0
538.1
538.1
538.1
538.1
538.1
538.2
538.2
538.3
538.3
538.3
538.3
538.5
538.5
538.5
538.5
538.5
539.1
539.1
539.2
539.2
539.3
539.5
539.5
539.6
539.6
539.7
539.8
539.9
539.9
539.9
540.0
540.0
540.0
540.0
540.1
540.1
540.1
540.1
540.1
540.1
540.2
540.2
540.2
540.2
540.3
540.3
540.3
540.4
540.4
540.4
540.4
540.4
540.4
540.5
540.5
540.5
540.6
540.6
540.6
540.6
540.6
540.6
540.6
540.7
540.7
540.7
540.7
540.7
540.7
540.7
540.8
540.8
540.9
540.9
540.9
540.9
540.9
540.9
540.9
540.9
540.9
540.9
541.1
541.1
541.1
541.2
541.2
541.2
541.2
541.2
541.3
541.3
541.3
541.3
541.4
541.4
541.4
541.4
541.5
541.5
541.5
541.5
541.6
541.6
541.6
541.6
541.6
541.7
541.7
541.7
541.8
542.2
542.2
542.4
542.6
542.8
542.8
542.9
542.9
542.9
543.0
543.2
543.2
543.2
543.2
543.3
543.3
543.3
543.3
543.5
543.5
543.5
543.5
543.5
543.5
543.5
543.6
543.6
543.6
543.6
543.6
543.6
543.7
543.7
543.8
543.9
544.0
544.0
544.0
544.0
544.0
544.0
544.0
544.1
544.1
544.2
544.2
544.2
544.2
544.3
544.3
544.3
544.3
544.3
544.3
544.3
544.4
544.4
544.5
544.5
544.5
544.5
544.6
544.6
544.6
544.6
544.7
544.7
544.7
544.7
544.8
544.8
544.8
544.9
544.9
544.9
544.9
544.9
545.0
545.0
545.0
545.1
545.1
545.1
545.2
545.3
545.3
545.3
545.4
545.5
545.6
545.6
545.8
545.8
545.9
546.0
546.1
546.1
546.2
546.3
546.3
546.3
546.4
546.4
546.5
546.5
546.5
546.6
546.6
546.6
546.7
546.7
546.7
546.8
546.8
546.8
546.8
546.9
546.9
546.9
547.0
547.0
547.0
547.0
547.0
547.0
547.1
547.1
547.1
547.1
547.1
547.1
547.2
547.3
547.3
547.3
547.3
547.4
547.4
547.4
547.4
547.4
547.4
547.4
547.4
547.5
547.5
547.7
547.7
547.7
547.7
547.7
547.7
547.7
547.8
547.8
547.8
547.9
547.9
547.9
548.0
548.0
548.0
548.0
548.0
548.1
548.1
548.2
548.2
548.2
548.3
548.3
548.4
548.5
548.5
548.5
548.5
548.7
548.8
548.8
548.9
549.0
549.1
549.2
549.2
549.2
549.3
549.4
549.4
549.4
549.5
549.5
549.5
549.5
549.6
549.6
549.6
549.6
549.7
549.7
549.7
549.7
549.8
549.9
549.9
549.9
550.0
550.0
550.0
550.1
550.1
550.1
550.1
550.1
550.1
550.1
550.2
550.2
550.2
550.3
550.3
550.3
550.4
550.4
550.4
550.4
550.4
550.4
550.4
550.4
550.4
550.5
550.5
550.5
550.5
550.5
550.6
550.6
550.6
550.7
550.8
550.8
550.8
550.8
550.8
550.9
550.9
550.9
550.9
551.0
551.0
551.0
551.1
551.1
551.1
551.1
551.2
551.2
551.2
551.3
551.3
551.3
551.4
551.4
551.4
551.5
551.5
551.6
551.7
551.8
551.9
552.0
552.1
552.2
552.2
552.4
552.4
552.6
552.7
552.8
552.8
552.8
552.9
552.9
552.9
552.9
552.9
553.0
553.0
553.0
553.0
553.1
553.1
553.1
553.1
553.2
553.2
553.3
553.3
553.3
553.3
553.4
553.4
553.4
553.4
553.4
553.4
553.6
553.6
553.6
553.6
553.6
553.7
553.7
553.7
553.7
553.7
553.7
553.8
553.8
553.8
553.8
553.8
553.8
553.8
553.9
553.9
553.9
554.0
554.1
554.1
554.1
554.1
554.2
554.2
554.2
554.3
554.3
554.3
554.4
554.4
554.5
554.5
554.5
554.5
554.5
554.5
554.5
554.6
554.6
554.6
554.7
554.8
554.8
554.8
554.8
554.8
554.9
554.9
555.0
555.1
555.1
555.2
555.4
555.4
555.4
555.6
555.7
555.8
555.8
555.8
555.8
555.8
555.9
555.9
555.9
556.0
556.0
556.0
556.0
556.0
556.1
556.1
556.1
556.1
556.1
556.1
556.1
556.2
556.2
556.3
556.4
556.4
556.4
556.4
556.6
556.7
556.7
556.7
556.8
556.8
556.8
556.8
556.8
556.8
556.8
556.8
556.8
556.8
556.9
556.9
556.9
556.9
557.0
557.0
557.0
557.0
557.1
557.1
557.1
557.1
557.1
557.1
557.2
557.3
557.4
557.4
557.4
557.4
557.4
557.5
557.5
557.5
557.5
557.5
557.6
557.6
557.7
557.7
557.8
557.8
557.8
557.8
557.9
557.9
557.9
558.1
558.2
558.2
558.2
558.2
558.3
558.4
558.5
558.6
558.7
558.8
558.8
558.9
558.9
559.0
559.1
559.1
559.1
559.2
559.2
559.3
559.3
559.3
559.4
559.4
559.4
559.4
559.5
559.5
559.5
559.6
559.6
559.6
559.7
559.8
559.9
559.9
559.9
559.9
559.9
560.0
560.0
560.1
560.1
560.1
560.1
560.2
560.2
560.3
560.3
560.3
560.3
560.3
560.3
560.4
560.4
560.4
560.4
560.4
560.5
560.5
560.5
560.5
560.6
560.6
560.7
560.7
560.7
560.7
560.8
560.8
560.8
560.8
560.8
560.8
560.9
561.1
561.1
561.2
561.2
561.2
561.2
561.4
561.4
561.5
561.5
561.6
561.6
561.7
561.7
561.8
561.8
561.8
561.9
561.9
561.9
562.0
562.0
562.0
562.1
562.1
562.1
562.2
562.2
562.2
562.2
562.2
562.3
562.3
562.4
562.4
562.5
562.6
562.6
562.7
562.8
562.9
562.9
562.9
563.0
563.0
563.0
563.1
563.1
563.1
563.2
563.2
563.2
563.3
563.3
563.3
563.3
563.3
563.3
563.3
563.4
563.4
563.4
563.4
563.4
563.4
563.5
563.5
563.5
563.5
563.6
563.6
563.6
563.6
563.7
563.7
563.7
563.7
563.7
563.8
563.8
563.8
563.8
563.8
563.8
563.9
563.9
563.9
563.9
563.9
564.0
564.1
564.2
564.2
564.4
564.4
564.5
564.5
564.5
564.6
564.6
564.6
564.8
564.8
564.9
565.0
565.1
565.2
565.2
565.2
565.2
565.4
565.5
565.5
565.6
565.6
565.7
565.7
566.0
566.1
566.1
566.1
566.2
566.2
566.2
566.2
566.3
566.4
566.4
566.5
566.5
566.6
566.6
566.6
566.7
566.7
566.7
566.8
566.8
566.9
566.9
566.9
566.9
567.0
567.0
567.0
567.2
567.3
567.3
567.3
567.3
567.3
567.4
567.5
567.6
567.8
567.8
567.8
567.8
567.9
567.9
568.0
568.0
568.0
568.1
568.1
568.2
568.2
568.2
568.2
568.3
568.3
568.4
568.4
568.5
568.6
568.6
568.6
568.6
568.8
568.9
568.9
569.1
569.2
569.2
569.3
569.3
569.4
569.4
569.4
569.4
569.4
569.4
569.5
569.5
569.6
569.7
569.7
569.7
569.7
569.8
569.8
569.9
569.9
569.9
569.9
570.0
570.0
570.0
570.1
570.1
570.1
570.1
570.1
570.1
570.1
570.2
570.2
570.2
570.3
570.3
570.3
570.4
570.5
570.6
570.6
570.6
570.8
570.9
571.0
571.0
571.1
571.1
571.2
571.2
571.2
571.2
571.3
571.3
571.4
571.4
571.4
571.4
571.5
571.6
571.6
571.7
571.8
571.8
572.0
572.0
572.1
572.2
572.2
572.3
572.3
572.3
572.5
572.5
572.6
572.6
572.7
572.7
572.8
572.8
572.8
572.9
572.9
573.0
573.2
573.2
573.2
573.2
573.2
573.2
573.2
573.3
573.5
573.5
573.5
573.5
573.6
573.8
573.8
573.8
574.0
574.1
574.1
574.2
574.2
574.2
574.2
574.3
574.4
574.4
574.5
574.5
574.6
574.7
574.7
574.8
574.8
574.9
574.9
574.9
575.1
575.2
575.3
575.4
575.4
575.4
575.5
575.5
575.7
575.7
575.7
575.8
575.9
575.9
575.9
576.0
576.1
576.1
576.3
576.3
576.4
576.4
576.4
576.5
576.5
576.5
576.5
576.6
576.6
576.7
576.7
576.9
576.9
576.9
577.0
577.1
577.2
577.2
577.3
577.4
577.4
577.4
577.5
577.5
577.6
577.6
577.6
577.7
577.8
577.8
577.8
577.9
577.9
577.9
578.0
578.0
578.4
578.4
578.4
578.4
578.5
578.5
578.5
578.5
578.6
578.6
578.7
578.7
578.8
578.8
578.9
578.9
578.9
579.0
579.1
579.1
579.1
579.2
579.2
579.2
579.3
579.3
579.3
579.4
579.4
579.5
579.5
579.6
579.7
579.7
579.7
579.8
579.8
579.8
579.8
579.8
579.9
580.0
580.1
580.2
580.2
580.3
580.4
580.4
580.5
580.5
580.6
580.9
581.0
581.0
581.0
581.0
581.3
581.3
581.4
581.4
581.4
581.6
581.7
581.7
581.8
581.8
581.8
581.9
581.9
582.0
582.0
582.2
582.2
582.2
582.3
582.4
582.4
582.5
582.5
582.5
582.6
582.6
582.6
582.7
582.7
582.7
582.7
582.8
582.8
582.8
582.9
583.0
583.0
583.1
583.1
583.1
583.2
583.2
583.2
583.3
583.6
583.7
583.7
583.7
583.8
583.8
584.0
584.2
584.3
584.4
584.5
584.6
584.7
584.7
584.7
584.8
584.8
584.8
584.8
584.9
584.9
585.1
585.1
585.2
585.2
585.3
585.4
585.5
585.5
585.5
585.6
585.7
585.8
585.8
585.8
585.8
585.8
585.9
585.9
586.0
586.0
586.1
586.1
586.3
586.4
586.4
586.4
586.4
586.4
586.5
586.5
586.6
586.6
586.7
586.7
586.7
586.7
586.8
586.8
586.9
587.0
587.0
587.1
587.1
587.2
587.2
587.2
587.2
587.3
587.3
587.3
587.4
587.4
587.4
587.7
587.7
587.8
587.8
587.8
587.8
587.9
587.9
588.0
588.0
588.1
588.1
588.2
588.3
588.5
588.6
588.6
588.6
588.8
588.9
588.9
588.9
589.0
589.0
589.0
589.0
589.1
589.1
589.1
589.1
589.3
589.3
589.3
589.3
589.4
589.5
589.5
589.6
589.6
589.7
589.8
589.8
589.8
589.8
589.9
590.0
590.0
590.0
590.1
590.1
590.1
590.1
590.3
590.6
590.6
590.7
590.7
591.0
591.1
591.1
591.2
591.3
591.3
591.3
591.3
591.4
591.4
591.4
591.4
591.5
591.6
591.8
591.9
592.0
592.0
592.0
592.2
592.2
592.2
592.3
592.4
592.4
592.4
592.5
592.5
592.6
592.6
592.6
592.7
592.7
592.7
592.8
592.8
592.8
592.8
593.0
593.1
593.2
593.2
593.2
593.3
593.3
593.4
593.4
593.5
593.5
593.5
593.5
593.5
593.5
593.5
593.6
593.6
593.7
593.7
593.8
593.8
593.8
593.8
593.8
594.0
594.0
594.1
594.1
594.1
594.1
594.3
594.4
594.4
594.4
594.5
594.5
594.5
594.6
594.6
594.7
594.8
594.8
594.8
594.9
595.0
595.0
595.2
595.4
595.5
595.5
595.5
595.5
595.6
595.6
595.7
595.8
595.9
595.9
595.9
596.1
596.2
596.2
596.2
596.2
596.2
596.3
596.5
596.5
596.5
596.5
596.6
596.7
596.7
596.7
596.7
596.7
596.8
596.8
596.8
596.8
596.8
596.9
596.9
597.0
597.0
597.1
597.2
597.2
597.2
597.2
597.3
597.3
597.3
597.3
597.4
597.4
597.5
597.5
597.5
597.6
597.6
597.6
597.7
597.7
597.7
597.9
598.0
598.0
598.1
598.1
598.1
598.2
598.2
598.2
598.2
598.4
598.4
598.4
598.5
598.5
598.5
598.7
598.7
598.7
598.8
598.8
598.8
598.9
599.0
599.0
599.2
599.2
599.5
599.6
599.7
599.7
599.7
599.7
599.8
599.8
599.8
599.8
599.9
599.9
599.9
599.9
600.0
600.1
600.2
600.3
600.3
600.6
600.6
600.6
600.6
600.7
600.7
600.7
600.7
600.8
600.8
600.9
600.9
601.0
601.1
601.1
601.1
601.1
601.1
601.1
601.1
601.2
601.2
601.2
601.3
601.3
601.3
601.5
601.5
601.6
601.7
601.7
601.8
601.8
601.9
601.9
602.0
602.1
602.2
602.2
602.4
602.4
602.4
602.4
602.5
602.5
602.5
602.5
602.6
602.6
602.6
602.8
603.0
603.1
603.2
603.2
603.2
603.3
603.3
603.4
603.4
603.4
603.4
603.4
603.6
603.6
603.6
603.7
603.8
603.8
603.8
604.0
604.0
604.1
604.1
604.2
604.3
604.3
604.3
604.5
604.6
604.6
604.6
604.8
604.8
604.9
604.9
605.0
605.0
605.1
605.3
605.3
605.3
605.4
605.5
605.5
605.6
605.6
605.6
605.6
605.7
605.7
605.7
605.7
605.8
605.8
605.8
605.8
605.9
605.9
605.9
606.1
606.1
606.1
606.2
606.3
606.4
606.4
606.4
606.4
606.4
606.6
606.6
606.6
606.7
606.7
606.8
606.8
606.8
606.9
606.9
606.9
606.9
607.0
607.0
607.1
607.1
607.1
607.2
607.2
607.3
607.3
607.4
607.4
607.4
607.5
607.5
607.5
607.6
607.6
607.7
607.7
607.8
607.8
607.8
607.8
607.9
607.9
607.9
608.0
608.0
608.0
608.4
608.4
608.4
608.4
608.5
608.5
608.5
608.6
608.6
608.7
608.8
609.0
609.0
609.0
609.0
609.1
609.1
609.1
609.1
609.1
609.1
609.2
609.2
609.3
609.3
609.4
609.8
609.9
609.9
610.0
610.0
610.0
610.0
610.0
610.1
610.1
610.1
610.1
610.1
610.1
610.3
610.3
610.4
610.4
610.5
610.5
610.5
610.5
610.6
610.6
610.6
610.6
610.7
610.7
610.7
610.8
610.8
610.8
610.8
611.0
611.1
611.1
611.1
611.1
611.2
611.2
611.3
611.3
611.4
611.4
611.4
611.5
611.5
611.6
611.9
611.9
611.9
612.1
612.1
612.2
612.3
612.4
612.4
612.4
612.4
612.5
612.5
612.7
612.7
612.8
612.8
612.9
612.9
613.0
613.0
613.0
613.0
613.1
613.5
613.5
613.5
613.5
613.6
613.6
613.6
613.7
613.8
613.8
613.8
613.9
614.0
614.0
614.1
614.1
614.1
614.1
614.2
614.2
614.4
614.4
614.6
614.6
614.8
614.9
614.9
615.0
615.0
615.0
615.1
615.1
615.1
615.1
615.1
615.1
615.4
615.4
615.4
615.5
615.5
615.6
615.6
615.6
615.6
615.7
615.8
615.9
616.0
616.0
616.1
616.1
616.3
616.4
616.4
616.4
616.5
616.6
616.6
616.7
616.7
616.8
616.8
616.8
616.9
617.0
617.1
617.1
617.2
617.2
617.4
617.5
617.5
617.6
617.6
617.7
617.8
617.8
618.0
618.0
618.1
618.1
618.3
618.3
618.3
618.3
618.4
618.4
618.6
618.7
618.8
619.0
619.0
619.0
619.1
619.1
619.2
619.2
619.3
619.3
619.3
619.5
619.5
619.5
619.5
620.0
620.0
620.0
620.0
620.1
620.2
620.2
620.2
620.3
620.4
620.5
620.7
620.8
620.8
621.0
621.2
621.3
621.4
621.4
621.5
621.5
621.5
621.6
621.6
621.7
621.7
621.8
621.8
621.9
621.9
622.2
622.2
622.2
622.2
622.3
622.5
622.7
622.7
622.7
622.8
622.8
622.8
623.0
623.1
623.2
623.2
623.6
623.6
623.6
623.9
624.0
624.0
624.1
624.1
624.4
624.4
624.4
624.4
624.7
624.7
624.9
624.9
624.9
625.0
625.0
625.1
625.2
625.5
625.6
625.6
625.6
625.8
625.8
626.1
626.4
626.4
626.5
626.8
626.8
626.8
626.9
627.0
627.1
627.2
627.3
627.5
627.6
627.6
627.6
627.7
627.7
627.7
627.8
627.9
627.9
627.9
628.0
628.1
628.3
628.5
628.6
628.6
628.7
628.8
629.0
629.0
629.0
629.2
629.3
629.3
629.4
629.6
629.8
630.0
630.1
630.2
630.2
630.7
630.7
631.1
631.4
631.4
631.4
631.5
631.7
631.7
631.8
632.0
632.1
632.2
632.8
632.9
632.9
633.2
633.2
633.3
633.4
633.6
633.7
634.3
634.6
634.7
634.7
634.7
635.1
635.3
635.4
635.5
635.5
635.8
635.8
636.3
636.5
636.5
636.7
637.1
637.2
637.3
637.6
637.6
637.8
638.0
638.3
638.4
639.6
640.2
640.2
640.3
640.4
641.1
642.0
642.1
642.4
642.5
644.8
645.4
645.5
645.9
648.5
648.9
655.7
655.7
657.7
665.7
685.0
686.8
687.2
687.3
687.4
687.4
687.4
687.5
687.5
688.3
693.8
696.0
820.4
820.4
820.4
820.4
820.4
820.4
820.4
820.4
820.4
820.4
820.5
820.6
821.0
821.1
821.2
822.0
822.2
822.2
822.2
822.2
822.2
822.2
822.2
822.2
822.2
822.2
822.2
822.2
822.2
822.3
822.4
822.5
823.5
824.1
824.4
824.6
825.4
825.4
825.4
825.5
825.8
825.9
825.9
826.1
826.2
826.5
826.6
826.6
826.6
826.7
826.8
826.8
826.8
827.0
827.1
827.1
827.1
827.2
827.3
827.3
827.3
827.7
827.8
827.9
827.9
828.0
828.1
828.1
828.2
828.2
828.3
828.4
828.4
828.5
828.5
828.6
828.6
828.6
828.6
828.6
828.6
828.7
828.7
828.8
828.8
828.8
829.1
829.1
829.1
829.2
829.2
829.2
829.2
829.2
829.3
829.4
829.4
829.5
829.6
829.6
829.7
829.7
829.7
829.7
829.7
829.7
829.8
829.9
829.9
829.9
830.0
830.0
830.1
830.1
830.1
830.2
830.2
830.2
830.2
830.3
830.3
830.3
830.3
830.4
830.4
830.4
830.4
830.4
830.4
830.5
830.5
830.5
830.5
830.5
830.5
830.5
831.1
831.1
831.2
831.2
831.6
831.7
831.8
832.0
832.1
832.5
832.9
833.0
833.3
834.0
834.1
834.2
834.4
834.4
834.4
834.5
834.5
834.5
834.8
834.9
835.0
835.1
835.1
835.3
835.4
835.5
835.7
835.7
835.7
835.7
835.8
835.8
836.3
836.3
836.4
836.4
836.5
836.7
836.7
836.7
837.0
837.0
837.1
837.1
837.1
837.1
837.1
837.2
837.2
837.3
837.4
837.5
837.5
837.5
837.5
837.5
837.6
837.7
837.7
837.7
837.8
838.0
838.1
838.2
838.4
838.4
838.5
838.5
838.5
838.5
838.6
838.6
838.6
838.6
838.7
838.7
838.8
838.8
838.8
838.9
839.0
839.1
839.1
839.2
839.2
839.3
839.3
839.3
839.3
839.4
839.5
839.5
839.6
839.6
839.7
839.7
839.9
839.9
839.9
839.9
840.0
840.0
840.1
840.2
840.2
840.4
840.6
840.6
840.6
840.7
840.7
840.7
840.8
840.9
840.9
841.0
841.1
841.2
841.3
841.5
841.7
841.7
841.8
842.1
842.1
842.3
842.3
842.4
842.4
842.5
842.5
842.6
842.8
842.8
842.9
842.9
843.2
843.2
843.2
843.3
843.4
843.4
843.5
843.7
843.7
843.8
843.9
844.0
844.2
844.3
844.4
844.6
844.6
844.7
844.7
844.7
844.8
844.8
844.9
844.9
844.9
844.9
845.0
845.0
845.1
845.1
845.2
845.2
845.3
845.3
845.4
845.4
845.4
845.4
845.4
845.4
845.5
845.6
845.6
845.7
845.8
845.8
845.8
845.9
845.9
845.9
845.9
846.0
846.0
846.1
846.2
846.3
846.4
846.4
846.6
846.9
847.0
847.1
847.2
847.6
847.7
847.8
847.9
847.9
847.9
848.3
848.5
848.5
848.6
848.7
848.8
848.9
848.9
849.1
849.2
849.5
849.5
849.6
850.0
850.1
850.2
850.2
850.2
850.2
850.3
850.5
850.5
850.5
850.6
850.7
851.0
851.0
851.1
851.1
851.1
851.2
851.2
851.2
851.3
851.3
851.3
851.4
851.5
851.5
851.5
851.6
851.6
851.7
851.7
851.7
851.7
851.7
851.7
851.8
851.8
851.8
851.8
851.8
851.8
851.9
852.0
852.0
852.0
852.0
852.1
852.1
852.1
852.2
852.2
852.2
852.4
852.6
852.8
852.9
852.9
853.1
853.1
853.1
853.1
853.3
853.5
853.6
853.6
853.7
854.0
854.1
854.1
854.3
854.4
854.4
854.5
854.8
855.0
855.0
855.2
855.3
855.4
855.5
855.5
855.5
855.9
855.9
855.9
856.0
856.2
856.2
856.3
856.3
856.3
856.4
857.0
857.1
857.1
857.2
857.4
857.5
857.7
857.8
857.9
857.9
857.9
858.0
858.0
858.1
858.1
858.3
858.3
858.4
858.4
858.5
858.5
858.5
858.8
858.9
858.9
858.9
858.9
859.0
859.1
859.2
859.2
859.2
859.2
859.4
859.5
860.0
860.0
860.4
860.9
861.0
861.2
861.6
861.9
862.3
862.6
863.1
863.7
864.7
865.3
865.4
865.6
865.9
865.9
866.0
866.4
867.1
867.2
867.8
867.8
868.7
868.8
870.0
870.2
870.8
871.8
872.7
873.5
875.2
875.2
875.9
876.3
877.5
883.2
885.7
887.6
888.6
890.5
891.5
903.8
974.0
974.0
974.0
974.0
974.0
974.0
974.1
974.1
974.1
974.1
974.1
974.1
974.1
974.1
974.1
974.1
974.1
974.1
974.1
974.1
974.1
974.1
974.1
974.1
974.1
974.1
974.1
974.2
974.2
974.2
974.2
974.2
974.2
974.2
974.2
974.3
974.3
974.3
974.4
974.4
974.4
974.4
974.5
974.5
974.5
974.5
974.5
974.5
974.6
974.6
974.6
974.6
974.6
974.6
974.6
974.6
974.6
974.6
974.7
974.7
974.7
974.7
974.7
975.0
975.0
975.0
975.1
975.1
975.1
975.1
975.1
975.1
975.1
975.2
975.2
975.2
975.2
975.2
975.2
975.2
975.2
975.2
975.2
975.2
975.4
975.4
975.4
975.4
975.5
975.5
975.6
975.6
975.6
975.6
975.6
975.7
975.7
975.8
975.9
975.9
978.2
978.2
978.2
978.3
978.3
978.3
978.3
978.3
978.3
978.3
978.3
978.3
978.3
978.3
978.3
978.3
978.3
978.3
978.3
978.3
978.3
978.3
978.4
978.4
978.4
978.4
978.4
978.4
978.4
978.4
978.4
978.5
978.5
978.5
978.5
978.5
978.6
978.6
978.7
978.7
978.7
978.8
978.8
978.9
978.9
978.9
978.9
978.9
979.0
979.0
979.0
979.0
979.0
979.1
979.1
979.1
979.1
979.1
979.1
979.1
979.1
979.3
979.4
979.6
979.6
979.6
979.7
979.8
979.8
979.8
979.9
979.9
979.9
979.9
979.9
980.0
980.1
980.5
980.5
980.5
980.5
980.5
980.8
980.9
980.9
980.9
981.2
981.3
981.3
981.7
981.7
981.9
981.9
982.0
982.0
982.0
982.0
982.0
982.0
982.0
982.0
982.0
982.1
982.1
982.1
982.1
982.1
982.1
982.1
982.1
982.1
982.1
982.2
982.2
982.2
982.2
982.2
982.2
982.2
982.2
982.2
982.3
982.3
982.3
982.3
982.3
982.3
982.3
982.3
982.4
982.4
982.4
982.4
982.5
982.5
982.6
982.6
982.7
982.7
982.8
982.8
982.8
982.9
982.9
982.9
982.9
983.0
983.0
983.0
983.0
983.0
983.0
983.0
983.1
983.1
983.1
983.2
983.2
983.3
983.3
983.6
983.6
983.7
983.7
983.7
983.8
983.8
983.9
983.9
984.1
984.1
984.3
984.3
984.3
984.4
984.7
984.8
985.3
985.5
985.6
985.7
985.7
985.8
985.9
986.1
986.2
986.2
986.2
986.3
986.3
986.3
986.3
986.3
986.4
986.4
986.4
986.4
986.4
986.4
986.4
986.4
986.5
986.5
986.5
986.5
986.5
986.5
986.5
986.5
986.5
986.5
986.6
986.6
986.6
986.6
986.6
986.6
986.7
986.7
986.7
986.7
986.8
986.8
986.8
986.8
986.9
986.9
986.9
987.0
987.0
987.0
987.1
987.1
987.1
987.2
987.2
987.2
987.2
987.2
987.3
987.3
987.3
987.4
987.4
987.4
987.5
987.5
987.7
987.7
987.7
987.7
987.8
987.9
987.9
988.0
988.1
988.1
988.2
988.3
988.3
988.3
988.4
988.5
988.5
988.8
988.9
989.1
989.3
989.3
989.3
989.3
989.5
989.5
989.5
989.5
989.6
989.6
989.6
989.6
989.7
989.7
989.7
989.7
989.8
989.8
989.8
989.8
989.9
989.9
989.9
989.9
989.9
989.9
989.9
989.9
989.9
989.9
990.0
990.0
990.0
990.0
990.0
990.0
990.1
990.1
990.1
990.1
990.2
990.2
990.2
990.2
990.3
990.3
990.4
990.4
990.5
990.5
990.6
990.6
990.6
990.7
990.7
990.7
990.7
990.8
990.8
990.8
990.9
990.9
990.9
990.9
991.0
991.0
991.0
991.1
991.1
991.2
991.3
991.3
991.4
991.4
991.4
991.6
991.7
991.7
991.7
991.8
991.9
992.0
992.0
992.1
992.1
992.2
992.2
992.3
992.4
992.5
992.8
992.8
992.8
992.9
992.9
992.9
993.0
993.0
993.1
993.1
993.1
993.2
993.2
993.2
993.2
993.2
993.2
993.3
993.3
993.3
993.3
993.3
993.3
993.4
993.4
993.4
993.4
993.4
993.4
993.4
993.4
993.4
993.5
993.5
993.5
993.5
993.6
993.6
993.6
993.6
993.6
993.6
993.6
993.7
993.7
993.7
993.7
993.8
993.8
993.8
993.9
993.9
994.0
994.0
994.1
994.1
994.1
994.1
994.2
994.3
994.3
994.3
994.3
994.4
994.4
994.4
994.5
994.5
994.6
994.6
994.7
994.7
994.8
994.8
994.9
995.0
995.0
995.0
995.1
995.1
995.1
995.2
995.3
995.4
995.5
995.8
995.8
995.8
995.9
995.9
995.9
995.9
996.0
996.1
996.1
996.1
996.1
996.1
996.2
996.2
996.2
996.2
996.3
996.3
996.3
996.3
996.4
996.4
996.4
996.4
996.4
996.4
996.4
996.5
996.5
996.5
996.6
996.6
996.6
996.6
996.6
996.6
996.6
996.6
996.7
996.7
996.7
996.7
996.7
996.8
996.8
996.8
996.9
996.9
996.9
997.0
997.0
997.0
997.0
997.1
997.2
997.2
997.2
997.2
997.3
997.3
997.4
997.4
997.4
997.4
997.5
997.5
997.5
997.6
997.6
997.7
997.7
997.7
997.7
997.8
997.8
997.9
998.0
998.0
998.1
998.3
998.3
998.4
998.4
998.4
998.4
998.4
998.4
998.5
998.6
998.8
998.8
998.8
998.9
998.9
998.9
998.9
998.9
999.1
999.1
999.1
999.1
999.1
999.1
999.2
999.2
999.2
999.3
999.3
999.4
999.4
999.4
999.4
999.4
999.4
999.4
999.5
999.5
999.5
999.6
999.6
999.6
999.6
999.6
999.6
999.6
999.6
999.7
999.7
999.7
999.7
999.7
999.8
999.8
999.9
999.9
999.9
