7.0
7.3
7.6
7.8
7.8
7.9
8.1
8.1
8.2
8.3
8.5
8.6
8.6
8.6
8.9
8.9
9.1
9.2
9.3
9.5
9.7
9.8
9.9
10.1
10.1
10.2
10.2
10.3
10.3
10.3
10.3
10.4
10.5
10.5
10.6
10.7
10.8
10.8
10.8
10.9
10.9
10.9
10.9
11.1
11.1
11.2
11.5
11.5
11.6
11.7
11.8
11.8
11.9
11.9
11.9
12.0
12.1
12.1
12.2
12.3
12.3
12.3
12.3
12.3
12.4
12.4
12.5
12.6
12.6
12.6
12.6
12.7
12.7
12.8
12.9
12.9
13.0
13.0
13.0
13.0
13.0
13.2
13.2
13.3
13.3
13.4
13.4
13.5
13.5
13.5
13.5
13.7
13.7
13.8
13.8
13.8
13.8
13.8
13.8
13.9
13.9
14.0
14.1
14.2
14.2
14.2
14.2
14.3
14.3
14.3
14.3
14.4
14.4
14.4
14.4
14.5
14.5
14.5
14.5
14.6
14.6
14.6
14.6
14.6
14.7
14.7
14.7
14.7
14.7
14.8
14.8
14.8
14.8
14.9
14.9
14.9
14.9
14.9
14.9
14.9
14.9
15.0
15.0
15.1
15.1
15.1
15.1
15.2
15.2
15.2
15.3
15.3
15.3
15.4
15.4
15.4
15.4
15.4
15.5
15.5
15.5
15.5
15.6
15.6
15.7
15.7
15.7
15.7
15.8
15.8
15.9
15.9
16.0
16.0
16.0
16.0
16.1
16.1
16.1
16.2
16.2
16.2
16.3
16.3
16.4
16.4
16.4
16.4
16.5
16.5
16.6
16.6
16.6
16.6
16.7
16.7
16.7
16.7
16.7
16.7
16.8
16.8
16.8
16.8
16.9
16.9
16.9
17.0
17.0
17.0
17.0
17.1
17.1
17.1
17.1
17.1
17.2
17.2
17.3
17.3
17.4
17.5
17.5
17.5
17.5
17.5
17.5
17.5
17.5
17.5
17.6
17.6
17.7
17.7
17.7
17.7
17.7
17.7
17.8
17.8
17.8
17.8
17.9
17.9
17.9
17.9
17.9
18.0
18.0
18.0
18.1
18.1
18.1
18.1
18.2
18.2
18.2
18.2
18.2
18.2
18.3
18.3
18.3
18.3
18.3
18.4
18.4
18.5
18.5
18.5
18.5
18.5
18.5
18.5
18.6
18.6
18.6
18.7
18.8
18.8
18.8
18.8
18.9
18.9
18.9
18.9
18.9
19.0
19.0
19.1
19.1
19.1
19.1
19.2
19.2
19.2
19.3
19.3
19.3
19.3
19.4
19.4
19.5
19.5
19.6
19.6
19.6
19.6
19.6
19.6
19.6
19.7
19.7
19.7
19.7
19.7
19.8
19.8
19.9
19.9
19.9
19.9
19.9
19.9
20.0
20.0
20.0
20.0
20.1
20.1
20.1
20.1
20.2
20.2
20.3
20.3
20.3
20.3
20.3
20.3
20.4
20.4
20.5
20.5
20.5
20.5
20.5
20.5
20.5
20.6
20.6
20.6
20.6
20.7
20.7
20.7
20.7
20.7
20.7
20.7
20.7
20.8
20.8
20.8
20.8
20.8
20.9
21.0
21.0
21.0
21.1
21.1
21.1
21.1
21.1
21.1
21.2
21.2
21.2
21.3
21.3
21.3
21.3
21.3
21.4
21.4
21.5
21.5
21.6
21.6
21.6
21.6
21.6
21.6
21.7
21.7
21.7
21.7
21.7
21.8
21.8
21.8
21.8
21.8
21.8
21.9
21.9
21.9
21.9
22.0
22.0
22.0
22.0
22.0
22.0
22.1
22.1
22.1
22.1
22.1
22.2
22.2
22.3
22.3
22.3
22.3
22.3
22.3
22.4
22.4
22.4
22.4
22.5
22.5
22.6
22.6
22.6
22.6
22.7
22.7
22.9
22.9
22.9
22.9
22.9
23.0
23.0
23.0
23.0
23.0
23.1
23.1
23.1
23.2
23.2
23.2
23.2
23.3
23.3
23.3
23.3
23.4
23.4
23.4
23.4
23.5
23.6
23.6
23.6
23.6
23.7
23.7
23.7
23.7
23.7
23.8
23.8
23.8
23.8
23.8
23.9
23.9
23.9
23.9
24.0
24.0
24.0
24.0
24.1
24.1
24.1
24.1
24.2
24.2
24.3
24.3
24.3
24.3
24.3
24.3
24.3
24.4
24.4
24.4
24.4
24.4
24.4
24.4
24.5
24.5
24.5
24.6
24.6
24.7
24.7
24.8
24.8
24.9
24.9
24.9
24.9
24.9
24.9
25.0
25.0
25.0
25.0
25.0
25.1
25.1
25.1
25.1
25.1
25.1
25.2
25.2
25.2
25.2
25.2
25.2
25.3
25.3
25.3
25.3
25.3
25.3
25.3
25.4
25.4
25.4
25.5
25.5
25.5
25.5
25.5
25.6
25.6
25.7
25.7
25.7
25.7
25.7
25.7
25.7
25.8
25.8
25.9
25.9
25.9
25.9
25.9
25.9
25.9
26.0
26.0
26.0
26.0
26.0
26.0
26.0
26.1
26.1
26.1
26.1
26.1
26.2
26.2
26.3
26.3
26.3
26.3
26.3
26.4
26.5
26.5
26.5
26.5
26.5
26.5
26.6
26.6
26.6
26.6
26.6
26.7
26.7
26.7
26.7
26.7
26.7
26.8
26.8
26.9
26.9
27.0
27.0
27.0
27.0
27.0
27.0
27.0
27.0
27.1
27.1
27.1
27.1
27.1
27.1
27.1
27.2
27.2
27.3
27.3
27.3
27.3
27.3
27.4
27.4
27.4
27.5
27.5
27.5
27.6
27.6
27.6
27.6
27.6
27.7
27.7
27.7
27.7
27.7
27.7
27.7
27.7
27.8
27.8
27.9
27.9
27.9
27.9
27.9
27.9
27.9
28.0
28.0
28.0
28.0
28.0
28.0
28.0
28.0
28.0
28.1
28.1
28.1
28.1
28.2
28.2
28.3
28.4
28.4
28.4
28.4
28.4
28.5
28.6
28.6
28.6
28.6
28.7
28.7
28.7
28.7
28.7
28.7
28.7
28.7
28.7
28.8
28.8
28.8
28.8
28.9
28.9
28.9
28.9
29.0
29.0
29.0
29.1
29.1
29.1
29.2
29.2
29.2
29.2
29.3
29.3
29.3
29.4
29.5
29.5
29.5
29.5
29.6
29.6
29.6
29.6
29.7
29.7
29.7
29.7
29.7
29.7
29.7
29.8
29.9
29.9
29.9
29.9
30.0
30.0
30.1
30.1
30.1
30.1
30.1
30.1
30.1
30.2
30.2
30.3
30.3
30.4
30.4
30.4
30.4
30.5
30.5
30.5
30.5
30.5
30.6
30.7
30.7
30.7
30.7
30.8
30.8
30.8
30.8
30.9
30.9
30.9
31.0
31.1
31.1
31.1
31.2
31.2
31.2
31.3
31.3
31.3
31.4
31.4
31.4
31.4
31.4
31.5
31.5
31.6
31.6
31.6
31.7
31.7
31.8
31.8
31.9
32.0
32.0
32.0
32.0
32.0
32.0
32.1
32.1
32.1
32.1
32.1
32.1
32.2
32.2
32.2
32.3
32.3
32.3
32.3
32.3
32.3
32.4
32.4
32.4
32.4
32.5
32.5
32.6
32.6
32.7
32.7
32.7
32.9
33.0
33.0
33.0
33.0
33.0
33.2
33.2
33.2
33.2
33.4
33.4
33.4
33.4
33.4
33.5
33.5
33.5
33.5
33.6
33.6
33.6
33.6
33.6
33.7
33.7
33.7
33.8
33.8
33.8
33.9
33.9
33.9
34.0
34.0
34.1
34.1
34.1
34.1
34.1
34.2
34.2
34.2
34.2
34.3
34.3
34.3
34.4
34.4
34.4
34.4
34.5
34.6
34.6
34.6
34.6
34.6
34.7
34.7
34.7
34.7
34.7
34.8
34.8
34.8
34.9
35.0
35.0
35.0
35.0
35.1
35.1
35.1
35.1
35.2
35.2
35.2
35.2
35.2
35.2
35.3
35.3
35.3
35.4
35.5
35.5
35.5
35.5
35.6
35.6
35.6
35.7
35.8
35.9
36.0
36.0
36.1
36.1
36.1
36.1
36.2
36.3
36.4
36.4
36.4
36.4
36.5
36.5
36.6
36.6
36.6
36.6
36.7
36.7
36.7
36.7
36.8
36.8
36.8
36.9
36.9
36.9
36.9
37.1
37.1
37.2
37.2
37.2
37.3
37.4
37.4
37.4
37.5
37.5
37.5
37.6
37.6
37.6
37.7
37.8
37.8
37.9
37.9
37.9
37.9
37.9
38.0
38.0
38.0
38.0
38.1
38.1
38.1
38.1
38.1
38.2
38.2
38.2
38.3
38.4
38.4
38.5
38.5
38.6
38.6
38.7
38.8
38.8
38.9
38.9
38.9
38.9
38.9
38.9
38.9
38.9
38.9
38.9
39.0
39.0
39.0
39.0
39.0
39.1
39.1
39.1
39.1
39.1
39.1
39.2
39.2
39.2
39.2
39.2
39.3
39.4
39.4
39.5
39.5
39.5
39.5
39.5
39.6
39.7
39.8
39.8
39.8
39.8
39.8
39.8
39.9
39.9
39.9
39.9
40.0
40.0
40.0
40.0
40.1
40.1
40.1
40.2
40.2
40.2
40.2
40.2
40.3
40.3
40.3
40.5
40.5
40.5
40.5
40.5
40.6
40.6
40.7
40.7
40.8
40.8
40.8
40.8
40.8
40.9
40.9
40.9
40.9
41.0
41.0
41.0
41.1
41.1
41.2
41.2
41.2
41.2
41.2
41.3
41.3
41.4
41.4
41.4
41.4
41.5
41.5
41.5
41.6
41.6
41.7
41.8
41.8
41.9
41.9
41.9
41.9
41.9
42.1
42.1
42.1
42.1
42.2
42.2
42.2
42.3
42.3
42.4
42.4
42.4
42.4
42.4
42.4
42.4
42.5
42.5
42.6
42.6
42.6
42.6
42.6
42.7
42.7
42.7
42.7
42.8
42.9
42.9
42.9
42.9
43.0
43.0
43.0
43.0
43.0
43.0
43.0
43.1
43.1
43.2
43.3
43.4
43.5
43.5
43.5
43.6
43.7
43.7
43.7
43.7
43.7
43.7
43.9
43.9
43.9
44.0
44.0
44.0
44.1
44.1
44.1
44.2
44.3
44.3
44.5
44.5
44.5
44.5
44.5
44.6
44.7
44.8
44.8
44.9
45.0
45.2
45.2
45.3
45.3
45.3
45.3
45.4
45.4
45.4
45.4
45.4
45.4
45.5
45.5
45.6
45.7
45.7
45.7
45.8
45.8
45.8
45.9
46.0
46.0
46.0
46.0
46.0
46.1
46.1
46.1
46.1
46.1
46.2
46.2
46.3
46.3
46.4
46.4
46.4
46.5
46.5
46.6
46.7
46.7
46.8
46.9
47.0
47.0
47.1
47.1
47.1
47.1
47.2
47.2
47.3
47.3
47.4
47.4
47.4
47.5
47.5
47.5
47.5
47.5
47.5
47.6
47.6
47.6
47.8
47.8
47.8
47.8
47.8
47.8
47.9
47.9
48.0
48.1
48.1
48.2
48.2
48.2
48.2
48.3
48.3
48.4
48.4
48.4
48.4
48.5
48.5
48.6
48.6
48.7
48.7
48.7
48.7
48.7
48.8
48.8
48.9
49.0
49.0
49.1
49.1
49.2
49.3
49.3
49.4
49.4
49.4
49.5
49.5
49.6
49.6
49.6
49.7
49.7
49.9
49.9
50.0
50.0
50.0
50.1
50.2
50.2
50.3
50.3
50.3
50.3
50.4
50.4
50.4
50.5
50.5
50.5
50.5
50.5
50.5
50.7
50.8
50.8
50.9
50.9
50.9
51.1
51.1
51.1
51.2
51.2
51.2
51.3
51.3
51.4
51.4
51.5
51.5
51.6
51.6
51.6
51.6
51.7
51.7
51.7
51.7
51.8
51.8
51.8
51.8
51.9
51.9
51.9
51.9
52.0
52.1
52.1
52.1
52.4
52.4
52.5
52.5
52.6
52.6
52.6
52.7
52.8
52.9
53.0
53.1
53.1
53.1
53.1
53.2
53.2
53.3
53.4
53.4
53.6
53.6
53.6
53.6
53.6
53.8
53.8
53.9
53.9
53.9
54.0
54.1
54.1
54.1
54.1
54.2
54.3
54.3
54.3
54.3
54.4
54.4
54.4
54.4
54.4
54.4
54.6
54.6
54.6
54.7
54.7
54.8
54.8
54.9
55.0
55.0
55.0
55.0
55.1
55.1
55.2
55.3
55.3
55.4
55.4
55.4
55.4
55.7
55.8
55.8
55.9
55.9
55.9
56.0
56.0
56.0
56.1
56.2
56.2
56.2
56.2
56.2
56.3
56.4
56.4
56.4
56.4
56.5
56.5
56.6
56.7
56.8
56.8
56.8
56.8
57.0
57.0
57.1
57.3
57.3
57.3
57.4
57.4
57.8
57.9
57.9
58.0
58.2
58.3
58.3
58.5
58.5
58.6
58.6
58.7
58.7
58.8
58.8
58.8
58.8
59.0
59.0
59.1
59.1
59.2
59.2
59.2
59.2
59.2
59.3
59.3
59.3
59.4
59.6
59.6
59.6
59.6
59.7
59.7
59.8
59.8
59.9
60.0
60.0
60.0
60.0
60.1
60.2
60.2
60.3
60.3
60.3
60.4
60.4
60.7
60.9
61.0
61.0
61.0
61.2
61.2
61.2
61.2
61.3
61.4
61.4
61.4
61.4
61.4
61.4
61.5
61.5
61.7
61.7
61.7
61.7
61.8
61.8
61.8
61.9
61.9
62.0
62.0
62.1
62.2
62.3
62.3
62.3
62.4
62.4
62.6
62.6
62.7
62.9
62.9
62.9
62.9
63.0
63.0
63.1
63.1
63.1
63.1
63.2
63.3
63.3
63.3
63.5
63.8
63.8
63.9
63.9
63.9
63.9
64.0
64.1
64.1
64.5
64.5
64.5
64.5
64.5
64.7
64.8
64.9
64.9
64.9
65.1
65.1
65.1
65.1
65.2
65.3
65.4
65.4
65.8
66.0
66.0
66.2
66.2
66.2
66.2
66.3
66.4
66.4
66.5
66.5
66.5
66.6
66.7
66.8
66.8
66.9
66.9
66.9
67.3
67.3
67.3
67.4
67.4
67.6
67.7
67.7
67.7
67.8
67.8
67.9
68.2
68.3
68.4
68.4
68.5
68.5
68.5
68.5
68.6
68.9
69.0
69.0
69.0
69.0
69.2
69.2
69.2
69.2
69.4
69.4
69.5
69.5
69.5
69.7
69.7
69.7
69.8
69.9
69.9
70.1
70.2
70.4
70.4
70.4
70.4
70.5
70.5
70.6
70.8
70.9
70.9
71.1
71.2
71.4
71.4
71.5
71.5
71.6
71.7
71.7
71.8
71.8
72.1
72.1
72.2
72.2
72.3
72.4
72.5
72.6
72.6
72.6
72.7
72.7
72.8
72.9
73.0
73.1
73.2
73.3
73.3
73.4
73.5
73.6
73.8
73.8
73.8
73.8
74.0
74.0
74.1
74.1
74.1
74.2
74.3
74.4
74.4
74.5
74.5
74.5
74.6
74.6
74.6
74.7
74.7
74.7
74.8
74.9
75.1
75.2
75.2
75.2
75.3
75.4
75.4
75.6
75.7
75.8
75.8
76.1
76.4
76.5
76.5
76.5
76.6
76.6
76.7
76.7
76.8
76.9
77.0
77.1
77.1
77.1
77.1
77.2
77.3
77.3
77.4
77.5
77.7
77.7
77.8
77.9
78.1
78.2
78.2
78.2
78.2
78.3
78.3
78.3
78.3
78.4
78.4
78.5
78.5
78.6
78.7
78.8
78.9
79.0
79.0
79.2
79.2
79.2
79.4
79.6
79.7
79.7
79.7
79.9
79.9
80.1
80.3
80.4
80.4
80.4
80.5
80.5
80.5
80.6
80.6
80.7
80.7
80.7
80.8
80.8
80.9
80.9
81.0
81.0
81.1
81.2
81.3
81.3
81.3
81.4
81.7
81.7
81.8
81.8
81.9
81.9
82.0
82.1
82.4
82.6
82.6
82.7
83.0
83.1
83.1
83.1
83.3
83.4
83.4
83.6
83.6
83.8
83.8
83.9
83.9
83.9
84.1
84.1
84.3
84.3
84.3
84.4
84.4
84.5
84.6
84.7
84.8
85.0
85.0
85.0
85.1
85.3
85.8
85.9
85.9
85.9
85.9
86.0
86.0
86.4
86.6
86.7
86.7
86.8
87.0
87.1
87.1
87.2
87.3
87.4
87.5
87.5
87.6
87.9
87.9
88.2
88.4
88.6
88.9
89.5
89.5
89.6
89.6
89.8
89.9
90.0
90.0
90.0
90.4
90.5
90.8
91.1
91.1
91.3
91.5
91.5
91.5
91.6
91.6
91.9
92.0
92.2
92.2
92.3
92.3
92.5
92.7
93.0
93.0
93.2
93.2
93.3
93.4
93.4
93.5
93.6
93.8
93.8
93.8
93.9
93.9
94.0
94.2
94.4
94.4
94.5
94.5
94.5
94.5
94.6
94.6
94.6
94.8
94.8
95.0
95.0
95.0
95.2
95.4
95.5
95.5
95.5
95.8
96.1
96.2
96.2
96.5
96.6
96.6
96.8
96.9
97.0
97.1
97.1
97.1
97.5
97.6
97.6
98.0
98.1
98.4
98.5
98.8
98.9
99.0
99.2
99.2
99.2
99.3
99.4
99.6
99.6
100.0
100.1
100.1
100.2
100.3
100.3
100.3
100.9
101.1
101.3
101.3
101.4
101.4
101.5
101.5
101.8
101.9
102.0
102.1
103.1
103.2
103.2
103.4
103.4
103.7
103.7
103.7
103.7
103.8
104.0
104.2
104.2
104.3
104.3
104.4
104.8
104.9
105.5
105.6
105.8
105.8
105.8
105.8
106.0
106.2
106.4
106.4
106.7
107.0
107.0
107.0
107.0
107.6
107.6
107.6
107.7
107.9
107.9
108.1
108.2
108.3
108.3
108.5
108.6
108.6
108.7
108.8
108.8
109.0
109.1
109.1
109.1
109.4
109.4
109.4
109.7
109.8
109.9
110.0
110.0
110.0
110.2
110.5
110.5
110.5
110.7
110.8
111.3
111.3
111.4
111.5
112.0
112.1
112.3
112.4
113.1
113.3
113.5
114.0
114.2
114.6
115.0
115.1
115.1
115.1
115.2
115.2
115.4
115.5
115.5
115.6
116.3
116.3
116.6
116.7
116.8
116.8
117.3
117.7
117.7
117.8
117.8
118.1
118.4
118.7
119.2
119.5
119.6
119.7
119.7
119.9
119.9
120.0
120.2
120.2
120.4
120.5
121.1
121.1
121.2
121.2
121.3
121.4
121.5
121.5
121.7
121.8
122.0
122.1
122.2
122.6
122.7
122.8
122.9
123.2
123.5
123.7
123.7
123.8
123.9
124.0
124.4
124.5
124.8
124.8
125.1
125.6
125.7
125.8
125.9
126.2
126.8
126.9
126.9
127.1
127.4
127.7
127.9
128.0
128.1
128.1
128.2
128.3
128.6
129.3
129.4
129.6
129.7
129.8
129.8
130.0
130.1
130.5
130.6
130.7
130.9
131.0
131.1
131.3
131.3
131.4
131.4
131.5
131.5
131.6
131.7
131.9
132.0
132.3
132.4
132.7
132.8
133.1
133.2
133.3
133.5
133.6
133.9
134.2
134.2
134.3
134.5
134.6
134.8
135.1
135.3
135.3
136.0
136.6
136.7
136.8
136.9
137.4
137.7
137.7
137.7
138.2
138.5
138.6
138.6
138.7
138.8
139.1
140.0
140.3
140.5
140.7
140.8
140.9
141.3
141.5
141.9
142.0
142.2
142.3
142.7
143.3
143.5
143.9
144.0
144.3
144.5
144.5
144.7
144.7
144.9
145.1
145.2
145.4
145.5
145.6
145.8
145.9
145.9
146.1
146.1
146.2
146.8
146.9
147.0
147.3
147.3
147.8
147.9
147.9
148.1
148.3
148.5
148.9
149.1
150.4
150.5
150.5
150.5
150.9
150.9
151.2
151.6
151.6
152.0
153.1
153.1
153.9
154.1
154.3
154.9
155.0
155.1
155.5
155.9
156.2
156.6
156.8
158.0
158.2
158.6
158.8
158.8
159.0
159.1
159.2
159.7
160.2
160.7
161.0
161.0
161.6
161.9
161.9
162.0
162.1
162.1
162.8
162.9
163.7
163.8
163.9
164.7
164.8
165.6
165.7
165.7
166.2
166.3
166.6
166.6
166.8
167.1
167.2
167.6
167.6
167.6
167.7
167.9
168.0
168.6
169.3
169.3
169.4
169.5
169.7
169.9
170.0
170.3
170.3
170.3
170.5
170.6
171.2
171.4
171.5
172.5
173.1
174.0
174.0
174.2
174.3
174.4
174.5
174.6
175.5
175.7
176.0
176.3
176.5
176.9
177.0
177.0
177.1
177.2
177.4
177.4
177.5
177.6
177.7
177.9
178.2
178.3
178.3
178.4
178.8
178.9
179.3
179.6
179.9
180.4
180.8
180.9
181.3
181.5
181.7
181.9
182.0
182.3
182.4
182.7
183.5
183.6
183.7
183.9
184.0
184.2
185.4
185.4
186.6
186.6
186.7
187.1
187.3
187.6
188.2
188.5
189.7
190.3
190.4
190.4
190.5
190.5
191.1
191.2
191.2
191.8
191.8
191.9
192.2
192.4
193.5
193.7
193.9
194.1
194.3
194.3
195.6
196.3
196.7
196.8
198.0
199.1
199.6
200.2
200.2
200.4
200.6
200.9
201.0
201.4
201.5
201.9
202.0
202.4
203.3
203.7
203.8
204.5
204.9
204.9
205.3
205.5
205.6
205.6
205.6
205.7
205.7
206.2
206.3
207.0
207.3
208.5
208.6
209.0
209.3
209.4
209.6
209.7
210.2
210.5
210.9
211.0
211.1
211.5
211.6
211.6
211.6
211.7
211.7
211.8
212.4
212.5
213.4
213.7
213.8
214.6
215.0
215.0
215.4
215.5
215.9
217.0
217.8
218.3
219.0
219.2
219.8
219.8
219.8
220.3
220.7
221.0
221.1
221.1
221.2
221.2
221.8
221.8
222.2
222.5
222.8
223.1
223.2
223.2
223.6
224.2
224.4
225.0
225.4
225.6
226.4
226.5
227.1
227.3
227.4
227.5
227.6
227.6
227.7
228.3
229.1
230.3
230.4
230.6
231.4
231.7
232.2
232.7
232.8
232.8
233.2
233.2
233.3
233.3
233.6
234.3
234.9
236.5
236.9
237.4
237.5
237.8
238.3
238.7
239.3
239.3
239.5
239.9
240.2
240.5
240.7
241.1
241.4
242.3
242.6
242.9
243.9
243.9
244.3
245.2
245.2
245.8
246.1
246.2
246.6
247.1
247.1
248.2
249.5
250.4
251.1
251.2
251.2
252.1
252.2
252.4
252.8
253.0
253.7
254.4
254.9
255.0
255.2
256.0
256.1
256.3
257.1
258.0
258.7
259.2
260.0
260.0
260.1
261.0
261.1
261.8
262.0
262.1
262.1
262.5
262.6
262.9
263.2
263.7
264.5
265.1
265.5
265.6
265.7
266.2
266.3
266.7
266.8
266.8
267.4
267.5
269.2
269.3
269.8
270.3
270.4
270.9
271.1
271.6
272.6
273.2
273.2
273.7
274.2
274.2
274.2
274.4
274.8
275.1
275.2
275.6
275.6
276.0
276.0
276.4
277.0
277.0
277.1
277.2
277.2
277.3
278.1
278.3
278.6
279.2
279.3
279.9
280.0
280.3
280.3
280.5
281.2
281.2
281.5
281.5
281.5
281.8
282.9
283.9
284.1
284.5
284.9
285.0
285.3
285.7
285.8
287.1
287.8
288.0
288.4
288.7
289.5
289.7
290.3
291.0
292.4
293.9
294.4
294.4
294.9
295.3
296.1
296.1
296.9
296.9
297.4
298.2
298.5
299.6
300.2
300.4
301.5
301.7
302.6
303.2
303.6
303.8
304.5
304.5
305.0
305.4
305.4
305.8
305.9
306.0
306.4
306.7
307.2
307.3
307.3
308.7
309.0
309.0
309.2
309.3
309.5
309.5
309.6
309.7
310.3
310.8
311.0
311.0
311.9
312.3
312.4
314.8
314.9
315.9
315.9
316.1
316.6
317.1
317.2
317.3
317.4
317.8
318.1
318.1
318.3
318.4
318.5
319.0
319.1
319.1
319.2
320.8
320.9
321.7
322.1
322.2
323.0
323.2
323.5
323.7
323.7
324.4
324.8
325.3
325.9
327.0
327.0
327.4
327.5
328.2
328.5
328.8
329.6
330.7
330.9
331.4
331.7
332.5
333.0
333.0
333.2
333.8
334.4
334.8
335.5
335.5
335.7
335.8
335.8
336.7
337.5
337.7
338.0
338.9
339.0
339.9
340.0
340.1
340.4
341.1
341.2
341.6
341.7
341.8
342.0
342.1
342.8
344.3
344.5
344.5
345.3
346.3
346.6
346.7
347.0
347.3
347.5
347.8
347.8
348.1
348.2
349.1
349.5
350.2
351.0
351.5
353.0
353.1
353.2
353.5
354.3
354.3
354.4
354.6
355.0
355.7
356.3
356.6
356.9
357.2
357.5
358.4
358.4
358.5
358.5
359.6
360.0
360.2
360.4
360.7
360.9
361.1
361.7
361.8
362.2
362.3
362.3
362.8
363.1
363.2
364.3
364.8
365.3
365.3
365.7
366.2
366.4
366.5
367.1
367.3
368.0
368.1
368.2
368.4
369.0
369.1
369.2
370.5
371.6
372.8
373.1
373.6
374.1
374.3
374.7
374.9
375.4
375.8
376.1
376.4
376.7
377.8
378.1
378.3
378.3
378.6
378.7
380.4
380.8
380.9
381.0
381.8
382.2
383.3
384.0
384.1
385.0
386.0
386.3
386.6
386.8
387.3
387.3
387.6
387.9
388.2
388.3
388.8
389.1
389.3
389.4
389.7
390.1
390.1
390.3
391.0
391.2
391.7
392.1
392.6
392.8
393.1
393.8
394.2
394.3
394.3
394.4
395.0
395.0
395.2
395.8
396.6
397.4
397.5
398.3
398.6
398.6
399.0
399.3
399.6
399.7
399.9
400.0
400.2
400.7
400.9
401.3
401.4
401.5
401.5
401.8
402.0
402.4
403.6
403.7
404.1
404.8
404.8
404.8
405.1
405.2
405.7
406.1
406.4
406.9
408.0
408.5
408.6
408.7
408.8
409.0
409.1
409.3
409.4
409.4
409.5
410.0
410.1
410.6
410.7
411.0
411.2
411.4
411.5
411.9
412.1
412.1
412.3
413.2
413.4
414.0
414.2
414.3
414.4
414.6
415.5
415.8
416.1
416.3
416.4
416.6
416.7
417.2
417.9
418.1
418.3
418.4
418.6
418.7
419.4
419.5
419.6
420.1
420.3
421.1
422.2
422.7
422.8
423.1
423.4
423.5
423.6
423.6
423.7
424.5
424.9
425.3
425.4
425.5
426.7
426.8
427.2
427.5
427.7
428.1
428.3
428.6
428.9
428.9
429.1
430.2
431.1
431.4
431.7
431.8
433.1
433.6
433.8
434.2
435.0
435.2
435.5
436.4
437.2
437.3
437.9
438.7
439.6
439.7
439.7
439.8
439.9
440.0
440.2
440.7
441.3
441.8
441.8
443.8
445.3
445.9
446.5
447.3
447.4
447.5
448.0
448.0
448.7
448.8
448.8
448.9
449.0
449.0
449.1
449.7
449.9
450.5
450.9
450.9
451.3
451.3
451.5
452.0
452.1
452.6
452.7
452.8
453.0
453.8
453.8
454.1
454.9
455.1
455.4
456.6
456.9
457.0
457.5
457.8
457.8
457.9
458.2
458.5
459.4
459.4
459.7
460.5
461.0
461.9
462.0
462.0
462.2
462.4
462.5
462.5
462.9
463.5
463.5
464.6
464.8
466.0
466.0
466.3
466.4
467.5
467.6
467.7
468.2
468.2
468.4
468.5
468.7
469.4
469.6
469.8
470.1
470.5
470.6
470.6
470.8
470.9
471.0
471.3
471.4
471.6
471.6
471.9
471.9
471.9
472.0
472.1
472.9
472.9
473.1
474.1
474.4
474.6
475.1
476.0
476.1
476.5
476.6
477.2
477.5
477.5
477.6
477.8
477.9
477.9
478.0
478.2
478.7
478.9
479.1
479.6
479.7
479.8
480.3
480.7
480.9
481.3
481.7
481.7
482.0
482.2
483.1
483.2
484.7
484.9
485.1
485.3
485.4
485.4
485.7
485.7
486.4
486.4
486.5
486.5
486.8
487.7
487.8
488.1
488.4
489.1
489.1
489.7
490.5
491.3
491.3
492.0
492.1
492.1
492.3
492.4
492.5
492.6
492.8
493.0
494.0
494.3
495.1
495.3
495.5
496.2
496.3
496.7
496.8
497.0
497.5
497.7
497.8
497.9
498.2
498.7
499.7
499.8
500.3
500.6
501.0
501.3
502.2
502.3
502.9
503.0
503.9
505.1
505.8
505.9
506.1
507.1
507.2
507.5
509.5
509.9
510.1
510.2
510.3
510.7
510.8
511.4
512.8
513.3
513.7
514.0
514.0
514.5
514.7
515.2
515.2
515.2
515.4
515.9
516.0
516.4
516.6
516.8
516.9
517.0
517.1
517.5
517.6
518.1
519.2
519.5
519.7
520.1
520.4
521.2
521.2
521.5
521.6
521.7
522.1
522.1
522.2
522.6
522.8
522.9
522.9
523.3
523.3
524.2
524.8
526.3
526.4
527.5
527.8
528.3
529.1
529.2
529.5
529.5
530.2
530.6
530.6
530.8
531.1
531.7
532.5
532.8
533.1
533.5
533.6
533.6
533.7
533.9
534.5
535.7
535.9
536.4
536.5
536.9
537.2
537.3
537.6
537.6
538.4
538.6
538.7
538.8
539.3
540.5
540.6
540.6
541.0
541.0
542.1
542.2
542.3
542.3
543.4
543.4
543.7
543.9
544.8
545.0
545.4
545.7
545.7
545.9
546.3
546.5
546.9
547.9
548.7
548.7
549.1
549.3
549.4
549.6
549.9
549.9
551.1
551.5
551.5
553.5
553.6
553.7
553.9
553.9
554.5
555.5
556.5
556.6
557.2
557.4
557.7
557.7
557.8
558.9
559.5
559.7
560.0
560.0
560.3
560.3
560.6
561.0
561.1
561.4
561.8
562.0
562.3
562.3
562.4
562.6
562.6
562.9
563.9
565.6
565.8
565.9
566.2
566.3
566.3
567.3
568.2
568.5
569.0
569.0
569.6
569.9
570.4
571.0
571.3
571.7
572.0
572.1
572.4
572.8
572.8
572.8
572.9
573.2
573.4
574.4
574.5
575.6
576.1
576.9
576.9
577.2
577.4
577.4
577.6
578.2
578.5
578.6
578.8
578.9
579.1
579.7
580.1
580.2
580.7
581.5
581.7
581.9
582.1
582.2
582.8
582.9
583.1
583.2
583.4
583.7
583.7
584.2
584.3
584.3
584.9
585.5
586.1
586.4
586.8
586.9
587.0
587.1
587.4
589.1
589.1
589.4
589.6
590.1
590.3
590.8
591.1
591.4
591.5
591.6
591.9
592.0
592.3
592.3
592.4
592.7
592.8
592.9
592.9
593.4
593.5
593.8
593.8
594.1
594.4
594.4
595.3
595.7
595.9
596.3
596.5
596.8
598.4
598.4
598.8
599.3
599.5
600.4
600.5
600.9
601.4
601.6
601.6
601.8
601.9
601.9
602.6
602.7
602.8
603.5
603.6
603.8
604.0
604.1
605.2
605.4
606.1
606.3
607.0
607.0
607.5
607.6
607.8
608.4
608.5
608.6
608.7
609.0
609.1
609.3
609.7
609.9
610.7
611.1
611.7
611.9
612.2
612.3
612.3
612.7
612.9
613.5
613.8
613.9
614.0
614.5
614.7
615.2
615.2
615.2
615.8
616.8
617.6
617.9
617.9
618.3
618.3
619.1
619.1
619.2
619.2
619.8
619.8
620.0
620.4
620.8
621.6
622.2
623.7
623.8
623.9
624.1
624.1
624.9
624.9
625.0
625.1
625.2
626.2
626.6
626.6
626.7
626.9
627.2
627.3
627.5
627.5
627.7
627.7
628.4
628.4
628.5
628.8
630.7
631.0
631.3
631.4
631.6
631.7
631.7
631.7
631.8
632.2
632.9
632.9
633.0
633.2
633.5
633.6
633.7
633.9
634.0
634.3
635.0
635.1
635.4
635.6
635.6
636.3
636.9
637.5
638.0
638.2
638.7
639.3
639.5
639.9
640.0
640.6
640.6
640.7
641.1
641.2
641.2
641.3
641.5
641.5
641.9
641.9
641.9
642.2
642.4
642.7
643.3
643.4
643.9
644.0
644.0
646.0
646.1
646.4
646.5
646.9
646.9
647.0
647.2
648.0
648.7
648.9
649.2
649.3
649.4
649.5
649.7
650.0
650.1
650.2
650.5
653.0
653.5
653.6
653.6
653.8
654.1
654.3
654.3
654.6
654.7
655.0
655.2
655.4
655.5
656.2
656.6
657.4
657.4
657.4
657.5
657.9
658.5
659.7
660.3
660.5
660.7
661.6
663.8
664.9
665.2
666.1
666.1
666.4
666.5
666.7
666.8
666.9
667.6
667.9
668.7
669.4
670.9
671.3
671.5
671.8
671.8
672.5
673.2
673.3
673.4
673.4
673.7
674.0
674.5
675.1
675.3
675.5
675.7
675.9
676.2
677.9
677.9
678.0
678.4
678.8
678.9
679.0
679.5
679.7
680.2
681.4
681.6
681.7
682.1
682.2
682.4
682.6
683.3
683.5
683.7
683.7
683.8
683.8
684.2
684.7
684.8
684.9
685.2
685.3
685.3
685.5
685.5
686.1
686.1
686.4
686.5
686.9
687.6
688.0
688.1
688.5
688.7
688.9
689.3
689.5
689.8
690.2
690.3
690.9
691.7
691.8
692.0
692.6
692.8
692.8
692.9
693.2
693.8
694.2
694.3
694.4
694.6
694.7
694.8
694.8
695.0
695.0
695.1
695.3
695.5
695.9
696.0
696.2
696.5
697.1
697.1
697.2
697.3
697.8
697.9
698.2
698.8
699.0
699.8
700.0
700.2
701.2
702.9
702.9
703.6
704.0
704.2
704.6
704.9
705.1
705.7
705.9
706.2
706.4
706.5
706.5
706.8
706.8
706.8
707.6
707.7
707.8
707.9
708.0
708.2
708.7
709.5
710.0
710.6
711.0
711.4
712.1
713.0
713.1
713.4
714.3
714.3
714.3
714.4
714.5
714.5
714.8
714.8
714.9
715.0
715.0
715.1
715.3
715.7
716.4
716.5
716.7
716.8
717.0
717.0
717.1
717.9
718.0
718.2
718.7
718.8
719.1
719.7
719.7
720.1
720.1
720.2
720.4
720.4
720.9
721.2
721.3
721.6
721.9
723.2
723.3
723.4
723.4
724.2
724.6
724.7
725.2
725.4
725.6
726.3
726.7
726.8
726.8
727.0
727.1
727.4
727.8
727.8
728.8
729.3
729.4
729.7
729.9
730.3
730.9
731.7
732.7
733.1
733.9
733.9
734.4
734.5
734.5
735.4
735.5
736.6
737.0
737.7
737.9
738.4
738.6
739.5
740.0
740.0
740.2
740.2
740.4
740.5
740.8
741.1
741.1
741.8
742.1
742.3
742.9
743.1
743.2
743.4
744.1
744.4
744.5
744.6
745.3
745.4
746.1
746.4
746.9
747.0
747.0
747.6
748.5
749.2
750.5
751.7
752.2
752.4
752.6
752.6
752.6
752.7
752.8
753.3
753.8
753.9
753.9
754.2
754.5
754.6
754.8
755.0
755.0
755.0
755.5
755.5
755.7
756.0
756.1
756.5
757.6
758.1
758.1
758.6
758.8
759.1
759.3
759.6
760.0
760.2
760.2
760.6
760.9
761.1
761.3
762.1
762.3
762.4
762.5
762.7
763.3
763.4
763.6
763.8
764.1
764.4
764.5
765.3
765.8
766.8
767.5
767.7
768.8
769.0
769.2
769.3
769.6
769.7
770.5
771.0
771.1
771.2
771.2
772.7
772.8
772.9
773.0
773.2
773.4
773.6
775.0
775.5
775.8
775.9
776.0
776.5
776.5
776.7
777.6
777.6
778.0
778.2
778.2
778.2
778.6
778.9
779.7
779.7
780.6
781.1
781.3
781.8
782.2
782.7
783.6
783.7
784.6
784.9
785.1
785.3
785.7
786.6
787.0
787.5
787.8
788.0
788.4
788.9
789.5
789.6
789.8
789.8
789.9
790.3
791.3
791.4
791.6
792.1
792.2
792.9
793.1
793.1
793.4
793.4
793.6
794.0
794.0
794.3
794.5
795.1
795.1
795.3
797.0
797.4
797.6
798.2
798.3
798.5
798.8
799.1
800.0
800.6
802.1
802.2
802.3
802.6
802.7
802.7
803.0
803.0
803.5
803.6
804.1
804.6
804.9
805.8
805.9
806.5
807.0
807.3
807.8
807.8
807.8
808.0
808.1
808.6
808.8
809.3
809.4
809.6
809.8
809.8
810.1
810.3
810.5
810.5
811.0
812.0
812.1
812.1
812.4
812.6
812.7
812.8
813.1
813.6
813.6
813.9
814.1
814.2
814.2
814.2
814.9
815.6
816.0
816.4
816.9
817.1
817.1
817.4
817.9
818.0
818.0
818.6
818.7
819.1
819.3
819.4
819.5
820.6
820.9
821.2
821.6
821.8
822.1
822.2
822.5
822.7
823.0
823.4
823.5
823.6
823.9
824.0
824.3
825.0
825.4
826.1
826.6
827.1
827.5
828.1
828.9
828.9
829.0
829.0
829.1
829.5
829.8
830.0
830.1
831.0
831.6
831.7
832.2
833.1
833.3
833.4
833.6
833.8
834.0
834.2
834.3
834.3
834.8
835.0
835.3
836.4
836.6
837.1
837.1
837.4
837.5
838.3
838.4
838.7
839.3
839.6
839.8
839.9
839.9
840.0
840.5
841.1
841.3
841.7
841.7
842.4
842.6
842.6
843.7
844.2
844.3
844.6
844.8
844.9
844.9
844.9
844.9
846.4
846.8
848.4
850.2
850.5
850.8
852.0
852.0
853.5
853.5
853.7
853.7
853.9
854.1
854.3
854.4
854.4
854.8
855.1
855.1
855.3
855.5
855.7
856.0
856.1
858.0
858.2
858.2
859.7
860.2
860.2
860.5
860.5
861.0
861.2
861.6
861.6
861.7
862.1
862.2
862.5
864.2
864.5
864.6
864.7
864.7
864.9
865.5
866.0
866.7
867.1
868.0
868.4
868.9
869.1
869.1
869.4
870.5
870.9
871.1
872.3
872.5
873.6
873.7
873.8
874.2
874.8
874.9
875.2
875.3
875.4
875.7
876.6
876.8
877.0
877.1
877.4
877.8
878.7
879.6
879.7
879.8
879.9
880.5
880.7
881.5
881.6
881.9
882.5
882.7
883.2
883.6
884.0
884.0
884.2
884.3
884.3
884.6
884.7
884.7
884.7
884.7
886.5
886.6
887.2
887.7
887.8
887.8
888.1
888.5
888.6
888.8
889.1
889.4
890.0
890.9
891.2
891.4
891.5
891.5
892.4
892.4
892.7
892.8
893.2
893.8
894.3
894.8
895.4
895.5
895.6
895.9
896.5
896.8
897.0
897.3
897.5
897.7
898.4
898.5
898.5
899.1
899.1
899.5
899.5
899.7
899.7
899.9
900.3
900.4
900.4
901.4
901.8
902.4
902.7
902.7
902.9
903.8
903.9
905.2
905.7
906.3
906.3
906.3
906.6
907.8
907.8
908.5
909.0
909.0
909.2
909.4
909.9
910.0
910.2
910.2
910.6
910.8
910.9
911.2
911.4
911.9
911.9
912.5
912.7
913.9
914.6
915.3
915.4
915.9
916.4
917.1
917.1
917.1
917.1
917.2
917.9
918.6
918.9
919.0
919.1
919.4
919.4
919.4
920.1
920.1
920.2
920.8
921.0
921.9
922.3
922.6
923.1
923.4
924.2
924.2
924.4
924.4
925.6
925.8
926.3
926.4
926.5
927.3
927.5
927.5
927.9
928.1
928.3
929.2
929.5
929.7
930.0
930.5
931.1
931.6
932.7
933.3
933.6
933.9
934.2
934.4
934.4
934.5
934.7
935.0
935.5
935.7
935.8
936.6
936.6
937.0
937.5
937.6
937.7
937.9
938.1
938.9
939.2
939.8
940.1
940.4
940.5
940.6
940.9
941.0
941.1
941.2
941.4
941.5
941.6
941.8
941.9
942.2
942.3
942.8
943.0
943.3
943.8
943.8
943.8
943.9
944.0
944.6
945.0
945.0
945.1
945.1
945.3
945.8
945.9
946.2
946.3
946.5
946.6
946.9
947.0
947.3
947.6
947.7
947.7
948.0
949.7
950.6
950.7
950.9
951.1
951.1
951.7
952.0
952.1
952.6
953.0
953.5
953.6
954.0
955.2
955.3
956.0
956.2
956.5
956.6
956.6
956.8
957.5
957.7
957.7
957.7
957.8
958.2
958.5
958.5
960.0
960.5
960.7
960.7
961.6
962.1
962.5
962.6
962.7
963.3
963.4
964.1
964.5
964.6
965.5
965.6
965.8
966.4
966.7
967.3
967.4
968.0
968.3
968.5
968.6
968.6
968.7
968.8
969.4
970.0
970.2
971.8
972.4
972.8
973.1
973.5
973.9
973.9
974.1
974.2
974.4
974.5
974.7
974.8
975.5
975.6
975.9
976.4
976.5
976.9
977.1
977.4
977.7
978.1
978.3
978.6
978.7
979.6
979.8
979.9
980.4
981.1
981.3
981.3
981.5
981.7
981.8
981.8
982.1
982.6
982.9
983.0
984.1
984.4
984.7
984.7
984.7
985.3
985.5
986.1
986.7
987.3
987.9
988.3
988.3
988.9
989.1
989.1
989.9
990.0
990.3
990.9
991.1
991.8
992.7
993.0
993.3
993.9
994.0
994.1
994.1
994.2
994.3
994.9
994.9
995.2
995.5
996.1
996.6
996.8
996.9
997.0
997.1
997.2
997.4
997.4
997.9
998.0
998.3
998.4
998.5
998.6
998.7
999.1
999.1
999.3
999.3
