450.9
451.9
451.9
452.9
453.2
453.2
453.8
454.1
454.7
454.8
454.8
455.0
455.8
456.1
456.4
456.5
456.6
456.8
456.9
457.0
457.1
457.2
457.7
458.4
459.5
459.7
459.9
460.7
460.8
460.9
461.2
461.3
461.4
461.7
462.6
463.4
463.5
464.2
466.2
466.6
466.9
467.3
469.1
471.4
476.2
477.4
479.4
479.5
760.6
760.7
760.7
760.9
760.9
760.9
760.9
761.0
761.0
761.0
761.0
761.1
761.1
761.1
761.1
761.1
761.1
761.1
761.1
761.1
761.1
761.1
761.1
761.1
761.1
761.1
761.1
761.1
761.1
761.1
761.1
761.1
761.1
761.1
761.1
761.1
761.1
761.1
761.1
761.1
761.1
761.1
761.1
761.1
761.1
761.1
761.1
761.1
761.1
761.1
761.1
761.1
761.1
761.1
761.1
761.1
761.1
761.1
761.1
761.1
761.1
761.1
761.1
761.1
761.1
761.1
761.1
761.1
761.1
761.1
761.1
761.1
761.1
761.1
761.1
761.1
761.1
761.1
761.1
761.1
761.2
761.2
761.2
761.2
761.2
761.2
761.2
761.2
761.2
761.2
761.2
761.2
761.2
761.2
761.2
761.2
761.2
761.2
761.2
761.2
761.2
761.2
761.2
761.2
761.2
761.2
761.2
761.2
761.2
761.2
761.2
761.2
761.2
761.2
761.2
761.2
761.2
761.2
761.2
761.2
761.2
761.2
761.2
761.2
761.2
761.2
761.2
761.2
761.2
761.2
761.2
761.2
761.2
761.2
761.2
761.2
761.2
761.2
761.2
761.2
761.2
761.2
761.2
761.2
761.2
761.2
761.2
761.2
761.2
761.2
761.2
761.2
761.2
761.2
761.2
761.2
761.2
761.2
761.2
761.2
761.2
761.2
761.2
761.2
761.2
761.2
761.2
761.2
761.2
761.2
761.2
761.2
761.2
761.2
761.2
761.2
761.2
761.2
761.2
761.2
761.2
761.2
761.2
761.2
761.2
761.2
761.2
761.2
761.2
761.2
761.2
761.2
761.2
761.2
761.2
761.2
761.2
761.2
761.2
761.2
761.2
761.2
761.2
761.2
761.2
761.2
761.2
761.2
761.2
761.2
761.2
761.2
761.2
761.2
761.2
761.2
761.2
761.2
761.2
761.2
761.2
761.2
761.2
761.2
761.2
761.2
761.2
761.2
761.2
761.2
761.2
761.2
761.2
761.2
761.2
761.2
761.2
761.2
761.2
761.2
761.2
761.2
761.2
761.2
761.2
761.2
761.2
761.2
761.2
761.2
761.2
761.2
761.2
761.2
761.2
761.2
761.2
761.2
761.2
761.2
761.2
761.2
761.2
761.2
761.2
761.2
761.2
761.2
761.2
761.2
761.2
761.2
761.2
761.2
761.2
761.2
761.2
761.2
761.3
761.3
761.3
761.3
761.3
761.3
761.3
761.3
761.3
761.3
761.3
761.3
761.3
761.3
761.3
761.3
761.3
761.3
761.3
761.3
761.3
761.3
761.3
761.3
761.3
761.3
761.3
761.3
761.3
761.3
761.3
761.3
761.3
761.3
761.3
761.3
761.3
761.3
761.3
761.3
761.3
761.3
761.3
761.3
761.3
761.3
761.3
761.3
761.3
761.3
761.3
761.3
761.3
761.3
761.3
761.3
761.3
761.3
761.3
761.3
761.3
761.3
761.3
761.3
761.3
761.3
761.3
761.3
761.3
761.3
761.3
761.3
761.3
761.3
761.3
761.3
761.3
761.3
761.3
761.3
761.3
761.3
761.3
761.3
761.3
761.3
761.3
761.3
761.3
761.3
761.3
761.3
761.3
761.3
761.3
761.3
761.3
761.3
761.3
761.3
761.3
761.3
761.3
761.3
761.3
761.3
761.3
761.3
761.3
761.3
761.3
761.3
761.3
761.3
761.3
761.3
761.3
761.3
761.3
761.3
761.3
761.3
761.3
761.3
761.3
761.3
761.3
761.3
761.3
761.3
761.3
761.3
761.3
761.3
761.3
761.3
761.3
761.3
761.3
761.3
761.3
761.3
761.3
761.3
761.3
761.3
761.3
761.3
761.3
761.3
761.3
761.3
761.3
761.3
761.3
761.3
761.3
761.3
761.3
761.3
761.3
761.3
761.3
761.3
761.3
761.3
761.3
761.3
761.3
761.3
761.3
761.3
761.3
761.3
761.3
761.3
761.3
761.3
761.3
761.3
761.3
761.3
761.3
761.3
761.3
761.3
761.3
761.3
761.3
761.3
761.3
761.3
761.3
761.3
761.3
761.3
761.3
761.3
761.3
761.3
761.3
761.3
761.3
761.3
761.3
761.3
761.3
761.3
761.3
761.3
761.3
761.4
761.4
761.4
761.4
761.4
761.4
761.4
761.4
761.4
761.4
761.4
761.4
761.4
761.4
761.4
761.4
761.4
761.4
761.4
761.4
761.4
761.4
761.4
761.4
761.4
761.4
761.4
761.4
761.4
761.4
761.4
761.4
761.4
761.4
761.4
761.4
761.4
761.4
761.4
761.4
761.4
761.4
761.4
761.4
761.4
761.4
761.4
761.4
761.4
761.4
761.4
761.4
761.4
761.4
761.4
761.4
761.4
761.4
761.4
761.4
761.4
761.4
761.4
761.4
761.4
761.4
761.4
761.4
761.4
761.4
761.4
761.4
761.4
761.4
761.4
761.4
761.4
761.4
761.4
761.4
761.4
761.4
761.4
761.4
761.4
761.4
761.4
761.4
761.4
761.4
761.4
761.4
761.4
761.4
761.4
761.4
761.4
761.4
761.4
761.4
761.4
761.4
761.4
761.4
761.4
761.4
761.4
761.4
761.4
761.4
761.4
761.4
761.4
761.4
761.4
761.4
761.4
761.4
761.4
761.4
761.4
761.4
761.4
761.4
761.4
761.4
761.4
761.4
761.4
761.4
761.4
761.4
761.4
761.4
761.4
761.4
761.4
761.4
761.4
761.4
761.4
761.4
761.4
761.4
761.4
761.4
761.4
761.4
761.4
761.4
761.4
761.4
761.4
761.4
761.4
761.4
761.4
761.4
761.4
761.4
761.4
761.4
761.4
761.4
761.4
761.4
761.4
761.4
761.4
761.4
761.4
761.4
761.4
761.4
761.4
761.5
761.5
761.5
761.5
761.5
761.5
761.5
761.5
761.5
761.5
761.5
761.5
761.5
761.5
761.5
761.5
761.5
761.5
761.5
761.5
761.5
761.5
761.5
761.5
761.5
761.5
761.5
761.5
761.5
761.5
761.5
761.5
761.5
761.5
761.5
761.5
761.5
761.5
761.5
761.5
761.5
761.5
761.5
761.5
761.5
761.5
761.5
761.5
761.5
761.5
761.5
761.5
761.5
761.5
761.5
761.5
761.5
761.5
761.5
761.5
761.5
761.5
761.5
761.5
761.5
761.5
761.5
761.5
761.5
761.5
761.5
761.5
761.5
761.5
761.5
761.5
761.5
761.5
761.5
761.5
761.5
761.5
761.5
761.5
761.5
761.5
761.5
761.5
761.5
761.5
761.5
761.5
761.5
761.5
761.5
761.5
761.5
761.5
761.5
761.5
761.5
761.5
761.5
761.5
761.5
761.5
761.5
761.5
761.5
761.5
761.5
761.5
761.5
761.5
761.5
761.5
761.5
761.5
761.5
761.5
761.5
761.5
761.5
761.5
761.5
761.5
761.5
761.5
761.5
761.5
761.5
761.5
761.5
761.5
761.5
761.5
761.5
761.5
761.5
761.5
761.5
761.5
761.5
761.5
761.5
761.5
761.5
761.5
761.5
761.5
761.5
761.5
761.5
761.5
761.5
761.5
761.5
761.5
761.5
761.5
761.5
761.5
761.5
761.5
761.5
761.5
761.6
761.6
761.6
761.6
761.6
761.6
761.6
761.6
761.6
761.6
761.6
761.6
761.6
761.6
761.6
761.6
761.6
761.6
761.6
761.6
761.6
761.6
761.6
761.6
761.6
761.6
761.6
761.6
761.6
761.6
761.6
761.6
761.6
761.6
761.6
761.6
761.6
761.6
761.6
761.6
761.6
761.6
761.6
761.6
761.6
761.6
761.6
761.6
761.6
761.6
761.6
761.6
761.6
761.6
761.6
761.6
761.6
761.6
761.6
761.6
761.6
761.6
761.6
761.6
761.6
761.6
761.6
761.6
761.6
761.6
761.6
761.6
761.6
761.6
761.6
761.6
761.6
761.6
761.6
761.6
761.6
761.6
761.6
761.6
761.6
761.6
761.6
761.6
761.6
761.6
761.6
761.6
761.6
761.6
761.6
761.6
761.6
761.6
761.6
761.6
761.6
761.6
761.6
761.6
761.6
761.6
761.6
761.6
761.6
761.6
761.6
761.6
761.6
761.6
761.6
761.6
761.6
761.6
761.6
761.6
761.6
761.6
761.6
761.6
761.6
761.6
761.6
761.6
761.6
761.6
761.6
761.6
761.6
761.6
761.6
761.6
761.6
761.6
761.6
761.6
761.6
761.6
761.6
761.6
761.6
761.6
761.6
761.6
761.6
761.6
761.6
761.6
761.6
761.6
761.6
761.6
761.6
761.6
761.6
761.6
761.6
761.6
761.6
761.6
761.6
761.6
761.6
761.6
761.6
761.6
761.6
761.6
761.6
761.6
761.6
761.6
761.6
761.6
761.6
761.6
761.6
761.6
761.6
761.6
761.6
761.6
761.6
761.6
761.6
761.6
761.6
761.6
761.6
761.6
761.6
761.6
761.6
761.6
761.6
761.6
761.6
761.6
761.6
761.6
761.7
761.7
761.7
761.7
761.7
761.7
761.7
761.7
761.7
761.7
761.7
761.7
761.7
761.7
761.7
761.7
761.7
761.7
761.7
761.7
761.7
761.7
761.7
761.7
761.7
761.7
761.7
761.7
761.7
761.7
761.7
761.7
761.7
761.7
761.7
761.7
761.7
761.7
761.7
761.7
761.7
761.7
761.7
761.7
761.7
761.7
761.7
761.7
761.7
761.7
761.7
761.7
761.7
761.7
761.7
761.7
761.7
761.7
761.7
761.7
761.7
761.7
761.7
761.7
761.7
761.7
761.7
761.7
761.7
761.7
761.7
761.7
761.7
761.7
761.7
761.7
761.7
761.7
761.7
761.7
761.7
761.7
761.7
761.7
761.7
761.7
761.7
761.7
761.7
761.7
761.7
761.7
761.7
761.7
761.7
761.7
761.7
761.7
761.7
761.7
761.7
761.7
761.7
761.7
761.7
761.7
761.7
761.7
761.7
761.7
761.7
761.7
761.7
761.7
761.7
761.7
761.7
761.7
761.7
761.7
761.7
761.7
761.7
761.7
761.7
761.7
761.7
761.7
761.7
761.7
761.7
761.7
761.7
761.7
761.7
761.7
761.7
761.7
761.7
761.7
761.7
761.7
761.7
761.7
761.7
761.7
761.7
761.7
761.7
761.7
761.7
761.7
761.7
761.7
761.7
761.7
761.7
761.7
761.7
761.7
761.7
761.7
761.7
761.7
761.7
761.7
761.7
761.7
761.7
761.7
761.7
761.7
761.7
761.7
761.7
761.7
761.7
761.7
761.7
761.7
761.7
761.7
761.7
761.7
761.7
761.7
761.7
761.7
761.7
761.7
761.7
761.7
761.7
761.7
761.7
761.7
761.7
761.7
761.7
761.7
761.7
761.7
761.7
761.7
761.7
761.7
761.7
761.7
761.7
761.7
761.7
761.7
761.7
761.7
761.7
761.7
761.7
761.7
761.7
761.7
761.7
761.7
761.7
761.7
761.7
761.7
761.7
761.7
761.7
761.7
761.7
761.7
761.7
761.7
761.7
761.7
761.7
761.7
761.7
761.7
761.7
761.7
761.7
761.7
761.7
761.7
761.7
761.7
761.7
761.7
761.7
761.7
761.7
761.7
761.7
761.7
761.7
761.7
761.7
761.7
761.7
761.7
761.7
761.7
761.7
761.7
761.7
761.7
761.7
761.7
761.7
761.7
761.7
761.7
761.7
761.7
761.7
761.7
761.7
761.7
761.7
761.7
761.7
761.7
761.7
761.7
761.7
761.7
761.7
761.7
761.7
761.7
761.7
761.7
761.7
761.7
761.7
761.7
761.7
761.7
761.7
761.7
761.7
761.8
761.8
761.8
761.8
761.8
761.8
761.8
761.8
761.8
761.8
761.8
761.8
761.8
761.8
761.8
761.8
761.8
761.8
761.8
761.8
761.8
761.8
761.8
761.8
761.8
761.8
761.8
761.8
761.8
761.8
761.8
761.8
761.8
761.8
761.8
761.8
761.8
761.8
761.8
761.8
761.8
761.8
761.8
761.8
761.8
761.8
761.8
761.8
761.8
761.8
761.8
761.8
761.8
761.8
761.8
761.8
761.8
761.8
761.8
761.8
761.8
761.8
761.8
761.8
761.8
761.8
761.8
761.8
761.8
761.8
761.8
761.8
761.8
761.8
761.8
761.8
761.8
761.8
761.8
761.8
761.8
761.8
761.8
761.8
761.8
761.8
761.8
761.8
761.8
761.8
761.8
761.8
761.8
761.8
761.8
761.8
761.8
761.8
761.8
761.8
761.8
761.8
761.8
761.8
761.8
761.8
761.8
761.8
761.8
761.8
761.8
761.8
761.8
761.8
761.8
761.8
761.8
761.8
761.8
761.8
761.8
761.8
761.8
761.8
761.8
761.8
761.8
761.8
761.8
761.8
761.8
761.8
761.8
761.8
761.8
761.8
761.8
761.8
761.8
761.8
761.8
761.8
761.8
761.8
761.8
761.8
761.8
761.8
761.8
761.8
761.8
761.8
761.8
761.8
761.8
761.8
761.8
761.8
761.8
761.8
761.8
761.8
761.8
761.8
761.8
761.8
761.8
761.8
761.8
761.8
761.8
761.8
761.8
761.8
761.8
761.8
761.8
761.8
761.8
761.8
761.8
761.8
761.8
761.8
761.8
761.8
761.8
761.8
761.8
761.8
761.8
761.8
761.8
761.8
761.8
761.8
761.8
761.8
761.8
761.8
761.8
761.8
761.8
761.8
761.8
761.8
761.8
761.8
761.8
761.8
761.8
761.8
761.8
761.8
761.8
761.8
761.8
761.8
761.8
761.8
761.8
761.8
761.8
761.8
761.8
761.8
761.8
761.8
761.8
761.8
761.8
761.8
761.8
761.8
761.8
761.8
761.8
761.8
761.8
761.8
761.8
761.8
761.8
761.8
761.8
761.8
761.8
761.8
761.8
761.8
761.8
761.8
761.8
761.8
761.8
761.8
761.8
761.8
761.8
761.8
761.8
761.8
761.8
761.8
761.8
761.8
761.8
761.8
761.8
761.8
761.8
761.8
761.8
761.8
761.8
761.8
761.8
761.8
761.8
761.8
761.8
761.8
761.8
761.8
761.8
761.8
761.8
761.8
761.8
761.8
761.8
761.8
761.8
761.8
761.8
761.8
761.8
761.8
761.8
761.8
761.8
761.8
761.8
761.8
761.8
761.8
761.8
761.8
761.8
761.8
761.8
761.8
761.8
761.8
761.8
761.8
761.8
761.8
761.8
761.8
761.8
761.8
761.8
761.8
761.8
761.8
761.8
761.8
761.8
761.8
761.8
761.8
761.8
761.8
761.8
761.8
761.8
761.8
761.8
761.8
761.8
761.8
761.8
761.8
761.8
761.8
761.8
761.8
761.8
761.8
761.8
761.8
761.8
761.8
761.8
761.8
761.8
761.8
761.8
761.8
761.8
761.8
761.8
761.8
761.8
761.8
761.8
761.8
761.8
761.8
761.8
761.8
761.8
761.8
761.8
761.8
761.8
761.8
761.8
761.8
761.8
761.8
761.8
761.8
761.8
761.8
761.8
761.8
761.8
761.8
761.8
761.8
761.8
761.8
761.8
761.8
761.8
761.8
761.8
761.8
761.8
761.8
761.8
761.8
761.8
761.8
761.8
761.8
761.8
761.8
761.8
761.8
761.8
761.8
761.8
761.8
761.8
761.8
761.8
761.8
761.8
761.8
761.8
761.8
761.8
761.8
761.8
761.8
761.8
761.8
761.8
761.8
761.8
761.8
761.8
761.8
761.8
761.8
761.8
761.8
761.8
761.8
761.8
761.9
761.9
761.9
761.9
761.9
761.9
761.9
761.9
761.9
761.9
761.9
761.9
761.9
761.9
761.9
761.9
761.9
761.9
761.9
761.9
761.9
761.9
761.9
761.9
761.9
761.9
761.9
761.9
761.9
761.9
761.9
761.9
761.9
761.9
761.9
761.9
761.9
761.9
761.9
761.9
761.9
761.9
761.9
761.9
761.9
761.9
761.9
761.9
761.9
761.9
761.9
761.9
761.9
761.9
761.9
761.9
761.9
761.9
761.9
761.9
761.9
761.9
761.9
761.9
761.9
761.9
761.9
761.9
761.9
761.9
761.9
761.9
761.9
761.9
761.9
761.9
761.9
761.9
761.9
761.9
761.9
761.9
761.9
761.9
761.9
761.9
761.9
761.9
761.9
761.9
761.9
761.9
761.9
761.9
761.9
761.9
761.9
761.9
761.9
761.9
761.9
761.9
761.9
761.9
761.9
761.9
761.9
761.9
761.9
761.9
761.9
761.9
761.9
761.9
761.9
761.9
761.9
761.9
761.9
761.9
761.9
761.9
761.9
761.9
761.9
761.9
761.9
761.9
761.9
761.9
761.9
761.9
761.9
761.9
761.9
761.9
761.9
761.9
761.9
761.9
761.9
761.9
761.9
761.9
761.9
761.9
761.9
761.9
761.9
761.9
761.9
761.9
761.9
761.9
761.9
761.9
761.9
761.9
761.9
761.9
761.9
761.9
761.9
761.9
761.9
761.9
761.9
761.9
761.9
761.9
761.9
761.9
761.9
761.9
761.9
761.9
761.9
761.9
761.9
761.9
761.9
761.9
761.9
761.9
761.9
761.9
761.9
761.9
761.9
761.9
761.9
761.9
761.9
761.9
761.9
761.9
761.9
761.9
761.9
761.9
761.9
761.9
761.9
761.9
761.9
761.9
761.9
761.9
761.9
761.9
761.9
761.9
761.9
761.9
761.9
761.9
761.9
761.9
761.9
761.9
761.9
761.9
761.9
761.9
761.9
761.9
761.9
761.9
761.9
761.9
761.9
761.9
761.9
761.9
761.9
761.9
761.9
761.9
761.9
761.9
761.9
761.9
761.9
761.9
761.9
761.9
761.9
761.9
761.9
761.9
761.9
761.9
761.9
761.9
761.9
761.9
761.9
761.9
761.9
761.9
761.9
761.9
761.9
761.9
761.9
761.9
761.9
761.9
761.9
761.9
761.9
761.9
761.9
761.9
761.9
761.9
761.9
761.9
761.9
761.9
761.9
761.9
761.9
761.9
761.9
761.9
761.9
761.9
761.9
761.9
761.9
761.9
761.9
761.9
761.9
761.9
761.9
761.9
761.9
761.9
761.9
761.9
761.9
761.9
761.9
761.9
761.9
761.9
761.9
761.9
761.9
761.9
761.9
761.9
761.9
761.9
761.9
761.9
761.9
761.9
761.9
761.9
761.9
761.9
761.9
761.9
761.9
761.9
761.9
761.9
761.9
761.9
761.9
761.9
761.9
761.9
761.9
761.9
761.9
761.9
761.9
761.9
761.9
761.9
761.9
761.9
761.9
761.9
761.9
761.9
761.9
761.9
761.9
761.9
761.9
761.9
761.9
761.9
761.9
761.9
761.9
761.9
761.9
761.9
761.9
761.9
761.9
761.9
761.9
761.9
761.9
761.9
761.9
761.9
761.9
761.9
761.9
761.9
761.9
761.9
761.9
761.9
761.9
761.9
761.9
761.9
761.9
761.9
761.9
761.9
761.9
761.9
761.9
761.9
761.9
761.9
761.9
761.9
761.9
761.9
761.9
761.9
761.9
761.9
761.9
761.9
761.9
761.9
761.9
761.9
761.9
761.9
761.9
761.9
761.9
761.9
761.9
761.9
761.9
761.9
761.9
761.9
761.9
761.9
761.9
761.9
761.9
761.9
761.9
761.9
761.9
761.9
761.9
761.9
761.9
761.9
761.9
761.9
761.9
761.9
761.9
761.9
761.9
761.9
761.9
761.9
761.9
761.9
761.9
761.9
761.9
761.9
761.9
761.9
761.9
761.9
761.9
761.9
761.9
761.9
761.9
761.9
761.9
761.9
761.9
761.9
761.9
761.9
761.9
761.9
761.9
761.9
761.9
761.9
761.9
761.9
761.9
761.9
761.9
761.9
761.9
761.9
761.9
761.9
761.9
761.9
761.9
761.9
761.9
761.9
761.9
761.9
761.9
761.9
761.9
761.9
761.9
761.9
761.9
761.9
761.9
761.9
761.9
761.9
761.9
761.9
761.9
761.9
761.9
761.9
761.9
761.9
761.9
761.9
761.9
761.9
761.9
761.9
761.9
761.9
761.9
761.9
761.9
761.9
761.9
761.9
761.9
761.9
761.9
761.9
761.9
761.9
762.0
762.0
762.0
762.0
762.0
762.0
762.0
762.0
762.0
762.0
762.0
762.0
762.0
762.0
762.0
762.0
762.0
762.0
762.0
762.0
762.0
762.0
762.0
762.0
762.0
762.0
762.0
762.0
762.0
762.0
762.0
762.0
762.0
762.0
762.0
762.0
762.0
762.0
762.0
762.0
762.0
762.0
762.0
762.0
762.0
762.0
762.0
762.0
762.0
762.0
762.0
762.0
762.0
762.0
762.0
762.0
762.0
762.0
762.0
762.0
762.0
762.0
762.0
762.0
762.0
762.0
762.0
762.0
762.0
762.0
762.0
762.0
762.0
762.0
762.0
762.0
762.0
762.0
762.0
762.0
762.0
762.0
762.0
762.0
762.0
762.0
762.0
762.0
762.0
762.0
762.0
762.0
762.0
762.0
762.0
762.0
762.0
762.0
762.0
762.0
762.0
762.0
762.0
762.0
762.0
762.0
762.0
762.0
762.0
762.0
762.0
762.0
762.0
762.0
762.0
762.0
762.0
762.0
762.0
762.0
762.0
762.0
762.0
762.0
762.0
762.0
762.0
762.0
762.0
762.0
762.0
762.0
762.0
762.0
762.0
762.0
762.0
762.0
762.0
762.0
762.0
762.0
762.0
762.0
762.0
762.0
762.0
762.0
762.0
762.0
762.0
762.0
762.0
762.0
762.0
762.0
762.0
762.0
762.0
762.0
762.0
762.0
762.0
762.0
762.0
762.0
762.0
762.0
762.0
762.0
762.0
762.0
762.0
762.0
762.0
762.0
762.0
762.0
762.0
762.0
762.0
762.0
762.0
762.0
762.0
762.0
762.0
762.0
762.0
762.0
762.0
762.0
762.0
762.0
762.0
762.0
762.0
762.0
762.0
762.0
762.0
762.0
762.0
762.0
762.0
762.0
762.0
762.0
762.0
762.0
762.0
762.0
762.0
762.0
762.0
762.0
762.0
762.0
762.0
762.0
762.0
762.0
762.0
762.0
762.0
762.0
762.0
762.0
762.0
762.0
762.0
762.0
762.0
762.0
762.0
762.0
762.0
762.0
762.0
762.0
762.0
762.0
762.0
762.0
762.0
762.0
762.0
762.0
762.0
762.0
762.0
762.0
762.0
762.0
762.0
762.0
762.0
762.0
762.0
762.0
762.0
762.0
762.0
762.0
762.0
762.0
762.0
762.0
762.0
762.0
762.0
762.0
762.0
762.0
762.0
762.0
762.0
762.0
762.0
762.0
762.0
762.0
762.0
762.0
762.0
762.0
762.0
762.0
762.0
762.0
762.0
762.0
762.0
762.0
762.0
762.0
762.0
762.0
762.0
762.0
762.0
762.0
762.0
762.0
762.0
762.0
762.0
762.0
762.0
762.0
762.0
762.0
762.0
762.0
762.0
762.0
762.0
762.0
762.0
762.0
762.0
762.0
762.0
762.0
762.0
762.0
762.0
762.0
762.0
762.0
762.0
762.0
762.0
762.0
762.0
762.0
762.0
762.0
762.0
762.0
762.0
762.0
762.0
762.0
762.0
762.0
762.0
762.0
762.0
762.0
762.0
762.0
762.0
762.0
762.0
762.0
762.0
762.0
762.0
762.0
762.0
762.0
762.0
762.0
762.0
762.0
762.0
762.0
762.0
762.0
762.0
762.0
762.0
762.0
762.0
762.0
762.0
762.0
762.0
762.0
762.0
762.0
762.0
762.0
762.0
762.0
762.0
762.0
762.0
762.0
762.0
762.0
762.0
762.0
762.0
762.0
762.0
762.0
762.0
762.0
762.0
762.0
762.0
762.0
762.0
762.0
762.0
762.0
762.0
762.0
762.0
762.0
762.0
762.0
762.0
762.0
762.0
762.0
762.0
762.0
762.0
762.0
762.0
762.0
762.0
762.0
762.0
762.0
762.0
762.0
762.0
762.0
762.0
762.0
762.0
762.0
762.0
762.0
762.0
762.0
762.0
762.0
762.0
762.0
762.0
762.0
762.0
762.0
762.0
762.0
762.0
762.0
762.0
762.0
762.0
762.0
762.0
762.0
762.0
762.0
762.0
762.0
762.0
762.0
762.0
762.0
762.0
762.0
762.0
762.0
762.0
762.0
762.0
762.0
762.0
762.0
762.0
762.0
762.0
762.0
762.0
762.0
762.0
762.0
762.0
762.0
762.0
762.0
762.0
762.0
762.0
762.0
762.0
762.0
762.0
762.0
762.0
762.0
762.0
762.0
762.0
762.1
762.1
762.1
762.1
762.1
762.1
762.1
762.1
762.1
762.1
762.1
762.1
762.1
762.1
762.1
762.1
762.1
762.1
762.1
762.1
762.1
762.1
762.1
762.1
762.1
762.1
762.1
762.1
762.1
762.1
762.1
762.1
762.1
762.1
762.1
762.1
762.1
762.1
762.1
762.1
762.1
762.1
762.1
762.1
762.1
762.1
762.1
762.1
762.1
762.1
762.1
762.1
762.1
762.1
762.1
762.1
762.1
762.1
762.1
762.1
762.1
762.1
762.1
762.1
762.1
762.1
762.1
762.1
762.1
762.1
762.1
762.1
762.1
762.1
762.1
762.1
762.1
762.1
762.1
762.1
762.1
762.1
762.1
762.1
762.1
762.1
762.1
762.1
762.1
762.1
762.1
762.1
762.1
762.1
762.1
762.1
762.1
762.1
762.1
762.1
762.1
762.1
762.1
762.1
762.1
762.1
762.1
762.1
762.1
762.1
762.1
762.1
762.1
762.1
762.1
762.1
762.1
762.1
762.1
762.1
762.1
762.1
762.1
762.1
762.1
762.1
762.1
762.1
762.1
762.1
762.1
762.1
762.1
762.1
762.1
762.1
762.1
762.1
762.1
762.1
762.1
762.1
762.1
762.1
762.1
762.1
762.1
762.1
762.1
762.1
762.1
762.1
762.1
762.1
762.1
762.1
762.1
762.1
762.1
762.1
762.1
762.1
762.1
762.1
762.1
762.1
762.1
762.1
762.1
762.1
762.1
762.1
762.1
762.1
762.1
762.1
762.1
762.1
762.1
762.1
762.1
762.1
762.1
762.1
762.1
762.1
762.1
762.1
762.1
762.1
762.1
762.1
762.1
762.1
762.1
762.1
762.1
762.1
762.1
762.1
762.1
762.1
762.1
762.1
762.1
762.1
762.1
762.1
762.1
762.1
762.1
762.1
762.1
762.1
762.1
762.1
762.1
762.1
762.1
762.1
762.1
762.1
762.1
762.1
762.1
762.1
762.1
762.1
762.1
762.1
762.1
762.1
762.1
762.1
762.1
762.1
762.1
762.1
762.1
762.1
762.1
762.1
762.1
762.1
762.1
762.1
762.1
762.1
762.1
762.1
762.1
762.1
762.1
762.1
762.1
762.1
762.1
762.1
762.1
762.1
762.1
762.1
762.1
762.1
762.1
762.1
762.1
762.1
762.1
762.1
762.1
762.1
762.1
762.1
762.1
762.1
762.1
762.1
762.1
762.1
762.1
762.1
762.1
762.1
762.1
762.1
762.1
762.1
762.1
762.1
762.1
762.1
762.1
762.1
762.1
762.1
762.1
762.1
762.1
762.1
762.1
762.1
762.1
762.1
762.1
762.1
762.1
762.1
762.1
762.1
762.1
762.1
762.1
762.1
762.1
762.1
762.1
762.1
762.1
762.1
762.1
762.1
762.1
762.1
762.1
762.1
762.1
762.1
762.1
762.1
762.1
762.1
762.1
762.1
762.1
762.1
762.1
762.1
762.1
762.1
762.1
762.1
762.1
762.1
762.1
762.1
762.1
762.1
762.1
762.1
762.1
762.1
762.1
762.1
762.1
762.1
762.1
762.1
762.1
762.1
762.1
762.1
762.1
762.1
762.1
762.1
762.1
762.1
762.1
762.1
762.1
762.1
762.1
762.1
762.1
762.1
762.1
762.1
762.1
762.1
762.1
762.1
762.1
762.1
762.1
762.1
762.1
762.1
762.1
762.1
762.1
762.1
762.1
762.1
762.1
762.1
762.1
762.1
762.1
762.1
762.1
762.1
762.1
762.1
762.1
762.1
762.1
762.1
762.1
762.1
762.1
762.1
762.1
762.1
762.1
762.1
762.1
762.1
762.1
762.1
762.1
762.1
762.1
762.1
762.1
762.1
762.1
762.1
762.1
762.1
762.1
762.1
762.1
762.1
762.1
762.1
762.1
762.1
762.1
762.1
762.1
762.1
762.1
762.1
762.1
762.1
762.1
762.1
762.1
762.1
762.1
762.1
762.1
762.1
762.1
762.1
762.1
762.1
762.1
762.1
762.1
762.1
762.1
762.1
762.1
762.1
762.1
762.1
762.1
762.1
762.1
762.1
762.2
762.2
762.2
762.2
762.2
762.2
762.2
762.2
762.2
762.2
762.2
762.2
762.2
762.2
762.2
762.2
762.2
762.2
762.2
762.2
762.2
762.2
762.2
762.2
762.2
762.2
762.2
762.2
762.2
762.2
762.2
762.2
762.2
762.2
762.2
762.2
762.2
762.2
762.2
762.2
762.2
762.2
762.2
762.2
762.2
762.2
762.2
762.2
762.2
762.2
762.2
762.2
762.2
762.2
762.2
762.2
762.2
762.2
762.2
762.2
762.2
762.2
762.2
762.2
762.2
762.2
762.2
762.2
762.2
762.2
762.2
762.2
762.2
762.2
762.2
762.2
762.2
762.2
762.2
762.2
762.2
762.2
762.2
762.2
762.2
762.2
762.2
762.2
762.2
762.2
762.2
762.2
762.2
762.2
762.2
762.2
762.2
762.2
762.2
762.2
762.2
762.2
762.2
762.2
762.2
762.2
762.2
762.2
762.2
762.2
762.2
762.2
762.2
762.2
762.2
762.2
762.2
762.2
762.2
762.2
762.2
762.2
762.2
762.2
762.2
762.2
762.2
762.2
762.2
762.2
762.2
762.2
762.2
762.2
762.2
762.2
762.2
762.2
762.2
762.2
762.2
762.2
762.2
762.2
762.2
762.2
762.2
762.2
762.2
762.2
762.2
762.2
762.2
762.2
762.2
762.2
762.2
762.2
762.2
762.2
762.2
762.2
762.2
762.2
762.2
762.2
762.2
762.2
762.2
762.2
762.2
762.2
762.2
762.2
762.2
762.2
762.2
762.2
762.2
762.2
762.2
762.2
762.2
762.2
762.2
762.2
762.2
762.2
762.2
762.2
762.2
762.2
762.2
762.2
762.2
762.2
762.2
762.2
762.2
762.2
762.2
762.2
762.2
762.2
762.2
762.2
762.2
762.2
762.2
762.2
762.2
762.2
762.2
762.2
762.2
762.2
762.2
762.2
762.2
762.2
762.2
762.2
762.2
762.2
762.2
762.2
762.2
762.2
762.2
762.2
762.2
762.2
762.2
762.2
762.2
762.2
762.2
762.2
762.2
762.2
762.2
762.2
762.2
762.2
762.2
762.2
762.2
762.2
762.2
762.2
762.2
762.2
762.2
762.2
762.2
762.2
762.2
762.2
762.2
762.2
762.2
762.2
762.2
762.2
762.2
762.2
762.2
762.2
762.2
762.2
762.2
762.2
762.2
762.2
762.2
762.2
762.2
762.2
762.2
762.2
762.2
762.2
762.2
762.2
762.2
762.2
762.2
762.2
762.2
762.2
762.2
762.2
762.2
762.2
762.2
762.2
762.2
762.2
762.2
762.2
762.2
762.2
762.2
762.2
762.2
762.2
762.2
762.2
762.2
762.2
762.2
762.2
762.2
762.2
762.2
762.2
762.2
762.2
762.2
762.2
762.2
762.2
762.2
762.2
762.2
762.2
762.2
762.2
762.2
762.2
762.2
762.2
762.2
762.2
762.2
762.2
762.2
762.2
762.2
762.2
762.2
762.2
762.2
762.2
762.2
762.2
762.2
762.2
762.3
762.3
762.3
762.3
762.3
762.3
762.3
762.3
762.3
762.3
762.3
762.3
762.3
762.3
762.3
762.3
762.3
762.3
762.3
762.3
762.3
762.3
762.3
762.3
762.3
762.3
762.3
762.3
762.3
762.3
762.3
762.3
762.3
762.3
762.3
762.3
762.3
762.3
762.3
762.3
762.3
762.3
762.3
762.3
762.3
762.3
762.3
762.3
762.3
762.3
762.3
762.3
762.3
762.3
762.3
762.3
762.3
762.3
762.3
762.3
762.3
762.3
762.3
762.3
762.3
762.3
762.3
762.3
762.3
762.3
762.3
762.3
762.3
762.3
762.3
762.3
762.3
762.3
762.3
762.3
762.3
762.3
762.3
762.3
762.3
762.3
762.3
762.3
762.3
762.3
762.3
762.3
762.3
762.3
762.3
762.3
762.3
762.3
762.3
762.3
762.3
762.3
762.3
762.3
762.3
762.3
762.3
762.3
762.3
762.3
762.3
762.3
762.3
762.3
762.3
762.3
762.3
762.3
762.3
762.3
762.3
762.3
762.3
762.3
762.3
762.3
762.3
762.3
762.3
762.3
762.3
762.3
762.3
762.3
762.3
762.3
762.3
762.3
762.3
762.3
762.3
762.3
762.3
762.3
762.3
762.3
762.3
762.3
762.3
762.3
762.3
762.3
762.3
762.3
762.3
762.3
762.3
762.3
762.3
762.3
762.3
762.3
762.3
762.3
762.3
762.3
762.3
762.3
762.3
762.3
762.3
762.3
762.3
762.3
762.3
762.3
762.3
762.3
762.3
762.3
762.3
762.3
762.3
762.3
762.3
762.3
762.3
762.3
762.3
762.3
762.3
762.3
762.3
762.3
762.3
762.3
762.3
762.3
762.3
762.3
762.3
762.3
762.3
762.3
762.3
762.3
762.3
762.3
762.3
762.3
762.3
762.3
762.3
762.3
762.3
762.3
762.3
762.3
762.3
762.3
762.3
762.3
762.3
762.3
762.3
762.3
762.3
762.3
762.3
762.3
762.3
762.3
762.3
762.3
762.3
762.3
762.3
762.3
762.3
762.3
762.3
762.3
762.3
762.3
762.3
762.3
762.3
762.3
762.3
762.3
762.3
762.3
762.3
762.3
762.3
762.3
762.3
762.3
762.3
762.3
762.3
762.3
762.3
762.3
762.3
762.3
762.3
762.3
762.3
762.3
762.3
762.3
762.3
762.3
762.3
762.3
762.3
762.3
762.3
762.3
762.3
762.3
762.3
762.3
762.3
762.3
762.3
762.3
762.3
762.3
762.3
762.3
762.3
762.3
762.3
762.3
762.3
762.3
762.3
762.3
762.3
762.3
762.3
762.3
762.3
762.3
762.3
762.3
762.3
762.3
762.3
762.3
762.3
762.3
762.3
762.3
762.3
762.3
762.3
762.3
762.3
762.3
762.4
762.4
762.4
762.4
762.4
762.4
762.4
762.4
762.4
762.4
762.4
762.4
762.4
762.4
762.4
762.4
762.4
762.4
762.4
762.4
762.4
762.4
762.4
762.4
762.4
762.4
762.4
762.4
762.4
762.4
762.4
762.4
762.4
762.4
762.4
762.4
762.4
762.4
762.4
762.4
762.4
762.4
762.4
762.4
762.4
762.4
762.4
762.4
762.4
762.4
762.4
762.4
762.4
762.4
762.4
762.4
762.4
762.4
762.4
762.4
762.4
762.4
762.4
762.4
762.4
762.4
762.4
762.4
762.4
762.4
762.4
762.4
762.4
762.4
762.4
762.4
762.4
762.4
762.4
762.4
762.4
762.4
762.4
762.4
762.4
762.4
762.4
762.4
762.4
762.4
762.4
762.4
762.4
762.4
762.4
762.4
762.4
762.4
762.4
762.4
762.4
762.4
762.4
762.4
762.4
762.4
762.4
762.4
762.4
762.4
762.4
762.4
762.4
762.4
762.4
762.4
762.4
762.4
762.4
762.4
762.4
762.4
762.4
762.4
762.4
762.4
762.4
762.4
762.4
762.4
762.4
762.4
762.4
762.4
762.4
762.4
762.4
762.4
762.4
762.4
762.4
762.4
762.4
762.4
762.4
762.4
762.4
762.4
762.4
762.4
762.4
762.4
762.4
762.4
762.4
762.4
762.4
762.4
762.4
762.4
762.4
762.4
762.4
762.4
762.4
762.4
762.4
762.4
762.4
762.4
762.4
762.4
762.4
762.4
762.4
762.4
762.4
762.4
762.4
762.4
762.4
762.4
762.4
762.4
762.4
762.4
762.4
762.4
762.4
762.4
762.4
762.4
762.4
762.4
762.4
762.4
762.4
762.4
762.4
762.4
762.4
762.4
762.4
762.4
762.4
762.4
762.4
762.4
762.4
762.4
762.4
762.4
762.4
762.4
762.4
762.4
762.4
762.4
762.4
762.4
762.4
762.4
762.4
762.4
762.4
762.4
762.4
762.4
762.4
762.4
762.4
762.4
762.4
762.4
762.4
762.4
762.4
762.4
762.4
762.4
762.4
762.4
762.5
762.5
762.5
762.5
762.5
762.5
762.5
762.5
762.5
762.5
762.5
762.5
762.5
762.5
762.5
762.5
762.5
762.5
762.5
762.5
762.5
762.5
762.5
762.5
762.5
762.5
762.5
762.5
762.5
762.5
762.5
762.5
762.5
762.5
762.5
762.5
762.5
762.5
762.5
762.5
762.5
762.5
762.5
762.5
762.5
762.5
762.5
762.5
762.5
762.5
762.5
762.5
762.5
762.5
762.5
762.5
762.5
762.5
762.5
762.5
762.5
762.5
762.5
762.5
762.5
762.5
762.5
762.5
762.5
762.5
762.5
762.5
762.5
762.5
762.5
762.5
762.5
762.5
762.5
762.5
762.5
762.5
762.5
762.5
762.5
762.5
762.5
762.5
762.5
762.5
762.5
762.5
762.5
762.5
762.5
762.5
762.5
762.5
762.5
762.5
762.5
762.5
762.5
762.5
762.5
762.5
762.5
762.5
762.5
762.5
762.5
762.5
762.5
762.5
762.5
762.5
762.5
762.5
762.5
762.5
762.5
762.5
762.5
762.5
762.5
762.5
762.5
762.5
762.5
762.5
762.5
762.5
762.5
762.5
762.5
762.5
762.5
762.5
762.5
762.5
762.5
762.5
762.5
762.5
762.5
762.5
762.5
762.5
762.5
762.5
762.5
762.5
762.5
762.5
762.5
762.5
762.5
762.5
762.5
762.5
762.5
762.5
762.5
762.5
762.5
762.6
762.6
762.6
762.6
762.6
762.6
762.6
762.6
762.6
762.6
762.6
762.6
762.6
762.6
762.6
762.6
762.6
762.6
762.6
762.6
762.6
762.6
762.6
762.6
762.6
762.6
762.6
762.6
762.6
762.6
762.6
762.6
762.6
762.6
762.6
762.6
762.6
762.6
762.6
762.6
762.6
762.6
762.6
762.6
762.6
762.6
762.6
762.6
762.6
762.6
762.6
762.6
762.6
762.6
762.6
762.6
762.6
762.6
762.6
762.6
762.6
762.6
762.6
762.6
762.6
762.6
762.6
762.6
762.6
762.6
762.6
762.6
762.6
762.6
762.6
762.6
762.6
762.6
762.6
762.6
762.6
762.6
762.6
762.6
762.6
762.6
762.6
762.6
762.6
762.6
762.6
762.6
762.6
762.6
762.6
762.6
762.6
762.6
762.6
762.6
762.6
762.6
762.6
762.6
762.6
762.6
762.6
762.6
762.6
762.6
762.6
762.6
762.6
762.6
762.6
762.6
762.6
762.6
762.6
762.6
762.6
762.6
762.6
762.6
762.6
762.6
762.6
762.7
762.7
762.7
762.7
762.7
762.7
762.7
762.7
762.7
762.7
762.7
762.7
762.7
762.7
762.7
762.7
762.7
762.7
762.7
762.7
762.7
762.7
762.7
762.7
762.7
762.7
762.7
762.7
762.7
762.7
762.7
762.7
762.7
762.7
762.7
762.7
762.7
762.7
762.7
762.7
762.7
762.7
762.7
762.7
762.7
762.7
762.7
762.7
762.7
762.7
762.7
762.7
762.7
762.7
762.7
762.7
762.7
762.7
762.7
762.7
762.7
762.7
762.7
762.7
762.7
762.7
762.7
762.7
762.7
762.7
762.7
762.7
762.7
762.7
762.7
762.7
762.7
762.7
762.7
762.7
762.7
762.7
762.7
762.7
762.7
762.7
762.7
762.7
762.7
762.7
762.7
762.7
762.7
762.7
762.7
762.7
762.7
762.7
762.7
762.7
762.7
762.7
762.7
762.7
762.7
762.7
762.7
762.7
762.7
762.7
762.7
762.7
762.7
762.7
762.7
762.7
762.7
762.7
762.7
762.7
762.7
762.7
762.7
762.7
762.7
762.7
762.7
762.7
762.8
762.8
762.8
762.8
762.8
762.8
762.8
762.8
762.8
762.8
762.8
762.8
762.8
762.8
762.8
762.8
762.8
762.8
762.8
762.8
762.8
762.8
762.8
762.8
762.8
762.8
762.8
762.8
762.8
762.8
762.8
762.8
762.8
762.8
762.8
762.8
762.8
762.8
762.8
762.8
762.8
762.8
762.8
762.8
762.8
762.8
762.8
762.8
762.8
762.8
762.8
762.8
762.8
762.8
762.8
762.8
762.8
762.8
762.8
762.8
762.8
762.8
762.8
762.8
762.8
762.8
762.8
762.8
762.8
762.8
762.8
762.8
762.8
762.8
762.8
762.8
762.8
762.8
762.8
762.8
762.8
762.8
762.8
762.8
762.8
762.8
762.8
762.8
762.8
762.8
762.8
762.8
762.8
762.8
762.8
762.8
762.8
762.8
762.8
762.8
762.8
762.8
762.8
762.8
762.8
762.8
762.8
762.8
762.8
762.8
762.8
762.8
762.8
762.8
762.8
762.9
762.9
762.9
762.9
762.9
762.9
762.9
762.9
762.9
762.9
762.9
762.9
762.9
762.9
762.9
762.9
762.9
762.9
762.9
762.9
762.9
762.9
762.9
762.9
762.9
762.9
762.9
762.9
762.9
762.9
762.9
762.9
762.9
762.9
762.9
762.9
762.9
762.9
762.9
762.9
762.9
762.9
762.9
762.9
762.9
762.9
762.9
762.9
762.9
762.9
762.9
762.9
762.9
762.9
762.9
762.9
762.9
762.9
762.9
762.9
762.9
762.9
762.9
762.9
762.9
762.9
762.9
762.9
762.9
762.9
762.9
762.9
762.9
762.9
762.9
762.9
762.9
762.9
762.9
762.9
762.9
762.9
762.9
762.9
762.9
762.9
762.9
762.9
763.0
763.0
763.0
763.0
763.0
763.0
763.0
763.0
763.0
763.0
763.0
763.0
763.0
763.0
763.0
763.0
763.0
763.0
763.0
763.0
763.0
763.0
763.0
763.0
763.0
763.0
763.0
763.0
763.0
763.0
763.0
763.0
763.0
763.0
763.0
763.0
763.0
763.0
763.0
763.0
763.0
763.0
763.0
763.0
763.0
763.0
763.0
763.0
763.0
763.0
763.0
763.0
763.0
763.0
763.0
763.0
763.0
763.0
763.0
763.0
763.0
763.0
763.0
763.0
763.0
763.0
763.0
763.0
763.0
763.0
763.0
763.0
763.0
763.0
763.0
763.0
763.0
763.0
763.0
763.0
763.1
763.1
763.1
763.1
763.1
763.1
763.1
763.1
763.1
763.1
763.1
763.1
763.1
763.1
763.1
763.1
763.1
763.1
763.1
763.1
763.1
763.1
763.1
763.1
763.1
763.1
763.1
763.1
763.1
763.1
763.1
763.1
763.1
763.1
763.1
763.1
763.1
763.1
763.1
763.1
763.1
763.1
763.1
763.1
763.1
763.1
763.1
763.1
763.1
763.1
763.1
763.1
763.1
763.1
763.1
763.1
763.1
763.1
763.1
763.1
763.1
763.1
763.1
763.1
763.1
763.1
763.1
763.1
763.1
763.1
763.1
763.1
763.1
763.1
763.1
763.1
763.1
763.1
763.1
763.1
763.1
763.1
763.1
763.1
763.1
763.1
763.1
763.1
763.1
763.1
763.1
763.1
763.1
763.1
763.1
763.1
763.1
763.1
763.1
763.1
763.1
763.1
763.1
763.1
763.1
763.1
763.2
763.2
763.2
763.2
763.2
763.2
763.2
763.2
763.2
763.2
763.2
763.2
763.2
763.2
763.2
763.2
763.2
763.2
763.2
763.2
763.2
763.2
763.2
763.2
763.2
763.2
763.2
763.2
763.2
763.2
763.2
763.2
763.2
763.2
763.2
763.2
763.2
763.2
763.2
763.2
763.2
763.2
763.2
763.2
763.2
763.2
763.2
763.2
763.2
763.2
763.2
763.2
763.2
763.2
763.2
763.2
763.2
763.2
763.2
763.2
763.2
763.2
763.2
763.2
763.2
763.2
763.2
763.2
763.2
763.2
763.2
763.2
763.2
763.2
763.2
763.2
763.2
763.2
763.2
763.2
763.2
763.2
763.2
763.2
763.2
763.2
763.2
763.2
763.2
763.2
763.2
763.2
763.2
763.2
763.2
763.2
763.2
763.2
763.2
763.2
763.2
763.2
763.2
763.2
763.2
763.2
763.2
763.3
763.3
763.3
763.3
763.3
763.3
763.3
763.3
763.3
763.3
763.3
763.3
763.3
763.3
763.3
763.3
763.3
763.3
763.3
763.3
763.3
763.3
763.3
763.3
763.3
763.3
763.3
763.3
763.3
763.3
763.3
763.3
763.3
763.3
763.3
763.3
763.3
763.3
763.3
763.3
763.3
763.3
763.3
763.3
763.3
763.3
763.3
763.3
763.3
763.3
763.3
763.3
763.3
763.3
763.3
763.3
763.3
763.3
763.3
763.3
763.3
763.3
763.3
763.3
763.3
763.3
763.3
763.3
763.3
763.3
763.3
763.3
763.3
763.3
763.3
763.3
763.3
763.3
763.3
763.3
763.3
763.3
763.3
763.3
763.3
763.3
763.3
763.3
763.3
763.3
763.3
763.3
763.3
763.3
763.3
763.4
763.4
763.4
763.4
763.4
763.4
763.4
763.4
763.4
763.4
763.4
763.4
763.4
763.4
763.4
763.4
763.4
763.4
763.4
763.4
763.4
763.4
763.4
763.4
763.4
763.4
763.4
763.4
763.4
763.4
763.4
763.4
763.4
763.4
763.4
763.4
763.4
763.4
763.4
763.4
763.4
763.4
763.4
763.4
763.4
763.4
763.4
763.4
763.4
763.4
763.4
763.4
763.4
763.4
763.4
763.4
763.4
763.4
763.4
763.4
763.4
763.4
763.4
763.4
763.4
763.4
763.4
763.4
763.4
763.4
763.4
763.4
763.4
763.4
763.4
763.4
763.4
763.4
763.4
763.4
763.4
763.4
763.4
763.4
763.4
763.4
763.4
763.4
763.4
763.4
763.4
763.4
763.4
763.4
763.4
763.4
763.4
763.4
763.4
763.4
763.4
763.4
763.4
763.4
763.4
763.4
763.4
763.4
763.4
763.4
763.4
763.4
763.4
763.4
763.4
763.4
763.4
763.4
763.4
763.4
763.4
763.4
763.4
763.4
763.4
763.4
763.4
763.5
763.5
763.5
763.5
763.5
763.5
763.5
763.5
763.5
763.5
763.5
763.5
763.5
763.5
763.5
763.5
763.5
763.5
763.5
763.5
763.5
763.5
763.5
763.5
763.5
763.5
763.5
763.5
763.5
763.5
763.5
763.5
763.5
763.5
763.5
763.5
763.5
763.5
763.5
763.5
763.5
763.5
763.5
763.5
763.5
763.5
763.5
763.5
763.5
763.5
763.5
763.5
763.5
763.5
763.5
763.5
763.5
763.5
763.5
763.5
763.5
763.5
763.5
763.5
763.5
763.5
763.5
763.5
763.5
763.5
763.5
763.5
763.5
763.5
763.5
763.5
763.5
763.5
763.5
763.5
763.5
763.5
763.5
763.5
763.5
763.5
763.5
763.5
763.5
763.5
763.5
763.5
763.5
763.5
763.5
763.5
763.5
763.5
763.5
763.5
763.5
763.5
763.5
763.5
763.5
763.5
763.5
763.5
763.5
763.5
763.5
763.5
763.5
763.5
763.5
763.5
763.5
763.5
763.5
763.5
763.5
763.5
763.6
763.6
763.6
763.6
763.6
763.6
763.6
763.6
763.6
763.6
763.6
763.6
763.6
763.6
763.6
763.6
763.6
763.6
763.6
763.6
763.6
763.6
763.6
763.6
763.6
763.6
763.6
763.6
763.6
763.6
763.6
763.6
763.6
763.6
763.6
763.6
763.6
763.6
763.6
763.6
763.6
763.6
763.6
763.6
763.6
763.6
763.6
763.6
763.6
763.6
763.6
763.6
763.6
763.6
763.6
763.6
763.6
763.6
763.6
763.6
763.6
763.6
763.6
763.6
763.6
763.6
763.6
763.6
763.6
763.6
763.6
763.6
763.6
763.6
763.6
763.6
763.6
763.6
763.6
763.6
763.6
763.6
763.6
763.6
763.6
763.6
763.6
763.6
763.6
763.6
763.6
763.6
763.6
763.6
763.6
763.6
763.6
763.6
763.6
763.6
763.6
763.6
763.6
763.6
763.6
763.6
763.6
763.6
763.6
763.6
763.6
763.6
763.6
763.6
763.6
763.6
763.6
763.6
763.6
763.6
763.6
763.6
763.6
763.6
763.6
763.6
763.6
763.6
763.6
763.6
763.6
763.6
763.6
763.6
763.6
763.6
763.6
763.6
763.6
763.6
763.6
763.6
763.6
763.6
763.6
763.6
763.6
763.6
763.6
763.6
763.6
763.6
763.6
763.6
763.6
763.6
763.6
763.6
763.6
763.6
763.6
763.6
763.6
763.7
763.7
763.7
763.7
763.7
763.7
763.7
763.7
763.7
763.7
763.7
763.7
763.7
763.7
763.7
763.7
763.7
763.7
763.7
763.7
763.7
763.7
763.7
763.7
763.7
763.7
763.7
763.7
763.7
763.7
763.7
763.7
763.7
763.7
763.7
763.7
763.7
763.7
763.7
763.7
763.7
763.7
763.7
763.7
763.7
763.7
763.7
763.7
763.7
763.7
763.7
763.7
763.7
763.7
763.7
763.7
763.7
763.7
763.7
763.7
763.7
763.7
763.7
763.7
763.7
763.7
763.7
763.7
763.7
763.7
763.7
763.7
763.7
763.7
763.7
763.7
763.7
763.7
763.7
763.7
763.7
763.7
763.7
763.7
763.7
763.7
763.7
763.7
763.7
763.7
763.7
763.7
763.7
763.7
763.7
763.7
763.7
763.7
763.7
763.7
763.7
763.7
763.7
763.7
763.7
763.7
763.7
763.7
763.7
763.7
763.7
763.7
763.7
763.7
763.7
763.7
763.7
763.7
763.7
763.7
763.7
763.7
763.7
763.7
763.7
763.7
763.7
763.7
763.7
763.7
763.7
763.7
763.7
763.7
763.7
763.7
763.7
763.7
763.7
763.7
763.7
763.7
763.7
763.7
763.7
763.7
763.7
763.7
763.7
763.7
763.7
763.7
763.7
763.7
763.7
763.7
763.7
763.7
763.7
763.7
763.7
763.7
763.7
763.7
763.7
763.7
763.7
763.7
763.7
763.7
763.7
763.7
763.7
763.7
763.7
763.7
763.7
763.7
763.7
763.7
763.7
763.7
763.7
763.7
763.7
763.7
763.7
763.7
763.7
763.7
763.7
763.7
763.7
763.7
763.7
763.7
763.7
763.7
763.7
763.7
763.7
763.7
763.7
763.7
763.7
763.7
763.7
763.7
763.7
763.8
763.8
763.8
763.8
763.8
763.8
763.8
763.8
763.8
763.8
763.8
763.8
763.8
763.8
763.8
763.8
763.8
763.8
763.8
763.8
763.8
763.8
763.8
763.8
763.8
763.8
763.8
763.8
763.8
763.8
763.8
763.8
763.8
763.8
763.8
763.8
763.8
763.8
763.8
763.8
763.8
763.8
763.8
763.8
763.8
763.8
763.8
763.8
763.8
763.8
763.8
763.8
763.8
763.8
763.8
763.8
763.8
763.8
763.8
763.8
763.8
763.8
763.8
763.8
763.8
763.8
763.8
763.8
763.8
763.8
763.8
763.8
763.8
763.8
763.8
763.8
763.8
763.8
763.8
763.8
763.8
763.8
763.8
763.8
763.8
763.8
763.8
763.8
763.8
763.8
763.8
763.8
763.8
763.8
763.8
763.8
763.8
763.8
763.8
763.8
763.8
763.8
763.8
763.8
763.8
763.8
763.8
763.8
763.8
763.8
763.8
763.8
763.8
763.8
763.8
763.8
763.8
763.8
763.8
763.8
763.8
763.8
763.8
763.8
763.8
763.8
763.8
763.8
763.8
763.8
763.8
763.8
763.8
763.8
763.8
763.8
763.8
763.8
763.8
763.8
763.8
763.8
763.8
763.8
763.8
763.8
763.8
763.8
763.8
763.8
763.8
763.8
763.8
763.8
763.8
763.8
763.8
763.8
763.8
763.8
763.8
763.8
763.8
763.8
763.8
763.8
763.8
763.8
763.8
763.8
763.8
763.8
763.8
763.8
763.8
763.8
763.8
763.8
763.8
763.8
763.8
763.8
763.8
763.8
763.8
763.8
763.8
763.8
763.8
763.8
763.8
763.8
763.8
763.8
763.8
763.8
763.8
763.8
763.8
763.8
763.8
763.8
763.8
763.8
763.8
763.8
763.8
763.8
763.8
763.8
763.8
763.8
763.8
763.8
763.8
763.8
763.8
763.8
763.8
763.8
763.8
763.8
763.8
763.8
763.8
763.8
763.9
763.9
763.9
763.9
763.9
763.9
763.9
763.9
763.9
763.9
763.9
763.9
763.9
763.9
763.9
763.9
763.9
763.9
763.9
763.9
763.9
763.9
763.9
763.9
763.9
763.9
763.9
763.9
763.9
763.9
763.9
763.9
763.9
763.9
763.9
763.9
763.9
763.9
763.9
763.9
763.9
763.9
763.9
763.9
763.9
763.9
763.9
763.9
763.9
763.9
763.9
763.9
763.9
763.9
763.9
763.9
763.9
763.9
763.9
763.9
763.9
763.9
763.9
763.9
763.9
763.9
763.9
763.9
763.9
763.9
763.9
763.9
763.9
763.9
763.9
763.9
763.9
763.9
763.9
763.9
763.9
763.9
763.9
763.9
763.9
763.9
763.9
763.9
763.9
763.9
763.9
763.9
763.9
763.9
763.9
763.9
763.9
763.9
763.9
763.9
763.9
763.9
763.9
763.9
763.9
763.9
763.9
763.9
763.9
763.9
763.9
763.9
763.9
763.9
763.9
763.9
763.9
763.9
763.9
763.9
763.9
763.9
763.9
763.9
763.9
763.9
763.9
763.9
763.9
763.9
763.9
763.9
763.9
763.9
763.9
763.9
763.9
763.9
763.9
763.9
763.9
763.9
763.9
763.9
763.9
763.9
763.9
763.9
763.9
763.9
763.9
763.9
763.9
763.9
763.9
763.9
763.9
763.9
763.9
763.9
763.9
763.9
763.9
763.9
763.9
763.9
763.9
763.9
763.9
763.9
763.9
763.9
763.9
763.9
763.9
763.9
763.9
763.9
763.9
763.9
763.9
763.9
763.9
763.9
763.9
763.9
763.9
763.9
763.9
763.9
763.9
763.9
763.9
763.9
763.9
763.9
763.9
763.9
763.9
763.9
763.9
763.9
763.9
763.9
763.9
763.9
763.9
763.9
763.9
763.9
763.9
763.9
763.9
764.0
764.0
764.0
764.0
764.0
764.0
764.0
764.0
764.0
764.0
764.0
764.0
764.0
764.0
764.0
764.0
764.0
764.0
764.0
764.0
764.0
764.0
764.0
764.0
764.0
764.0
764.0
764.0
764.0
764.0
764.0
764.0
764.0
764.0
764.0
764.0
764.0
764.0
764.0
764.0
764.0
764.0
764.0
764.0
764.0
764.0
764.0
764.0
764.0
764.0
764.0
764.0
764.0
764.0
764.0
764.0
764.0
764.0
764.0
764.0
764.0
764.0
764.0
764.0
764.0
764.0
764.0
764.0
764.0
764.0
764.0
764.0
764.0
764.0
764.0
764.0
764.0
764.0
764.0
764.0
764.0
764.0
764.0
764.0
764.0
764.0
764.0
764.0
764.0
764.0
764.0
764.0
764.0
764.0
764.0
764.0
764.0
764.0
764.0
764.0
764.0
764.0
764.0
764.0
764.0
764.0
764.0
764.0
764.0
764.0
764.0
764.0
764.0
764.0
764.0
764.0
764.0
764.0
764.0
764.0
764.0
764.0
764.0
764.0
764.0
764.0
764.0
764.0
764.0
764.0
764.0
764.0
764.0
764.0
764.0
764.0
764.0
764.0
764.0
764.0
764.0
764.0
764.0
764.0
764.0
764.0
764.0
764.0
764.0
764.0
764.0
764.0
764.0
764.0
764.0
764.0
764.0
764.0
764.0
764.0
764.0
764.0
764.0
764.0
764.0
764.0
764.0
764.0
764.0
764.0
764.0
764.0
764.0
764.0
764.0
764.0
764.0
764.0
764.0
764.0
764.0
764.0
764.0
764.0
764.0
764.0
764.0
764.0
764.0
764.0
764.0
764.0
764.0
764.0
764.0
764.0
764.0
764.0
764.0
764.0
764.0
764.0
764.0
764.0
764.0
764.0
764.0
764.0
764.0
764.0
764.0
764.0
764.0
764.0
764.0
764.0
764.0
764.0
764.0
764.0
764.0
764.0
764.0
764.0
764.0
764.0
764.0
764.1
764.1
764.1
764.1
764.1
764.1
764.1
764.1
764.1
764.1
764.1
764.1
764.1
764.1
764.1
764.1
764.1
764.1
764.1
764.1
764.1
764.1
764.1
764.1
764.1
764.1
764.1
764.1
764.1
764.1
764.1
764.1
764.1
764.1
764.1
764.1
764.1
764.1
764.1
764.1
764.1
764.1
764.1
764.1
764.1
764.1
764.1
764.1
764.1
764.1
764.1
764.1
764.1
764.1
764.1
764.1
764.1
764.1
764.1
764.1
764.1
764.1
764.1
764.1
764.1
764.1
764.1
764.1
764.1
764.1
764.1
764.1
764.1
764.1
764.1
764.1
764.1
764.1
764.1
764.1
764.1
764.1
764.1
764.1
764.1
764.1
764.1
764.1
764.1
764.1
764.1
764.1
764.1
764.1
764.1
764.1
764.1
764.1
764.1
764.1
764.1
764.1
764.1
764.1
764.1
764.1
764.1
764.1
764.1
764.1
764.1
764.1
764.1
764.1
764.1
764.1
764.1
764.1
764.1
764.1
764.1
764.1
764.1
764.1
764.1
764.1
764.1
764.1
764.1
764.1
764.1
764.1
764.1
764.1
764.1
764.1
764.1
764.1
764.1
764.1
764.1
764.1
764.1
764.1
764.1
764.1
764.1
764.1
764.1
764.1
764.1
764.1
764.1
764.1
764.1
764.1
764.1
764.1
764.1
764.1
764.1
764.1
764.1
764.1
764.1
764.1
764.1
764.1
764.1
764.1
764.1
764.1
764.1
764.1
764.1
764.1
764.1
764.1
764.1
764.1
764.1
764.1
764.1
764.1
764.1
764.1
764.1
764.1
764.1
764.1
764.1
764.1
764.1
764.2
764.2
764.2
764.2
764.2
764.2
764.2
764.2
764.2
764.2
764.2
764.2
764.2
764.2
764.2
764.2
764.2
764.2
764.2
764.2
764.2
764.2
764.2
764.2
764.2
764.2
764.2
764.2
764.2
764.2
764.2
764.2
764.2
764.2
764.2
764.2
764.2
764.2
764.2
764.2
764.2
764.2
764.2
764.2
764.2
764.2
764.2
764.2
764.2
764.2
764.2
764.2
764.2
764.2
764.2
764.2
764.2
764.2
764.2
764.2
764.2
764.2
764.2
764.2
764.2
764.2
764.2
764.2
764.2
764.2
764.2
764.2
764.2
764.2
764.2
764.2
764.2
764.2
764.2
764.2
764.2
764.2
764.2
764.2
764.2
764.2
764.2
764.2
764.2
764.2
764.2
764.2
764.2
764.2
764.2
764.2
764.2
764.2
764.2
764.2
764.2
764.2
764.2
764.2
764.2
764.2
764.2
764.2
764.2
764.2
764.2
764.2
764.2
764.2
764.2
764.2
764.2
764.2
764.2
764.2
764.2
764.2
764.2
764.2
764.2
764.2
764.2
764.2
764.2
764.2
764.2
764.2
764.2
764.2
764.2
764.2
764.2
764.2
764.2
764.2
764.2
764.2
764.2
764.2
764.2
764.2
764.2
764.2
764.2
764.2
764.2
764.2
764.2
764.2
764.2
764.2
764.2
764.2
764.2
764.2
764.2
764.2
764.2
764.2
764.2
764.2
764.2
764.2
764.2
764.2
764.2
764.3
764.3
764.3
764.3
764.3
764.3
764.3
764.3
764.3
764.3
764.3
764.3
764.3
764.3
764.3
764.3
764.3
764.3
764.3
764.3
764.3
764.3
764.3
764.3
764.3
764.3
764.3
764.3
764.3
764.3
764.3
764.3
764.3
764.3
764.3
764.3
764.3
764.3
764.3
764.3
764.3
764.3
764.3
764.3
764.3
764.3
764.3
764.3
764.3
764.3
764.3
764.3
764.3
764.3
764.3
764.3
764.3
764.3
764.3
764.3
764.3
764.3
764.3
764.3
764.3
764.3
764.3
764.3
764.3
764.3
764.3
764.3
764.3
764.3
764.3
764.3
764.3
764.3
764.3
764.3
764.3
764.3
764.3
764.3
764.3
764.3
764.3
764.3
764.3
764.3
764.3
764.3
764.3
764.3
764.3
764.3
764.3
764.3
764.3
764.3
764.3
764.3
764.3
764.3
764.3
764.3
764.3
764.3
764.3
764.3
764.3
764.3
764.3
764.3
764.3
764.3
764.3
764.3
764.3
764.3
764.3
764.3
764.3
764.3
764.3
764.3
764.3
764.3
764.3
764.3
764.3
764.3
764.3
764.3
764.3
764.3
764.3
764.3
764.3
764.3
764.3
764.3
764.3
764.3
764.3
764.3
764.3
764.3
764.3
764.3
764.3
764.3
764.3
764.3
764.3
764.4
764.4
764.4
764.4
764.4
764.4
764.4
764.4
764.4
764.4
764.4
764.4
764.4
764.4
764.4
764.4
764.4
764.4
764.4
764.4
764.4
764.4
764.4
764.4
764.4
764.4
764.4
764.4
764.4
764.4
764.4
764.4
764.4
764.4
764.4
764.4
764.4
764.4
764.4
764.4
764.4
764.4
764.4
764.4
764.4
764.4
764.4
764.4
764.4
764.4
764.4
764.4
764.4
764.4
764.4
764.4
764.4
764.4
764.4
764.4
764.4
764.4
764.4
764.4
764.4
764.4
764.4
764.4
764.4
764.4
764.4
764.4
764.4
764.4
764.4
764.4
764.4
764.4
764.4
764.4
764.4
764.4
764.4
764.5
764.5
764.5
764.5
764.5
764.5
764.5
764.5
764.5
764.5
764.5
764.5
764.5
764.5
764.5
764.5
764.5
764.5
764.5
764.5
764.5
764.5
764.5
764.5
764.5
764.5
764.5
764.5
764.5
764.5
764.5
764.5
764.5
764.5
764.5
764.5
764.5
764.5
764.5
764.5
764.5
764.5
764.5
764.5
764.5
764.5
764.5
764.5
764.5
764.5
764.5
764.5
764.5
764.5
764.5
764.5
764.5
764.5
764.5
764.5
764.5
764.5
764.5
764.5
764.5
764.5
764.5
764.5
764.5
764.5
764.5
764.5
764.5
764.5
764.5
764.5
764.5
764.5
764.5
764.5
764.5
764.5
764.5
764.5
764.5
764.5
764.5
764.5
764.5
764.5
764.5
764.5
764.6
764.6
764.6
764.6
764.6
764.6
764.6
764.6
764.6
764.6
764.6
764.6
764.6
764.6
764.6
764.6
764.6
764.6
764.6
764.6
764.6
764.6
764.6
764.6
764.6
764.6
764.6
764.6
764.6
764.6
764.6
764.6
764.6
764.6
764.6
764.6
764.6
764.6
764.6
764.6
764.6
764.6
764.6
764.6
764.6
764.6
764.6
764.6
764.6
764.6
764.6
764.6
764.6
764.6
764.6
764.6
764.6
764.6
764.6
764.6
764.6
764.6
764.6
764.6
764.6
764.6
764.6
764.6
764.6
764.6
764.6
764.6
764.6
764.6
764.6
764.6
764.6
764.6
764.7
764.7
764.7
764.7
764.7
764.7
764.7
764.7
764.7
764.7
764.7
764.7
764.7
764.7
764.7
764.7
764.7
764.7
764.7
764.7
764.7
764.7
764.7
764.7
764.7
764.7
764.7
764.7
764.7
764.7
764.7
764.7
764.7
764.7
764.7
764.7
764.7
764.7
764.7
764.7
764.7
764.7
764.7
764.7
764.7
764.7
764.8
764.8
764.8
764.8
764.8
764.8
764.8
764.8
764.8
764.8
764.8
764.8
764.8
764.8
764.8
764.8
764.8
764.8
764.8
764.8
764.8
764.8
764.8
764.8
764.8
764.8
764.8
764.8
764.8
764.8
764.8
764.8
764.8
764.8
764.8
764.8
764.8
764.8
764.8
764.8
764.8
764.8
764.8
764.9
764.9
764.9
764.9
764.9
764.9
764.9
764.9
764.9
764.9
764.9
764.9
764.9
764.9
764.9
764.9
764.9
764.9
764.9
764.9
764.9
764.9
764.9
764.9
764.9
764.9
764.9
764.9
764.9
764.9
764.9
764.9
764.9
764.9
764.9
764.9
764.9
764.9
764.9
764.9
764.9
764.9
764.9
764.9
764.9
764.9
764.9
764.9
764.9
764.9
764.9
765.0
765.0
765.0
765.0
765.0
765.0
765.0
765.0
765.0
765.0
765.0
765.0
765.0
765.0
765.0
765.0
765.0
765.0
765.0
765.0
765.0
765.0
765.0
765.0
765.0
765.0
765.0
765.0
765.0
765.0
765.0
765.0
765.0
765.0
765.1
765.1
765.1
765.1
765.1
765.1
765.1
765.1
765.1
765.1
765.1
765.1
765.1
765.1
765.1
765.1
765.1
765.1
765.1
765.1
765.1
765.1
765.1
765.1
765.1
765.2
765.2
765.2
765.2
765.2
765.2
765.2
765.2
765.2
765.2
765.2
765.2
765.2
765.2
765.2
765.2
765.2
765.2
765.2
765.2
765.2
765.2
765.2
765.2
765.2
765.3
765.3
765.3
765.3
765.3
765.3
765.3
765.3
765.3
765.3
765.3
765.3
765.3
765.3
765.3
765.3
765.3
765.3
765.3
765.3
765.3
765.3
765.3
765.3
765.3
765.3
765.3
765.3
765.3
765.4
765.4
765.4
765.4
765.4
765.4
765.4
765.4
765.4
765.4
765.4
765.4
765.4
765.5
765.5
765.5
765.5
765.5
765.5
765.5
765.5
765.5
765.5
765.5
765.5
765.5
765.5
765.5
765.5
765.5
765.5
765.5
765.5
765.5
765.5
765.5
765.5
765.6
765.6
765.6
765.6
765.6
765.6
765.6
765.6
765.6
765.6
765.6
765.6
765.6
765.6
765.6
765.6
765.6
765.6
765.6
765.7
765.7
765.7
765.7
765.7
765.7
765.7
765.7
765.7
765.7
765.7
765.7
765.7
765.7
765.7
765.7
765.7
765.8
765.8
765.8
765.8
765.8
765.8
765.8
765.8
765.8
765.8
765.8
765.8
765.8
765.8
765.8
765.8
765.9
765.9
765.9
765.9
765.9
765.9
765.9
765.9
765.9
765.9
765.9
765.9
765.9
765.9
765.9
765.9
765.9
765.9
766.0
766.0
766.0
766.0
766.0
766.0
766.0
766.0
766.0
766.0
766.0
766.0
766.0
766.0
766.0
766.0
766.0
766.0
766.0
766.0
766.0
766.0
766.0
766.0
766.1
766.1
766.1
766.1
766.1
766.1
766.1
766.1
766.1
766.1
766.1
766.1
766.1
766.1
766.2
766.2
766.2
766.2
766.2
766.2
766.2
766.2
766.2
766.2
766.2
766.3
766.3
766.3
766.3
766.3
766.3
766.3
766.3
766.3
766.3
766.3
766.3
766.3
766.3
766.3
766.3
766.4
766.4
766.4
766.4
766.4
766.4
766.4
766.4
766.4
766.4
766.5
766.5
766.5
766.5
766.5
766.5
766.5
766.5
766.5
766.5
766.5
766.5
766.5
766.5
766.5
766.5
766.6
766.6
766.6
766.6
766.6
766.6
766.6
766.6
766.6
766.6
766.6
766.6
766.6
766.7
766.7
766.7
766.7
766.7
766.7
766.7
766.7
766.7
766.7
766.7
766.7
766.7
766.7
766.7
766.7
766.7
766.7
766.8
766.8
766.8
766.8
766.8
766.8
766.8
766.8
766.8
766.8
766.8
766.8
766.8
766.8
766.9
766.9
766.9
766.9
766.9
766.9
766.9
766.9
766.9
766.9
766.9
766.9
766.9
766.9
766.9
766.9
766.9
767.0
767.0
767.0
767.0
767.0
767.0
767.0
767.0
767.0
767.0
767.0
767.0
767.0
767.0
767.1
767.1
767.1
767.1
767.1
767.1
767.1
767.1
767.1
767.1
767.1
767.1
767.1
767.1
767.1
767.1
767.1
767.1
767.1
767.1
767.2
767.2
767.2
767.2
767.2
767.2
767.2
767.2
767.2
767.2
767.2
767.2
767.2
767.2
767.2
767.2
767.2
767.2
767.2
767.2
767.3
767.3
767.3
767.3
767.3
767.3
767.3
767.3
767.3
767.3
767.3
767.3
767.3
767.3
767.3
767.3
767.3
767.3
767.3
767.3
767.4
767.4
767.4
767.4
767.4
767.4
767.4
767.4
767.4
767.4
767.4
767.4
767.4
767.4
767.4
767.4
767.4
767.5
767.5
767.5
767.5
767.5
767.5
767.5
767.5
767.5
767.5
767.5
767.5
767.5
767.5
767.5
767.5
767.5
767.5
767.5
767.5
767.5
767.5
767.5
767.5
767.5
767.6
767.6
767.6
767.6
767.6
767.6
767.6
767.6
767.6
767.6
767.6
767.6
767.6
767.6
767.6
767.7
767.7
767.7
767.7
767.7
767.7
767.7
767.7
767.7
767.7
767.7
767.8
767.8
767.8
767.8
767.8
767.8
767.8
767.8
767.8
767.8
767.8
767.8
767.9
767.9
767.9
767.9
767.9
767.9
767.9
767.9
767.9
767.9
768.0
768.0
768.0
768.0
768.0
768.0
768.0
768.0
768.1
768.1
768.1
768.1
768.1
768.2
768.2
768.2
768.2
768.2
768.2
768.2
768.2
768.2
768.2
768.2
768.2
768.2
768.2
768.2
768.2
768.3
768.3
768.3
768.3
768.3
768.3
768.3
768.3
768.3
768.3
768.3
768.3
768.4
768.4
768.4
768.4
768.5
768.5
768.5
768.5
768.5
768.5
768.5
768.6
768.6
768.6
768.6
768.6
768.6
768.6
768.6
768.6
768.6
768.7
768.7
768.7
768.7
768.7
768.7
768.7
768.7
768.7
768.7
768.7
768.7
768.8
768.8
768.8
768.8
768.8
768.8
768.8
768.8
768.8
768.8
768.8
768.9
768.9
768.9
768.9
768.9
768.9
769.0
769.0
769.0
769.0
769.0
769.0
769.0
769.1
769.1
769.1
769.2
769.2
769.2
769.2
769.2
769.2
769.3
769.3
769.3
769.3
769.3
769.3
769.4
769.4
769.4
769.4
769.4
769.4
769.4
769.5
769.5
769.5
769.5
769.5
769.5
769.6
769.6
769.6
769.6
769.7
769.7
769.7
769.7
769.8
769.8
769.8
769.8
769.9
769.9
770.0
770.0
770.0
770.0
770.0
770.1
770.1
770.1
770.2
770.2
770.2
770.2
770.2
770.2
770.2
770.2
770.2
770.3
770.3
770.3
770.4
770.4
770.4
770.4
770.4
770.5
770.5
770.6
770.7
770.7
770.7
770.7
770.7
770.8
770.8
770.8
770.8
770.8
770.9
770.9
770.9
770.9
770.9
771.0
771.0
771.0
771.1
771.1
771.1
771.1
771.1
771.1
771.1
771.2
771.3
771.3
771.3
771.4
771.4
771.4
771.4
771.5
771.5
771.5
771.5
771.5
771.5
771.5
771.6
771.6
771.6
771.6
771.7
771.7
771.8
771.8
771.8
771.8
771.8
771.9
771.9
771.9
771.9
771.9
771.9
772.0
772.0
772.1
772.1
772.1
772.2
772.2
772.2
772.2
772.2
772.2
772.2
772.3
772.3
772.3
772.4
772.4
772.4
772.5
772.5
772.5
772.5
772.6
772.6
772.6
772.6
772.6
772.7
772.7
772.7
772.7
772.7
772.8
772.8
772.9
773.0
773.1
773.2
773.2
773.2
773.3
773.4
773.4
773.4
773.4
773.4
773.5
773.6
773.6
773.6
773.6
773.6
773.8
773.8
773.9
774.0
774.0
774.0
774.1
774.1
774.2
774.2
774.2
774.2
774.3
774.3
774.3
774.5
774.5
774.7
774.7
774.7
774.8
774.8
774.8
775.0
775.1
775.1
775.2
775.3
775.3
775.3
775.4
775.6
775.6
775.6
775.6
775.7
775.8
775.9
775.9
775.9
776.0
776.0
776.0
776.0
776.2
776.2
776.2
776.2
776.3
776.3
776.3
776.5
776.6
776.7
776.7
776.7
776.7
777.0
777.1
777.1
777.5
777.5
777.5
777.5
777.5
777.6
777.9
777.9
778.0
778.0
778.4
778.4
778.4
778.4
778.5
778.5
778.6
778.6
779.1
779.2
779.2
779.8
779.8
779.8
779.9
779.9
780.5
780.6
780.6
780.6
780.7
780.8
781.6
781.6
781.7
781.7
781.8
783.1
783.2
783.2
784.5
784.5
784.6
784.7
784.8
785.2
787.1
787.2
787.7
788.1
788.6
789.0
795.9
797.9
949.5
949.8
949.8
950.2
950.5
950.5
950.6
950.6
950.7
950.7
950.8
950.9
950.9
951.0
951.0
951.0
951.0
951.1
951.2
951.2
951.3
951.3
951.3
951.4
951.4
951.4
951.4
951.4
951.4
951.5
951.5
951.5
951.5
951.5
951.6
951.6
951.6
951.7
951.7
951.8
951.9
951.9
951.9
951.9
951.9
952.0
952.0
952.0
952.0
952.1
952.2
952.2
952.4
952.5
952.5
952.5
952.6
952.6
952.6
952.7
952.7
952.7
952.7
952.7
952.8
952.8
952.9
952.9
952.9
952.9
952.9
953.0
953.0
953.1
953.2
953.2
953.2
953.3
953.3
953.3
953.4
953.4
953.4
953.4
953.4
953.4
953.5
953.5
953.5
953.5
953.5
953.5
953.5
953.5
953.6
953.6
953.6
953.6
953.6
953.6
953.7
953.7
953.8
953.8
953.8
953.8
953.8
953.9
953.9
953.9
953.9
953.9
954.0
954.0
954.0
954.0
954.0
954.0
954.1
954.1
954.1
954.1
954.1
954.2
954.2
954.2
954.2
954.2
954.2
954.2
954.3
954.4
954.4
954.4
954.4
954.4
954.4
954.5
954.5
954.5
954.5
954.5
954.6
954.6
954.6
954.8
954.8
954.8
954.9
954.9
954.9
954.9
955.0
955.0
955.0
955.0
955.0
955.0
955.0
955.0
955.0
955.1
955.2
955.2
955.2
955.2
955.2
955.2
955.2
955.2
955.3
955.3
955.3
955.3
955.3
955.4
955.4
955.5
955.5
955.5
955.5
955.5
955.5
955.6
955.6
955.6
955.6
955.6
955.7
955.7
955.8
955.8
955.8
955.8
955.8
955.9
955.9
956.0
956.0
956.0
956.0
956.1
956.1
956.1
956.1
956.1
956.1
956.1
956.1
956.2
956.2
956.2
956.3
956.3
956.4
956.4
956.4
956.4
956.5
956.5
956.5
956.5
956.5
956.6
956.6
956.6
956.6
956.6
956.6
956.6
956.6
956.6
956.7
956.7
956.7
956.7
956.7
956.7
956.7
956.8
956.8
956.9
956.9
957.0
957.0
957.0
957.0
957.0
957.0
957.1
957.1
957.1
957.1
957.1
957.1
957.1
957.2
957.3
957.3
957.3
957.3
957.3
957.3
957.4
957.4
957.6
957.6
957.7
957.7
957.7
957.7
957.8
957.8
957.9
957.9
957.9
958.0
958.2
958.3
958.4
958.4
958.4
958.4
958.4
958.4
958.5
958.5
958.5
958.5
958.6
958.6
958.7
958.7
958.7
958.7
958.8
958.8
958.8
958.9
958.9
959.0
959.1
959.2
959.2
959.2
959.2
959.3
959.3
959.4
959.4
959.5
959.5
959.6
959.6
959.7
959.7
959.7
959.8
959.8
959.8
959.8
959.9
960.0
960.0
960.0
960.0
960.0
960.1
960.3
960.4
960.4
960.7
960.7
961.1
961.1
961.2
961.2
961.2
961.3
961.3
961.4
961.5
961.6
961.7
961.7
961.7
962.0
962.1
962.1
962.2
962.2
962.2
962.4
962.5
962.7
963.4
963.4
963.6
963.6
963.8
963.9
964.2
964.4
965.0
965.1
965.3
965.4
965.6
965.9
966.6
966.7
967.0
967.1
967.6
967.9
968.1
968.3
968.3
968.4
968.4
968.5
968.7
969.9
973.8
975.1
975.6
