859
766
437
295
519
649
290
330
539
463
668
420
627
338
810
373
460
274
587
507
590
409
825
425
379
154
669
253
497
152
408
758
651
316
441
619
732
404
659
855
224
332
378
467
525
719
795
414
731
304
515
306
311
358
422
432
448
496
661
292
459
554
576
637
721
875
310
354
169
230
455
488
535
557
776
794
673
696
237
329
400
236
245
411
472
561
713
217
319
512
524
827
349
442
654
698
723
596
141
193
293
101
194
324
393
478
555
318
433
598
464
469
815
142
178
187
501
527
537
584
215
235
435
918
192
498
563
612
188
260
266
283
738
100
229
258
390
446
643
753
127
357
481
767
813
430
443
492
530
257
281
586
471
516
647
697
709
372
410
485
529
832
256
578
739
252
288
452
711
345
389
568
714
336
416
439
489
518
533
667
790
817
923
384
640
111
591
606
742
157
202
210
445
602
180
276
577
607
728
254
392
468
503
322
339
710
745
218
313
347
380
399
641
730
851
415
818
251
255
391
398
458
479
544
599
613
618
804
902
387
407
413
571
896
93
594
412
628
657
736
76
135
173
453
575
611
616
690
97
225
343
644
133
177
275
419
706
796
287
666
688
877
175
383
556
558
800
775
824
282
559
772
208
405
546
603
362
450
211
297
200
222
534
551
567
597
783
361
369
626
645
708
765
789
834
854
899
146
203
298
431
526
773
797
158
328
486
583
655
729
249
566
740
107
609
805
958
406
117
388
396
605
704
705
145
426
543
633
695
717
760
807
153
674
693
213
632
734
427
560
579
663
212
268
299
532
179
382
423
321
457
565
588
610
689
205
348
233
334
418
493
547
172
401
784
161
350
366
552
724
857
90
634
780
171
370
562
289
397
656
726
86
294
523
648
806
839
105
476
528
513
664
371
440
694
737
47
148
646
757
843
402
553
748
866
881
296
508
816
913
103
280
456
520
593
793
916
963
84
162
346
865
375
569
870
939
961
549
635
234
323
436
482
792
495
658
777
930
92
835
844
139
155
79
170
184
197
263
473
144
494
672
871
190
238
279
309
352
385
514
538
755
143
160
164
499
340
466
685
240
291
353
675
933
183
830
78
186
244
451
884
592
595
682
799
341
722
752
801
900
109
267
344
652
906
509
269
630
337
620
725
787
828
949
98
122
307
638
700
239
604
809
335
112
831
317
771
781
895
191
301
623
762
763
264
325
589
858
956
978
368
395
214
962
679
782
676
922
351
502
692
614
681
751
904
779
284
136
720
216
531
622
733
948
928
140
617
837
677
761
69
701
434
272
580
691
167
168
185
365
94
138
300
305
403
363
386
480
72
886
678
811
615
189
232
951
957
808
914
680
454
621
897
477
56
326
582
943
376
848
447
785
131
686
221
505
791
950
209
924
134
484
312
545
823
106
174
660
703
364
542
67
99
228
889
359
470
650
898
662
883
911
522
821
95
43
653
932
102
702
862
449
248
303
500
270
601
879
242
852
262
320
887
749
487
377
980
585
735
510
536
894
873
302
327
665
541
639
778
997
940
314
741
137
87
206
625
219
278
490
540
572
85
715
814
461
511
128
953
421
864
42
993
176
465
917
428
73
8
475
483
727
838
68
271
548
699
277
636
273
921
151
243
247
853
861
91
231
220
74
976
110
506
829
29
356
201
919
955
822
935
259
130
39
331
600
564
756
842
115
126
926
265
444
867
27
849
52
687
819
181
198
33
971
820
891
743
539
250
517
521
165
224
261
850
156
207
671
360
903
670
746
880
355
455
96
159
869
417
863
716
744
77
315
358
707
504
649
9
82
223
647
812
535
969
195
429
280
878
485
925
515
453
378
908
739
688
666
108
789
364
420
