1271
9933
3656
4409
9136
5544
4404
9244
1184
6132
1500
2626
7279
714
5886
7182
4063
2552
4535
4610
2202
2247
5571
6051
7117
9898
1250
1466
8364
9441
7990
8080
9199
9837
1188
1189
4625
7007
9532
360
523
3294
6265
7789
9687
1975
3396
3584
3879
4376
6422
8024
8464
8737
646
856
2822
5182
6636
7688
7939
9891
1226
7742
9062
821
2619
2882
4708
6898
9097
9925
2685
3574
7888
8741
1530
2671
4973
5161
6014
6141
4367
4829
5653
5684
6186
8785
9437
2104
3614
3736
3896
5099
7927
8476
1533
1572
1598
2052
2120
2435
2690
6521
6732
7253
7594
3329
4249
5179
5463
6144
6396
6798
8693
9231
9958
143
276
3239
4649
6509
8231
9780
1583
2745
4726
5746
7538
8991
9623
974
1330
3104
3591
4492
6173
7926
9363
9500
552
826
1267
3279
5195
5422
7004
7149
8007
8778
8948
402
1244
1837
2572
2646
2775
3093
4099
5413
5835
6951
7218
7421
7774
7912
8804
196
903
1356
2474
3995
4648
4667
6031
6533
6947
9020
9280
2810
5542
6535
2957
4900
7062
7320
7843
8163
218
692
721
1844
3229
3420
3798
6093
6568
6836
7135
154
2389
2602
4622
4885
5335
6428
6467
6740
1579
1796
2489
2494
4097
4497
4620
5351
5559
6310
6739
7251
7987
8335
289
1017
1216
1290
2271
4933
5363
5767
7721
8171
9107
1033
1534
4402
4866
5272
6978
9550
703
1722
2501
2610
2879
2937
3466
3529
4040
4373
4556
6223
6430
8059
1823
1893
2505
3254
5430
5506
5538
5568
7335
8598
9194
9633
9657
67
98
699
2987
3208
3676
4562
4601
4728
5843
5890
7043
7561
7627
7654
8454
9154
9175
9624
9682
9821
133
1596
1757
2977
3026
3062
3287
5244
6182
7760
8273
1332
1865
2939
3324
3456
5290
5543
7053
9030
1617
2673
3997
4054
5423
7358
7735
8979
9521
587
875
965
1552
2672
3246
3820
4632
5393
5606
5676
6080
6447
6958
6964
7078
7958
8139
8228
8958
89
189
230
1322
5084
5312
6154
6433
8725
9135
9651
559
1384
1469
1866
2130
4543
4965
5091
5333
7511
7874
7909
8066
8539
8791
8896
9423
9641
9700
9745
456
2948
3601
4101
4407
5821
6652
6823
6874
1389
2006
2860
3142
3405
3738
4220
4755
5587
9857
9873
704
759
1014
1644
4635
5710
6070
6307
7719
7838
8857
9004
9089
742
1407
2454
3111
3434
4553
4612
5294
5809
6148
6242
7949
9504
486
2198
3126
4207
5323
7242
7541
8299
8629
8762
9125
9676
9812
1455
1616
1732
1874
1904
2668
3115
3546
5514
7451
7679
144
234
2742
2854
2898
4360
5168
5766
8187
8747
9278
27
387
1767
2146
2208
3214
3938
6492
7619
7809
8207
8218
9225
9259
9882
758
801
805
1752
1772
2587
3327
4120
4324
4353
5274
5621
5984
6470
6805
7672
9519
637
1316
1633
2017
2706
3065
3418
4018
4124
4485
5915
6029
7299
7381
7482
8837
9129
2
1104
2941
3359
3521
3647
4673
4792
4881
5185
5434
7503
7806
9368
9442
9829
9880
948
982
1560
2695
3193
3245
4070
5695
5804
5951
6201
6561
7273
7331
7585
7933
9114
1352
1649
1705
2343
2612
4368
8087
9335
9632
9915
6
1584
3506
4142
4464
5738
5790
6859
6931
7252
7598
161
281
1040
1981
3109
3628
4022
4599
5097
5916
6344
7366
7681
8288
8548
8738
8848
9663
1071
2059
2237
2451
2508
3187
5443
6615
7355
8319
8491
9400
913
1112
1291
1718
1918
2123
2490
2837
3526
4271
4567
6266
6325
7142
7671
7725
8313
8870
9190
9424
9740
993
1721
4236
6922
6992
7893
8875
442
509
1442
1665
1913
2035
2080
2205
2997
3508
5841
6209
6367
6742
7093
7948
8267
8626
9478
9553
960
1131
1709
2041
2385
2722
3632
3839
5118
6684
8015
8264
8528
8586
9405
9831
9838
906
1586
1786
2061
2112
3099
3247
4525
6237
6499
7715
7861
7996
9165
9473
9578
9813
828
899
1028
1060
1116
2416
2791
2812
2995
3087
4105
5232
6264
6459
7274
7408
7801
8122
8869
9803
1247
1782
3098
3678
4695
4849
5226
6160
6829
7255
7476
7667
8149
9045
9652
9699
163
574
3170
3697
5148
5257
5546
5612
6323
8592
9635
37
3617
4023
5603
5651
6526
7297
7668
8055
9176
9399
9767
75
1009
1029
2118
3513
3626
4600
6057
7197
7868
8362
9207
9224
527
1232
1432
2399
2447
3333
4534
8045
8115
9743
225
2294
3343
3624
4976
6745
6882
7282
9166
9935
465
962
1278
1875
2397
2931
3116
4187
4198
4451
4520
4613
4697
4916
5113
5773
6118
7131
7150
8071
8073
8121
8280
8689
9867
13
32
1717
2531
2540
3885
3947
4636
5140
5827
6937
7818
8129
8641
8675
9506
9589
9603
782
1654
1816
3166
3594
4115
5642
5693
6343
7322
9106
9281
1372
1551
1734
1739
2699
2774
3041
3523
3711
4623
4832
5171
5417
5845
6980
7100
8270
9675
884
1347
2962
4545
5129
5421
5564
6027
6808
6996
266
687
1374
2264
6162
6938
8496
1378
2562
2678
3687
3787
3863
4034
4110
4313
4691
6165
6717
7508
7685
8758
9614
11
775
1620
1860
2351
2814
3348
3709
4858
5331
7396
8455
1157
2353
2922
3498
3675
3778
4884
5949
7014
7172
8005
8783
8924
9232
9503
288
390
1124
1275
3771
3921
4606
5218
5907
6469
7631
8179
8742
8970
9888
253
463
2045
2624
2869
2887
2933
4246
4802
4837
4899
4950
5124
5508
6687
7797
8153
9182
9720
9742
9789
399
414
3394
3951
6000
6426
7309
8445
367
506
2803
4024
4957
5039
5196
6124
7119
7539
9141
256
792
1470
1510
3620
4651
4989
6446
7021
7537
334
547
2235
3392
4517
4634
4760
5566
6103
6443
6616
7006
7235
7860
8185
9570
647
1218
1413
1426
1609
2064
2114
3039
3569
6893
7087
7121
7163
7216
7459
7473
8022
8050
8420
8515
8812
9558
9752
248
257
277
286
617
1528
2261
2460
2607
3266
3581
3719
4297
4974
6115
6468
6625
6743
6749
6806
7675
8900
9090
9563
3273
4590
4694
5468
5814
6198
6735
7229
9215
9474
408
568
953
1485
2711
3744
4078
4143
4926
6102
6277
6402
7512
7817
8652
9021
2571
3657
4150
5743
5892
7547
7972
8554
9052
9658
309
1358
2028
2395
2578
2681
3325
3516
4043
5381
7364
7708
8032
9587
432
1459
2515
2517
3851
3858
4266
5324
5919
8025
8063
9291
179
2157
3096
3627
5194
7073
8443
8771
9541
94
157
391
448
791
1885
2328
2476
3403
3611
5592
5868
5945
6854
8089
8536
8749
8947
9112
9609
1396
2412
2694
2747
3670
4454
4614
6604
7425
7849
7959
8912
1980
4055
4208
5677
6217
7618
8318
8805
123
1092
1463
1869
2309
2536
2952
4560
4758
5343
6690
6797
6813
8493
8817
9148
9907
1651
2166
2308
3234
3261
3270
3401
4922
7118
7895
7917
8411
8774
8897
606
3045
3113
4044
5361
6195
7362
7562
8943
4293
4971
5652
6405
6434
6634
8616
8665
9209
9765
1284
1453
1467
2216
2320
2623
3613
5518
5657
6018
6297
9174
173
994
1229
3306
3998
4006
4169
4738
4952
7069
7122
7491
8118
8169
132
724
852
1110
3693
4280
6052
8983
9087
9325
9724
1129
2363
4127
4416
4856
4986
5254
5316
6770
7068
7261
7829
392
500
880
1694
2150
2297
4027
5871
5899
7461
7656
7780
8743
1077
2688
3715
4030
4467
5616
5820
6009
7120
7494
9293
1213
3602
4422
4537
4809
5255
5398
5818
6199
7178
7776
9047
9367
9673
0
316
1300
1319
1576
2539
3870
5644
5702
6910
7008
7826
8117
8226
8581
9508
242
563
2611
2964
3207
3538
4405
5222
6088
6918
7470
8054
8468
8930
372
1911
3598
4190
4696
5854
7424
8380
572
2030
2266
2487
4596
5321
5474
6279
7038
9210
9559
9719
9871
934
2055
3797
3919
4155
5221
5460
8057
8197
8401
9881
26
342
417
653
1150
1787
2214
2687
3267
3552
4656
5712
5988
6302
6633
6904
7658
7722
8326
9964
238
270
859
2787
4146
5589
6030
6514
6781
7351
7796
9520
147
488
952
1564
2430
5576
6819
6962
9307
9832
1532
1768
2654
3407
4504
5173
8465
9221
247
566
2947
3171
4096
4252
4363
4826
5763
6965
7211
8651
9115
178
1013
1896
2806
3836
4791
6375
7621
7991
8003
8038
8720
8728
8782
8905
9791
9970
745
1441
1924
7739
7962
8868
9982
40
95
315
4442
6096
6853
8604
324
783
1854
2065
7059
7680
8726
9092
9179
9238
9477
3743
4067
6138
7057
7114
7464
8382
9452
429
1051
1133
1137
2003
2383
3551
3980
4393
4766
5273
5889
6609
6864
7572
7610
8523
9490
292
1156
1733
1992
2243
3169
4568
5137
6335
6488
6525
7050
8585
9900
310
2465
2874
6771
7049
7467
7825
8690
8759
9974
329
597
3916
3961
4659
5104
9422
9735
9931
2181
2594
2848
3060
3210
3524
3768
4392
6019
7339
7343
7398
627
810
823
2221
2834
3070
4347
4546
5456
6303
6760
8751
1901
2174
3243
3386
3543
4286
4657
6438
7823
8292
9471
9902
52
749
2743
2845
2852
2866
3250
4116
4205
4215
4988
5784
6085
7193
7485
7952
670
2367
3213
3686
4305
4340
4799
4944
5040
5156
6210
9787
579
2189
3128
4076
4795
5355
5694
5815
8006
8210
8354
8672
9365
2058
2220
2375
2441
3262
3274
3345
4135
4595
5548
5703
5878
6733
6754
8423
9577
9588
452
508
760
1135
1283
2033
5444
6240
6458
9371
9766
177
318
970
3075
3844
4499
4662
4751
5125
5943
6207
6755
7071
8258
9547
24
3349
4346
4983
6643
8136
8232
9530
93
628
946
4241
4951
5330
5552
9178
9545
9689
2051
4221
5101
6164
7782
9254
9564
802
2081
2951
4892
5386
5735
6298
7745
7830
8152
8390
8810
9103
3316
6075
9063
9317
9955
285
1508
3957
5663
5875
7056
8543
1402
1759
1769
2094
3091
4677
5325
5473
8314
8602
8777
8952
333
475
1465
1831
1892
1932
2828
3973
6015
6782
6950
8698
1196
1464
2428
2859
6177
6524
6612
7431
717
2073
2358
2382
3502
3509
3694
6848
7147
7341
7841
8286
8633
1821
2206
3148
4942
6295
6790
7531
8201
840
4129
5058
5715
6689
8980
9622
517
1843
2559
3284
4465
7907
9305
1939
2116
2318
2990
3767
4157
4898
5783
6317
6677
8865
271
464
2005
3127
3307
4222
5074
8208
8469
8570
8927
9022
9042
1460
2735
3161
3296
3782
6036
8278
2122
2584
2925
3182
3822
3882
3899
5458
5918
6456
6982
50
1864
1968
2497
4641
5322
5451
8107
8449
9128
785
2117
2565
3259
3527
4192
5007
5942
6512
8011
85
1346
2292
5319
6382
7433
9306
9334
9339
9586
216
1819
2331
3449
4536
5131
5817
6390
6408
8123
8290
9667
9922
373
485
633
1132
1790
1909
2637
6320
6350
6737
6757
6778
7206
7629
8478
8509
8569
8713
260
2686
2976
3928
4921
5781
7657
8612
9912
1200
3596
5673
6448
7970
8261
9295
1512
2109
2809
3623
4260
6406
6674
6865
7082
7185
7579
8565
9595
562
1003
4171
4245
6354
8811
45
1856
2066
2082
3816
5062
6638
7289
8138
9266
31
2790
5126
5641
5787
648
2021
2092
8079
8446
739
1105
2507
3460
7430
8769
9034
9525
17
1277
3619
3708
5532
153
350
428
1308
1624
1963
2661
2955
3252
4338
5225
5387
6597
7563
7822
9510
553
705
890
3013
3841
4831
5239
5464
5896
6086
6340
7514
8134
8275
9887
461
682
811
1113
3869
4692
5261
5681
7052
8687
1192
2524
2737
2928
5314
6995
7034
7055
7523
8174
8492
9654
1205
2141
2890
3282
3476
4002
4133
6337
7705
7832
8826
9648
473
864
4011
4362
4437
6286
7674
9076
9077
345
729
4173
6013
6176
6768
8497
3089
5165
6146
8779
9130
9318
9730
433
675
904
1361
3586
4937
5001
7416
9482
555
1337
3074
4387
6119
6161
8674
9976
39
3144
3808
4557
7434
8212
8427
8863
451
808
1170
1335
2355
2413
2794
3872
5904
8128
8211
8243
8669
1966
3241
3378
3962
4456
8082
9809
835
2522
3600
4321
7676
8531
9300
697
4720
5354
5503
6920
7592
8108
8556
9741
2800
6065
6391
7169
7336
8398
9475
347
3194
3814
5419
7692
9784
1395
3081
4559
5006
5580
6105
7277
8042
9370
2138
3066
5996
7885
8069
2853
5415
7200
7302
772
898
2329
2826
5005
5380
5447
7171
7452
9180
693
1382
5065
5933
6779
7284
8993
684
1262
3322
6605
7232
8151
9646
642
1515
1788
2470
3750
5388
6536
9162
9188
9653
74
1178
1208
3105
3308
3764
4048
4850
5085
5672
5930
6593
6934
2361
3824
4004
4954
6274
6971
7716
7878
9948
3022
4932
5832
8016
9001
9868
99
146
954
1414
2528
2558
3251
4351
4583
6206
7417
8377
9861
81
460
2083
3132
3393
4301
7551
932
1364
1502
1868
2366
2909
4289
5117
5934
7246
9619
9894
1130
2306
4839
5688
5909
6092
6380
6700
148
207
1381
1619
1989
2523
2938
3400
3679
6403
6675
999
1955
3088
4896
5106
6056
7345
8344
9862
1166
3368
3659
6844
6942
7393
7941
2994
5517
386
2173
2310
5036
6439
7259
7646
7731
7898
7982
9057
233
910
3855
3990
6184
6590
6640
7919
8681
69
858
2076
6373
7489
8162
9717
2060
4029
5365
7240
8096
9294
9969
779
1653
1801
1883
5034
5860
8806
1368
1926
3021
7632
7807
7876
9534
2477
4608
7013
9331
9379
9387
9725
2417
2819
2868
3462
4941
6353
4776
4800
7346
9548
355
1161
2426
3016
3880
4083
4389
6172
6301
6555
6764
7148
7231
7775
8434
192
989
1635
3727
4664
5885
7371
8295
8784
8990
1965
4218
4432
5662
8522
8637
172
325
872
1119
1274
2374
3034
4484
5369
6821
8662
374
707
726
1138
1383
3101
3900
6631
7344
8341
1136
1153
2241
2357
3131
4138
6094
6116
7824
8133
8300
8505
9748
882
1420
1491
2098
2323
3007
6419
9327
9992
3698
7151
7353
9170
349
1248
2785
4889
6461
6895
9793
2307
4885
949
1639
1657
2575
4343
6494
422
3935
5227
5326
6280
7634
8323
8622
2139
2568
7081
1753
1781
2376
2381
4733
5565
622
1475
3264
4598
5537
5563
6671
5637
9566
269
1245
1908
2741
4589
4621
5431
5593
7126
7308
7555
9056
9109
9155
459
1982
3642
4498
6365
9806
2209
3218
3492
3699
5019
5256
8914
9644
715
3297
3783
4860
7502
8222
8393
9590
1063
2022
3320
3464
5429
7700
7921
8607
8786
518
820
6491
7054
7391
8448
9173
9465
9
2047
3040
3151
4074
4388
4681
5658
6121
7072
8750
409
951
1022
1333
1839
2609
3748
4492
241
2965
4515
6411
6697
7513
1072
1897
5407
6050
6894
7456
7872
9116
9303
3597
4787
5424
1818
2249
2707
3426
4082
4154
8202
330
1577
2969
3248
3319
5671
7010
7388
8429
8885
3288
3979
4028
6262
6378
6607
7754
855
874
1907
2185
2364
3982
4827
5334
5714
6157
171
796
4650
5826
9048
612
645
1427
3756
5659
7011
7858
8000
8938
19
3008
4428
5992
7017
7215
7556
7710
8422
9554
9859
454
7094
8459
9127
9230
2985
3069
3103
5135
6976
8019
8544
9515
978
1309
1326
1545
2183
2645
5375
6628
1289
4780
4929
8052
9111
9153
615
2472
2655
2676
2918
6271
6626
7848
7963
9505
227
689
2304
5150
5465
6425
6917
7333
7820
8101
8610
9739
1412
3177
4627
7975
8060
9777
4196
9844
800
2419
5924
6135
8215
1648
1669
6276
6437
7102
7786
8645
8944
1179
4530
5583
6577
8923
9661
3321
6799
9927
9978
282
584
8027
2127
3222
3638
3937
6290
7217
8374
9026
156
2260
2719
6564
88
384
931
2137
3055
5632
5757
7319
8801
65
4813
5262
5638
7946
8340
188
365
2950
3486
5353
5427
6037
9456
1737
1851
3106
4457
5240
5869
6035
8787
909
1144
1186
4450
5650
7080
8259
9330
9374
9472
1640
2245
3363
3542
4385
5707
9245
118
582
2891
5582
7357
1902
4167
5153
6880
7413
1872
1948
7018
1041
1053
3073
4689
5529
7296
7738
8673
9072
9250
9289
841
2669
2908
4337
4469
4593
8425
1484
1605
3225
3991
4377
6725
70
175
1151
2469
2896
3149
5000
5119
7230
7777
8120
730
794
9007
9618
87
401
2446
3376
4788
5284
6042
7000
7639
8529
9600
7382
7887
8159
8563
1018
4529
5367
7785
8262
9463
165
621
936
1683
4712
6786
6949
9073
3615
7287
3741
6919
110
3648
5477
6941
7027
9002
9786
2168
5392
5433
6560
8474
8558
9905
1433
1933
5092
6023
6219
6581
7443
7449
7866
7915
8643
8981
2438
9406
9571
9866
1238
1292
2102
2967
3595
4555
4901
5470
5617
6619
6704
2729
3092
3794
5327
7205
7755
9688
2724
2924
4980
5554
5785
6686
9901
410
844
2768
4703
6651
169
1321
7466
8770
431
5699
6998
9450
9929
751
3164
4153
5717
8184
8291
300
526
6215
6306
6680
7097
9302
1101
2053
3301
5969
9875
1940
2940
4618
4744
7041
8575
8845
9372
6131
6043
9024
9616
4330
5145
5449
5921
6006
8176
8294
8571
2827
4293
4682
5328
215
2186
5277
8105
8227
9039
9732
543
3255
4956
6038
8310
9877
354
1285
1723
5013
6569
1784
4943
5077
5105
200
1692
3437
4680
5524
5981
6945
7387
8355
9147
9498
1369
6349
8714
1242
2516
7499
9391
943
2134
7245
9555
103
4271
5435
6579
7104
8026
8372
8585
9718
3517
3969
9027
9549
368
735
2172
2935
5462
9983
1859
2596
3036
3095
3809
3914
4415
4425
5450
6516
7591
8677
8892
8973
567
624
849
1720
2549
3558
4062
5164
6002
8882
9038
3867
4460
4908
7566
9634
1061
9479
1375
4433
5551
9850
525
1578
2598
3291
4141
7768
9495
120
351
3233
3909
5906
8820
9466
1581
4865
7784
8046
9487
4704
6134
8940
9211
1606
3384
5779
9794
71
3236
3495
4158
4399
7338
331
1005
1183
1329
2434
6398
6493
7821
8803
376
1159
2591
2627
2750
2766
3534
3829
4654
5304
5729
9040
9858
4582
7655
8969
49
4294
4604
6123
7510
8514
9511
2532
4725
6948
8862
1304
1912
2579
5041
5063
5902
8289
1771
2905
3684
4502
5396
7440
7554
8814
9408
11
2213
5467
6281
9262
183
1496
3440
4874
8452
8125
1201
1553
5488
927
1169
3340
6889
9208
9769
104
959
2843
4311
7688
8155
9965
3891
4645
5276
56
2623
5279
5318
6322
6747
7310
7448
7529
8342
571
2641
2658
2712
4411
958
1800
2473
4059
9762
2418
3522
8196
853
1190
3444
5689
136
2142
4835
5297
5366
5737
8548
9204
9583
3387
5664
5730
8588
8967
9843
1892
9431
2644
5141
8908
512
2718
4291
4967
5483
6979
8365
9185
48
780
2656
2818
5413
3361
5133
7916
7935
5120
8655
9514
2844
3221
6713
7349
5190
6106
150
3774
8929
9382
2778
2872
4538
957
6128
7481
8404
1931
2662
3862
8235
907
4261
4876
8764
9808
6048
7783
7955
212
5846
6648
9716
332
3971
4345
4477
5035
6445
677
4852
5620
80
7125
9950
626
865
2175
3271
4729
7288
8297
168
5266
9491
1684
3438
8553
4488
5665
6113
7301
2067
2154
3023
9117
9271
2389
3616
4804
8596
3986
4754
7471
8477
9485
2634
4014
4381
5259
5401
5666
8697
382
1794
2530
5750
6326
879
1779
4969
6906
8656
9429
620
4061
4919
2683
6630
6892
9608
9752
688
1646
4920
5681
7404
8859
813
2639
4307
4490
6691
441
2513
3606
7765
2410
6414
9368
9414
1715
6409
8384
9132
5400
6263
7340
7540
2978
1978
1224
1873
2368
4577
8194
8285
6104
6803
1054
2509
4915
5990
6511
6902
7139
8701
3781
4886
5211
8266
9637
9650
9872
1173
1207
3173
4010
5093
489
3561
3889
5771
6557
6812
2409
2892
6025
718
871
1128
6159
6761
3338
4854
8336
9169
668
1513
4961
5727
5837
8061
2510
4213
4225
5302
7189
8567
8788
2207
6785
7208
7394
8386
1604
3482
5985
9436
9513
9567
2793
3878
4588
5219
5511
6552
9055
3695
5016
5808
5926
7552
9802
2529
2696
3085
8068
1546
3875
5453
5502
6617
6912
9845
2054
3762
5991
8903
1548
2442
6346
6550
6621
6730
7074
7698
9761
1030
1448
1805
2835
5515
722
3223
6059
8705
9573
3329
3905
5377
9607
1233
3031
4349
6466
7626
9846
592
1443
2012
2900
3051
4757
8931
9301
9453
3784
4036
4163
8467
8520
8965
9706
594
878
3843
7195
8650
299
5512
3881
7524
1774
3761
4722
6701
8161
383
2160
3006
3780
6269
77
2846
4665
6139
1569
3189
7979
2379
3576
4783
3490
4299
4775
7350
8606
2685
2953
3788
925
1050
9874
2219
3391
5338
5744
8866
3581
5710
6828
8561
2313
5441
1406
6921
54
379
2971
3284
6763
7406
8462
4121
4711
5231
6376
7001
7359
7889
2580
2684
3932
6332
8921
1246
1729
7015
7936
976
5280
5722
5774
7521
7709
79
9690
1481
3821
7076
7951
763
5207
8757
830
3428
9094
21
344
3470
5060
6168
6226
9193
9863
663
3042
4531
5193
5986
8773
2577
3472
8097
9575
1840
2176
4846
9655
5210
7670
7846
8836
9918
6186
7890
8852
239
7372
6359
6629
6983
8253
766
1848
4501
8736
14
1297
5192
2195
2312
5525
8618
9313
5870
6286
9995
1967
3959
6808
9157
9247
4979
1832
8278
72
337
1695
3265
4855
6993
2187
4825
8053
8399
36
2015
5875
6959
7883
8156
140
3242
7439
4790
5329
8813
348
1021
4186
111
2089
4240
5389
6758
8933
2443
4491
6358
7
1147
6657
8225
4228
7166
8843
9807
96
1634
3866
3954
6362
7553
771
2990
5686
657
1746
2520
5584
64
580
1829
4216
5759
6045
8572
2463
4674
6451
6706
8584
9967
3837
4576
4730
5224
6489
6510
7098
1656
1972
4963
9000
6435
7099
3443
6021
7833
6370
8510
58
4461
5733
6602
6688
134
1044
1652
2946
3718
4161
5187
5862
6360
967
4496
540
1961
4463
8630
8963
662
4067
4164
8301
905
2921
3566
6453
6781
7686
8395
358
3383
3746
7647
9738
4779
5054
6455
7048
8361
8816
8907
1974
5378
7782
1776
6129
6464
2004
4748
5022
3335
3028
6284
6696
8199
8954
9248
564
1298
1905
4206
4223
8621
9384
698
2833
3192
5543
5734
7802
1098
1915
9584
2303
6357
895
2100
5770
788
5037
8024
1323
3141
6081
7595
9416
1012
3108
6163
2873
6239
6990
2316
3494
3860
5656
8312
9911
1676
4927
8617
9307
4479
6903
7968
9729
323
6407
8593
8822
9216
6004
131
2445
4165
5882
7129
7559
7893
8876
881
1852
3484
5260
832
4314
8048
4268
5264
5361
8373
8450
850
1726
2615
3754
8369
8412
5932
8953
894
1392
4904
9213
170
1122
2496
6377
7091
7146
8920
1158
9686
421
494
2456
3399
6837
2163
5936
160
2498
2583
3765
5003
6571
6598
8507
1488
2016
2075
3951
9539
2781
4781
8021
228
4756
6107
8387
654
3186
4869
8795
23
2605
3211
3845
3945
4094
5347
5834
9060
3499
6189
6527
2751
5031
5229
7381
666
3467
6789
7597
9448
522
2105
7168
1295
2036
2429
4709
9159
1547
4609
6454
13
1080
5251
6412
7902
397
2691
5610
8237
1710
3257
6644
9329
1327
1846
7096
7986
8552
6556
6970
8997
9640
817
1591
5213
5627
6988
8919
1362
2660
5014
9437
1269
8772
4542
4208
966
2885
3362
5749
2300
4763
7354
797
1399
2557
7143
7600
4713
6181
8223
3931
7164
7923
8028
498
1343
5020
133
3022
1036
4818
6498
3838
9984
467
1941
4729
447
2777
2981
3455
5799
7181
8047
1803
4288
7548
1024
4056
4128
4686
9538
1507
2056
2158
5152
5440
6330
8722
9337
1087
1727
9799
3497
4097
3251
3894
7212
5122
8754
6364
9079
1969
4441
5409
6211
8321
4103
2541
7690
4168
7285
3507
6846
7410
219
341
3683
5100
6792
195
1850
2493
3146
3514
7140
8727
7852
1473
6856
5420
6782
7922
3650
8530
5245
5848
6156
893
3832
6881
9124
623
2282
2902
5038
5404
8241
1222
2247
3915
8256
9087
1655
2566
5982
8424
9418
827
6660
7088
8127
1603
1946
6800
6967
7238
2500
5374
862
3640
8957
2302
5203
6438
8447
1879
2534
3989
8076
4003
7546
9445
9570
510
2278
3121
8654
7050
2767
3373
7092
8698
306
593
2850
4522
5457
6171
8482
585
2820
3033
5863
6680
1834
3731
2013
2360
5069
2929
3698
4848
7173
2677
5894
8330
8865
4814
7032
8551
4603
4875
1303
3202
3370
6612
7058
9961
1447
7800
198
3685
7967
2910
4134
5708
7652
9252
4107
9705
4295
1956
3191
1316
8744
3667
4747
4750
734
1479
6513
7495
4329
6109
204
5777
3604
5704
6501
3217
3672
5599
5089
5196
6884
2667
5243
6341
7324
852
3895
8230
8506
9753
2593
3045
4283
6600
6714
9656
4478
9201
3204
8881
1867
2592
2190
3696
9322
1610
2633
7831
7867
9035
489
5661
1824
4058
6508
8883
7543
8939
9628
1562
2377
2437
3332
9426
1923
3776
5350
9440
8252
6066
7695
8020
9814
1777
3127
4130
6170
7137
7262
6721
7130
2963
3710
3779
9449
1008
5174
5762
6820
8564
3473
4069
4681
1253
5123
8409
119
4124
4985
1403
5484
7501
9336
135
5987
7244
7589
3029
3305
5127
9523
7254
5951
9490
9542
1094
2242
9256
1998
6849
6974
406
5238
5670
280
2201
4548
7901
9565
9713
7882
7550
9328
9994
781
9581
186
1567
6572
3232
511
504
2414
3605
9904
1462
930
5479
5674
7576
8029
4296
5546
1759
7432
2268
3724
7929
743
2457
2788
1076
2155
6822
7490
1995
3239
1791
7747
9562
1230
7330
9747
3817
1668
3646
4812
6801
7727
8196
9010
9359
335
7022
9751
3681
3942
6901
6940
3014
5160
5463
7029
769
4353
5711
7759
8221
9134
9909
1331
1418
1970
4244
5435
6930
8148
5822
8251
8873
9537
4551
3739
5976
33
4046
5446
6299
3903
1103
8608
9064
7934
9849
2811
2830
3466
4465
4828
6282
9112
3459
3669
3493
4797
7580
5587
5693
5763
1324
2927
3409
4421
4447
9708
1257
2708
5024
6401
1499
1876
3535
5961
7669
8245
9955
2135
6308
8417
1589
6113
8708
6790
1193
1501
3342
6666
7844
8889
979
1228
8180
6492
8712
4369
6423
7897
9854
6872
9770
1176
529
6814
7571
9126
3922
7317
5500
7478
9198
9362
7624
6746
1096
3391
6204
7868
8691
9759
9953
4374
5955
7300
9939
867
5395
8206
2338
6178
7202
1932
4060
6232
7828
8829
6421
901
1661
3228
4348
5015
5095
6968
6914
8218
9121
95
241
2171
2758
6678
7257
4300
8269
9283
2020
6731
6810
578
611
2468
4355
6230
7337
7743
4366
7770
9044
1790
2403
6474
6725
9404
1066
9543
4754
4805
1925
2840
3283
3481
6040
1386
5402
3059
7820
1713
6231
923
8987
9016
683
8293
814
3815
4845
7453
1711
9828
5096
561
3835
7904
8370
9009
9069
3147
7653
7195
8930
7920
8152
5941
7865
9810
7596
7707
5303
2613
2258
9093
4007
9714
8399
4574
5050
5810
9008
1038
174
3084
7892
1164
4717
8214
453
950
3272
9348
9921
4278
3192
3580
5116
8147
1813
4201
4815
6616
4286
5585
6309
6064
9943
1206
5578
7545
7
2804
3952
6851
7536
8807
2263
4215
9842
317
1424
1607
2555
3253
4520
7339
8831
7791
4575
4806
7567
5091
2617
6321
6427
8213
9949
187
1678
4601
5743
8375
2180
6058
1060
1384
8790
3753
7451
8534
6952
2996
7932
8824
9892
1551
9856
1725
2162
9392
971
4001
5887
8972
4203
6345
3425
2986
2097
2514
2827
208
493
4242
8580
4449
2252
1471
2088
6772
7637
5923
6586
6711
2894
9316
809
1469
5520
7070
9938
2519
1749
3957
8647
621
8543
1006
1861
3249
8977
4391
8704
1240
3003
5437
8749
8760
1497
1817
2704
3382
7772
8562
1165
7776
8105
9032
3102
7513
8819
2879
5216
8501
9274
1311
2683
3032
7966
9999
1478
3215
1365
6532
6613
3924
9817
2295
5555
5857
2273
7836
9462
824
3691
4368
8271
9215
4248
7107
7741
9755
1934
3467
8203
30
389
4473
3675
5295
9178
1231
2488
7479
8064
2702
2226
4558
4524
8624
4825
914
7217
9973
1117
3500
4940
5177
8392
3346
7575
3237
6287
1379
3311
2230
2770
3652
5494
7505
1828
2543
2662
6883
1954
4840
5964
6834
8040
1338
2600
3668
3876
5709
2471
3528
4091
290
1745
5958
9071
597
742
4471
7156
7238
201
565
9186
1167
2259
2698
3461
4992
8406
9876
8284
9669
9702
9396
984
1468
5796
7651
8394
7999
1534
8052
5900
2322
2349
6209
9536
35
5687
4379
6180
1339
1712
3002
4123
4743
5376
7644
437
7724
1901
1957
4584
7223
3155
5755
6084
5598
5775
1367
2577
5629
9860
9907
747
940
2554
6905
8780
9930
5472
8721
1871
1664
4996
2962
3181
6486
7393
7859
7313
6483
9584
2227
3350
7744
831
4159
7253
7528
324
3642
3854
7075
1249
1557
2614
3174
6311
6773
2272
3418
9698
419
5094
3983
5783
9142
630
1059
4439
5300
6205
6319
4254
8978
1402
2718
444
8767
9820
1030
9670
706
3120
5646
6899
9203
1722
4386
8249
8925
7842
5027
61
4572
8224
8696
4727
6656
2019
4772
6505
8499
6676
7638
1268
1921
2506
223
848
1039
7409
3078
51
364
1793
1487
6964
8261
5371
2118
8898
9796
1435
7557
1919
4020
5023
6142
8989
6723
8189
2980
8498
6818
8331
829
4129
4102
6709
9596
535
1540
3740
4719
6868
6934
843
6664
1837
6963
9519
4505
5214
9347
9353
8616
1832
3165
6254
7191
9235
9335
2670
2386
3906
3636
4399
5454
4220
9344
9733
4202
1626
5514
7090
8164
4375
1191
2275
5128
6096
9026
1454
1559
3516
3714
4978
7436
9694
5778
4141
252
980
6646
2589
2625
8658
9257
4370
8167
4861
8090
8634
1177
8538
9104
1782
2453
4341
7756
8322
8629
3336
5653
5070
5480
562
7066
8341
8709
2022
3266
4359
8058
9739
8785
8081
9783
981
8725
1768
8055
1287
2996
5162
44
509
2409
4470
5577
5530
1267
1480
1809
4905
5
3549
1754
8157
2760
5010
5802
3726
5623
5692
8082
1637
2371
9507
1408
1548
9790
6546
9269
5858
2217
3103
1700
7914
8139
2121
5965
1026
4212
9051
4176
5615
1671
1942
6569
3999
3888
8032
8440
8798
363
3256
5108
9524
665
4209
6847
1517
1939
7617
589
8351
2402
9220
1461
3993
9229
7214
0
8986
522
5125
696
1445
5999
8667
2232
8594
308
7453
511
5176
6553
8438
2196
4894
5793
7494
9818
2420
4782
7886
1106
7286
9378
2337
4265
2774
3342
8947
4192
6575
7913
7188
8062
9839
955
6643
8533
9497
883
2210
5498
7683
8388
4161
3196
9919
702
2122
5422
9726
1388
9864
443
4647
6786
7781
1081
1269
2103
6179
841
7641
8098
3704
255
4691
6999
9552
4070
5891
6054
1628
5721
9296
253
1835
3026
5989
3684
9202
1299
5355
9272
1428
3167
3680
4427
1306
1757
4088
4554
8281
8800
4438
5556
7983
3414
4630
5110
6424
7904
8336
9217
343
1544
4025
5761
6055
2231
7701
8949
6843
9865
447
8546
9795
2222
2293
8116
2744
9593
2752
5175
7704
8847
1748
2311
4398
7108
7138
595
5053
6635
9172
7274
7657
8205
3940
9933
6296
6645
9904
1219
5669
4083
7380
3982
9376
632
6929
3789
8229
2467
7111
1728
6519
9988
2904
3023
5458
3746
6208
2136
4400
618
1792
2151
3677
6920
8418
704
3328
5487
8688
2975
5299
8137
8365
4706
5132
6538
7483
1334
2956
6838
7568
9701
1177
6121
2936
5265
5356
316
6011
1310
785
8851
9819
8684
644
3819
3847
527
3503
4543
5801
2747
6075
185
7978
9723
5605
7961
8326
226
5190
1276
2606
7642
1336
4096
7937
1265
3666
5944
8794
7368
969
6707
7132
8165
9184
1046
264
4676
9281
4364
5561
1389
5908
2290
4052
420
1494
3560
5660
9534
1419
1420
1708
2537
1550
4633
5806
6694
158
3260
5006
1109
3035
6647
3793
3892
4710
7797
2141
5021
9163
411
592
2430
2791
5228
7410
7824
9845
1163
7113
22
2542
7492
9737
7236
8750
4020
5156
530
2108
2722
4785
4700
5114
6649
703
3845
4256
7690
899
1301
7989
9573
752
4768
311
4104
5222
4953
749
4501
34
3813
3936
8231
1325
3638
5517
5723
7233
634
9166
1996
5896
2458
2727
3657
6473
371
2496
6500
9956
2055
7758
9247
8332
9579
5579
6736
3446
6416
2384
5609
9710
7737
1062
8135
9049
8979
3524
5630
6148
6471
7321
2042
9613
751
1342
1986
2932
824
3866
6201
3157
4838
375
5173
7115
191
2807
4548
2038
8649
108
1247
6183
8276
5129
992
7258
9768
124
8342
8748
25
839
7712
2301
4692
4956
9916
6298
7312
936
6839
9920
1280
8338
9122
1962
581
4037
4999
6578
122
5279
6787
6807
8994
9754
4552
6558
3795
855
2246
2792
3171
4863
5603
8702
8876
3234
2960
6067
102
3661
5697
8982
1621
975
7098
3705
7194
2238
9081
7304
7327
799
7864
4930
5648
7799
6360
266
2179
4414
8169
3805
9021
2782
2261
8362
3347
2379
7672
8609
2243
3304
9156
4453
9414
968
2552
2914
8890
3326
6515
7461
9715
3364
5136
1118
7509
5097
6002
2507
9637
2911
4617
9114
1870
2635
5309
8526
9773
9028
1615
3707
4534
1802
2518
3682
2816
3237
6611
5764
7774
9886
9928
9962
6685
9958
1382
6415
7222
7475
590
4472
915
1042
24
2703
3926
6162
7256
2380
5223
4118
47
4983
8781
1555
2133
4856
1089
1424
4419
4902
7435
8317
1569
3285
4339
3692
7649
7862
3182
8113
8354
6641
1057
4747
5282
325
4269
5453
3851
8935
3203
2289
1438
8197
5639
9228
3725
7790
5545
8857
674
3247
1982
3977
1188
7477
3557
2780
9486
3967
4048
4285
4853
9591
5391
8715
1804
7370
1840
8085
690
8574
4518
8941
9401
7516
7697
8195
8700
6582
6737
175
3000
3453
6032
7916
9841
3579
9578
3269
3319
5448
6355
6866
5703
3405
4172
4342
4533
768
1748
1525
5115
6221
291
449
4842
1919
1945
6202
5461
243
4227
8711
6082
6570
5476
6476
6072
9544
404
1364
7382
9151
691
6216
3224
1623
5358
4519
28
9052
9255
4253
1400
2244
3539
9061
284
1526
1852
4120
3700
8622
807
1973
1394
127
7740
1860
2657
7815
8902
8710
4073
298
9660
4668
6586
2458
4021
6111
8937
7856
441
4019
4711
7795
1452
8717
5215
5578
8173
4075
5004
6458
7318
8245
4006
8142
520
2556
7198
1830
6003
3827
4232
7025
8147
2730
4770
7234
8891
327
2170
8644
9568
5620
473
8517
5278
3708
480
3372
3400
3188
6254
7329
2184
6562
8563
9083
9116
4772
9009
3410
7419
8645
5655
2169
5154
6138
9764
303
6062
6539
9113
1074
672
8454
8860
9842
2355
7441
2180
8136
4236
1317
7964
8003
710
4571
2125
7149
7298
4737
7930
7880
9058
891
1685
388
1295
4981
7276
8366
5748
9499
9912
3297
6256
6726
8183
9276
2309
4610
7924
164
4699
2006
5683
9119
353
2982
3996
4468
1489
7105
2377
3341
3559
5212
6465
1565
9072
1383
557
1234
7091
8099
8973
8554
468
5098
5805
6260
7303
7395
4671
7636
8816
1209
2305
7295
7423
1252
5865
748
9451
916
6011
7857
2756
1691
2901
8548
9522
3412
407
8653
5327
6126
6193
5898
4752
9896
3745
6570
8646
1272
3621
6212
9129
3591
4853
5236
3348
6733
9192
7859
1232
1724
5363
6533
879
4068
408
9099
6190
5574
4629
934
5219
8141
4526
2023
4261
4277
9792
139
2821
4487
9395
1319
2967
1052
5672
8265
8599
8086
1274
7101
5846
7159
885
1279
2215
7206
3479
9618
1112
1399
524
2144
7662
2663
3961
4490
4931
5654
6715
9527
7005
9164
9783
7602
9234
8369
2769
8399
3645
8427
2350
4011
7361
9874
5880
8135
692
5431
5643
8759
5831
1758
8775
598
798
7313
7648
4977
9650
741
9741
2356
5301
8477
8683
5706
9735
1429
7342
8234
8451
957
3482
6603
9667
1503
1819
5003
4395
9424
4724
4826
4836
9230
5016
7006
73
7016
9776
3226
7689
1618
7805
7063
5971
8656
8926
9341
3009
4816
833
3383
9496
1049
7000
4033
8106
1111
4744
8707
633
695
5742
6653
9262
3156
5449
9011
810
4102
8785
5990
9397
1121
4638
8482
5598
7582
4944
6744
1529
3871
8636
2502
8318
579
986
4847
9920
5570
4739
1093
3440
9006
3173
4834
7468
7306
8138
8723
2834
6122
8582
3582
574
1872
5390
9862
7356
2765
5311
8036
5074
636
7522
8958
2979
6993
9790
3855
61
109
1439
2528
3027
5234
6730
866
1108
2956
8695
939
4680
6771
9680
872
4202
4497
2780
6090
8540
8
2664
9241
22
2378
5957
2072
1526
8132
4789
5055
1206
4198
5708
9394
1256
7918
7945
9013
4485
6671
564
310
394
5009
8597
2276
7189
8501
4085
5582
6304
3846
7097
6091
4822
6836
4582
9434
7565
1396
2341
238
4639
8315
8834
5895
8377
401
436
5597
3547
1305
8210
2067
7341
4949
1064
6802
933
8164
9750
673
3794
5647
130
4523
4767
6202
2232
3653
4193
7218
7146
8661
7837
385
1914
4211
4357
5572
5799
9450
804
2195
2643
4179
6041
9606
3227
6885
1958
2629
9460
1027
3435
719
2849
5823
6080
906
7696
1366
4478
4318
6432
9897
7352
7102
2612
4855
6665
2710
8832
2966
937
5856
9671
6072
6174
6648
3291
6765
4250
4870
5836
3441
8320
2132
1811
2897
3183
4615
1775
4955
6748
7957
5555
6289
5343
9251
7320
607
3639
3320
5753
1082
7099
9427
5364
3358
8381
572
5569
9085
304
3154
9814
227
5366
1972
121
3216
8695
9969
2795
6459
5252
7350
9959
5924
1900
1909
1516
9813
3540
1614
5403
7760
5288
5673
6071
351
3926
4292
8013
2594
3138
5278
9131
9649
7205
7404
1149
6275
9008
8004
2366
3052
5302
5719
6203
8046
6334
8689
4660
6341
6495
214
4281
4082
4672
46
400
1203
1842
7954
6012
5064
8594
3888
5093
6604
7375
4866
5237
6242
6673
7325
7457
8250
1215
2698
3423
4311
6514
460
656
3029
3882
1010
2200
6916
3657
4550
7498
7596
1930
5412
5760
8916
9143
5688
7562
5230
8571
613
8259
8978
4424
6945
8579
9757
9636
744
775
4503
7929
8776
3276
5321
7647
7242
4869
4051
4183
7168
5550
7201
7830
4177
5886
5531
8023
8104
1670
7406
896
5332
6909
2284
5405
2504
4922
5292
1029
5359
6385
7558
9354
9779
3491
6168
1371
7910
8690
828
2391
5972
7293
9926
495
1092
1950
6709
3048
5809
6550
1028
2875
4964
7730
4119
6797
9653
8792
3694
6775
7020
9189
5488
4442
9533
4212
1671
4094
1455
1039
3271
8182
3880
5906
3775
5058
8324
2086
2727
2283
3312
3401
8702
1011
3790
5970
7874
2943
3654
7001
6825
9255
648
3017
4069
7046
458
6
700
720
1178
6766
8998
5634
2002
2442
2766
6915
2726
3801
6429
2778
8797
9286
6200
1683
6191
9004
5088
6608
6695
4086
6101
6702
2046
7035
2693
6629
8763
9059
7443
9972
5131
6250
6841
3601
8252
4954
3375
4838
5567
86
4994
8979
5301
9330
3357
4873
8796
4263
487
4799
7127
1286
9601
2395
5561
7026
8891
2352
3296
5291
7801
1577
2205
6753
9803
1651
6398
4095
5423
2008
746
3091
2813
8180
1330
1370
1495
1509
3721
1794
3221
6615
7969
9791
4296
4431
1936
3016
5319
5614
5942
8051
2474
5142
3402
6388
7889
4154
7530
2668
8733
1917
5850
89
2439
3285
2234
5198
2009
5595
8423
1376
1536
1892
1058
7134
2814
7507
265
8605
9418
9958
1134
15
5636
4124
9386
4963
3106
5926
6098
7618
8671
4022
4779
6705
7307
2231
3521
7925
2837
7975
9102
2585
1339
7096
9018
4594
6837
1458
2828
4334
194
9152
8611
1873
3112
8673
503
2650
5409
7902
4279
4466
4762
7863
3706
5029
7927
8786
8911
269
8672
711
1251
3149
7587
8011
5835
9989
4607
5323
4759
8233
3603
8201
144
3426
9596
1232
5138
5437
2706
6382
7788
611
2947
3572
4008
1078
4717
5772
4056
5182
6335
9353
8621
3303
4610
2432
4028
7896
8121
5247
9047
5258
5516
9889
1314
64
8339
1313
1587
9543
4482
5471
1126
1227
3942
2486
3047
5341
1393
4596
4237
4331
953
949
2579
2959
736
1789
1662
7842
2406
4586
3748
7200
8192
3635
1264
7355
472
7593
7864
929
7769
6911
1032
2338
8100
1895
4454
5671
2999
7926
1007
9510
1760
4764
5203
7709
5023
5983
6404
2582
2865
6831
7323
479
635
3760
8549
6925
3517
5046
7122
8854
9254
1731
3090
7020
7770
1585
2240
338
1869
4140
6662
9580
4752
9824
6839
7913
1270
5351
6088
6089
4861
3853
5169
7068
7463
8461
9402
261
1706
3604
4955
7480
8982
3030
7003
1102
5119
4130
5730
5842
5393
62
141
4327
5873
6345
1315
6525
16
2128
9635
6124
2308
3569
4088
8561
9118
9641
9331
9830
5571
654
3689
4628
7592
5113
6581
1021
8719
9214
2906
6031
1904
7970
5426
6658
831
3292
3927
4914
8687
8496
9171
60
8049
6055
8597
2648
5864
6255
8061
8565
1826
5907
9767
3308
9540
5310
8605
1475
1597
5208
7622
497
1890
3390
8019
1341
4481
8143
9620
2394
2787
4893
4555
9098
1343
2047
2762
7524
9751
4760
9736
3213
9293
2475
2695
3556
4266
2267
1725
9116
276
2799
3627
2346
3814
3634
6894
7545
9727
567
2671
9370
9735
1943
9381
6886
3839
2322
937
5509
235
2883
6142
5196
6036
8117
2408
3209
4783
346
421
6666
202
180
2280
9294
9488
5284
2040
1268
5202
4967
7305
8248
641
4079
5216
1148
1409
2684
2204
9899
8865
6698
8286
2563
4486
7489
5095
1340
9502
4844
9494
524
7196
8242
1574
2756
5108
6780
7666
4193
666
1437
2567
3968
7165
3168
9324
5105
8521
1397
2503
4906
6864
6132
7479
4064
5209
9458
9422
5204
7288
7821
9104
9278
9297
2162
2264
7386
6157
8668
366
3094
4303
3215
7986
8041
8872
6522
961
9434
200
7838
8311
9976
5869
9194
471
2798
4054
6888
8968
9732
5172
4501
4735
5178
6024
9609
1073
5287
7404
1743
5031
2740
9001
9155
649
2533
6742
442
7428
8438
5553
554
237
6939
2870
6315
6559
9390
510
6377
6951
9921
4278
7447
8868
9694
273
67
2076
6936
1536
1816
6137
2917
6366
8328
9822
1951
5417
6308
5635
3056
3463
9785
6583
5231
5434
3345
5867
6440
4986
2119
5538
8765
179
987
2530
3543
8460
3544
5379
9182
6266
5225
1905
1969
2771
6739
485
2511
6127
9987
9463
8817
2901
5405
8830
1881
6273
7103
7776
8006
8716
3974
262
1103
3566
9622
9143
169
4426
7961
3459
7420
9333
3568
4005
5732
1975
3040
8562
4282
4858
8487
4272
9711
8112
9537
962
4312
9054
569
952
4936
3454
5887
6774
8435
9614
2885
4413
2638
1737
2235
2257
2808
1735
5482
7727
4201
5052
476
1877
6461
2378
2381
4802
9340
2665
3507
4651
4443
7768
984
1710
8446
5645
5682
8768
5726
8614
9442
5560
7468
7899
9576
2767
5872
5975
6151
9290
8623
9730
8160
1151
896
925
8514
8385
7650
1817
4200
236
2044
252
5961
6885
2789
3096
3208
2001
8886
9438
7029
7098
329
7226
7839
8022
5262
6141
1633
1159
1293
2033
7794
1827
5624
5377
7657
7045
4098
5566
8200
2396
4609
8724
9925
7985
8194
9111
6795
7067
4147
5736
6178
9799
7202
4530
3532
8776
7898
347
8225
601
4075
8413
9355
1468
5874
7734
7789
3754
4040
9310
3087
4533
1245
3932
4197
1949
5952
9002
2367
8291
954
5735
7724
8240
3422
5953
4707
6376
484
3599
6892
9055
9952
868
881
7433
9452
1480
6200
8324
1221
6722
383
8858
904
80
2492
7585
6848
12
3519
5303
8892
1647
4058
5352
454
1162
3380
3466
5581
3485
7416
2697
309
2734
5691
6624
7566
4231
7351
8626
549
3194
5832
8392
4412
5492
8065
4137
7445
9665
393
3735
6592
8561
8797
7024
7871
8272
424
4821
5575
1163
2809
5823
5938
6587
9570
1104
1968
6919
4842
9409
600
2472
7646
8984
9998
2156
3944
8107
9430
734
6049
7558
4006
7248
6463
9349
9610
2399
7336
7773
7994
5424
3129
2373
4923
5948
9514
9855
642
2878
3775
7504
4056
7070
474
7908
7412
8411
661
91
8663
8802
570
2490
5897
8069
2288
505
1257
6453
8627
9953
6560
7590
93
2353
4519
7296
7144
3421
6746
5531
134
2436
1549
3112
856
523
9672
4143
7062
3844
6040
4073
9302
7968
1077
3018
7647
5502
2298
2317
4547
8334
494
1285
6969
7071
9175
4433
1604
4491
6288
8105
8924
7591
1026
6466
5194
5601
8224
9278
9520
5416
5877
9000
9531
2397
9255
1146
6811
6867
880
1675
2880
3850
5045
5490
5973
6447
6350
6773
9045
9791
2246
3397
6752
9507
3043
3772
8436
6448
430
2383
2603
774
2833
665
5721
9648
9219
3910
1143
1085
1727
664
2534
1942
3419
6538
3005
4422
7338
8945
7763
357
1839
7984
9517
3513
4924
5039
4476
6093
6501
6704
4597
6958
3314
6654
287
1328
4153
5298
7238
7996
432
9567
38
883
945
5460
6165
9663
7743
82
3983
4765
9157
5894
7300
7733
870
7749
2753
6725
550
3655
7278
9772
4132
3383
5915
9503
9968
8777
5651
2428
5368
8874
610
5558
9851
1586
9407
257
5397
3611
6172
9808
6418
8814
4416
8748
1883
1320
7580
113
1400
9859
3037
4753
6361
3216
1448
4939
7213
356
1087
4139
2812
5441
6920
9111
916
9506
7272
7657
8111
9462
7817
1863
688
1573
2463
2874
5337
5808
7732
7852
2560
2321
3173
3269
3455
9121
2136
8940
837
1780
7500
7539
5427
8790
1132
5183
3100
5514
6405
7291
2657
4039
8726
4896
8764
2022
4624
7411
8030
9279
4034
3726
7462
316
900
3092
3845
115
2268
1838
3311
6910
3113
3415
5073
1961
3322
3443
5981
9584
7927
191
5538
3133
3140
8531
6749
7475
1428
5440
6063
6798
3406
4239
3162
8197
494
3553
6564
6763
1663
9703
5237
4049
8423
6409
2407
3943
4247
6117
2713
7357
7886
4098
6755
597
5932
2788
5057
5662
174
5876
7826
3015
3326
3662
477
5758
7271
5150
0
6588
6940
678
2508
506
7170
437
5251
8538
293
3182
8075
9195
1436
6819
2719
4279
3601
7319
1641
8520
7566
7869
8202
8213
352
6727
7575
3089
3204
967
5348
4338
9583
1024
6659
8981
2291
8326
8842
747
4915
8980
2416
3283
4972
8401
626
5263
9222
9735
646
2514
2801
4898
7637
8021
8825
8839
8432
9712
2914
6160
487
910
963
6220
6582
2282
6460
8026
7089
7538
5620
5354
533
949
1552
4444
8985
3130
7581
1609
2854
6531
8920
5777
7173
2078
3273
3658
9350
9722
8040
3259
6059
818
8355
1598
7699
647
1527
2529
6612
7101
232
563
7051
9449
8919
9553
9666
1748
7013
8857
480
7283
7756
9319
327
7921
1689
2327
6607
8121
742
1836
7707
6377
6985
8372
3448
7425
7816
2484
8
5705
6823
6776
2435
9651
6281
289
7109
7169
8211
2026
7573
8406
9016
9969
290
9649
5164
4359
9228
205
325
1665
7669
212
3086
9158
9621
5576
7535
7635
126
4355
1089
4426
8799
2534
7060
178
858
2404
3882
9674
4181
5077
1865
3653
4186
5599
3424
464
555
2961
9698
3703
7861
8627
8850
1769
4360
2977
8930
9677
4131
6007
6734
4619
5791
9314
9358
9636
432
6431
714
5556
6036
7775
9934
5407
7311
8100
2347
1546
1615
3088
9749
1244
35
409
4758
749
2312
5473
5827
8198
9711
4060
9883
7290
1288
2790
4715
7473
2807
2832
9136
4251
5458
5919
7579
2507
5294
6125
8227
3036
5568
7142
4071
9941
6995
8909
2329
7505
2620
124
3678
4657
599
9317
3812
8473
740
2509
8591
974
4773
4767
2300
7107
2621
5729
1155
9033
9405
9452
7301
548
9373
68
6005
6302
3238
573
3824
5297
6878
7017
276
2615
5885
8447
8518
9561
2949
9852
5450
8863
5100
1796
3956
677
1379
2705
143
6227
1202
1818
2476
6069
4133
6639
466
5125
1104
2923
1570
7244
391
8441
8992
3046
7513
9273
190
1297
2063
2186
2781
3437
5210
7395
889
6585
8266
754
2290
8475
3264
3750
9475
8620
2702
451
3310
8688
6355
7483
8630
3069
3806
3917
7765
9025
513
1660
7131
3583
6213
3049
221
345
4233
2130
8859
6397
9342
1945
5945
1562
4046
7943
9139
397
7033
4065
6549
1204
6002
826
5970
1532
3417
4697
5748
6804
5612
5686
8199
1341
4441
4300
4515
7502
4826
6291
6195
9615
1138
7146
9672
3477
2733
7978
9224
3811
6044
6533
286
2965
7314
5722
2271
1798
4397
4871
1302
3698
696
8529
1720
2660
3622
3624
4909
1496
2938
3010
3425
4493
4613
6169
66
7136
5983
1588
6268
2286
8578
6957
9775
7638
5541
8284
6502
2147
9474
59
7750
7096
1738
2985
8129
8628
5316
8257
614
9599
540
4696
9231
483
9683
1432
6118
2632
2670
1717
9836
7867
9795
8234
9519
1307
3659
7190
4218
7174
8144
982
3607
4572
4516
1923
6237
1000
8024
1407
2513
2160
5542
9122
9455
3558
6486
335
5504
9760
2025
3878
3523
3724
2191
5959
6367
1930
81
403
4655
48
2222
4622
5370
6066
6303
626
5283
8913
9368
5815
1940
209
2755
5875
7258
462
6393
8519
822
8678
9130
849
2196
3416
7124
2501
4701
9066
907
3983
2930
7655
8422
8561
2773
1520
1675
6979
8985
4988
4446
7746
8671
9937
1473
5020
6071
17
738
6285
804
1460
2608
3597
5029
5602
2814
3673
5788
8336
2331
2794
7178
2904
3141
8186
9745
1530
2592
3911
9221
9307
4739
8811
615
4704
5591
8154
7041
8831
3289
7257
1170
7930
8708
3341
6241
3560
3462
4621
6113
6857
8927
2673
9345
2000
2546
4324
6759
1304
4740
9444
1022
4837
7862
4731
6325
7062
501
801
1977
4070
5427
7940
1331
9960
6579
481
1927
6018
9971
1349
2110
6875
1643
1522
5962
683
690
4398
7589
9956
7484
9353
5300
613
2661
7891
2750
2868
3369
5430
7253
9473
4130
1967
3449
3539
5935
6528
4033
5050
3035
5574
7110
4513
5406
440
7641
4463
5995
9377
8057
1056
3053
8707
3852
7506
7497
8276
9616
812
7206
9487
9915
1870
6452
1718
1947
2082
3740
4769
7016
3131
5005
5334
8258
8943
3187
2058
5510
133
386
3656
5838
3856
8975
9208
449
7670
8022
9699
9359
4611
8876
5111
3332
3353
4990
7403
4038
5759
36
8179
1184
4269
5536
9103
3631
2560
8566
4042
6436
9815
1618
2945
2903
4460
4964
2533
4835
6905
5947
7652
2255
4900
6846
7435
7791
8869
3351
399
3220
8116
8181
3006
603
1285
1329
4283
416
1690
8086
8795
735
5455
7906
9399
9043
9630
2208
3313
7577
3906
9159
5665
8089
4601
6410
6307
7138
1240
4522
8433
9615
9743
2982
4782
5583
5304
9568
384
8015
2571
6171
9866
3105
5014
580
2574
3614
5413
8606
3890
2604
5107
9186
325
2034
4315
5121
8245
179
268
2683
5676
6423
3431
5518
5389
6854
8251
6572
2795
4043
5989
478
3858
6709
8896
9226
1199
3452
3920
4349
4387
7492
4121
1957
4798
5562
959
2644
4469
5288
256
4265
6131
8689
3467
1840
8291
1223
2422
2805
4785
5790
1055
5048
1575
4173
9991
665
8094
2308
4014
9432
406
6793
6883
727
5212
4902
6333
7452
1318
5249
860
3728
5280
7197
247
8798
662
1892
8122
8409
4649
7903
7845
5738
6930
8039
8490
2172
5084
6738
5934
8383
2593
5414
499
1742
5184
9250
9320
9468
2692
4484
1301
3684
4102
4156
5718
844
2359
2976
7042
5745
1235
813
9076
3936
9224
9295
8590
3641
3686
6087
2363
3111
7229
4689
6881
15
7732
9375
6955
7521
8038
9823
1230
8145
1790
4909
6219
574
1144
1351
47
245
8910
1920
6286
7633
187
265
6220
8359
2206
5055
6601
8028
6602
2343
2525
5603
3575
4161
5127
6207
6983
8622
11
833
7222
27
5936
6280
5782
7743
8872
9875
3526
5532
7736
9541
1278
8557
8222
6853
1280
1141
5195
5911
8295
9223
1456
3152
8269
8609
4389
6542
6144
8268
5871
8539
5914
6907
5683
3615
4743
5996
6537
2310
2749
3366
9185
9998
7934
5452
7684
9
2223
4841
6787
7464
1684
3210
3287
881
3649
5547
4480
3899
9565
3786
5312
6054
6896
8393
3145
4596
6271
2990
3206
7714
2120
1175
4920
5909
9809
525
5152
707
9204
3400
7150
1119
1355
9853
609
5630
2351
6455
7661
7981
3898
9183
3228
8895
6948
8824
1089
5223
3508
4630
4843
57
4406
8335
4741
12
8016
8313
532
6758
9872
4644
6899
7853
5495
4854
5840
9422
3767
3077
9484
7379
1354
3107
5517
6283
783
3638
6413
8082
2142
3534
5580
6381
9527
3949
2217
2237
7402
1729
2006
4180
6213
2098
1988
5731
6620
753
3363
4549
4937
6318
7147
9292
1080
4317
7567
9311
154
4907
3900
4409
6193
4975
8414
9839
6886
6356
8586
4462
8464
7108
2064
8752
5369
8281
5701
2090
2664
7873
993
9786
8731
9604
9733
2154
2550
7266
8092
2972
4613
2515
6177
5633
8963
5816
4904
5112
2214
3201
8070
760
3770
1966
6475
7236
3190
3902
4599
2449
4557
7940
51
7841
1044
4293
4727
6574
7851
442
6462
9023
5968
6875
1365
6369
7390
8163
250
5097
5817
1802
4330
5851
5856
9887
457
3304
7573
8598
7830
3909
1997
4504
8545
1948
2577
2586
4206
7192
7421
6668
2042
8463
2750
8970
4652
5881
1172
7219
6376
6753
8419
4484
4669
9642
2476
5121
5130
7049
423
1690
604
2498
4790
8619
759
6891
7465
2804
9074
399
3474
5103
5448
5211
9196
674
4925
669
5315
2786
4276
5254
9038
2922
4438
8226
2403
6477
5793
4552
5317
2024
9532
9490
4338
8881
3831
6909
8874
1281
1471
1495
4512
8735
9166
5350
6161
4351
5177
647
9697
1649
6851
9480
4352
4467
7557
1005
3432
7331
3707
5700
4908
3919
9508
3000
4650
8113
9927
966
701
2568
3710
9682
1238
5124
5835
6206
7795
2892
3894
9308
8538
5695
8920
9799
1225
9596
5301
60
7048
8678
2600
5525
9769
2344
2979
9557
8264
331
6505
7451
3461
1408
3094
248
1381
6670
7089
4371
4546
7291
9664
9088
2423
6112
636
5819
8083
3028
4756
9765
1513
1504
4011
6976
7512
3361
5438
7565
137
8505
9762
7251
9541
1949
3204
4887
6932
3947
4175
309
3230
5907
717
7011
5071
8223
3279
9880
5939
7139
4663
7807
7199
2651
7264
8846
3430
4591
4026
8604
3014
3841
146
6741
4559
7168
2123
6707
2628
750
4738
3001
926
578
3578
907
3385
6191
1893
2434
5732
8077
9368
2236
4058
7634
1427
5588
681
1766
3810
5906
1161
3480
5351
6270
456
3392
5178
9457
8362
4483
4537
9650
4029
154
413
3184
4432
9973
7946
1101
6674
2810
2861
3413
4167
4286
7237
7595
6003
9975
2758
1538
2722
4541
342
1974
6373
7671
2871
7623
7648
481
1103
4577
5086
9450
378
6546
1551
3423
6885
9299
9709
211
5837
7560
7616
328
563
3075
4801
4939
1596
2489
472
7435
2699
1265
3504
6134
1227
3384
1173
4587
355
676
4852
6339
9416
284
810
6040
8835
9806
4589
1947
7044
812
94
1243
1444
1747
1192
930
1118
4965
5890
2843
988
4954
5232
6168
8479
9996
8356
4949
8458
1777
2663
9021
9656
4311
933
1635
8421
1698
2952
6019
6250
8870
5977
1528
4510
5724
7207
7786
8748
2257
363
136
2049
5441
5989
271
3737
7779
5917
1543
3272
5412
7931
9693
322
1056
5190
6808
8079
296
4156
1897
3214
4343
591
5439
6229
7334
9207
1700
2889
2936
6146
765
5213
9242
107
4845
7857
2251
5998
474
4997
6323
6446
4297
6076
6138
2541
4506
210
9957
9451
9801
4710
6104
3863
5449
7304
8347
1886
2964
7836
6921
7916
3159
6327
208
8195
8729
2488
121
2527
8762
3321
3209
4308
6810
9523
412
4118
9427
2143
4049
751
1894
4419
2723
7524
8249
9623
8936
9640
3478
5988
7550
2118
8426
4103
9456
3456
5063
3281
9542
9439
1096
7153
8993
1914
3361
2264
6751
9834
1802
7740
8947
8633
3260
773
5184
5253
5661
6871
7808
3629
7110
8342
693
2759
3845
2510
1420
3475
7715
7893
1220
383
9417
571
7250
2016
2140
6198
9083
1797
6017
1729
699
3804
9173
9932
4654
7370
4495
777
1422
6932
3023
3795
3874
2117
3595
3897
5426
4996
3155
5159
1717
9079
9970
1086
6697
3290
5469
7603
6009
729
7200
9681
6521
6282
1222
6047
6650
7796
8697
9420
3132
7905
8603
1779
1186
1498
1765
8172
7414
9994
3548
8484
8518
1401
3601
8474
9472
1787
6519
8754
3122
4608
6633
8702
8949
9995
8477
4073
4494
4450
6511
2130
8835
2881
5285
9513
9434
476
1061
1462
3102
2877
3916
1833
2515
3950
7270
8707
74
4791
4710
7724
2437
9572
1479
1823
728
9171
1205
8885
337
389
6240
4007
9692
1219
9378
2397
2639
1088
5573
1367
2054
3205
6004
6283
6830
8897
13
9001
3010
3588
1336
6641
8119
2326
7216
1744
3197
5751
8612
1239
8066
9057
7660
739
3716
5710
5833
3344
8371
9248
5399
8305
971
2613
8423
9987
6706
8303
5284
7792
9898
6350
6437
9298
935
2825
2040
2323
8468
2926
3619
4853
4855
6151
1837
7442
117
4607
6276
4911
6057
3163
9555
1625
1906
2782
7019
2808
4979
5323
509
518
4187
1259
6535
8533
192
2616
7119
9663
3721
1013
3579
3763
1983
6769
6888
9008
3598
4393
7529
3963
7953
622
5972
7446
3101
4408
9441
1685
2596
8110
1167
1676
3350
4285
5465
8302
2021
8636
326
1372
2957
2975
147
2578
4443
4545
8033
9943
9945
855
1776
3435
3958
148
429
3564
3578
4126
4243
2840
4330
1996
3840
4222
7055
6375
5378
1350
651
4386
8009
1181
9418
4071
7761
5829
6424
5639
8080
9220
3265
9876
2307
4550
5799
19
3293
2126
2617
4170
5475
6690
7218
8669
1939
8548
2700
5383
2850
3968
8430
8745
9974
3176
4070
5437
211
4388
8267
4323
5622
1149
8159
824
5373
7456
3001
5563
5488
9380
2433
6710
2732
4558
1946
2569
8344
3300
5471
6309
9539
1357
3743
4173
2244
9242
5160
6748
5352
2274
7650
8071
6258
7800
9133
1050
7297
5663
6426
4248
790
4805
5481
3586
6728
106
1493
5313
7932
4879
2011
7251
6780
6860
658
3136
6182
6231
8309
6527
9547
3399
2762
6732
2418
9838
426
490
7050
3439
4384
7607
9361
1339
6442
6551
1414
1878
217
4707
8337
9867
5388
7124
6075
770
1113
7714
9751
1843
2954
6619
2014
684
985
4466
2467
6336
287
7135
8241
3420
5621
707
842
5461
4150
9652
7725
50
3516
7366
8741
5966
1850
2481
6412
5065
8036
8625
9664
3982
8843
7368
8332
4225
4923
9700
1871
4378
4787
3355
6060
8571
2499
8271
1217
402
9579
625
665
2248
3893
9414
1825
2335
5743
6600
3248
6298
7482
1145
4090
9983
668
2517
3679
2137
599
5628
4399
5810
8674
1278
1896
9917
3120
176
4783
9132
2160
5422
6314
9675
3913
6833
7438
2669
5060
384
1087
4708
4859
8244
4658
3109
428
6520
3091
55
1865
6415
7065
2681
5843
4978
5191
1785
6687
8528
1125
4912
161
764
6248
8589
1576
3774
7631
147
2230
6116
9617
1370
3861
1609
1648
2334
9236
3156
4895
6736
8354
4367
9762
3512
3977
116
1102
8215
9805
4298
9792
5590
8564
1424
1620
30
6284
9323
4575
5005
5123
5818
9096
7991
1953
7223
9238
4075
8077
405
820
3568
3664
8147
6068
6348
792
670
4140
6675
8565
4425
8079
3573
5946
5548
1527
6182
8029
529
6097
6481
9257
1413
2690
6150
9679
720
2146
6278
7377
8670
5477
8679
9015
255
1244
1383
2685
6648
1492
2096
3339
3370
7035
4295
7674
444
1306
3871
1337
6270
1241
9633
4214
4764
433
1302
6577
2051
4031
2446
1210
435
2265
3096
3868
2689
8169
9110
9363
9646
6305
7677
887
2745
9084
2707
6239
7941
7267
8370
3762
941
3538
4430
5111
7548
1111
1324
2340
2431
8138
8969
1136
7815
4437
1077
313
829
8475
1546
2912
5240
1024
6102
7371
9773
441
4735
6506
1348
3925
4135
7963
4677
3148
395
551
6364
4065
7322
9240
6048
2545
3630
3631
6299
7798
1531
7439
4633
5498
3570
8650
8756
9361
4152
3974
2376
9382
4144
7627
3235
6397
1151
2874
5062
6462
9431
6587
1387
2211
6483
8209
869
6912
6807
7725
8866
2357
4
1083
3055
7085
4401
1621
1678
7908
1726
5478
8395
3436
3408
1615
3674
4078
6066
8700
4746
7097
9423
5492
1330
5217
592
2482
3410
4451
2468
5218
6207
8744
8908
1774
4099
5671
3773
8541
1677
2972
3782
3249
4304
4604
4161
520
806
1384
3244
4681
5359
785
6094
3018
4693
3818
6085
9125
1654
2736
1977
3915
4789
722
1620
3170
4532
7109
1233
8685
9575
9936
1269
1408
4828
7785
8718
3621
8812
7500
7103
7458
7719
784
9833
3793
7082
9135
7192
2203
452
5949
7059
1012
7994
9408
4862
1364
3414
7276
9986
995
4116
3770
9307
3903
468
5120
9817
2992
7391
5157
2506
7123
9334
2870
7330
7571
2278
3225
6989
7655
8923
1481
1143
3571
6077
984
6013
638
817
4131
4379
1280
3779
5476
2933
4647
9582
1933
411
5797
7689
8461
7186
4927
7293
3687
7061
7665
9447
2557
3217
6558
391
5582
5976
8666
177
9140
188
855
4413
7268
5046
7762
1446
4381
6019
1536
365
5395
711
6025
8986
9453
1134
5293
230
2399
7245
2131
3919
1658
4088
6774
1916
4447
5659
8417
145
7380
9425
2200
6615
9656
32
3740
4487
5206
1489
2223
3228
8013
8605
5143
5757
807
4535
9665
9178
1293
2558
3021
456
4053
6238
7277
155
7143
8509
6217
8701
1029
2136
6210
7365
6560
1370
602
6681
8399
4329
4424
9644
583
619
2971
4068
1346
4926
5859
7935
1693
4858
9478
6037
8019
8442
5474
6814
9563
3952
4407
301
4104
4851
7350
3324
3372
5571
6752
6966
9486
1380
609
9732
4708
2826
4817
9846
1011
8734
3839
768
5653
480
8906
9153
2384
6045
1928
1459
6468
733
4955
7705
8196
5607
9653
1991
3716
6649
6970
7025
78
3771
1566
3572
8346
1476
7618
1785
2032
8781
9288
3007
734
6447
7793
18
5841
7485
1623
5489
9485
6944
1552
5306
9290
521
1741
6965
9510
7956
3226
9091
4366
144
7224
8168
9259
8790
9025
469
3513
6968
3969
298
666
6246
1848
4643
5157
9343
2076
2421
3541
8414
9639
392
8681
1815
6187
5337
6592
193
2128
3489
8923
9949
175
223
3022
767
1419
2687
3071
2580
8581
1116
3996
1704
87
3493
7594
7667
1813
1588
3186
7525
4372
4467
7813
9487
9905
6420
1021
8384
1555
3101
8449
3189
1753
1861
9265
3866
5187
8652
649
6829
6858
492
4279
5774
3320
5178
6138
4703
7773
297
578
3515
5696
1267
9321
3188
2709
5494
5975
6176
8926
2952
9119
1294
6179
6518
6493
1715
2255
8648
9913
2837
6815
6297
1461
306
2023
229
545
4165
5335
6088
7416
1052
6487
7923
6903
338
7185
3200
333
1477
9606
704
1254
3242
216
2938
5201
7890
2044
3502
6524
8554
4618
4751
7239
4776
3580
3340
6109
8385
3253
3914
7658
6293
6441
600
6038
5180
5289
5394
3789
4849
6635
7078
4457
6345
7477
3005
4804
6654
7546
756
9828
755
4260
9389
8842
1903
4361
6040
3114
3864
4013
4839
9787
114
5404
9903
3116
5983
986
1096
4291
1616
5741
6359
7121
7246
7596
8155
8544
458
5571
5141
6434
7948
8005
9584
1842
2821
4540
9977
3971
7321
8839
2341
1879
1255
4314
5090
4671
700
1981
1260
2498
7749
6651
7653
7811
3617
8387
9158
2635
3578
7774
8882
3748
8669
2665
2794
7752
2449
3653
4275
5409
5186
5278
364
4054
4363
5405
7266
7268
413
4950
4777
2193
8519
2836
3453
1075
7088
8486
5967
8459
9625
1130
4987
8261
3303
6586
8813
3749
7649
9278
2884
3334
7856
8838
4732
6801
1206
2860
5768
6407
3557
5372
771
4590
1927
5253
6566
5296
8096
6585
7806
6889
9638
9976
5363
1088
1753
4234
709
7741
9289
3119
8670
4404
7449
7537
9684
1072
6784
2233
8618
276
5559
6223
6224
7696
8207
1197
9199
627
3491
7959
1322
3901
896
1189
1855
2162
2962
3753
9106
2068
4940
5406
3471
2912
5658
6159
6561
9046
7975
7583
1587
3338
4375
4812
5466
7117
7654
8047
4926
4353
5442
8065
8715
4086
2083
5505
8270
6018
2137
2373
336
906
2443
1638
4455
8506
9772
1375
5805
7196
8348
9249
9423
7567
92
6130
2827
2232
5951
4422
6342
1188
4414
6452
3850
8961
3854
9503
3092
8651
8930
1941
3585
6778
7960
9240
1016
3752
9470
481
4027
4567
169
2298
1910
5832
2857
1968
2702
5193
7682
7866
562
552
5300
9726
4412
5061
6513
895
2652
1940
5304
5723
9576
9315
9081
9612
8624
9951
3374
5819
1407
2007
3071
4481
8413
3623
3803
4780
8244
133
789
9474
2107
1363
2000
4784
2551
2714
7532
8313
1714
5502
9559
8141
1614
6254
3989
1458
3331
1920
2986
7079
4728
9100
55
2027
6020
5803
8553
8984
1457
4893
3044
8867
3563
3868
9543
5134
5543
743
1718
8271
9933
188
7146
9222
3088
7847
2720
2017
4867
4378
6174
9544
3642
3735
9239
958
2024
7373
8210
8322
3964
7984
5380
4961
1845
4594
7646
1608
8864
34
262
708
2426
1492
3347
714
3954
6197
7547
171
1994
74
1150
3630
6582
5150
6705
761
4208
5514
7039
888
7396
8058
9642
3994
2115
7080
8324
7617
1091
6183
7458
3953
6718
9098
3505
7946
6274
8352
2806
3121
5333
4126
2305
8379
8053
2095
1071
4679
1564
3824
6400
3284
2898
5350
1748
5693
9108
9443
3673
4832
6502
8889
118
533
3024
4246
3332
9275
4645
8334
6188
269
1350
3574
6363
3234
7010
3703
7787
9879
5631
7562
2514
3517
4179
5433
6255
3105
9160
8602
8288
9202
4215
9571
5772
4471
8094
6988
8074
2823
9413
2999
8524
433
3232
9458
4581
3711
6491
8977
8755
3984
1245
793
2733
4693
7842
9107
3280
2174
1130
6913
7635
8462
8940
9513
7843
1669
770
116
4120
5881
168
6538
7835
4015
6248
806
8967
2254
8895
5274
628
4016
2068
669
1703
2519
8412
4397
5237
8291
43
4329
6980
7640
8985
2951
7083
7479
1895
2360
3167
7062
9804
9895
4631
4272
9858
1972
6645
7645
310
5641
2992
3521
6739
8797
9087
7508
6733
6963
7648
2472
2518
7937
9694
82
491
3596
4163
9819
476
3544
3645
4414
3652
7354
5170
3483
4326
5116
5643
7173
3391
4474
7181
2610
7572
8380
9488
6570
1010
1730
2109
2389
3655
8105
1570
3098
1822
6869
8437
8542
2619
3975
1453
5298
1685
2868
8944
9442
3500
8408
9790
2784
3031
3288
9362
3708
6157
9797
5052
9349
1342
9078
1292
5673
9170
9281
807
5394
2097
4516
4848
643
2632
3029
5632
1438
6781
6877
9534
7751
8945
554
1341
5945
7586
8460
5070
3668
8567
219
5051
5149
8994
9476
2295
2968
3389
7223
9774
729
1947
2533
6991
9880
8257
91
3735
9357
8990
1601
4764
5297
8647
1369
1805
7385
5357
6999
6883
3966
4806
6864
7132
3856
5263
5250
4290
1639
4028
9040
3078
3598
5560
2920
4267
8710
1147
5916
9831
618
4694
6588
2297
7492
9437
1509
8152
1641
5166
6865
3960
776
805
2997
2303
5716
6279
1000
5905
9716
7561
8882
1069
9346
9142
451
9292
2910
404
7720
218
6209
3082
424
4580
7021
7672
9635
207
2789
7742
1141
2543
9911
602
788
4221
9753
523
2379
3017
1153
5485
6136
7087
7121
1659
2154
5131
5229
4311
9932
6213
9829
2464
6026
6
8156
9708
2691
690
5961
6962
8814
1055
4502
2099
6166
9035
7221
3650
9735
572
1436
4595
3175
6373
8607
1752
3027
1887
5662
7056
8763
5054
8960
749
7558
6347
491
8617
786
6676
4969
6844
9417
9816
2818
8340
3967
4138
4188
2838
8988
4220
6681
9712
5324
8134
605
674
4287
69
9565
7646
7884
4618
4698
5032
6867
6212
3052
4160
6983
875
3772
5807
6831
932
5176
4335
8309
9409
1661
1677
5014
7751
8216
4203
7462
2995
3207
8282
8427
5519
2736
189
1588
8251
8981
8588
4594
5349
2174
3985
6327
6596
7987
2451
4819
527
589
5743
5418
8556
8926
9041
3616
6841
4551
6162
200
4985
6262
1127
3509
5682
5822
3068
8732
9833
3395
3896
4659
8058
2684
2801
1311
2220
1809
6159
1731
2057
2339
3398
3691
2626
3675
1403
6617
6945
8443
2231
2507
5493
5544
9645
4498
3165
6832
7404
6746
1002
1537
4632
4868
7478
2216
4262
2479
4306
8104
1772
1920
3817
7654
8709
8211
1332
9925
3721
2470
8575
120
2393
3416
6562
9671
2535
720
6953
3826
4642
4766
464
4883
6488
9777
6509
8808
146
2006
6392
6687
7375
7826
8444
7057
7716
425
775
7118
337
8466
3883
6366
5452
9053
9131
9099
1874
1082
5043
6281
6504
2729
9115
6275
7876
8121
5950
5647
9027
3714
3930
7626
227
4472
9632
9852
1547
6310
9378
4057
4264
2991
5202
6839
4584
6250
5464
5798
2489
3514
9742
9756
8737
317
7332
8069
2315
3667
5656
6724
8424
9634
6742
151
9794
2306
2502
6616
8841
8946
6036
7018
8346
1004
1899
4026
8470
2219
4622
6390
6938
3595
432
1314
2102
6541
8045
1870
2585
3257
3643
6717
8406
437
3067
3454
5591
9460
628
7792
9496
3114
8695
6123
971
129
2907
7686
601
4274
9996
9438
6115
1805
6935
910
6844
1135
5090
4648
31
1911
5247
238
4135
4323
8696
140
1710
3956
9078
2173
6260
9680
3562
403
8738
8238
2719
4767
7194
2346
5174
867
2675
7798
1224
4779
5760
4074
2726
4655
8521
9056
49
840
3536
1229
9520
7437
6792
7970
9410
3558
3694
6817
3640
8401
2280
7771
9235
3722
235
5867
6466
9017
8931
551
3251
5248
2893
1367
4324
6589
1720
8494
3777
8659
4388
5634
4111
7151
8963
8393
8769
9386
5246
2829
2541
5111
8141
266
6923
8677
2838
3161
9574
2864
8130
1760
5984
8255
2914
4448
7873
8867
9433
8279
9549
3465
90
2844
4327
2430
5840
6794
8905
3470
431
1510
7179
8640
9616
9858
1734
2121
2679
4185
5098
8957
8968
616
7690
1215
5299
3106
8306
8916
9679
1340
2242
5594
2037
9684
1127
5088
8832
2882
9627
7499
418
8733
182
4480
6627
2886
7165
7299
8325
8098
6268
6419
9723
4785
4352
9877
2592
7401
1221
5726
1389
2419
633
1388
8532
927
1687
374
2599
3582
3783
4847
5024
6443
9272
8127
8420
288
838
4796
5035
8048
8990
9655
2713
6898
3632
4176
4734
217
6961
8515
9215
1852
259
406
2153
535
321
1880
4564
5159
3627
5529
2277
7386
131
4941
5800
8146
1108
3580
7372
1068
5538
9702
5863
9530
4755
109
3380
2796
9109
701
7992
9389
861
5962
6131
8203
8331
2228
3663
3960
6031
6386
5076
7640
585
8946
3678
8767
3486
4410
7032
1518
2570
2833
2214
4477
9690
2270
4294
6977
7083
1573
4412
5184
7279
9657
2130
5970
6243
233
5661
3473
9506
6141
6857
9695
9793
215
2200
5239
5419
1733
8355
2603
4183
1633
4786
6636
7703
1255
4481
4336
5722
3459
5426
3353
5148
6669
8455
9416
2243
8706
2891
5583
2903
6140
1750
560
5974
803
3680
4049
2575
4108
16
8180
4375
7020
7156
7869
6770
640
3636
9082
9243
4110
7531
7402
2293
3673
991
4394
5031
5815
3905
4345
5525
7381
8610
3685
2382
3311
1145
4025
4381
3695
6412
7638
8718
98
3435
8114
8129
2051
4414
2550
2847
9935
6808
8615
530
7087
4012
4483
9825
1234
4639
4979
6996
7127
942
4900
9309
1804
2568
9881
3724
7208
7834
2353
4408
5855
3364
8839
8886
6884
6964
9609
5848
5997
6435
6591
7243
9251
3611
7929
9967
1393
2427
3472
7769
3712
4730
515
8351
3102
7846
4429
7040
8583
1829
2447
4459
7101
1966
6971
9119
1549
1574
2791
3683
4744
5183
9962
3840
7091
2687
4789
7988
1060
6734
7733
8702
3626
4804
5106
7345
7556
304
1982
4774
9934
9030
1689
8025
8474
9221
7189
731
2817
2646
52
7576
2470
5273
9845
724
2523
3216
8416
2285
2647
4937
1364
3292
7898
7760
5709
7290
8026
5560
7976
9113
9595
6599
488
4967
6427
1119
6895
3475
8076
2032
8537
84
7226
9190
9572
9608
8294
8668
4501
6267
6045
7231
1628
5142
7668
8662
7367
721
2477
6430
6891
7217
8305
8497
199
390
3426
3720
3042
9041
4654
9330
5268
8449
1839
5537
1238
3978
4699
8819
3950
6795
5102
7255
4425
8183
739
101
1232
3819
5955
214
362
8869
4218
5227
2616
6623
1272
3147
7521
1269
3775
4591
307
1144
1516
6727
1952
1723
8317
2260
1066
7034
9203
1320
3696
9209
3498
5606
3039
3727
7704
181
5646
6557
7766
7513
1977
6192
6930
6385
8530
5430
5805
6296
6346
9365
7912
9175
1505
4613
9206
9024
1254
3215
8551
329
3736
2506
6130
6239
2612
3272
1099
2840
7477
2642
5932
3348
5598
7105
7260
4211
5837
375
1819
4861
6135
6855
9763
8233
243
2140
8863
437
7051
7454
111
1084
8109
6717
1555
4294
3241
4038
7656
3547
6160
6465
7611
9908
7116
7133
593
3040
2246
6498
6985
1606
8159
9551
597
4184
8289
4459
1283
302
1156
3756
6425
6477
7469
8095
149
6671
8912
9601
9902
3246
4517
5191
6020
8277
9927
1398
270
2983
6053
8714
9383
4907
8921
8044
3254
4114
7506
2273
2508
4712
6554
8078
9756
9692
6303
3926
4348
1003
2220
2450
3758
5569
5896
953
3865
4864
4873
5903
7891
1990
8389
1730
6448
4742
6609
2055
5016
341
2270
2676
2753
8500
8013
8158
9112
1162
1468
3745
6402
7902
2179
5496
6732
2980
5079
3379
1961
7283
403
5242
5934
7366
9284
9982
2006
3651
8161
3754
5669
7066
1078
2549
7874
8081
267
319
2310
3641
2745
5565
2704
7644
8029
9528
2158
6454
9276
9230
2966
7850
8893
7878
33
1917
2561
3487
5834
2534
8550
9205
4117
897
1397
2189
7916
1417
5085
135
981
4684
5528
6372
9569
1912
2251
2729
4725
2675
8813
5056
6492
3792
7909
2686
8209
8935
4680
5554
6096
2023
4863
2626
1190
3850
9150
2979
7871
9288
3378
5100
8815
3224
4194
9177
565
1486
6283
2165
8030
8377
9271
662
1450
3569
5561
9704
8557
9472
2124
3194
4095
5995
3931
8712
8933
2960
3623
4576
7919
9671
9788
8874
7840
7965
12
880
6915
5969
3637
5403
3962
6466
9187
86
977
1743
7256
7641
4775
5971
2311
3137
95
5780
6398
6924
8283
4605
6329
7448
6334
7484
9034
617
1243
2563
8339
9353
6029
4083
8604
4059
317
2001
3020
1356
1632
3811
5865
489
1083
8230
3528
6056
2694
5195
6516
9055
2970
6307
6545
8899
8689
1686
3774
6933
2671
9666
2946
1962
9422
1354
3692
4525
7864
893
1646
6628
4509
4917
5736
2877
8353
3128
8870
5103
3587
153
4887
4875
6313
8543
9928
8040
2049
7432
2309
5689
7867
8683
9552
1542
9261
1099
5691
6713
1304
3282
856
4533
5720
842
2888
6558
3859
8338
2367
3181
6122
3965
3337
3512
9752
1711
6295
4008
7859
7194
5893
7377
1900
5616
6082
3085
4098
4118
4145
1747
1791
808
5734
6219
4740
6782
7339
2078
6015
2419
7245
7625
8522
741
4553
2667
6790
3306
5119
9853
1174
6942
8564
3620
5348
8365
1796
2493
5320
7356
9241
1494
2168
951
1008
8101
9483
528
4547
8231
9784
4886
157
8122
3981
6763
9287
884
894
9780
5040
6269
7226
9457
3415
2834
2587
3894
5368
6693
644
3666
4953
3387
4681
6471
1211
3310
5446
8813
1534
4602
7719
7599
8315
5960
8358
1168
5950
1039
1565
8501
691
4930
2656
5699
1240
165
4270
9484
579
2623
4837
4565
3484
5787
7317
67
1577
1889
5520
5548
5747
7548
510
1563
652
924
9922
8016
6757
2260
217
2487
4023
121
6805
8105
1086
2459
6485
6549
6812
4423
4630
4014
4811
2334
3658
7741
8811
2660
2896
7104
6574
6062
7234
7363
5609
5668
7380
9029
4530
3485
5578
8516
9818
1707
3279
5242
7297
1172
2878
3320
3798
4697
9783
9968
9377
1473
4606
1101
3293
6330
4910
2474
4236
3868
7321
1778
4269
5701
8784
3410
5158
6950
8720
1948
3360
6171
8381
1383
3683
7397
7305
9341
2043
2239
7947
1205
6842
5226
8329
6840
8820
943
1945
2916
8117
8910
3697
6353
7893
9256
9700
2217
2463
3108
46
2757
2785
6706
3357
7370
6534
6643
1320
1484
2187
4100
1085
3214
411
3535
8256
8478
8751
2956
6217
2173
290
1344
8644
2209
6010
1944
8733
4984
7811
8390
387
5517
17
3059
9086
325
3791
9758
3796
6294
6737
1955
6065
9157
3037
7561
892
7544
1270
4541
2004
5892
3227
2518
4514
7140
9403
9931
8917
5288
8979
344
6648
7357
8083
896
3941
6911
7950
8133
2012
4593
8224
1014
3032
6818
642
3452
6272
755
3559
1515
1530
1680
1421
4839
6119
4995
6775
2237
8383
2034
3560
8844
6189
6886
522
9333
5066
586
7795
2159
7216
8469
3530
8888
8568
9814
1189
2368
7386
1909
5044
6510
8299
9297
1476
6076
6215
4712
4757
5822
2985
8342
393
1475
3438
811
1998
2300
3446
4972
8062
4200
9063
37
3069
4554
5038
8638
3246
5045
7704
3445
4226
6750
7429
5750
7568
2324
2808
1160
4842
2634
539
2093
3992
8279
3052
9650
2428
8109
5428
8066
8057
8499
9664
5343
1407
4635
7417
8288
2851
9622
4636
6223
938
4805
5156
3476
5738
6577
9006
7446
881
5911
918
9284
9484
1005
1333
1016
4319
8796
1013
3093
4736
5858
6521
3886
4243
6011
8212
733
1128
4746
1539
6468
7409
9737
5347
1313
5279
3847
4009
5366
6689
6986
7094
1624
3191
7259
2885
2189
9105
5015
130
3024
3504
1079
9061
2135
716
3946
9641
38
276
3592
4924
6432
7655
10
2630
7162
4852
5484
783
3638
7460
9441
1131
436
1766
7481
8429
8953
1177
7152
1831
4967
748
6380
8875
930
1558
3118
6008
3921
4474
6618
8202
115
5087
1797
2774
9518
473
1660
5573
6498
7368
3315
6378
9142
848
6079
2445
271
8487
697
1495
9466
2783
5619
8962
377
6248
25
916
5843
6495
2927
6134
8174
5854
9800
6949
9569
2865
8035
2071
4802
7291
2114
2123
8157
3397
4312
7708
9360
784
7632
4386
2177
4921
5417
7693
1866
2712
9154
3101
5389
5442
7300
2124
1897
1376
3800
1709
9955
4334
5404
992
5506
9535
8690
9419
1967
8363
5324
5196
5240
5302
1053
7624
7920
2457
3759
4508
7322
9475
1688
4803
1907
7178
7770
54
2576
2896
5873
7387
9072
1717
4269
4821
6991
1451
1611
2912
7563
9566
9306
5377
2311
5861
8950
9266
1799
4277
9724
6488
9213
5100
8056
5782
8534
2726
8991
2065
3072
4235
4723
6120
6503
7910
367
1675
6101
1305
3722
4632
6018
8592
8857
2204
5270
6800
7973
5929
6668
2085
2892
6850
145
5784
1289
3681
6304
1117
9916
72
1442
1540
4481
6093
4601
8116
5014
1386
895
6934
7167
8417
2074
4470
1984
4997
6963
1878
1987
5804
1350
1532
1124
9052
1626
8553
610
2603
4036
9429
7453
1470
2699
2883
5391
6661
8316
6190
6379
7272
7854
5434
7050
9994
2897
5964
8463
3789
3041
5777
6729
8924
9790
3923
4271
9886
8685
9227
4960
3381
3521
8498
1352
1539
7188
8969
3265
7904
8799
9984
4743
8149
3218
5968
8859
505
7980
9358
9435
3461
3990
5124
8396
515
4048
9634
90
2120
3046
4292
1952
3329
3704
7590
8629
3696
3742
2221
3939
8679
3296
4261
2578
9506
948
3879
4449
7514
5027
4458
5788
7844
9568
9649
8828
8932
4591
9075
5370
9862
6824
8894
1203
5039
5120
5221
9965
9801
875
902
2100
1536
2655
5361
7348
468
5945
1642
3563
8193
8898
334
3110
3062
7073
8227
9588
8059
235
4946
7328
8213
965
5340
6172
671
5627
6559
7008
7193
3065
7787
5323
9755
3240
8297
9930
1721
9185
925
1507
4585
275
5503
9240
9887
513
3030
3449
5724
5825
8301
122
2348
7408
4814
9212
4413
8359
3631
7337
960
4682
741
5898
6148
1307
3005
5764
6652
8578
6301
4528
8394
3084
6133
3565
3761
5449
6251
9825
7064
5836
9529
9749
1396
9913
1122
5399
6153
8514
8531
5371
5433
5632
7909
8097
8623
9387
4030
7459
7925
6791
6232
7430
2146
8824
680
5479
7134
9092
2738
4144
8556
9725
6947
5913
6022
6146
4175
8633
1017
2631
8466
909
1897
1225
1857
4774
5509
9370
4106
5796
9974
3531
5252
509
759
2352
2467
2962
4344
1094
2700
3955
7732
9750
7568
1634
150
4395
457
3447
8417
9802
2067
6506
160
256
5843
6193
1820
1182
201
6225
1610
7443
1672
464
6166
212
8474
9537
6265
3652
4240
1121
2939
3532
7489
9162
1003
8547
2379
7673
4520
749
1191
6180
2383
8088
9806
7054
516
5923
1230
7962
8682
8698
9237
2716
3841
251
7679
6073
6686
9711
2065
7488
8395
5068
5816
8343
7810
646
5364
1498
8373
1934
1199
7288
9941
900
9596
4870
7989
8282
3672
4935
3737
9045
2751
6595
2026
4429
7234
3569
4332
4914
7143
9448
4194
9468
1164
2478
9575
3723
5330
8172
7096
7291
8646
1370
1671
4124
8536
8093
8461
590
4001
4600
632
3750
1778
6156
8717
3848
5328
492
2149
6044
285
3115
3830
1133
6969
9118
2263
4691
4830
7373
679
768
575
2371
4208
7945
3179
2350
9324
4249
6519
7600
9576
2410
8418
6707
6989
2908
6596
8958
9008
9540
9707
4549
6464
1625
980
1194
3794
4293
4743
7257
8860
142
9260
9948
2590
4734
8092
1689
8048
8439
6214
1429
3132
4304
1438
7028
3786
4215
5920
998
2102
9818
1794
7085
8582
5137
7473
8779
3587
5139
8656
2662
5390
3033
7182
6663
497
3095
7845
8580
203
1178
6783
7651
7728
8749
1818
4673
3938
9442
9820
536
3959
6493
3583
7138
7772
8454
3290
9699
3674
9046
7176
561
3650
3358
9411
2812
5156
8938
9010
5966
1102
9115
5204
5266
5992
4570
5169
6988
9857
559
1157
7434
7938
6699
7424
8720
1477
2929
3162
9551
3922
6163
7892
8660
798
1947
2131
3335
4261
5059
9799
9877
7991
9782
6266
1118
5623
6598
7350
584
1809
4499
6642
4376
5576
6328
6588
369
2933
8996
936
5380
8948
4362
5993
4983
6235
1029
6202
6436
6772
4219
3383
1512
9021
2226
3525
4792
3016
8312
9526
2299
4336
6157
7202
8606
9822
9015
1526
2891
8546
8913
542
2678
5037
2319
1175
6780
1223
1771
2429
6142
9547
1566
2524
2594
4375
5788
7721
5185
5854
7476
1361
7081
9873
1358
6941
4371
5048
2247
4832
723
3710
4031
2609
3765
159
8073
9296
9626
2035
1256
7303
8138
5258
9018
2738
4715
7734
9960
1201
6853
7536
7137
2855
4112
6706
8936
818
668
2486
6084
4601
3003
8970
2398
9076
9829
3759
4281
6323
645
9184
3325
6754
43
258
945
5825
3433
8402
1613
6481
6967
8385
8495
9593
728
995
1746
5752
1855
6901
9127
6625
3744
4102
1554
4940
295
1673
4090
9681
4255
4165
4615
138
9678
8680
3430
7965
9480
2480
447
4130
215
1695
4420
5826
6824
7865
2409
6511
5624
9942
5274
9864
246
1073
1580
167
5100
3757
4815
4435
5039
2122
9156
2000
2488
2830
3875
5011
8399
9064
3750
8636
7941
4560
9089
9214
1685
5345
6547
359
4690
4844
9389
961
8374
1403
1892
3539
6209
9771
9659
3283
742
6466
8360
3755
5042
6145
115
3160
6789
1915
2253
3680
7947
9444
5513
7371
2077
6517
7229
3367
6636
8821
171
6221
6845
9567
4854
5374
6751
7606
1575
3689
4429
5750
5941
1650
2873
1900
8071
3302
5028
8746
5163
9524
1346
1528
6077
8338
1216
3885
9014
3558
5147
9954
5121
5844
7170
4236
6932
5015
9390
5673
8645
3158
3209
6292
7004
2690
4344
1349
2243
3729
7773
8818
9584
849
9414
3237
7578
9449
1558
5909
2341
5164
6099
7200
9151
226
117
2296
8377
4447
4917
7943
9001
567
8265
9654
1423
4310
5708
4626
6182
6817
7781
6892
8415
773
1780
4731
9180
2712
8308
8427
177
5245
9591
2824
5841
7411
963
3341
6309
8384
6180
5922
6858
823
7884
4751
2686
3121
3430
3169
2388
5544
4346
7812
4322
1
1554
2723
4028
4629
9754
1271
2992
8024
8632
8532
3935
5766
8148
1643
7021
7076
9879
7273
8630
1253
3780
4781
2741
1764
4037
8665
5058
8984
3011
3993
6766
9564
8594
1762
5244
5597
8896
147
309
6355
4881
7115
9838
975
2120
3057
1755
2790
5361
3510
9458
6084
7747
952
3742
6979
7662
761
6960
5557
8489
1506
2949
9084
6327
3595
5447
5052
8492
9082
585
1803
2250
4752
8675
6698
994
2103
1004
8451
914
1475
2484
7465
2608
5040
7995
394
2937
392
1907
3647
5041
169
1040
5435
747
2558
6875
7586
786
862
493
1455
3585
4686
4831
6864
13
3560
1062
3202
640
1918
9923
3574
5198
5309
9869
5315
5424
9418
2721
618
827
6241
8246
9996
9277
4257
1607
9971
6669
6280
6249
3335
6879
258
3474
4070
9016
2107
2818
126
7566
2252
5287
5495
245
3542
3205
8516
8902
2325
4406
5796
9701
8468
8948
7759
3163
6183
6441
8944
427
5307
2746
4231
9412
1928
8036
7027
7123
8321
1231
3238
7611
2741
9153
9972
6228
3031
6304
1083
3221
6322
7075
9137
2519
4826
886
4428
7163
8631
2060
2461
8937
9668
259
4595
6779
7534
8598
9419
8403
3182
3421
7702
1006
4234
6396
7542
4570
9491
1489
3038
3844
4985
5450
6367
9339
6541
1867
9445
161
1450
1483
4667
7250
7826
4066
5472
3630
3635
6039
7296
7797
7347
9761
4717
4982
6671
3399
4968
9152
9192
6947
49
1311
2414
3858
7227
7665
9961
748
5537
6088
1552
2061
7592
7090
958
3001
8181
8222
6540
163
4948
57
689
2382
5814
7661
7794
1711
7647
8366
117
620
2011
2212
4710
7703
7078
8897
9732
6568
7740
8587
8905
1726
7563
8048
5210
3725
7807
386
765
1860
2349
4107
6327
9785
314
3619
6086
8806
2426
4626
6173
7603
8769
1598
1842
4550
4927
5420
8540
5517
6302
9348
1362
5853
5551
6920
4722
9279
4125
8358
9604
848
3966
4494
4809
1155
3970
6334
4069
7400
8244
8462
2644
2752
6007
31
1066
1319
7142
8894
1957
3110
4976
4097
3375
7555
9617
2396
2810
7070
869
4942
9464
1874
5436
660
7058
4190
4253
921
7724
9713
1070
1274
4987
5904
6913
2836
3049
3297
6571
7387
4430
7230
8995
3963
4218
4934
5376
6405
7286
5464
4476
7487
9273
1500
6376
8272
999
9355
3552
3849
5640
2434
7681
3310
7615
9960
865
1355
9493
176
5901
8833
1845
2469
7569
9341
3536
3853
6850
2050
6813
4138
5147
5244
9217
4075
4412
6919
3135
7891
3589
5812
7111
844
9715
2698
4579
8273
6253
1502
1641
4173
6651
7120
7214
8789
8807
524
1954
8618
8951
9465
6603
4256
1219
3887
3239
3752
6553
7221
2467
5505
1670
2272
9426
7021
1129
4478
2049
3636
6284
78
3064
7680
8227
9015
2012
2948
4592
6708
4590
9628
4829
5256
1515
9727
339
1659
4949
45
6661
1183
7899
8853
9398
2087
2348
3242
8112
3865
2053
2063
7451
8993
9752
1479
1960
3948
240
6371
674
99
3158
3810
7000
1650
754
4749
1211
2802
9390
890
3573
5831
6280
7619
7698
3148
8684
568
1762
6434
8875
9319
4021
8241
1655
2413
4282
4472
6582
8133
8573
9729
1826
4763
5914
1210
4649
7336
7921
9932
6147
200
927
8560
566
5783
7709
3764
5292
5462
8745
656
1791
2595
8008
8501
8707
810
1630
6721
7431
1627
2458
7766
8741
9391
2
3804
8065
6987
7997
9006
2320
9674
5261
4167
7276
9811
487
1647
7552
4139
9026
2009
8505
512
8679
1321
2173
2356
3455
6607
8196
1921
9819
1937
7163
502
4357
6715
7429
6027
6047
6635
3453
6943
9972
5065
8855
1861
7949
4449
6869
7347
1462
1879
8488
8519
520
8856
7
3881
4343
1444
2007
2906
7346
16
521
58
4189
7285
2163
2051
3863
8954
6056
7142
7511
6311
83
3748
6475
7068
3484
3851
6660
7847
7327
7427
3378
1863
5396
5740
6762
9340
718
6996
173
5969
1294
2869
6787
7573
3872
5640
8275
1529
6719
756
4044
6283
9854
8267
9159
3087
3684
9872
3215
3687
7718
315
1750
5930
6662
7919
1624
7443
4669
2254
7546
8311
8838
9346
275
4659
1913
3950
7520
924
86
6868
8145
3332
2601
8656
4023
4390
2313
519
558
7112
7184
904
4943
9032
903
7456
9946
4806
7576
2308
1044
414
4586
6347
2422
2476
9618
4421
9557
7240
7440
1394
5314
6187
9832
5351
9019
9129
4517
7390
3385
8107
4962
4944
7286
8797
9290
5080
9797
4767
5426
8022
9283
6013
9012
140
6382
9118
8531
2238
4436
7466
1360
9660
436
4982
1869
2085
5954
6897
8398
9645
5918
3670
9789
4465
9953
4340
7468
8772
6805
8285
1261
4851
8671
4190
5607
6191
8408
2091
8353
5588
6936
5283
2986
4042
13
608
4091
5235
9964
837
7312
4503
4122
5293
1973
2642
354
9285
1484
2160
8198
629
2550
8562
2302
6470
6512
8830
3010
6585
9985
859
5209
1899
5906
8220
1612
3921
7294
7462
4392
2318
6984
7117
974
9734
3276
7587
8118
3743
685
2632
5134
6917
396
2133
4185
5801
2201
2939
6074
6560
1395
7214
6186
9893
110
651
973
5353
5572
5698
3608
6737
7521
8470
8887
7173
9842
497
634
5845
5962
8558
1013
4098
5273
4254
638
2464
8946
9775
283
3009
1297
2911
4957
3167
8171
4963
8416
4353
3555
3915
4502
7335
8870
9801
6077
2027
6095
7198
2362
3219
3830
5033
6556
6085
9870
991
3070
4590
8804
4011
7722
8243
5521
6799
7263
8264
4830
5605
6346
1388
9633
8635
8345
1378
1696
8911
2321
3144
8879
9230
1166
4399
6048
6069
6381
9189
2902
4108
9191
9269
880
3134
9429
7689
7762
4088
5113
5122
9350
5021
7727
7926
695
5795
6307
2129
9855
9772
319
4718
6630
8669
1285
3698
9538
1440
8852
3176
5091
289
1691
6206
7128
5985
8316
5190
7886
9535
2196
9762
730
9247
7074
7455
2144
7500
8181
2486
3529
616
7864
5751
3974
1966
3459
8014
8298
8810
4910
6474
6714
3514
3576
6184
905
7659
7677
6224
4282
6881
6939
1107
3106
1941
2491
8960
4320
6565
6619
8246
2386
5228
8915
1326
5973
6123
9761
9894
4699
5107
9075
9619
2504
7109
4411
2787
8710
663
3450
8570
1836
5072
6300
7395
5692
9997
261
829
1764
5023
5475
5659
4338
7893
174
6429
7989
9337
6856
2024
3233
8317
873
1641
4355
4226
6552
7292
9962
4828
6599
7793
8525
2158
4457
6181
8759
7337
2361
2956
6058
580
6679
9766
3857
4720
680
5341
6281
362
9490
2604
3258
3678
2733
9000
453
1133
1429
7610
1146
4490
1288
3952
1820
9313
6900
8823
6983
6919
862
5278
8274
4939
1199
2197
5540
4558
6131
7113
4283
2090
9304
9936
1267
2379
6336
1569
4240
7724
41
3928
3363
3417
9989
2826
2931
3472
7581
8891
9030
1849
4895
7041
7276
2998
5710
9687
7627
3180
6179
9425
239
6520
6478
7647
7887
1742
1798
3668
6757
8169
241
2665
9231
2472
6735
7132
3097
8113
2329
3753
395
6759
273
6972
7799
4745
6971
701
8794
1566
168
1971
7261
1240
2268
5915
5819
4959
6579
444
4935
6614
4146
6513
7040
8410
8096
8617
9052
3936
4669
471
4530
6863
2305
1730
2572
6447
8378
9729
3334
3747
1072
1142
2230
3047
8135
6676
3731
2017
2301
4111
6966
8033
3833
7244
8658
9162
2796
1682
3254
6774
7478
3445
3994
9477
8427
4126
7763
9511
917
6791
8286
1735
3453
7692
5422
7325
4212
703
3548
7798
8619
2600
6484
1480
5907
7141
2018
8624
9034
4794
5141
3372
5486
3015
8600
7423
7504
380
1436
7001
8021
6696
1645
7475
1019
2679
3529
4866
8216
8192
3088
9598
6275
6924
6835
6954
5236
702
2965
8426
3953
5513
8456
4559
3133
607
7032
8136
5272
5860
600
3239
4572
9483
4077
826
3240
6173
236
6455
2772
1903
3501
8082
1545
7116
21
1756
417
1368
7809
9115
9370
5494
2384
7939
8664
9858
5939
8391
1146
5559
860
5887
7352
5913
5555
8593
7135
7960
8424
9164
5615
9502
9744
93
4357
9408
6531
6847
6107
3401
7320
8238
8841
9993
1956
8990
2761
2996
5614
3119
6188
2214
7029
3440
9467
6670
7421
8986
5785
8552
1291
5601
6012
7365
7564
6910
523
3734
5541
8375
4724
5440
5980
6656
325
3141
9892
3441
1703
1978
4405
8541
398
228
6697
8020
6672
9566
6530
791
7727
3850
5867
9553
1212
5633
4511
5552
1914
3229
730
6309
8702
219
874
2218
9420
7562
7996
9604
6852
7281
1221
2854
3348
7707
3409
1204
7761
7829
106
847
2638
5443
9248
3595
7797
9228
9937
7865
9172
8936
2661
5154
707
9439
4529
5430
3511
3882
5265
6407
5327
5515
9685
4491
7333
1639
6838
6932
6744
982
5311
9107
5832
7310
9070
9671
4943
7277
8589
9514
7484
7709
7754
4131
6739
9611
306
2339
7919
682
6498
4401
158
673
1528
1761
7953
9773
6529
79
114
1197
3413
5643
9580
8527
2317
4711
9846
1264
1975
37
2373
8420
8958
4080
5794
249
8993
4949
6742
7676
1435
7823
3873
3185
9087
5531
7033
342
5876
4278
8699
9466
708
4780
1120
3716
9669
758
1998
3507
1833
3408
4409
5416
9949
1348
5771
5193
1046
3809
4120
9416
6078
8121
2059
1788
4978
3122
5358
8061
9699
5617
6366
1852
2374
4422
822
1563
1374
5200
3156
18
2771
4932
7050
8726
774
4009
7531
6289
1340
9140
3944
424
2765
7255
9069
2739
4565
4846
6128
8733
581
3995
7072
1014
4363
6753
381
1702
2197
3908
3815
4345
1352
4384
8880
3320
4885
146
5855
5935
8390
9121
732
1095
2233
9022
2580
4695
1868
2928
5831
6522
9621
2100
3127
6352
88
3531
5856
5197
5285
7682
2949
3861
4134
3243
8661
789
3600
5725
6815
129
1650
4563
9824
210
2269
2938
5585
6726
4029
5650
6108
8161
8913
3606
9686
9424
9585
1783
3537
9897
2113
4674
7729
7598
8798
1290
5328
108
5337
8425
9709
2231
3171
4380
7128
9077
9083
2521
4651
6879
4168
1234
4442
7229
4330
7898
9550
6420
7481
3836
7553
883
1003
5412
2304
8574
9553
3116
3208
3278
5461
1733
5241
4111
4404
9517
1872
2781
1679
3077
3336
6333
8122
792
4625
3138
3627
3945
5364
3061
5074
1366
6882
7338
7776
8808
9627
4460
3140
7880
181
1638
6690
5743
753
8811
3436
5000
3976
5699
7732
944
9997
3648
6087
5331
7507
4757
7463
515
5456
7056
9785
700
3666
4815
5320
6422
4812
2434
6093
9038
2355
3662
5758
9212
4648
2982
6434
7905
9778
5997
7179
3166
7532
8281
7877
3227
6237
5846
4162
1827
141
1505
2351
6580
1047
7105
352
7158
4050
7648
495
4616
2899
6602
6695
9885
6556
8102
7467
7529
3132
4022
1633
1877
3711
469
3564
3028
9049
1218
7525
8810
1417
8067
9815
353
454
2779
2570
4762
9036
2833
6430
6097
6431
8923
4132
5040
7285
8753
5480
1993
3910
4536
9514
1879
2927
7174
7539
9064
8656
799
1382
2208
3039
6149
6535
6778
8165
2787
3686
5597
6439
9430
3283
2534
4627
6105
9899
9
371
7375
7882
3728
4717
322
928
5253
4303
6841
74
3322
3035
679
935
1416
3571
5646
9572
2297
3107
5190
4741
5655
5977
3051
4961
2611
3916
492
3206
7550
699
1814
5631
6861
8173
3972
4007
227
2441
6941
3687
1830
1742
8444
1422
435
4027
5609
6345
6083
6591
9196
2186
3888
4492
5478
6722
8351
2331
22
1205
1583
5439
8291
6096
675
7706
960
7059
8831
9198
4064
5161
5334
6258
9608
2730
5477
9763
337
3505
1041
1524
1871
2629
5222
2485
4266
5897
1315
8765
2438
3599
8822
3998
9254
3311
5228
1137
9216
2966
3359
5112
7271
154
250
5115
6249
913
6214
9408
1413
8019
8740
8819
399
9833
6760
7946
2402
9316
9526
1893
2143
4003
6172
6935
7977
9887
4966
5537
6495
9002
5006
635
853
2341
8324
8441
313
9877
1372
9685
7813
8782
4628
139
8752
8901
2280
2968
5437
8289
5050
1002
3044
6193
7332
1187
4976
9843
9567
9696
6956
7873
2299
2607
5640
1304
5453
2600
2915
4477
6632
2290
4734
8586
7881
4882
4970
5596
5787
1071
1694
4136
3990
5195
5507
452
2695
6329
7585
7982
9078
9487
7118
1805
9385
419
2405
1101
1258
5488
8583
3114
3428
3924
4147
6906
6907
8340
8900
5497
7652
9119
2672
8853
9630
2039
7254
3297
5946
1260
4893
8527
3949
2764
3735
5392
7047
4940
8867
976
3979
2465
3036
4171
1586
7479
1251
3705
5774
7422
624
7673
8480
534
3210
9571
30
1129
3891
6355
2873
6761
5160
79
1159
2381
7782
8659
368
4725
2416
7343
8130
9302
107
4079
5260
131
1271
2475
6451
1382
1973
3327
7690
8121
3451
5571
6094
1288
4191
8371
4138
4980
950
3280
5589
5780
8642
4271
189
798
2529
5789
8400
3615
6494
661
6896
6218
360
807
3377
336
411
6459
6297
3157
7321
1968
4771
5790
465
9973
7513
2385
6692
7645
4842
877
6385
2573
2781
98
6555
684
9726
2448
3602
6872
1604
43
2294
4539
4543
1496
2408
2617
6198
1488
8348
3170
856
1683
5668
2788
2858
6704
549
1638
1921
8622
2283
7714
2954
6531
7209
2725
7980
9151
7530
7397
7835
4573
9182
3981
4398
7030
2394
5259
1284
5352
9558
4402
4078
6136
6215
9148
1776
3669
8195
4501
3797
5017
9908
5317
8321
6886
8306
9622
5773
8859
214
3460
4965
8868
2354
1282
5056
2216
2586
6649
7227
2210
4169
2182
3138
4546
8629
4218
5483
6156
6776
318
1832
7432
8262
9169
6594
7168
2462
5677
6143
6920
8035
2866
5715
8381
1325
4002
3804
7604
5761
6785
2256
2639
3258
3543
5653
2962
7827
9437
4479
5137
8971
2844
9330
8724
5719
7386
4451
4400
9875
7269
5673
954
2297
7895
7908
9945
1025
2064
2223
576
1999
9602
767
2731
7116
5749
146
4672
1232
3856
5381
7923
1064
2200
4938
5645
6553
7927
8472
958
1642
5448
7854
8673
8178
9975
1109
8492
9474
348
6238
9335
2125
7559
9853
2692
5527
8276
9362
7839
7969
729
2729
5978
864
5111
7725
2286
2707
7062
5827
6258
532
3010
4799
6094
3975
4835
4912
5142
9190
1010
4820
7544
8546
2665
4514
3226
3670
7147
1700
5954
911
2282
2736
8426
3467
3323
8300
1124
5393
1231
989
8873
2368
2960
6461
5283
6392
7803
4689
5042
6489
388
1684
6334
2155
9676
111
7789
75
8041
5923
4388
6834
4020
6588
7444
1103
1380
4385
7452
8074
1562
5620
1404
8140
3462
5730
5024
7145
622
321
5421
2793
4372
2628
6436
1503
6383
7222
7928
8695
4159
785
5453
957
2151
4870
9793
9080
9489
2071
379
1948
3566
6147
736
6732
2290
2412
6394
9982
3195
8792
397
6801
7533
7835
8654
1376
4052
5792
506
1162
1894
5362
696
2616
2669
6310
4789
8281
8415
8846
1138
3457
4785
681
4956
7230
8880
3037
5171
5499
4790
6133
24
762
6806
4155
2629
8764
8031
2740
4350
4875
5608
6942
8686
4754
7415
52
169
2433
7448
1095
5587
7994
2975
4768
8272
9868
3155
5719
8722
2663
8742
2539
6319
586
4468
8079
4773
4878
4889
5384
5765
6875
1590
7206
8005
4644
4687
3256
1438
7416
2455
8063
5961
8961
1678
8876
5900
4978
6814
7889
8333
9382
2203
8312
570
972
990
5051
8709
8755
365
2864
4714
7875
9024
6752
4416
8206
2621
8783
903
7966
2250
3403
5308
5073
6703
9295
2818
5610
7788
9864
5530
4281
6257
8895
7156
5734
7354
8445
1241
4638
8188
739
4035
2806
3832
7398
9763
1184
6364
9217
3809
1100
6909
8458
7962
5375
7400
9137
3846
8981
840
4391
7340
6918
2287
4873
6865
1889
5689
7644
9575
9764
1373
1386
4713
567
1758
8154
3397
3441
5814
7031
7540
6748
1303
5901
6044
7495
158
2139
2526
1509
4326
4646
8982
1700
4003
9804
3957
4913
777
5686
9505
9599
1681
5327
6009
3598
7796
1056
4194
2623
2792
3331
7565
4958
6017
8016
4537
6146
9307
4483
5153
4614
4860
5337
8405
9586
3504
4849
2068
2857
4728
3394
5884
7479
1784
7605
6523
9072
5402
5458
1277
4298
5762
6455
7759
1740
2981
533
1951
3725
8278
3891
7659
1818
2234
6137
7547
7603
2670
781
7270
8623
7772
301
734
3728
8765
3365
4679
3295
4990
778
5385
9288
92
6894
9631
3579
9023
3900
3154
5167
7971
7367
8208
4712
2178
2262
5306
7548
3316
7038
5166
7374
64
77
2089
3027
8857
6073
7266
8349
3845
5466
8588
3102
6026
7181
2535
9786
208
2342
1158
4603
7185
7614
9751
145
192
4406
5516
311
8078
8687
9040
2947
248
1084
8773
1368
3443
4692
6687
900
1003
9921
2605
7991
2079
3354
1862
7319
7753
6469
8640
9563
614
1798
7903
3558
5387
288
5647
7616
1633
5754
5039
6829
8597
8957
8837
10
7076
116
5127
7256
6564
9561
2957
8382
9992
4186
3552
2509
7326
56
3835
6848
3054
5818
8361
2765
2459
4325
9239
1358
4314
1840
2063
8407
9489
181
1601
2462
4702
6611
8933
3751
3987
9335
7083
9955
2589
5394
7858
8057
8215
9324
5927
8616
7368
3536
5254
4366
7040
5234
8414
1243
276
2354
3632
9610
779
2882
3269
5760
7571
5130
1103
1861
2069
5184
6229
5231
5337
6684
7509
7940
8259
4658
5300
7069
9050
6182
7990
1057
2239
1080
1986
2031
2922
4307
9519
3791
5482
7760
802
813
6994
8410
910
5986
3848
4797
1813
1828
8941
9342
9546
3647
5168
1810
5044
8158
310
3746
6187
9090
9857
326
1056
2262
8988
9505
8633
1659
4018
9578
1308
1602
6055
9461
2446
4568
5634
5880
3240
9464
5701
3463
6677
7364
624
8700
6479
992
6484
3611
5133
6804
6882
425
1669
1819
2319
5229
6370
3290
1816
3831
8446
514
1939
2901
3790
6418
7730
5657
70
5246
7428
7789
3218
4617
6113
8581
9845
529
2651
2706
6606
2076
7117
3079
8778
3601
1347
4542
6247
6368
4723
6898
3249
9890
9593
9839
9027
1525
7448
1011
3553
9292
3684
7958
1845
5401
6527
587
520
5540
5906
4747
7780
9256
9527
7856
447
5589
2520
5543
8118
2061
2255
328
7402
5398
7216
8320
5488
6511
7831
1729
6717
1088
9607
6117
4133
5649
2559
9605
1994
9525
7175
7885
1718
6388
8790
7861
8669
9957
1391
1898
2043
2512
4697
3717
6651
3017
3243
847
9329
3275
5849
6011
6320
6839
8065
2538
7019
2145
2141
7196
2243
4718
5986
2531
6217
4463
9582
3988
4290
1958
9320
4149
1445
7212
5078
6630
8859
8870
570
3189
428
1403
3719
4489
5325
3651
4030
2447
7407
498
866
4757
5913
6998
1446
4901
4166
2852
4823
5935
8904
4181
5155
7263
2439
7695
8221
9367
282
1790
2400
9494
579
819
1622
5255
2990
3825
3300
3652
5413
2836
7145
9813
3697
4900
8984
5908
7775
4410
3806
7579
8235
1592
4694
3168
7339
9658
1664
7455
8017
2217
5390
6234
9397
5921
3657
3798
7527
1152
2768
2270
7813
8512
4170
8511
3781
4515
3905
4922
6324
8746
8898
40
4779
7359
7822
1591
6375
32
3118
7192
8393
413
9750
7912
7353
5320
3890
5235
8070
584
560
6863
7324
2803
7458
5409
2802
6119
9720
3750
8132
84
4023
2062
4481
8973
9058
1577
7202
415
4496
3338
2681
8815
9396
1387
2762
6041
7868
647
1674
2555
9865
1923
3942
2612
1615
4411
5936
7003
1536
3267
5204
5359
7016
8573
1931
5561
3543
8180
9240
9923
2421
8562
7181
1540
2882
9463
6061
686
1110
1113
7225
7859
9145
2604
6822
17
4970
5675
6245
9683
3016
7393
5621
1268
1639
3148
3885
92
1119
2984
8970
1102
8380
1337
4265
8191
6587
7294
6181
6370
7573
7902
7012
6849
6074
8745
9718
3596
9939
762
5838
7098
75
5388
9369
5357
3393
1802
9486
1697
5289
6837
7165
8714
9736
9896
284
4174
6560
1773
8924
9401
81
4577
5862
7044
7346
4744
8167
291
6256
8212
9980
3268
527
4617
7757
2001
3678
5942
7955
394
7183
7186
244
6608
8357
2698
6593
8125
8266
2638
238
2395
1169
4886
2061
2498
1211
4836
8497
9809
657
8086
1266
6743
7913
5126
6355
605
798
6402
5001
573
6293
8641
3683
177
2801
2813
1116
3755
3766
5872
8527
4715
4113
8657
2025
8452
3056
8909
3980
4459
592
7207
8935
3104
262
5167
5336
1280
8960
9633
8769
8937
9043
3572
5776
8748
7153
9508
8267
9538
690
7542
3841
7700
8356
2050
1181
7601
1331
6802
8413
7242
2540
5298
7070
9029
192
6158
7340
8528
6216
1096
9065
9251
6489
6648
1249
3305
6968
2110
2515
5294
5881
8457
1647
2415
3099
6636
9880
2176
2959
7991
9259
3932
5890
7492
6195
64
2675
9095
3553
7653
385
1675
4315
8321
6344
4916
8214
8653
1643
8186
1112
7901
8433
8473
3204
8760
6339
3739
359
7470
1666
2155
6146
7006
667
1977
3693
5688
8060
165
8587
715
7087
1911
5604
117
3212
6575
6614
9936
6518
4996
7010
9085
76
2247
6415
9826
7147
8322
4968
5145
7686
1265
1885
6830
7170
8758
2377
3644
5081
1135
1385
9103
2900
4034
5661
6989
8260
2964
4304
1889
3372
883
4433
78
197
2033
3838
8211
9479
2608
4893
2578
2999
8882
235
2118
4074
4363
6003
2058
8059
854
3551
6911
7721
5975
6057
3059
2109
8424
439
2153
6571
6640
7915
2597
2799
5274
3625
6157
9353
3394
5697
7602
8569
4952
6694
682
1206
8319
9470
6780
4793
9100
7310
4000
4145
6864
7929
8367
4597
603
5546
9381
7823
1067
5123
4920
6880
3699
6551
6612
8051
9230
1141
8388
4789
3538
400
3927
6852
8645
9513
6822
6918
4581
7789
374
7737
1614
1685
9749
1068
9448
3663
7933
8269
8881
1156
1658
7963
9019
3289
4844
5295
3313
5995
948
1405
8337
9258
1407
1579
4188
8570
8912
4177
5316
141
6385
7060
9198
8216
7826
7893
9567
6925
6982
1961
7444
1773
2789
3019
3478
9444
68
8449
965
2691
6724
7164
3816
4176
499
4512
9707
2271
4547
8826
484
1183
4506
8983
1692
9679
2817
7794
1348
2056
9181
5417
2497
7091
2086
5791
6646
2926
3371
7764
7828
9072
9727
2767
3083
3480
8205
7057
6539
2037
5517
6975
8670
3873
5101
4429
1954
7101
9507
3351
8754
4038
86
6403
6509
5942
4081
4488
5573
3266
3938
9901
1557
3333
5677
4876
1276
6393
6669
6877
8001
8109
2112
5046
793
2755
4574
8194
494
1887
3650
8652
1691
2860
4193
9904
9066
2914
8354
8919
3094
5485
8435
346
437
7404
3368
1518
1522
2922
8649
4041
5560
8496
3921
4412
4357
4748
4515
8580
9557
1115
2658
9799
912
2238
5836
2430
4984
1530
1989
6745
629
1821
5953
8566
9310
9947
1193
4772
6010
401
5407
8523
1689
4137
287
5733
1531
173
577
9115
9501
9055
5925
1148
3182
636
4372
1770
2686
7646
209
9000
9383
4129
5043
9019
9871
6667
9520
2103
3091
7819
2554
1663
2274
8914
845
7026
7609
7827
9950
8719
2614
2147
5069
7881
1631
7838
7948
8098
3117
3164
4170
7963
1573
9607
0
1603
5520
4083
7733
1807
2136
3250
4971
552
6688
7734
9176
9461
572
1902
8258
2123
2161
2666
879
1568
2395
5640
6818
2084
4150
4123
4473
6135
7173
9968
2222
4441
5027
6708
8448
6739
9294
2782
7968
8547
5745
9241
5025
2481
9819
1502
7289
9201
2288
7233
9753
3652
9951
297
531
7626
5678
7507
9131
5208
5859
914
4864
6034
8630
1749
1860
3130
5454
9379
2259
6292
7820
5290
6096
863
7122
964
2092
354
1888
3089
4191
69
968
2029
2451
318
5073
3997
4755
8894
653
5833
965
1312
9692
729
1924
4156
2160
3462
9493
1865
5694
5958
2257
2376
458
2939
7551
6195
7491
9930
6808
7341
3682
6403
4671
6250
7473
8610
8612
9419
846
7282
7774
3071
1975
4014
1988
7523
8131
9840
139
3389
9703
1018
1957
6664
8955
4462
5736
3703
7518
7894
8956
3959
9600
9044
2149
3201
6093
7886
2052
4895
7972
6202
812
3978
9048
6311
1944
4882
5284
7223
2878
9112
7546
156
9732
8189
7370
7587
9812
2834
5277
5664
5910
3392
2841
3265
5247
8097
2260
8676
4611
9985
2386
3689
4799
5971
164
715
6192
7385
9042
2994
7422
3754
4232
322
6439
2358
2583
9594
8029
4487
8075
4442
8406
5170
5519
6418
7672
8071
2785
6630
9660
3330
6306
6927
6891
9083
3906
6129
2674
1341
3788
8607
8864
3480
6242
330
703
4683
9906
2102
3391
3589
9358
9495
3445
7121
7
8480
9460
9524
307
1654
2516
4331
3752
1428
2746
4219
5243
7412
9902
6058
7854
9549
3229
9236
4482
6922
7605
8009
415
2871
8646
8899
9155
5331
6589
9678
1793
937
2581
4789
9090
748
8047
2660
7067
301
1238
8179
9606
9267
2855
8679
5348
7414
9482
2766
4513
2010
2539
5771
6556
6608
3561
8334
3006
8650
7097
630
6691
9195
1454
5236
4555
6395
650
4908
2106
9537
3041
8032
8135
4788
6223
6433
9082
573
2392
2693
7224
3350
651
3818
9330
3399
4454
6586
6799
2573
4978
5151
6389
9393
8083
9017
9665
2763
2448
6235
5547
4612
4982
6545
3820
5520
4804
6243
6902
3318
5905
7098
9698
5886
8553
581
4583
8391
9253
3789
5254
8450
1490
3075
254
8139
1105
8578
7681
8966
3205
6282
3143
3315
5268
9509
805
7381
7576
1344
563
3022
5102
7021
6522
852
4510
5118
5373
623
697
1926
4061
6278
6643
1054
2096
6652
3581
7453
9123
267
1299
504
1757
2009
3665
430
3270
9495
712
1778
2162
6431
1749
8022
8201
8225
9570
4812
5004
2800
7502
4899
5622
4930
2580
6616
858
1566
8605
370
8461
4891
6978
7805
8554
7069
8168
5334
268
627
8593
9370
4332
5057
6263
8430
7478
7126
713
4223
8468
3889
4767
7995
2114
3259
5237
7745
448
5025
9688
5680
7839
1406
9569
7590
9746
4737
9229
7782
9413
2327
1728
3909
4903
5482
6831
5514
5747
1319
4562
2032
4582
6413
6199
1506
2431
3592
4814
953
2508
9193
9987
3883
9170
4415
5114
7239
8282
57
2436
3174
9748
500
3890
1047
6845
1434
5515
1399
2074
7543
7667
5965
5773
3287
4631
9286
8797
377
4202
9411
6778
7887
7624
9960
2171
6701
2965
5607
7135
661
923
5885
4689
8365
6745
2347
5654
7975
8329
9590
2109
9706
5183
9386
9516
6315
1229
9868
6582
8828
1607
7799
8959
2137
2466
3688
6696
5867
6144
2575
8998
9093
5291
436
1859
5443
4243
3708
6427
8459
8210
25
90
5851
5759
311
3693
2610
5038
9671
2684
6221
480
3494
3766
6175
7015
7692
8629
2805
7941
9347
132
3060
6622
6730
1758
6429
4384
6451
2683
3666
1017
7804
8926
1481
4722
5997
8577
8974
2013
5187
9484
9611
3415
1610
3796
9643
7743
7541
566
1871
5069
2838
3668
2664
6267
6278
8824
9272
1495
4472
1318
1837
3319
1089
2343
4604
8226
477
7011
2428
9771
1600
6626
706
9840
8348
5728
7009
7959
5988
1762
4148
8689
5921
4297
8127
9191
9519
4017
6559
1256
2175
1866
7634
9626
303
937
3225
4350
3823
3129
7480
8066
9558
7363
9965
8542
3578
4679
8495
7474
1839
4179
5903
6991
7866
5194
6517
9536
5539
6671
7309
7855
8290
5043
3030
4733
5947
5455
9731
5319
7618
5301
7405
5619
5918
2035
4698
7931
7419
2003
7918
7199
272
5611
3299
4404
7739
3407
3192
4160
1
3004
4069
4274
5028
6308
2235
7194
4074
5178
2350
3972
2276
3973
8270
9044
5653
969
990
1270
1411
8135
8461
1225
5412
922
3428
6189
8690
1911
4128
5639
1589
6279
8352
9592
899
904
3146
7726
5829
9433
427
3083
1429
6367
3015
3384
545
9309
9349
2195
7699
8032
2406
983
1431
2653
7850
5662
3895
1932
4809
8767
3971
4902
5498
7522
2312
9005
361
4342
312
5277
7047
1938
8750
9629
6418
697
6562
2010
7388
8590
2179
2308
4400
4495
5323
7074
6177
451
1985
6900
2620
5210
9396
5697
9375
7106
9881
3373
4781
6889
2307
3834
3615
3655
9843
1147
9373
1933
2930
7909
2955
821
2471
4969
4995
8525
2327
2790
3639
6792
8254
1997
2576
7837
1813
2337
2753
6468
1725
6461
583
1792
5018
5399
7494
4300
8455
9958
7890
4763
6022
8066
1976
6025
1157
1272
6134
7957
750
6390
7785
519
3246
6519
7328
1817
4093
4808
2208
3037
6663
3333
9680
9966
27
8984
9748
3440
9501
3512
3892
3349
4854
6408
6422
6534
31
3431
6960
5068
7964
9370
9754
2124
2856
5887
3885
5861
9402
435
5491
9716
36
4988
5258
7409
116
1697
3124
3777
4974
5501
1466
2520
3830
7447
8532
9620
2949
4314
436
913
8802
3029
3302
3516
6420
8716
3222
4502
459
5559
6975
1031
6540
7220
1432
4892
7184
9841
590
1824
6885
9261
9893
640
2499
1073
3359
4483
8722
929
8483
1812
3410
4528
7102
2936
9096
1150
1285
3622
842
2470
6772
2116
2230
4859
6207
773
6301
9757
6325
9057
7679
9133
342
397
1930
3687
4277
6913
617
6040
1059
1947
3911
5076
4936
7430
7545
8161
1537
4942
5149
5878
7620
9983
2554
132
1236
7485
1262
6623
1847
6270
4967
8545
4006
9414
3594
6910
8370
2180
3737
340
720
908
2898
5909
9137
8489
9895
1230
8049
9965
1796
7642
1688
3812
263
316
6638
1608
7074
8972
1722
2057
7493
8609
2991
3152
221
9426
469
4818
5341
1823
5020
5741
9425
256
503
740
8043
9015
4021
5888
6795
8567
3539
9377
1136
1234
2844
4031
528
8637
625
1728
2077
2956
1678
9679
677
832
4637
9794
4157
7921
4070
4192
4263
7349
7177
4675
6128
7508
8028
8575
6089
9252
9581
802
8917
2677
5823
2963
7579
4981
6187
6579
6988
478
9887
9991
4361
1921
3093
3526
5108
950
1587
1753
759
1737
9390
270
414
6106
9756
3361
4532
7386
8192
1415
2608
3038
6790
21
5264
4932
5190
2590
217
5948
5853
6676
2165
3497
4090
7479
9637
8180
8879
8944
9867
1274
9427
215
8060
4813
5065
8321
425
2268
3931
3950
158
7481
8728
1321
6530
5650
489
4456
1734
7942
2571
6279
6997
7708
122
265
9552
6680
8203
2757
4308
6212
4320
2807
6740
7137
6352
8801
8841
9792
8218
2938
424
1960
2472
8855
4201
7094
8652
2168
8931
9529
8494
7844
4288
7712
5359
8107
884
2346
5174
8657
9444
1895
2332
645
5054
1400
7539
8872
345
916
5586
8713
689
8196
921
2970
3626
5502
3402
9714
2370
8684
3773
993
3179
4884
1097
1714
2352
3184
4441
2061
6644
7920
8462
1699
6730
1071
2115
828
4446
1070
1677
8522
1290
1468
2732
5251
2192
4077
3842
6064
9713
1339
8271
9981
6409
1786
9700
3854
4048
4536
4630
4591
4592
4114
7856
6144
9970
62
8383
964
4996
1883
2839
4153
7027
1455
3554
8028
738
2835
9141
1126
1444
2440
6088
8660
9116
9903
3897
6737
205
1639
6877
5609
3839
8421
1394
7967
2190
9104
4776
2341
3889
1688
6624
6502
5416
7548
2107
9418
9639
6400
7130
4183
6547
3630
8033
585
978
7332
9948
665
5889
6127
3161
6178
6200
6555
6727
1620
3096
3868
760
6354
7143
8200
1139
2161
2389
7124
7430
8789
8430
8707
4831
6720
3688
8601
2463
5018
6210
8880
178
1470
6052
7771
398
4967
5157
2879
3603
7656
2158
6707
4575
319
1542
4
2599
5009
6992
1381
7144
4961
8025
3434
6404
4648
6011
7342
9705
155
8464
5072
5666
78
7
9758
2523
7718
7847
3692
6306
9559
2771
2565
3969
5554
3832
3
2478
6495
8549
4370
6944
825
4282
3731
3960
2572
6774
936
5401
7298
4546
5924
3290
4264
5644
6472
8372
8536
5516
7249
420
3125
6804
2202
4139
3667
8232
9031
1408
1965
9755
5317
7820
9003
7284
2904
7442
4601
6481
4639
7002
9568
3607
6050
9777
9000
2347
3273
4387
8531
98
4775
7819
2760
7152
7536
8377
7849
9273
1950
2477
7971
8081
8851
5287
7786
4532
9564
9493
8040
6946
491
2728
4187
7557
193
1482
3413
7228
7478
5808
627
7527
1972
2359
4649
9473
1042
1262
7145
1609
5571
8739
547
644
8394
2664
8621
1295
2577
4994
7799
2338
2447
3801
5256
5991
4120
5826
9078
5612
8701
1704
5
9573
2482
6219
7205
6162
658
2827
2793
3883
6655
7439
1527
4054
7641
4302
5169
6113
6833
3281
3844
8145
9969
1485
6548
9525
9553
4852
8182
200
2288
1458
5446
3649
5681
5117
5784
6267
6387
6934
2225
4730
8245
7812
8753
2714
4164
5764
2906
3722
7976
8942
3328
7526
8965
9876
1501
2457
8835
985
8976
4705
3069
7000
9250
5470
7417
7582
739
2162
3846
4065
5393
1094
3304
732
2000
4454
4509
8865
8423
8344
9229
1064
1507
5354
4703
5010
5589
5963
6406
3111
1995
4060
8087
3966
8124
5970
7232
343
5352
6511
2404
3505
5512
1665
1701
3734
4118
7039
3276
5504
7661
8018
2425
5418
6369
3507
8079
2334
2903
4140
5999
5340
8962
9134
2085
3275
4097
8573
5655
9985
3133
4156
9635
2944
3436
7033
5483
3017
1515
1847
3902
1188
6708
7514
8392
9872
8663
5985
3900
4529
4710
5442
939
3590
4954
3729
3658
7767
9363
405
7040
9510
9724
752
7886
5077
5806
9106
3187
4898
7344
9144
5410
8068
342
3637
3871
5534
7677
2126
3257
4807
5389
4941
7169
8218
5012
7469
4468
571
8165
9942
4192
249
541
777
6447
7994
8550
9462
6965
7080
8803
5661
6902
8152
730
3018
9504
2557
4879
1349
1441
3458
5772
6469
6821
7997
8826
948
6697
694
4561
990
3483
5458
5522
3829
8888
5302
3339
1793
6659
892
313
320
381
2472
2523
4417
7133
1123
2697
5296
9142
6939
8476
2704
6748
9340
7032
7256
3901
7366
7583
225
7254
8943
9109
8409
575
3308
7853
8511
8746
106
7990
7111
105
2458
5468
6202
8453
3496
4986
7464
166
5373
9956
6628
6516
4402
7045
3256
194
1596
1323
3768
6141
9045
210
1973
2756
8042
3771
3211
3985
9573
182
3730
8576
781
2530
1005
5530
3345
3939
5278
7943
9074
7713
3696
9735
496
3353
4951
5830
9574
9347
