213.2
213.4
213.5
213.6
213.7
213.7
213.7
213.7
213.7
213.7
213.7
213.7
213.8
213.8
213.8
213.8
213.9
213.9
213.9
214.0
214.0
214.0
214.0
214.0
214.1
214.1
214.1
214.1
214.1
214.1
214.2
214.2
214.2
214.3
214.5
214.5
214.5
214.5
214.6
214.6
214.6
214.7
214.7
214.7
214.7
214.7
214.8
214.8
214.8
214.8
214.8
214.8
214.9
214.9
214.9
214.9
214.9
214.9
215.0
215.1
215.1
215.2
215.2
215.2
215.4
215.4
215.4
215.5
215.6
215.6
215.6
215.7
215.8
215.8
215.8
215.8
215.8
216.4
216.4
216.5
216.6
217.0
217.0
217.1
217.2
217.3
217.5
217.5
217.5
217.5
217.6
217.6
217.6
217.7
217.7
217.7
217.7
217.7
217.7
217.7
217.7
217.8
217.8
217.9
217.9
217.9
218.0
218.0
218.0
218.0
218.0
218.1
218.1
218.1
218.1
218.1
218.2
218.2
218.2
218.3
218.4
218.4
218.5
218.5
218.5
218.6
218.6
218.6
218.6
218.7
218.7
218.7
218.7
218.7
218.7
218.8
218.8
218.8
218.9
218.9
218.9
218.9
219.0
219.1
219.1
219.1
219.1
219.1
219.1
219.1
219.3
219.3
219.4
219.5
219.5
219.6
219.6
219.7
219.7
219.7
219.7
219.8
219.8
219.9
219.9
219.9
220.1
220.3
220.3
220.5
220.8
220.9
220.9
221.1
221.3
221.3
221.4
221.4
221.6
221.6
221.9
222.1
222.2
222.2
222.3
222.3
222.4
222.4
222.5
222.5
222.6
222.6
222.6
222.6
222.6
222.6
222.6
222.7
222.7
222.7
222.7
222.8
222.8
222.8
222.8
222.9
222.9
223.0
223.0
223.0
223.0
223.1
223.1
223.2
223.2
223.3
223.3
223.3
223.4
223.4
223.4
223.5
223.5
223.5
223.6
223.6
223.7
223.7
223.7
223.8
223.8
223.8
224.0
224.0
224.2
224.3
224.3
224.3
224.3
224.4
224.4
224.4
224.4
224.5
224.5
224.5
224.5
224.6
224.6
224.6
224.7
224.7
224.7
224.9
224.9
224.9
225.0
225.2
225.2
225.5
225.7
225.7
225.8
225.9
225.9
226.0
226.4
227.8
227.8
227.8
228.2
228.3
228.6
228.7
228.9
229.0
229.1
229.3
229.6
230.3
230.3
230.5
230.7
230.9
231.0
231.0
231.1
231.2
231.3
231.4
231.5
231.5
231.6
231.7
231.8
231.8
231.9
232.0
232.0
232.0
232.1
232.1
232.1
232.2
232.2
232.3
232.3
232.4
232.5
232.5
232.5
232.6
232.6
232.6
232.7
232.7
232.8
232.9
232.9
232.9
233.1
233.2
233.2
233.2
233.3
233.3
233.4
233.4
233.4
233.4
233.5
233.6
233.6
233.6
233.7
233.7
233.8
233.8
234.0
234.0
234.0
234.1
234.1
234.2
234.4
234.4
234.4
234.4
234.5
234.6
234.6
234.8
234.8
234.9
234.9
235.5
236.0
236.3
236.6
236.6
236.6
237.2
237.8
238.4
238.4
238.7
238.8
240.3
240.9
240.9
242.2
243.0
243.5
245.1
245.3
245.6
247.0
248.0
254.1
255.6
259.3
265.7
268.0
277.0
298.1
540.1
540.2
540.7
541.1
541.5
541.6
542.4
542.5
542.6
542.7
543.2
543.3
543.4
543.4
543.4
544.0
544.0
544.2
544.2
544.4
544.4
544.4
544.4
544.5
544.6
544.6
544.6
544.6
544.7
544.7
544.9
545.0
545.0
545.0
545.1
545.1
545.1
545.1
545.2
545.2
545.3
545.4
545.5
545.6
545.7
545.8
545.8
545.9
546.0
546.0
546.1
546.1
546.1
546.3
546.3
546.3
546.3
546.5
546.5
546.5
546.8
546.8
546.8
546.8
546.8
547.1
547.1
547.3
547.4
547.4
547.5
547.5
547.6
547.6
547.9
548.0
548.0
548.3
548.3
548.5
548.6
548.6
548.6
548.7
548.7
548.8
548.8
549.0
549.0
549.0
549.0
549.2
549.2
549.2
549.3
549.3
549.4
549.5
549.6
549.6
549.6
549.6
549.7
549.8
549.8
549.8
549.8
550.0
550.0
550.1
550.1
550.1
550.2
550.2
550.2
550.4
550.4
550.5
550.7
550.7
550.7
550.7
550.8
550.9
551.0
551.0
551.0
551.1
551.1
551.1
551.2
551.2
551.4
551.4
551.4
551.6
551.6
551.6
551.7
551.7
551.8
551.8
551.9
551.9
552.1
552.1
552.2
552.2
552.4
552.4
552.5
552.6
552.7
552.8
553.1
553.2
553.2
553.2
553.2
553.5
553.5
553.6
553.6
553.6
553.6
553.8
553.9
554.0
554.1
554.2
554.3
554.4
554.4
554.5
554.5
554.5
554.6
554.7
554.8
554.9
555.0
555.0
555.0
555.2
555.4
555.5
555.5
555.6
555.7
555.8
555.8
555.9
555.9
556.0
556.1
556.2
556.2
556.2
556.2
556.3
556.3
556.3
556.6
556.7
556.7
556.7
556.8
556.8
556.9
556.9
557.1
557.1
557.1
557.2
557.5
557.6
557.6
557.7
557.8
557.8
557.9
558.0
558.0
558.0
558.0
558.1
558.1
558.4
558.5
558.6
558.7
558.8
559.0
559.2
559.7
559.8
560.1
560.3
560.3
560.3
560.5
560.5
561.0
561.0
561.0
561.1
561.3
561.3
561.4
561.4
561.7
561.9
562.0
562.1
562.2
562.2
562.4
562.4
562.4
562.5
562.5
562.6
562.6
562.8
562.8
563.2
563.3
563.4
563.5
563.6
563.6
563.6
563.6
563.9
563.9
564.0
564.0
564.1
564.1
564.2
564.3
564.7
565.0
565.2
565.2
565.3
566.1
566.2
566.4
566.6
566.6
567.1
567.5
567.7
567.7
568.1
568.4
569.0
569.9
570.7
571.0
572.4
573.3
573.4
573.7
573.7
574.1
574.1
575.9
576.3
576.8
577.0
578.7
579.6
581.2
584.2
588.9
590.9
592.9
593.2
593.6
603.3
615.6
853.8
853.9
855.1
855.4
857.4
860.3
860.3
860.4
860.5
861.2
861.5
862.1
862.7
863.3
863.3
863.3
863.4
864.3
864.4
864.5
864.7
864.9
864.9
865.1
865.3
865.8
865.9
866.1
866.4
866.6
866.7
866.7
867.0
867.1
867.2
867.3
867.5
867.5
867.7
867.8
867.8
867.9
867.9
867.9
867.9
867.9
868.2
868.2
868.3
868.3
868.3
868.4
868.4
868.4
868.5
868.5
868.5
868.6
868.7
868.7
868.7
868.7
868.8
868.8
868.9
868.9
869.1
869.2
869.3
869.4
869.4
869.4
869.5
869.5
869.6
869.7
869.8
869.9
869.9
869.9
870.0
870.1
870.1
870.1
870.3
870.3
870.5
870.6
870.6
870.7
870.8
870.9
871.0
871.1
871.2
871.2
871.2
871.2
871.3
871.5
871.5
871.6
871.7
871.8
871.8
871.8
871.9
872.0
872.1
872.1
872.3
872.4
872.5
872.7
872.7
872.8
872.8
872.8
872.9
872.9
873.0
873.0
873.0
873.2
873.3
873.4
873.4
873.4
873.5
873.5
873.5
873.6
873.6
873.6
873.8
873.9
873.9
873.9
874.0
874.1
874.1
874.2
874.2
874.3
874.3
874.5
874.5
874.6
874.6
874.7
874.7
874.7
874.8
875.0
875.0
875.0
875.0
875.2
875.2
875.3
875.4
875.7
875.7
875.9
875.9
876.0
876.2
876.4
876.4
876.6
876.7
876.8
876.9
877.0
877.1
877.2
877.2
877.3
877.9
878.0
878.0
878.2
878.2
878.2
878.3
878.4
878.5
878.7
878.7
878.7
878.7
878.9
878.9
878.9
879.1
879.2
879.4
879.4
879.6
879.6
879.7
879.7
879.8
879.8
880.2
880.2
880.2
880.3
880.5
880.5
880.5
880.6
880.7
880.7
880.7
880.9
881.1
881.2
881.2
881.2
881.3
881.4
881.5
881.5
881.7
881.8
881.8
881.9
882.0
882.1
882.3
882.4
882.4
882.6
882.6
882.7
882.9
883.0
883.1
883.1
883.1
883.3
883.3
883.9
884.1
884.2
884.3
884.3
884.4
884.6
884.6
884.7
884.7
885.1
885.5
885.6
885.8
886.0
886.0
886.0
886.0
886.6
886.7
886.8
886.9
887.3
887.6
888.0
888.1
888.2
888.3
888.4
888.5
888.7
888.7
888.9
889.5
889.7
890.0
890.7
891.0
891.2
891.3
891.7
892.0
892.3
892.7
893.6
894.2
894.3
894.5
894.5
895.0
895.5
895.9
895.9
896.0
896.0
896.4
896.5
897.1
897.6
898.6
899.7
900.0
900.3
901.5
902.0
902.8
904.0
904.6
905.1
907.0
911.0
913.5
922.0
