5.9
7.4
7.9
8.2
8.5
8.8
8.8
9.5
9.5
9.9
10.0
10.0
10.2
10.2
10.2
10.4
10.6
10.6
10.7
10.8
11.1
11.3
11.3
11.4
11.4
11.5
11.6
11.6
11.7
11.9
11.9
12.0
12.1
12.6
12.7
12.8
12.8
12.9
12.9
13.0
13.1
13.2
13.4
13.4
13.5
13.5
13.5
13.5
13.5
13.7
13.9
14.1
14.1
14.4
14.5
14.6
14.7
14.9
15.0
15.2
15.2
15.3
15.5
15.6
15.8
15.8
15.9
15.9
16.0
16.4
16.6
16.6
16.6
16.8
16.9
16.9
17.0
17.1
17.3
17.5
17.7
17.8
17.9
18.0
18.1
18.2
18.4
18.6
18.7
18.8
19.0
19.3
19.3
19.4
19.5
19.6
19.7
19.9
19.9
20.1
20.1
20.2
20.7
20.8
20.8
20.9
21.0
21.3
21.3
21.4
21.9
21.9
22.1
22.2
22.3
22.3
22.6
22.6
22.7
22.7
22.7
22.8
22.9
23.0
23.0
23.1
23.6
24.1
24.2
24.3
24.4
24.4
24.4
24.4
24.5
24.6
24.7
25.0
25.1
25.2
25.2
25.2
25.5
25.6
25.9
25.9
26.0
26.0
26.3
26.4
26.7
26.9
27.0
27.2
27.3
27.4
27.5
27.6
27.6
27.6
27.7
28.1
28.4
28.6
28.8
28.8
28.9
28.9
29.0
29.2
29.3
29.6
29.7
29.8
30.0
30.1
30.2
30.3
30.4
30.8
30.9
30.9
31.0
31.0
31.1
31.7
31.9
32.0
32.0
32.1
32.3
32.3
32.5
32.8
32.9
33.0
33.3
33.5
33.5
33.6
33.6
33.7
34.0
34.0
34.0
34.1
34.1
34.2
34.4
34.6
34.6
34.8
35.0
35.1
35.2
35.4
35.7
35.8
35.9
35.9
36.0
36.0
36.7
36.8
37.1
37.4
37.4
38.2
38.3
38.3
38.4
38.5
38.7
38.8
39.3
39.3
40.0
40.0
40.5
40.6
40.9
41.2
41.5
41.7
41.7
41.8
42.0
42.3
42.3
42.5
42.7
42.7
42.9
43.0
43.2
43.7
43.8
44.2
44.2
44.5
44.6
44.8
44.9
44.9
45.0
45.1
45.1
45.1
45.1
45.5
45.6
45.8
45.8
46.0
46.4
46.9
47.2
47.3
48.5
48.6
48.9
49.0
49.2
49.2
49.4
49.6
49.8
50.0
51.3
51.4
51.5
51.6
51.8
52.0
52.3
52.4
53.2
53.8
53.9
53.9
54.1
55.2
55.9
56.1
56.3
56.4
56.6
57.0
57.2
57.4
57.6
57.7
58.3
58.8
59.4
60.5
60.5
60.6
61.2
61.2
61.9
62.2
62.6
62.9
63.7
64.3
64.4
64.8
64.8
65.0
65.6
65.8
66.1
66.3
67.1
67.5
67.9
67.9
68.5
69.1
69.3
69.3
69.6
69.7
69.9
70.2
70.4
70.6
71.0
71.3
73.0
73.2
73.4
74.3
74.7
75.1
75.1
75.8
76.4
76.6
76.9
76.9
77.2
77.4
77.4
77.6
78.3
78.8
79.9
80.9
81.0
81.8
82.0
82.2
82.5
82.6
82.6
83.1
83.1
84.0
84.7
86.1
86.3
86.6
86.9
87.0
88.0
88.1
88.1
88.7
88.9
90.2
91.2
91.4
91.4
91.5
91.9
92.1
92.3
92.4
92.5
93.2
93.6
93.9
94.1
94.3
94.9
95.8
95.9
96.4
96.7
96.7
99.1
100.0
101.3
101.4
103.2
104.0
104.1
104.6
105.6
105.7
107.9
108.5
109.1
109.2
111.8
112.3
112.9
113.0
115.8
117.7
118.4
118.7
119.0
119.3
119.7
119.9
120.0
120.4
120.5
121.8
122.8
124.3
125.4
126.1
126.6
126.7
127.4
128.5
128.9
129.8
132.0
133.6
134.4
135.5
135.8
135.8
137.2
137.3
138.7
139.3
139.9
140.6
141.8
143.6
144.5
145.2
147.0
147.3
147.4
147.5
147.5
149.4
149.9
150.9
151.1
152.5
154.5
155.1
155.8
156.6
157.7
158.3
159.1
160.2
161.1
162.1
162.9
163.1
164.3
164.3
165.4
166.4
166.7
168.1
168.6
168.8
169.3
170.8
171.4
173.3
174.7
175.8
176.6
178.5
179.6
179.8
180.3
184.2
186.1
187.4
187.8
188.0
188.8
189.1
190.9
192.3
192.4
192.7
195.3
196.3
198.1
201.3
201.4
201.9
202.0
202.5
203.2
203.3
204.6
204.7
209.6
209.8
210.1
212.5
213.4
214.7
217.5
220.5
221.5
222.3
223.2
227.4
228.8
229.4
229.6
230.5
232.3
233.6
233.9
234.5
238.4
238.4
238.6
239.7
240.1
240.8
241.5
241.9
243.6
243.8
244.1
245.8
246.4
247.5
248.1
249.5
249.6
252.1
252.6
253.1
253.4
253.9
254.1
255.1
258.8
261.0
262.3
263.2
263.5
263.5
263.7
264.8
265.1
266.9
267.8
268.7
268.9
269.9
270.6
271.9
272.0
272.1
272.5
273.0
274.4
275.4
276.9
277.2
277.9
278.3
281.4
282.2
284.5
285.1
285.4
286.0
286.5
288.6
289.9
291.7
292.3
292.4
292.5
296.6
298.0
298.2
298.8
299.1
300.6
302.9
304.7
308.7
309.1
311.8
313.2
317.0
319.0
319.1
319.6
319.7
321.3
322.7
322.7
323.8
324.2
324.5
324.5
326.1
326.2
326.4
329.8
331.9
332.0
333.5
335.0
335.5
336.7
336.7
337.0
338.1
340.4
341.2
341.8
343.4
345.3
345.5
345.9
347.4
347.4
347.8
350.3
350.4
350.5
351.2
352.7
353.1
354.0
355.5
355.8
356.3
356.5
358.6
359.0
359.2
360.9
361.7
362.9
363.4
364.0
366.7
367.2
367.5
367.8
368.2
368.6
369.0
369.6
370.8
371.3
372.2
372.3
372.6
374.9
375.5
376.6
377.7
377.7
378.5
379.0
380.0
380.1
386.2
386.2
387.0
388.3
388.5
388.7
389.2
390.1
392.2
392.9
393.1
393.5
394.2
396.1
398.5
398.5
398.6
399.6
405.2
406.9
410.7
410.7
411.0
412.4
413.4
413.5
414.9
415.7
416.4
419.5
420.5
420.5
422.6
424.5
425.6
429.0
429.4
431.8
431.8
433.5
437.3
438.3
438.5
439.1
439.8
439.9
441.3
443.7
445.2
446.3
447.7
450.9
451.2
451.3
452.2
452.3
453.3
453.6
454.7
455.8
456.8
457.5
458.4
458.6
459.3
459.3
463.0
463.7
464.0
465.2
465.3
466.6
467.1
467.7
467.9
468.2
468.3
468.4
468.8
469.2
469.3
470.6
471.0
472.4
472.9
473.9
475.1
476.5
477.3
477.6
477.9
478.8
479.2
479.3
479.8
480.6
481.5
483.2
483.6
484.4
484.6
486.8
487.1
488.0
489.3
490.2
490.3
490.4
491.8
492.9
495.0
496.1
496.1
500.0
500.3
503.6
503.7
505.6
508.6
509.5
509.7
511.7
511.7
512.0
512.8
514.4
514.6
514.8
515.4
516.5
517.9
518.1
519.3
520.1
521.7
524.1
524.8
525.5
525.6
526.7
528.0
530.0
531.7
531.7
532.1
534.0
536.4
536.7
538.4
538.7
539.5
539.9
540.3
540.4
541.3
541.4
542.2
545.1
545.9
546.2
547.0
547.9
549.3
549.4
551.0
551.0
551.4
552.1
552.4
552.8
554.3
554.5
555.2
555.5
556.2
556.4
557.1
557.4
560.3
561.6
561.9
562.3
563.0
564.5
565.6
566.2
566.3
567.7
568.0
569.4
570.0
570.4
571.1
571.2
571.2
571.3
571.5
571.9
572.0
572.1
573.1
573.6
574.4
574.9
575.1
575.5
575.8
575.8
577.6
577.7
579.4
579.8
579.9
583.2
584.1
587.5
587.9
589.1
589.5
590.0
591.8
592.1
592.6
592.9
595.0
595.0
596.1
596.8
597.7
599.3
599.4
599.8
600.0
601.0
602.0
602.5
603.5
606.4
608.1
608.2
608.8
609.4
610.4
610.5
612.3
612.9
614.6
615.1
616.1
616.9
619.0
620.2
623.9
625.3
625.9
627.6
628.2
628.6
629.6
630.2
630.8
631.7
632.7
635.7
636.9
638.0
638.6
639.7
639.9
640.2
640.5
641.2
641.2
644.0
644.1
645.8
646.4
647.5
648.2
649.6
650.1
651.6
651.7
652.7
655.2
655.2
655.7
655.9
656.3
657.1
657.4
657.5
659.2
659.5
661.5
662.1
662.7
663.1
663.1
663.7
664.4
664.5
664.9
666.5
666.7
667.6
671.2
671.3
672.1
672.8
673.0
673.1
673.3
673.4
674.0
674.2
674.4
674.6
674.7
678.5
679.4
679.5
679.5
681.8
681.9
682.2
687.0
690.2
690.5
690.9
691.1
691.3
691.4
691.6
693.3
693.5
696.8
696.9
697.7
699.7
700.7
700.9
701.8
702.2
702.3
705.3
706.0
707.1
707.4
708.9
709.0
710.0
710.1
711.4
712.2
714.3
716.0
716.5
718.3
719.4
721.2
723.1
724.2
725.8
726.0
726.2
726.4
727.2
727.2
728.1
729.0
729.1
729.1
729.1
730.0
730.7
731.5
732.2
732.3
732.5
733.0
736.1
742.9
744.8
746.6
748.4
749.1
749.4
751.7
752.4
753.3
753.6
753.7
754.7
755.3
756.1
756.5
759.0
759.9
760.8
761.7
762.7
769.6
770.4
771.0
773.2
773.8
777.8
777.8
778.0
778.4
781.7
782.3
783.2
783.5
783.7
783.8
784.3
785.6
786.3
787.6
790.7
791.7
792.7
794.2
794.7
795.0
795.1
797.8
798.3
799.4
800.0
801.0
801.9
802.9
803.4
804.5
804.8
805.1
808.1
809.7
810.7
812.4
813.7
814.1
814.5
814.5
814.8
815.0
816.4
817.8
820.1
820.3
821.2
822.3
822.5
824.3
824.5
826.3
827.0
828.7
829.0
829.1
830.9
830.9
831.9
832.5
834.6
836.9
837.7
838.7
840.2
840.7
840.7
840.8
841.0
841.7
842.5
842.6
844.1
844.9
845.4
845.8
846.8
846.9
848.8
849.9
850.7
852.9
854.6
855.4
855.6
856.3
856.7
856.7
858.4
859.4
861.0
862.1
864.2
864.5
866.4
866.6
866.8
867.4
868.5
868.8
869.7
870.5
871.0
872.0
872.0
872.6
874.6
876.5
876.8
876.9
877.9
878.4
878.7
879.5
880.1
881.5
881.9
882.3
882.7
883.4
883.9
883.9
884.2
884.7
887.2
887.9
889.5
890.0
891.0
891.9
892.7
892.7
893.0
893.4
894.5
894.9
896.1
896.6
897.1
897.3
897.8
898.2
898.8
899.0
900.2
902.4
903.2
903.3
905.7
906.3
906.7
907.0
907.1
908.1
909.6
910.4
910.5
913.5
914.9
915.9
917.9
918.3
918.6
918.7
919.6
920.3
920.7
922.1
922.2
923.4
923.7
924.7
924.7
926.7
928.5
928.8
929.7
929.8
929.8
932.6
934.1
934.2
934.3
934.9
936.7
936.9
937.1
937.2
937.3
939.2
939.8
941.8
942.4
944.9
944.9
945.0
946.2
946.4
948.7
949.5
951.5
952.3
953.0
953.2
954.3
955.1
955.5
955.7
956.4
956.7
956.9
957.7
959.1
959.4
959.5
959.7
961.6
962.1
962.4
962.6
965.3
965.8
965.9
966.1
967.2
967.3
968.6
969.0
969.8
971.3
972.0
972.4
972.8
973.2
974.7
975.1
976.7
977.5
977.7
977.8
977.9
978.7
979.4
979.5
979.6
981.0
982.4
983.9
984.3
985.3
986.1
986.8
987.9
989.7
990.9
991.6
991.6
992.1
995.2
995.9
996.7
998.9
999.8
999.9
