11
12
13
15
16
17
18
21
22
26
27
28
29
30
31
32
33
34
35
36
37
38
39
40
41
42
43
44
45
46
47
48
49
50
51
52
53
55
56
57
59
60
64
65
67
68
9
10
14
19
20
23
24
25
54
58
61
62
63
66
69
70
71
72
73
74
75
76
77
78
82
83
8
79
80
81
84
85
6
7
86
5
4
87
88
2
3
89
90
91
92
1
93
0
94
95
96
97
98
99
49
11
12
13
15
16
17
18
21
22
24
26
27
28
29
30
31
32
33
34
35
36
37
38
39
40
41
42
43
44
45
46
47
48
50
51
52
53
54
55
56
57
58
59
60
14
19
20
23
25
61
62
63
64
65
66
67
68
69
70
71
72
73
10
74
75
76
77
78
83
9
79
80
81
82
8
84
85
7
86
6
5
87
4
88
89
3
90
91
2
92
1
93
94
95
96
0
97
98
34
35
36
37
38
39
40
41
42
43
44
45
46
47
48
49
50
51
52
53
54
55
56
22
24
25
26
27
28
29
30
31
32
33
57
58
59
60
61
17
18
19
20
21
23
62
63
64
65
66
67
11
12
13
14
15
16
68
69
70
8
9
10
71
72
73
7
74
75
76
77
6
78
79
80
5
81
82
83
84
85
99
4
86
3
87
88
89
90
91
2
92
1
93
94
95
96
0
97
98
99
99
0
99
97
98
0
93
1
94
95
96
4
89
90
97
91
99
92
72
98
20
69
70
71
73
21
23
24
26
27
29
30
31
32
34
37
44
49
60
62
64
65
66
67
68
25
28
33
35
36
38
39
40
41
42
43
45
46
47
48
50
52
53
54
55
56
57
58
59
61
63
51
3
2
7
93
5
6
84
83
87
88
12
85
81
0
79
10
13
9
11
94
80
14
78
95
8
16
96
15
89
90
1
86
17
76
91
77
74
75
4
18
19
92
22
73
97
72
71
20
24
70
69
84
21
82
85
68
99
23
83
66
98
29
25
26
27
67
31
65
64
62
30
28
63
37
32
7
61
3
60
34
44
11
12
13
15
16
18
21
22
27
28
29
30
31
32
33
34
35
36
37
38
39
40
41
42
43
44
45
46
47
48
49
50
51
52
53
56
57
59
60
65
67
9
10
14
17
19
20
23
24
25
26
54
55
58
61
62
63
64
66
68
69
70
71
72
73
74
75
76
78
83
8
77
79
80
81
82
84
85
7
86
5
6
87
4
88
89
91
2
3
90
92
1
93
94
95
0
96
97
98
99
49
12
31
37
38
39
40
42
43
44
45
47
48
52
53
11
15
16
18
21
22
26
27
28
29
30
32
33
34
35
36
41
46
50
51
54
55
56
57
58
59
60
13
14
17
19
20
23
24
61
62
63
64
65
66
67
68
70
73
25
69
71
72
75
10
74
76
77
78
83
9
79
80
81
82
8
84
85
7
86
6
5
87
4
88
89
3
90
91
2
92
1
93
94
95
96
0
97
98
99
49
52
53
29
31
38
40
43
44
45
47
48
56
59
12
21
28
34
35
37
39
42
50
51
54
57
58
60
15
16
17
18
22
23
24
26
27
30
33
36
41
46
55
11
13
14
19
20
32
61
62
63
64
65
25
67
68
66
69
70
71
73
72
76
10
74
75
77
9
78
80
82
83
79
81
8
84
85
49
7
52
53
6
29
31
38
40
43
44
45
47
48
56
59
5
21
28
34
35
37
39
42
50
51
54
57
58
60
12
15
16
17
18
22
23
24
26
27
30
33
36
41
46
55
4
11
13
14
19
20
32
61
62
63
64
65
3
25
67
68
2
66
69
70
71
86
72
73
1
10
74
9
75
76
77
0
78
79
80
81
82
83
87
84
88
85
90
89
91
92
93
4
94
3
95
2
86
96
1
97
98
0
99
87
88
90
89
91
92
93
94
95
96
1
97
98
0
99
93
94
95
96
1
97
98
0
99
94
95
96
97
1
98
0
99
93
3
94
95
2
96
97
98
1
4
93
94
95
99
0
90
96
89
3
91
2
7
92
97
6
98
5
87
88
1
86
93
10
9
4
90
89
94
8
91
95
96
7
92
99
71
72
70
69
16
68
84
97
3
17
87
66
67
65
21
22
64
18
19
86
20
23
63
6
62
98
2
61
88
24
5
25
60
80
79
0
78
26
28
27
85
31
81
58
75
32
37
36
59
29
33
30
55
56
10
34
43
48
49
57
38
53
39
52
40
42
51
54
47
76
41
50
82
12
35
45
44
77
83
46
9
74
13
15
90
14
73
89
93
11
71
16
91
11
12
15
18
21
22
27
28
29
30
31
32
33
34
35
36
37
38
39
40
41
42
43
44
45
46
47
48
49
50
51
52
53
56
59
9
10
13
14
16
17
19
20
23
24
25
26
54
55
57
58
60
61
62
63
64
65
66
67
68
69
70
71
72
73
74
75
76
78
83
8
77
79
80
81
82
84
85
6
7
86
5
87
88
3
4
89
90
91
2
92
1
93
94
95
0
96
97
98
99
12
38
39
40
42
43
44
45
47
48
49
52
53
15
18
21
22
28
29
30
31
32
33
34
35
36
37
41
46
50
51
54
55
56
57
58
59
11
13
14
16
17
19
20
23
24
25
26
27
60
62
63
64
65
61
66
67
68
69
70
71
72
73
9
10
74
75
76
77
78
80
82
83
79
81
8
84
85
7
86
6
5
87
4
88
89
3
90
91
92
2
1
93
94
95
96
0
97
98
99
44
49
52
53
12
21
29
31
37
38
40
43
45
47
48
51
56
59
15
17
18
22
26
27
28
30
34
35
39
41
42
50
54
55
57
58
60
11
13
14
16
19
20
23
24
32
33
36
46
25
61
62
63
64
65
67
68
69
66
70
71
72
73
10
74
76
9
75
77
78
83
80
82
79
81
8
84
85
7
6
5
44
49
52
53
21
29
31
37
38
40
43
45
47
48
51
56
59
86
4
12
15
17
18
22
26
27
28
30
34
35
39
41
42
50
54
55
57
58
60
11
13
14
16
19
20
23
24
32
33
36
46
2
3
25
61
62
63
64
65
67
1
66
68
69
70
10
71
72
9
73
0
74
8
75
76
77
78
79
80
81
82
83
87
88
84
89
90
85
91
92
93
94
95
96
97
98
86
4
2
3
99
1
0
93
94
95
96
97
98
99
0
97
98
99
0
97
98
99
0
95
96
97
98
1
99
93
0
94
95
96
3
2
97
98
1
4
93
94
99
95
89
90
96
0
3
91
2
92
97
6
5
98
87
86
88
1
9
70
84
69
4
8
23
68
24
67
64
66
7
93
90
20
65
89
21
62
63
85
61
22
25
60
29
26
27
28
91
58
59
30
31
33
32
37
56
55
57
94
34
53
40
49
54
51
52
81
36
39
43
47
50
80
38
41
44
35
42
48
82
45
46
78
79
95
83
96
12
76
13
99
77
15
92
3
16
75
74
6
14
17
10
86
5
84
73
87
2
72
9
97
71
18
0
11
19
27
28
29
30
31
32
33
34
35
36
37
38
39
40
41
42
43
44
45
46
47
48
49
50
51
52
53
54
55
56
57
58
59
60
61
62
63
64
65
67
11
12
13
14
15
16
17
18
19
20
21
22
23
24
25
26
66
68
69
70
71
72
73
74
75
10
76
77
78
79
80
81
82
83
8
9
84
85
7
86
5
6
4
87
88
3
89
90
91
92
2
1
93
94
95
0
96
97
98
99
29
34
37
38
39
40
42
43
44
45
47
48
49
50
51
52
53
56
21
24
26
27
28
30
31
32
33
35
36
41
46
54
55
57
58
59
60
61
62
63
64
65
12
15
17
18
19
20
22
23
25
66
67
68
69
70
72
73
11
13
14
16
71
74
75
76
77
78
80
83
9
10
79
81
82
8
84
85
7
86
6
5
87
4
88
3
89
90
91
2
92
1
93
94
95
96
0
97
98
44
49
53
29
31
37
38
40
43
45
47
48
51
52
56
57
58
59
60
21
26
27
28
30
34
35
36
39
41
42
46
50
54
55
61
62
20
22
23
24
32
33
63
64
65
67
12
15
16
17
18
19
25
66
68
13
14
69
70
71
72
73
11
99
76
74
75
77
78
10
80
9
79
81
82
83
8
84
85
7
44
49
53
6
29
31
37
38
40
43
45
47
48
51
52
56
57
58
59
60
5
21
26
27
28
30
34
35
36
39
41
42
46
54
55
61
62
20
22
23
24
32
63
64
65
67
12
15
16
17
18
19
25
66
68
4
13
14
69
70
71
72
73
86
3
11
2
76
74
75
77
1
78
10
80
9
79
81
82
83
0
87
88
84
89
90
85
91
92
93
94
95
96
4
86
3
2
97
98
1
0
87
99
88
89
90
91
92
93
94
95
96
97
98
1
0
99
93
94
95
96
97
1
98
0
99
93
94
95
2
96
97
98
1
0
93
94
3
99
95
2
96
91
92
97
98
1
87
4
88
93
90
89
94
7
91
95
96
3
0
92
99
2
6
5
97
98
87
10
88
9
86
8
85
1
90
72
93
82
89
69
83
4
15
14
68
13
12
19
20
66
21
23
67
22
25
64
65
91
24
26
62
63
7
61
11
27
28
31
29
30
60
94
32
58
33
37
34
59
36
38
35
39
55
40
42
49
56
57
45
47
48
50
52
53
41
43
46
51
54
44
84
95
92
96
76
77
78
74
79
80
75
73
71
81
70
82
17
6
10
3
83
18
16
72
5
9
86
99
69
15
68
87
11
12
13
15
39
44
49
83
9
10
14
16
17
18
19
20
21
22
23
24
25
26
27
28
29
30
31
32
33
34
35
36
37
38
40
41
42
43
45
46
47
48
50
51
52
53
54
55
56
57
58
59
60
61
62
63
64
65
66
67
68
69
70
71
72
73
74
75
76
77
78
79
80
81
82
84
85
8
86
6
7
5
87
88
4
89
90
91
92
3
2
1
93
94
95
96
0
97
98
99
12
11
15
37
38
39
40
42
43
44
45
47
48
49
52
53
13
14
16
17
18
19
21
22
24
26
27
28
29
30
31
32
33
34
35
36
41
46
50
51
54
55
56
57
58
59
83
10
20
23
25
60
61
62
63
64
65
66
67
68
69
70
71
72
73
74
75
76
78
80
81
82
9
77
79
84
8
85
86
7
6
5
87
88
89
4
90
91
3
92
2
1
93
94
95
96
97
0
98
99
12
21
44
49
52
53
11
13
14
15
16
17
18
29
31
37
38
40
43
45
47
48
59
19
22
23
24
26
27
28
30
33
34
35
39
41
42
50
51
54
55
56
57
58
60
20
25
32
36
46
61
62
64
73
63
65
66
67
68
69
70
71
82
83
9
10
72
74
75
76
78
80
81
77
79
8
84
85
86
7
6
5
21
44
49
52
53
4
12
14
15
16
17
18
29
31
37
38
40
43
45
47
48
59
2
3
11
13
19
22
23
24
26
27
28
30
33
34
35
39
41
42
50
51
54
55
56
57
58
60
87
20
25
32
36
46
61
62
64
1
63
65
66
67
88
9
10
68
69
89
90
70
71
72
91
0
73
92
74
75
76
77
78
8
79
80
81
82
83
93
84
94
95
96
85
97
98
99
1
0
93
94
95
96
97
98
99
99
0
99
0
99
97
98
0
2
99
93
1
94
95
96
97
4
98
0
3
2
93
89
90
91
94
99
1
95
96
92
4
10
9
12
16
19
72
13
67
69
70
17
24
64
66
68
65
61
62
63
20
21
22
25
6
8
23
26
29
60
27
31
97
30
55
58
59
28
33
37
57
32
56
34
35
47
49
51
54
38
39
44
45
50
52
53
36
40
41
42
43
48
87
46
5
88
82
83
3
98
86
84
80
7
2
79
78
0
74
89
85
90
75
14
77
81
11
76
73
15
18
12
71
91
10
11
12
13
15
16
18
21
22
27
28
29
30
31
32
33
34
35
36
37
38
39
40
41
42
43
44
45
46
47
48
49
50
51
52
53
56
59
60
64
65
67
9
10
14
17
19
20
23
24
25
26
54
55
57
58
61
62
63
66
68
69
70
71
72
73
74
75
76
78
82
83
8
77
79
80
81
84
85
7
86
5
6
87
4
88
89
91
3
90
92
2
1
93
94
95
0
96
97
98
99
49
12
21
29
31
34
35
36
37
38
39
40
42
43
44
45
47
48
51
52
53
56
59
11
13
14
15
16
17
18
19
22
24
26
27
28
30
32
33
41
46
50
54
55
57
58
60
20
23
25
61
62
63
64
65
66
67
68
69
70
71
72
73
74
75
76
9
10
77
78
80
82
83
79
81
8
84
85
7
86
6
5
87
4
88
3
89
91
90
2
92
1
93
94
95
96
0
97
98
49
29
31
44
45
48
52
53
56
59
12
21
28
35
37
38
39
40
42
43
47
51
57
58
60
99
15
16
17
18
22
23
24
26
27
30
33
34
36
41
50
54
55
62
11
13
14
19
20
32
46
61
63
64
65
25
66
67
68
69
70
71
73
72
10
76
9
74
75
77
78
83
80
81
82
79
8
84
85
7
86
6
5
