310
343
362
363
364
366
372
403
456
156
170
180
224
231
243
261
267
268
272
275
281
284
285
286
289
290
296
301
302
303
306
307
308
309
311
312
314
316
317
318
321
323
324
325
327
328
330
331
332
333
334
336
337
339
340
341
342
344
345
347
348
349
351
352
353
354
355
356
357
358
359
360
361
365
367
368
369
370
371
375
376
377
378
379
381
382
383
384
385
386
387
388
389
390
391
392
393
395
396
397
398
399
400
401
402
404
405
406
409
410
411
412
413
414
415
416
417
418
419
420
421
422
423
424
425
426
427
428
429
430
431
432
434
435
436
437
438
439
440
442
443
445
446
449
451
452
453
454
455
461
462
463
464
465
467
468
475
477
479
480
481
482
489
492
493
494
495
500
503
506
507
508
511
524
529
530
534
536
538
549
557
559
560
576
582
598
608
619
646
669
705
721
753
760
783
803
804
805
813
814
818
832
841
847
848
78
80
82
83
84
85
87
98
99
101
103
104
105
107
108
109
110
111
112
113
114
115
116
117
119
120
121
122
123
124
125
126
127
128
130
131
132
133
134
135
136
137
138
139
142
143
144
145
146
147
149
150
151
152
153
155
157
158
159
161
162
163
164
165
166
167
168
169
171
172
173
175
176
177
179
181
182
183
185
186
187
188
189
190
192
194
195
196
198
200
201
202
203
204
205
206
208
210
211
212
213
214
215
216
218
219
220
221
222
223
225
226
227
230
232
233
234
235
236
237
238
239
240
241
242
245
246
247
249
251
252
253
255
257
258
259
260
262
263
264
265
266
269
270
271
273
274
276
277
278
279
280
282
283
287
288
291
292
293
294
295
297
298
299
300
304
305
313
315
319
320
322
326
329
335
338
346
350
373
374
380
394
407
408
433
441
444
447
448
450
457
458
459
460
466
469
470
471
472
473
474
476
478
483
484
485
486
487
488
490
491
496
497
498
499
501
502
504
505
509
510
512
513
514
515
516
518
519
520
521
522
523
525
526
527
528
531
535
537
539
540
541
542
543
544
545
547
548
551
552
553
554
555
556
558
561
563
564
565
566
567
568
569
570
571
572
574
575
577
578
579
580
581
583
585
586
587
588
589
590
591
592
593
595
596
597
599
602
603
605
606
607
609
610
611
612
613
614
615
616
617
620
621
622
623
624
625
626
627
628
629
630
631
633
634
635
638
639
640
641
643
645
647
648
649
650
651
652
653
654
655
656
657
658
660
662
663
664
665
666
667
668
671
672
673
674
675
676
677
680
681
682
683
684
685
687
688
689
690
691
692
693
695
696
697
698
699
701
702
704
707
708
710
713
715
716
719
722
723
724
725
728
729
730
731
733
735
737
738
741
742
743
745
749
750
751
752
754
755
757
759
761
763
764
765
766
767
768
770
771
772
774
775
777
778
779
780
781
782
784
785
786
787
788
790
791
792
793
794
795
797
798
799
800
801
802
806
807
808
809
810
811
812
815
816
817
819
820
821
822
824
826
828
829
830
831
833
834
835
836
837
838
839
840
842
843
844
845
846
849
851
852
856
857
858
859
862
864
866
867
868
869
870
872
874
875
878
879
881
883
884
885
887
894
898
899
901
62
67
71
73
74
75
76
79
81
86
88
89
90
91
92
93
94
95
96
97
100
102
106
118
129
140
141
148
154
160
174
178
184
191
193
197
199
207
209
217
228
229
244
248
250
254
256
517
532
533
546
550
562
573
584
594
600
601
604
618
632
636
637
642
644
659
661
670
678
679
686
694
700
703
706
709
711
712
714
717
718
720
726
727
732
734
736
739
740
744
746
747
748
756
758
762
769
773
776
789
796
823
825
827
850
853
854
855
860
861
863
865
871
873
876
877
880
882
886
888
889
890
891
892
893
895
896
897
900
902
903
904
905
906
907
908
909
910
911
912
913
915
916
917
918
919
920
921
923
924
55
57
59
60
61
63
64
65
66
68
69
70
72
77
914
922
925
926
927
928
929
930
931
932
933
935
936
937
938
940
950
43
47
48
49
51
52
53
54
56
58
934
939
941
942
943
944
945
946
947
948
951
952
953
955
956
960
33
35
36
37
38
40
41
42
44
46
50
949
957
958
959
961
963
964
25
27
28
29
32
34
39
45
954
962
965
966
968
970
971
975
978
21
24
26
30
31
967
972
974
977
981
14
16
19
20
22
23
973
976
979
980
984
985
7
13
15
17
18
969
982
983
986
989
992
4
8
9
12
987
990
991
2
3
6
10
11
988
993
994
995
996
0
1
5
997
998
999
310
343
284
328
332
360
362
363
364
366
372
390
403
456
224
272
289
290
303
307
308
309
312
314
318
324
325
337
351
354
355
359
369
376
378
384
386
393
395
400
401
406
424
432
446
453
454
479
480
481
156
170
180
231
243
261
267
268
275
281
285
286
296
301
302
306
316
321
327
330
331
333
334
336
341
342
352
356
361
365
367
368
370
371
377
379
381
385
391
396
397
402
404
405
409
411
412
414
415
416
417
418
420
421
422
423
425
426
428
431
437
439
445
449
452
463
465
477
507
511
524
530
560
576
582
598
599
608
646
663
669
705
770
804
813
814
144
152
162
164
167
169
177
185
186
189
192
196
205
206
208
211
214
225
232
236
245
246
249
251
253
263
264
269
274
276
278
280
283
287
288
292
294
297
298
305
311
317
322
323
339
340
344
345
347
348
349
353
357
358
375
382
383
387
388
392
398
399
410
419
427
429
430
434
435
436
438
440
442
443
451
455
461
462
464
467
468
475
478
489
491
493
494
500
503
506
508
529
534
536
537
538
540
549
553
557
558
559
572
578
581
587
588
596
597
602
603
609
610
613
617
619
620
621
624
628
630
631
634
639
641
647
653
654
658
677
695
697
699
702
719
721
724
749
750
753
760
764
775
778
781
783
803
805
809
818
832
847
848
99
104
109
110
113
114
115
117
123
126
128
132
133
134
135
142
145
146
147
155
158
166
168
173
175
176
187
194
195
198
200
201
202
203
210
212
215
216
218
220
221
222
230
233
234
238
240
247
252
258
259
260
262
270
271
273
277
279
282
291
295
299
300
304
313
315
319
320
329
335
338
346
373
380
389
394
407
408
413
433
441
457
459
466
470
472
474
482
485
486
492
495
497
505
510
512
513
518
519
520
522
525
526
527
531
541
543
545
548
554
555
565
566
567
568
570
571
577
580
585
586
590
595
605
612
615
616
622
625
626
627
633
635
638
645
648
650
657
660
662
664
666
667
673
674
676
681
683
684
685
689
690
698
701
704
707
716
722
723
731
733
735
755
759
767
768
774
777
779
780
784
786
788
790
792
806
820
821
822
826
828
839
841
845
849
858
864
866
78
83
98
101
103
111
112
116
119
120
121
122
124
125
127
129
130
136
137
138
139
149
150
151
153
157
159
161
163
165
171
172
179
181
182
183
188
190
191
193
197
199
204
213
219
227
228
229
235
237
239
241
242
244
255
256
257
265
266
293
326
350
444
450
458
460
469
471
473
484
487
488
490
496
498
499
501
502
504
509
514
515
516
523
528
535
539
542
544
547
551
552
556
561
563
564
569
574
575
583
589
591
592
593
600
611
614
623
629
632
640
643
649
651
652
655
656
665
668
670
671
672
675
680
682
687
688
691
692
693
696
708
710
713
715
728
729
730
738
741
743
745
751
754
757
761
763
766
782
787
791
794
799
800
810
811
816
817
824
829
833
834
840
843
859
868
878
881
898
84
85
87
96
105
106
107
108
131
140
141
143
148
154
174
178
207
209
217
223
226
248
254
447
448
476
483
521
546
562
573
579
584
594
604
606
607
618
636
637
644
659
661
679
686
694
700
706
712
717
718
725
727
737
742
752
756
758
765
769
771
772
773
789
793
795
797
798
801
802
807
808
812
819
835
836
837
838
842
844
851
852
856
857
861
869
870
874
879
883
884
894
899
75
80
82
93
95
118
160
184
250
374
517
550
601
678
703
709
711
714
720
726
732
734
736
740
744
747
748
762
776
785
815
823
825
830
831
846
850
854
860
862
867
871
872
873
875
880
885
886
888
891
900
903
908
76
88
90
91
92
100
102
532
533
642
739
746
796
827
853
855
863
865
876
877
882
887
890
895
897
901
902
904
905
906
907
919
79
81
86
89
94
97
889
892
893
909
911
918
920
924
60
62
67
69
70
71
72
73
74
77
896
910
912
913
915
921
923
925
63
64
68
916
917
922
927
932
933
59
65
928
931
935
936
940
54
57
58
61
66
914
926
929
930
937
950
55
934
938
948
47
48
51
52
53
56
939
942
945
946
947
951
952
43
46
49
941
944
953
955
956
38
943
949
957
36
41
44
958
960
964
33
35
37
40
42
45
50
954
959
961
963
32
39
965
25
27
28
29
30
34
962
968
970
31
971
975
24
966
977
978
21
967
972
974
19
22
23
26
969
973
976
980
981
14
15
16
979
985
7
17
20
982
984
18
986
8
9
983
989
4
12
13
987
990
992
11
993
6
988
991
994
1
2
3
10
995
996
5
997
998
0
999
343
310
332
362
366
372
318
364
390
284
328
354
369
378
384
403
411
446
456
479
481
289
290
324
325
359
386
391
393
396
397
402
409
414
420
422
423
432
452
453
576
180
224
275
281
311
314
316
330
334
341
345
361
368
385
392
400
405
412
415
424
426
437
439
440
455
463
464
480
507
530
598
169
170
267
274
287
292
296
304
305
306
307
309
312
321
322
323
329
331
336
348
358
360
363
370
371
376
379
382
395
401
406
418
425
435
443
445
449
454
467
468
478
485
489
493
494
503
511
557
578
599
609
619
634
641
654
663
669
677
695
721
753
804
205
208
211
232
245
249
251
253
264
272
288
297
298
301
313
319
337
339
344
347
349
351
353
355
356
357
365
373
377
383
387
399
408
416
417
419
429
431
441
451
466
472
492
529
537
543
555
559
560
568
582
586
587
588
590
602
612
628
630
633
635
647
658
673
705
719
723
760
805
813
144
162
177
186
222
230
233
236
240
243
260
269
280
283
295
299
302
303
317
320
327
338
346
375
380
388
389
398
407
410
428
433
459
462
465
491
495
497
512
513
516
518
525
534
536
538
549
554
558
566
577
597
603
615
617
626
627
631
646
667
697
701
710
713
724
731
755
775
777
779
784
790
818
832
133
135
155
158
173
194
215
218
225
231
246
252
261
268
271
276
278
279
282
285
286
291
293
294
308
333
335
342
367
381
404
413
421
427
430
434
442
461
470
475
477
482
486
488
496
498
500
506
508
519
524
528
531
539
540
553
556
561
567
571
572
575
581
583
589
596
605
607
610
613
639
645
649
655
660
666
668
688
690
702
733
763
766
780
781
809
814
848
117
128
142
145
146
152
164
167
175
185
187
192
195
200
213
229
234
235
239
247
256
257
258
259
266
277
300
352
436
447
457
458
487
501
509
515
520
535
542
544
547
551
591
594
608
611
614
621
622
625
640
643
650
656
662
672
674
676
681
682
692
693
698
699
704
708
715
722
728
729
738
745
757
761
767
782
783
794
800
816
828
858
115
119
123
147
154
157
168
171
172
189
191
193
206
210
212
214
217
221
228
237
238
254
263
270
315
340
438
450
460
469
471
474
484
499
502
510
522
541
545
546
565
579
585
593
595
606
637
644
648
652
653
657
659
664
675
679
685
689
696
700
706
716
717
742
750
751
758
773
786
789
792
810
817
824
839
843
849
99
109
111
127
134
136
137
139
149
151
156
161
165
179
188
190
196
197
201
203
204
209
216
223
255
265
326
350
394
448
473
514
526
527
548
552
563
564
569
592
618
623
624
651
665
671
687
691
711
725
732
735
736
740
741
749
752
768
772
778
787
791
793
795
797
798
806
808
812
820
821
833
834
859
104
105
110
112
113
116
122
130
131
138
141
148
176
184
198
202
219
220
242
444
505
523
562
584
632
638
661
670
680
683
694
709
714
730
737
756
764
765
770
771
774
776
785
807
829
837
841
845
847
857
864
898
85
96
98
101
107
114
129
132
140
143
159
166
174
178
181
183
241
244
262
273
476
517
570
574
580
600
604
616
620
636
684
703
707
718
720
726
739
762
788
796
799
802
803
811
819
822
825
831
861
866
870
878
881
883
884
93
108
120
163
226
248
374
483
490
521
533
573
678
727
747
748
759
815
826
830
835
838
840
842
844
851
852
867
879
78
84
95
103
126
153
160
182
199
207
504
629
686
743
744
754
769
823
827
836
854
855
871
873
886
899
82
87
100
102
121
124
125
150
227
250
601
712
734
801
853
868
874
875
880
887
895
897
900
908
76
90
118
532
550
746
850
862
877
894
903
919
75
91
92
94
97
106
856
860
865
869
872
885
888
891
902
79
80
846
904
906
86
642
890
911
918
920
69
81
83
863
876
889
896
905
913
921
924
67
77
88
893
901
916
917
925
71
74
89
882
892
923
68
73
907
909
912
64
70
72
922
60
62
66
910
932
65
914
928
930
933
936
915
927
63
926
929
58
59
61
931
940
54
948
52
56
935
939
950
57
47
937
938
945
46
49
53
934
944
951
952
946
955
956
55
941
949
957
48
942
947
51
953
958
964
43
38
943
963
37
45
33
35
41
42
44
40
961
962
39
959
32
965
960
27
28
34
30
31
50
29
954
968
978
970
971
36
975
977
969
21
343
974
310
25
332
976
366
966
15
318
362
973
981
19
24
364
979
980
284
369
372
390
16
411
14
378
384
409
414
422
479
481
576
972
7
22
281
289
290
316
328
354
359
391
393
420
432
446
452
753
224
275
287
324
345
396
402
412
423
440
507
598
695
986
20
23
169
180
292
311
322
397
403
453
455
677
719
982
985
26
249
304
305
323
329
330
361
386
392
415
437
456
463
464
586
619
663
205
274
296
297
298
306
325
348
358
368
370
439
443
489
503
530
578
588
590
599
602
609
633
634
635
641
654
669
721
805
983
232
253
264
331
334
400
405
418
426
468
472
478
493
494
557
568
612
626
647
673
723
760
804
211
251
288
313
314
319
339
382
408
435
466
480
485
537
554
555
587
658
667
701
710
713
724
755
766
779
813
967
17
170
208
229
230
236
240
269
321
336
341
357
380
385
441
445
467
516
543
607
630
666
668
763
775
777
984
9
155
162
186
215
233
245
260
267
271
295
346
371
373
449
512
529
559
577
615
627
628
660
688
731
784
790
8
18
133
144
173
177
194
222
252
280
283
293
299
301
309
320
344
347
353
379
425
492
518
525
556
558
561
582
597
631
649
655
705
708
733
809
818
832
142
256
279
312
349
383
387
399
407
419
433
454
498
511
513
528
539
566
583
594
605
611
614
643
646
682
692
697
702
738
745
158
291
302
307
338
365
376
389
424
451
459
462
488
495
496
575
603
644
645
674
717
729
761
780
990
11
135
145
154
175
213
217
218
235
239
266
272
282
356
395
401
497
519
535
538
549
560
567
571
589
610
617
637
640
659
679
693
698
728
732
736
767
773
781
782
789
816
848
146
187
191
193
228
257
259
335
360
375
377
406
429
447
509
515
534
546
591
593
606
690
706
715
757
758
800
810
814
828
157
192
261
277
278
303
355
363
398
416
491
536
540
542
544
551
572
596
622
625
672
676
681
696
700
711
722
742
794
817
849
119
128
164
195
200
223
225
243
268
276
294
317
337
351
388
410
413
417
431
465
482
547
553
581
618
639
650
652
656
714
751
824
858
987
992
117
127
136
171
231
237
246
254
258
458
486
487
501
621
662
664
699
725
740
772
795
808
812
994
4
5
123
152
172
234
247
286
315
327
457
461
531
579
613
657
689
739
783
792
793
839
843
13
109
139
161
179
184
185
206
209
210
212
221
300
428
470
506
520
648
651
665
675
685
716
752
776
785
796
798
837
857
122
151
165
167
197
203
238
255
270
285
342
430
442
475
508
524
562
595
661
680
687
691
704
741
756
786
797
989
111
137
141
147
168
188
214
381
460
469
477
484
500
552
569
584
670
709
730
762
807
833
834
859
870
993
996
99
115
148
149
189
190
204
265
326
333
434
502
563
565
585
632
653
671
694
720
765
771
825
861
883
884
3
12
105
112
130
131
134
138
427
450
499
541
592
623
726
768
787
820
821
898
995
176
178
263
308
340
404
436
448
471
473
545
564
608
678
703
815
829
831
864
879
988
85
93
116
201
216
219
350
636
737
750
791
806
811
819
835
844
101
107
143
367
510
533
548
604
624
718
735
802
878
1
96
110
140
241
242
474
517
522
523
827
830
838
871
886
113
159
174
183
196
202
421
526
616
638
686
774
845
847
854
855
867
881
129
220
248
394
514
527
574
683
749
799
841
842
851
873
895
84
95
104
108
198
244
573
580
764
823
853
897
908
6
10
100
114
160
273
352
505
727
748
769
866
887
156
438
747
778
900
997
98
102
120
132
163
181
226
374
476
601
770
875
899
998
2
76
166
207
250
600
684
707
852
877
743
744
788
822
826
840
874
82
94
97
103
444
620
880
78
90
118
153
570
754
803
836
862
919
262
483
532
629
712
734
746
759
894
903
991
91
182
521
87
124
126
199
850
92
490
891
902
904
911
918
227
865
868
79
550
801
906
913
125
504
860
885
896
75
121
150
872
920
86
106
869
889
924
642
856
917
921
67
69
81
925
77
916
846
888
80
890
905
863
923
999
922
892
901
68
876
71
893
912
88
932
66
909
914
89
928
930
936
70
72
73
882
62
64
74
83
0
926
929
65
907
910
927
933
939
948
56
61
915
54
931
60
940
58
63
52
945
59
950
952
938
935
46
944
57
951
956
957
47
49
937
955
934
941
946
949
958
964
942
343
953
53
965
943
962
963
310
332
947
576
55
318
961
48
37
284
42
362
598
959
366
695
39
602
43
578
51
281
345
224
590
38
364
663
290
423
641
287
369
422
753
41
724
169
390
588
719
402
626
289
446
633
298
384
658
667
215
229
292
710
155
211
609
619
723
960
32
275
329
409
440
44
316
555
647
713
35
45
452
577
599
322
583
607
615
630
274
311
481
537
586
677
766
170
180
328
455
33
40
251
264
34
296
479
507
528
731
805
813
194
304
393
568
760
253
354
411
414
415
420
512
612
777
249
378
489
516
649
666
721
745
186
280
358
558
614
702
372
405
503
561
587
591
634
673
701
755
971
162
236
240
271
324
628
233
468
530
669
133
142
208
232
297
331
396
559
688
205
439
485
493
529
733
305
319
463
554
635
29
154
269
361
433
557
627
705
954
464
492
597
809
313
682
717
230
288
323
386
391
397
432
525
668
818
50
306
357
496
660
692
158
177
359
643
977
30
222
478
729
738
330
412
655
674
347
513
543
582
804
31
144
453
498
603
611
617
646
715
171
260
472
494
714
736
775
832
348
370
556
693
828
283
403
546
605
654
732
437
456
618
295
382
761
187
408
228
312
336
443
575
640
698
763
135
531
622
690
780
346
540
782
800
968
128
175
272
291
539
596
644
784
975
293
301
536
594
645
700
708
816
197
325
380
392
571
794
127
146
334
400
466
535
637
246
256
267
495
538
790
157
191
193
223
299
767
857
978
173
551
606
659
779
28
179
213
320
480
812
843
245
341
426
445
518
664
706
145
338
435
681
725
740
742
970
974
122
235
407
454
117
136
218
425
848
321
544
758
589
898
261
441
217
519
752
858
119
137
344
368
385
418
613
789
810
266
279
339
459
467
679
976
109
200
309
373
447
621
817
123
164
165
192
808
172
239
259
631
793
195
353
377
566
652
773
824
796
176
488
567
625
511
542
697
837
303
383
451
722
771
969
515
579
795
203
413
728
147
206
419
501
547
593
711
870
27
139
184
257
314
524
689
757
797
231
375
416
462
482
562
252
497
549
716
335
349
825
829
849
221
387
388
610
449
696
470
302
389
814
360
560
685
152
277
431
553
650
792
508
751
786
161
282
371
225
534
565
709
798
509
520
138
258
355
442
491
691
772
379
465
739
781
783
210
572
807
237
410
475
675
834
190
243
506
168
315
399
648
657
584
672
670
861
111
333
401
833
980
254
484
514
665
676
131
159
661
776
151
178
185
461
595
671
204
130
140
365
469
552
703
821
148
376
487
502
662
884
477
680
687
694
765
107
268
608
726
356
604
651
569
859
285
395
450
699
406
831
234
294
653
864
99
209
317
720
115
238
981
460
517
116
134
189
201
585
979
756
143
196
247
424
499
785
839
141
457
581
337
398
636
730
276
830
326
307
486
838
286
656
883
563
819
110
624
404
429
592
886
265
381
448
704
768
198
278
639
474
541
835
188
827
112
270
207
533
718
811
430
84
327
500
791
101
216
623
149
108
212
678
815
632
428
473
167
616
879
214
244
36
363
458
434
417
523
854
737
842
226
242
255
350
21
973
183
263
867
241
778
806
638
873
985
160
774
351
750
844
686
505
219
600
629
802
220
823
966
526
522
762
895
308
887
471
574
707
340
394
545
855
820
273
300
564
436
483
601
764
787
510
95
899
250
248
527
421
982
427
580
741
202
986
573
93
100
85
129
438
871
570
96
310
343
362
363
364
366
372
403
456
156
170
180
224
231
243
245
261
267
268
272
275
281
284
285
286
289
290
296
301
302
303
306
307
308
309
311
312
314
316
317
318
321
323
324
325
327
328
330
331
332
333
334
336
337
339
340
341
342
344
345
347
348
349
351
352
353
354
355
356
357
358
359
360
361
365
367
368
369
370
371
375
376
377
378
379
381
382
383
384
385
386
387
388
389
390
391
392
393
395
396
397
398
399
400
401
402
404
405
406
409
410
411
412
413
414
415
416
417
418
419
420
421
422
423
424
425
426
427
428
429
430
431
432
434
435
436
437
438
439
440
442
443
445
446
449
451
452
453
454
455
461
462
463
464
465
467
468
475
477
479
480
481
482
489
492
493
494
495
500
503
506
507
508
511
524
529
530
534
536
538
549
557
559
560
576
582
598
608
619
646
669
705
721
753
760
783
803
804
805
813
814
818
832
841
847
848
78
80
82
83
84
85
87
98
99
101
103
104
105
107
108
109
110
111
112
113
114
115
116
117
119
120
121
122
123
124
125
126
127
128
130
131
132
133
134
135
136
137
138
139
142
143
144
145
146
147
149
150
151
152
153
155
157
158
159
161
162
163
164
165
166
167
168
169
171
172
173
175
176
177
179
181
182
183
185
186
187
188
189
190
191
192
194
195
196
198
199
200
201
202
203
204
205
206
208
210
211
212
213
214
215
216
218
219
220
221
222
223
225
226
227
230
232
233
234
235
236
237
238
239
240
241
242
244
246
247
249
251
252
253
255
257
258
259
260
262
263
264
265
266
269
270
271
273
274
276
277
278
279
280
282
283
287
288
291
292
293
294
295
297
298
299
300
304
305
313
315
319
320
322
326
329
335
338
346
350
373
374
380
394
407
408
433
441
444
447
448
450
457
458
459
460
466
469
470
471
472
473
474
476
478
483
484
485
486
487
488
490
491
496
497
498
499
501
502
504
505
509
510
512
513
514
515
516
518
519
520
521
522
523
525
526
527
528
531
535
537
539
540
541
542
543
544
545
547
548
551
552
553
554
555
556
558
561
563
564
565
566
567
568
569
570
571
572
574
575
577
578
579
580
581
583
585
586
587
588
589
590
591
592
593
595
596
597
599
602
603
605
606
607
609
610
611
612
613
614
615
616
617
620
621
622
623
624
625
626
627
628
629
630
631
633
634
635
638
639
640
641
643
645
647
648
649
650
651
652
653
654
655
656
657
658
660
662
663
664
665
666
667
668
671
672
673
674
675
676
677
680
681
682
683
684
685
687
688
689
690
691
692
693
695
696
697
698
699
701
702
704
707
708
710
713
715
716
719
722
723
724
725
728
729
730
731
733
735
737
738
741
742
743
745
749
750
751
752
754
755
757
759
761
763
764
765
766
767
768
770
771
772
774
775
777
778
779
780
781
782
784
785
786
787
788
790
791
792
793
794
795
797
798
799
800
801
802
806
807
808
809
810
811
812
815
816
817
819
820
821
822
824
826
828
829
830
831
833
834
835
836
837
838
839
840
842
843
844
845
846
849
851
852
856
857
858
859
862
864
866
867
868
869
870
872
874
875
878
879
881
883
884
885
887
894
898
899
901
62
67
71
73
74
75
76
79
81
86
88
89
90
91
92
93
94
95
96
97
100
102
106
118
129
140
141
148
154
160
174
178
184
193
197
207
209
217
228
229
248
250
254
256
517
532
533
546
550
562
573
584
594
600
601
604
618
632
636
637
642
644
659
661
670
678
679
686
694
700
703
706
709
711
712
714
717
718
720
726
727
732
734
736
739
740
744
746
747
748
756
758
762
769
773
776
789
796
823
825
827
850
853
854
855
860
861
863
865
871
873
876
877
880
882
886
888
889
890
891
892
893
895
896
897
900
902
903
904
905
906
907
908
909
910
911
912
913
915
916
917
918
919
920
921
923
924
55
57
59
60
61
63
64
65
66
68
69
70
72
77
914
922
925
926
927
928
929
930
931
932
933
935
936
937
938
940
950
43
47
48
49
51
52
53
54
56
58
934
939
941
942
943
944
945
946
947
948
951
952
953
955
956
960
33
35
36
37
38
40
41
42
44
46
50
949
957
958
959
961
963
964
25
27
28
29
32
34
39
45
954
962
965
966
968
970
971
975
978
21
24
26
30
31
967
972
974
977
981
14
16
19
20
22
23
973
976
979
980
984
985
7
13
15
17
18
969
982
983
986
989
992
4
8
9
12
987
990
991
2
3
6
10
11
988
993
994
995
996
0
1
5
997
998
999
310
343
284
328
332
360
362
363
364
366
372
390
403
456
224
267
272
289
290
303
307
308
309
312
314
318
324
325
337
351
354
355
359
369
376
378
379
384
386
393
395
400
401
424
432
446
453
454
479
480
481
582
156
169
170
180
231
243
261
268
275
281
285
286
296
301
302
306
311
316
317
321
327
330
331
333
334
336
341
342
344
345
352
356
361
365
367
368
370
371
377
381
385
391
396
397
402
404
405
406
409
411
414
415
416
417
418
420
421
422
423
425
426
428
431
437
439
445
449
452
463
465
477
506
507
508
511
524
530
538
549
553
557
559
560
576
596
598
599
603
608
609
617
631
639
646
663
669
677
705
721
770
778
804
805
813
814
117
144
152
162
164
167
177
185
186
189
192
196
205
206
208
211
214
220
225
232
236
245
246
247
249
251
253
263
264
269
274
276
278
280
283
287
288
292
294
297
298
300
305
322
323
339
340
347
348
349
353
357
358
375
382
383
387
388
392
398
399
410
412
419
427
429
430
434
435
436
438
440
442
443
451
455
461
462
464
467
468
475
478
485
489
491
493
494
495
500
503
529
531
534
536
537
540
543
558
565
566
570
572
578
581
586
587
588
590
597
602
610
613
615
619
620
621
624
628
630
633
634
635
641
645
647
650
653
654
658
660
662
664
667
673
684
690
695
697
699
702
704
707
719
723
724
733
749
750
753
755
760
764
775
781
783
803
809
818
832
847
848
99
104
109
110
113
114
115
123
126
128
132
133
134
135
142
145
146
147
155
158
166
168
173
175
176
187
194
195
198
200
201
202
203
210
212
215
216
218
221
222
230
233
234
238
240
242
252
258
259
260
262
265
270
271
273
277
279
282
291
295
299
304
313
319
320
329
335
338
346
373
380
389
394
407
408
413
433
441
457
459
466
470
471
472
474
482
484
486
492
497
498
499
505
510
512
513
514
518
519
520
522
525
526
527
541
542
545
548
551
554
555
567
568
571
577
580
583
585
589
591
595
605
611
612
616
622
623
625
626
627
629
638
640
643
648
649
652
655
656
657
665
666
671
674
675
676
681
683
685
687
688
689
691
692
693
696
698
701
710
713
715
716
722
729
731
735
745
751
759
767
768
774
777
779
780
784
786
788
790
792
800
806
820
821
822
826
828
839
841
845
849
858
864
866
83
98
101
103
111
112
116
119
120
121
124
125
127
129
130
136
137
138
139
143
149
150
151
153
157
159
163
165
171
172
179
181
182
183
188
190
191
193
197
199
204
213
217
219
227
228
229
235
237
239
241
244
255
256
257
266
293
315
326
350
444
450
458
460
469
473
487
488
490
496
501
502
504
509
515
516
521
523
528
535
539
544
547
552
556
561
563
564
569
574
575
579
584
592
593
594
600
604
606
607
614
632
636
651
668
670
672
679
680
682
700
708
717
725
727
728
730
737
738
741
742
743
752
754
757
761
763
766
782
787
791
794
799
810
811
816
817
824
829
833
834
836
840
843
859
868
881
898
78
84
85
87
96
105
106
107
108
122
131
140
141
148
154
161
174
178
207
209
223
226
248
254
447
448
476
483
546
562
573
601
618
637
644
659
661
686
694
703
706
709
712
718
720
740
744
747
748
756
758
765
769
771
772
773
776
785
789
793
795
797
798
801
802
807
808
812
819
830
835
837
838
842
844
851
852
856
857
861
869
870
872
874
878
879
883
884
894
899
75
80
82
93
95
118
160
184
250
374
517
550
642
678
711
714
726
732
734
736
762
815
823
825
827
831
846
850
854
860
862
867
871
873
875
880
885
886
888
891
900
901
903
908
76
88
90
91
92
100
102
532
533
739
746
796
853
855
863
865
876
877
882
887
890
895
897
902
904
905
906
907
919
79
81
86
89
94
97
889
892
893
911
918
920
924
60
62
67
69
70
71
72
73
74
77
896
909
910
912
913
915
921
923
925
63
64
68
916
917
922
927
932
933
59
65
914
926
931
935
936
940
57
58
61
66
928
929
930
937
54
55
934
938
947
948
950
53
56
939
942
945
946
951
47
48
49
51
52
941
944
952
953
955
43
46
943
949
956
38
44
957
958
960
964
36
41
50
954
959
963
33
35
37
40
42
45
961
39
962
965
28
29
32
34
968
970
25
27
30
975
966
971
978
24
31
967
977
21
22
969
972
974
23
26
973
976
981
19
979
980
15
16
17
985
14
20
984
982
986
7
18
989
8
9
12
13
983
987
992
4
990
991
6
11
988
994
993
2
10
995
996
3
1
0
5
310
332
343
366
997
318
362
364
369
372
390
411
998
999
284
290
324
328
354
359
378
384
386
391
393
396
397
402
403
409
412
414
420
422
423
432
437
446
452
453
456
479
481
281
289
305
311
314
316
322
323
325
330
341
345
361
368
370
385
392
400
405
415
418
426
439
440
443
455
463
464
480
489
494
507
530
576
598
180
224
267
274
275
287
288
292
296
297
298
304
306
307
309
312
313
319
321
329
331
334
336
339
344
348
353
358
360
363
371
373
376
379
380
382
395
401
406
408
419
424
425
435
441
445
449
454
466
467
468
472
478
485
492
493
503
511
537
557
578
586
587
599
609
695
169
205
232
249
251
253
260
264
269
272
280
283
295
299
301
302
320
337
338
346
347
349
351
355
356
357
365
375
377
383
387
389
398
399
407
410
416
417
429
431
433
451
459
462
491
495
496
497
498
512
513
516
518
519
525
529
534
543
554
555
558
559
560
568
582
588
590
602
612
619
626
628
630
633
634
635
641
647
654
658
663
669
677
719
753
170
177
186
208
211
215
222
230
233
236
240
243
245
252
268
271
276
279
286
291
293
294
303
317
327
335
388
413
428
430
442
447
461
465
470
475
477
482
486
488
501
506
508
509
515
528
535
536
538
539
540
542
549
553
556
561
566
567
571
572
575
577
583
589
594
597
603
607
611
615
627
631
646
649
666
667
668
673
688
701
705
710
713
721
723
724
755
760
804
805
133
144
155
162
173
194
218
229
231
235
239
246
256
257
258
259
261
266
277
278
282
285
300
308
333
342
367
381
404
421
427
434
436
450
457
458
460
469
487
500
520
524
531
544
546
547
551
581
591
593
596
605
610
613
614
617
625
637
639
640
643
644
645
655
656
660
674
682
690
692
693
697
698
702
708
729
731
733
745
763
766
775
777
779
784
790
813
135
142
145
146
152
158
164
175
185
187
192
193
195
200
210
213
217
225
228
234
237
247
254
270
315
326
340
352
438
448
471
473
474
484
499
502
510
522
541
545
552
562
563
565
569
579
585
595
606
608
618
621
622
650
651
652
657
659
662
664
672
675
676
679
681
696
699
700
704
706
715
717
722
728
732
738
757
761
767
780
781
809
814
818
832
117
119
128
154
157
167
168
171
172
188
189
190
191
197
203
206
209
212
214
216
221
223
238
255
263
265
350
394
444
505
514
523
526
527
548
564
584
592
623
648
653
661
665
670
671
680
685
687
689
691
711
714
716
725
736
740
741
742
751
752
758
773
782
783
789
792
794
800
810
816
828
848
109
115
123
127
134
136
137
139
147
148
149
151
161
165
176
179
184
196
201
202
204
219
220
241
242
273
476
517
533
580
604
616
624
632
636
638
694
709
726
730
735
739
750
756
768
772
776
778
785
786
793
795
798
812
817
824
858
99
104
111
112
113
116
122
130
131
138
141
156
159
174
178
183
198
244
248
262
374
483
521
570
573
574
600
678
683
684
703
718
720
737
749
762
764
765
770
771
774
787
791
796
797
806
807
808
820
821
833
834
837
839
843
849
857
85
93
96
101
105
107
110
114
129
140
143
160
163
166
181
207
226
490
504
601
620
629
686
707
727
744
747
748
799
802
811
815
819
829
831
841
845
847
859
861
870
98
108
120
132
153
199
250
532
550
743
754
759
769
788
803
822
825
826
827
830
835
844
864
878
879
883
884
898
84
95
103
126
182
227
712
734
746
823
836
838
840
842
851
852
854
866
867
871
873
881
886
76
78
82
87
100
102
118
121
124
125
150
801
853
855
874
875
895
897
899
900
908
90
91
92
94
97
106
850
868
877
880
887
75
642
856
860
862
865
869
872
891
894
902
903
919
79
80
846
885
904
906
911
81
86
888
890
913
918
920
67
69
77
83
863
876
889
896
905
924
68
88
89
893
901
916
917
921
925
71
74
882
892
912
923
64
66
70
72
73
909
922
62
60
65
907
910
914
928
930
932
936
927
933
61
63
915
926
929
54
58
59
931
940
56
52
939
948
57
935
937
950
47
938
945
46
53
944
49
934
946
951
952
55
942
955
956
48
941
949
957
51
947
43
958
964
38
953
45
943
963
33
37
41
42
35
44
39
959
961
962
40
965
32
34
960
27
50
28
30
31
29
968
954
970
971
978
36
975
977
21
343
969
974
25
332
310
366
966
976
318
362
409
411
24
364
369
384
390
414
479
15
19
372
378
391
420
422
423
432
440
481
979
981
281
284
316
354
359
393
396
402
412
446
452
507
576
973
980
16
287
289
290
292
304
311
322
323
328
345
392
437
443
453
455
464
478
503
598
305
324
329
348
358
361
397
408
415
426
439
463
466
472
485
489
493
494
516
530
578
586
695
753
972
14
169
224
275
297
298
306
319
370
386
403
405
418
435
441
468
537
588
590
612
641
654
22
23
249
253
274
296
313
330
339
380
382
456
467
492
512
543
554
555
557
561
568
587
599
602
609
619
633
635
719
7
180
205
288
325
331
334
336
368
373
400
445
449
518
539
607
626
634
647
663
668
673
677
701
713
723
26
211
229
251
260
264
269
295
321
341
346
357
385
407
433
480
496
498
513
525
529
556
577
594
666
667
669
710
721
985
986
20
230
232
236
240
271
293
299
314
320
353
383
387
419
447
459
488
495
509
515
528
535
558
559
575
583
627
628
630
658
688
731
755
766
982
208
215
233
245
280
344
371
389
399
425
451
497
519
546
597
611
614
637
644
649
655
659
708
724
760
763
779
967
162
173
186
194
222
252
256
266
279
283
338
349
379
454
511
566
589
605
615
631
660
682
717
732
738
745
775
777
784
790
805
155
170
177
217
267
301
347
375
424
429
462
491
534
542
544
551
567
571
618
643
674
692
693
697
706
711
804
133
144
154
175
213
218
228
235
239
257
282
302
309
335
365
395
398
413
482
486
487
538
547
549
560
591
593
606
625
640
679
705
728
729
733
736
758
761
773
984
17
142
158
187
191
291
307
312
356
376
401
406
410
416
457
458
501
540
603
610
645
646
656
672
690
698
700
702
715
780
813
983
135
146
193
259
277
377
388
417
461
469
470
536
572
579
582
617
681
696
714
725
739
740
757
767
782
789
809
818
8
9
145
157
195
223
237
254
272
276
278
360
431
448
460
465
562
622
652
676
722
781
810
832
18
164
171
200
225
231
243
258
261
294
317
355
430
450
473
531
552
553
581
650
651
742
751
772
794
795
172
184
192
209
246
337
351
363
428
442
475
477
502
506
508
520
533
584
596
657
661
691
709
726
752
762
776
785
800
816
117
119
128
161
197
234
247
255
268
300
303
315
427
484
500
541
563
569
595
621
639
662
664
665
675
689
704
741
793
796
808
817
127
136
141
210
286
434
471
499
585
613
670
680
685
699
716
756
812
814
824
828
848
123
137
139
148
165
179
188
203
212
221
238
265
270
326
327
342
436
510
592
678
687
694
703
720
792
797
798
837
149
152
167
168
185
189
190
206
285
333
381
474
517
523
524
545
564
565
632
648
671
771
783
786
849
857
990
11
131
151
404
604
623
718
730
807
839
843
858
109
111
122
147
178
204
216
636
765
768
787
825
105
115
130
214
219
263
514
522
548
653
737
750
815
833
834
987
992
13
93
99
112
134
138
174
201
308
340
350
527
735
870
989
116
176
242
244
367
374
394
421
476
505
608
791
806
819
820
831
859
861
4
12
107
143
241
248
438
526
573
574
624
638
686
802
811
821
827
883
884
85
160
202
226
444
601
727
829
830
854
993
994
5
96
101
140
159
183
196
198
483
532
580
616
683
749
769
799
835
844
871
879
898
113
220
273
352
748
774
823
855
886
95
102
108
110
129
207
250
746
747
764
838
864
867
873
84
100
181
521
600
744
845
878
3
707
734
851
895
988
996
76
104
163
684
842
847
881
897
94
114
120
166
570
620
743
778
853
908
6
97
153
199
504
712
841
875
877
887
995
82
90
98
156
490
550
629
770
788
852
900
1
262
840
118
132
182
754
899
2
874
10
91
92
103
822
826
836
866
759
801
919
78
87
227
803
850
862
880
902
865
903
79
124
126
918
150
894
911
913
891
896
904
69
75
86
106
125
642
920
991
997
77
906
121
869
889
998
67
81
860
872
885
917
856
868
921
924
916
80
890
925
68
888
905
66
846
863
922
923
932
89
901
912
914
64
70
71
74
876
893
73
88
892
72
930
936
65
928
62
999
882
909
929
83
0
933
61
56
926
939
927
60
948
58
52
910
54
63
907
940
931
59
46
945
950
47
952
915
951
957
57
956
49
944
938
937
955
935
949
53
941
964
934
946
958
963
343
37
310
318
576
953
332
962
48
942
33
55
598
42
284
943
586
590
602
169
275
366
607
959
961
369
695
287
298
965
281
588
35
663
229
619
626
41
264
322
568
719
45
297
304
516
633
38
292
578
635
753
253
289
329
39
409
51
323
641
43
290
316
577
609
612
667
677
230
411
32
205
224
274
40
249
271
311
649
688
345
362
537
555
647
654
666
947
269
280
288
306
554
594
658
668
669
673
713
766
215
240
260
723
44
211
293
296
364
561
611
614
710
180
305
630
422
493
634
682
232
384
423
440
464
481
503
543
655
208
319
414
644
393
446
468
507
583
587
724
236
313
455
479
528
599
660
732
251
257
358
453
530
546
557
627
674
34
396
402
539
615
643
763
155
295
328
378
494
556
478
485
575
591
606
618
755
217
245
330
412
452
605
721
222
354
372
525
558
717
186
391
628
27
142
420
640
659
701
324
535
708
978
133
173
235
472
692
331
390
603
736
738
194
213
291
339
348
489
513
559
571
223
432
597
700
971
266
370
622
637
805
954
154
158
162
252
301
334
496
512
515
589
593
706
731
28
31
171
191
373
466
733
745
144
256
321
359
567
582
729
187
233
239
711
760
443
679
693
775
170
283
415
492
529
631
702
279
302
498
625
714
715
761
818
127
177
228
441
488
777
175
361
408
566
813
282
357
463
739
773
218
397
437
645
705
30
136
193
336
518
549
832
960
259
347
382
544
646
50
119
195
346
969
538
562
681
779
312
320
433
547
439
145
299
325
426
456
480
495
509
551
579
584
29
209
519
696
742
790
267
335
380
652
809
146
344
405
418
445
542
758
184
690
789
970
197
338
386
816
828
977
128
277
392
697
784
968
237
661
837
192
540
804
141
435
536
610
780
810
138
157
254
368
572
728
757
172
246
491
621
725
793
179
258
261
309
617
648
800
407
462
569
596
664
975
203
276
459
680
848
400
497
531
672
870
419
467
812
857
135
563
581
698
726
403
553
670
161
165
534
552
656
314
709
716
807
139
206
772
794
796
234
740
487
541
639
782
843
210
341
613
632
689
776
974
247
353
447
678
824
858
349
425
767
122
501
511
533
676
722
861
123
270
272
371
703
137
168
231
595
808
399
651
691
752
200
219
238
375
898
109
303
221
225
662
699
771
265
687
185
592
636
781
817
164
560
825
839
268
151
178
278
601
694
751
795
385
685
797
849
979
520
604
204
377
387
451
792
285
383
188
214
762
973
980
517
650
665
831
294
307
470
765
873
523
565
976
117
657
101
111
190
871
148
457
482
981
389
886
130
131
379
623
624
212
458
140
671
93
449
454
545
786
827
834
835
286
524
585
756
326
398
469
783
160
243
255
317
248
798
829
107
484
730
814
883
966
506
653
99
450
884
720
815
830
879
216
147
159
226
859
134
152
176
220
508
616
718
502
244
574
486
499
149
514
300
564
473
842
864
388
448
465
112
460
477
116
143
704
895
84
242
360
686
315
96
629
207
413
600
201
475
844
100
833
986
675
189
202
522
198
461
505
887
854
196
785
811
406
108
350
573
741
821
802
102
972
36
532
183
819
355
878
85
174
110
791
416
867
880
115
526
877
21
167
376
105
76
900
985
500
620
982
806
899
548
118
129
768
855
570
911
737
638
95
250
608
904
881
340
778
94
113
429
474
431
727
333
132
851
913
527
263
428
153
97
181
337
442
894
273
580
823
903
838
199
853
917
327
891
967
919
15
983
769
908
365
91
683
114
356
90
897
24
510
764
862
866
550
750
774
906
918
874
86
820
103
787
476
241
404
395
920
642
417
424
401
471
381
921
124
483
852
87
438
902
875
734
896
92
430
77
744
712
836
847
310
328
343
362
363
364
366
372
403
456
156
170
180
224
231
243
245
261
267
268
272
275
281
284
285
286
289
290
296
301
302
303
305
306
307
308
309
311
312
314
316
317
318
321
323
324
325
327
330
331
332
333
334
336
337
339
340
341
342
344
345
347
348
349
351
352
353
354
355
356
357
358
359
360
361
365
367
368
369
370
371
375
376
377
378
379
381
382
383
384
385
386
387
388
389
390
391
392
393
395
396
397
398
399
400
401
402
404
405
406
409
410
411
412
413
414
415
416
417
418
419
420
421
422
423
424
425
426
427
428
429
430
431
432
434
435
436
437
438
439
440
442
443
445
446
449
451
452
453
454
455
461
462
463
464
465
467
468
475
477
479
480
481
482
489
492
493
494
495
500
503
506
507
508
511
524
529
530
534
536
538
549
557
559
560
576
582
598
608
619
646
663
669
705
721
753
760
770
783
803
804
805
813
814
818
832
841
847
848
78
80
82
83
84
85
87
98
99
101
103
104
105
107
108
109
110
111
112
113
114
115
116
117
119
120
121
122
123
124
125
126
127
128
130
131
132
133
134
135
136
137
138
139
142
143
144
145
146
147
149
150
151
152
153
155
157
158
159
161
162
163
164
165
166
167
168
169
171
172
173
175
176
177
179
181
182
183
185
186
187
188
189
190
191
192
194
195
196
198
199
200
201
202
203
204
205
206
208
210
211
212
213
214
215
216
218
219
220
221
222
223
225
226
227
230
232
233
234
235
236
237
238
239
240
241
242
244
246
247
249
251
252
253
255
257
258
259
260
262
263
264
265
266
269
270
271
273
274
276
277
278
279
280
282
283
287
288
291
292
293
294
295
297
298
299
300
304
313
315
319
320
322
326
329
335
338
346
350
373
374
380
394
407
408
433
441
444
447
448
450
457
458
459
460
466
469
470
471
472
473
474
476
478
483
484
485
486
487
488
490
491
496
497
498
499
501
502
504
505
509
510
512
513
514
515
516
518
519
520
521
522
523
525
526
527
528
531
535
537
539
540
541
542
543
544
545
547
548
551
552
553
554
555
556
558
561
563
564
565
566
567
568
569
570
571
572
574
575
577
578
579
580
581
583
585
586
587
588
589
590
591
592
593
595
596
597
599
602
603
605
606
607
609
610
611
612
613
614
615
616
617
620
621
622
623
624
625
626
627
628
629
630
631
633
634
635
638
639
640
641
643
645
647
648
649
650
651
652
653
654
655
656
657
658
660
662
664
665
666
667
668
671
672
673
674
675
676
677
680
681
682
683
684
685
687
688
689
690
691
692
693
695
696
697
698
699
701
702
704
707
708
710
713
715
716
719
722
723
724
725
728
729
730
731
733
735
737
738
741
742
743
745
749
750
751
752
754
755
757
759
761
763
764
765
766
767
768
771
772
774
775
777
778
779
780
781
782
784
785
786
787
788
790
791
792
793
794
795
797
798
799
800
801
802
806
807
808
809
810
811
812
815
816
817
819
820
821
822
824
826
828
829
830
831
833
834
835
836
837
838
839
840
842
843
844
845
846
849
851
852
856
857
858
859
862
864
866
867
868
869
870
872
874
875
878
879
881
883
884
885
887
894
898
899
901
62
67
71
73
74
75
76
79
81
86
88
89
90
91
92
93
94
95
96
97
100
102
106
118
129
140
141
148
154
160
174
178
184
193
197
207
209
217
228
229
248
250
254
256
517
532
533
546
550
562
573
584
594
600
601
604
618
632
636
637
642
644
659
661
670
678
679
686
694
700
703
706
709
711
712
714
717
718
720
726
727
732
734
736
739
740
744
746
747
748
756
758
762
769
773
776
789
796
823
825
827
850
853
854
855
860
861
863
865
871
873
876
877
880
882
886
888
889
890
891
892
893
895
896
897
900
902
903
904
905
906
907
908
909
910
911
912
913
915
916
917
918
919
920
921
923
924
55
57
59
60
61
63
64
65
66
68
69
70
72
77
914
922
925
926
927
928
929
930
931
932
933
935
936
937
938
940
950
43
47
48
49
51
52
53
54
56
58
934
939
941
942
943
944
945
946
947
948
951
952
953
955
956
960
33
35
36
37
38
40
41
42
44
46
50
949
957
958
959
961
963
964
25
27
28
29
32
34
39
45
954
962
965
966
968
970
971
975
978
21
24
26
30
31
967
972
974
977
981
14
16
19
20
22
23
973
976
979
980
984
985
7
13
15
17
18
969
982
983
986
989
992
4
8
9
12
987
990
991
2
3
6
10
11
988
993
994
995
996
0
1
5
997
998
999
310
343
372
284
328
332
360
362
363
364
366
390
403
456
289
290
303
307
308
309
312
314
318
325
337
351
354
355
369
376
378
384
386
393
395
400
424
425
432
446
453
454
479
480
481
582
156
170
180
224
243
267
272
275
285
286
324
327
331
333
334
341
342
352
356
359
361
367
368
371
377
379
385
391
396
397
401
402
404
405
406
409
411
414
416
417
418
420
421
422
423
426
428
431
437
449
452
463
465
477
507
511
524
530
560
576
598
599
608
646
663
669
677
705
721
778
804
144
167
169
185
208
231
232
245
251
261
263
268
274
276
281
283
294
296
301
302
305
306
311
316
317
321
323
330
336
344
345
347
349
353
358
365
370
381
382
383
387
392
398
399
410
412
415
419
427
429
434
435
436
438
439
440
442
443
445
451
455
462
464
467
475
489
494
500
503
506
508
529
534
536
537
538
549
553
557
559
566
572
578
581
586
587
588
596
597
602
603
609
610
613
617
619
620
621
624
628
630
631
634
639
641
647
653
654
658
662
673
684
690
695
697
699
702
704
707
719
723
724
733
749
750
753
755
760
764
770
775
781
783
803
805
809
813
814
818
832
848
115
117
128
135
152
158
162
164
177
186
189
192
196
198
200
201
205
206
211
214
218
220
221
225
230
233
234
236
240
246
247
249
252
253
258
262
264
269
278
279
280
282
287
288
292
295
297
298
299
300
304
313
319
320
322
329
335
338
339
340
346
348
357
373
375
388
389
394
407
413
430
433
441
459
461
466
468
470
472
474
478
482
485
486
491
492
493
495
497
505
519
520
522
525
526
527
531
540
543
548
555
558
565
567
568
570
571
580
585
590
595
612
615
616
625
626
627
633
635
638
645
648
650
657
660
664
666
667
671
674
676
681
683
685
687
688
689
698
701
710
715
716
722
731
735
759
767
768
774
777
779
780
784
788
790
792
806
822
826
828
839
841
845
847
858
866
98
99
104
109
110
112
113
114
120
123
125
126
132
133
134
142
145
146
147
151
155
166
168
172
173
175
176
181
187
190
194
195
202
203
210
212
215
216
222
238
242
259
260
265
270
271
273
277
291
315
326
350
380
408
444
450
457
458
469
471
484
487
488
490
496
498
499
501
502
510
512
513
514
518
541
542
545
551
552
554
556
564
569
574
575
577
583
589
591
592
593
600
605
611
614
622
623
629
640
643
649
652
655
656
665
668
670
672
675
680
682
691
692
693
696
708
713
725
728
729
730
738
741
743
745
751
754
757
761
763
782
786
787
791
794
800
816
820
821
824
829
833
834
840
843
849
859
864
868
881
898
78
83
85
87
101
103
105
111
116
119
121
122
124
127
129
130
131
136
137
138
139
143
149
150
153
157
159
161
163
165
171
179
182
183
188
191
193
197
199
204
213
217
219
223
227
228
229
235
237
239
241
244
255
256
257
266
293
447
460
473
504
509
515
516
521
523
528
535
539
544
547
561
563
573
579
584
594
604
606
607
618
632
636
637
651
661
679
686
694
700
706
709
712
717
718
727
737
742
752
756
758
765
766
771
772
793
795
797
798
799
801
808
810
811
812
817
819
836
838
844
851
852
857
878
883
884
894
80
82
84
96
106
107
108
140
141
148
154
174
178
184
207
209
226
248
254
448
476
483
517
546
562
601
644
659
678
703
711
714
720
726
732
736
740
744
747
748
769
773
776
785
789
802
807
823
830
831
835
837
842
846
856
860
861
862
869
870
872
874
875
879
885
888
899
75
93
95
118
160
250
374
550
642
734
739
746
762
796
815
825
827
850
853
854
865
867
871
873
880
886
887
891
897
900
901
902
903
907
908
919
76
88
90
91
92
100
102
532
533
855
863
876
877
882
889
890
893
895
904
905
906
920
73
79
81
86
89
94
97
892
909
911
918
924
60
62
67
71
74
77
896
910
912
913
915
916
921
923
925
63
68
69
70
72
917
922
927
932
933
935
59
64
65
931
940
57
58
61
66
914
926
928
930
936
937
54
55
929
938
950
934
939
945
946
947
948
47
48
51
52
53
56
941
942
951
952
43
49
943
944
953
955
46
949
956
957
36
38
44
958
960
964
41
50
959
963
33
35
37
40
42
45
954
961
39
965
28
29
32
34
962
968
970
25
27
30
975
966
971
978
31
967
24
972
974
977
21
22
26
969
23
973
976
979
980
981
19
985
15
16
17
20
984
14
982
986
7
18
989
12
13
983
987
8
9
990
992
4
991
6
11
988
993
994
2
3
10
995
996
1
343
0
5
310
332
362
364
366
372
318
328
369
378
384
390
393
403
409
411
414
422
432
446
479
997
284
289
290
316
324
325
345
354
359
361
386
391
392
396
397
400
402
405
412
415
420
423
426
437
439
440
452
453
455
456
463
464
481
507
998
275
281
287
296
304
305
306
311
314
322
323
330
331
334
336
341
348
358
360
368
370
371
376
379
382
385
395
408
418
424
425
435
443
445
449
454
466
467
468
472
478
480
489
493
494
503
530
576
598
999
180
224
249
267
274
288
292
297
298
307
309
312
313
319
320
321
329
337
339
344
346
347
349
351
353
355
356
357
363
365
373
377
380
383
387
389
399
401
406
407
410
416
417
419
429
431
433
441
451
459
462
485
492
495
511
512
516
529
537
543
555
557
559
568
578
586
587
588
590
599
602
609
619
634
641
654
663
677
695
169
170
208
232
236
240
245
251
253
260
264
269
272
280
283
295
299
301
302
303
317
327
335
338
375
381
388
398
413
428
430
447
461
465
475
477
482
486
488
491
496
497
498
509
513
518
519
525
528
534
536
538
539
549
554
556
558
560
561
566
577
582
612
626
628
630
631
633
635
646
647
658
667
669
673
719
721
753
177
186
205
211
222
230
231
233
243
252
261
268
271
276
278
279
282
285
286
291
293
294
308
333
342
367
404
421
427
434
436
442
450
457
458
460
469
470
487
500
501
506
508
515
520
524
531
535
540
542
544
551
553
567
571
572
575
581
583
589
594
596
597
603
605
607
610
611
613
614
615
617
627
645
649
660
666
668
688
697
701
705
710
713
723
724
755
760
804
805
133
144
155
162
173
194
200
215
218
229
235
246
256
257
258
259
266
277
300
315
340
352
394
438
448
471
473
474
484
499
502
510
541
546
547
552
579
591
593
606
608
618
621
622
625
637
639
640
643
644
650
652
655
656
672
674
682
690
692
693
698
699
702
708
729
731
733
745
763
766
775
777
779
784
790
813
135
142
145
146
152
158
164
175
185
187
192
193
195
206
210
213
214
217
221
225
228
234
237
238
239
247
254
263
265
270
326
350
444
505
514
522
523
526
527
545
548
562
563
564
565
569
584
585
592
595
623
648
651
653
657
659
662
664
665
675
676
679
681
685
689
691
696
700
704
706
715
717
722
728
732
738
751
757
761
767
780
781
809
814
818
832
117
119
128
154
157
167
168
171
172
189
190
191
197
201
203
209
212
216
223
255
476
517
580
604
624
632
638
661
670
671
680
687
709
711
714
716
725
736
740
741
742
750
752
758
768
772
773
782
783
786
789
792
794
800
810
816
828
848
858
109
115
123
127
134
136
137
139
147
148
149
151
156
161
165
176
179
184
188
196
198
202
204
219
220
241
242
244
273
374
483
490
504
521
533
570
573
574
600
616
636
678
683
684
694
703
720
726
730
735
739
749
756
764
765
771
776
778
785
787
791
793
795
797
798
808
812
817
820
824
839
843
849
99
104
111
112
113
116
122
130
131
138
141
159
174
178
183
248
262
601
620
629
686
707
718
727
737
762
770
774
796
799
806
807
821
829
833
834
837
841
857
859
85
96
101
105
107
110
114
129
140
143
163
166
181
199
207
226
250
532
744
747
748
759
788
802
803
811
815
819
825
830
831
845
847
861
864
870
898
93
98
108
120
132
153
160
182
227
550
734
743
754
769
822
826
827
835
838
840
844
866
878
879
881
883
884
78
84
95
103
125
126
712
746
801
823
836
842
851
852
854
855
867
871
873
886
899
76
82
87
100
102
118
121
124
150
853
868
874
875
877
887
895
897
900
908
90
91
92
94
97
106
642
850
862
865
869
872
880
894
903
919
75
846
856
860
885
891
902
79
80
888
890
904
906
911
918
920
81
83
86
889
896
905
913
67
69
77
88
863
876
921
924
68
71
89
892
893
901
916
917
925
73
74
882
912
923
64
66
70
72
909
922
60
62
907
910
932
65
914
928
930
933
936
63
915
927
59
61
926
929
54
58
931
940
56
52
935
939
948
57
937
950
47
938
945
46
53
944
49
55
934
946
951
952
941
942
955
48
956
957
43
51
947
949
958
964
38
953
943
963
37
41
45
33
35
42
44
959
39
40
961
962
34
960
965
27
28
32
50
30
29
31
954
968
970
978
36
971
975
343
977
310
332
362
366
318
364
369
409
411
21
25
378
414
422
479
974
372
384
390
391
396
402
420
432
440
446
481
969
316
345
354
359
393
412
423
452
966
281
284
287
290
322
324
328
348
358
361
392
397
405
415
437
439
443
453
455
464
507
576
976
24
289
304
311
323
386
403
408
426
435
463
466
472
478
489
15
19
275
292
305
319
329
330
382
400
418
441
467
468
485
493
494
503
516
530
586
598
695
979
981
224
249
296
297
298
306
313
325
334
339
357
368
370
380
385
433
456
512
537
590
619
980
274
331
336
341
346
373
407
445
449
492
539
555
557
568
578
587
588
599
602
609
612
633
635
641
654
753
973
16
169
253
288
295
314
320
321
344
353
371
383
387
399
447
480
496
498
518
528
543
554
556
561
634
663
677
701
719
972
14
180
205
211
240
251
264
299
379
389
419
425
451
459
488
495
497
513
515
525
529
559
626
647
667
668
673
710
713
723
22
208
229
232
233
236
260
271
293
338
356
365
424
429
454
462
509
511
519
535
558
575
577
583
594
607
627
658
666
669
721
724
760
23
194
230
245
267
269
279
280
283
335
347
349
375
401
406
410
413
416
491
501
589
614
615
628
630
649
682
688
731
755
763
766
7
26
186
215
222
256
307
309
312
377
388
395
398
457
482
486
534
542
546
566
597
611
637
655
708
777
779
985
155
162
170
173
177
217
252
266
291
301
302
376
417
430
431
458
461
470
487
538
544
551
560
605
631
640
643
644
659
660
692
706
732
775
784
805
982
986
20
175
218
257
282
360
460
465
469
536
540
547
549
571
582
591
593
618
646
674
693
702
738
790
804
967
133
144
154
158
193
213
228
235
239
272
317
337
355
363
442
448
450
567
579
603
606
610
625
679
690
698
700
705
711
717
728
729
733
736
745
761
773
813
135
142
146
187
254
259
277
278
294
315
351
475
477
502
506
520
531
562
572
617
645
656
672
697
714
715
740
767
789
145
191
237
243
261
381
428
434
471
473
484
499
508
553
581
622
650
651
652
696
757
758
780
782
809
818
832
984
157
200
223
231
258
268
276
303
327
333
427
500
552
596
676
681
722
725
739
781
794
17
128
164
172
192
195
197
225
234
246
286
300
342
436
524
533
613
621
657
664
675
709
742
772
795
810
117
119
171
184
203
209
247
326
404
474
510
541
563
569
584
661
665
691
704
751
752
776
785
793
800
816
817
983
123
127
136
152
161
179
210
221
255
270
285
517
565
585
592
639
699
726
762
808
814
828
8
9
18
137
139
141
148
165
238
265
350
394
421
514
523
545
564
595
648
662
670
671
685
687
689
694
703
716
756
796
812
824
848
147
167
168
188
189
190
206
212
374
522
608
623
632
680
720
741
783
792
797
798
849
109
122
131
149
185
216
308
340
367
444
527
604
678
730
771
786
843
857
858
130
151
178
204
263
438
526
548
653
718
807
837
111
134
138
201
214
352
476
483
636
737
765
768
787
825
833
834
839
105
112
115
116
176
219
241
242
244
505
750
791
870
990
11
93
99
143
174
573
815
819
820
831
859
861
159
196
202
248
574
624
638
686
735
806
821
830
987
992
96
101
107
140
183
226
250
532
616
802
811
827
829
854
883
884
898
85
113
160
273
521
600
727
747
748
799
835
855
879
13
95
108
110
198
207
220
580
601
683
744
749
774
823
838
844
867
873
886
989
12
84
104
129
490
504
734
845
864
871
993
4
100
102
163
764
994
120
166
684
707
746
769
841
842
878
76
114
181
570
778
851
895
897
5
94
629
847
881
900
98
262
550
743
852
853
877
887
908
82
90
153
875
899
988
996
3
97
118
132
156
182
199
620
788
840
91
92
103
227
712
759
770
801
866
874
995
6
78
754
803
826
836
850
919
79
87
124
822
862
880
902
1
126
150
865
903
106
918
10
891
911
913
642
904
2
75
121
125
894
896
920
86
872
69
77
67
81
860
885
906
991
890
869
889
916
917
80
868
921
924
997
856
925
68
888
998
846
922
66
863
905
89
71
876
912
923
893
88
901
64
70
74
914
932
73
892
930
72
928
936
65
909
62
83
929
882
999
60
926
933
56
61
910
939
52
948
54
927
0
63
58
59
907
931
940
47
950
46
945
57
915
957
951
49
956
944
952
938
935
955
53
949
937
941
963
964
934
343
958
310
366
946
48
318
37
409
33
962
332
362
55
364
942
369
961
411
953
414
576
45
35
38
43
42
440
943
51
384
287
378
422
284
391
753
420
479
695
169
959
965
590
947
40
432
229
281
304
39
345
423
719
390
396
402
446
322
481
275
44
348
588
507
41
224
292
316
297
412
598
249
372
586
452
619
633
455
359
472
602
516
319
478
290
329
32
289
298
635
766
180
354
397
205
554
393
437
453
464
358
34
311
408
443
609
710
503
663
677
415
668
28
641
701
760
667
688
328
466
494
568
723
323
361
27
439
777
463
654
673
724
324
626
713
392
607
612
647
313
489
380
405
666
296
264
433
537
555
721
31
211
253
556
330
194
658
274
305
578
599
634
763
306
468
485
528
236
512
530
215
370
346
561
971
587
133
154
435
615
208
682
779
155
731
493
539
577
978
240
832
295
386
655
708
813
357
30
142
732
755
232
271
594
614
669
251
543
627
162
557
644
692
29
293
611
331
649
659
805
660
173
736
818
441
498
630
339
426
177
334
637
775
213
256
702
382
628
233
144
280
706
186
230
269
325
373
400
418
643
559
954
583
773
789
733
288
674
714
738
403
700
175
217
260
245
291
496
717
790
222
336
546
145
445
761
407
535
679
960
575
618
745
191
279
368
784
977
158
447
597
758
729
606
711
239
705
558
127
518
640
266
525
50
299
509
515
193
459
593
467
767
320
646
809
462
589
301
321
513
488
235
529
187
693
969
257
389
591
740
810
804
157
338
456
492
715
385
449
968
970
371
495
837
119
383
603
800
335
399
808
681
739
341
796
605
344
419
582
170
828
128
146
267
571
282
975
501
780
544
259
425
551
567
742
757
645
136
184
312
252
302
228
283
696
562
237
353
566
314
347
664
617
816
622
812
661
848
870
171
652
457
631
197
547
315
179
782
109
519
795
172
725
690
538
218
209
861
772
387
161
135
542
728
536
752
792
698
703
824
672
697
349
781
223
497
676
549
625
858
716
648
678
776
794
480
579
254
849
665
651
192
596
843
879
123
722
164
839
560
610
662
379
825
310
328
343
362
363
364
366
372
403
456
156
170
180
224
231
243
245
261
267
268
272
275
281
284
285
286
289
290
296
301
302
303
305
306
307
308
309
311
312
314
316
317
318
321
323
324
325
327
330
331
332
333
334
336
337
339
340
341
342
344
345
347
348
349
351
352
353
354
355
356
357
358
359
360
361
365
367
368
369
370
371
375
376
377
378
379
381
382
383
384
385
386
387
388
389
390
391
392
393
395
396
397
398
399
400
401
402
404
405
406
409
410
411
412
413
414
415
416
417
418
419
420
421
422
423
424
425
426
427
428
429
430
431
432
434
435
436
437
438
439
440
442
443
445
446
449
451
452
453
454
455
461
462
463
464
465
467
468
475
477
479
480
481
482
489
492
493
494
495
500
503
506
507
508
511
524
529
530
534
536
538
549
557
559
560
576
582
598
608
619
646
669
705
721
753
760
783
803
804
805
813
814
818
832
841
847
848
78
80
82
83
84
85
87
98
99
101
103
104
105
107
108
109
110
111
112
113
114
115
116
117
119
120
121
122
123
124
125
126
127
128
130
131
132
133
134
135
136
137
138
139
142
143
144
145
146
147
149
150
151
152
153
155
157
158
159
161
162
163
164
165
166
167
168
169
171
172
173
175
176
177
179
181
182
183
185
186
187
188
189
190
191
192
194
195
196
198
199
200
201
202
203
204
205
206
208
210
211
212
213
214
215
216
218
219
220
221
222
223
225
226
227
230
232
233
234
235
236
237
238
239
240
241
242
244
246
247
249
251
252
253
255
257
258
259
260
262
263
264
265
266
269
270
271
273
274
276
277
278
279
280
282
283
287
288
291
292
293
294
295
297
298
299
300
304
313
315
319
320
322
326
329
335
338
346
350
373
374
380
394
407
408
433
441
444
447
448
450
457
458
459
460
466
469
470
471
472
473
474
476
478
483
484
485
486
487
488
490
491
496
497
498
499
501
502
504
505
509
510
512
513
514
515
516
518
519
520
521
522
523
525
526
527
528
531
535
537
539
540
541
542
543
544
545
547
548
551
552
553
554
555
556
558
561
563
564
565
566
567
568
569
570
571
572
574
575
577
578
579
580
581
583
585
586
587
588
589
590
591
592
593
595
596
597
599
602
603
605
606
607
609
610
611
612
613
614
615
616
617
620
621
622
623
624
625
626
627
628
629
630
631
633
634
635
638
639
640
641
643
645
647
648
649
650
651
652
653
654
655
656
657
658
660
662
663
664
665
666
667
668
671
672
673
674
675
676
677
680
681
682
683
684
685
687
688
689
690
691
692
693
695
696
697
698
699
701
702
704
707
708
710
713
715
716
719
722
723
724
725
728
729
730
731
733
735
737
738
741
742
743
745
749
750
751
752
754
755
757
759
761
763
764
765
766
767
768
770
771
772
774
775
777
778
779
780
781
782
784
785
786
787
788
790
791
792
793
794
795
797
798
799
800
801
802
806
807
808
809
810
811
812
815
816
817
819
820
821
822
824
826
828
829
830
831
833
834
835
836
837
838
839
840
842
843
844
845
846
849
851
852
856
857
858
859
862
864
866
867
868
869
870
872
874
875
878
879
881
883
884
885
887
894
898
899
901
62
67
71
73
74
75
76
79
81
86
88
89
90
91
92
93
94
95
96
97
100
102
106
118
129
140
141
148
154
160
174
178
184
193
197
207
209
217
228
229
248
250
254
256
517
532
533
546
550
562
573
584
594
600
601
604
618
632
636
637
642
644
659
661
670
678
679
686
694
700
703
706
709
711
712
714
717
718
720
726
727
732
734
736
739
740
744
746
747
748
756
758
762
769
773
776
789
796
823
825
827
850
853
854
855
860
861
863
865
871
873
876
877
880
882
886
888
889
890
891
892
893
895
896
897
900
902
903
904
905
906
907
908
909
910
911
912
913
915
916
917
918
919
920
921
923
924
55
57
59
60
61
63
64
65
66
68
69
70
72
77
914
922
925
926
927
928
929
930
931
932
933
935
936
937
938
940
950
43
47
48
49
51
52
53
54
56
58
934
939
941
942
943
944
945
946
947
948
951
952
953
955
956
960
33
35
36
37
38
40
41
42
44
46
50
949
957
958
959
961
963
964
25
27
28
29
32
34
39
45
954
962
965
966
968
970
971
975
978
21
24
26
30
31
967
972
974
977
981
14
16
19
20
22
23
973
976
979
980
984
985
7
13
15
17
18
969
982
983
986
989
992
4
8
9
12
987
990
991
2
3
6
10
11
988
993
994
995
996
0
1
5
997
998
999
310
343
362
363
372
403
456
284
309
318
325
328
332
351
360
364
366
376
390
395
424
446
224
267
289
290
303
307
308
312
314
324
337
341
354
355
356
359
361
367
369
377
378
379
384
385
386
393
397
400
401
406
411
416
417
421
422
423
425
428
431
432
437
452
453
454
463
465
479
480
481
582
669
804
156
170
180
243
268
272
275
281
285
286
296
306
316
317
321
327
330
331
333
334
336
342
344
345
347
352
353
365
368
370
371
381
391
392
396
402
404
405
409
410
412
414
415
418
419
420
426
429
439
442
445
449
451
455
477
507
508
511
524
530
538
549
559
560
576
598
599
608
619
639
646
663
677
705
721
750
770
778
805
813
814
144
167
169
185
196
208
214
231
232
245
251
261
263
264
274
276
278
280
283
288
294
301
302
305
311
322
323
339
340
348
349
358
375
382
383
387
388
389
398
399
413
427
430
434
435
436
438
440
443
461
462
464
467
468
475
489
491
493
494
495
500
503
506
529
534
536
537
540
553
557
566
572
578
581
586
587
588
596
597
602
603
609
610
613
617
620
621
624
628
630
631
634
641
645
647
653
654
658
662
664
673
684
689
690
695
697
699
702
704
707
719
723
724
733
735
749
753
755
760
764
775
780
781
783
803
809
818
832
841
847
848
99
115
117
128
135
152
158
162
164
177
186
189
192
198
200
201
205
206
211
218
220
221
222
225
230
233
234
236
238
240
246
247
249
252
253
258
262
269
279
282
287
292
295
297
298
299
300
304
313
319
320
329
335
338
346
357
373
380
394
407
408
433
441
457
459
466
470
472
474
478
482
485
486
492
497
505
513
514
519
520
522
525
526
527
531
543
548
555
558
565
567
568
570
571
580
585
590
612
615
616
625
626
627
633
635
638
648
650
657
660
666
667
671
674
676
681
683
685
687
688
698
701
710
715
716
722
729
731
759
767
768
774
777
779
784
786
788
790
792
800
806
820
822
826
828
839
845
849
858
864
866
98
104
109
110
112
113
114
116
120
123
125
126
132
133
134
142
145
146
147
151
155
166
168
172
173
175
176
187
190
194
195
202
203
210
212
215
216
242
259
260
265
270
271
273
277
291
315
326
350
444
450
458
460
469
471
484
487
488
490
496
498
499
501
502
504
510
512
518
541
542
545
551
554
556
564
569
574
575
577
583
589
591
592
593
595
605
611
614
622
623
629
640
643
649
651
652
655
656
665
668
670
672
675
680
682
691
692
693
696
708
713
725
728
730
738
741
743
745
751
754
757
761
763
782
787
791
794
816
821
824
829
833
834
836
840
843
859
868
881
898
78
83
85
87
101
103
105
111
119
121
122
124
127
129
130
131
136
137
138
139
149
150
153
157
159
163
165
171
179
181
182
183
188
199
204
213
219
227
228
235
237
239
241
255
256
257
266
293
447
473
476
509
515
516
521
523
528
535
539
544
547
552
561
563
573
579
584
594
600
604
606
607
618
632
636
659
661
679
694
700
706
712
717
727
737
740
742
752
756
758
765
766
771
772
793
795
797
798
799
801
808
810
811
812
817
819
838
842
844
851
852
856
857
869
878
883
884
894
80
82
84
96
106
107
108
140
143
148
154
161
174
191
193
197
207
209
217
223
226
229
244
248
254
374
448
483
517
546
562
601
637
644
678
686
703
709
711
714
718
720
726
732
736
744
747
748
769
773
776
785
789
802
807
823
830
831
835
837
846
860
861
862
867
870
872
874
875
879
880
885
888
899
75
93
95
141
160
178
184
550
642
734
739
746
762
796
815
825
827
850
853
854
865
871
873
886
887
891
897
900
901
902
903
904
907
908
919
76
88
90
91
92
100
102
118
250
532
855
863
876
877
882
889
890
893
895
905
906
920
79
86
97
533
909
911
918
924
60
62
67
71
73
74
77
81
89
94
892
896
910
912
913
915
921
923
68
69
70
72
916
917
922
925
932
933
935
59
63
64
927
57
61
65
914
926
928
930
931
936
937
940
55
58
66
929
950
54
934
938
948
47
53
56
939
941
942
945
946
947
43
48
49
51
52
951
952
943
944
953
955
956
46
949
957
958
964
36
38
44
960
41
50
959
963
33
35
37
40
42
45
954
961
39
965
28
32
34
962
968
970
25
27
29
30
966
971
975
31
967
978
24
977
21
22
26
972
974
23
969
973
976
981
19
979
980
15
16
17
984
985
14
20
982
986
7
18
989
12
13
8
983
987
992
4
9
990
991
11
988
993
6
994
2
343
995
996
3
10
310
332
362
366
372
1
318
328
364
369
384
390
411
422
446
5
284
290
324
354
359
361
378
386
391
393
396
397
400
402
403
405
409
412
414
420
423
432
437
440
452
453
456
463
479
481
0
281
289
305
311
314
316
322
323
325
330
331
334
336
341
345
348
358
360
368
370
376
379
382
385
392
395
415
418
424
425
426
439
443
445
449
454
455
464
467
468
480
489
494
503
507
530
576
598
997
224
267
274
275
287
288
292
296
297
304
306
307
309
312
313
319
321
329
339
344
346
347
349
351
353
355
356
357
363
365
371
373
377
380
383
387
399
401
406
408
416
417
419
429
431
433
435
441
451
459
466
472
478
485
492
493
511
512
529
537
555
557
559
578
586
587
590
599
602
609
619
663
695
998
169
170
180
208
211
232
249
251
253
264
269
272
280
283
295
298
299
301
302
303
308
317
320
327
333
335
337
338
375
388
389
398
404
407
410
413
428
442
461
462
465
477
488
491
495
496
497
498
508
513
516
518
519
524
525
534
536
538
540
543
549
554
558
560
566
568
577
582
588
597
612
626
628
630
633
634
635
641
647
654
658
669
677
719
753
999
177
186
205
222
230
231
233
236
240
243
245
260
261
268
271
276
279
285
286
293
294
342
367
381
421
427
430
434
436
447
457
458
469
470
475
482
486
487
500
501
506
509
515
528
531
535
539
542
551
553
556
561
567
571
572
575
583
589
596
603
605
607
610
613
615
617
627
631
645
646
649
666
667
673
688
697
701
705
710
713
721
723
724
755
760
804
805
144
155
162
173
194
215
218
229
246
247
252
256
258
259
266
277
278
282
291
300
315
340
352
394
438
450
460
471
473
474
484
499
502
520
522
544
546
547
565
579
581
591
593
594
608
611
614
621
622
625
637
639
640
643
650
655
656
660
668
674
682
690
692
693
698
702
708
729
731
733
745
766
775
777
779
780
781
784
790
809
813
818
117
133
135
142
146
152
158
164
175
185
187
192
195
200
206
210
213
214
217
221
225
228
234
235
238
239
257
263
265
326
350
448
505
510
514
523
526
527
541
545
548
552
562
563
564
569
584
585
592
595
606
618
624
644
648
651
652
653
657
659
662
664
672
675
676
679
681
689
691
696
699
704
706
715
717
722
725
728
738
742
751
757
761
763
767
782
783
794
814
832
848
123
128
145
147
154
157
167
168
171
172
189
190
191
193
196
197
201
203
212
216
223
237
254
255
270
444
476
517
580
604
616
623
632
638
665
670
671
680
685
687
700
711
714
716
732
736
740
741
750
752
758
768
772
773
778
786
789
792
795
800
816
817
824
828
858
99
109
115
119
127
134
136
137
139
148
149
151
156
161
165
176
179
184
188
198
202
204
209
219
220
241
242
244
273
374
483
490
521
533
570
574
600
620
636
661
683
694
709
720
726
730
735
737
739
749
756
764
765
770
771
774
776
785
787
791
793
797
798
806
808
810
812
820
821
833
834
839
841
843
849
104
110
111
112
113
116
122
130
131
138
140
141
159
166
178
183
248
262
504
573
601
629
678
684
703
707
718
727
762
788
796
799
803
807
811
819
829
837
845
847
857
859
85
96
98
101
105
107
114
120
129
132
143
160
163
174
181
199
207
226
686
743
744
747
748
754
759
802
815
822
825
826
830
831
835
844
861
864
866
870
878
884
898
84
93
108
126
153
182
227
250
532
550
712
734
769
823
827
836
838
840
842
851
852
867
879
881
883
78
82
87
95
100
103
121
124
125
150
746
801
853
854
855
871
873
874
875
886
897
899
900
102
106
118
850
862
868
872
877
880
887
894
895
908
75
76
90
91
92
94
97
642
846
856
860
865
869
885
891
903
919
79
80
888
902
906
83
86
889
890
904
911
913
918
920
69
77
81
863
876
896
901
905
924
67
68
88
89
893
916
917
921
925
71
73
74
882
892
907
912
923
64
70
72
909
922
60
62
910
932
65
66
914
63
915
926
927
928
930
933
936
59
61
929
54
58
931
940
935
56
57
939
948
52
937
950
47
938
945
55
934
952
46
49
53
944
946
951
941
942
955
48
947
956
957
43
949
51
943
953
38
958
964
41
44
963
33
35
37
42
45
959
962
39
40
960
961
965
32
34
50
28
30
27
29
954
968
31
36
970
971
975
978
977
343
332
366
25
310
362
974
21
318
411
422
966
364
369
372
384
390
402
409
414
969
976
354
378
393
396
420
423
432
440
446
452
479
481
284
290
316
328
345
359
391
397
412
437
576
979
15
24
281
287
304
311
322
324
358
361
392
405
415
439
453
455
463
464
489
507
980
981
19
224
289
292
305
323
329
330
348
382
386
403
408
418
426
443
466
468
472
478
485
493
494
503
530
578
598
695
753
274
275
296
297
331
368
370
380
400
435
441
456
467
492
512
557
586
972
973
249
288
298
306
313
319
325
334
336
341
357
373
433
445
516
537
554
555
587
590
599
602
609
612
619
633
641
654
16
22
169
180
211
253
339
346
353
383
385
449
480
496
498
529
539
543
561
568
588
626
663
701
719
14
23
205
232
233
251
264
295
299
314
320
321
344
347
387
399
407
419
425
447
454
459
488
513
518
525
528
556
559
577
607
634
635
647
667
677
710
713
723
985
170
208
215
229
230
236
240
260
267
269
271
283
293
338
371
379
451
495
515
519
558
583
627
630
658
666
668
669
673
721
755
760
766
967
26
155
186
194
222
280
349
375
389
395
413
424
497
509
511
535
575
594
615
628
688
724
731
763
779
784
804
805
982
986
7
162
173
177
245
256
266
279
301
312
335
356
365
376
398
401
406
416
429
462
491
542
546
566
597
611
614
649
708
745
775
777
790
813
20
133
144
154
218
252
272
307
309
377
388
410
482
486
487
534
536
538
540
544
551
571
582
589
605
631
637
643
644
655
682
717
732
738
135
142
146
158
175
213
217
228
235
257
291
302
355
360
431
458
461
469
470
501
531
547
549
560
567
591
618
625
640
645
659
660
674
692
706
728
729
733
736
761
773
780
809
17
187
191
193
239
261
277
282
417
450
457
460
465
579
603
610
617
646
672
679
690
693
697
698
702
705
711
715
767
782
794
818
832
984
157
171
195
200
258
259
276
294
303
317
351
363
428
430
442
448
475
477
508
520
553
593
606
622
656
696
714
740
742
757
758
789
795
816
817
117
145
164
197
223
231
237
243
246
254
268
278
327
337
473
484
502
506
572
700
725
739
781
800
810
828
848
8
119
127
128
192
210
225
286
315
427
434
562
596
613
650
681
722
751
752
772
785
793
812
814
824
983
123
139
152
161
165
172
184
209
234
247
285
300
333
381
404
499
524
552
581
584
621
651
652
657
676
762
776
796
808
843
849
857
9
18
109
122
136
137
141
179
203
206
221
255
326
436
471
500
533
541
563
565
569
595
639
664
675
691
709
726
783
786
792
797
798
858
147
148
151
168
185
190
238
265
270
342
474
510
564
585
661
665
689
694
699
704
771
807
837
99
111
130
131
134
149
167
178
188
189
204
212
308
340
394
514
517
523
592
662
670
671
685
687
716
720
741
756
825
833
834
870
112
115
116
350
522
545
604
623
648
680
765
815
831
839
987
990
992
93
107
138
176
201
214
216
263
421
438
632
718
730
768
791
811
820
821
861
884
898
101
105
159
196
219
367
374
476
678
703
737
750
787
806
819
827
829
859
989
96
110
140
174
244
352
444
505
526
527
548
608
636
830
835
854
864
883
13
85
143
202
241
483
799
802
838
855
867
878
886
11
84
95
108
113
160
198
220
242
574
624
638
653
844
871
873
879
993
104
129
183
226
248
616
735
749
774
823
845
895
994
4
12
100
102
273
573
727
778
841
842
847
851
897
207
600
744
747
748
764
881
887
899
900
988
996
98
114
163
521
532
580
601
686
769
788
852
853
908
5
76
82
94
120
181
250
683
734
875
877
97
132
156
166
746
866
874
995
199
490
504
570
3
87
90
91
92
118
153
182
262
629
801
822
836
840
880
919
78
103
620
684
707
759
803
850
862
891
6
126
743
754
770
902
903
913
918
124
550
826
865
911
991
79
894
1
75
86
106
712
872
904
10
121
150
896
906
920
69
227
885
917
2
125
860
924
80
81
67
77
868
869
888
889
921
997
890
916
925
998
68
846
642
856
905
912
922
863
876
923
901
64
66
71
89
893
932
70
914
74
892
928
936
72
73
88
930
83
909
62
65
882
929
926
910
999
60
907
933
939
54
56
61
927
931
948
58
52
63
915
940
59
945
950
0
47
57
46
951
952
935
938
955
49
956
957
937
944
934
53
949
946
964
941
958
963
942
953
48
943
962
55
43
45
37
343
33
38
961
41
42
965
947
51
35
310
332
959
40
318
366
44
753
39
576
695
32
409
362
411
369
287
364
316
440
719
402
598
34
169
390
414
422
481
384
31
224
281
423
420
284
329
479
590
960
311
292
345
446
612
378
391
507
304
588
607
28
229
641
710
27
432
578
354
396
777
322
633
713
554
586
667
766
619
701
760
412
489
626
635
249
452
609
677
290
297
455
647
663
275
359
503
211
971
599
30
253
205
723
813
215
305
348
155
464
29
372
555
668
358
408
708
180
516
602
805
323
393
397
478
233
724
804
468
954
274
463
361
485
666
328
587
731
978
289
654
380
472
443
755
673
154
494
415
493
970
162
236
688
232
466
264
296
50
437
561
745
330
775
133
512
721
288
537
763
173
324
556
298
319
568
658
313
818
142
392
634
738
790
736
251
732
306
779
269
370
784
832
577
614
717
194
630
295
453
530
557
186
230
644
711
405
293
357
810
655
789
546
773
528
543
433
809
177
439
583
144
208
498
669
628
382
256
649
441
975
271
627
525
702
346
386
418
977
968
240
594
331
969
758
816
761
659
692
780
222
299
597
637
615
733
518
426
539
559
191
714
334
187
492
175
729
848
660
266
339
611
828
870
170
280
435
618
742
373
325
772
800
158
782
796
213
135
857
643
535
706
488
558
606
368
682
837
679
817
336
403
812
157
740
146
693
145
260
976
496
127
245
235
808
674
591
320
849
974
824
883
575
767
217
223
739
171
310
328
343
362
363
364
366
372
403
456
156
170
180
224
231
243
245
261
267
268
272
275
281
284
285
286
289
290
296
301
302
303
305
306
307
308
309
311
312
314
316
317
318
321
323
324
325
327
330
331
332
333
334
336
337
339
340
341
342
344
345
347
348
349
351
352
353
354
355
356
357
358
359
360
361
365
367
368
369
370
371
375
376
377
378
379
381
382
383
384
385
386
387
388
389
390
391
392
393
395
396
397
398
399
400
401
402
404
405
406
409
410
411
412
413
414
415
416
417
418
419
420
421
422
423
424
425
426
427
428
429
430
431
432
434
435
436
437
438
439
440
442
443
445
446
449
451
452
453
454
455
461
462
463
464
465
467
468
475
477
479
480
481
482
489
492
493
494
495
500
503
506
507
508
511
524
529
530
534
536
538
549
557
559
560
576
582
598
608
619
646
669
705
721
753
760
783
803
804
805
813
814
818
832
841
847
848
78
80
82
83
84
85
87
98
99
101
103
104
105
107
108
109
110
111
112
113
114
115
116
117
119
120
121
122
123
124
125
126
127
128
130
131
132
133
134
135
136
137
138
139
142
143
144
145
146
147
149
150
151
152
153
155
157
158
159
161
162
163
164
165
166
167
168
169
171
172
173
175
176
177
179
181
182
183
185
186
187
188
189
190
191
192
194
195
196
198
199
200
201
202
203
204
205
206
208
210
211
212
213
214
215
216
218
219
220
221
222
223
225
226
227
230
232
233
234
235
236
237
238
239
240
241
242
244
246
247
249
251
252
253
255
257
258
259
260
262
263
264
265
266
269
270
271
273
274
276
277
278
279
280
282
283
287
288
291
292
293
294
295
297
298
299
300
304
313
315
319
320
322
326
329
335
338
346
350
373
374
380
394
407
408
433
441
444
447
448
450
457
458
459
460
466
469
470
471
472
473
474
476
478
483
484
485
486
487
488
490
491
496
497
498
499
501
502
504
505
509
510
512
513
514
515
516
518
519
520
521
522
523
525
526
527
528
531
535
537
539
540
541
542
543
544
545
547
548
551
552
553
554
555
556
558
561
563
564
565
566
567
568
569
570
571
572
574
575
577
578
579
580
581
583
585
586
587
588
589
590
591
592
593
595
596
597
599
602
603
605
606
607
609
610
611
612
613
614
615
616
617
620
621
622
623
624
625
626
627
628
629
630
631
633
634
635
638
639
640
641
643
645
647
648
649
650
651
652
653
654
655
656
657
658
660
662
663
664
665
666
667
668
671
672
673
674
675
676
677
680
681
682
683
684
685
687
688
689
690
691
692
693
695
696
697
698
699
701
702
704
707
708
710
713
715
716
719
722
723
724
725
728
729
730
731
733
735
737
738
741
742
743
745
749
750
751
752
754
755
757
759
761
763
764
765
766
767
768
770
771
772
774
775
777
778
779
780
781
782
784
785
786
787
788
790
791
792
793
794
795
797
798
799
800
801
802
806
807
808
809
810
811
812
815
816
817
819
820
821
822
824
826
828
829
830
831
833
834
835
836
837
838
839
840
842
843
844
845
846
849
851
852
856
857
858
859
862
864
866
867
868
869
870
872
874
875
878
879
881
883
884
885
887
894
898
899
901
62
67
71
73
74
75
76
79
81
86
88
89
90
91
92
93
94
95
96
97
100
102
106
118
129
140
141
148
154
160
174
178
184
193
197
207
209
217
228
229
248
250
254
256
517
532
533
546
550
562
573
584
594
600
601
604
618
632
636
637
642
644
659
661
670
678
679
686
694
700
703
706
709
711
712
714
717
718
720
726
727
732
734
736
739
740
744
746
747
748
756
758
762
769
773
776
789
796
823
825
827
850
853
854
855
860
861
863
865
871
873
876
877
880
882
886
888
889
890
891
892
893
895
896
897
900
902
903
904
905
906
907
908
909
910
911
912
913
915
916
917
918
919
920
921
923
924
55
57
59
60
61
63
64
65
66
68
69
70
72
77
914
922
925
926
927
928
929
930
931
932
933
935
936
937
938
940
950
43
47
48
49
51
52
53
54
56
58
934
939
941
942
943
944
945
946
947
948
951
952
953
955
956
960
33
35
36
37
38
40
41
42
44
46
50
949
957
958
959
961
963
964
25
27
28
29
32
34
39
45
954
962
965
966
968
970
971
975
978
21
24
26
30
31
967
972
974
977
981
14
16
19
20
22
23
973
976
979
980
984
985
7
13
15
17
18
969
982
983
986
989
992
4
8
9
12
987
990
991
2
3
6
10
11
988
993
994
995
996
0
1
5
997
998
999
310
343
332
362
363
372
403
456
284
318
325
328
351
360
364
366
376
384
390
395
424
446
224
267
289
290
303
307
308
309
312
314
324
327
337
341
354
355
356
359
361
367
369
377
378
379
385
386
391
393
397
400
401
406
411
416
417
421
422
423
425
428
431
432
437
452
453
454
463
465
479
480
481
524
582
608
669
804
156
170
180
243
261
268
272
275
281
285
286
296
301
306
316
317
321
330
331
333
334
336
342
344
345
347
352
353
365
368
370
371
381
392
396
402
404
405
409
410
412
414
415
418
419
420
426
429
439
442
445
449
451
455
477
507
508
511
530
538
549
559
560
576
596
598
599
603
617
619
628
631
639
646
647
653
658
663
677
697
699
705
721
724
750
753
760
770
778
805
813
814
144
167
169
185
196
208
214
231
232
245
249
251
263
264
274
276
278
280
283
288
292
294
302
305
311
322
323
339
340
348
349
357
358
375
382
383
387
388
389
398
399
413
427
430
434
435
436
438
440
443
462
464
467
468
475
489
491
493
494
495
500
503
506
529
531
534
536
537
540
553
557
566
572
578
581
586
587
588
590
597
602
609
610
613
615
620
621
624
630
633
634
635
641
645
648
650
654
660
662
664
673
683
684
689
690
695
702
704
707
719
722
723
733
735
749
755
764
775
779
780
781
783
803
809
818
832
841
847
848
115
117
128
135
152
158
162
164
177
186
189
192
195
198
200
201
205
206
211
218
220
221
222
225
230
233
234
236
238
240
246
247
252
253
258
262
269
279
282
287
295
297
298
299
300
304
313
319
320
329
335
338
346
373
380
394
407
408
433
441
457
459
461
466
470
471
472
474
478
482
485
486
492
497
505
513
514
519
520
522
525
526
527
541
542
543
548
555
558
565
567
568
570
571
577
580
585
589
595
605
612
616
622
625
626
627
638
649
652
655
656
657
665
666
667
671
674
675
676
681
685
687
688
691
692
693
696
698
701
710
713
715
716
729
731
745
751
757
759
767
768
774
777
784
786
788
790
792
800
806
816
820
822
824
826
828
839
845
849
858
864
866
98
99
104
109
110
113
114
116
120
123
125
126
132
133
134
142
145
146
147
151
155
166
168
172
173
175
176
187
190
194
202
203
210
212
215
216
227
242
259
260
265
270
271
273
277
291
315
326
350
444
450
458
460
469
484
487
488
490
496
498
499
501
502
504
510
512
518
523
545
551
552
554
556
563
564
569
574
575
583
591
592
593
600
606
611
614
623
629
632
640
643
651
668
670
672
680
682
700
708
717
725
728
730
737
738
741
742
743
752
754
761
763
766
771
782
787
791
794
811
817
821
829
833
834
836
840
843
859
868
881
898
78
83
85
87
101
103
105
111
112
119
121
124
127
129
130
131
136
137
138
139
143
149
150
153
157
159
161
163
165
171
179
181
182
183
188
193
199
204
213
219
228
235
237
239
241
255
256
257
266
293
447
473
509
515
516
521
528
535
539
544
547
561
573
579
584
594
604
607
618
636
637
659
661
679
686
694
706
709
712
714
718
727
740
744
756
758
765
769
772
773
785
789
793
795
797
798
799
801
802
808
810
812
819
837
838
842
844
851
852
856
857
861
869
878
879
883
884
894
80
84
96
107
108
122
140
148
154
174
178
191
197
207
209
217
223
226
229
244
248
254
374
448
476
483
517
546
562
601
644
678
703
711
720
726
732
734
736
747
748
776
807
815
823
825
830
831
835
846
860
862
867
870
872
874
875
880
885
888
899
75
82
93
106
141
160
184
550
642
739
746
762
796
827
850
853
854
865
871
873
876
886
887
891
897
900
901
902
903
904
907
908
919
76
88
90
91
92
95
100
102
118
250
532
855
863
877
882
889
890
893
895
905
906
920
79
86
97
533
909
911
918
924
60
67
71
73
74
77
81
89
94
892
896
910
912
913
915
921
923
62
68
69
70
72
916
917
922
925
932
933
935
59
63
64
927
57
65
914
926
928
931
936
937
940
55
58
61
66
929
930
54
938
948
950
934
939
941
942
945
946
947
47
48
51
52
53
56
951
952
43
49
943
944
953
955
46
949
956
38
44
957
958
960
964
36
41
963
33
35
37
40
42
50
954
959
961
39
45
28
32
34
965
970
25
27
29
30
962
968
975
966
967
971
978
24
31
977
21
22
972
974
23
26
969
973
981
19
976
979
980
15
16
984
985
14
17
20
982
7
18
986
13
989
12
983
987
992
8
9
990
4
11
991
6
988
993
994
2
996
3
10
310
332
343
362
366
995
1
318
328
364
369
372
390
411
284
289
290
324
354
359
378
384
386
391
393
396
397
402
403
409
412
414
422
423
432
446
452
453
456
479
481
0
5
275
281
311
314
316
322
323
325
330
331
334
336
341
345
348
358
360
361
368
370
371
376
379
385
392
400
405
415
418
420
424
425
426
437
439
440
443
454
455
463
464
480
494
507
530
576
224
267
274
287
292
296
297
298
304
305
306
307
309
312
313
319
321
329
337
339
344
346
347
349
351
353
355
356
357
363
365
373
377
382
383
387
395
399
401
406
408
416
419
429
435
441
445
449
451
466
467
468
472
478
485
489
492
493
503
511
529
537
557
578
586
590
598
599
602
619
695
997
998
169
180
249
251
253
264
269
272
280
283
288
295
299
301
302
303
320
327
335
338
375
380
388
389
398
407
410
413
417
428
431
433
459
462
465
477
491
495
496
497
498
512
513
516
518
519
525
534
543
549
554
555
558
559
560
568
582
587
588
609
612
626
628
630
633
634
635
641
647
654
658
663
669
677
753
999
170
205
208
211
230
231
232
233
236
240
243
245
260
261
268
271
278
279
282
285
286
291
293
294
308
317
333
342
367
381
404
421
427
430
434
436
442
447
457
461
470
475
482
486
487
488
500
501
506
508
509
515
524
528
531
535
536
538
539
540
542
553
556
561
566
567
571
572
575
577
583
589
596
597
603
613
615
617
627
631
646
649
660
666
667
673
688
697
701
705
710
713
719
721
723
724
755
760
144
162
177
186
194
215
218
222
229
246
252
256
258
259
266
276
277
300
315
340
352
438
450
458
460
469
471
474
484
499
502
520
544
546
547
551
565
581
591
593
594
605
607
608
610
611
614
621
622
625
637
639
640
643
645
652
655
668
674
682
690
692
693
698
699
702
708
729
731
733
763
766
775
777
779
784
790
804
805
813
133
135
146
155
158
173
175
185
187
192
195
200
206
213
214
217
225
228
234
235
238
239
247
257
263
270
326
350
394
444
448
473
510
514
522
523
526
527
541
545
548
552
562
563
569
579
585
592
595
606
618
623
644
648
650
651
653
656
657
659
662
664
672
675
676
679
681
685
689
691
696
700
704
706
715
717
722
725
728
738
745
751
757
761
767
780
781
794
809
814
818
832
117
128
142
145
152
164
167
172
189
193
201
203
210
212
216
221
223
237
254
255
265
505
517
564
580
584
604
616
624
632
661
665
671
680
687
709
711
714
716
732
736
740
741
742
750
752
758
768
772
773
778
782
783
786
789
792
800
816
828
848
858
119
123
127
136
137
147
151
154
156
157
161
165
168
171
176
179
184
188
190
191
196
197
198
204
209
219
220
241
242
244
273
374
476
483
490
504
521
533
570
573
574
600
636
638
670
678
683
694
703
726
730
735
739
749
756
764
765
770
771
774
776
785
787
791
793
795
797
798
806
808
810
817
820
824
839
843
849
99
109
111
112
113
115
116
122
130
131
134
138
139
148
149
166
183
202
248
262
601
620
629
684
686
707
718
720
727
737
762
796
799
807
811
812
821
829
833
834
837
841
857
859
101
104
105
110
114
129
140
141
143
159
163
174
178
181
207
226
743
744
747
748
754
759
769
788
802
803
815
819
822
830
831
844
845
847
861
864
870
898
85
93
96
98
107
108
120
132
160
182
199
227
250
532
550
712
734
825
826
827
835
838
840
842
866
878
879
881
883
884
84
95
103
125
126
153
746
801
823
836
851
852
854
867
871
873
886
78
82
87
100
102
121
124
150
853
855
868
874
875
877
880
887
895
897
899
900
76
106
118
642
850
856
860
862
865
869
872
891
894
908
75
80
90
91
92
94
97
846
885
902
903
919
79
888
890
904
906
911
920
83
86
863
896
905
913
918
67
69
77
81
88
876
889
893
901
921
924
68
71
89
882
892
916
917
923
925
73
74
909
912
70
72
907
922
60
62
64
66
910
932
65
914
915
930
933
936
927
928
59
61
63
926
929
58
931
940
54
935
56
57
937
939
948
52
945
950
47
938
55
46
49
53
934
944
946
951
952
941
942
955
48
956
43
51
947
949
957
38
943
953
958
964
41
963
33
37
42
44
45
35
39
959
40
961
962
50
960
32
34
965
27
28
30
29
954
968
31
36
970
343
971
978
310
975
332
362
366
977
318
369
411
25
364
378
409
414
422
21
372
384
390
391
402
440
479
284
316
328
345
354
359
393
396
412
420
423
432
446
452
481
974
281
287
289
290
304
322
324
348
358
392
397
405
415
437
439
443
453
455
464
576
966
969
275
292
305
311
323
361
386
403
408
426
463
466
472
478
507
24
224
296
297
298
319
325
329
330
370
400
418
435
468
489
493
494
503
586
598
695
976
249
274
306
313
331
334
336
339
341
346
357
368
380
382
385
441
456
467
485
512
516
530
537
557
578
590
619
654
753
981
15
19
169
180
253
288
295
321
344
353
371
373
387
399
407
433
445
449
492
539
555
568
588
602
609
633
641
979
205
211
240
264
314
320
383
419
425
480
496
498
518
528
529
543
554
556
561
587
599
612
626
634
635
663
677
701
719
980
208
229
233
236
251
260
271
280
293
299
338
347
349
356
379
389
447
451
454
459
495
497
513
525
559
577
658
668
673
710
713
723
973
16
230
232
267
269
279
312
335
365
401
413
424
429
462
488
509
511
515
558
575
583
607
615
627
647
666
667
669
688
721
724
755
760
763
766
972
14
170
194
215
222
245
256
283
291
301
307
309
375
377
388
398
406
410
416
491
501
519
535
589
594
628
630
649
682
731
779
23
155
162
177
186
252
266
302
360
376
395
482
486
487
534
542
546
566
611
614
637
655
660
708
732
775
777
22
26
173
175
213
217
239
257
272
282
337
430
431
457
461
470
538
540
544
549
551
560
582
591
597
605
631
640
643
644
646
674
692
693
706
784
805
967
985
7
133
144
193
218
228
235
259
261
277
294
315
317
355
363
417
458
460
465
469
536
547
567
571
593
603
659
697
702
705
717
728
729
733
736
738
745
761
790
804
135
142
146
154
158
187
243
254
278
351
442
448
450
475
477
531
579
606
617
618
625
645
679
690
698
700
711
715
740
757
767
773
813
986
20
145
195
231
237
246
258
268
303
333
381
434
484
502
506
508
520
562
572
610
622
652
656
672
696
714
758
780
782
789
794
809
818
832
982
157
191
192
200
223
225
234
276
286
300
327
342
427
428
473
499
500
553
581
596
650
651
681
725
739
781
984
128
164
172
184
197
203
209
247
270
285
326
404
436
471
524
552
676
709
722
742
751
752
795
800
810
817
117
119
127
136
171
474
533
541
563
613
621
657
664
675
704
772
776
793
808
816
828
123
152
161
179
210
221
238
350
510
517
565
569
592
639
661
665
691
699
726
785
814
848
17
137
139
141
148
165
168
185
190
206
212
255
265
394
421
523
545
584
585
595
648
685
689
703
741
756
762
783
792
796
798
812
824
858
18
147
167
189
204
216
263
308
340
367
514
608
623
662
670
671
680
687
694
716
771
786
797
807
837
843
849
983
109
122
131
151
188
214
374
438
444
522
526
527
564
653
678
720
730
768
857
9
130
149
178
201
241
242
352
548
604
632
787
833
834
839
8
111
116
134
138
176
219
244
476
483
718
737
765
791
825
831
99
112
115
143
174
505
636
750
815
819
820
859
861
870
93
105
159
183
196
248
573
802
806
811
821
829
101
107
140
198
202
226
250
273
574
616
686
735
748
827
830
879
884
898
96
108
113
160
220
624
638
747
749
799
835
844
854
883
990
110
207
521
532
580
601
683
727
774
823
838
873
886
987
992
84
85
95
129
163
166
600
744
764
845
855
864
867
11
13
100
104
490
504
734
769
778
841
842
871
878
989
102
114
120
181
262
895
76
570
684
746
851
852
877
881
897
4
12
98
707
847
853
887
899
900
993
994
94
156
199
629
875
908
132
182
227
550
743
788
82
90
97
103
118
153
620
759
770
840
866
5
91
754
803
836
874
996
3
78
801
826
850
880
92
712
822
862
919
79
87
124
902
988
126
150
865
903
6
125
891
911
913
995
106
121
918
75
894
896
904
906
920
69
86
872
1
77
860
885
10
81
642
890
67
80
869
916
921
2
846
868
917
924
991
856
68
889
925
888
905
66
89
863
997
922
998
71
923
876
893
912
73
88
901
914
64
70
74
892
932
72
930
909
62
928
936
65
83
882
60
929
910
933
56
61
999
926
52
927
939
948
54
63
58
59
907
0
931
47
940
915
46
57
945
950
49
935
956
938
951
53
944
955
952
957
937
934
949
343
941
310
964
48
366
958
946
963
318
43
55
362
33
37
332
369
409
45
364
411
378
942
414
440
576
35
42
51
695
38
422
384
402
479
391
953
41
287
390
423
943
281
304
284
316
962
345
396
420
169
753
39
44
412
446
947
432
590
40
961
481
322
598
719
275
348
965
354
358
452
455
507
397
229
372
464
619
641
393
472
249
478
588
224
292
297
323
329
959
289
635
677
205
359
586
724
32
361
516
408
466
612
668
710
305
443
503
439
701
311
180
298
453
463
485
766
290
713
328
415
633
313
392
723
324
433
437
760
28
319
27
253
296
31
494
568
777
493
555
607
654
667
673
357
435
554
609
34
489
380
512
626
346
602
405
663
426
468
155
211
537
539
578
264
658
295
599
647
666
708
403
274
306
763
233
441
779
370
561
30
133
556
162
194
557
731
530
634
775
208
215
339
386
418
240
688
682
721
518
29
154
669
236
330
587
614
467
615
755
382
447
528
649
655
175
736
232
692
173
331
738
630
498
543
251
373
142
230
336
637
711
186
334
368
978
577
256
269
177
805
702
546
813
271
496
732
706
144
288
400
525
293
445
628
407
832
213
790
260
660
745
583
659
535
773
383
385
320
627
594
789
222
325
644
818
50
515
217
804
740
717
758
193
492
280
971
558
733
575
245
399
488
559
299
145
784
714
729
761
449
291
127
597
960
954
146
606
700
170
456
321
509
643
693
705
387
266
135
611
389
341
191
767
235
679
674
810
128
809
742
257
279
239
640
119
772
158
977
459
301
782
187
739
371
970
157
808
529
314
136
497
419
462
344
228
513
837
425
353
495
618
