11
12
13
14
15
16
17
18
21
22
24
26
27
28
29
30
31
32
33
34
35
36
37
38
39
40
41
42
43
44
45
46
47
48
49
50
51
52
53
54
55
56
57
58
59
60
61
62
63
64
65
67
68
9
10
19
20
23
25
66
69
70
71
72
73
74
75
76
77
78
80
81
82
83
8
79
84
85
6
7
86
5
4
87
88
2
3
89
90
91
92
1
93
0
94
95
96
97
98
99
12
29
38
44
45
48
49
52
53
11
13
14
15
16
17
18
19
20
21
22
23
24
26
27
28
30
31
32
33
34
35
36
37
39
40
41
42
43
46
47
50
51
54
55
56
57
58
59
60
61
62
63
64
65
67
25
66
68
69
70
71
72
73
9
10
74
75
76
77
78
80
83
8
79
81
82
84
85
7
6
86
5
87
4
88
89
3
90
91
2
92
1
93
94
95
96
0
97
98
34
35
36
37
38
39
40
41
42
43
44
45
46
47
48
49
50
51
52
53
54
55
56
21
22
23
24
25
26
27
28
29
30
31
32
33
57
58
59
60
61
16
17
18
19
20
62
63
64
65
66
67
11
12
13
14
15
68
69
70
72
8
9
10
71
73
7
74
75
76
77
5
6
78
79
80
81
82
83
84
85
99
4
86
87
3
88
89
90
91
2
92
1
93
94
95
96
0
97
98
99
99
0
99
97
98
0
93
1
94
95
96
4
89
97
90
99
91
92
98
70
72
66
69
71
20
21
23
24
25
26
27
28
29
30
31
32
33
34
36
37
39
41
42
43
44
45
47
48
49
52
53
58
59
60
61
62
63
64
65
67
68
3
35
38
40
46
50
51
54
55
56
57
2
7
93
5
6
87
81
88
0
12
10
79
9
13
94
11
80
95
78
8
14
96
15
16
89
90
1
86
17
76
91
77
74
75
4
18
92
19
22
73
97
72
71
20
83
70
84
24
69
85
21
23
82
99
68
66
25
98
26
29
27
67
31
65
64
30
62
37
7
28
63
32
3
33
61
60
49
44
34
39
35
40
59
47
58
38
43
45
42
36
41
53
11
12
13
14
15
16
17
18
21
22
24
26
27
28
29
30
31
32
33
34
35
36
37
38
39
40
41
42
43
44
45
46
47
48
49
50
51
52
53
54
55
56
57
59
60
62
64
65
67
68
9
10
19
20
23
25
58
61
63
66
69
70
71
72
73
74
75
76
77
78
80
82
83
8
79
81
84
85
6
7
86
5
87
3
4
88
89
91
2
90
92
1
93
94
95
96
0
97
98
99
49
12
21
29
31
35
36
37
38
39
40
41
42
43
44
45
46
47
48
51
52
53
56
57
59
11
13
14
15
16
17
18
19
22
24
26
27
28
30
32
33
34
50
54
55
58
60
62
63
64
67
20
23
25
61
65
66
68
69
70
71
72
73
74
75
76
9
10
77
78
80
82
83
79
81
8
84
85
7
86
6
5
87
4
88
3
89
91
90
2
92
1
93
94
95
96
0
97
98
99
49
53
29
38
43
44
45
48
52
56
59
12
21
28
31
35
37
39
40
42
47
51
57
58
60
15
17
18
22
26
27
30
32
33
34
36
41
46
50
54
55
11
13
14
16
19
20
23
24
61
62
63
64
65
67
25
68
66
69
70
73
71
72
76
10
74
75
9
77
78
80
83
81
82
79
8
84
85
7
49
53
29
38
43
44
45
48
52
56
59
6
21
28
31
35
37
39
40
42
47
51
57
58
60
5
17
18
22
26
27
30
32
33
34
36
41
46
50
54
55
12
13
14
15
16
19
20
23
24
61
62
63
64
65
67
4
11
25
68
3
66
69
70
86
2
71
72
73
1
10
9
74
75
76
77
0
78
79
80
81
82
83
87
84
88
90
85
89
91
92
93
4
94
95
3
86
96
2
97
1
98
0
99
87
88
90
89
91
92
93
94
95
96
97
1
98
0
99
94
95
96
97
1
98
0
99
93
94
95
96
97
1
98
0
99
93
3
94
95
2
96
97
98
1
4
93
94
95
99
0
90
96
3
89
91
2
92
97
6
98
5
87
88
1
86
93
10
89
4
9
90
91
94
8
95
7
96
92
99
11
71
72
70
3
69
16
68
84
97
87
17
66
67
65
21
22
6
64
86
18
23
19
20
63
62
98
2
88
5
61
24
0
25
60
80
26
78
79
28
27
31
85
58
75
32
37
81
59
36
29
30
56
33
55
43
49
34
48
53
10
38
52
57
39
42
51
54
40
47
35
41
50
77
45
76
44
82
12
83
46
74
9
13
89
90
15
14
73
93
11
71
91
72
16
84
11
12
13
14
15
16
17
18
21
22
26
27
28
29
30
31
32
33
34
35
36
37
38
39
40
41
42
43
44
45
46
47
48
49
50
51
52
53
54
55
56
57
59
60
9
10
19
20
23
24
25
58
61
62
63
64
65
66
67
68
69
70
71
72
73
74
75
76
78
80
82
83
8
77
79
81
84
85
6
7
86
5
87
88
3
4
89
90
91
2
92
1
93
94
95
96
0
97
98
99
12
29
35
37
38
39
40
42
43
44
45
47
48
49
51
52
53
11
13
14
15
16
17
18
19
21
22
24
26
27
28
30
31
32
33
34
36
41
46
50
54
55
56
57
58
59
60
20
23
25
61
62
63
64
65
67
68
73
66
69
70
71
72
74
75
76
83
9
10
77
78
80
81
82
8
79
84
85
7
86
6
5
87
88
4
89
3
90
91
2
92
1
93
94
95
96
0
97
98
99
44
12
21
29
38
45
48
49
51
52
53
17
18
22
26
28
31
35
37
39
40
42
43
47
55
56
57
58
59
13
14
15
16
19
23
24
27
30
32
33
34
36
41
46
50
54
60
11
20
25
61
62
64
63
65
67
68
66
69
70
71
73
72
10
74
76
9
75
78
83
77
80
82
79
81
8
84
85
7
6
44
5
21
29
38
45
48
49
51
52
53
86
17
18
22
26
28
31
35
37
39
40
42
43
47
55
56
57
58
59
4
12
13
14
15
16
19
23
24
27
30
32
33
34
36
41
46
50
54
60
3
11
20
25
61
62
64
2
63
65
67
66
1
68
69
10
70
9
71
72
73
0
8
74
75
76
77
78
79
80
87
81
82
83
88
84
89
90
91
85
92
93
94
95
96
97
86
98
4
3
2
99
1
0
91
92
93
94
95
96
97
98
99
0
97
98
99
0
97
98
99
0
97
98
1
99
93
0
94
95
96
3
2
97
98
1
4
93
99
94
95
89
90
96
3
0
91
2
92
6
97
5
98
87
86
88
1
9
4
70
84
69
8
7
68
93
24
89
64
67
21
66
90
20
65
62
63
85
61
22
25
60
29
26
91
28
27
58
59
30
31
33
32
56
37
55
34
57
49
53
54
36
40
51
52
94
39
43
47
50
38
41
44
35
42
45
48
81
82
95
46
78
79
83
96
13
12
15
76
99
3
77
92
6
14
75
16
17
74
5
11
86
10
87
84
73
2
72
97
19
71
0
18
9
23
80
88
98
27
28
29
30
31
32
33
34
35
36
37
38
39
40
41
42
43
44
45
46
47
48
49
50
51
52
53
54
55
56
57
58
59
60
61
62
63
64
65
66
67
11
12
13
14
15
16
17
18
19
20
21
22
23
24
25
26
68
69
70
71
72
73
74
75
9
10
76
77
78
79
80
81
82
83
8
84
85
7
86
5
6
4
87
88
3
89
90
91
92
2
1
93
94
95
0
96
97
98
99
44
49
29
31
34
35
36
37
38
39
40
41
42
43
45
46
47
48
50
51
52
53
56
57
58
59
12
21
22
24
26
27
28
30
32
33
54
55
60
61
62
63
64
65
67
13
14
15
16
17
18
19
20
23
25
66
68
69
70
71
72
73
11
74
75
76
77
78
10
79
80
82
83
9
81
8
84
85
7
86
6
5
87
4
88
3
89
91
90
2
92
1
93
94
95
96
0
97
98
29
43
44
45
48
49
52
53
56
59
21
28
31
34
35
37
38
39
40
42
47
50
51
54
55
57
58
60
22
23
24
26
27
30
32
33
36
41
46
61
62
63
64
65
12
17
18
19
20
25
66
67
13
14
15
16
68
69
70
11
71
72
73
99
76
74
75
77
78
10
80
9
79
82
83
81
8
84
85
7
29
43
44
45
48
49
52
53
56
59
5
6
21
28
31
34
35
37
38
39
40
42
47
50
51
54
55
57
58
60
22
23
24
26
27
30
32
33
36
41
61
62
63
64
65
12
17
18
19
20
25
66
67
4
13
14
15
16
68
69
70
86
11
71
72
73
3
2
76
74
75
77
78
1
10
80
9
79
81
82
83
0
87
88
84
85
89
90
91
92
93
94
95
4
86
96
3
2
97
98
1
0
87
99
88
89
90
91
92
93
94
95
96
97
98
1
0
99
93
94
95
96
97
1
98
0
99
93
94
95
2
96
97
1
98
0
93
3
99
94
95
2
96
91
92
97
98
1
4
87
88
93
89
90
94
95
7
91
3
96
99
0
92
2
6
5
97
98
87
88
10
86
9
8
1
85
89
93
90
4
69
83
15
14
13
12
19
20
66
67
91
7
21
23
64
24
25
26
65
22
62
63
61
27
28
11
29
31
60
30
32
58
94
33
37
59
34
36
38
55
56
35
39
40
42
49
57
95
45
47
48
50
52
53
54
41
43
46
51
44
84
92
96
76
77
78
74
75
79
80
73
71
81
3
6
70
82
17
10
5
83
72
18
16
86
99
87
68
69
9
15
97
11
12
13
14
15
16
39
44
49
83
9
10
17
18
19
20
21
22
23
24
25
26
27
28
29
30
31
32
33
34
35
36
37
38
40
41
42
43
45
46
47
48
50
51
52
53
54
55
56
57
58
59
60
61
62
63
64
65
66
67
68
69
70
71
72
73
74
75
76
77
78
79
80
81
82
84
85
8
7
86
5
6
87
88
89
4
90
91
92
2
3
1
93
94
95
96
0
97
98
99
12
11
13
14
15
16
17
18
21
29
31
35
37
38
39
40
42
43
44
45
47
48
49
51
52
53
19
22
23
24
26
27
28
30
32
33
34
36
41
46
50
54
55
56
57
58
59
60
64
73
82
83
9
10
20
25
61
62
63
65
66
67
68
69
70
71
72
74
75
76
77
78
79
80
81
84
8
85
86
7
6
5
87
88
89
4
90
91
3
92
2
1
93
94
95
96
97
98
0
99
12
11
13
14
15
16
17
18
21
29
37
44
45
48
49
52
53
19
22
23
24
26
27
28
30
31
34
35
38
39
40
42
43
47
51
55
56
57
58
59
20
25
32
33
36
41
46
50
54
60
62
64
61
63
65
67
68
69
71
73
83
10
66
70
72
74
75
76
78
80
82
9
77
81
79
8
84
85
86
7
6
5
4
21
29
37
44
45
48
49
52
53
3
12
13
14
15
16
17
18
19
22
23
24
26
27
28
30
31
34
35
38
39
40
42
43
47
51
55
56
57
58
59
2
11
20
25
32
33
36
41
46
50
54
60
62
87
61
63
64
65
67
1
10
66
88
9
68
69
89
90
91
70
71
72
0
73
74
92
8
75
76
77
78
80
79
81
82
83
93
84
94
95
96
85
97
98
99
86
1
0
94
95
96
97
98
99
99
99
0
99
97
98
0
99
93
1
94
95
96
97
4
98
0
3
2
93
89
90
91
94
99
95
1
96
92
4
10
9
12
16
19
72
6
13
69
70
15
17
24
64
66
67
68
65
20
21
61
62
63
25
22
23
60
97
8
26
29
31
27
30
58
59
28
33
37
55
32
49
57
34
35
47
51
54
56
38
39
44
45
50
52
53
5
36
40
87
41
42
43
46
48
88
3
98
82
83
86
80
84
7
2
79
89
78
0
74
90
85
75
14
77
11
76
73
18
91
12
71
10
15
81
16
13
72
11
12
13
14
15
16
17
18
21
22
24
26
27
28
29
30
31
32
33
34
35
36
37
38
39
40
41
42
43
44
45
46
47
48
49
50
51
52
53
54
55
56
57
58
59
60
61
62
64
65
67
68
9
10
19
20
23
25
63
66
69
70
71
72
73
74
75
76
77
78
80
82
83
8
79
81
84
85
6
7
86
5
87
3
4
88
89
91
2
90
92
1
93
94
95
96
0
97
98
99
44
45
48
49
12
21
28
29
31
33
34
35
36
37
38
39
40
41
42
43
46
47
50
51
52
53
54
56
57
59
11
13
14
15
16
17
18
19
22
23
24
26
27
30
32
55
58
60
61
62
63
64
65
67
20
25
66
68
69
70
71
72
73
10
74
75
76
83
9
77
78
80
81
82
8
79
84
85
7
86
6
5
87
4
88
89
3
90
91
2
92
1
93
94
95
96
0
97
98
29
44
48
49
52
53
12
21
31
35
37
38
40
43
45
47
51
56
57
59
99
14
15
16
17
18
22
23
26
27
28
30
34
39
42
50
54
55
58
60
11
13
19
20
24
32
33
36
41
46
61
62
63
64
65
25
67
68
66
69
70
71
73
72
10
74
76
75
9
77
78
80
83
81
82
79
8
84
85
7
86
6
5
