193.7
193.7
193.7
193.8
193.8
193.8
193.8
193.8
193.8
193.8
193.8
193.8
193.8
193.8
193.8
193.8
193.8
193.8
193.8
193.8
193.9
193.9
193.9
193.9
193.9
193.9
193.9
193.9
193.9
193.9
193.9
193.9
193.9
193.9
193.9
193.9
193.9
193.9
193.9
193.9
193.9
193.9
193.9
193.9
193.9
193.9
193.9
193.9
194.0
194.0
194.0
194.0
194.0
194.0
194.0
194.0
194.0
194.0
194.0
194.0
194.0
194.0
194.0
194.0
194.0
194.0
194.0
194.0
194.0
194.0
194.0
194.0
194.0
194.0
194.0
194.0
194.0
194.0
194.0
194.0
194.0
194.0
194.0
194.0
194.0
194.0
194.0
194.0
194.0
194.0
194.0
194.0
194.0
194.0
194.0
194.0
194.0
194.0
194.0
194.0
194.0
194.0
194.0
194.0
194.0
194.0
194.0
194.0
194.0
194.0
194.0
194.1
194.1
194.1
194.1
194.1
194.1
194.1
194.1
194.1
194.1
194.1
194.1
194.1
194.1
194.1
194.1
194.1
194.1
194.1
194.1
194.1
194.1
194.1
194.1
194.1
194.1
194.1
194.1
194.1
194.1
194.1
194.1
194.1
194.1
194.1
194.1
194.1
194.1
194.1
194.1
194.1
194.1
194.1
194.1
194.1
194.1
194.1
194.1
194.1
194.1
194.1
194.1
194.1
194.1
194.1
194.1
194.1
194.1
194.1
194.1
194.1
194.1
194.1
194.1
194.1
194.1
194.1
194.1
194.1
194.1
194.1
194.1
194.1
194.1
194.1
194.1
194.1
194.1
194.1
194.1
194.2
194.2
194.2
194.2
194.2
194.2
194.2
194.2
194.2
194.2
194.2
194.2
194.2
194.2
194.2
194.2
194.2
194.2
194.2
194.2
194.2
194.2
194.2
194.2
194.2
194.2
194.2
194.2
194.2
194.2
194.2
194.2
194.2
194.2
194.2
194.2
194.2
194.2
194.2
194.2
194.2
194.2
194.2
194.2
194.2
194.2
194.2
194.2
194.2
194.2
194.2
194.2
194.2
194.2
194.2
194.2
194.2
194.2
194.2
194.2
194.2
194.2
194.2
194.2
194.2
194.2
194.2
194.2
194.2
194.2
194.2
194.2
194.2
194.2
194.2
194.2
194.2
194.2
194.2
194.2
194.2
194.2
194.2
194.2
194.2
194.2
194.2
194.2
194.2
194.2
194.2
194.2
194.3
194.3
194.3
194.3
194.3
194.3
194.3
194.3
194.3
194.3
194.3
194.3
194.3
194.3
194.3
194.3
194.3
194.3
194.3
194.3
194.3
194.3
194.3
194.3
194.3
194.3
194.3
194.3
194.3
194.3
194.3
194.3
194.3
194.3
194.3
194.3
194.3
194.3
194.3
194.3
194.3
194.3
194.3
194.3
194.3
194.3
194.3
194.3
194.3
194.3
194.3
194.3
194.3
194.3
194.3
194.3
194.3
194.3
194.3
194.3
194.3
194.3
194.3
194.3
194.3
194.3
194.3
194.3
194.3
194.3
194.3
194.3
194.3
194.3
194.3
194.3
194.3
194.3
194.3
194.3
194.3
194.3
194.3
194.4
194.4
194.4
194.4
194.4
194.4
194.4
194.4
194.4
194.4
194.4
194.4
194.4
194.4
194.4
194.4
194.4
194.4
194.4
194.4
194.4
194.4
194.4
194.4
194.4
194.4
194.4
194.4
194.4
194.4
194.4
194.4
194.4
194.4
194.4
194.4
194.4
194.4
194.4
194.4
194.4
194.4
194.4
194.4
194.4
194.4
194.4
194.4
194.4
194.4
194.4
194.4
194.4
194.4
194.4
194.4
194.4
194.4
194.4
194.4
194.4
194.4
194.4
194.4
194.4
194.4
194.4
194.4
194.4
194.4
194.4
194.5
194.5
194.5
194.5
194.5
194.5
194.5
194.5
194.5
194.5
194.5
194.5
194.5
194.5
194.5
194.5
194.5
194.5
194.5
194.5
194.5
194.5
194.5
194.5
194.5
194.5
194.5
194.5
194.5
194.5
194.5
194.5
194.5
194.5
194.5
194.5
194.5
194.5
194.5
194.5
194.5
194.5
194.5
194.5
194.5
194.5
194.5
194.5
194.5
194.6
194.6
194.6
194.6
194.6
194.6
194.6
194.6
194.6
194.6
194.6
194.6
194.6
194.6
194.6
194.6
194.6
194.6
194.6
194.6
194.6
194.6
194.6
194.6
194.6
194.6
194.6
194.6
194.6
194.6
194.6
194.6
194.6
194.6
194.6
194.6
194.6
194.6
194.6
194.6
194.6
194.6
194.6
194.6
194.6
194.6
194.6
194.6
194.6
194.6
194.6
194.6
194.7
194.7
194.7
194.7
194.7
194.7
194.7
194.7
194.7
194.7
194.7
194.7
194.7
194.7
194.7
194.7
194.7
194.7
194.7
194.7
194.7
194.7
194.7
194.7
194.7
194.7
194.7
194.7
194.7
194.7
194.7
194.7
194.7
194.7
194.7
194.7
194.7
194.8
194.8
194.8
194.8
194.8
194.8
194.8
194.8
194.8
194.8
194.8
194.8
194.8
194.8
194.8
194.8
194.8
194.8
194.8
194.8
194.8
194.8
194.8
194.8
194.9
194.9
194.9
194.9
194.9
194.9
194.9
194.9
194.9
194.9
194.9
194.9
194.9
194.9
194.9
194.9
194.9
194.9
194.9
194.9
194.9
194.9
194.9
194.9
194.9
195.0
195.0
195.0
195.0
195.0
195.0
195.0
195.0
195.0
195.0
195.0
195.0
195.0
195.0
195.0
195.0
195.0
195.0
195.0
195.0
195.0
195.1
195.1
195.1
195.1
195.1
195.1
195.1
195.1
195.1
195.1
195.1
195.1
195.1
195.2
195.2
195.2
195.2
195.2
195.2
195.2
195.2
195.2
195.2
195.2
195.2
195.2
195.2
195.2
195.2
195.2
195.3
195.3
195.3
195.3
195.3
195.3
195.3
195.3
195.3
195.3
195.3
195.3
195.3
195.4
195.4
195.4
195.4
195.4
195.4
195.5
195.5
195.5
195.5
195.5
195.5
195.5
195.5
195.6
195.6
195.6
195.6
195.6
195.6
195.6
195.6
195.6
195.6
195.6
195.6
195.7
195.7
195.7
195.7
195.7
195.7
195.7
195.7
195.7
195.7
195.7
195.7
195.8
195.8
195.8
195.8
195.9
195.9
195.9
195.9
195.9
195.9
195.9
195.9
195.9
195.9
195.9
196.0
196.0
196.0
196.0
196.0
196.0
196.0
196.0
196.1
196.1
196.1
196.2
196.2
196.2
196.2
196.2
196.3
196.3
196.3
196.3
196.3
196.3
196.3
196.3
196.3
196.4
196.4
196.4
196.5
196.5
196.5
196.5
196.5
196.5
196.5
196.6
196.6
196.6
196.6
196.6
196.6
196.6
196.6
196.6
196.7
196.7
196.7
196.8
196.8
196.8
196.8
196.8
196.9
196.9
197.0
197.0
197.0
197.0
197.0
197.1
197.1
197.2
197.2
197.2
197.3
197.3
197.3
197.3
197.3
197.4
197.4
197.4
197.4
197.4
197.5
197.5
197.5
197.6
197.6
197.6
197.7
197.7
197.8
197.8
197.8
197.9
197.9
197.9
197.9
197.9
198.0
198.0
198.0
198.0
198.1
198.1
198.1
198.2
198.2
198.2
198.2
198.2
198.3
198.3
198.4
198.4
198.4
198.4
198.5
198.5
198.6
198.6
198.7
198.7
198.8
198.9
198.9
198.9
199.0
199.0
199.0
199.0
199.1
199.1
199.1
199.1
199.1
199.1
199.1
199.1
199.2
199.2
199.3
199.4
199.5
199.5
199.5
199.6
199.6
199.6
199.7
199.7
199.9
199.9
200.1
200.1
200.1
200.1
200.2
200.2
200.6
200.6
200.9
200.9
201.0
201.1
201.1
201.2
201.2
201.2
201.3
201.5
201.6
201.9
201.9
202.0
202.2
202.2
202.3
202.4
202.5
202.6
202.6
202.7
202.7
202.9
203.1
203.2
203.4
203.5
203.6
203.6
203.7
203.9
203.9
204.1
204.1
204.2
204.3
204.3
204.4
204.4
204.5
204.6
204.6
204.7
205.2
205.3
205.5
205.7
205.7
206.0
206.1
206.1
206.1
206.2
206.3
206.4
206.7
206.7
206.9
206.9
207.0
207.0
207.2
207.7
207.7
207.8
208.1
208.1
208.9
209.0
209.0
209.0
209.2
209.5
209.6
210.6
210.7
210.9
210.9
210.9
211.1
211.4
211.5
211.7
211.7
212.1
212.1
212.2
212.4
213.3
213.3
213.5
214.5
215.2
216.6
218.3
218.5
218.6
218.7
219.0
221.7
223.2
223.8
225.8
230.1
376.2
376.3
376.3
376.3
376.3
376.4
376.4
376.4
376.4
376.4
376.5
376.5
376.5
376.5
376.5
376.5
376.5
376.5
376.5
376.6
376.6
376.6
376.6
376.6
376.6
376.6
376.6
376.6
376.6
376.6
376.6
376.6
376.6
376.6
376.6
376.7
376.7
376.7
376.7
376.7
376.7
376.7
376.7
376.7
376.7
376.7
376.7
376.7
376.7
376.7
376.7
376.7
376.7
376.8
376.8
376.8
376.8
376.8
376.8
376.8
376.8
376.8
376.8
376.8
376.8
376.8
376.8
376.8
376.8
376.8
376.8
376.8
376.8
376.8
376.8
376.8
376.9
376.9
376.9
376.9
376.9
376.9
376.9
376.9
376.9
376.9
376.9
376.9
376.9
376.9
376.9
376.9
376.9
376.9
376.9
376.9
376.9
376.9
376.9
376.9
376.9
376.9
376.9
376.9
376.9
376.9
376.9
376.9
376.9
376.9
376.9
376.9
376.9
377.0
377.0
377.0
377.0
377.0
377.0
377.0
377.0
377.0
377.0
377.0
377.0
377.0
377.0
377.0
377.0
377.0
377.0
377.0
377.0
377.0
377.0
377.0
377.0
377.0
377.0
377.0
377.0
377.0
377.0
377.0
377.0
377.0
377.0
377.0
377.0
377.0
377.0
377.0
377.0
377.0
377.0
377.0
377.0
377.0
377.1
377.1
377.1
377.1
377.1
377.1
377.1
377.1
377.1
377.1
377.1
377.1
377.1
377.1
377.1
377.1
377.1
377.1
377.1
377.1
377.1
377.1
377.1
377.1
377.1
377.2
377.2
377.2
377.2
377.2
377.2
377.2
377.2
377.2
377.2
377.2
377.2
377.2
377.2
377.2
377.2
377.2
377.2
377.2
377.2
377.2
377.2
377.2
377.2
377.2
377.2
377.2
377.2
377.2
377.2
377.2
377.2
377.2
377.2
377.2
377.2
377.2
377.3
377.3
377.3
377.3
377.3
377.3
377.3
377.3
377.3
377.3
377.3
377.3
377.3
377.3
377.3
377.3
377.3
377.3
377.3
377.3
377.3
377.3
377.3
377.3
377.3
377.3
377.3
377.3
377.3
377.3
377.3
377.3
377.3
377.3
377.3
377.3
377.4
377.4
377.4
377.4
377.4
377.4
377.4
377.4
377.4
377.4
377.4
377.4
377.4
377.4
377.4
377.4
377.4
377.4
377.4
377.4
377.4
377.4
377.4
377.4
377.4
377.4
377.4
377.4
377.4
377.4
377.4
377.4
377.4
377.5
377.5
377.5
377.5
377.5
377.5
377.5
377.5
377.5
377.5
377.5
377.5
377.5
377.5
377.5
377.5
377.5
377.5
377.5
377.5
377.5
377.5
377.5
377.5
377.5
377.5
377.6
377.6
377.6
377.6
377.6
377.6
377.6
377.6
377.6
377.6
377.6
377.6
377.6
377.6
377.6
377.6
377.6
377.6
377.6
377.6
377.6
377.6
377.6
377.6
377.6
377.7
377.7
377.7
377.7
377.7
377.7
377.7
377.7
377.7
377.7
377.7
377.7
377.7
377.7
377.7
377.7
377.7
377.7
377.7
377.7
377.7
377.7
377.7
377.7
377.7
377.7
377.7
377.7
377.7
377.7
377.7
377.8
377.8
377.8
377.8
377.8
377.8
377.8
377.8
377.8
377.8
377.8
377.8
377.8
377.8
377.8
377.8
377.8
377.8
377.8
377.9
377.9
377.9
377.9
377.9
377.9
377.9
377.9
377.9
377.9
377.9
377.9
377.9
377.9
377.9
377.9
377.9
377.9
377.9
377.9
378.0
378.0
378.0
378.0
378.0
378.0
378.0
378.0
378.0
378.0
378.0
378.0
378.0
378.0
378.0
378.0
378.0
378.0
378.1
378.1
378.1
378.1
378.1
378.1
378.1
378.1
378.1
378.1
378.1
378.1
378.1
378.1
378.1
378.1
378.1
378.1
378.1
378.1
378.1
378.1
378.1
378.1
378.1
378.2
378.2
378.2
378.2
378.2
378.2
378.2
378.2
378.2
378.2
378.2
378.2
378.2
378.2
378.2
378.2
378.2
378.2
378.2
378.2
378.2
378.2
378.3
378.3
378.3
378.3
378.3
378.3
378.3
378.3
378.3
378.3
378.3
378.3
378.3
378.3
378.3
378.3
378.3
378.4
378.4
378.4
378.4
378.4
378.4
378.4
378.4
378.4
378.4
378.4
378.4
378.4
378.4
378.4
378.5
378.5
378.5
378.5
378.5
378.5
378.5
378.5
378.6
378.6
378.6
378.6
378.6
378.6
378.6
378.6
378.6
378.6
378.7
378.7
378.7
378.7
378.7
378.7
378.7
378.7
378.7
378.7
378.8
378.8
378.8
378.8
378.8
378.8
378.8
378.8
378.8
378.8
378.8
378.9
378.9
378.9
378.9
378.9
378.9
378.9
378.9
378.9
378.9
378.9
378.9
378.9
378.9
378.9
379.0
379.0
379.0
379.0
379.0
379.0
379.0
379.0
379.0
379.0
379.0
379.1
379.1
379.1
379.1
379.2
379.2
379.2
379.2
379.2
379.2
379.2
379.2
379.2
379.2
379.2
379.2
379.3
379.3
379.3
379.3
379.3
379.3
379.3
379.3
379.4
379.4
379.4
379.4
379.4
379.5
379.5
379.5
379.5
379.5
379.5
379.5
379.5
379.5
379.5
379.5
379.6
379.6
379.6
379.6
379.7
379.7
379.7
379.7
379.7
379.7
379.7
379.8
379.8
379.8
379.8
379.8
379.9
379.9
379.9
379.9
379.9
379.9
379.9
380.0
380.0
380.0
380.0
380.0
380.0
380.0
380.0
380.1
380.1
380.1
380.1
380.2
380.2
380.3
380.3
380.3
380.3
380.3
380.3
380.3
380.4
380.4
380.4
380.4
380.4
380.5
380.5
380.5
380.6
380.6
380.6
380.6
380.6
380.7
380.7
380.8
380.8
380.8
380.9
380.9
380.9
380.9
380.9
381.0
381.0
381.0
381.1
381.1
381.1
381.2
381.2
381.4
381.4
381.5
381.5
381.5
381.5
381.5
381.6
381.6
381.6
381.7
381.7
381.7
381.8
381.8
381.9
382.0
382.0
382.0
382.0
382.1
382.1
382.2
382.2
382.2
382.4
382.4
382.4
382.4
382.4
382.4
382.5
382.5
382.5
382.5
382.6
382.6
382.7
382.7
382.8
382.8
382.9
382.9
382.9
383.0
383.0
383.1
383.1
383.1
383.2
383.2
383.3
383.3
383.4
383.4
383.4
383.4
383.5
383.6
383.7
383.7
383.7
384.0
384.0
384.2
384.3
384.3
384.3
384.4
384.6
384.6
384.6
384.7
384.7
384.8
384.8
384.9
385.1
385.2
385.3
385.3
385.4
385.5
385.5
385.7
385.8
385.8
385.9
386.3
386.4
386.5
386.6
386.6
386.7
386.8
386.8
386.9
387.0
387.0
387.3
387.3
387.4
387.6
387.9
389.0
389.2
389.3
389.5
390.2
390.3
390.7
391.2
391.3
391.6
393.1
393.1
394.6
394.8
395.0
395.3
396.4
399.2
401.9
404.6
406.5
408.3
410.8
534.3
534.4
534.4
534.5
534.5
534.6
534.6
534.6
534.6
534.7
534.7
534.7
534.7
534.7
534.8
534.8
534.8
534.8
534.8
534.8
534.9
534.9
534.9
534.9
535.0
535.0
535.0
535.0
535.0
535.0
535.0
535.1
535.1
535.1
535.1
535.2
535.2
535.2
535.2
535.2
535.2
535.2
535.2
535.2
535.2
535.3
535.3
535.3
535.3
535.3
535.3
535.3
535.3
535.3
535.3
535.4
535.4
535.4
535.4
535.4
535.4
535.4
535.4
535.4
535.4
535.5
535.5
535.5
535.5
535.5
535.5
535.5
535.5
535.5
535.5
535.6
535.6
535.7
535.7
535.7
535.7
535.8
535.8
535.8
535.8
535.8
535.9
535.9
535.9
535.9
535.9
536.0
536.0
536.0
536.0
536.0
536.1
536.1
536.1
536.2
536.2
536.2
536.2
536.2
536.3
536.4
536.4
536.5
536.5
536.5
536.5
536.5
536.5
536.5
536.6
536.6
536.6
536.7
536.7
536.7
536.8
536.8
536.8
536.8
536.9
536.9
536.9
537.0
537.0
537.1
537.1
537.2
537.3
537.4
537.4
537.4
537.4
537.4
537.6
537.7
537.8
537.8
537.8
537.8
537.8
537.9
537.9
538.0
538.0
538.0
538.3
538.3
538.3
538.4
538.4
538.5
538.6
538.6
538.6
538.7
538.7
538.7
538.8
539.0
539.1
539.2
539.3
539.5
539.5
539.5
539.7
539.9
539.9
539.9
540.0
540.0
540.0
540.2
540.2
540.3
540.4
540.5
540.6
540.6
540.7
541.0
541.0
541.0
541.2
541.2
541.3
541.3
541.4
541.4
541.5
541.5
541.6
541.6
541.6
541.6
541.7
541.7
541.7
541.7
541.7
541.7
541.7
541.8
541.8
541.8
541.9
541.9
541.9
542.0
542.0
542.1
542.1
542.1
542.1
542.2
542.2
542.2
542.2
542.2
542.3
542.3
542.3
542.3
542.3
542.4
542.4
542.4
542.4
542.5
542.5
542.5
542.5
542.5
542.6
542.6
542.6
542.6
542.8
542.8
542.9
542.9
542.9
542.9
543.0
543.1
543.1
543.1
543.2
543.2
543.2
543.2
543.3
543.3
543.3
543.4
543.4
543.4
543.4
543.4
543.4
543.4
543.4
543.5
543.5
543.5
543.6
543.6
543.6
543.6
543.6
543.6
543.7
543.7
543.8
543.8
543.9
543.9
543.9
544.0
544.0
544.1
544.1
544.1
544.1
544.1
544.1
544.2
544.2
544.2
544.3
544.3
544.3
544.3
544.5
544.5
544.5
544.5
544.6
544.6
544.6
544.6
544.7
544.7
544.7
544.8
544.8
544.8
545.0
545.0
545.1
545.1
545.2
545.2
545.2
545.2
545.2
545.3
545.3
545.3
545.4
545.4
545.5
545.5
545.8
545.9
546.0
546.0
546.1
546.1
546.2
546.2
546.3
546.6
546.6
546.7
546.7
546.7
546.7
546.8
546.9
546.9
546.9
547.1
547.2
547.2
547.3
547.4
547.5
547.5
547.5
547.6
547.7
547.7
547.7
548.0
548.0
548.0
548.4
548.4
548.4
548.5
548.7
548.8
548.8
549.1
549.2
549.2
549.4
549.6
549.7
549.7
549.7
550.0
550.1
550.1
550.3
550.3
550.3
550.7
551.0
551.0
551.4
551.6
551.9
552.0
552.0
552.1
552.1
552.3
552.8
553.0
553.1
553.6
554.2
555.1
555.7
555.7
555.9
555.9
556.1
556.1
556.2
556.5
556.6
556.6
556.6
556.7
557.1
557.2
557.5
558.2
558.2
559.6
559.8
561.1
564.4
583.1
680.1
680.1
680.1
680.2
680.2
680.2
680.2
680.2
680.2
680.2
680.3
680.3
680.3
680.3
680.3
680.3
680.3
680.3
680.4
680.4
680.4
680.4
680.4
680.4
680.4
680.4
680.4
680.4
680.4
680.4
680.4
680.4
680.4
680.4
680.5
680.5
680.5
680.5
680.5
680.5
680.5
680.5
680.5
680.5
680.5
680.5
680.5
680.5
680.5
680.5
680.5
680.5
680.6
680.6
680.6
680.6
680.6
680.6
680.6
680.6
680.6
680.6
680.6
680.6
680.6
680.6
680.6
680.6
680.6
680.6
680.6
680.6
680.6
680.6
680.6
680.6
680.6
680.6
680.6
680.6
680.6
680.6
680.6
680.7
680.7
680.7
680.7
680.7
680.7
680.7
680.7
680.7
680.7
680.7
680.7
680.7
680.7
680.7
680.7
680.7
680.7
680.7
680.8
680.8
680.8
680.8
680.8
680.8
680.8
680.8
680.8
680.8
680.8
680.8
680.8
680.8
680.8
680.8
680.8
680.8
680.8
680.8
680.8
680.8
680.8
680.8
680.9
680.9
680.9
680.9
680.9
680.9
680.9
680.9
680.9
680.9
680.9
680.9
680.9
680.9
680.9
680.9
680.9
681.0
681.0
681.0
681.0
681.0
681.0
681.0
681.0
681.0
681.0
681.0
681.0
681.0
681.1
681.1
681.1
681.1
681.1
681.1
681.1
681.1
681.1
681.1
681.1
681.1
681.1
681.1
681.1
681.1
681.1
681.1
681.1
681.2
681.2
681.2
681.2
681.2
681.2
681.2
681.2
681.2
681.2
681.2
681.3
681.3
681.3
681.3
681.3
681.3
681.3
681.3
681.3
681.3
681.3
681.3
681.3
681.3
681.3
681.3
681.3
681.4
681.4
681.4
681.4
681.4
681.4
681.4
681.4
681.4
681.4
681.5
681.5
681.5
681.5
681.5
681.5
681.5
681.5
681.5
681.5
681.5
681.5
681.5
681.6
681.6
681.6
681.6
681.6
681.6
681.7
681.7
681.7
681.7
681.7
681.7
681.7
681.7
681.7
681.7
681.7
681.7
681.7
681.8
681.8
681.8
681.8
681.8
681.8
681.8
681.8
681.8
681.8
681.8
681.8
681.9
681.9
681.9
681.9
681.9
681.9
681.9
681.9
681.9
681.9
682.0
682.0
682.0
682.0
682.0
682.0
682.0
682.1
682.1
682.1
682.1
682.1
682.1
682.1
682.2
682.2
682.2
682.2
682.2
682.2
682.2
682.2
682.3
682.3
682.3
682.3
682.3
682.3
682.3
682.3
682.3
682.3
682.4
682.4
682.4
682.4
682.4
682.4
682.4
682.4
682.5
682.5
682.5
682.5
682.5
682.5
682.6
682.6
682.6
682.6
682.6
682.6
682.6
682.7
682.7
682.7
682.7
682.7
682.7
682.7
682.8
682.8
682.8
682.9
682.9
682.9
682.9
682.9
683.0
683.0
683.0
683.0
683.0
683.1
683.1
683.1
683.1
683.1
683.2
683.2
683.2
683.2
683.2
683.2
683.3
683.3
683.3
683.3
683.3
683.3
683.4
683.4
683.4
683.4
683.5
683.5
683.6
683.6
683.7
683.8
683.8
683.8
683.8
683.9
684.0
684.0
684.0
684.0
684.0
684.1
684.1
684.1
684.1
684.2
684.2
684.2
684.2
684.2
684.2
684.2
684.3
684.3
684.3
684.3
684.4
684.4
684.4
684.4
684.5
684.5
684.6
684.6
684.6
684.6
684.6
684.6
684.6
684.6
684.7
684.7
684.7
684.9
684.9
684.9
685.0
685.0
685.0
685.1
685.1
685.2
685.2
685.2
685.3
685.3
685.4
685.4
685.5
685.5
685.7
685.7
685.7
685.8
685.8
685.9
685.9
686.0
686.1
686.1
686.2
686.2
686.3
686.4
686.4
686.4
686.5
686.5
686.5
686.6
686.7
686.7
686.7
687.0
687.0
687.0
687.0
687.2
687.2
687.2
687.3
687.5
687.5
687.5
687.6
687.6
687.6
687.7
687.9
687.9
688.0
688.0
688.1
688.2
688.2
688.3
688.4
688.4
688.6
688.6
688.6
688.7
688.7
688.8
689.0
689.1
689.1
689.2
689.3
689.4
689.4
689.6
689.7
689.7
689.7
689.8
690.0
690.2
690.5
690.5
690.8
690.9
691.0
691.1
691.1
691.2
691.2
691.3
691.5
691.9
691.9
692.0
692.1
692.1
692.2
692.3
692.6
692.9
693.2
693.2
693.2
693.4
693.5
693.6
693.7
693.7
693.8
693.9
694.0
694.1
694.1
694.2
694.2
694.2
694.5
694.5
694.5
694.6
694.6
694.6
694.7
694.8
694.8
695.1
695.2
695.3
695.6
695.6
695.6
695.7
695.7
695.9
695.9
696.1
696.2
696.2
696.2
696.4
696.4
696.5
696.5
696.7
696.9
697.0
697.0
697.1
697.1
697.1
697.2
697.2
697.3
697.6
697.8
697.8
698.0
698.0
698.1
698.3
698.5
698.6
698.8
699.1
699.3
699.4
699.5
699.6
699.8
699.8
699.8
699.8
699.9
699.9
699.9
700.1
700.5
700.5
700.7
700.8
700.8
700.9
701.0
701.1
701.3
701.8
701.8
702.1
702.3
702.4
702.4
702.6
702.8
702.9
703.0
703.1
703.2
703.7
704.2
704.4
704.7
704.7
704.8
704.9
705.7
705.7
706.2
706.2
706.4
706.5
707.3
707.5
707.6
707.7
708.2
708.3
709.1
709.4
709.9
710.5
711.2
711.8
713.6
714.0
714.1
714.1
714.8
719.1
843.8
843.9
843.9
843.9
844.0
844.0
844.1
844.1
844.1
844.1
844.1
844.1
844.1
844.1
844.2
844.2
844.2
844.2
844.2
844.2
844.2
844.2
844.2
844.2
844.2
844.3
844.3
844.3
844.3
844.3
844.3
844.3
844.3
844.3
844.3
844.3
844.4
844.4
844.4
844.4
844.4
844.4
844.4
844.5
844.5
844.5
844.5
844.5
844.5
844.5
844.5
844.5
844.5
844.6
844.6
844.6
844.6
844.6
844.6
844.7
844.7
844.7
844.7
844.7
844.7
844.7
844.7
844.7
844.7
844.7
844.7
844.8
844.8
844.8
844.8
844.8
844.8
844.9
844.9
845.0
845.0
845.0
845.0
845.0
845.1
845.1
845.1
845.1
845.1
845.1
845.1
845.1
845.1
845.1
845.1
845.2
845.2
845.2
845.3
845.3
845.3
845.4
845.4
845.5
845.5
845.5
845.6
845.6
845.6
845.6
845.6
845.7
845.7
845.8
845.8
845.8
845.8
845.8
845.8
845.9
845.9
846.0
846.0
846.1
846.1
846.2
846.2
846.3
846.3
846.4
846.4
846.4
846.5
846.5
846.6
846.6
846.6
846.6
846.6
846.7
846.7
846.7
846.7
846.8
846.8
846.8
846.9
846.9
847.0
847.0
847.0
847.0
847.1
847.1
847.2
847.3
847.3
847.3
847.4
847.4
847.4
847.5
847.6
847.6
847.7
847.7
847.8
848.2
848.2
848.3
848.4
848.5
848.6
848.6
848.7
848.7
848.7
848.7
848.8
849.0
849.1
849.1
849.3
849.4
849.4
849.5
849.8
849.9
849.9
849.9
850.0
850.1
850.2
850.3
850.4
850.5
850.5
850.5
850.6
850.6
850.7
850.8
850.8
851.3
851.5
851.6
851.6
851.8
851.8
851.9
852.3
852.4
852.4
852.5
852.5
852.6
852.7
852.7
852.8
852.9
853.0
853.0
853.0
853.1
853.1
853.1
853.1
853.1
853.2
853.2
853.2
853.2
853.2
853.2
853.2
853.2
853.2
853.3
853.3
853.3
853.3
853.3
853.3
853.4
853.4
853.4
853.4
853.4
853.4
853.4
853.4
853.4
853.5
853.5
853.5
853.5
853.5
853.5
853.5
853.5
853.5
853.5
853.5
853.5
853.5
853.5
853.5
853.5
853.6
853.6
853.6
853.6
853.6
853.6
853.6
853.6
853.6
853.6
853.6
853.6
853.6
853.6
853.6
853.6
853.6
853.6
853.6
853.6
853.7
853.7
853.7
853.7
853.7
853.7
853.7
853.7
853.7
853.7
853.7
853.7
853.7
853.7
853.7
853.7
853.7
853.7
853.8
853.8
853.8
853.8
853.8
853.8
853.8
853.8
853.8
853.8
853.8
853.8
853.8
853.8
853.9
853.9
853.9
853.9
853.9
853.9
853.9
853.9
853.9
853.9
853.9
853.9
853.9
853.9
853.9
853.9
853.9
853.9
853.9
853.9
853.9
853.9
853.9
853.9
853.9
854.0
854.0
854.0
854.0
854.0
854.0
854.0
854.0
854.0
854.0
854.0
854.0
854.0
854.0
854.0
854.0
854.0
854.0
854.0
854.0
854.0
854.0
854.0
854.1
854.1
854.1
854.1
854.1
854.1
854.1
854.1
854.1
854.1
854.1
854.1
854.1
854.1
854.1
854.2
854.2
854.2
854.2
854.2
854.2
854.2
854.2
854.2
854.2
854.2
854.2
854.2
854.2
854.2
854.2
854.2
854.2
854.2
854.2
854.2
854.3
854.3
854.3
854.3
854.3
854.3
854.3
854.3
854.3
854.3
854.3
854.4
854.4
854.4
854.4
854.4
854.4
854.4
854.4
854.4
854.4
854.4
854.4
854.4
854.5
854.5
854.5
854.5
854.5
854.5
854.5
854.5
854.5
854.5
854.5
854.5
854.5
854.5
854.5
854.5
854.5
854.5
854.5
854.5
854.5
854.5
854.5
854.5
854.6
854.6
854.6
854.6
854.6
854.6
854.6
854.6
854.6
854.6
854.6
854.6
854.7
854.7
854.7
854.7
854.7
854.7
854.7
854.7
854.7
854.7
854.7
854.7
854.7
854.7
854.7
854.7
854.7
854.7
854.7
854.7
854.7
854.8
854.8
854.8
854.8
854.8
854.8
854.8
854.8
854.8
854.8
854.8
854.9
854.9
854.9
854.9
854.9
854.9
854.9
854.9
854.9
854.9
854.9
854.9
854.9
854.9
854.9
854.9
854.9
854.9
854.9
855.0
855.0
855.0
855.0
855.0
855.0
855.0
855.0
855.0
855.0
855.0
855.0
855.0
855.0
855.0
855.0
855.0
855.0
855.0
855.0
855.0
855.1
855.1
855.1
855.1
855.1
855.1
855.1
855.1
855.1
855.1
855.1
855.1
855.1
855.1
855.1
855.1
855.1
855.1
855.1
855.1
855.1
855.1
855.1
855.1
855.1
855.1
855.1
855.1
855.1
855.1
855.1
855.2
855.2
855.2
855.2
855.2
855.2
855.2
855.2
855.2
855.2
855.2
855.3
855.3
855.3
855.3
855.3
855.3
855.3
855.3
855.3
855.3
855.3
855.3
855.3
855.3
855.3
855.3
855.3
855.3
855.3
855.3
855.4
855.4
855.4
855.4
855.4
855.4
855.4
855.4
855.4
855.4
855.4
855.5
855.5
855.5
855.5
855.5
855.5
855.6
855.6
855.6
855.6
855.6
855.6
855.7
855.7
855.7
855.7
855.8
855.8
855.8
855.9
855.9
855.9
855.9
856.0
856.0
856.0
856.0
856.0
856.0
856.0
856.2
856.2
856.3
856.6
856.6
856.6
856.6
856.7
856.8
857.0
857.1
857.2
857.3
857.3
857.4
857.4
857.4
857.4
857.4
857.4
857.5
857.5
857.5
857.6
857.6
857.6
857.7
857.8
857.8
858.0
858.1
858.2
858.3
858.3
858.5
858.7
858.8
858.9
858.9
859.0
859.0
859.1
859.1
859.1
859.2
859.2
859.5
859.5
859.6
859.6
859.6
859.8
859.9
860.0
860.0
860.1
860.1
860.1
860.2
860.3
860.3
860.5
860.5
860.5
860.6
860.6
860.7
860.8
860.9
860.9
860.9
861.1
861.3
861.4
861.5
861.6
861.6
861.6
861.7
861.9
861.9
862.0
862.1
862.1
862.2
862.2
862.3
862.4
862.6
862.6
862.8
863.0
863.0
863.1
863.4
863.5
863.6
863.6
863.7
863.8
864.0
864.0
864.1
864.2
864.3
864.9
864.9
865.4
865.6
865.6
865.7
865.9
866.1
866.4
866.5
866.6
866.7
866.8
866.9
866.9
866.9
867.5
867.9
867.9
868.1
868.2
868.3
868.4
868.5
868.6
868.8
868.9
868.9
869.1
869.3
869.4
870.0
870.2
870.3
870.6
871.0
871.5
872.7
873.9
874.0
878.9
885.1
