29.6
30.2
31.2
32.8
32.9
32.9
32.9
33.4
33.7
33.7
34.2
34.2
34.3
34.3
34.3
34.4
34.5
34.6
34.8
34.9
35.0
35.2
35.2
35.4
35.5
35.5
35.6
35.6
35.8
35.9
36.1
36.1
36.1
36.2
36.3
36.4
36.4
36.4
36.5
36.6
36.7
36.7
36.8
36.8
36.9
36.9
37.0
37.0
37.1
37.1
37.2
37.3
37.3
37.3
37.5
37.6
37.6
37.7
37.7
37.7
37.7
37.8
37.8
37.8
37.9
37.9
37.9
37.9
37.9
38.0
38.0
38.1
38.1
38.2
38.2
38.2
38.3
38.3
38.3
38.3
38.4
38.5
38.6
38.6
38.7
38.8
38.9
38.9
38.9
38.9
38.9
39.1
39.1
39.1
39.1
39.3
39.3
39.4
39.4
39.5
39.5
39.7
39.7
39.7
39.8
40.0
40.0
40.1
40.1
40.2
40.3
40.3
40.4
40.4
40.5
40.5
40.5
40.5
40.5
40.6
40.6
40.7
40.7
40.8
40.8
40.9
40.9
40.9
41.1
41.1
41.2
41.2
41.2
41.2
41.3
41.3
41.4
41.4
41.4
41.5
41.5
41.5
41.5
41.8
41.8
41.9
41.9
41.9
42.0
42.1
42.2
42.3
42.3
42.3
42.4
42.4
42.5
42.6
42.6
42.7
42.7
42.7
42.7
42.8
42.8
42.8
42.8
42.8
42.8
42.8
42.8
42.8
42.9
42.9
42.9
43.0
43.0
43.1
43.2
43.2
43.2
43.3
43.3
43.3
43.4
43.4
43.4
43.5
43.5
43.5
43.5
43.5
43.5
43.6
43.6
43.7
43.7
43.7
43.8
43.8
43.8
43.8
43.9
44.0
44.0
44.0
44.0
44.0
44.1
44.1
44.2
44.3
44.3
44.3
44.4
44.4
44.6
44.6
44.6
44.7
44.7
44.7
44.7
44.7
44.9
45.0
45.1
45.2
45.3
45.3
45.3
45.4
45.4
45.5
45.5
45.5
45.5
45.6
45.6
45.6
45.6
45.6
45.6
45.7
45.7
45.9
46.1
46.1
46.1
46.2
46.2
46.3
46.3
46.4
46.6
46.8
46.8
46.9
46.9
47.0
47.0
47.0
47.0
47.0
47.0
47.1
47.1
47.1
47.2
47.3
47.4
47.4
47.5
47.7
47.7
47.8
47.8
47.8
47.9
47.9
48.0
48.0
48.1
48.2
48.2
48.2
48.2
48.3
48.4
48.5
48.6
48.6
48.6
48.6
48.7
48.9
48.9
48.9
48.9
49.0
49.1
49.1
49.1
49.2
49.2
49.3
49.4
49.5
49.5
49.5
49.6
49.7
49.8
49.8
49.8
49.8
49.9
50.0
50.3
50.3
50.3
50.4
50.5
50.6
50.6
50.7
50.8
50.9
51.1
51.1
51.1
51.2
51.3
51.3
51.4
51.5
51.5
51.7
51.8
51.9
52.0
52.0
52.1
52.2
52.6
52.6
52.7
52.7
52.9
53.1
53.4
53.4
53.4
53.5
53.5
53.6
53.6
53.7
53.7
53.8
53.8
53.9
54.0
54.0
54.1
54.1
54.5
54.6
54.7
54.7
54.9
54.9
55.1
55.2
55.3
55.4
55.5
55.5
55.5
55.6
55.7
55.7
55.8
55.9
56.0
56.2
56.3
56.4
56.5
56.6
56.6
56.7
56.8
56.8
56.9
57.0
57.0
57.0
57.2
57.3
57.4
57.5
57.6
57.6
57.7
58.0
58.3
58.3
58.9
59.1
59.2
59.3
59.5
59.5
59.6
59.7
59.8
59.8
60.0
60.2
60.2
60.2
60.2
60.4
60.9
61.3
61.3
61.3
61.3
61.5
61.5
61.5
61.5
61.6
61.6
62.0
62.1
62.2
62.3
62.4
62.4
62.8
63.0
63.1
63.3
63.4
63.4
63.4
63.6
63.7
64.1
64.1
64.3
64.5
64.7
64.8
65.1
65.5
65.9
65.9
66.0
66.0
66.1
66.3
66.4
66.5
66.8
67.2
67.9
68.1
68.3
68.5
68.6
68.8
69.0
69.0
69.4
70.0
70.8
71.3
71.7
71.7
71.8
72.7
72.8
72.9
73.0
73.0
73.5
73.6
73.8
74.1
74.7
75.0
76.7
76.9
77.3
80.1
80.4
81.2
81.3
81.5
81.8
82.2
82.6
83.3
83.6
83.8
84.6
84.7
85.2
88.0
93.9
95.9
96.6
97.8
98.8
99.5
101.9
103.6
105.6
108.4
117.1
128.3
