1271
9933
3656
5544
9136
4409
9244
714
7117
2202
5886
6132
7007
4535
1250
6265
9199
9898
6636
7939
8364
8737
9441
1189
3584
2822
4063
7182
7688
8741
646
1188
1975
5182
5099
6051
856
1184
1533
3294
4376
4625
7888
8080
2104
2685
1598
2052
4367
6173
6732
1530
1572
2619
3736
3896
4829
6141
6422
7594
8476
9062
9891
9958
1267
3239
8785
2120
3574
4649
4708
6186
7774
143
196
821
1500
5746
6535
8007
3279
5835
6898
7927
7990
8464
9837
2435
3229
7742
9020
9097
3879
4404
4492
5179
6031
2810
4648
4667
1244
1844
2552
5195
5351
6836
6947
7912
9107
9687
276
721
8171
8804
9363
402
3093
3396
5335
6014
6310
6533
8335
903
1216
1226
4373
5653
6428
6951
7149
9437
2646
2690
6430
6521
7538
5463
6798
8024
974
2505
2671
2775
4622
5543
7421
7760
8231
1466
2489
2610
2957
3208
3614
4497
5767
6739
6978
8991
9925
2745
7279
9280
9821
1017
1823
2501
2977
4097
6223
7561
8979
1290
4407
7004
9175
1865
1866
2494
2879
3026
3997
5559
7218
7958
1796
7253
8948
1322
2672
4601
5538
6080
6652
7843
8139
9423
98
189
1389
1469
1617
2006
2937
4755
9154
9657
133
4054
4728
4965
5821
6396
7511
8454
8539
8791
9089
9745
2130
2987
4866
5587
6964
9030
1552
2198
2474
2882
2948
3142
3798
4933
6070
7451
9504
9624
218
4207
4543
4900
5423
6182
2668
3254
4360
4556
5333
7335
8747
9641
1644
3115
3324
4324
4553
5290
5568
6307
7789
9259
9700
387
1407
3601
6093
6823
9278
758
759
1332
2706
3246
3591
9129
9633
9812
704
5323
7627
7721
7809
9004
234
456
1033
1616
3738
8066
8762
805
2208
3245
3676
4632
4635
5413
9194
9442
9682
9880
965
3126
7135
7719
9519
552
1583
1649
1772
3327
3434
4018
5695
6148
6958
8857
8958
9225
9676
1705
2454
4792
5274
5984
7619
9400
281
587
2146
2389
2860
4070
5185
5766
5790
7838
9915
2673
3187
3405
4101
4142
5312
5443
6344
9125
2
289
1757
4099
4612
5393
5676
6470
6931
7043
7806
8163
8264
8288
9873
913
1455
1893
1981
3420
4120
4353
5118
8218
9114
1040
2247
3065
7541
8870
1060
1352
2602
2941
5226
5506
5951
6467
7671
703
1709
3529
5710
5916
7482
8626
9335
161
982
1014
2587
4105
5542
6237
7299
8228
8267
8629
9651
1560
1782
2112
4124
5148
5294
5621
7142
7366
7672
7909
9190
9405
9838
27
1247
2123
3521
3632
3647
4485
4534
6209
7503
8592
2612
2995
3109
4368
4695
5603
6325
6859
7408
7868
7948
8869
8875
9424
574
1356
1633
1732
2061
5097
7331
7679
8299
1071
2041
6323
6992
8071
9506
9831
442
1316
1584
7818
8313
8491
9045
9176
89
225
960
1009
4849
6499
8778
9135
9652
163
2343
3041
3247
3626
4697
5084
5140
5890
8586
3333
5841
6433
7197
7282
7508
8689
465
1131
2205
2271
3678
4451
4567
5113
5257
6447
6459
7131
8073
9813
875
884
1278
1551
1786
2059
2397
2837
4110
6740
8187
67
1734
2451
3526
4236
4599
5272
7100
8270
8548
9207
2035
2385
4198
4545
4623
5804
5949
8121
8496
9166
75
1904
3116
6561
6745
9614
948
1157
2399
3111
6057
9603
9663
2624
3709
4802
6201
6426
6717
8970
9632
9789
9857
687
993
1654
1717
4600
5171
7396
8045
1620
2812
3947
4613
5606
7459
7860
7996
9882
1104
2887
3778
6446
6996
7251
7473
8050
9141
2447
4832
5218
6568
7949
8598
8758
2064
2931
4651
5566
6468
6808
7006
7685
8319
9106
9182
1718
2490
3418
3719
4620
4673
5514
7021
7654
8420
8900
9474
463
1347
2294
3771
4973
5124
5546
6266
6687
7150
7381
7476
8179
9368
9635
414
647
1384
1609
3325
3516
3951
5331
5773
6443
7681
8022
9570
266
1374
2261
3620
4078
4899
4957
6124
7322
230
792
899
3995
7364
7817
8055
8063
9558
3863
4187
4246
4313
5324
7708
8207
8771
9232
9720
3394
3858
4297
6000
6684
6829
7585
7675
94
547
3062
5693
7172
8185
9021
782
1372
1470
2351
2747
3348
3675
4634
5129
6162
7073
7229
8032
432
1218
1485
1752
3657
4517
4837
4916
5612
5907
6102
6103
8445
8493
8641
8817
448
506
1232
1463
2517
3287
3627
4636
5361
6625
7618
7874
7895
8693
9589
775
1358
2774
3234
3670
4726
4881
6604
9165
9658
826
828
2028
2412
2476
2681
4885
5194
5677
6634
6797
7358
8153
9148
953
1860
3569
3624
4169
5508
5684
9888
1116
1124
1432
4694
6144
7163
8616
1275
2460
9503
791
1110
3166
3401
5919
9174
9609
9675
9742
500
2869
2997
5316
5343
5642
6526
7216
7309
7776
7933
8129
9541
9550
724
1396
2571
3581
4208
4464
5651
5652
5820
6690
8025
0
256
606
2308
2711
3611
3998
4143
7261
8118
8749
8837
8924
8930
9281
399
637
2114
3266
3306
3851
4271
4950
8848
309
392
801
2166
2578
4422
4467
7780
9087
9090
9563
9752
563
1077
1651
4044
6434
7093
7235
7470
8536
527
1459
2320
3207
3715
4614
4856
5222
6806
6854
6918
7038
8742
8805
906
4055
5564
5592
8581
11
1980
2623
4656
6195
6922
7829
8280
334
3261
3594
4986
8057
8665
8774
270
3508
3598
3744
4006
5244
5827
7008
1150
1576
2309
2803
5871
6264
6302
7297
9508
316
1213
1768
2688
2787
3171
4560
5221
5398
5589
5945
6813
8273
8380
9673
994
1092
3711
4024
4884
6633
6819
9935
1869
3039
4926
4971
5702
6910
7461
7656
7722
8117
9399
523
3392
3797
4738
6375
6402
8115
1284
2157
3617
4027
4504
6962
7059
7598
7991
9052
488
952
3214
4150
4293
4454
4596
6030
6217
6735
8783
9291
9982
429
2266
3885
7610
8720
9520
238
3919
4252
5039
5889
6199
7680
7739
8005
8382
178
2607
3613
5892
6770
9559
9871
315
1787
1924
3270
4791
5988
6405
6853
7057
8751
8782
367
1854
2264
4096
4249
4266
4974
5468
6525
7667
7801
9215
144
617
934
1739
3096
3466
3768
4067
5743
7464
342
2834
2952
4405
4590
5899
6138
6488
1319
1911
2383
6760
7343
7485
7539
8038
9307
9452
360
653
1300
2845
6088
6781
7119
7425
8743
95
2189
4340
6277
147
1596
3686
4657
5173
7797
8651
9092
9832
859
1029
3551
3980
4116
4286
4346
6438
7120
7339
9735
452
627
1112
2055
2814
4392
5460
5548
5784
6085
6303
7952
9765
509
3128
4347
5552
6754
40
486
2181
2243
2430
4858
6240
6904
7114
7547
9293
670
745
4760
5273
5444
5456
5703
6733
8003
8947
292
391
880
1901
3075
5040
5386
5430
8006
9766
277
2065
2220
4499
5196
5694
6075
8690
8868
9317
9422
257
2174
2375
2416
2487
4659
4751
5101
6335
8197
4076
7398
7467
9564
1402
2695
2743
2874
3045
3113
7362
8258
3210
3250
3543
3743
6612
6749
8054
9547
318
749
1508
3104
3523
4220
4416
5325
5663
5875
2073
2611
4135
4215
4568
4983
5104
5815
6118
6755
8292
8585
8777
8952
26
247
324
1013
5712
5878
6177
6514
6950
7796
9500
628
1196
2318
5854
7147
8286
8314
179
329
970
2947
4205
5657
8698
9103
1283
6469
7351
7962
8152
8728
2206
4129
4537
4696
4799
7849
7907
9699
742
2122
3349
3820
5058
5818
2866
6982
7658
8672
8927
9530
390
464
3284
3836
5783
6771
7572
9325
24
783
1821
1913
2939
3527
4023
4222
5943
6279
7252
8201
9521
9964
2382
2848
4892
5322
5330
6689
8136
9115
9254
123
2497
5007
6782
6848
6965
8208
8896
1528
3091
3148
3524
5942
7825
8087
8390
8468
9238
9622
3767
6980
8423
9667
9719
1769
4536
6036
6298
8509
8713
9295
9545
3127
5355
5817
7830
7972
9791
32
372
517
2292
3449
3782
4758
6616
6737
8278
9210
9477
2094
2465
3498
5232
8543
9022
9907
9922
2735
3916
4034
4127
6354
6408
9577
173
3961
4305
4951
6382
7178
8565
9128
31
559
1843
2507
2790
6207
6317
6524
7014
8811
2092
2565
3252
3596
5137
5421
7341
8261
8290
9334
1129
3938
5255
8983
9047
9595
85
562
1465
810
3697
5451
7579
7970
9339
1586
2081
2955
3307
3708
7433
8478
8633
9266
9365
9532
1624
6350
9970
4241
6320
7056
7745
9178
153
285
553
1003
2141
5787
7823
8011
1963
2806
3619
4363
7430
7917
8826
2367
4043
5319
5571
9623
485
633
2922
4030
4338
5673
6286
6448
8079
8492
8497
9510
890
2859
3962
4809
5464
5681
8275
8401
8604
9525
904
1694
1968
2221
3013
4171
4362
4766
6161
6757
7206
7274
7514
8211
473
1051
1277
4557
4595
5715
7049
9490
9724
248
1790
1939
3841
4465
5532
5616
5809
6210
6406
7211
7531
648
1759
1892
2990
4002
5321
7674
7705
8089
8427
8865
37
373
475
811
2540
2559
4662
4691
5239
6337
8612
8759
8769
9077
433
2109
5503
310
739
1722
2737
5738
6865
9034
9305
9648
9730
45
1532
2853
3182
9902
682
2441
4173
5006
6013
6295
8243
555
2005
2522
3814
6742
808
2722
3074
3378
5933
6343
6512
9300
840
1767
3899
6029
6643
6768
7885
8108
8531
9653
9955
760
4321
5580
7434
7562
9787
9912
157
3869
5781
7232
8151
9188
9646
9784
772
2964
4677
5518
7169
7424
7452
7592
8042
8069
9063
2539
3105
4004
6065
9887
347
2361
2413
3060
3081
3502
3808
6864
7621
8398
1502
3602
6018
6593
8810
1788
2428
2800
2809
5415
5419
9482
2358
5065
6597
8149
17
1335
1515
1837
2558
3089
5447
7417
9654
9974
52
6154
8138
8449
9180
9894
3513
9318
852
932
3262
4839
7246
7345
8556
350
461
1105
3928
4351
5117
9370
693
6638
9619
9976
2116
2173
2791
3822
4456
4896
8128
8569
260
508
1989
3687
4795
4850
5930
9162
568
3308
3476
6373
5126
5365
6096
7240
1361
2117
2310
5832
1653
1868
6119
7715
69
7551
7876
7919
8806
74
1132
5896
9387
1441
4720
5672
7277
8377
1955
3016
5036
7878
8295
9588
4484
5860
7121
9306
9862
989
2661
3880
4664
5125
5763
8863
9057
9809
93
1965
2357
4389
7289
9475
9548
2030
4432
7646
7716
7731
898
2306
2962
5845
6764
6844
7231
8990
707
1161
1442
2214
2686
3194
7052
872
1368
1619
2417
2928
3460
4218
6821
7148
7151
8210
8637
1136
1364
2785
4387
4889
6019
7563
8133
1460
1883
2868
6934
7346
9001
726
345
779
1383
1639
4800
4898
5034
5062
5688
8669
233
2241
3131
3935
5918
6184
7259
7353
271
864
3698
6172
7200
597
858
1208
1966
2098
2584
3329
5641
8212
8505
3764
3957
4583
5314
5904
8662
9867
50
2374
2951
5885
6056
6677
6971
7013
7308
7782
2925
5001
5735
6458
6671
7371
146
325
1178
3727
4941
5227
5474
6942
9806
1420
5388
6675
7034
7921
2139
2363
3021
5458
6367
8015
2575
3022
39
2209
3101
4826
5407
5662
7081
6391
6778
7344
9743
9969
355
1413
4942
6439
7502
8393
2083
3679
4608
5431
6092
7302
7872
8750
4515
6697
269
1781
2994
3816
4598
5658
6206
6894
7657
7824
9327
1022
1063
1753
3218
4681
4733
6116
6280
6411
7456
6160
6555
9112
9471
1475
1918
2307
3251
3900
4860
6121
8000
5165
5424
7941
19
3040
5637
8300
8522
8914
81
2082
3297
6605
9294
1381
1816
2965
3267
3368
3982
4621
7754
8885
9465
874
1897
2381
2426
5005
7556
9717
9992
978
3464
3824
6262
2819
8019
9116
241
2472
4827
9829
692
2470
3407
6536
8016
9515
1205
2355
3552
4343
4428
5256
9505
5150
7017
7775
459
1135
8938
684
1113
3069
3248
3320
3979
4196
5135
6425
6917
6976
7388
7858
8993
349
3492
1908
5659
7333
8060
8455
9661
227
615
715
1648
2645
3659
4492
5106
7010
7631
454
1864
3007
1156
1657
3400
9026
9534
1119
1839
5334
5563
6626
6628
7513
8101
9111
9777
566
645
2376
4589
7898
8610
8622
9127
931
1179
1851
4083
5375
156
428
1577
2323
3008
3783
4457
6380
88
584
1144
1382
5131
5427
6353
7848
8344
9844
4831
4929
1464
5537
7413
1072
1170
2137
4450
6037
6564
7975
384
1640
2304
6198
7893
9179
5671
7416
9153
5826
7080
8082
1982
4442
6290
3991
6895
7632
2297
6725
7391
9245
820
1309
1907
2183
2896
3106
4498
7639
802
1028
3973
4167
5119
6027
6378
9472
118
1018
2562
1412
1669
3321
5381
5583
6880
8544
8787
9374
1395
1948
3296
4788
7738
9289
841
7018
70
1902
3073
3937
6577
8943
9173
9618
9978
1041
4813
5529
7785
9905
3222
5593
6581
7700
909
7443
8448
172
1166
2102
3426
5707
7946
8529
8726
9881
401
835
1605
2260
7027
9739
689
1683
3741
5240
5909
9072
9456
730
951
4388
7230
8354
9002
9866
910
2741
4377
5477
5717
6135
6494
6941
8459
4530
7755
8981
207
1933
2568
3164
3595
5327
5353
5699
8202
165
582
1872
2249
2967
9931
132
2950
7887
729
2331
4082
5868
8770
9463
1737
1926
2053
2446
3149
5262
5433
6023
7820
8176
2969
4627
7126
2918
2924
3486
7449
8923
9302
300
1101
1138
2022
2768
2891
6115
8575
1467
2729
3103
4650
5470
6043
6271
7215
705
3177
5554
6306
13
543
1414
2168
2186
5465
7094
7866
9406
2669
5524
175
409
621
5921
5992
6050
7357
9331
215
751
1292
3322
4680
6560
8673
4682
5632
6704
8105
3301
4943
8607
8892
9027
9929
1940
3437
7466
8786
9073
9571
410
2985
5462
5869
6579
6640
9478
2366
4260
5153
5714
8310
8779
9549
110
1061
4048
5077
5105
8944
1491
2940
4932
5261
9007
282
431
882
1484
3316
3648
6131
7982
8169
525
2826
8227
8355
9803
9901
3867
4460
4689
5164
855
4606
4956
8677
9147
794
1186
4115
6893
8232
9875
3909
4337
6038
6619
8801
103
1665
1784
4704
7062
624
4555
4562
5435
6516
9039
7591
8714
9155
9616
9793
2827
4141
4744
8845
9109
4158
99
376
2516
6002
6146
87
1159
3095
8674
9040
6215
6349
8262
9379
9554
7382
7821
9391
9983
844
1304
1329
2905
4865
7193
7217
8294
9566
622
1053
2719
3151
9211
9498
4725
5757
6949
8940
1375
6998
8125
2591
5145
7554
120
351
1169
2134
7296
8969
9555
8259
9689
526
3440
3444
6680
7041
368
2418
2623
4330
6134
7448
1274
4311
4604
5902
6493
9466
853
2766
3291
3914
3517
6281
7171
7655
697
1190
3829
5730
958
3170
6686
8289
8967
2598
3225
4502
9372
2172
2658
3684
4411
5467
6398
7320
9511
200
8514
2364
4967
4980
8429
571
5297
5689
9965
48
3615
5277
6945
959
9843
154
1545
2596
5063
7349
8820
9382
3236
6106
8452
4618
5664
7959
8558
188
1553
2724
3264
4538
5846
212
2017
2438
3809
5450
7000
8026
9371
9850
1153
1800
3534
5318
8365
9038
9185
567
677
3387
4874
9634
9741
3971
4155
4261
5326
6713
9808
3862
7440
1771
3271
7529
9271
823
5304
8342
2127
2676
7481
8764
9877
80
785
3340
4729
5620
6048
9204
7822
1859
3361
3616
9950
1130
2634
4014
2237
8404
7783
136
2530
7489
9487
865
1326
2656
5366
7404
3259
3438
4381
9514
4835
5074
6906
8908
1692
2353
2513
3221
9600
936
5279
8563
9056
1978
2175
4477
6790
9485
2395
3393
4289
7301
8553
9132
150
927
4029
4852
6456
9170
1242
6326
7915
8323
8687
2778
9927
1779
4010
7050
8656
3606
6128
6902
1646
7340
2410
3750
9117
9491
6219
7494
8297
9872
2892
5483
5750
8784
382
1720
4886
5906
7540
1794
9209
5429
9429
2627
3561
4954
2510
4854
6113
6803
871
1715
4919
7104
9330
3986
6409
332
3781
5990
8059
9650
1873
2793
4915
5981
6263
408
1207
1433
2054
3384
6892
6919
688
5091
5400
6617
7387
7935
8336
3482
4294
4920
7768
9495
626
6621
7510
2662
2696
2712
5302
5502
7499
722
3099
4011
5665
6550
6785
6912
8386
5926
7189
7765
4059
6365
8196
9224
9431
3905
5401
5453
9607
2835
3031
7071
7245
8061
3051
7139
8046
9637
4588
9414
1443
1892
2846
2900
5511
9436
9479
3761
3780
5417
6159
6730
7471
354
1721
7208
9055
3695
8266
2509
4488
2549
6651
7097
331
5512
620
1513
1569
2160
3284
5387
9859
592
2379
6761
2971
5041
6139
6921
7406
8561
8725
9208
9802
4722
4952
5016
9513
379
6828
1030
2935
2953
3581
2641
4036
4213
8606
2644
8184
8788
104
5991
1481
3843
4754
8866
4291
5737
7955
7979
9874
2313
5722
6059
8155
9706
5727
9690
9780
7359
668
5207
8757
1183
2409
8462
3875
4061
8161
8705
1534
2176
2577
3788
239
3428
4665
675
2794
4846
5774
1805
2684
3085
5396
5771
7074
1729
2580
5231
7521
7846
5666
9157
3066
9024
1246
1840
4711
6104
8528
8588
8903
9094
976
2685
7001
9313
1931
6993
7125
7698
8120
9247
54
763
4825
344
7890
8215
36
3242
5329
6701
9301
1832
4074
5259
8053
8701
8852
9918
2187
9169
512
8156
2477
5441
5837
14
1021
4163
6763
1801
4775
6168
8446
9761
5389
6376
8645
1634
4961
8097
2718
4186
3042
7439
7709
5210
7832
9567
2329
2195
2312
337
348
2389
3189
4979
9000
718
6648
7166
8285
771
4491
7670
5759
8572
8933
4240
7372
2529
4790
8843
3837
4501
7319
3866
4153
6983
1695
5093
6758
7883
358
3391
7833
925
6688
7015
9845
1192
1746
2990
3243
4216
489
1652
6451
3566
6360
8965
905
967
1546
4463
6510
7393
8630
8813
9193
2520
2004
6569
96
8816
540
4779
6045
8199
8954
9655
5211
788
2089
5187
1961
4206
4757
5734
7524
8510
9584
1915
6176
8929
7
5584
2532
4576
8907
5862
7355
8341
1829
3932
6163
1967
2443
4228
21
518
3954
4520
5985
8836
1044
5686
8361
9248
9967
1012
5770
6239
49
6021
6615
323
1905
2473
1298
9911
564
1323
79
71
2368
4223
8876
1285
3860
7559
8736
4165
4479
4674
6284
6805
2445
4161
6959
7288
5936
2496
5260
6657
170
7595
8593
9213
1248
2080
3376
56
5054
7782
8803
8920
1726
2016
3484
4529
6990
8412
4314
9539
1604
2605
4904
6602
2163
4781
6696
6903
8225
8387
2100
4748
4927
6269
2833
4559
7951
8312
8052
6004
654
3467
3945
4756
5031
8953
2105
8048
23
3494
2219
4268
6700
228
594
5013
698
1080
3754
5003
7986
8369
9216
9640
780
4349
7350
522
3623
7902
4709
6453
5733
7523
9159
1158
1295
8301
494
2660
3576
6412
6920
8772
5644
3186
5014
5610
6988
8223
1343
3951
1399
3746
8617
2300
3821
5192
6489
6644
4730
2750
5035
7164
3211
1122
2751
5627
4645
7548
2429
1507
2158
2981
1846
4103
6527
8384
8028
9079
253
386
5213
5744
5122
7143
9448
3362
5022
9416
9716
3399
341
4818
6107
6346
895
4056
5020
8859
2316
5440
219
3383
7212
195
1969
2557
2781
2282
5834
6407
7181
383
1036
957
7861
2583
9450
2056
6492
7354
7597
5749
8530
1848
4713
5374
6156
9250
5264
6009
3762
4399
2434
3146
6211
6800
6967
5656
6970
1547
1024
2278
3141
3989
4542
160
5245
8241
9445
9799
9767
3121
3832
4097
5409
8076
7129
9384
1655
3514
5848
2493
5457
6081
1932
4522
5038
6660
1879
5681
9732
4003
8127
5404
9124
4577
5347
5894
6874
8330
8424
4814
306
1776
7852
7923
8021
3192
7800
3642
3915
6189
1447
3672
8450
9961
1946
4750
8997
6186
8654
9686
242
422
593
2013
8399
2820
5599
7652
8754
3667
966
1564
4295
5882
6341
8865
1774
4283
4288
8174
1087
8744
7173
9656
1606
3685
5420
6884
8882
1909
9252
9329
4094
6501
7032
7967
1834
3683
6556
8697
8931
4686
6358
6513
3217
6274
7238
8727
198
1479
6856
8507
1610
1867
5661
8963
2633
5363
8020
6052
7686
447
1303
6789
3373
4478
7867
9440
1956
4130
4963
7262
2534
5484
8551
119
3456
4546
9418
9814
585
1803
6706
2015
3710
6779
7922
8618
5069
9336
2437
3202
3473
7130
1912
8883
3029
9753
6721
7600
6849
7543
9426
183
4747
6435
1548
2929
3779
4875
9449
2592
7695
8698
2419
5670
7096
204
1923
663
3033
7901
8773
1094
9523
1473
6714
8939
2036
2155
2788
4548
7589
7747
406
4134
1972
135
1727
3895
7195
8252
894
1462
2593
3696
1403
1791
3319
3370
7432
9328
2677
2377
9201
6799
9256
511
1331
5488
2457
5160
2302
5238
6930
280
4244
8148
111
2691
5479
7137
3903
3646
5435
6066
7929
9751
510
3817
1970
4271
8251
5203
7934
2811
3459
6572
930
1562
4046
8596
8608
8814
9705
9747
2708
7254
2946
5196
5976
6308
6508
3765
7381
3342
3455
4469
6872
9565
2927
286
1257
1819
7495
9126
4225
4828
1418
6822
8180
9854
1176
3232
7324
7844
2683
1228
1501
4374
5243
9628
2338
5650
9134
1661
4168
1499
4060
6666
9064
4369
9955
769
4124
7317
6421
4812
7478
7490
5123
6299
7257
7743
8269
8552
8206
4355
7098
1096
6282
7831
3922
5955
8245
9939
498
2566
3070
3776
6230
6810
9909
6968
6401
1066
6178
8293
9404
3669
6232
2171
6901
923
3228
6474
9016
683
3739
1386
2840
5015
5711
9995
867
9770
529
8712
9362
9112
7501
4069
5095
5402
7300
3481
5941
561
7920
2258
3815
33
814
6631
7653
9537
9849
7285
7707
9359
2414
7055
504
1038
1925
3023
6600
7453
8881
9921
3409
5693
6678
8370
7865
8147
5120
1164
7339
3272
7791
453
6064
3253
1813
2150
4007
7567
5024
317
7410
9198
5986
6427
1607
6006
6321
1668
2162
3952
7550
8831
1147
1551
3127
4300
8417
5276
208
7892
7932
2996
7571
8824
1678
7897
1711
2514
2898
6801
3059
4203
2403
7828
7
2097
4121
8213
6616
9121
4496
9949
1206
3249
8375
8973
187
467
5520
6674
1006
1710
2088
4001
1193
4242
4391
7802
3084
6786
3835
3882
8977
2894
5887
1817
8704
946
9274
1240
6532
9392
9904
2704
7140
9348
1469
5161
4805
5395
1497
2118
3724
4245
2273
9938
4368
4415
9337
3147
8647
1589
5050
2986
5704
9303
2138
2468
4806
5585
7669
1471
3605
8972
9794
824
1117
4703
7202
3191
4465
8027
4845
8221
8987
1311
8162
2295
9842
493
3237
5810
5964
6772
6792
7244
5177
1379
2963
5422
5996
2259
4988
984
5555
817
1060
1828
2154
2471
2600
4471
7491
9186
1365
1954
4940
8534
3311
5576
1478
7644
1167
7545
7575
7727
7826
3876
9708
2230
2850
2698
3382
8571
6180
8362
1871
6287
1339
5709
6613
3718
9553
5494
9215
4985
5775
8392
4840
2543
5116
9669
5446
9876
437
747
831
4123
6084
30
2003
2303
4593
5755
7651
8284
9930
5551
35
7223
9316
9817
4254
5687
5762
9044
4441
2272
6311
2702
1338
6834
5472
7676
3500
8780
940
2067
3668
4286
7068
3028
3345
8691
1059
4278
5027
1852
8203
444
1557
7479
3346
3467
630
6505
8224
9203
1367
3854
4159
4772
7741
3181
5300
7313
2614
4603
223
8096
8580
971
6483
8499
9142
4192
2227
3078
7770
1392
5958
9755
1231
1919
5037
7842
2908
4164
5796
3034
1876
8394
8696
7156
9322
3155
6709
9860
8498
7724
8040
2980
7638
8326
8898
9347
1468
3740
4248
7557
8543
832
1269
2275
2506
3924
5128
7637
2670
3363
5214
2019
7859
8331
9235
6934
535
1173
3461
6142
4020
5023
3906
5598
7436
7744
8554
843
9008
5096
7505
8658
9820
6058
9104
2386
4978
8567
829
3336
4102
8634
4992
5543
8819
9953
1435
1559
3032
3045
7091
7904
3604
61
3266
7999
8406
1934
5525
5530
8708
9462
1177
6963
9733
5577
3636
8829
5190
6773
8189
6297
7217
4370
4780
5692
7409
4470
5010
9130
1809
5802
7914
8767
2371
3753
3350
5514
6676
8629
4212
4176
5094
6205
9524
1480
1700
3726
981
2121
4209
8157
6868
1749
980
1461
6818
3675
4202
8105
9790
8351
1671
2760
6646
8798
8167
8271
8986
363
9573
7029
3993
5454
5108
5623
3036
3215
7886
9497
7966
9714
509
7214
4341
4692
4727
2337
8989
9071
4719
8032
7596
1939
5615
9220
2210
8978
2217
9892
4265
4439
5162
7916
3103
3549
3516
3845
6254
4782
5070
562
5156
44
1517
6377
9919
252
6423
9257
2180
3714
4505
8388
9552
883
9051
9069
9178
5858
5721
8667
7188
1831
5376
9229
5891
1106
3680
696
6553
7690
8058
8533
6656
6723
2498
3167
8090
8594
1388
9818
9907
4630
8438
177
4161
7380
3580
5216
9202
1835
862
3425
9272
9396
1768
9172
9593
7108
9596
5669
6645
5556
578
6847
2103
2293
3026
5578
8785
665
2500
3196
8847
1081
6575
7641
9335
8098
8281
9726
879
2232
2956
1245
7483
5999
7913
595
3638
2904
6208
5299
8116
8584
1728
1748
1269
8229
3847
9701
3677
4717
4861
4647
6011
5517
4025
5605
8949
1793
5761
9783
5629
51
8214
8684
9262
1310
4096
1005
6899
1722
9988
1054
1494
4400
8440
9819
226
3503
1792
1424
6707
1030
3694
4364
5561
6296
8137
7286
1550
2613
8750
6694
3819
8418
7368
1276
2290
4706
5110
2637
8165
4700
1301
1754
3035
3256
8851
9737
22
134
6635
311
5660
1708
4815
5053
6500
7983
3793
5723
3936
5801
8231
899
441
1265
6416
4398
8135
4768
8794
511
4953
2430
6148
6055
6538
7233
6473
9344
2458
158
5266
8205
8230
7113
375
634
5630
8649
9613
108
7321
290
2038
4676
7191
530
2453
2727
5799
6649
4256
7115
124
2774
581
5498
6578
8546
8979
5173
9163
1109
1637
4855
308
881
2792
5609
6067
191
6054
3157
8982
9754
8062
25
6929
2932
7799
9768
6839
2960
6183
955
2246
3347
6419
1621
1402
2151
9710
1325
6787
2122
3234
579
8890
4548
4552
5648
6807
3795
4453
9715
6647
8276
2523
4869
752
1046
1118
527
5793
1280
5097
1962
3418
3524
6515
3892
6964
3364
3237
1635
5175
5806
9886
8702
2782
7022
9694
7704
8123
4863
6181
9009
4785
7327
9578
2606
7222
8609
9958
4339
6586
8342
3707
5480
2380
9920
4983
7090
9773
9928
1615
4617
6558
4118
3789
618
3165
5176
2554
8064
7864
8055
6641
9644
1057
5764
122
4269
8935
9028
1042
7649
255
266
7370
7937
8113
7435
5129
9486
2780
3247
936
1725
7256
3579
4853
1555
4533
4956
6843
8085
5448
6105
2816
6082
5453
6737
5219
8715
5639
1986
6355
690
611
691
1919
7516
8711
3224
3704
4037
3725
6202
6216
1400
6415
4518
8574
8700
4120
2133
2379
4253
4610
3539
4285
8068
3405
3926
6570
8322
807
3174
3204
5545
2655
3269
674
4342
8688
1342
5391
8857
9255
325
3453
9230
7815
243
1804
1945
4668
1628
3977
7797
8501
1973
3000
1830
6582
2244
2730
127
6360
8644
1394
420
7132
3661
6611
4421
2699
1540
3188
7146
8517
5223
6498
8891
5215
2184
7329
9807
3708
4770
5154
7419
6111
2556
3171
473
8941
7234
5282
9544
3410
1860
520
4772
4075
7441
915
1525
3304
7964
8317
298
480
8142
5278
4571
303
9912
672
388
7194
4104
2830
2938
3132
3400
1489
4468
4490
1565
2355
3559
8003
9764
4172
7318
1452
7536
5683
8717
1488
1526
992
4737
4006
5212
6121
557
4419
1209
1249
7636
8197
3827
6319
2807
3412
1252
7105
6256
9119
5805
6162
9247
4073
2238
1272
5327
7857
2982
7395
2528
1942
7756
5898
9499
5236
4633
8399
8477
7790
8548
201
1691
6260
3967
6562
3591
9568
47
748
5748
6458
799
2967
9395
6212
885
5574
1112
4856
891
5654
6126
6193
4752
8482
9129
9527
8141
4838
8318
1802
4582
3328
3961
5870
2170
3745
2821
6072
1232
2023
2769
8775
2901
7662
8683
2144
2663
5449
2356
1758
3493
4977
5880
8427
1503
9660
8237
7648
4261
4944
5301
5831
5971
3173
7063
7361
2305
5643
7805
9401
139
3226
6715
833
4671
4019
4724
9341
7016
9496
1319
2322
3383
5989
1111
8707
2377
3855
695
798
8234
4395
4836
9164
4816
5582
986
2222
102
4472
6744
7924
5708
7006
4931
9397
8036
8164
1049
5706
5703
2231
7303
4638
7258
7468
4739
7000
353
4847
3239
8816
6730
1121
8451
3002
3942
6062
7356
8132
636
2979
5074
2180
3871
8106
5987
3027
3996
2664
5390
9013
9667
7918
8540
22
4789
6733
4699
3682
3794
6090
5957
9394
4834
5003
8173
394
8723
9522
3582
5311
2341
2276
2502
3846
8621
7582
4141
9011
9790
8695
1618
7522
169
7102
5570
7159
7168
8315
4523
1396
2350
2975
4639
8661
5055
1429
8377
5823
7099
9234
130
598
9006
8958
3888
8183
1256
2612
9723
407
385
4318
572
4011
1366
4020
9434
906
9750
3700
28
8138
8832
937
460
4710
6603
238
2710
4767
1996
7149
5924
7101
7647
9460
4250
3227
5364
6748
7205
564
5856
1064
2594
121
3183
7957
3657
5252
2756
7107
9241
7837
3639
607
804
5278
1870
1516
3216
6671
719
5569
1900
5673
6174
4085
6771
3138
6041
9427
3621
6203
8381
1824
4615
1149
1163
3926
4822
6242
8013
2849
2467
3052
3341
9543
7696
5403
1039
4292
1305
6802
2072
3154
1685
5366
6495
6012
400
4949
633
4550
8926
3441
7242
351
2643
6003
7325
2698
1914
227
613
9251
7498
8
744
4922
7457
7562
6916
3540
4503
5230
6071
5288
7945
2378
8320
5321
6604
9085
9353
975
8776
9008
5531
5886
3491
5412
64
1842
4211
4311
5332
2420
5292
6275
7293
5093
7406
7730
5972
1027
6653
7910
1317
9189
8978
5742
2442
3029
9959
4177
7774
4051
9636
3048
4964
1215
5359
1455
3285
2875
3401
7830
6909
1930
9533
6
8023
5970
8690
7201
673
6514
6797
7350
6629
9649
1203
1011
5405
4296
8916
8998
3320
9814
1178
2795
648
3654
3271
7298
7020
9059
2778
7558
2169
8702
2002
3017
2726
8579
6200
4094
7772
6825
8763
6775
8796
5719
9286
5836
9637
4263
4954
7889
5437
8597
401
775
1286
1330
5131
6461
4955
4154
6702
3601
5561
2727
2943
5809
6250
5356
6695
741
4086
9131
1577
2205
9601
3016
5614
6101
1371
1651
1370
3375
7530
5753
8252
8792
1872
4672
6837
2439
4799
1917
1536
6388
1670
3357
2828
6465
2474
3790
7134
15
5572
265
3813
5567
746
4873
656
4022
8099
7507
8611
4779
2366
8671
1950
194
7026
7565
8733
2813
4028
5029
5636
4334
7863
9989
3706
4279
4281
9803
5835
1509
3312
8797
9102
1936
6385
9152
711
1873
2009
6202
269
2579
1794
590
4431
5182
89
896
4124
8911
949
2765
6608
3112
9889
1251
3291
7218
2650
4183
7925
144
4594
3748
4193
7618
1078
957
4963
5595
1811
4088
1232
3479
1587
1058
8192
472
7035
2959
6915
7593
7926
2432
4586
524
4454
9735
1662
6404
4762
5341
7122
8605
8121
5258
7200
4596
6345
5064
2406
2215
7323
458
8100
2865
1393
1495
4752
5906
7896
8324
1585
2668
8339
8854
9116
5323
6925
5983
5138
141
3435
9824
1313
6911
1270
8461
1264
5351
4629
6885
2128
4482
4759
5169
3030
3927
503
5571
62
3047
1706
9214
9047
1102
2486
9969
1826
654
2693
4331
5113
261
831
6662
7463
710
5046
7480
8253
9171
60
304
2648
1895
3213
5842
8259
9540
7341
3149
4130
1092
5597
2047
7769
3390
3801
1268
3569
9962
3292
7404
2671
3426
9727
3839
5310
421
4783
5284
6191
2695
6255
7622
666
9653
235
9018
9580
9635
3209
4033
641
2040
4893
1760
5409
8061
9118
3814
4414
9488
2231
9791
4764
6036
6581
9502
6080
6533
7196
8865
9381
9370
2280
2883
6089
5095
916
1775
7961
9418
180
346
7970
7666
8496
1574
2799
5895
6157
7443
4064
4501
16
3760
968
2503
8117
6864
4303
1397
2264
479
720
2533
5105
8242
2740
316
4056
8561
5864
8311
5287
1475
2204
202
200
5634
237
4967
8562
2338
6024
2589
364
2394
4486
6088
2747
5553
9143
4906
9354
9620
3168
7288
700
1816
4555
4760
7447
3308
5869
4266
6522
2162
8765
554
3572
2240
7068
3775
5225
179
7236
8041
8868
9976
4140
1890
8521
1789
4008
1103
961
1343
4526
7428
8460
366
3627
7776
2076
3507
6127
5009
5231
9182
9494
273
3568
4201
6936
9333
4628
2885
5538
2391
6273
5172
6559
2530
2346
2766
2767
5319
7479
3459
8112
3276
8968
1529
5961
2119
7103
9751
5434
1340
649
962
1881
2638
5426
442
569
2257
7098
5726
9324
6440
6742
2283
4005
1151
9614
4519
3454
1026
3544
4312
6739
952
2665
2235
5872
9987
4866
7768
236
1437
5645
7657
3303
2033
6315
9155
9255
635
3543
8748
5923
8194
1737
8716
6774
8623
8724
6539
2396
2771
4609
2911
2808
8385
3096
4200
8514
601
984
4936
5736
1817
2381
5132
3208
4530
5887
9865
2234
7899
8225
9278
9463
925
5620
954
8291
262
4147
2657
5178
8487
1949
4842
7838
8886
6892
2567
2789
4327
5303
4058
3056
6266
7788
6848
7202
12
5760
9711
9002
1597
6376
9507
5975
6132
5237
6673
4282
8687
3735
6886
5566
6335
6951
868
1735
5624
7839
9665
4442
1877
6831
7070
9021
383
3599
5953
8065
2798
4821
5874
8858
3094
9310
7351
7646
8107
5938
3485
7067
5492
5823
2156
9855
881
2734
474
8392
8892
2399
661
7871
393
91
8272
309
3566
4098
7248
6049
4707
2878
7416
8069
7504
5682
9998
9409
5352
7307
7445
6746
9111
8872
3129
8328
6453
2490
856
7968
7773
9799
523
2492
7412
642
7062
5424
5832
424
6560
7794
5952
8672
6040
2288
8022
4433
1077
2298
2367
1549
2353
8334
7024
549
4443
2914
5194
5601
5502
8446
9330
1146
7566
4487
5635
5490
880
2880
9672
4237
9648
3944
1162
3974
6867
9514
7336
7338
494
1143
5045
2833
3968
6350
7071
6773
2383
3421
7984
734
6958
357
3314
1905
6811
5039
3983
5897
9219
2246
4491
432
6704
7927
2837
2917
4153
6538
6141
5915
6654
6752
4476
6466
3850
7238
9610
2753
3655
9442
9772
430
7580
2534
5397
9349
5894
8411
8436
9157
1085
5873
9851
7475
2436
8814
9503
1951
5368
9055
9808
1827
6124
1883
9968
356
5550
5973
6418
8423
7763
8627
4416
3519
6501
2136
9859
8200
8874
5482
4426
7558
5460
5560
1104
2463
4924
9302
5808
837
2428
3091
7733
1586
2603
8224
3397
9279
9506
1341
3775
1614
9000
4039
4040
5377
329
2560
8940
3772
6377
8673
7821
1428
3721
4139
8180
3326
4034
610
4939
1780
2268
4278
3556
1573
3113
8626
9785
1863
3005
3406
4239
287
1727
6448
6763
487
5932
900
1328
5427
688
1869
6940
174
8531
477
8538
1448
1675
0
1838
1961
4231
7462
327
2713
3269
8802
3311
5876
3466
3726
597
7732
3162
3322
9584
4197
7300
9703
1647
3415
1663
2321
1731
8726
1641
82
3419
5073
7272
9735
5150
1320
2408
2719
4858
6361
1604
3513
5251
3283
8790
4279
5263
5183
8401
9452
5581
967
3943
7591
2508
4972
8984
2814
4915
626
910
437
8663
3182
6755
7637
6460
7538
3273
883
8520
2078
9222
7581
8355
8432
8985
1552
1609
3455
9712
3130
115
4049
8030
2529
8026
480
3653
6607
9228
9537
563
7756
2854
9319
293
1089
3882
6160
8372
7173
7357
8040
8839
9899
6531
7013
2327
3259
506
352
1665
1689
6117
7573
8945
4359
5705
6798
7271
178
6776
6823
5057
8817
1527
464
5354
7109
9158
742
858
7861
4360
9621
4131
7425
4355
5164
7749
7311
126
749
8799
9698
1436
6137
7291
8182
7089
3133
647
714
5458
6659
2762
276
9677
6612
2801
5576
9136
9407
4060
5407
4753
7473
1227
6995
5298
6125
1769
6409
9883
2620
7290
7579
9934
4619
7301
7921
8980
9350
665
2507
740
1155
599
8909
9373
9674
68
8863
4624
573
6005
7816
1244
7142
7169
1087
6220
9941
5417
6969
4657
8992
5077
9033
1818
8591
4898
677
6069
7817
2509
5827
6036
8518
2705
2807
5729
5125
451
548
1202
4338
6585
9561
5556
6878
8447
889
3046
3917
2702
7017
143
6639
4251
8825
1297
3583
289
2130
6227
6582
8266
2484
2790
513
7505
3853
5599
6213
6588
678
1968
7969
1839
7500
8620
1660
7978
4046
4826
3069
3380
8004
8441
1796
826
5945
325
7699
9615
3417
8630
2476
8930
4444
7483
1138
7096
2949
1720
4909
1945
7319
3010
3956
4233
3049
221
1302
6002
397
290
2615
8688
2733
2286
3425
5473
9795
3611
7985
8473
4198
8578
8257
3622
3806
4758
1598
8565
6195
391
8129
2965
4493
6447
7060
1717
8240
6957
7213
8628
5612
5758
9139
7943
9290
7033
4696
8234
9775
5686
6502
3659
4300
1798
1000
497
1923
66
3811
8086
3607
6727
8561
3824
3624
9455
9122
646
2025
3437
6367
9368
483
5283
257
7174
7930
8024
934
2196
6066
4613
466
6044
8529
7638
9449
4572
9224
8475
1285
3141
849
6303
209
5029
6285
7746
804
3673
9307
48
6237
7041
6734
6393
2308
4446
1520
4516
7655
2592
7190
9760
7003
9221
3416
1170
2930
4070
1562
4837
6325
17
8678
567
2794
6857
8671
3983
5875
1643
9960
7206
1473
533
1977
462
1892
2331
6759
7940
2901
801
4515
8336
9956
822
5970
481
907
2868
7484
4463
1022
8811
5541
9622
2222
6452
4513
7253
8519
690
3449
449
9971
9487
1349
2191
2058
3035
2621
3131
6113
9342
9616
5542
3656
9699
1967
9599
5759
9745
4988
9937
2110
5591
6071
2903
4697
9359
5907
3332
4701
7506
8975
291
4900
6709
982
2750
3560
9815
5430
5536
9473
1870
8689
8422
3204
735
3053
3353
286
8116
8258
8211
1690
2255
4704
399
4398
6528
3220
9159
9399
8876
7641
1288
2560
8795
603
3631
7178
1331
5676
580
1329
9224
5947
5107
9866
8179
2809
7492
8707
8606
9103
5583
1840
1199
7110
8896
9226
614
6171
384
4054
8057
2644
6131
7906
386
2208
2604
6572
5300
4265
7743
3910
4387
3614
3728
7891
4043
5389
6397
4121
5249
5280
6930
662
2593
5048
7138
2422
8383
1742
7452
4460
4102
8798
2795
7042
4042
499
2574
4782
813
8490
6423
615
4469
1836
574
1230
2172
5934
8433
9250
8777
3111
3911
6846
1235
5413
2976
3936
5745
7229
8590
4785
5288
1575
8251
9636
2673
5665
7435
8181
8359
256
7521
6602
8622
406
5121
9186
5084
7633
7765
4441
9422
5562
4484
5568
2755
8222
2571
4689
4739
3526
5212
6793
265
6907
8609
7502
2923
2343
5718
5683
6875
8269
8539
6144
4909
4902
2310
4014
3287
8154
4480
7934
8291
1055
3615
5195
555
3786
5603
8943
9223
5055
2692
5184
812
2120
3145
5838
1618
4920
9991
3206
6436
727
1175
3899
7981
3754
9541
9853
7736
1119
5414
2147
4161
2206
2990
9204
5304
6054
7853
1141
2805
7652
1729
2006
2525
4743
6413
1089
5452
5936
8824
3107
5495
5840
5316
8016
478
1684
4854
9183
57
6318
6549
8586
5517
3366
4549
6758
3898
6286
8414
1355
2098
2267
9839
1988
3575
1144
4317
4907
1080
4462
4601
3949
5547
7108
4409
8895
7903
5369
6753
8920
5989
5112
2351
3351
4406
7136
3902
2749
6787
9733
2237
3770
532
2515
6369
6896
760
3201
6177
7379
4904
844
154
1056
8163
9023
2154
5097
3018
4330
9311
3210
7266
7421
7049
2082
6983
6853
1947
2042
6455
2972
6886
9358
8963
2498
4790
9531
2217
3304
8872
5817
5312
9074
6574
8313
9432
8226
1044
7192
1278
2804
5701
9462
3831
9196
5254
5816
6271
6018
4925
4652
754
4206
5996
7573
3452
6851
4438
4338
1365
5177
3190
9527
3264
2892
2985
4351
8463
4156
5700
8881
8831
457
5738
6161
7331
8731
3534
647
3707
6462
9799
1802
4512
5633
674
3400
6283
6475
8619
4467
6505
8545
2786
8281
4908
5103
5406
3638
7451
4065
4293
9088
331
3474
9121
9596
1238
6207
9762
1690
717
2344
7873
5441
5732
7101
8419
9480
9697
9765
7795
8735
7724
3036
3424
137
8566
6741
9375
926
6909
4026
9927
442
2123
3841
5504
6112
5819
8276
2434
3919
1354
1427
2750
9557
1893
3279
3462
4738
6477
8846
9973
2922
3361
2577
3014
3077
3423
3810
1513
5071
4621
7390
3432
9166
4058
1974
3480
6804
5906
4577
6885
7168
7048
2861
6191
6932
3392
7237
4029
7219
9001
3028
6674
6948
3443
578
1161
7011
3508
4663
833
3184
6270
2489
2282
707
1504
1997
3504
146
2758
4432
4939
7946
3001
810
1551
7616
7560
7595
9709
309
9416
669
284
7671
4852
9880
933
4352
6168
9823
2699
1173
3845
7786
8028
4589
5178
5232
7567
3384
5724
60
3900
3947
5890
9996
676
4587
1243
7207
1777
2049
4965
322
5086
2663
9630
4311
9450
3363
8077
8870
907
6601
1265
9457
8079
9299
5190
6138
6229
1698
4343
4510
6546
9308
6323
6339
7304
8835
1897
3313
8748
9242
4308
271
2874
9693
9975
6076
8762
9427
2843
6921
1633
1747
2118
2359
211
472
2527
1192
4710
1886
8421
5439
6151
1543
7147
121
5063
210
765
5917
2541
2723
2251
94
7916
3272
4103
6854
5939
7550
8249
7740
7250
3159
3461
8729
2140
3214
5661
3578
3737
3601
6146
9439
3075
8947
5438
3874
1797
9834
476
4073
6250
777
6009
4495
7603
4180
5469
6521
9173
6650
7857
9420
9994
2510
3478
6282
9769
6198
2117
7264
9995
4654
8754
8993
8702
9957
413
1717
4557
1381
6017
2397
3155
747
3795
5285
9171
1479
4791
9532
74
729
1498
571
8505
751
5651
9472
2264
3023
2759
1186
2810
4071
8347
728
1765
8474
8897
9378
5837
7251
6830
3205
1787
4049
9434
6004
8172
2964
3916
1729
2877
7660
2054
3102
7650
8426
5159
6751
5710
6641
2326
4175
8066
5909
9932
13
7623
8393
2040
9663
1625
665
1225
3163
6057
6888
1219
5284
6047
1408
6706
7146
7442
6193
5449
8557
4608
4644
4855
4494
6535
7124
4173
3619
3716
971
1676
9298
1833
739
9248
9656
935
3579
4997
6437
1013
1061
4408
7714
6291
5399
5426
7019
412
3475
248
7529
2021
4126
2596
9943
3840
4285
7953
2016
3101
5881
4979
3350
6375
484
3598
4871
1914
3293
5833
5829
9220
2578
8213
8430
5573
4386
9692
1422
4537
1222
2952
5471
147
1685
5935
474
9664
2433
8548
4007
5378
5799
6276
824
8110
9542
6258
2307
5563
8707
4727
9974
1357
1350
6633
2613
9945
2274
4283
363
378
4558
930
4923
5481
2160
5005
7761
6309
1939
7055
3435
5373
7200
4466
8697
5488
5663
8636
6697
6780
6075
9444
7218
7932
5388
6860
9361
684
2569
217
1843
9380
426
9652
2011
1101
8033
337
106
429
2014
4550
1280
4707
9133
4911
1205
1372
6040
5972
6619
7836
5065
1837
4805
4222
651
1865
2850
658
4990
6769
2323
8843
7800
8571
50
9008
5621
8745
6412
1217
5422
2926
1850
3399
7135
2840
7446
855
5628
7438
5111
622
3176
8244
6087
3321
4248
8674
9417
4384
2137
2670
3913
8885
4859
6373
6833
6182
6415
6442
7725
9579
1894
1370
5060
9792
3861
2499
9762
1588
19
3109
5818
2467
4787
6736
8337
3982
4783
7607
4378
1024
7065
4978
6675
5160
9805
7291
6116
2954
5548
6481
8670
2334
3370
3156
9484
720
1546
5590
4295
8528
1620
6298
4912
4575
6231
7223
2335
7631
3339
764
5123
3568
5622
7366
255
405
6097
6648
2690
1337
6068
8356
1492
3573
2782
287
1940
6348
6527
9015
3512
9751
4090
4764
518
4895
9646
529
1244
1306
2340
8169
1125
6150
3516
6506
3355
313
5477
435
6748
7677
6728
433
395
8679
1348
6336
4298
1145
551
2745
3763
6219
7267
6299
6587
441
3570
3631
3762
7439
7815
296
1077
3925
5959
8138
8370
8484
2357
7627
3120
6912
5062
1615
4401
3893
5352
3774
9361
7798
2681
5671
8371
592
5315
4388
6239
8215
4225
1413
4451
6094
7482
609
5478
456
3915
4450
4677
4304
9238
3410
4031
2736
4633
9236
3818
4789
9423
3096
7414
4681
4419
4708
6019
3408
7719
3244
5498
3773
9125
1301
3228
722
5949
4
8812
9240
1785
1677
6305
2223
3235
3420
8908
3170
5492
8744
3249
452
3958
2707
2870
770
3538
2431
7991
7276
2143
490
7330
8159
753
2376
3740
4131
9582
3225
7103
941
8461
8685
9132
2278
5120
1522
2446
9986
1933
2404
9817
1446
3721
817
3974
6577
887
1481
1536
1012
9408
8080
1088
4862
4693
6102
3687
3903
1620
2200
6690
8650
9447
1241
4879
5797
7391
8417
9633
1096
5293
7689
4413
7458
8923
7109
8541
1678
9679
3630
4447
7059
5206
6989
7143
5157
6774
3871
7377
8701
1134
5757
9700
855
2689
8866
7785
2468
7665
3001
9431
4088
5359
602
2558
4144
3324
5143
1233
3868
7674
9575
4068
1346
583
1693
6560
619
4424
1083
9732
9936
1364
2971
8603
7268
2136
1151
8442
188
6681
301
9425
8986
145
807
7500
8734
7025
9323
1330
1928
1476
7963
3952
6278
7186
9025
5571
18
9453
8036
1136
8399
1210
5337
9418
8019
7935
3226
8168
2933
768
7365
5306
5841
2732
4535
6558
3513
790
3007
4643
9259
3489
733
829
5395
6968
9485
4487
8666
1050
6468
298
411
666
1848
6364
9091
7245
4552
6600
193
6965
2421
3578
1813
3148
55
3586
4366
1116
3572
2580
5313
6420
6858
1753
8681
6045
2449
3021
1704
8669
175
2709
9905
711
1380
2975
1419
9292
297
2131
3189
5474
5253
2938
8013
1991
9639
492
3186
6077
1444
600
6487
8303
6518
9343
9623
216
6829
7956
8385
338
1461
7648
8581
1861
4279
6592
9119
4926
9913
229
9110
3200
306
704
2837
4751
6615
6903
7150
6293
9606
3621
5983
3242
4532
8554
4361
1401
4165
3253
3515
8223
8842
7684
9903
7525
8969
755
3971
4804
9563
9584
9288
7948
1927
9977
2687
2821
1532
392
2912
5350
8005
7752
4839
7546
9828
3152
87
2193
3071
5383
6217
6651
4671
2437
4776
6434
7216
3248
4013
806
8486
7653
6066
9625
7594
7856
5278
6179
4329
32
1206
4950
4849
6566
5405
756
5768
1293
3303
3748
4955
4987
6551
2836
4291
7811
8096
6585
6784
6223
9833
7741
3491
7749
9976
1855
9787
480
3502
7762
1197
6159
2068
3119
627
3864
7583
1029
2083
6561
8652
2373
2498
2137
133
8047
481
4422
1322
3471
3996
336
3901
4540
6452
8838
7537
8756
2233
5466
4054
896
2024
3585
3850
7567
2827
7196
1016
3092
8564
986
1842
2384
8271
1254
5975
2000
3752
6441
4275
1407
1920
2298
9642
6513
8544
8961
895
670
1879
2857
4086
4481
6520
995
4414
5967
6224
1718
5723
6130
9079
9474
6342
8882
2232
7806
7121
9576
2962
1189
6635
1130
4027
9503
562
4412
169
7477
2714
5296
9684
4590
7960
3803
7416
2107
3088
8413
9249
789
906
8141
8984
3563
8207
7117
5803
5394
1996
3735
3989
5832
2986
4381
7792
9513
2027
3347
7396
3994
6085
8155
4728
714
8387
5380
3642
458
7039
1414
3914
5543
3505
4378
8553
9933
761
6197
4647
2992
2007
3121
5186
8651
8867
116
7080
1150
6274
4867
2115
9098
3105
8926
4679
7654
7946
6718
8094
4208
7984
9443
2017
5514
9222
2305
8322
5741
3703
2514
6400
7847
6248
1968
6255
4455
6188
4594
8334
8602
3284
9202
7646
8379
3517
6407
6446
7010
6502
269
2999
7547
1714
533
771
171
8058
3839
9879
1994
188
6183
3331
1245
6491
8524
118
888
2898
5631
9458
2806
4581
9559
4618
3580
9726
5693
1564
1748
8288
3024
8074
4272
4397
3332
1531
4215
5289
8462
1363
6944
4246
7787
7508
5819
6582
1948
7035
3645
4474
7479
262
2051
9819
3596
168
4832
7835
4323
3544
3521
743
3098
1972
2823
7635
4631
9087
4784
6883
4126
3975
6980
6705
7640
2632
5052
5751
6157
2619
9790
8437
1342
3483
2097
491
7350
8864
1010
8408
1845
3288
3984
7083
6869
6913
1091
2784
5116
8797
5643
9797
2533
1822
9170
5743
333
8460
7586
643
3856
5632
7751
6363
4326
1669
4471
7385
8967
729
4746
4893
8302
3708
9362
2174
554
8889
310
9880
5141
8291
9357
5916
6570
1453
5090
3114
2920
4777
6687
82
5166
218
424
3598
9040
451
8105
5673
1369
3711
6781
8944
1255
4516
9437
5945
628
2236
9804
7173
2997
7492
2868
4221
7087
8346
3082
4764
6999
3071
788
2610
618
4694
9829
9932
9078
4363
5274
1055
9708
5485
1641
8309
9772
9911
1147
5961
8542
1947
4311
7742
1805
223
9565
4693
6166
7056
7672
8960
806
1887
9281
9858
2635
4567
8607
5149
6327
3571
4367
6676
9838
6483
7884
8134
2464
5807
2910
6209
9571
5324
8152
1587
3650
7618
2838
6026
5263
3175
4220
3017
784
1588
2099
9409
2379
3052
8340
4015
4937
5014
69
875
3595
3652
4335
8617
4138
6038
7720
6844
8282
2543
7462
749
8988
1638
3896
8718
786
2220
9413
605
807
3188
674
4868
6841
2626
6262
9035
8588
2303
3398
5658
4306
523
5176
8104
2109
6254
4819
8990
1661
3826
4267
4969
7478
4985
1809
6488
8755
1920
2616
1731
589
2470
8808
9346
9671
6983
8427
2684
4028
9645
146
7826
6562
1874
2995
6739
5682
7118
8981
2006
6213
6839
720
2032
7404
5647
7626
8813
227
6159
4140
9131
2789
1537
425
6270
8737
9053
3616
3167
793
6953
7561
602
770
9027
9108
6250
5229
7716
8069
4135
1082
4595
3068
4622
1127
1805
5656
8444
6275
8045
3667
8575
6509
6945
6963
3232
690
8695
9496
1772
317
8406
5798
403
9438
2535
4648
5202
7686
129
5464
1367
3067
3772
1462
3389
6962
3514
4698
4074
840
9794
3454
1616
7246
2585
8709
4274
4375
8696
1229
4645
1224
1547
1710
3714
6466
3536
9389
6115
6817
2726
4324
2675
8738
9520
8466
8946
2315
7793
5950
9632
700
6935
8963
3985
5867
2102
4584
3558
3930
6020
140
4150
6832
235
3960
7354
8931
9433
7798
7970
9386
3465
7151
7876
9017
9460
5174
6938
7018
2121
2341
6260
2541
9680
9996
1153
4580
5840
2829
3161
4425
4551
90
8832
3562
151
2844
3640
7690
1760
5248
6923
9616
266
2886
6392
5502
2679
6123
1403
4185
3954
5984
5594
6419
4796
927
9756
1687
6627
8841
2419
4287
6961
7499
4659
9852
2599
4785
2719
3470
3691
374
701
5805
8494
4352
971
7771
8420
5088
8916
1221
3950
3673
616
5349
5726
8146
8515
6616
2277
8521
4327
7401
8048
2882
5246
8325
1068
4642
109
189
3627
9627
7221
431
4632
4941
8677
9702
5035
4176
7873
161
2130
3663
7279
8279
2864
6386
4414
233
9723
6243
7843
2570
4477
1852
4057
6742
1880
5722
3473
3678
3353
3380
1000
1555
6792
131
601
1102
7386
217
535
2833
4483
4734
2214
1269
3636
9695
3680
9657
215
5525
9142
1733
7402
16
9690
8839
9082
6794
2891
5974
2729
9831
3632
2153
2575
6808
7087
8449
2393
2382
4412
5560
5661
640
9041
1389
9106
49
2243
3106
4108
3435
3695
2568
2603
5970
4480
4847
8886
5591
4179
5098
3724
5426
8443
1946
6884
2037
2550
7869
8209
98
5583
7834
1966
8114
1393
4294
4012
9309
1829
4459
9572
437
2216
7846
4429
8610
9962
7638
5848
4336
8180
5419
5183
3611
8706
2228
8767
9881
9967
6996
8305
4110
8733
5997
1060
3102
5106
3626
3905
6636
9030
9845
8474
3472
7132
8455
1314
2506
2270
2285
8583
3685
7127
6031
6717
6895
9935
731
7898
2427
4774
7976
585
5863
1639
9221
7769
8351
9119
7290
3623
8076
8668
4900
5855
4501
6891
3840
8968
1628
1549
1689
4967
7217
8497
1839
488
3789
5538
5102
9877
5537
7668
9608
3582
1004
7449
1977
2346
6430
739
3960
9609
9330
7165
362
4591
3147
9113
214
2023
1320
2477
8025
8026
5709
3683
3712
6131
6795
52
3498
3819
6045
8869
9243
6297
1234
3978
390
6130
6310
9024
9763
6930
3736
6346
7194
3215
2840
1084
6435
3272
7116
375
1730
8530
219
4345
1069
1111
418
4467
5191
8233
1388
2260
2642
7656
5962
1099
7255
8662
3348
5372
7556
9383
101
3246
6477
8921
1505
1156
3727
3241
7912
6732
8029
1066
4744
5822
6303
2508
3547
6498
4459
6160
149
6554
7034
9530
1119
4789
8109
1272
724
9601
4767
1144
8551
8294
199
3254
7283
5606
5016
5079
8500
2450
6053
2055
6267
9203
243
8013
3651
3865
4712
302
2983
7513
2980
9099
1078
2549
8550
1141
2179
2612
7929
2745
6238
319
4183
7469
593
84
2534
2561
2817
9569
1912
5896
8044
897
953
1518
7874
9206
1003
2273
1723
9205
4211
4117
270
7066
3378
5273
1162
1982
9230
9982
1398
7909
5565
6372
4114
5932
6617
4576
7101
7189
3487
3792
8277
3758
6096
9472
551
4194
432
3379
6454
8289
4786
8874
5995
8893
8933
2124
4095
3931
2165
8557
3850
4861
7226
6385
2979
8081
9271
2847
2158
2893
9112
1917
572
617
8283
8712
8714
9671
7919
2676
5496
5971
3224
4775
9150
5561
6933
5056
597
6516
7448
5903
7840
2001
6329
7704
2311
6545
9187
1354
4742
6307
6669
7965
977
9528
5969
8030
8912
86
1632
95
842
1686
6466
7454
8815
3696
6056
7345
3569
8389
2173
2310
7864
8543
9239
9666
2251
3475
6991
9177
2888
2563
7321
2049
5934
6492
1099
1486
4083
3128
4684
7640
3101
3137
3962
2970
9056
4525
9552
662
5691
6713
9261
6082
7040
8095
341
1711
4917
5669
8078
3528
9902
5689
6283
6790
7859
3811
6782
1542
5242
4098
4203
4740
1459
9175
4887
8813
6465
9784
4699
4886
3965
8365
5195
3587
5734
7245
7432
2168
808
3415
5268
3883
7625
5893
4547
9284
3512
1174
5446
5554
6628
8338
9704
884
8231
9287
3387
7020
8040
7299
5085
3320
5634
8689
3181
6471
7548
7380
5520
1791
5720
1211
3310
6942
644
741
5100
7891
153
7366
3484
5787
8977
1565
1577
6036
7297
2487
1494
8230
8101
7104
5699
6549
510
4023
135
6757
2686
4530
5578
7339
652
3868
4517
7234
4811
9241
9506
12
6693
6812
5736
4630
7372
8811
4697
2878
2239
6062
7644
9377
7741
8910
9818
1086
4553
6574
6171
7397
7893
8683
3926
3293
6950
46
1484
4236
8784
67
9272
1356
5158
2667
4681
856
2518
2877
3798
290
6842
8329
6840
3306
9341
2463
1085
8720
9922
1945
6534
6217
2189
9716
4953
981
1473
4984
7947
6330
387
4541
9484
951
2656
4514
1900
6733
325
1344
8516
4008
6065
8133
6706
6737
3108
6269
691
5892
4100
6818
8390
4839
4593
6189
2660
8820
2209
1270
4269
4423
9403
8917
2237
3452
522
3535
6122
6911
3194
3364
7867
7256
8844
4554
4910
7091
3559
2587
6727
8979
157
7226
5226
9063
1304
2808
321
1680
1707
8342
1952
7429
9333
6510
8478
7216
1778
2785
3560
5834
444
1998
642
4995
6855
1421
5955
1475
1944
2324
9665
1168
9297
2956
37
5960
2012
8016
8751
2634
3438
4243
5668
2093
3992
881
5911
7568
2300
2428
7840
8383
9622
6272
7357
4635
1407
1515
8499
6119
2159
6763
4226
4319
5066
3777
1160
4636
9664
4014
4160
4509
8288
2896
7446
7655
8224
6215
9650
2694
6775
5343
5015
586
3165
3039
4924
4757
5750
9006
783
3886
7719
4725
7259
9441
7094
1624
5442
6402
6734
3847
1539
6294
7368
892
4805
1831
4852
5119
2135
5843
4564
2459
8035
3504
3093
3476
7152
5738
3722
1660
3118
2114
5404
539
473
748
848
4270
1128
6495
2774
8157
8953
1016
5240
5484
7322
4312
6485
6378
3921
8358
9154
5506
4802
6949
4334
1797
1866
25
4481
1450
1451
7632
2576
3756
1570
4200
8905
5044
5156
515
1495
2123
2177
9955
8875
4474
1558
7291
8056
1675
5782
3072
3315
7708
697
6192
7987
9634
1313
1177
2457
8212
6971
7770
8991
8962
6248
182
930
1540
2311
6986
2726
8857
4723
3800
1053
6223
1350
5854
8888
9737
6643
1079
1238
2927
4803
6934
1799
9213
1289
4601
7167
5517
6503
3445
5270
10
6380
3282
6093
1117
9916
5548
5619
8417
6521
4386
4821
3279
6018
8363
5433
2699
2851
3041
7453
2065
7387
9429
5391
8732
5964
8685
3759
9994
505
895
1984
6850
4036
9816
9825
9306
1897
5302
5968
7050
7178
3681
3939
6379
3265
8066
7795
3446
7188
6800
8463
9052
6190
2892
4960
8316
7272
2578
9358
3381
43
8396
3879
4591
5027
468
3521
9801
8592
1717
9984
4261
7624
9075
8629
436
1008
3742
9185
2704
6304
3449
8950
3030
4743
1376
1721
5196
5627
1642
8556
9227
2004
1536
6148
4585
9568
464
1534
344
5764
7008
8213
7193
9862
276
1122
4508
918
7337
8799
8819
7408
755
3062
6133
121
2100
3461
9788
8531
4682
8355
9588
733
925
7064
9887
2367
5039
9913
9965
671
1017
2146
5221
5945
6947
2700
5898
3565
8824
513
6652
5371
6022
34
3065
3084
5479
8898
8394
367
1225
5449
509
3955
1203
6015
7348
6225
3024
992
1610
9266
2647
2962
4972
5544
9800
1417
1442
9092
3592
6193
1796
8297
4413
7430
7590
9537
960
1094
3532
7514
1634
1191
5252
7134
1820
680
6805
8568
1857
2738
7054
8698
516
4395
6824
9802
275
9711
457
646
8059
7373
72
3990
7488
8359
5825
5068
7962
5784
8547
2712
6595
4935
8395
1003
2939
6146
6166
5843
6596
7143
3723
6251
6609
9237
5816
1909
3531
4124
5361
9941
8093
9575
6588
1438
5724
8377
3115
2263
4528
142
1934
7945
8534
9260
4946
8969
2371
5923
9886
9948
4914
6156
7096
9115
8373
4240
741
8717
9288
1955
9707
3830
7162
9551
8417
590
8958
9442
285
4600
5503
6969
998
6663
5087
1182
2187
3848
4304
2065
6214
6519
3672
9118
160
980
4215
4921
6988
3737
6707
8779
4870
4549
7051
1672
6488
8582
2085
9649
3938
5788
7417
536
1477
1625
6783
6493
8749
1396
1429
8193
3674
497
2865
1818
2671
4144
7182
1199
1671
4673
6464
7938
492
8048
3290
5966
759
1470
4997
6073
5920
6266
8439
561
7991
2410
4376
5266
9857
1962
2131
9387
5100
6436
1689
6163
7434
115
5929
5434
3750
5623
9061
9818
2929
4499
8092
9240
1118
9105
2716
3358
4219
3704
1320
1121
2067
3033
1566
5032
9820
2678
4362
4429
4746
8227
8454
8546
3631
6642
5380
7081
5139
9468
9324
2908
369
1397
2226
251
5364
6772
7892
9549
1361
5330
9008
8301
3765
8948
924
2524
6157
2247
8501
9547
5059
2891
2319
4940
2383
1526
7476
1201
5048
668
9419
1383
818
7137
2398
4371
3744
5993
6180
258
1256
4281
1967
5258
9015
8996
5752
4344
9411
5854
8970
6084
4830
6323
2035
2594
138
7965
5826
8938
8138
8495
9864
6511
359
9942
9873
4031
1554
9526
9771
4844
7424
2855
3335
7257
2299
1685
3755
9089
4815
1580
2609
1073
5040
6481
159
961
7941
2631
3430
7920
8360
8660
9389
6301
2120
8636
6466
2253
7229
6754
8071
7371
6845
575
6145
2000
7772
2043
7288
8374
2074
6029
1907
4435
447
1695
5374
610
2350
3283
9954
6864
1892
7085
798
6432
8536
1809
3237
9567
1349
2409
7865
7989
8746
3689
3160
4293
6292
2480
3729
9699
1575
5011
1528
4130
945
3003
5796
9064
1216
1346
5147
8532
9390
1178
1855
8415
3158
4626
8083
8656
1650
1780
4449
2690
3786
7328
8679
3539
177
1423
3941
7170
9591
2348
3209
8384
5164
117
2243
7021
31
9001
3757
7460
9960
9021
9151
773
7704
3016
5841
8645
823
9184
3121
4983
6932
9046
6817
5163
8148
2388
9014
147
309
7459
8630
4715
6547
4781
8606
9076
1915
5909
5245
7411
4447
3794
4881
4322
8492
4629
5597
6209
8265
2741
5058
6979
3011
3710
7734
1746
5042
4310
7747
8896
975
9754
1271
6327
8632
6671
8675
7611
7465
7563
7473
3585
4570
640
2488
9370
9923
2751
3574
5858
5844
394
2818
2897
2250
9564
5557
7578
8246
1762
2296
3005
259
8418
9156
9277
2937
5041
493
1083
6355
4831
226
5424
3202
9971
1794
8594
8451
2519
2723
3227
9449
1498
8902
5198
6698
1040
8818
3110
9016
6541
7443
377
1475
6280
8036
4231
4680
5315
7027
3031
7732
1673
862
952
5244
7773
8353
914
3238
6334
8631
2252
2712
2746
3780
9153
4406
5673
8403
3182
2790
1157
5472
1311
5513
3635
6879
7534
5307
7075
9152
6780
4470
13
6789
3163
1489
6967
7703
3922
3844
7759
9761
8202
163
7250
5015
6779
9879
9972
5708
6367
7826
4344
3421
7794
8468
8366
8598
9444
1062
1643
4070
7347
9626
8222
8894
6441
8769
9799
8181
3885
7296
2011
6304
765
3630
4710
1133
3001
9838
3966
8540
4090
49
1726
4626
6327
9961
1918
2885
4615
6322
6249
7592
1552
4218
4809
5435
6173
6183
9348
9491
57
2558
4667
9596
2382
4234
5777
4717
6086
7555
4976
8897
4066
4125
1507
9279
8806
2349
869
2752
6920
7603
6568
4430
1004
7115
7078
9018
3310
7400
3993
4476
6405
584
4982
2467
2810
7740
6376
7090
8587
936
7662
3970
7569
958
7070
9355
9493
4722
5147
6661
7286
7724
3725
5904
7615
1274
3853
5640
9212
9752
1755
5420
2050
6553
6571
9273
865
3135
2461
7797
8807
7073
8272
1500
9217
1483
6228
844
6253
999
2644
4686
5210
78
6651
3375
1659
1842
7123
3752
4949
1355
176
4256
6708
7163
7899
8618
45
1928
6284
7221
3297
5505
1070
7910
2948
9713
1155
6540
2063
689
6202
8821
9390
9464
9782
3239
4601
4987
5256
4472
5853
4579
2802
4173
339
1219
7142
2836
2949
7766
7214
7698
3573
9398
1129
3589
674
4282
4829
1210
1670
7665
9932
2413
2608
3148
4165
5450
6987
1655
4763
3804
9668
3946
2087
9319
245
7138
7451
4167
7276
8505
8993
3095
6603
7702
8065
1764
8133
2595
5292
1937
5616
2173
6715
6941
4190
502
6869
8097
9465
1647
3158
7387
8466
3038
8008
4255
4357
5495
8833
3455
7552
5403
8937
2320
2698
3810
150
1861
4927
8745
7285
8684
16
8488
8875
8856
1321
1650
5831
99
2051
6943
1879
2646
3453
7921
2163
6056
8519
5969
7949
1183
2103
8741
83
4590
6660
7
1630
4942
5261
6147
4968
7429
9604
8308
2906
5396
8514
256
1013
3687
4669
566
3484
4107
8267
1863
6077
7576
9209
3087
6599
1750
7718
7511
7520
240
2356
9872
86
3684
4097
4659
2426
6347
7112
904
5314
8196
8273
1044
1954
8145
9340
140
8855
558
4962
8954
314
6187
7466
2
1845
6382
7390
3670
7919
4943
9660
9854
6868
3865
2422
656
7184
4023
2869
5065
6858
1762
7546
9789
1960
4944
8275
5814
5918
2721
4037
6013
4075
1223
7336
9285
7440
837
3385
1899
1973
5464
6470
8531
9341
6585
5235
9729
3887
7468
3764
4122
7521
7456
5954
7462
7619
7647
1294
9985
754
5588
9283
9535
8995
4091
6984
3010
9162
4392
6512
5283
5607
8470
2986
5353
9893
8870
2642
8416
1641
7312
5370
5698
5845
9290
9953
8562
6560
8398
2160
6719
1860
5901
651
7427
497
4185
1627
3009
5906
6186
9034
3555
4458
880
7068
8558
283
6917
4011
7117
3219
4353
6085
5572
2486
3332
6750
718
973
2362
8804
58
4502
8635
2318
5605
5134
8946
9734
638
396
2254
6813
7709
9019
747
859
7762
5122
6079
4042
4254
4957
2061
8243
9429
13
2379
3698
3134
6307
2238
8887
4649
6007
7884
5287
5426
9806
5351
7727
9129
4503
8345
9269
927
7455
275
7128
9189
1395
2122
171
6919
1388
905
8936
1691
4343
695
3595
7263
519
3276
3915
1378
4934
5328
7294
8181
5273
5436
6095
3514
8317
8852
1261
2902
2386
3529
5033
4139
7886
8710
1107
1791
2129
4586
5107
2027
2476
8014
7689
8402
5475
4282
6619
4828
6924
8316
4718
6475
9894
6474
8915
9075
9762
7292
289
2158
1394
9997
2787
829
6856
4088
6381
7395
5659
6799
5341
730
2601
5913
3857
8264
8274
1146
6184
8246
6552
8759
6131
3258
3863
8525
8823
9012
9313
4355
6336
7659
7610
9304
5973
9490
6058
4226
7041
8118
6791
1267
3576
8891
3378
5072
6179
3952
1240
362
4457
453
680
8427
7887
3363
3668
8285
4550
9350
2472
7113
862
5228
2504
8879
5915
6520
9231
4490
395
3948
3472
1696
7799
471
6396
2572
9418
2197
7581
1849
7132
4332
3167
7627
261
2796
5692
8794
2024
2230
6579
3450
8135
273
3047
8096
241
7478
3097
3334
6241
1730
6300
3950
6614
7586
8658
701
3240
3753
4340
9483
4558
2301
7893
2018
4111
4126
3994
5907
2998
3548
7798
8665
5141
4939
8619
4745
1360
7001
6275
5486
5540
2679
6498
8136
3833
4559
2491
9511
2826
4572
6696
8171
8216
1436
1480
8456
7809
826
2931
41
6805
8424
1368
4794
6309
4146
5615
2733
6181
7423
7504
5345
860
3619
6966
9524
9566
417
3731
7032
4001
7939
6531
4724
5710
8375
5785
6173
9858
3070
8671
9032
168
6676
7320
2996
7365
7564
4212
489
6556
4399
2144
5601
3510
2665
7829
5614
703
1645
1914
3441
7135
874
2325
1352
106
3734
1545
3141
791
6910
9685
2017
523
3928
8541
1212
9248
2661
3453
6188
8990
9172
2339
5887
7352
7793
8589
6751
5190
8020
520
8624
9466
2302
9937
4511
9580
7854
228
5154
1569
3409
9420
1975
8420
7261
5867
8073
398
3882
306
4711
5541
5633
158
7033
8913
6455
3408
4780
1435
2638
1735
4009
5515
9107
682
3132
9087
673
4131
2341
3809
5440
7277
8810
5876
8527
9416
4409
6742
7707
4120
1120
2317
1014
7536
4565
1340
9671
1146
6672
3511
1639
6012
9553
3133
4529
4910
8061
1798
5200
7481
774
5443
1046
5771
3413
4932
5531
982
8121
9846
2321
2739
9069
2434
3507
822
9070
1956
249
581
424
7421
6434
679
7281
7050
7692
5430
5962
4345
5559
6753
8161
9140
5935
8841
9514
3119
7141
607
3320
7310
2765
2854
7676
7953
9785
4695
5358
9633
5617
9502
708
6815
4563
2113
7072
9121
2231
9897
5552
8661
3185
5197
8286
8656
9408
5725
8733
3716
6726
7229
7531
2100
2197
8880
9824
4330
1374
3537
4651
883
6224
4380
1003
2781
7325
4384
8699
9550
3122
5091
8986
1234
3171
1563
2196
9686
2521
6352
3945
181
1366
3976
4885
6333
8664
1733
8811
9611
758
7553
991
3648
8574
2928
7173
3627
3666
5320
2374
4815
7463
1783
792
3138
9778
1987
5416
5997
5856
8391
1742
4625
7905
5699
4162
5337
6108
7105
7648
9038
6087
2982
7056
6237
8281
1633
753
944
3106
3662
700
1505
5758
9036
1971
6882
9709
6695
8113
141
8067
9621
4132
3608
4134
1872
5331
1993
2600
4022
1095
9022
7174
3140
7375
9230
7877
8425
9997
6149
928
4536
7532
3436
9049
6439
79
4961
4627
8173
1382
3564
935
6535
9517
353
5412
7255
7539
3873
8753
3687
3728
1638
3711
2218
354
2833
5831
3322
3972
74
7882
9899
5364
9819
5537
435
3208
2233
5040
2611
3367
1830
495
4027
8808
9608
6591
2730
4492
3116
1218
3107
1827
3998
8321
8923
469
9254
3571
9216
4266
6172
146
5640
5477
699
337
3910
8765
4080
6841
9196
3815
5897
7059
2090
154
6128
7865
2186
3372
3359
9763
2629
2143
7706
5222
5609
1761
7158
8740
110
22
702
1288
4648
399
6580
8901
2208
4966
4007
8853
3015
6193
6258
1372
4064
4762
6935
6956
9077
2355
4628
4757
3916
4734
4812
6214
2607
5480
1304
2402
371
6495
4616
9487
2331
2966
7673
913
1101
2899
5597
4138
4882
9877
5453
7116
9696
7982
2873
5241
5655
7346
853
1187
5596
8782
2280
5006
5000
6735
3735
5437
6107
5497
5787
1524
3949
4390
8900
4271
8798
4136
4477
2297
3924
4893
5507
4976
9833
4978
1260
1921
3311
313
2968
7479
8340
2269
7422
7047
847
3705
2405
5253
5195
7343
1129
8822
635
1586
2039
6451
1290
976
7585
368
1258
3327
8371
661
1231
8291
6345
3377
1137
3157
3599
9843
336
2529
131
5589
1805
1998
5112
3747
4771
7722
7980
2672
3451
5461
5946
7652
2475
360
807
1159
5780
6872
6907
7118
4842
7754
411
9553
6094
6630
8390
9726
2617
6704
8121
6385
2416
189
1968
9645
3990
7227
1284
3615
1041
799
210
3891
8593
9598
3280
3505
4980
8622
8859
2788
5137
3170
8165
6861
8019
9571
6886
7530
2781
6494
8480
9119
93
8130
1416
5260
9815
5352
856
2304
7714
9622
2448
5790
798
5483
6218
2381
2385
8262
5677
5317
8035
9316
2216
4741
2725
8868
7230
227
7209
318
2408
8669
3669
8426
8629
2290
4002
6594
1820
2573
9945
9437
465
1832
7813
8348
4050
9973
6156
4546
2462
3144
9330
8867
8178
549
2729
5715
4283
5719
6555
7604
1683
2639
1642
7835
9602
729
877
2707
9572
7926
7544
7969
4820
5645
5978
348
9335
4218
8441
1124
5142
8300
4111
5761
6602
5773
3670
4451
5393
9975
30
9853
4799
7062
8276
2282
7977
1604
2731
9875
532
2962
8873
1271
3467
8400
6785
4169
2294
9190
3226
5422
9526
2960
1684
2844
4938
9676
7332
7559
707
3975
950
2283
8074
2125
6334
4159
6136
8140
2200
4003
7179
2954
8726
5421
903
2628
9080
2223
4965
785
7386
8673
9489
7444
7222
6875
1010
2210
5362
6588
7147
7839
4372
4870
9137
6801
736
4385
6459
1776
169
989
5042
696
6461
8764
24
2616
7397
4350
1700
8772
6484
2155
4785
379
6732
9982
397
1590
957
8654
864
4790
586
2629
2286
5327
5827
8312
6383
567
1380
990
4875
7994
8846
8961
2203
6436
6355
9908
8005
1103
1948
6319
2071
4689
4789
6489
75
4835
2772
4889
6761
8031
1241
8188
3543
4754
5384
7416
762
8792
1422
4468
5530
4020
6814
117
2806
972
5488
2793
8722
6806
2663
1100
7340
5610
5900
6865
6044
7495
4035
380
5961
616
7031
8982
4773
4717
8981
9192
8016
1025
1438
9169
2287
7254
5375
3832
5051
3331
6215
7452
7448
7540
9804
2526
5587
6918
7895
9337
4483
2857
6048
7040
9424
1184
4194
5499
7398
9505
777
4537
5792
1373
1951
4646
7156
1740
4679
365
3552
9072
9217
3900
8623
3365
3394
3804
6703
9295
6894
2234
6017
7789
5171
9631
7759
92
301
2354
1056
3579
778
2068
781
64
570
2089
8410
9586
9599
3504
6137
2262
5167
6455
4416
1784
8687
2342
2535
8122
9307
7076
8405
5402
7185
145
2079
1158
248
1003
6026
4849
7605
9751
5762
3354
4712
8552
7333
4990
9921
7319
3558
8742
7614
9561
3028
6097
6687
6942
7903
9563
6752
5387
8206
5127
56
5647
3457
4186
9040
2459
5754
7991
3027
5337
2623
6564
7889
614
3243
9992
352
2589
7367
181
5927
8057
8933
4644
624
3845
7858
10
2059
192
2509
6229
4171
6182
7368
2882
8876
5166
1889
3536
9786
6829
5394
3846
6469
2239
3987
9955
5130
4363
779
9023
3647
5760
9519
2605
7753
7181
4539
9382
3751
2765
5184
9342
8158
2031
8837
4878
7069
7244
8361
4155
2319
1057
5044
910
1103
2922
52
4568
5133
5300
8349
6804
4406
3218
5229
6479
6370
5986
9538
5231
4797
1308
7479
1828
7990
1681
9593
4617
4702
529
2076
5701
9890
425
7145
1939
8941
6113
7780
9050
1211
2580
3848
4307
9489
70
7364
3601
7958
1894
3553
4713
419
4314
1602
6527
9630
7823
4542
7760
514
7598
8700
6187
288
8633
2621
3463
9292
5113
7402
2446
5657
7216
813
4133
3102
4326
5401
9607
9957
2512
8446
1358
1525
6320
1088
7019
1813
6388
5254
2255
8790
5634
5153
3275
3835
447
5168
1166
7831
9546
7083
4463
2061
1898
4614
5880
7603
1718
5385
7940
4290
5849
7885
8320
4747
7269
7695
570
8859
9582
866
819
9813
311
6863
3249
4970
5390
4149
7856
2439
4658
7861
7338
7339
2145
2217
8904
3269
8984
7881
3079
5908
1659
4030
3168
2990
8773
1729
6117
3905
7359
3806
5921
9320
9397
32
4410
1391
8393
3443
1152
3611
1591
2538
5448
3652
9461
2803
4922
7912
8960
2151
4411
1818
2243
7196
9720
1347
2270
8973
8070
8512
4779
3719
2681
3651
8573
8815
3825
4697
647
3678
2604
3118
5155
2555
2531
3750
2852
4481
8180
17
1931
6375
6146
9658
2802
6074
6370
7573
1674
3210
6684
3890
428
1592
1994
5621
5936
6418
6849
6852
7003
7393
7527
1669
2062
7579
7730
8458
2984
5749
9578
8527
9145
5289
6822
6011
802
8191
3061
7788
6748
1503
8167
9923
7044
7263
8924
7098
4265
9329
3016
6839
9486
560
3393
1403
5561
291
1119
4174
992
2395
5126
6593
8125
9980
4603
4694
7757
1633
3267
4901
5357
5942
7266
8132
1266
238
394
527
7183
7548
7913
1773
7225
657
1577
8597
4496
2698
9369
9718
1291
8357
8497
6256
2498
9936
3683
8215
6608
8017
413
1540
9463
2025
3988
2882
5204
1181
605
6968
4715
8769
9401
3755
3056
5388
7902
9251
573
2110
6158
7571
3657
9857
1096
6648
3553
3885
7542
9029
9240
4315
7601
3305
1647
5294
5890
1331
3942
9239
2520
3739
7153
2836
8186
385
3204
4958
715
4491
4515
7294
8653
1112
3212
4836
165
5838
9809
9085
7789
2959
8260
2064
6415
6518
6802
1885
2033
6614
7006
6195
8758
2153
4304
1135
4052
1911
3104
3572
8745
3338
4034
6057
8322
8380
197
8570
6571
7242
1615
8587
78
7915
6989
359
1265
2964
7353
8086
8214
9567
3625
6489
282
1206
9198
9043
854
1348
2578
6157
6339
5167
6630
9058
9381
262
2597
2999
3644
4920
9065
9083
3699
7207
7929
667
7602
2247
2515
6880
439
3838
5145
3693
8388
2540
8937
8909
1614
3059
3663
5295
1862
4956
4968
6575
5274
400
5995
1337
3816
4547
8449
7324
9479
5975
8983
499
7475
1961
4844
6245
8424
2612
5697
8059
4886
2767
2926
948
3927
8641
2675
4177
8826
2789
7826
7764
3371
4893
6975
8060
8356
4876
9000
6925
4512
4325
8267
9019
5046
965
6509
7827
7828
2109
3333
4429
8319
8645
1522
3428
6539
1276
8649
8652
7963
8109
3921
6677
3083
8919
8051
8435
346
3368
5546
5073
7091
912
4574
4357
9557
1658
6724
7060
9679
4900
9904
494
1280
3351
4191
6403
9310
5407
9507
5417
8205
4412
4170
9115
9258
1385
68
5560
5942
5953
8194
4081
6010
6669
415
3019
2554
2056
4996
6847
9871
7507
9799
401
2686
3480
6096
636
9513
5573
5925
7470
2497
5409
6739
1405
6745
1141
3478
5604
2086
5520
8445
1102
2274
845
484
9383
5640
7819
173
381
4188
1689
1770
7026
2768
1502
1531
879
4372
9176
3873
577
6135
7901
4083
4150
9241
437
3462
9736
2037
4193
2103
98
7646
1387
5678
9520
2666
5661
322
86
9103
9947
0
1622
7173
139
4145
7289
4488
3313
8719
3154
2415
4041
7233
8547
2658
8894
5025
3130
3089
6093
2539
2029
4156
8382
4442
6344
7725
2939
8098
572
4971
6808
1193
1865
8612
4864
297
914
1924
9692
458
7626
9055
3117
9501
4113
9707
2376
7122
2092
968
5791
7886
2455
7948
793
7551
5454
7341
9090
4014
3372
7587
1018
2052
2149
9703
7223
1988
4789
5694
4895
1749
7972
7733
3538
7518
3766
6311
156
7473
3389
5336
5836
8029
374
9042
2368
3978
84
3754
4799
1183
2161
5664
3445
9732
6522
5277
6927
7385
6217
7170
9660
3330
6402
3703
6129
7672
9906
4978
9048
7854
6877
2485
8189
6242
3229
4331
8864
164
6589
7523
531
3689
1678
8646
9131
2516
1957
3094
5236
8009
3392
2660
2878
8616
9678
9495
5243
9267
2871
4513
8406
8679
8650
5348
6058
9606
7097
7412
7414
2392
2608
6433
5736
8075
5517
2102
2693
9482
964
2581
6431
6389
8032
2674
2763
651
2785
6911
6418
9537
4908
5334
7224
2106
2994
8676
9840
4804
5482
8523
9665
9930
4671
5905
4232
9330
1819
6243
1654
3041
9902
3820
1454
8630
8748
1282
8071
8391
254
6192
2257
5543
6545
5069
3682
5170
7782
4074
2096
7370
9044
4510
7605
5547
5519
3164
690
8135
748
7098
5622
244
504
697
3270
5833
2573
4683
5057
4812
5284
623
2481
937
6263
9259
7995
8554
713
1428
5043
6235
9985
7576
9229
5910
8461
4916
650
1758
4555
9868
6778
9201
2327
858
3581
1666
4612
8168
4366
1757
370
1406
5118
1047
4891
4582
6831
2386
7590
9746
2766
5886
6845
9987
6395
1506
4223
1490
6278
9123
8022
1728
2800
8797
3022
8201
430
3592
6199
9411
9017
5515
5102
57
9569
627
2508
5607
6978
8760
7381
805
2965
4772
1319
2394
6413
7805
2436
5373
9286
4415
4441
7667
6034
923
7135
5654
1568
500
5291
8605
6616
3890
9516
2032
5004
9170
9671
2109
3259
6144
4882
5773
6918
5771
3494
90
5268
5759
1607
8828
480
8321
563
5885
7839
436
6551
661
9706
2010
2238
8459
2575
6282
566
1871
5680
9460
388
2805
9558
5398
2260
8956
9386
739
9396
8329
9347
8226
2013
7799
1495
2137
7478
6451
2171
4017
9771
2074
7681
5747
1481
7546
1866
5443
6651
303
8824
2347
1089
477
1064
1610
2428
3319
7543
8282
706
3688
8998
6622
9600
4404
5653
1807
5903
9950
8225
9626
7474
2466
4243
2664
5619
8495
9594
4722
5187
6643
9748
3889
5301
9731
6922
4179
5178
1859
6517
1318
3299
5611
922
8270
3666
116
7855
4297
8334
6671
2162
5639
3973
1697
3060
6189
4160
5043
1270
1589
7726
2431
2406
9433
6991
2235
1429
4128
6730
5028
9965
4400
2653
3192
9093
9349
2195
3971
132
7194
4342
8032
983
1434
3384
9470
8066
5988
6279
8352
904
9066
9370
6664
4902
2179
3895
1147
1229
3146
969
1926
6559
4506
2307
4767
7388
3030
3655
4495
6003
312
5081
6562
5829
2620
5237
9005
1157
4781
9843
1997
2010
3639
8525
3037
2790
3083
7494
4069
7074
2288
2753
9680
4808
3246
6022
1411
2136
5399
1792
6420
8578
9592
2955
5194
6367
1031
1839
7850
5068
6511
9261
459
4763
519
6468
7837
1812
27
1312
3830
5210
1432
8577
4502
9444
9620
750
2499
3668
4483
6519
9716
1837
8532
6534
3578
8988
3415
7957
6306
6792
1938
5234
9096
773
1930
3222
8455
617
5559
342
4942
7692
436
5076
8348
6913
5038
1976
5878
8657
1236
1262
4892
9493
5909
4967
8722
1084
340
6885
2554
6975
1537
2936
3359
6910
1932
9133
842
2991
7964
9893
4454
4006
1285
5861
6429
7959
8043
5341
9629
1725
1688
8972
677
6461
9895
2677
3152
4031
9377
2963
6390
7430
3302
7822
9727
4157
7620
4981
6267
6175
2057
9991
478
3431
7508
1722
1796
8430
802
2576
6623
1823
9581
2343
8028
8192
7624
4070
5491
2180
7634
8984
7177
4021
7184
3526
2308
6540
1234
21
263
5948
7386
7479
270
899
469
5359
8575
9794
2956
215
1136
4277
5823
9637
8879
3029
8609
4263
6652
1840
6279
9252
1299
158
2337
3093
3950
2571
9057
3539
6530
2938
489
8218
4308
4201
1587
1847
5174
8728
5018
1017
3911
122
1734
1895
2757
8713
3349
5054
5650
7712
1639
5586
6988
7844
2124
6997
9756
1071
7
3004
7137
8944
7453
1728
3883
7745
3402
7942
8489
3773
5065
7920
6701
76
1468
1699
4288
9552
2370
759
625
1097
3626
6134
3497
552
4153
916
6740
8196
2123
9792
6409
7009
4192
4884
5516
2732
2352
8254
738
4114
4698
8660
1883
6680
3554
7094
1444
9390
62
828
9714
2835
7967
8841
1256
1455
8483
6301
9426
2168
6202
8462
1394
3854
3561
7820
9104
8001
9418
645
1921
5502
7481
7539
9948
7485
8801
9887
8049
1274
1960
6127
5114
4831
8433
2440
2447
3842
4532
821
4813
2107
2161
8899
6400
4
2879
4988
6064
1603
3434
5416
1714
1933
7069
5264
7971
2009
1230
2771
178
7342
978
155
8567
9700
7309
3290
319
825
7298
2970
2599
3603
4282
8025
1139
4048
3598
5644
6902
7847
4546
3969
5924
7332
8536
590
3125
6799
921
2115
2389
3688
8232
2565
7656
9867
1824
7002
2478
4139
1408
8746
2472
3667
9000
1965
7548
9473
3607
7819
8637
8601
4387
5571
6502
9758
6774
7143
2332
9141
9273
4969
6052
1470
4575
3161
9078
547
3091
9525
4639
7786
1950
4649
6128
8040
8689
2338
6790
640
1295
2482
6708
1958
1542
3413
2477
5169
8033
1704
2841
5666
1344
2225
3281
4264
3818
2523
4601
1608
7284
7439
420
200
2457
5
732
3630
5826
8182
9564
8245
5784
9573
5764
6113
4065
6804
4120
9529
1485
3017
7849
3966
7522
8079
8423
9003
1458
3111
8652
5808
9524
5963
2000
2404
3734
5393
7039
1609
3304
7582
8942
3832
4302
4320
5401
2577
8394
9981
4730
8872
4164
2334
9250
7000
265
4703
4097
343
1995
1501
2425
6354
8145
2827
3731
7661
5554
6088
6406
990
7536
7767
8588
8835
4932
7040
7514
1793
5504
6676
9881
3410
2906
8739
884
9872
342
1507
4156
5077
5442
405
7886
8068
5352
7027
7799
9137
9635
4775
8372
6387
2158
8452
5970
7256
3900
9510
2165
9195
7232
8152
7130
752
3590
6697
8383
9462
1701
3275
8803
5661
6655
6212
1441
5012
5512
6548
9985
7102
5458
6659
8511
4879
571
3458
9340
3256
6547
6369
7853
3333
225
3496
8943
9144
31
3018
5772
3868
9611
7133
6939
8409
3328
3637
5389
1323
5534
7032
5410
6628
5418
