182.9
182.9
182.9
182.9
182.9
182.9
182.9
182.9
182.9
182.9
182.9
182.9
182.9
182.9
182.9
182.9
182.9
183.0
183.0
183.0
183.0
183.0
183.0
183.0
183.0
183.0
183.0
183.0
183.0
183.0
183.0
183.0
183.0
183.0
183.0
183.0
183.0
183.0
183.0
183.0
183.0
183.0
183.0
183.0
183.0
183.0
183.0
183.0
183.0
183.0
183.0
183.0
183.0
183.0
183.0
183.0
183.0
183.0
183.0
183.0
183.0
183.0
183.0
183.0
183.1
183.1
183.1
183.1
183.1
183.1
183.1
183.1
183.1
183.1
183.1
183.1
183.1
183.1
183.2
183.2
183.3
183.3
183.4
183.5
183.5
183.5
183.6
183.6
183.6
183.6
183.6
183.8
183.9
184.0
184.0
184.1
184.1
184.1
184.2
184.6
187.9
188.0
188.0
188.0
188.0
188.0
188.0
188.0
188.0
188.0
188.0
188.0
188.0
188.0
188.0
188.0
188.0
188.0
188.0
188.1
188.1
188.1
188.1
188.1
188.1
188.1
188.1
188.1
188.1
188.1
188.1
188.1
188.1
188.1
188.1
188.1
188.1
188.1
188.1
188.1
188.1
188.1
188.1
188.1
188.1
188.1
188.1
188.1
188.1
188.1
188.1
188.1
188.1
188.1
188.1
188.2
188.2
188.2
188.2
188.2
188.2
188.2
188.2
188.3
188.3
188.3
188.3
188.3
188.3
188.3
188.3
188.3
188.4
188.4
188.4
188.4
188.5
188.5
188.7
188.8
188.9
189.0
189.3
189.5
189.5
189.7
189.8
189.8
189.8
190.1
190.1
190.6
190.9
191.0
191.0
191.0
191.0
191.0
191.0
191.0
191.0
191.0
191.0
191.0
191.0
191.0
191.0
191.0
191.1
191.1
191.1
191.1
191.1
191.1
191.1
191.1
191.1
191.1
191.1
191.1
191.1
191.1
191.1
191.1
191.1
191.1
191.1
191.1
191.1
191.1
191.1
191.1
191.1
191.1
191.2
191.2
191.2
191.2
191.2
191.2
191.2
191.2
191.2
191.2
191.2
191.2
191.2
191.2
191.2
191.2
191.3
191.3
191.3
191.3
191.3
191.3
191.3
191.3
191.3
191.4
191.4
191.4
191.4
191.5
191.5
191.5
191.5
191.5
191.6
191.6
191.6
191.7
191.7
191.7
191.7
191.7
191.9
191.9
192.0
192.0
192.1
192.3
192.5
192.5
192.5
192.7
192.8
192.8
192.8
193.1
193.6
193.9
194.1
194.1
194.2
194.4
194.5
194.7
195.5
198.5
201.6
205.2
206.7
209.4
209.9
210.4
211.2
212.0
212.7
212.8
213.1
213.3
214.4
214.7
214.8
214.9
215.7
215.7
216.2
216.6
216.7
217.3
217.5
217.8
218.1
218.8
218.8
218.8
219.1
219.1
219.2
219.2
219.4
219.5
219.5
219.6
219.6
219.6
219.7
219.7
219.7
219.7
219.7
219.8
219.8
219.8
219.8
219.8
219.8
219.8
219.8
219.8
219.8
219.8
219.8
219.8
219.9
219.9
219.9
219.9
219.9
219.9
219.9
219.9
219.9
219.9
219.9
219.9
219.9
219.9
219.9
219.9
219.9
219.9
219.9
219.9
220.0
220.0
220.0
220.0
220.0
220.0
220.0
220.0
220.0
220.0
220.0
220.0
220.1
220.1
220.1
220.1
220.1
220.1
220.2
220.3
220.7
220.8
220.9
222.8
223.9
224.0
225.0
225.4
225.5
225.5
225.9
226.0
226.1
226.2
226.9
227.5
227.5
227.7
227.7
227.8
228.3
228.7
229.7
229.9
230.2
230.4
230.4
231.2
231.4
231.5
232.9
232.9
233.4
233.5
233.5
233.7
235.7
235.7
236.4
236.6
238.1
238.2
238.7
241.4
243.0
243.5
244.8
247.9
251.3
256.5
257.3
271.9
351.1
351.1
351.1
351.1
351.1
351.1
351.1
351.1
351.1
351.1
351.2
351.2
351.2
351.2
351.2
351.2
351.2
351.2
351.2
351.2
351.2
351.2
351.2
351.2
351.2
351.2
351.2
351.2
351.2
351.2
351.2
351.2
351.2
351.2
351.2
351.2
351.2
351.2
351.2
351.2
351.2
351.2
351.2
351.2
351.2
351.2
351.2
351.2
351.2
351.2
351.2
351.2
351.2
351.2
351.2
351.2
351.2
351.2
351.2
351.2
351.2
351.3
351.3
351.3
351.3
351.3
351.3
351.3
351.3
351.3
351.3
351.3
351.3
351.3
351.3
351.3
351.4
351.4
351.5
351.5
351.5
351.6
351.7
351.8
351.8
351.8
351.9
351.9
351.9
352.0
352.0
352.2
352.3
352.4
352.4
352.5
352.6
352.6
352.8
353.2
356.6
356.6
356.6
356.6
356.7
356.7
356.7
356.7
356.7
356.7
356.7
356.7
356.7
356.7
356.7
356.7
356.7
356.7
356.7
356.7
356.7
356.7
356.7
356.7
356.7
356.7
356.8
356.8
356.8
356.8
356.8
356.8
356.8
356.8
356.8
356.8
356.8
356.8
356.8
356.8
356.9
356.9
356.9
356.9
356.9
356.9
356.9
356.9
356.9
356.9
356.9
356.9
356.9
356.9
356.9
356.9
356.9
356.9
356.9
356.9
357.0
357.0
357.0
357.0
357.1
357.1
357.1
357.1
357.1
357.1
357.1
357.2
357.2
357.2
357.2
357.2
357.3
357.4
357.6
357.7
357.8
357.9
358.3
358.5
358.5
358.7
358.8
358.8
358.8
359.1
359.1
359.7
360.0
360.3
360.3
360.5
360.8
360.9
361.1
363.2
363.8
363.9
363.9
364.0
364.0
364.0
364.0
364.0
364.0
364.0
364.1
364.1
364.1
364.1
364.1
364.1
364.1
364.1
364.1
364.1
364.1
364.2
364.2
364.2
364.2
364.2
364.2
364.2
364.2
364.2
364.2
364.2
364.2
364.3
364.3
364.3
364.3
364.3
364.3
364.3
364.4
364.4
364.4
364.4
364.4
364.4
364.4
364.4
364.5
364.5
364.5
364.5
364.5
364.5
364.5
364.6
364.6
364.6
364.6
364.6
364.8
364.8
364.8
364.9
364.9
365.0
365.2
365.3
365.3
365.3
365.3
365.3
365.4
365.5
365.6
365.6
365.6
365.6
365.7
365.7
365.8
365.8
366.1
366.1
366.4
366.6
367.1
367.7
367.8
368.0
368.0
368.0
368.2
368.3
368.4
368.6
368.7
368.7
368.8
368.8
368.9
369.0
369.1
369.1
369.1
369.2
369.4
369.8
370.2
370.7
370.8
371.0
371.0
371.0
371.2
371.7
371.7
371.8
371.9
371.9
372.0
372.2
372.3
372.5
373.2
374.1
374.2
374.7
374.7
374.8
375.0
375.0
375.2
375.6
375.6
375.8
377.0
377.5
378.0
378.0
378.3
378.3
378.4
378.5
378.7
379.3
379.6
379.6
380.3
381.3
381.7
381.9
382.3
382.5
382.6
382.8
382.8
382.9
383.3
383.3
383.4
383.6
383.7
383.8
384.1
384.2
384.3
384.3
384.9
386.7
386.7
386.9
387.2
387.8
388.0
388.2
388.3
388.5
388.6
388.8
388.8
389.1
389.6
389.8
389.9
390.0
390.1
390.4
390.6
390.8
391.1
391.2
391.2
391.6
393.5
394.6
394.9
395.1
395.1
395.7
395.8
395.8
395.9
396.0
396.1
396.2
396.3
396.9
397.0
397.3
397.6
397.6
397.7
397.9
398.3
398.6
398.6
398.9
399.1
399.3
399.3
399.3
399.6
399.9
399.9
399.9
400.1
400.2
400.3
400.4
400.4
400.4
400.5
400.6
400.8
401.1
401.8
402.8
402.8
403.0
403.3
403.4
403.5
403.5
403.8
403.9
404.2
404.3
404.3
404.4
404.6
404.9
404.9
404.9
405.3
405.3
405.5
405.8
406.1
406.5
406.5
408.2
408.8
409.0
409.2
409.3
409.5
410.2
410.2
410.6
410.6
410.7
410.8
411.0
411.7
411.9
412.3
414.8
415.2
415.4
416.4
417.1
420.2
424.9
425.4
509.2
509.2
509.2
509.2
509.2
509.2
509.2
509.2
509.2
509.2
509.2
509.2
509.2
509.2
509.2
509.3
509.3
509.3
509.3
509.3
509.3
509.3
509.3
509.3
509.3
509.3
509.3
509.3
509.3
509.3
509.3
509.3
509.3
509.3
509.3
509.3
509.3
509.3
509.3
509.3
509.3
509.3
509.3
509.3
509.3
509.3
509.3
509.3
509.3
509.3
509.3
509.3
509.3
509.3
509.3
509.3
509.3
509.3
509.3
509.3
509.3
509.3
509.3
509.3
509.3
509.4
509.4
509.4
509.4
509.4
509.4
509.4
509.4
509.4
509.4
509.4
509.4
509.5
509.5
509.5
509.6
509.6
509.7
509.8
509.8
509.9
509.9
509.9
509.9
510.0
510.0
510.2
510.3
510.4
510.4
510.6
510.6
510.6
510.7
511.2
514.4
514.4
514.5
514.5
514.5
514.5
514.5
514.5
514.5
514.5
514.5
514.5
514.5
514.5
514.5
514.5
514.6
514.6
514.6
514.6
514.6
514.6
514.6
514.6
514.6
514.6
514.6
514.6
514.6
514.6
514.6
514.6
514.6
514.6
514.6
514.7
514.7
514.7
514.7
514.7
514.7
514.7
514.7
514.7
514.7
514.7
514.7
514.7
514.7
514.7
514.8
514.8
514.8
514.8
514.8
514.8
514.8
514.8
514.8
514.8
514.8
514.8
514.9
514.9
514.9
514.9
514.9
514.9
514.9
514.9
514.9
515.0
515.0
515.0
515.0
515.0
515.1
515.2
515.4
515.6
515.6
515.7
516.1
516.3
516.3
516.5
516.6
516.6
516.7
516.8
516.9
517.5
517.7
517.9
518.0
518.2
518.5
518.5
518.7
520.5
521.1
521.2
521.2
521.3
521.3
521.3
521.3
521.3
521.3
521.4
521.4
521.4
521.4
521.4
521.4
521.4
521.4
521.5
521.5
521.5
521.5
521.5
521.5
521.5
521.5
521.5
521.5
521.5
521.5
521.5
521.5
521.5
521.6
521.6
521.6
521.6
521.6
521.6
521.6
521.6
521.6
521.6
521.6
521.6
521.6
521.7
521.7
521.7
521.7
521.8
521.8
521.8
521.9
521.9
521.9
521.9
521.9
521.9
522.0
522.1
522.1
522.1
522.1
522.2
522.2
522.3
522.5
522.5
522.5
522.6
522.6
522.6
522.7
522.7
522.8
522.8
522.8
522.8
522.9
523.0
523.1
523.1
523.2
523.5
523.6
523.9
524.3
524.8
524.9
525.0
525.0
525.0
525.2
525.5
525.6
525.6
525.7
525.8
525.9
526.0
526.1
526.2
526.5
526.5
526.9
527.8
527.9
528.0
528.0
528.0
528.2
528.5
528.6
528.6
528.7
528.8
528.9
529.5
529.9
530.0
531.5
531.6
531.6
531.7
531.8
532.0
532.5
533.5
533.5
534.5
534.6
534.6
534.7
535.1
535.1
535.3
535.9
537.4
537.5
537.7
538.1
538.2
538.4
538.4
538.7
539.0
539.2
540.1
540.3
541.8
541.8
542.4
542.5
542.6
542.6
542.9
543.0
543.1
543.5
543.7
543.7
543.9
544.0
544.2
544.4
544.7
544.8
545.0
545.9
547.7
547.9
547.9
548.5
549.3
549.5
550.0
550.0
550.0
550.1
550.1
550.2
550.2
550.3
550.6
550.7
551.6
551.7
551.9
552.0
552.2
552.9
553.0
553.1
553.1
554.5
556.7
557.1
557.2
557.5
557.5
557.7
557.7
557.8
557.9
557.9
558.0
558.1
558.1
558.2
558.2
558.6
558.6
558.7
558.7
558.8
558.9
559.1
559.1
559.3
559.6
559.7
559.8
559.9
560.0
560.1
560.1
560.2
560.5
560.5
560.8
560.8
561.0
561.1
561.1
561.4
561.4
561.4
561.5
561.5
561.8
562.0
562.1
562.3
562.4
562.4
562.5
562.6
562.8
562.8
562.9
562.9
562.9
563.3
563.9
564.1
564.2
564.2
564.9
565.5
565.6
565.8
565.9
565.9
566.4
566.8
567.0
568.7
568.7
569.4
570.6
570.7
571.1
572.9
575.2
577.1
579.0
667.1
667.1
667.1
667.1
667.1
667.1
667.1
667.1
667.1
667.1
667.1
667.1
667.1
667.1
667.1
667.1
667.1
667.1
667.1
667.1
667.1
667.1
667.1
667.1
667.1
667.1
667.1
667.1
667.1
667.1
667.1
667.2
667.2
667.2
667.2
667.2
667.2
667.2
667.2
667.2
667.2
667.2
667.2
667.2
667.2
667.2
667.2
667.2
667.2
667.2
667.2
667.2
667.2
667.2
667.2
667.2
667.2
667.2
667.2
667.2
667.3
667.3
667.3
667.3
667.3
667.3
667.3
667.3
667.3
667.3
667.4
667.4
667.4
667.4
667.4
667.4
667.5
667.5
667.6
667.6
667.6
667.7
667.8
667.9
667.9
668.0
668.0
668.0
668.1
668.1
668.1
668.3
668.5
668.6
668.6
668.7
668.7
668.8
668.9
669.4
672.1
672.2
672.2
672.2
672.2
672.2
672.2
672.2
672.2
672.2
672.2
672.2
672.2
672.2
672.3
672.3
672.3
672.3
672.3
672.3
672.3
672.3
672.3
672.3
672.3
672.3
672.3
672.3
672.3
672.3
672.3
672.3
672.4
672.4
672.4
672.4
672.4
672.4
672.4
672.4
672.4
672.4
672.4
672.4
672.4
672.4
672.4
672.5
672.5
672.5
672.5
672.5
672.5
672.5
672.5
672.5
672.5
672.5
672.5
672.5
672.5
672.6
672.6
672.6
672.7
672.7
672.7
672.8
672.8
672.9
672.9
672.9
672.9
672.9
672.9
672.9
673.1
673.3
673.5
673.7
673.7
673.8
674.4
674.5
674.6
674.8
674.9
674.9
675.0
675.1
675.1
675.8
676.1
676.4
676.4
676.6
677.0
677.0
677.2
678.5
678.5
678.5
678.6
678.6
678.6
678.6
678.6
678.6
678.6
678.6
678.7
678.7
678.7
678.7
678.7
678.7
678.7
678.7
678.7
678.7
678.7
678.7
678.7
678.8
678.8
678.8
678.8
678.8
678.8
678.8
678.8
678.8
678.9
678.9
678.9
678.9
678.9
678.9
679.0
679.0
679.0
679.0
679.0
679.0
679.0
679.0
679.0
679.0
679.0
679.1
679.1
679.1
679.1
679.1
679.1
679.1
679.2
679.2
679.2
679.2
679.3
679.3
679.4
679.7
679.8
679.8
679.9
679.9
679.9
680.0
680.0
680.1
680.2
680.3
680.4
680.4
680.5
680.5
680.6
680.8
680.9
681.0
681.1
681.2
681.5
681.8
682.1
682.5
682.6
682.9
682.9
682.9
683.2
683.5
683.6
683.8
683.8
683.9
684.0
684.0
684.0
684.1
684.2
684.2
684.4
684.5
684.5
684.8
685.3
685.4
685.5
685.6
685.9
685.9
685.9
686.2
686.8
687.0
687.0
687.1
687.1
687.3
687.6
687.6
687.8
688.7
688.9
689.2
689.6
690.0
690.0
690.2
690.3
690.4
690.6
691.1
691.1
691.4
692.2
692.8
692.9
693.5
693.6
693.9
694.0
694.1
694.3
694.4
694.9
695.0
695.1
695.1
695.4
695.5
695.7
697.0
697.7
697.8
698.1
698.1
698.3
698.5
698.6
698.9
699.0
699.0
699.1
699.2
699.2
699.8
700.1
700.3
700.3
700.6
701.0
701.7
702.7
703.4
703.4
703.9
704.9
704.9
705.0
705.3
705.4
705.5
705.5
705.7
706.5
706.5
706.8
707.5
707.7
707.8
708.3
708.8
709.0
709.5
710.1
710.2
710.7
711.2
711.3
711.7
712.1
712.2
712.9
712.9
713.1
713.1
713.4
713.7
713.8
714.1
714.2
714.2
714.2
714.3
714.4
714.5
714.5
714.5
714.6
714.7
714.7
714.8
714.8
714.9
714.9
714.9
715.1
715.3
715.4
715.6
716.2
716.4
716.4
716.5
716.5
716.6
716.7
717.3
717.6
717.7
717.8
718.0
718.0
718.1
718.9
719.5
719.7
719.9
720.0
720.2
720.6
720.8
721.7
722.5
722.6
722.9
723.4
724.9
725.0
725.4
725.5
726.0
726.0
727.4
729.0
730.0
731.5
732.1
742.7
826.1
826.1
826.1
826.1
826.1
826.1
826.1
826.1
826.1
826.1
826.1
826.1
826.1
826.1
826.1
826.1
826.1
826.1
826.1
826.1
826.1
826.1
826.1
826.1
826.1
826.1
826.1
826.1
826.1
826.1
826.1
826.1
826.1
826.1
826.1
826.1
826.1
826.1
826.1
826.1
826.1
826.1
826.1
826.1
826.1
826.1
826.1
826.1
826.1
826.1
826.1
826.1
826.1
826.1
826.1
826.1
826.1
826.1
826.2
826.2
826.2
826.2
826.2
826.2
826.2
826.2
826.2
826.2
826.2
826.2
826.2
826.2
826.2
826.2
826.2
826.2
826.2
826.2
826.2
826.3
826.4
826.4
826.4
826.5
826.5
826.6
826.6
826.6
826.6
826.7
826.8
827.0
827.0
827.0
827.0
827.2
827.2
827.3
827.3
827.8
831.2
831.2
831.2
831.3
831.3
831.3
831.3
831.3
831.3
831.3
831.3
831.3
831.3
831.3
831.3
831.3
831.3
831.3
831.3
831.3
831.4
831.4
831.4
831.4
831.4
831.4
831.4
831.4
831.4
831.4
831.4
831.4
831.4
831.4
831.4
831.4
831.4
831.4
831.4
831.5
831.5
831.5
831.5
831.5
831.5
831.5
831.5
831.5
831.5
831.5
831.5
831.5
831.5
831.5
831.5
831.5
831.5
831.5
831.5
831.5
831.5
831.5
831.5
831.5
831.6
831.6
831.6
831.6
831.6
831.6
831.6
831.6
831.6
831.6
831.6
831.6
831.6
831.6
832.0
832.0
832.2
832.3
832.5
832.7
832.9
833.0
833.0
833.0
833.3
833.3
833.5
834.1
834.1
834.4
834.4
834.6
834.9
835.1
835.1
836.7
837.7
837.7
837.8
837.8
837.8
837.8
837.9
837.9
837.9
837.9
837.9
837.9
837.9
837.9
838.0
838.0
838.0
838.0
838.0
838.0
838.0
838.0
838.0
838.1
838.1
838.1
838.1
838.1
838.1
838.1
838.1
838.1
838.1
838.1
838.1
838.1
838.1
838.1
838.1
838.1
838.2
838.2
838.2
838.2
838.2
838.2
838.2
838.2
838.3
838.3
838.3
838.3
838.3
838.4
838.4
838.4
838.4
838.4
838.4
838.4
838.4
838.4
838.5
838.5
838.5
838.5
838.5
838.6
838.6
838.6
838.6
838.6
838.7
838.7
838.7
838.7
838.8
839.0
839.2
839.3
839.3
839.5
839.6
839.6
839.6
839.8
840.0
840.1
840.2
840.2
840.2
840.2
840.3
840.5
840.6
840.6
840.6
840.7
840.7
841.2
842.6
842.6
842.8
843.2
843.5
843.6
843.6
843.6
843.7
843.7
844.3
846.2
846.7
847.5
849.3
849.5
849.7
851.0
851.8
852.5
852.9
852.9
853.0
854.6
855.3
855.7
855.7
856.1
856.2
856.3
857.1
857.4
857.6
857.6
858.5
858.6
858.9
860.6
860.7
860.7
861.1
861.5
861.6
861.6
861.7
862.0
862.5
862.6
862.8
862.9
863.6
864.2
864.2
865.1
865.1
865.7
866.3
866.8
867.5
867.5
868.9
869.3
869.9
870.3
870.8
871.0
872.9
873.0
873.2
873.4
873.5
873.5
873.6
873.7
873.7
873.9
873.9
874.0
874.2
874.4
874.5
874.5
874.5
874.7
874.7
874.7
874.7
874.8
874.9
875.0
875.1
875.1
875.1
875.2
875.2
875.3
875.3
875.3
875.3
875.3
875.4
875.4
875.4
875.5
875.5
875.5
875.6
875.7
875.7
875.7
875.7
875.7
875.8
875.9
875.9
875.9
876.0
876.1
876.1
876.1
876.1
876.2
876.2
876.2
876.3
876.3
876.3
876.5
876.6
876.7
876.9
876.9
877.1
877.1
877.3
877.5
877.7
877.7
877.8
877.9
877.9
878.0
878.0
878.5
878.5
878.6
878.6
883.9
883.9
984.9
984.9
984.9
984.9
984.9
984.9
984.9
984.9
984.9
984.9
985.0
985.0
985.0
985.0
985.0
985.0
985.0
985.0
985.0
985.0
985.0
985.0
985.0
985.0
985.0
985.0
985.0
985.0
985.0
985.0
985.0
985.0
985.0
985.0
985.0
985.0
985.0
985.0
985.0
985.0
985.0
985.0
985.0
985.0
985.0
985.0
985.0
985.0
985.0
985.0
985.0
985.0
985.0
985.0
985.0
985.0
985.0
985.0
985.0
985.0
985.0
985.1
985.1
985.1
985.1
985.1
985.1
985.1
985.1
985.1
985.1
985.1
985.1
985.1
985.1
985.1
985.2
985.2
985.3
985.3
985.3
985.4
985.5
985.6
985.6
985.6
985.7
985.7
985.7
985.8
985.8
986.0
986.2
986.3
986.3
986.4
986.4
986.4
986.6
987.1
990.3
990.3
990.4
990.4
990.4
990.4
990.4
990.4
990.4
990.4
990.4
990.4
990.4
990.5
990.5
990.5
990.5
990.5
990.5
990.5
990.5
990.5
990.5
990.5
990.5
990.5
990.5
990.5
990.5
990.5
990.6
990.6
990.6
990.6
990.6
990.6
990.6
990.6
990.6
990.6
990.6
990.6
990.6
990.6
990.6
990.6
990.6
990.6
990.6
990.7
990.7
990.7
990.7
990.7
990.7
990.7
990.7
990.7
990.7
990.7
990.7
990.7
990.7
990.8
990.8
990.8
990.9
990.9
990.9
990.9
990.9
990.9
991.0
991.0
991.0
991.0
991.1
991.2
991.5
991.6
991.6
991.8
992.3
992.5
992.5
992.7
992.8
992.9
992.9
993.1
993.1
993.8
994.1
994.4
994.4
994.7
995.0
995.0
995.3
997.2
997.3
997.4
997.4
997.5
997.5
997.5
997.5
997.5
997.5
997.5
997.5
997.6
997.6
997.6
997.6
997.6
997.6
997.6
997.6
997.6
997.6
997.6
997.6
997.6
997.7
997.7
997.7
997.7
997.7
997.7
997.7
997.7
997.7
997.7
997.8
997.8
997.8
997.8
997.8
997.8
997.8
997.9
997.9
997.9
997.9
997.9
997.9
997.9
997.9
998.0
998.0
998.0
998.0
998.0
998.0
998.0
998.1
998.1
998.1
998.1
998.2
998.2
998.3
998.5
998.5
998.7
998.7
998.7
998.8
998.8
998.8
998.8
998.9
999.0
999.1
999.1
999.3
999.7
