5507
3747
2836
3603
850
1064
0
1111
1171
1198
3766
4215
6542
2698
2728
5761
7392
298
5351
5618
6047
8914
9060
9458
2765
7079
3349
5020
299
794
3484
23
726
976
6191
8642
9201
9788
127
1862
3764
8917
951
1388
3004
3684
7940
613
4063
8565
8969
4548
4620
8207
9009
832
5119
5916
1679
4763
7700
8209
1046
3659
5159
518
3536
5378
5927
6607
8100
6048
1172
5840
6108
8716
8839
233
1755
1885
3793
7168
813
3428
4815
7725
8731
4400
5693
9949
2966
3410
4979
7218
521
1238
2034
2318
3472
5426
6232
8442
721
3631
4487
5572
5985
7651
8121
2433
2990
3528
3943
4113
4372
4588
7629
3113
3575
4826
5255
8645
8804
9373
433
2153
3799
4824
5220
5250
5834
9047
9290
1288
4617
4659
4757
8450
9460
339
3980
4094
5207
5208
5748
5805
8043
9526
268
328
2128
3170
4027
4912
5438
6574
6813
8841
9313
1115
1777
2914
3180
5933
5951
7020
8325
8690
8859
8864
37
378
1791
3408
4674
6969
7034
7268
7372
8479
8899
9077
9871
586
2061
2074
2748
2861
3038
3249
6589
6957
7129
8465
9895
1093
1504
2973
3271
3380
5120
6385
6899
7213
7482
8391
8778
1131
1550
2658
3020
3233
4173
6518
6526
7380
1768
1966
5699
5936
7642
7952
8055
9502
1110
1592
3017
4842
5867
6665
7162
8677
58
227
495
598
2195
4417
5041
6259
6294
6888
6972
8661
8683
8925
9263
828
971
1271
1326
1484
2152
3710
5598
5793
7819
8062
8190
9162
9751
443
1182
1818
2685
3618
4956
6091
7672
7970
8291
9902
835
865
1570
1838
2321
2665
2720
4554
5124
5633
6141
6764
7884
8625
9589
259
1410
3155
5853
6605
6855
8077
8660
8806
583
1401
5743
1129
2670
2827
4290
4329
4409
5425
5960
7158
7193
8139
8998
3624
4449
4713
4895
6089
6329
6676
7040
8830
9261
9486
429
1446
3288
4354
4582
5675
5955
6004
6410
6861
7126
9437
9684
501
1466
1498
1514
1719
2741
2956
4301
4427
4632
5239
5437
5735
5924
6173
6403
8954
9358
9906
879
5158
7010
7620
8393
9388
218
1529
2024
3045
4147
5203
5336
7999
8580
9444
9467
326
2376
3471
4035
4340
4429
5575
5779
6359
8189
8392
1609
3540
3894
4307
4492
6143
7365
7468
7508
8158
8170
8243
8785
9360
263
834
1434
1980
2503
3967
4748
5375
5478
6965
8685
8849
60
1690
2056
3434
3602
3716
5484
6531
6675
7501
8871
9553
302
3205
3876
3963
4903
5595
6277
6744
7012
7024
8052
8762
9325
9438
1413
2112
3600
5081
5676
6909
7026
7935
9315
9687
1947
2437
4737
5894
6617
6754
7132
7742
8437
8674
205
288
550
821
1347
1826
6669
7495
7895
8424
8515
8791
68
284
572
1963
2027
2245
6200
9969
785
2877
3936
4122
4165
5318
6040
6272
6290
6339
6368
6774
7156
8606
9022
9434
9551
257
1216
1942
2586
2673
2907
3286
3505
4065
4104
4439
5383
5774
6255
6398
6770
7228
7737
9919
9961
379
625
3058
3245
3850
4108
4673
4949
5729
6582
1569
1597
3323
3693
4182
5123
6058
6873
8215
492
1639
2939
3816
4003
4537
6476
7459
9007
941
3846
4179
5325
6751
8587
8938
9726
343
1475
2767
2843
3206
3638
4650
4851
8577
9414
9964
1515
2151
2164
3591
4163
6131
8561
9168
9856
9910
817
3787
3790
3949
4114
4709
5006
5879
6408
7318
424
623
804
900
1737
3530
4590
5238
5352
6029
6591
6876
7233
7381
7529
7556
9093
9121
9218
9343
9409
738
2895
2949
3280
3607
4062
5272
5454
5715
6147
6161
6869
7291
8700
8820
9475
9930
111
903
3565
5732
5931
6849
9215
217
342
667
1941
2462
3149
3325
3828
4239
4571
5369
7052
7614
8584
8834
9097
9108
487
1191
1321
2220
2994
3762
5146
5151
5947
6680
7013
7305
8045
8733
1855
4043
4888
5607
8304
9424
9606
9887
646
1161
2322
3059
3189
3298
4295
4933
5855
6443
6924
9068
1028
2218
2360
2481
3389
4031
4616
5214
5525
7206
9677
1169
1672
1928
4367
4503
4615
5804
6954
7983
8315
252
1349
2057
2282
4067
4097
5828
6050
6383
6423
6616
7515
7751
119
274
384
1800
2451
3504
5297
5302
5845
6364
6689
6945
7734
7883
8021
8922
9283
81
1469
2182
2424
2898
3194
4939
6532
7458
7461
7879
9545
334
1130
1173
1903
2928
2942
4178
6887
6935
8216
8984
1159
1752
2187
2520
2652
4308
5085
6753
7455
7995
8017
8948
9149
9669
1428
1926
2394
2463
3485
6076
6442
6787
7572
7851
9101
9565
9591
9862
1193
2105
2270
3216
3385
4106
4645
5154
7611
8165
8413
8691
9903
1071
1443
1459
1762
2082
4136
4610
5627
6380
7309
7341
7681
8319
9815
1908
1917
2093
3817
3990
4074
4828
5244
6585
6790
7421
8759
9158
9210
290
3563
3609
4940
4999
5249
5958
6782
7175
7722
7838
8963
165
451
489
801
2568
4221
6150
7559
8988
30
591
1166
1544
2420
2803
2852
3109
3760
4434
6256
6409
2280
2681
2753
4796
5206
6127
8108
8622
9427
296
1002
1109
3360
3658
4044
4936
5311
6415
6637
7930
193
1337
2951
4995
5503
5767
5912
5976
7703
7840
8120
8511
839
940
988
2307
3358
3998
4512
4817
6331
7090
7191
9142
9464
2865
6094
6146
7348
8199
8735
9420
164
398
1143
1824
1906
2714
3677
4530
4964
5482
6715
6810
7467
8030
8110
504
882
3835
4990
5177
5848
6922
8822
9032
9115
9720
145
315
3297
3481
3886
3895
4060
4941
6276
8626
8750
9140
396
989
2458
2796
3050
3133
3788
3814
4899
4930
5058
6422
7307
8099
8105
8910
8958
9772
9974
1070
3075
3088
5733
5939
6032
7532
8911
35
1702
3450
5700
6458
8727
8812
9755
254
277
355
1455
1614
2109
4029
4698
5899
7149
8201
8850
1323
1335
1533
1658
3215
3688
5205
6372
6520
6528
7415
8197
9074
9394
798
2699
3877
4553
5088
6120
6736
6737
7202
694
1080
2297
2327
2682
2818
3353
3492
3519
3806
4269
5907
7323
7488
9271
9520
9907
258
469
814
1870
3272
4902
4965
6125
7220
7229
8368
9064
9491
9579
465
984
2286
2576
3242
4426
4761
5113
5492
6973
7570
8317
8399
8576
3021
4336
4806
5165
5279
5331
6928
7125
7581
9005
841
1319
3350
3700
3832
3932
6762
7155
7562
8036
9814
149
505
568
575
1781
3187
3285
5242
5587
5682
6211
6447
7232
7550
8103
8654
9262
393
946
2041
2569
2809
3467
3571
4586
6033
8070
8538
8653
8772
8798
8933
9763
533
1647
2793
2962
3095
3626
4283
5033
5775
6515
7517
7708
9000
9019
8
144
3123
3268
4628
4666
5569
8254
8838
8960
9849
2143
2236
3277
6005
6933
7038
7860
8051
8815
536
681
1402
1724
3455
3742
4131
5944
6399
6950
7500
7857
9122
9331
9597
1605
2823
3152
5796
6129
8551
9824
71
1468
1914
2894
3597
4468
5686
6225
6464
9264
9429
886
1717
2104
2352
2975
4036
4353
4498
5821
6391
6601
7304
7859
8501
9417
337
1945
2797
3616
4058
4083
4302
6448
6454
6509
7583
7609
7633
7685
7805
182
1733
1840
4145
4217
4801
5186
5724
6958
7990
8718
9874
1265
1305
1689
2372
3052
3413
4393
6051
6431
7892
8643
8953
9038
9495
9555
992
1231
1549
2026
2347
2450
3238
3805
5414
6198
6221
6966
7424
9296
9645
524
1328
1374
2048
5563
5641
9456
9886
475
1018
1622
1861
1961
2357
2585
3931
3933
4646
6673
9952
444
1776
3890
5788
6434
9529
9780
864
2063
2230
3562
4279
4704
6238
7441
8710
8774
129
1220
1801
1881
1959
2014
3331
4700
6724
8084
8281
9034
9123
9481
59
753
919
1241
4022
4366
4463
6020
7382
243
985
1865
1888
3363
4483
5534
5652
6007
7181
8079
8553
8990
1214
1681
2637
3411
5308
6823
7437
7922
1783
1809
2015
2369
3168
3235
3379
4574
5628
7436
8667
110
143
508
723
2417
2486
2660
4144
5109
5629
6484
8341
9242
934
2536
2842
2918
3299
3883
4348
5651
6572
9336
9480
9523
395
716
1316
1350
2623
3981
4141
7676
8878
135
2075
2768
3178
5637
6600
8760
9029
9522
9634
9729
2457
2718
2721
3185
3494
3712
6070
6720
6826
7136
8181
9273
1027
1555
2881
4009
4482
5328
5643
5993
8344
8527
8880
9010
1344
2194
2337
2379
2468
2825
4717
5099
5112
5280
5847
7979
9528
370
991
1250
1847
3605
3954
5045
8403
8579
8692
186
2747
2757
4865
4920
5948
7189
7209
7360
8250
8881
9661
2499
3190
3718
8038
9260
1371
2835
3702
4007
6919
9506
1178
2540
2695
2722
3191
3478
5134
5754
6894
8042
9196
9531
2746
3465
4318
6343
6804
7271
8741
9552
990
1354
2097
2507
4271
6361
7051
8011
8702
9184
478
1252
1340
2350
2410
3669
4720
5043
5696
6053
6153
7320
8160
8474
8631
8739
8943
1295
3115
5709
5870
6967
7477
8763
452
2944
3161
3388
4206
4337
6641
6781
668
3119
3556
4881
5444
5842
6135
7627
8662
33
1059
2805
4361
6648
6712
6834
6868
8924
26
947
1692
2812
4898
5226
5548
6483
8730
96
902
1909
2073
4208
5211
6469
8106
8345
8448
278
1333
1706
1937
2405
3151
3533
3821
3928
5054
5086
6318
7721
7963
9044
242
557
1148
1535
2141
2494
3156
3175
3395
7713
810
2320
4000
5852
7873
9839
728
1744
2255
3778
4244
4540
5915
2317
2407
4034
7280
9636
1242
3431
4205
7004
7092
7223
7251
7328
7683
9866
822
2624
4910
6666
7720
7816
9989
1034
1694
2388
3112
5654
6714
245
685
2012
4887
1225
2643
3136
3183
3531
6489
6674
8537
1057
3635
3820
4445
6022
6285
6735
7244
7617
9742
1049
1883
2453
2927
5841
7664
8406
374
1646
1682
2579
2628
2705
3809
5614
6092
6732
8414
1676
3751
3898
4485
6446
7187
7434
9953
9956
2439
3024
6926
7825
8586
9637
975
1062
1905
3337
3366
5153
6487
7284
8784
9157
9226
9435
62
929
1311
1534
1616
3289
4583
4977
5893
6075
6708
8330
9100
9642
21
327
380
931
1408
2336
2594
2761
3056
6000
8354
8484
9680
159
796
1907
3009
3066
4915
6841
7682
7808
2565
2909
4455
4993
5364
7173
7730
9230
9244
9590
9884
1320
1448
3031
3969
5588
7728
7759
9718
892
1315
2095
2646
3501
3586
3784
4229
6847
7845
360
1998
2188
3373
3732
6436
6982
7390
9488
497
881
1419
1444
4171
4935
7886
8852
8855
722
1217
1277
2390
2965
3126
4077
4079
4776
5332
5849
7106
7733
1808
2531
5510
6530
6579
6618
7484
8353
8371
8467
8862
9761
9865
1491
2121
3577
3845
5213
7075
7533
8159
8305
8865
9745
341
2663
3209
7122
8022
8670
8981
463
642
655
998
1464
3708
7649
7796
8067
8238
8347
8573
195
1127
1157
1799
3057
6393
7595
8851
126
177
891
1638
1722
2566
3226
3392
5649
5825
1645
2633
4369
5209
5571
6473
6635
9934
1007
1324
9656
851
2523
3222
3613
6237
6622
8783
9793
621
4693
5343
7001
9314
9342
9963
51
683
690
2959
4373
5871
2086
2537
3972
4660
4820
5401
5717
6722
9483
9518
9898
9923
9967
1209
1532
1703
2009
2528
3228
3822
4594
5028
5552
6467
6692
7027
8416
9147
280
486
614
2399
5417
5422
6102
6516
6696
7457
7994
8328
8729
9442
9515
1291
3067
3648
4497
4656
4857
139
397
1035
1065
1207
1698
1769
2672
3851
4581
4885
5922
6893
7045
8374
9268
9904
1029
1860
1886
2414
3506
4255
5066
5765
5827
9461
9717
408
1441
2703
4250
4379
5027
6163
8503
8860
8941
2330
3697
4385
4971
7112
8468
8744
351
1154
3079
4486
6425
9411
3034
5079
5180
6142
7286
8884
2231
2278
3039
3319
4578
4653
4695
6527
7005
7776
9182
9743
9971
1020
1303
2806
2950
3462
3965
8832
1120
4360
6239
6588
8023
8258
9231
665
2204
3086
3744
5508
8303
8640
5335
7731
8145
1813
2035
5266
5354
5919
241
1973
2068
2444
2711
3355
3905
9879
130
512
1429
1957
2391
5291
6241
8027
8029
3072
4703
6547
8162
8634
56
3125
4778
5962
5984
6079
8748
9248
1583
3502
3734
5320
5456
5493
6450
6731
7294
9295
1958
2000
3173
4506
6541
8512
1068
1662
2249
3722
3996
4016
4448
1666
5082
6224
7322
8651
9156
9719
2259
2476
3581
6750
6852
7493
9485
247
510
954
1480
2281
2582
2784
3509
4664
8212
8639
300
1773
3630
4919
9322
9706
543
784
806
4026
6583
7039
9913
618
4203
4596
8682
8807
9828
107
1775
5094
5198
5312
5566
8470
9796
808
1479
3483
4611
5100
9477
124
152
1873
2211
2889
3069
3545
4331
5604
5737
7864
8480
8888
9413
9611
9749
1033
4129
1105
1677
2449
5102
5564
5783
6350
7953
8725
9104
3221
3599
6418
8500
8909
9274
229
1082
3468
3608
7973
8599
9118
1213
2020
2562
4922
7580
9332
9770
24
3515
5496
5530
8337
965
1641
3995
4875
8004
8093
8932
9171
6052
1023
2042
5480
5488
6838
7472
8169
9739
1804
1933
7622
7743
8172
1060
1936
4132
5476
8768
67
2792
4190
5216
6279
8877
441
4172
5573
7308
7409
7417
8997
9575
526
2600
3757
4557
5056
5589
6014
8134
16
917
1953
3394
5723
7065
1960
2100
3584
5450
5458
6099
7505
652
1836
4072
7395
7898
8384
8824
9227
1685
3582
4023
6319
7378
8294
8351
8817
198
2661
3707
8297
9212
9457
9622
6229
7558
3957
8522
9221
484
6183
4055
4689
5698
6044
7693
1234
7639
8176
8523
9084
9164
480
482
1394
2224
2543
9240
364
2193
2532
5373
500
1496
1815
4135
4347
4566
6390
8164
1993
3281
5021
8376
8498
9131
9557
9596
434
1643
2260
4242
4304
8226
180
3825
5014
8544
6303
7102
2
55
2092
2429
5706
8497
8876
9249
48
99
470
2140
6679
9498
949
2133
2727
2847
3090
4343
4972
5300
9324
1918
4412
5096
6003
6375
8818
1133
2261
5322
132
936
5490
5977
6793
7197
8973
1615
2274
4792
5258
6116
9247
9415
123
712
924
1753
2553
3335
6335
6664
8986
3622
4905
3696
5321
8365
279
411
640
1943
2630
4328
4625
5972
6300
8276
9372
9586
9906
2304
2795
3150
4974
6199
1500
2055
2875
5111
5967
7131
9725
751
2338
4057
4682
5338
6587
6963
7019
3748
4084
4202
5166
5434
6517
7764
8696
1005
1262
1696
1922
4305
6219
7313
8463
8897
2087
3645
6273
6898
7119
8014
1168
1522
4149
4403
4651
5954
8572
9421
63
689
7450
7694
8946
3416
4476
8059
9339
9357
467
2167
2200
2866
4509
4749
5472
7894
9287
2356
2475
3341
5132
6039
7352
7496
7601
9439
556
4627
5747
6428
6910
9599
3382
6386
3275
4701
6621
8049
570
718
1764
1984
3103
3393
3610
5988
6160
7499
9985
2544
3919
9365
171
1846
3074
9869
6453
8618
372
1932
6154
8648
8853
1382
2371
2687
1704
2583
3246
4929
5038
5591
2922
2972
5346
7397
8124
3311
3477
6046
3002
3267
4175
5392
6488
6949
7463
9095
2411
5584
7011
57
471
692
1983
2800
4669
5381
8829
9279
101
275
2079
4697
7047
7578
8194
1405
5619
6970
502
696
2929
6027
7196
8206
617
957
1372
3219
4937
5487
6889
7487
118
4431
7420
7474
8649
8835
554
4981
6559
8363
8439
9813
952
1403
2773
6209
6358
6794
7082
9012
9326
167
317
2046
3158
5031
6111
6210
7553
204
2689
3656
5257
5310
3138
4585
1039
1235
1890
5949
8896
675
1795
1863
3510
6315
2619
4866
6220
9441
933
3070
3364
228
1282
1387
1652
5065
7985
1016
7528
7774
9821
691
2587
3926
5556
4612
7916
8122
8585
8694
169
3036
3503
4089
5409
6445
7573
7900
7933
8930
9319
9328
2888
5918
6309
6895
7144
7351
7747
8928
584
5152
3436
5241
5344
5672
7666
8472
9203
9528
823
873
2911
4623
4991
7156
9440
404
2003
2456
3129
9943
953
1626
2785
5635
2258
3401
7370
8478
358
1202
3166
3692
7719
237
994
1433
5697
7606
1141
2858
3396
3524
6512
9401
3
2991
4248
6558
7762
7791
9658
9893
2031
3198
9578
282
4256
5538
7466
8826
1069
3073
3865
4970
7516
8128
1628
2838
7958
8907
318
2077
2913
6118
8711
538
1212
9583
3867
4460
4779
6695
7054
507
7536
8787
1048
5372
82
643
1820
2044
2592
2904
8833
8989
9504
6009
8993
9765
4264
1266
2890
5446
8996
9112
9966
4957
7006
9847
672
2039
2049
3384
3541
5559
6132
6351
6363
8794
9468
1902
2069
6475
6846
8594
2161
3840
6539
350
8597
9901
733
3063
3091
7117
7443
8428
2790
3815
6093
9992
1400
5537
9685
1061
1738
1819
1964
5439
7374
9492
3398
4090
4447
6369
7585
581
775
6703
6915
673
1021
1481
5007
5385
9109
286
1620
3022
3796
8949
1304
4819
4917
6474
8637
261
3520
4246
5500
6186
8367
9341
9970
72
5427
9289
121
1189
4157
4603
7376
8556
2190
6733
9451
513
3879
4326
5069
8957
9371
3807
4155
6613
7739
2557
3962
4099
6064
8493
10
1132
1215
5632
7677
537
2059
5155
7335
9844
582
1200
2930
4725
5685
5953
7955
8842
8975
1390
4770
5583
6192
7270
748
5393
8090
90
1731
6853
9604
391
3964
5889
6592
8987
9106
9855
2366
6197
9885
8863
9027
5728
7943
1113
5479
8952
1079
2841
3220
6843
7623
9088
539
1407
6880
8929
9624
2208
5018
5463
5677
8003
61
412
2401
3546
7540
8113
8689
4892
5078
5625
95
1543
3270
8298
3553
8065
8940
9623
923
1126
2603
2734
6623
6903
8191
8886
9446
93
178
1325
2425
4744
9716
2266
2423
4380
6609
8136
9079
481
1381
2398
3991
4201
5959
6534
6833
4070
4494
6537
7691
4672
5837
8596
9081
34
734
1312
3657
4262
5035
5194
7546
8318
8672
3234
3590
4037
5858
7336
8706
1835
4330
1083
4020
9230
3776
4868
6886
447
2381
4694
6087
6681
7679
8799
9265
9987
50
2310
2373
5751
8687
1346
2375
8323
5072
6246
6249
9224
4193
5773
2710
3028
4293
6808
9736
1972
3430
359
2446
2625
4388
4747
928
2402
7426
9511
9698
2691
3681
8921
1249
3042
3810
4049
5543
6610
9200
5785
7258
7412
7902
1017
2122
4192
5138
5980
6104
6138
5068
8314
8383
9760
6387
9167
516
1619
2781
6672
1954
2102
5550
9789
210
4831
8657
2418
5115
9802
783
1850
2172
2174
6700
8012
5964
6940
8598
9392
390
1739
2454
6245
6316
453
4850
9581
314
1442
3549
153
534
1351
2912
3704
4232
7558
399
3405
4867
5161
6196
7003
7435
8781
2166
4877
1594
3625
9281
948
3486
4840
6678
7800
8779
9541
162
1310
9723
1380
9584
5791
8545
437
2493
3842
9387
720
1003
2460
9594
1750
4394
4665
6414
4771
7188
9678
887
4556
4705
7121
7549
8713
777
8284
166
780
2556
9432
1579
2303
3668
4978
6013
6816
9543
1099
3827
8218
1264
7084
8142
8187
8369
9484
842
1348
2876
3044
3080
5464
6267
9635
6504
8579
2488
4046
4085
4809
5053
6205
6878
7274
1258
6495
9270
2160
2696
4267
9928
1386
9641
793
1454
4322
4514
6010
6218
8268
1246
2082
4797
7086
8895
1564
3543
6662
8050
9410
5305
5467
6382
6694
7772
2763
2925
2985
3192
7429
9812
8015
3343
9773
1686
1788
2037
3944
5210
5240
1293
4953
5324
9582
5531
6355
893
1095
1239
316
589
1630
2581
2857
7538
9980
8220
8458
4661
5821
8991
311
607
789
1228
4799
5077
6580
8578
5229
5448
5741
6615
1205
2459
4671
4718
7133
9107
9673
5701
6244
644
2149
4234
1593
1670
3000
3313
4098
6651
6948
9914
1493
3320
3829
1812
2095
2530
3177
6002
9607
1602
7257
7941
2241
2834
4376
5636
6523
1185
2941
6500
7462
195
438
1253
4605
6011
7727
1778
4721
6983
514
1195
4047
6605
8461
4015
4437
6306
8006
1336
2725
4527
5011
6763
7659
417
2334
9692
588
3474
979
1678
3174
5932
6217
9693
1417
1524
2571
4143
4993
5787
3875
4832
4878
5029
7142
8349
9712
1655
2324
4092
5408
7393
9657
9662
4501
5483
6907
7107
8581
1183
5353
6649
1490
1570
2091
3244
3890
4445
4735
2884
7752
1044
1720
2229
7194
1898
2101
4313
6851
9094
1462
2701
1119
1976
4166
5164
9513
336
3735
4575
8071
1076
7041
8287
9252
9829
2212
3583
2416
4783
7098
1967
4274
5265
8229
4218
6122
6334
9073
221
3604
7812
1521
2022
5602
5888
5937
9431
1066
5367
6729
3374
4520
6378
4752
5596
9183
1004
6802
8955
1365
1595
1637
4117
5468
8633
9353
75
7250
105
4311
528
2225
8726
9702
638
1123
2285
3085
4407
7645
7756
8602
2222
3308
1697
1952
2572
3184
3792
5295
223
1736
4153
5610
2240
4677
9383
6377
8976
1155
1517
4592
8286
9526
1829
7917
8813
9888
3910
5162
5521
6247
3923
4154
5034
7745
4550
4708
5856
9840
552
797
2954
6307
9194
117
4477
7100
7964
6829
9348
703
9312
624
4471
6178
253
6747
6421
7822
9595
3232
3439
6805
8224
9981
86
2830
8658
6045
5901
8659
9670
5624
1358
5357
8912
2744
4413
4762
2292
2979
3049
3217
7771
8632
9734
9026
5475
9846
724
5721
7521
9020
2288
6302
8068
2810
8492
9141
4518
5496
6864
9375
309
2312
4821
7896
8252
4443
1767
8322
9986
160
3030
4011
9004
5663
8894
9156
5604
19
1581
2237
5738
6162
8627
3861
5718
9125
9861
115
485
6100
8243
5906
7379
6766
9476
9822
5062
6159
759
5908
6193
1889
2700
3404
5313
8192
1578
3812
7489
8075
9502
3902
735
8811
9269
4253
5107
2738
663
1899
9786
7454
7523
7699
7984
1397
2932
5605
4235
5281
8234
8728
1052
2252
6561
6786
9759
1201
2871
3564
3908
4864
6860
6326
7359
9562
2116
5326
6647
7066
8196
460
8166
4320
5920
6753
9452
9497
3107
4689
8471
1687
104
1508
6486
7675
2848
4568
6426
9894
2111
6978
7633
8475
9905
4727
5337
6990
8431
9823
4982
6212
8260
9374
9889
715
7885
8684
8879
8903
113
4411
6951
7646
1435
6287
1745
6510
8131
8324
8712
3591
7321
9959
3997
4346
5037
2210
6348
6481
7888
969
8249
9897
6962
9035
262
2358
637
7332
7881
8312
1762
7661
7718
8179
9002
1467
5499
9667
5565
7644
2279
2987
3444
7732
898
1301
2335
8335
9050
6165
3051
4212
7604
3339
4675
5844
5230
761
9188
406
869
9799
1483
1702
2893
6065
8773
9619
4273
5758
9810
2743
4680
4914
6507
7182
1224
4790
4928
1223
2713
2920
8883
1842
2283
616
2145
3678
5832
9592
540
1716
1991
4610
4753
4760
8663
8985
5055
3196
5168
5386
9235
6704
2641
8884
9831
2535
7909
8688
3993
4932
5063
7064
906
1784
2690
6253
6814
9567
163
963
5498
8210
8227
2364
4300
1158
1989
2466
7329
2123
7363
7827
6687
7445
9618
438
4317
6792
9940
9960
4741
6841
9062
9510
3093
5941
7037
3043
5187
1047
6994
8966
1227
3061
5812
9126
2010
8343
628
5921
6759
9075
2840
4707
8473
3547
7399
9696
4505
6088
6837
7938
9387
2676
3359
7781
9301
7263
8255
9354
1746
9136
929
4955
7137
2427
2635
8676
9936
6206
4814
5780
8009
9672
9791
877
1482
4787
8107
1631
1830
1236
5460
1203
2667
8277
2849
1025
6705
697
4795
7061
1059
1275
4423
9362
1404
8611
6723
7029
2296
3114
6019
7634
8319
1458
8123
5268
134
6812
8459
4040
1100
6330
4050
4282
6433
6871
7306
8693
9393
5999
9852
9975
1740
2639
868
1085
2935
3269
9701
3077
6638
1472
8186
8462
2614
8557
255
8402
8506
3279
3422
9296
9415
322
4159
170
5064
9389
5998
910
5814
6562
9399
7695
8736
416
2529
4854
5823
6536
575
1866
5276
6097
8961
9385
4827
8521
2136
4612
1102
5637
6522
6058
7143
2504
5013
2957
5199
7824
2817
7776
3499
4364
5217
5263
7722
788
4162
6874
7697
7750
8668
9534
5090
6222
7690
8235
1656
6061
3942
8078
802
3204
3489
5926
6
611
1647
2788
3261
3224
8593
9664
2491
4772
3985
5243
196
3349
3717
122
8573
2627
3365
4624
5687
7510
2403
8782
9858
1058
2919
8496
1092
5621
9214
5133
908
6197
8537
6596
9187
3711
6899
9058
9304
2276
5938
9709
771
1625
3745
5447
1537
1593
2680
9576
2487
5923
6981
7347
41
1675
6401
6567
7402
8546
3231
4635
1426
2445
7696
8415
9025
65
8054
1747
4876
6420
8371
3241
9638
3999
6702
930
4266
7811
1276
3025
8058
219
1355
2490
2112
5103
4973
7138
7779
9752
5725
6977
8270
8915
9973
4715
6606
6608
9255
5167
553
4723
6999
2443
5147
3823
579
3322
5726
8769
883
1093
1107
9863
5024
8843
313
1045
5753
9167
127
3203
8264
1187
1440
4171
5058
6796
7755
347
7222
8460
2896
6930
2984
4475
5126
7243
2677
3240
9175
207
2267
2470
7939
321
1116
3500
6086
7068
9448
297
4370
5484
8552
3197
4115
2078
3283
571
3362
5009
6142
651
3119
7259
8122
8331
3875
9767
1056
3140
510
1184
6480
6742
7588
8723
7176
7921
4668
5084
5232
4951
824
6068
8436
2617
200
8269
8925
6586
6771
25
5878
6170
6881
1370
2263
5323
8455
3848
2198
2620
4923
7414
974
4917
5620
9152
80
4769
5418
6968
7141
9398
7278
2659
4502
4721
5917
9222
1552
2071
3701
8686
3010
4428
7337
7778
349
5792
1803
5240
7227
9246
3225
7366
7895
9023
2436
3660
4629
8487
5567
6506
2997
4120
1506
2432
8311
4663
9318
5396
490
6513
3676
4910
6152
8715
9916
3389
9337
3006
6698
9096
1267
2264
3611
5722
7145
8342
9516
899
4846
9811
5549
4226
3195
3690
5292
6590
1226
1658
4040
5362
1383
4906
3302
9078
7270
2986
5680
7919
8188
6231
5749
7031
5264
5464
7868
8189
1874
2178
3376
6621
7493
3063
6190
7237
7465
7682
4805
9070
1494
4299
5420
7568
1362
5001
7632
2860
9305
2007
7599
9212
2937
6096
1088
1580
6054
1981
9379
78
4643
7111
7674
9158
2474
6509
6768
2472
4054
4710
7091
2946
8856
2162
4454
365
9032
2902
4112
6787
7239
8607
6491
7056
3971
4764
7803
2300
1063
4290
6424
3143
70
3218
9056
1460
1031
2005
2895
9161
2873
4197
7154
7978
9459
6642
6891
5397
9450
9753
677
7834
2807
1832
4053
7971
3351
4380
5520
4304
5943
3068
3402
4490
5228
4911
5036
2438
2749
9292
7403
5651
8203
2905
3188
3496
4095
7355
7678
8840
9471
1574
6066
4803
772
2148
1758
7490
8385
2948
192
241
542
3837
4500
6441
8483
1375
4126
4848
7373
8361
1922
3550
1142
5076
8562
747
2640
6266
3423
3670
3824
6119
4237
2664
4872
158
1035
5600
6519
2829
7157
3724
5253
9155
448
8002
8429
4359
8120
9063
1780
2395
9209
9686
1811
2333
2900
8160
91
146
7217
9922
2169
2248
3105
5867
8945
5347
1121
5561
7855
1567
2293
5590
8591
4386
8389
5233
945
1144
1977
4640
7331
3137
9695
948
8440
567
2464
9291
2028
2168
5623
5994
9933
6370
7531
2647
4130
5138
7572
9531
2524
5151
6336
8867
2500
6130
8546
9883
6820
8057
466
917
4570
1804
4606
7809
653
4420
6579
8947
9258
2251
7216
7293
9715
4041
6207
3014
619
5065
1229
1724
6618
8171
5529
8083
2207
3082
8569
9481
2593
9041
708
9650
1465
2366
3889
4796
5799
7158
5413
5536
8549
3053
2542
5244
3687
232
3314
9631
4980
6707
8095
8882
4820
165
3819
4789
726
4091
5287
264
7282
1962
6265
2772
8209
4424
8978
7236
6220
8678
1138
5981
73
715
1086
2903
2259
6511
9438
4988
827
6557
7872
268
7992
6827
7773
2387
1317
7473
7576
9320
9472
6639
6743
6303
8885
9982
5449
7028
9479
6824
5995
6997
5031
8548
369
3121
4008
6025
8409
256
2077
3521
4170
6556
278
2550
5913
6286
9935
6081
6434
6691
4736
4907
7418
1847
4683
6711
6438
7616
2668
9779
3715
7170
9944
465
4844
6529
1536
8590
9837
696
1471
2008
5315
943
4667
5851
8902
2153
2252
4001
1985
2691
5820
8395
3147
7839
1299
6169
841
4335
8536
680
7537
8765
800
4593
3344
4657
3163
4451
7767
7961
5061
5092
5429
2238
2783
8997
440
6501
7726
8680
2053
6301
3680
9346
756
6148
6944
1254
1297
1499
2235
4303
8381
9585
7478
2461
3881
5432
8153
155
3922
7163
748
4716
5538
8646
2839
304
1629
7567
52
1841
2622
5424
2057
5455
9485
862
2761
5649
5864
8861
4357
1775
9816
388
7076
910
1761
7359
3948
7705
8101
6746
6749
350
4045
5556
9575
7315
1867
3945
7404
8892
6043
9671
4951
7906
7602
2058
6923
7166
7835
1572
2233
3377
1944
2708
8185
6181
8664
8758
4652
2184
2674
3762
6876
9054
3525
4435
7123
545
634
7600
8202
9698
3693
5148
9828
9442
1645
3090
464
1565
1249
7643
9381
1210
1551
727
4298
510
1181
3589
7627
675
3097
7135
3634
7085
7986
3330
3597
5771
8360
9571
2176
9460
1948
5650
8334
3083
7442
8600
8635
3484
6085
649
4168
8116
5113
8632
9051
9220
9395
2680
4396
371
4865
5951
2610
4862
9945
986
4223
1161
8048
3230
4259
6352
8495
9984
4572
9838
8022
97
4676
1437
745
5042
1176
8484
9275
4390
8453
7084
7504
3888
1684
2740
7533
4472
7756
8816
740
7214
2045
4582
9737
4215
503
698
5463
6344
1857
4092
7199
8039
1756
3769
4798
6195
6601
6664
7721
2209
2899
2983
7905
9932
1869
5325
8476
1010
1876
8757
2344
7247
8709
1084
590
955
4023
4734
5272
596
8617
9946
392
164
3055
5384
6291
795
7249
324
2480
3128
4427
4833
7566
8958
2774
5298
7738
1298
1600
4287
1602
9862
9636
2021
4436
8069
3137
9860
3
2322
7058
9834
4419
7680
169
2263
7041
4098
8211
4780
6314
8625
9617
9899
7996
9298
9783
138
5922
395
2514
3749
4478
6544
632
7458
7653
7946
2775
7980
3868
260
8784
617
968
4325
3076
4636
1918
353
2282
2619
5509
1253
574
3685
4138
8834
9897
7117
351
8274
8735
410
4976
7367
8295
4714
3935
7574
9864
3346
4296
4600
4608
6821
8280
3880
8729
2316
8072
8482
9868
3387
4742
4897
6606
4695
8278
7364
2442
8528
9473
7042
8456
6710
9195
601
6380
9861
5260
7534
730
6012
7959
5502
5539
373
1450
9890
3565
863
1190
8622
2548
5770
8173
2277
7032
8032
650
5959
7200
9857
2032
315
6497
8350
9609
3419
1805
1843
3169
6629
9256
3538
5469
6906
9060
9872
1497
1831
6050
5119
7262
4619
8341
2289
5523
8529
9278
9661
1377
6479
8166
1082
5269
7088
566
1806
4891
5594
7757
7936
686
7374
6905
3861
666
346
7356
1802
3517
9471
9489
131
4927
9605
1183
176
5048
7241
1074
3292
7246
694
4197
5931
8214
3495
6114
8016
1255
1923
3370
1711
2412
4756
5691
154
4297
7203
9873
4602
2377
9989
7018
4042
3651
6084
6435
8670
3277
8410
4671
9111
4469
6540
7256
9931
5919
8691
1384
2325
4968
263
9888
6354
1453
2064
7544
8066
1263
3048
6254
8847
983
4319
1641
2051
8282
5903
9791
9836
2149
4108
8046
816
6273
7522
3925
7461
3208
4302
6367
7615
9633
8944
8208
8867
4559
8135
9189
1527
4731
4772
2108
3046
7852
4355
1015
5798
530
9835
7987
9668
4894
5083
8724
704
678
884
4238
7698
9817
2936
5318
8087
3505
9229
1089
4954
8647
1986
8387
9148
5829
764
3803
5883
3123
7292
85
6855
5659
402
7427
9394
914
1966
3249
5553
1177
5098
7448
5340
5655
2243
4145
8083
4039
7590
1834
3300
4941
44
4177
6850
7398
3859
4985
7575
8249
8419
3869
9153
958
4081
7146
2397
4878
9366
4713
2802
4886
5443
5750
6779
8402
7859
642
1585
4285
7709
5710
2705
5196
3301
461
4495
5193
6571
284
7169
3113
375
7856
2217
4574
7045
6399
7094
8428
5802
7475
2625
3991
5144
3172
9079
9339
3751
6137
1302
4812
6167
7520
9192
1139
6280
6636
1157
3675
175
2126
4793
1119
6252
1286
1258
5401
439
1534
1817
1743
2947
1902
4363
5887
1627
4087
2315
4595
6248
8532
9173
5578
5933
3156
318
4614
4654
3966
8780
1285
1528
5542
8504
9294
9700
2595
7025
9306
125
1981
4237
7061
8378
7097
9144
1416
2804
9733
9850
6627
6413
7040
8119
1895
6201
236
6932
2752
6514
8144
1014
7570
7324
9390
2455
8435
8448
608
3740
8499
9444
9119
4958
932
1931
7724
3340
3725
4940
5579
5385
6316
426
7348
2777
3130
4971
7284
8183
4220
7696
8911
5755
6036
6487
817
4855
2319
2537
8969
2353
8414
1510
3064
6871
7781
2599
7687
8971
1322
9991
4013
4923
4900
7822
9958
2707
4474
5294
5963
8618
8012
9601
3000
4859
5284
1642
430
1663
7171
1839
6984
5662
9191
3227
6581
8292
3453
3615
3600
7689
8313
6080
9006
5180
7934
5150
8487
995
3213
5698
9201
9990
3954
4875
9590
3699
9682
612
5273
7334
6589
8109
2295
820
7063
4115
5102
92
1954
4920
1284
1457
701
1984
4826
8412
4224
9165
9937
4371
5253
5282
911
6892
4598
578
3587
6748
7291
997
6806
3499
3506
4156
4247
5885
4873
5216
1911
2341
3255
3904
8515
945
1887
4209
8895
3913
3664
401
2060
8550
2360
8024
8165
1232
4658
8256
790
7641
5550
9453
1096
1504
2228
5540
7799
1595
1924
2114
3775
2506
8194
9769
3180
4184
3294
6564
6986
7904
441
2923
3107
4729
9302
7826
7462
9978
1414
1772
2742
3840
9493
3881
5965
7012
8656
8746
1607
4372
8873
4637
9404
1433
9744
2386
9970
7618
2958
5218
9299
746
8640
6358
8959
9478
390
4922
929
2245
3554
5705
8438
4264
8650
8206
8442
2683
6410
9448
9297
1056
6631
9275
9593
6233
3930
6538
2435
5328
1435
7456
8536
2998
6150
7988
880
5954
255
8008
2846
2977
6090
891
2914
1492
1988
5505
9558
5648
8965
907
4463
423
6934
1151
1611
1575
1421
3247
3817
4583
309
3705
4904
750
3870
6397
3847
9405
4018
8967
855
2018
3391
9228
405
1349
1913
7263
7310
5262
2321
6334
5366
5535
1440
3989
7320
5100
9652
76
3116
6936
8974
9213
768
2650
3106
6687
6897
8505
1241
3229
4285
848
7615
8750
9377
709
6961
8789
7584
5793
5839
7943
3988
6726
9993
3087
4512
5760
5973
6372
8866
9712
598
4925
6445
4073
3538
6701
8364
9329
9378
8704
3676
2098
7540
3844
4843
6554
9680
4896
5495
5512
6529
1689
5882
7885
7406
1237
3863
4291
7883
61
825
9614
1135
1946
7101
6620
7134
8938
3639
6381
8309
5915
6054
7796
9844
3212
1606
3512
604
1634
4418
480
3758
5513
6569
6362
6963
2283
5752
6624
4118
2642
3733
7341
1337
4491
7916
1599
2147
8426
4908
6314
4866
5259
6422
1919
3207
3907
5895
9154
4513
4515
884
3262
9244
6128
7494
4966
6951
4492
5976
8028
8920
962
4195
4041
5299
6860
5769
3703
5309
6757
2118
5136
9761
1181
1596
3065
1365
1961
1087
5367
9503
9581
3850
4561
4882
5581
2557
6721
9688
4790
8298
978
2719
8768
9254
9653
2541
2127
6883
8543
9062
6262
6199
7530
1928
2525
5087
8045
3551
7997
8253
7344
9425
9757
4494
5619
1327
6091
6516
6762
1741
6100
921
5795
5116
3435
6828
8132
344
9800
8321
9731
1231
2218
4947
9345
9981
4800
5286
3113
4754
8657
6517
277
6807
163
2891
4990
9048
8870
8374
116
9787
2317
8733
7927
8450
4432
7931
7008
9739
4571
1546
2702
5746
1861
280
5966
5390
4782
4295
2755
9470
8148
2832
2970
3511
7826
1213
6659
7514
9486
1896
6401
1962
3414
4649
758
1013
847
5992
8578
2340
2508
5498
3710
9722
6746
3011
577
1567
6388
7175
8767
9958
5200
6714
9495
1053
3441
4733
513
6680
9550
2581
4839
1423
7636
8537
2540
4216
6896
5369
9615
4350
495
1090
8769
3328
8755
8141
2205
6728
7556
3682
5806
5396
9449
1521
8701
1125
8283
8609
9409
6799
8644
3605
4109
4431
8396
622
7238
8810
428
6648
7479
7954
1066
2359
1285
4439
185
407
7163
4470
5690
7243
1374
1189
1743
5814
9447
9730
5435
6632
7167
9855
7217
9150
1344
5778
7469
8212
3523
5170
7752
3791
4150
6756
2833
3438
6379
6703
8987
9752
5744
5693
3666
4604
7022
7089
3580
4977
6530
6026
6108
2355
3153
3386
2827
8793
7582
620
9437
8954
9301
9829
8425
4801
8182
8502
9952
6751
2912
4298
2330
9776
1313
6403
6989
4655
6670
2273
1603
1726
5497
672
1347
8064
6420
8773
4956
1212
2253
5246
7885
2853
7684
4069
4959
7956
5632
6456
7028
7925
7449
152
5008
5475
2256
1996
2451
8964
5347
8237
2479
7119
961
1825
2792
40
400
8052
3730
603
752
361
3110
9219
2453
2044
3319
1537
1261
2867
491
1102
3956
4141
1745
8326
9675
1569
5573
9049
4997
7403
2956
5925
8229
1220
2335
8429
7226
9809
889
1856
6882
9638
761
5227
8130
8942
8289
8655
5761
4946
477
8061
1545
7104
9727
3239
5015
6526
6627
8292
162
6840
2937
7185
8653
8200
9046
5127
5332
5831
6778
7235
8359
451
2278
4188
690
8490
9082
6222
5069
2439
4157
9908
7655
82
1079
2024
4912
1821
3013
136
3690
9197
1955
2395
2780
4201
1570
7816
248
2955
3270
4906
1501
5341
2607
4194
6813
9756
2188
368
4155
2390
7332
5635
9253
1539
3575
4834
819
6623
8172
8314
9896
2608
556
8437
4249
7967
3036
4616
1298
4984
4004
5123
9364
8551
5091
5
3263
2429
7476
6696
960
8917
1429
3965
4339
9247
3294
4327
4467
7178
7356
7701
8124
9288
6594
8465
2999
3476
5285
6362
6809
9561
7790
2119
2869
3659
5845
9685
8174
9433
6060
3389
8752
6552
8722
6384
5979
9992
5314
3234
5564
7153
7990
1785
3455
3900
6969
7266
115
7102
7875
4551
1420
7619
8894
9713
6424
9552
3473
1153
2203
7697
2132
5871
9547
2457
9272
6635
8853
8962
272
2787
6994
4382
6815
8245
2906
846
5465
5657
1769
2556
6917
1594
7882
2279
7635
2388
9963
2589
5109
783
3697
4402
8603
3646
7611
829
4202
5199
8668
9759
4483
4841
329
550
9943
5801
3708
770
778
2280
4944
5146
6117
58
1558
2538
9434
834
6396
6236
7288
2244
6784
634
9244
2868
5654
5786
7613
8918
1042
3104
9072
2092
2765
8764
4368
6998
9018
809
4607
3133
4995
8659
1032
5830
3201
8645
9820
7789
2648
6507
7116
1669
6312
6768
5936
4998
9825
2099
3945
6285
321
339
1974
9200
2391
895
2933
6482
7350
133
9397
8228
9728
821
7247
9399
2200
7087
1351
1109
2815
5114
7869
228
4173
7299
7740
973
6057
1418
4186
5807
6903
7830
3424
2975
3807
7050
2466
8900
7131
39
5489
7096
7738
6783
8339
8473
9630
849
2201
2227
3796
872
4687
4867
3095
7800
9788
908
2786
9806
3136
6336
9400
1782
5153
8498
9697
331
5130
8438
284
6702
8864
32
7381
616
1455
7735
8417
2838
9915
6935
8868
1638
5569
3626
7893
1665
4872
6304
9308
753
6587
204
2089
7079
3053
3790
7662
8320
4978
1071
4132
5896
6240
9997
3469
2830
5112
9162
3864
5983
5888
6319
6847
1705
5156
920
1026
7503
3958
8594
9964
2636
3366
3006
2087
3748
6607
9966
3540
3446
4038
8912
1807
3821
5826
179
1014
3343
134
4222
2323
8035
9050
5108
6466
9155
8555
9761
4114
1938
1461
136
2103
4836
7006
2670
8669
8530
9142
4472
14
3565
5157
733
3767
6506
9090
6837
8105
3461
6346
9207
1165
213
3200
4129
5552
5772
6582
7749
8937
3551
930
8384
9083
566
8485
1691
8500
8729
6415
8481
8931
2890
8399
86
5454
7273
7551
8531
9795
8463
8880
1822
2369
6218
669
2101
6503
7450
3731
7889
2779
7655
7868
2837
3018
4244
4468
2746
3470
5000
405
9691
7788
5348
5491
7941
1410
4025
978
3096
265
1023
1933
4552
17
2033
9008
6412
6502
8791
9418
5082
4720
6247
6521
5054
6154
6223
6637
4353
8100
3444
3934
615
9563
337
8096
3757
1240
4575
6781
1683
2745
6051
7467
5556
4968
5296
5593
5750
4549
5388
5440
5626
6500
3927
1921
3890
2003
6780
8235
8436
3982
6870
9867
8286
9231
9248
4535
8495
3238
9651
1345
705
785
5414
421
448
7213
6471
1644
5981
5410
2272
7667
8558
7523
6310
2151
2470
9818
900
1025
2205
6650
9066
9489
3805
6203
1444
2307
5389
1179
8268
5902
8564
1529
3142
7984
6755
7497
7955
5949
7237
1728
7379
9803
1953
9138
6546
6675
7295
7411
4545
6309
3946
6463
5254
7623
8258
8327
3169
6210
7509
6924
9358
548
8043
3240
1744
9477
1270
8563
732
3925
9438
4871
1310
3490
4037
9882
5102
8574
4
2920
9451
5095
8175
2703
622
4594
1171
5677
1692
6133
7161
6237
2420
5201
2649
2858
37
6889
7803
3439
8158
255
292
2748
6978
4125
5020
6736
4385
1680
3768
4316
3875
7807
7546
4499
5594
1178
2973
2630
1045
4404
7314
9940
6088
5111
3911
7745
7921
4665
2204
5742
7234
7433
1369
3716
4158
6044
7124
2004
5891
415
2377
6111
7652
9004
681
2139
2560
4895
4965
707
3192
4686
7836
9971
3402
6531
7236
3305
6810
6863
3722
1571
875
3633
5791
5484
7978
8910
1379
1967
5948
1292
2922
5834
6949
6064
6792
6159
2954
9845
4637
5139
9583
345
1833
4245
2617
191
3312
7221
8713
5547
2306
9073
2020
4645
4180
7777
9542
4071
5287
7115
8166
4260
4724
9602
2302
2852
7444
7872
8813
3895
7230
9108
5815
9491
204
4434
8318
9327
102
2728
2341
9786
1188
5070
6126
9159
1035
1128
6895
2093
5610
8513
2499
9956
2911
46
2861
7105
7900
6809
3362
8811
3215
873
2295
1716
9111
4814
5942
1279
5022
6721
9246
2034
4458
1447
2545
7358
8540
8534
2903
4363
9938
1247
1271
7774
9878
343
1993
583
5794
6335
9604
551
6641
366
2126
9843
2950
3211
7878
6196
1338
6941
9243
407
9046
658
4047
7343
879
3841
9341
1443
2301
6031
8903
9873
9909
5817
7039
2531
1221
5181
7681
585
7081
1503
7315
3660
5555
3092
5589
7842
9359
6001
9608
1963
4781
6842
1290
4370
1473
3812
7535
8511
8517
4250
4258
1588
2756
259
4868
7051
2364
6013
1077
4080
187
1792
7813
4570
5171
2555
6707
2478
6918
8837
5562
3909
4446
4765
5804
5019
2076
5598
7305
586
660
3254
4515
8162
3606
3951
114
7214
9891
2717
64
918
1485
2367
1463
355
1334
41
5638
2384
3522
4536
6608
7601
7648
9098
7935
8714
591
3475
5571
7969
6688
2156
2656
2934
3827
6299
3765
4103
9370
9848
1
2115
795
3719
1695
1147
3567
3917
4935
6686
2951
4267
4537
5585
9741
3061
708
1404
5982
8504
2519
5098
2022
9953
8928
1633
3005
4684
5267
5876
6437
9483
3635
4858
9084
3787
6340
2016
7536
107
1094
4703
2193
3893
6715
473
3547
6164
1333
6689
4249
7513
1557
8424
1434
8067
26
9167
2802
6475
1845
4262
1666
3837
9445
1529
8766
1668
1227
1172
8210
9466
729
8158
18
1195
7631
859
1519
9099
4241
9166
4638
1584
9312
2350
4674
6285
9017
9003
7296
3049
3921
7460
5739
6236
8404
5591
7965
238
8501
9282
88
1753
6278
9921
8452
5240
4136
3913
1095
6433
1033
2468
7614
2365
7607
8253
7855
677
5355
3126
7422
7556
6629
1930
7928
274
710
5893
9907
6015
1714
2536
5996
1204
2816
7711
1268
7524
2641
2760
5244
3304
8079
19
3482
240
2055
4544
3051
3157
4766
5402
4769
9930
9983
9512
190
1391
5250
5569
5935
4565
2035
9571
819
4121
9681
2217
3928
4133
4757
6113
2602
2571
3209
845
6773
8674
2288
4248
9025
3011
7845
9080
6953
6982
8979
9764
8053
9874
1271
9354
9435
62
2398
9655
4720
8697
2483
3443
4847
4554
6819
2634
421
6296
9402
9898
6669
7401
9666
252
1085
6014
8211
823
2659
8595
2221
2069
9372
1040
6407
459
8978
4681
8122
6042
9458
787
808
3057
9194
3995
1452
4658
125
7182
2848
6153
9760
4407
9591
3582
7026
9993
5278
8207
3797
9045
9376
9845
3513
5187
8711
3433
4578
5279
8990
1439
3652
4329
7622
1446
9928
5738
5992
3518
4010
9573
9067
5684
7192
8790
1864
6820
8611
9494
3564
4097
8614
9955
383
794
286
4005
7938
1805
6612
6972
9835
4226
4632
6685
1763
9204
2637
3376
4316
7387
3377
3671
7152
2309
6380
535
4993
6234
7658
8623
264
3152
7372
9075
396
3072
2743
1390
3311
7224
7726
7753
206
6513
8741
3961
6605
2102
838
4265
889
957
4401
1354
1688
1841
6626
8190
9510
6720
5753
3525
6426
2590
380
631
9110
1532
236
5131
9863
1198
295
337
3458
93
4707
661
4600
6242
4012
1921
6205
3049
5408
6241
7643
7113
1672
72
1499
2621
7275
1438
6425
6869
7948
1104
6155
419
1594
4726
4803
9691
355
6925
9473
9929
9934
2133
668
2017
3509
4503
9818
3486
3642
230
301
553
6570
108
6411
1735
5545
9998
6017
2729
1448
6316
9545
9827
8074
9331
1878
8535
1475
1590
7593
6267
4488
8039
522
7265
3097
4489
9369
5375
861
5864
9592
1625
9333
65
2329
2507
9170
1357
3853
9830
6646
8594
1911
1965
5365
3824
4333
6064
9242
884
4449
7491
2654
3517
3638
3746
4266
1516
2342
4460
8250
5993
1197
8134
6301
8013
9326
1389
2623
2346
2581
4840
8897
1114
1230
2544
2293
2520
4133
4521
4848
6322
6105
1319
7054
84
299
8613
734
6130
270
568
4923
6657
9430
3221
7426
8850
1748
9440
2277
3943
5934
4087
171
6260
6318
5359
1340
3548
6368
1774
630
684
5457
582
8043
1029
2598
3976
6604
5824
923
2168
3661
8974
8948
8425
9684
670
2793
5429
7493
711
4294
35
1469
2939
3732
8167
8610
9109
2856
7479
7841
8909
3202
7056
486
3038
5975
1343
6853
8612
4711
1001
1052
3677
5660
9831
7528
9104
1309
2421
2600
4725
9112
9427
2165
3258
6564
1635
5630
2946
443
3160
8517
4420
5267
6934
5004
1891
8662
9499
6422
4310
3245
8756
1645
5431
7713
6771
3562
3745
1855
3128
6072
6509
7606
2533
7148
7296
922
2595
3393
8457
2976
5969
6457
7277
7510
9851
2444
2821
4984
7106
8423
9607
532
3177
8015
8803
6295
2230
3231
6124
9313
9424
233
628
3956
8397
3408
1183
9596
3188
2131
3003
5215
8745
156
8048
6046
8692
6533
4461
6571
8098
8507
6200
3892
3004
8934
9151
4181
6926
2871
1188
4243
3372
1637
7068
87
580
6883
7906
1620
2925
781
7355
9013
7225
2297
1951
6143
4852
4341
9864
2376
4862
4943
6713
7011
7605
436
4067
5005
7072
8085
8075
8967
3466
3786
1968
3859
4366
2811
3967
37
3774
2196
2382
6534
8386
298
8354
6311
3918
2124
2371
5428
5056
6531
9600
9780
510
8889
9837
7673
6628
888
9074
6325
6739
6084
966
3867
4924
409
1021
4955
9764
4231
1051
6204
9769
348
524
2616
5463
9353
8267
6159
509
1335
271
737
4314
3771
9206
3541
6809
3438
6101
29
8605
6804
4379
9749
3822
1433
3792
6125
7585
8261
4689
2418
4362
4423
6981
685
8559
1198
9357
5074
7547
3109
8631
153
4808
6678
4122
8401
7665
543
4020
4199
5358
7052
4382
5478
1269
6740
5754
4076
4659
5551
1174
9754
9770
3366
3656
3414
2110
5391
9660
1180
4392
6618
5702
9286
9540
1297
3612
8115
280
8677
8949
3357
2566
3889
4388
2028
8061
66
868
3045
1878
561
3421
6576
5640
7466
9667
3675
8874
334
3364
6007
8610
4477
2246
3479
4612
318
5947
8906
2716
304
692
2725
164
4568
1548
2702
2836
3410
5436
5957
6315
5039
5844
7334
6366
7804
8491
3609
1111
6022
998
6346
7899
4841
1679
2225
5243
7215
3694
8509
5881
5720
7674
7737
4528
5445
3299
9559
3453
4551
9137
4389
5686
7370
1770
2601
2283
5968
2068
6766
7968
1214
2631
5016
1885
3898
8349
230
1781
3669
3750
3800
7193
3752
7110
9124
9020
9293
9880
2974
8722
731
8799
8822
8879
9136
1947
7318
2576
2102
2980
647
8393
3288
3320
9913
481
1927
5405
8628
9516
1653
2264
3596
7597
5899
5952
6998
342
1199
3556
4435
1299
5976
6860
276
4877
4912
6611
6581
1056
3610
4276
6000
275
8264
4456
1162
6120
8058
9658
7108
9323
6490
6055
7328
7860
8387
827
8806
4102
5197
8072
1481
7754
7412
8239
9345
2902
3548
7539
8878
392
4021
1125
8047
5740
2171
4344
5693
239
4029
5639
6660
7924
127
1018
8923
9950
5033
435
1077
7361
1641
3290
3870
9186
9264
9180
4331
5521
9692
4650
9419
4267
7446
3178
4393
8826
9184
969
4242
4414
5160
2604
3356
7120
9892
3173
5433
8086
364
1191
6658
7553
367
3747
5888
1138
2015
9012
7067
1006
4913
9861
3480
4614
3058
2842
8044
4879
213
3002
9093
3558
5631
6497
9023
1047
5945
8621
279
9068
1400
7773
2141
3275
3755
5511
5456
6562
1416
7895
2913
8415
9980
1536
7991
2487
5284
5673
5859
7305
2870
9483
9904
9359
8310
4815
8912
4670
7518
9968
360
6955
2857
4626
6045
6213
3636
4292
5307
6538
757
5780
9101
4345
1030
6078
2877
8114
5869
416
1843
4251
1306
1733
8807
7440
7583
9128
2113
9170
1914
3276
5566
3690
5568
1857
4507
2982
3812
1904
2714
101
4544
9334
3428
1543
4151
8111
8477
9190
1869
4739
7494
7905
2154
4011
4084
8422
1359
7391
7637
831
4236
5528
7695
5623
6676
6880
9177
1894
5709
6993
9235
1674
45
1396
2722
1300
1065
2174
4127
4974
2608
4566
8246
8606
9203
2619
5184
9917
7791
85
4902
9978
1649
7468
7999
2445
4179
4365
7653
3707
4601
7588
3999
5716
8858
2497
5874
3023
954
2287
1896
2876
3799
1920
3640
6465
8059
9614
563
6485
5174
793
6036
7534
9937
2365
9620
4238
7251
599
2851
2997
8883
3546
7574
9267
4588
6334
9665
1764
7166
8818
9726
2096
6622
5759
6052
515
2107
155
6886
2888
5683
8925
6092
666
2655
3273
3533
131
5268
327
6992
2385
9935
8696
9944
1119
1820
5285
455
2419
4196
1497
9611
5093
8015
6520
8732
1395
3782
1243
4969
5270
6298
3402
6018
2580
6938
7036
1670
7563
8975
9504
4039
4710
5229
5936
4437
338
6098
8676
4346
9065
3756
8066
8390
4845
620
8664
352
5790
3087
3549
9744
2594
7174
1262
2944
3460
6877
7127
8148
8786
1401
3631
6839
9949
4987
6223
1090
4216
74
3398
7700
1600
1329
6560
6834
7639
743
5201
6463
6904
8265
8507
7672
8549
2189
3194
227
5336
72
2421
6161
9765
1115
2041
5615
7027
5426
5817
5149
5699
5890
8401
6677
7088
4086
7555
8548
395
5659
9423
1887
3634
5100
9016
9622
8663
5080
2363
4587
8626
9185
1354
9009
1809
2389
7973
3502
1651
9725
9801
43
3654
9300
5294
2695
6867
2843
8876
1266
5647
7976
4398
4964
1713
4522
9319
6127
424
724
9059
9444
4812
2726
4901
6556
6632
3347
9069
1815
1956
4752
320
8775
326
7804
9036
805
1851
2152
807
9271
9313
5238
904
2568
2937
8038
531
1145
2679
6914
8319
9394
5056
9629
5171
7092
9779
5664
6541
6715
3843
458
4745
1041
629
3043
7565
7589
7626
3151
8779
5507
27
811
874
1901
2513
7162
1149
9033
1853
1470
1874
3108
4280
7545
2462
3794
231
5597
5300
8370
8681
9387
2847
2160
4857
5198
8379
9638
5177
3131
4482
2199
5793
8957
8368
1265
9518
2106
3291
3629
8276
5862
5981
8056
2762
8759
8997
547
8803
906
5419
2089
2705
5485
6501
6145
1742
7638
9348
875
8365
2423
3101
5850
6169
6837
876
5390
3327
1989
3862
7829
3664
7209
3247
6940
8538
9214
2053
9927
3783
2518
5487
8025
8619
7464
9360
6723
6470
5695
9189
199
5620
6178
7110
370
4176
4991
428
1592
4767
3653
6195
6826
7272
7375
1486
694
713
2049
6558
6791
2547
3190
2039
4789
5993
9482
1870
6908
454
1992
4094
579
3699
9202
6291
3817
9846
3627
5009
7569
4484
9981
5089
3082
8059
9274
1760
6432
6394
8003
3314
5249
6364
9541
679
2431
4166
8888
569
3244
5543
1366
5351
860
1186
2772
7195
351
2516
3923
3447
5534
5764
7336
8672
9138
3920
913
7009
9674
4389
6970
7349
932
6012
7389
1884
3264
942
5023
6725
9667
2014
3210
3217
3621
1566
1954
2088
4896
7002
9305
4777
292
3432
4457
5260
0
457
4289
9753
8133
8708
9193
9634
8867
2387
3766
7159
246
3464
910
1153
7745
8476
2699
8112
8162
866
4577
8358
6592
3877
6677
7975
9462
7294
8170
6438
356
3969
123
142
1249
7883
1607
4253
4324
5438
1312
2626
8360
1127
5924
844
8150
1588
3198
6218
8212
3970
7912
1236
4542
4430
5994
6243
6898
1229
5154
28
5239
1103
1888
5495
6245
8890
2109
3300
6980
4569
6965
4620
7916
1865
6492
6551
1697
5090
1394
4490
8201
1525
2010
4315
9529
1709
1123
4377
9531
5134
295
2684
3468
6881
50
2219
3645
9498
4444
6181
8017
7178
7760
2338
5200
8049
8156
1019
8342
5106
8105
9194
9308
8904
8536
2453
3798
6805
1950
5822
1410
2311
7506
3536
4973
5142
6757
6872
9492
2451
2479
2749
3542
6756
2253
5580
784
5386
7995
503
5247
5335
2681
7201
4448
5802
7095
936
4438
2396
3263
1314
2475
5508
8068
8571
9209
987
1477
2043
2108
5498
6814
908
1617
5560
8891
9060
4679
5354
1937
2567
5849
9429
3761
4649
8992
249
1450
5212
5213
501
9138
3575
559
7642
4972
3008
4567
562
7531
7578
843
2382
3000
7660
9675
1501
4218
5989
6917
7203
9258
426
7661
2615
159
7699
738
6478
475
3338
6194
7280
840
4939
5713
8097
1568
2460
5111
912
6254
2237
7830
8883
9149
4048
7834
3505
8907
1009
2960
3103
3325
3448
5575
8600
2339
349
5027
6801
7005
8554
1331
3922
8796
972
1576
5496
2367
3389
8566
8126
3409
3721
4211
4411
6360
6706
8430
4753
5997
6667
4871
8336
1740
7811
470
4835
374
1669
5430
6321
8965
1374
1945
8885
3176
6198
6604
9333
764
2018
1355
3405
837
4609
1671
9833
372
4997
4587
6808
9732
6633
721
1254
8970
2594
2164
1058
3280
4616
4512
8152
951
5449
6594
4551
6438
1511
4378
7168
7264
1912
1160
4702
7406
512
4408
5587
5564
4781
9673
9113
8716
4805
9384
2564
3589
5180
9548
405
7414
3450
5155
2169
269
1328
6196
3649
1880
9859
5207
6643
726
6739
925
4464
6893
517
3085
883
2998
7485
8263
6144
7509
2597
7982
759
6907
8247
4182
5046
5751
3248
5854
8986
9306
191
7298
3342
9416
4441
3518
5940
1373
1810
3183
2460
3493
6923
7340
3632
4299
1805
4990
7212
7959
1659
4956
6702
1107
2873
3729
358
1474
2698
6028
874
2372
9973
1775
4450
7386
8579
9661
5590
9436
9450
9916
2824
6966
8267
7529
7783
8509
5788
323
7311
8333
598
2693
8658
2143
3154
6330
7461
9647
4386
6703
1209
4217
9030
2240
311
6046
4709
4172
6683
9925
9773
952
5949
1520
4001
1571
2194
3592
4054
7698
6447
654
1967
5389
7463
6603
8822
2670
3142
4571
5065
8496
5672
564
4403
220
6462
1988
5098
488
1750
6817
8376
7805
570
1053
6850
6464
8632
4335
5399
2144
2228
5414
5554
5225
5955
7953
2258
5014
4221
5387
8283
7161
8885
137
886
7306
4550
1518
9363
5501
8937
3213
6033
6297
2751
3776
720
5125
3701
328
1369
3256
9742
449
2700
1367
3046
5422
8011
3371
2596
6399
1431
1485
4178
3809
6704
2534
4783
7701
3588
7145
1561
4134
8453
9588
1054
8052
6091
3985
3397
8211
1220
2776
8278
207
1388
1500
2931
1517
2809
3816
2558
3969
4141
117
6829
9678
1466
2818
5746
277
316
1083
7663
291
796
5281
6488
1475
4511
9035
1014
1167
3427
9252
2930
3906
4149
3278
8420
493
6283
2086
5652
8710
4301
6280
8564
9127
8121
7764
8155
5497
529
3191
8569
98
3138
5522
9372
1439
2706
4051
9411
684
7903
7090
4454
6400
6184
7291
8257
1602
3297
306
4336
7988
9215
5346
7256
4558
6279
8227
5598
4070
5261
9254
3679
4643
6398
1429
2437
9862
408
6228
5741
4394
4528
4654
5919
6495
7942
8340
3757
5054
1281
4793
6504
9764
8638
8684
9095
7133
2220
1226
7016
1889
3619
5458
34
4979
4110
5923
8160
9019
980
3960
6482
363
3793
4192
1324
4082
7031
1868
3187
9691
1498
1810
4825
1906
3876
4352
4074
4343
610
835
3554
3760
4640
7899
3614
3881
1179
2537
4853
7913
8838
32
161
5421
7179
9462
1795
1907
7480
8408
8325
8663
8117
5822
6846
9985
8
377
5967
8086
2884
3567
4765
9712
5852
1290
6942
7322
8262
8419
8796
4847
893
9066
5407
1109
9218
3898
1633
5398
2119
7097
7331
5660
9636
1383
1908
1813
8271
9936
976
5136
6442
5273
8204
4516
6074
9361
1298
1639
3441
4988
8509
9615
2561
1348
2549
5009
6352
8495
5145
8479
3041
5264
5356
6073
6219
2609
3095
8442
1969
7208
8290
8823
8918
1338
1818
5718
7573
3134
83
9596
546
6428
8119
6154
8362
3483
9626
965
4139
5164
5786
1072
5073
6433
6268
1883
5779
9344
953
1296
8763
5453
5510
5821
8951
2904
3199
2142
6536
7088
9094
5752
2111
3079
2777
3608
2121
4117
8737
3425
420
4128
1737
699
2436
2646
6134
3168
5446
9751
263
3112
1757
9533
4899
6539
4681
5165
5603
3114
4383
9063
9909
2498
7159
5504
6458
7388
8094
9027
1859
4775
6382
7765
8515
7900
635
3223
5900
9816
9164
1834
6360
7073
8846
515
9690
5586
2093
2501
4050
791
2402
7972
8366
3436
3934
1465
6426
6443
8236
9006
1208
8861
3233
4644
6332
7757
8540
3251
5289
9471
1326
6102
6812
7360
3560
4629
1301
3979
7019
8832
943
3688
7439
2579
4212
5468
6189
8130
8547
9864
5473
3040
4083
4979
9553
1893
3316
5701
5764
6333
2345
811
3192
2690
3566
7478
7634
718
3510
6600
8427
7147
7181
2669
6544
7986
9550
4666
5162
2096
2432
7424
9849
3529
4874
5703
7678
8999
1621
4627
2731
3691
5631
8364
9179
312
3442
3455
3630
3886
9374
181
414
7496
138
4564
4642
5330
7521
2819
3938
9586
1027
8082
2996
6979
6955
9153
1999
3206
5271
6755
6974
9655
4510
4818
4963
1038
2971
4119
2177
754
6763
3089
9856
70
5579
5627
7153
8539
8724
3789
6024
33
2929
7105
9365
1513
8990
5571
6802
7990
9904
1427
7014
9322
1551
7786
4323
5861
1200
4968
8932
9731
322
4035
4864
4371
3666
5159
9289
6244
6666
9048
3511
9729
1380
6607
2429
4512
8636
1085
879
2255
6142
3605
7269
680
7368
8089
8512
9896
6237
9291
9505
2892
8543
3933
8857
6342
6569
8353
9208
2130
5224
9500
1036
2912
7747
8429
3836
6048
7526
6293
7143
5749
8266
3852
7732
8462
8755
326
9766
2634
3564
2418
2915
46
5645
631
9891
3692
6396
6862
3869
473
1351
6722
6705
896
1080
6374
7671
8104
383
537
5192
465
1625
2545
706
1508
1702
8165
4321
5296
9089
5081
5087
2548
1933
2147
6121
9696
158
8204
7767
1565
2262
2845
8374
1095
2614
5885
5726
1859
9057
3287
3868
6788
1851
8237
360
2007
5968
9076
9847
5678
1365
5393
6477
6515
8863
1784
6936
1626
8135
9097
1994
4845
8982
1555
2674
6188
4495
6513
3296
1412
568
3046
5814
6365
891
2081
4462
53
373
4014
4556
8596
8198
5485
1566
3998
4305
5377
5870
1563
3444
4976
5878
96
1623
9152
3990
9765
1740
4333
1151
1533
9702
8657
3072
7769
9960
3195
8271
7486
4519
7316
697
2371
3974
3988
1874
3875
5186
9164
5927
8995
2552
3698
6047
6480
7264
1703
8913
4668
9217
2087
3972
7755
7917
3789
8130
6193
818
5794
2728
5991
5489
9951
3554
876
6020
6103
3635
2179
619
2279
5454
4779
3435
4725
3094
9046
474
1509
4883
909
9205
9542
6123
1488
1607
3777
8154
5349
7065
8054
9177
7819
2076
9218
7928
2691
3764
5429
4241
5723
5379
2961
3196
7854
3174
5887
6021
7759
2374
5602
5553
8163
417
6610
5308
3191
6767
6731
8248
8351
9817
6435
6775
8302
606
7796
273
2278
1156
1254
4322
187
7636
9521
2047
3458
6920
1878
6408
6266
8149
1927
2192
8187
9673
9409
589
889
7084
9463
5975
5983
494
4027
6337
9055
1309
1510
2136
7160
9986
1350
7689
6591
5266
5724
169
6089
9520
9769
596
710
931
4099
5546
4747
7411
1193
4085
5181
8800
4101
3808
6691
8798
1418
2492
9132
9107
8541
9669
4248
5444
7009
671
3743
4104
3415
9300
3862
4206
7770
3891
8582
9029
2215
2900
7030
5226
7074
8966
1683
3453
9557
3245
7320
3362
1800
5669
299
5355
5228
7421
5567
9130
1544
6245
4816
581
1389
1261
6447
9440
9567
311
2480
7410
7864
8153
1993
9017
930
3962
5341
6719
7910
2815
7740
2238
6325
1369
3487
4076
9796
2622
3932
8215
9865
5183
6503
5301
7502
939
3063
6818
8529
23
5666
8618
9140
7297
3833
6545
7540
394
2111
7043
7685
4118
7666
7629
3029
4176
8094
2551
2732
3655
5990
820
4958
5715
9599
1501
4774
4785
3871
4526
8177
8182
8708
201
4165
4645
6428
888
6883
1895
6644
4982
905
6190
6522
453
8500
9340
9939
439
5916
8950
5395
122
4137
5345
7809
954
1453
6211
7395
250
3823
6712
3141
2865
7381
6674
5895
6
1033
2384
6962
165
2698
130
1739
1971
5360
5570
188
2101
2643
7844
1371
5657
9325
731
5987
7257
41
2045
3473
702
8694
1799
6958
664
1126
5383
5517
9015
6787
7518
9959
4261
3711
7211
2386
4306
6470
9421
1540
4400
9400
6210
1553
7790
6733
4028
296
1994
3068
6715
7616
7668
1823
6079
8656
6350
6977
9283
6904
8542
9027
2599
3093
355
8518
8589
421
8060
2308
1537
4431
6875
7816
7671
7918
4837
880
2291
553
3603
9115
232
5119
1676
2952
6475
6217
9565
2004
2943
6700
1142
1463
9380
8812
2339
2056
3061
8302
1232
1773
2078
8248
8630
5728
198
6112
3107
6068
200
2512
9897
219
2053
4021
806
8194
8298
9842
2592
4080
2163
4231
180
2577
6676
7843
5697
2619
7921
7154
2239
4487
5515
160
2976
5083
905
1550
2262
6196
2771
9445
7433
295
4388
2058
3638
9889
5304
8869
7104
9439
256
9212
9496
9332
2463
5835
3937
7543
920
7784
2029
2721
3694
3864
5638
7859
1978
4886
1768
1778
2331
2355
9465
8050
5774
2768
6056
636
8655
5431
1182
1415
2649
7592
9398
9572
9782
9789
3482
4169
4717
2158
8623
7714
5513
6222
2624
2973
9415
9856
1406
6341
4674
6230
907
3137
8242
1456
3670
8132
6572
8758
9686
1732
2970
9974
1375
8233
2317
5836
3359
6270
7217
9560
6634
5943
6721
3294
7
5184
6975
4348
349
3733
5003
9239
9523
5791
9548
4724
9594
3277
6171
7184
284
3018
1759
4949
2763
4229
948
2037
8963
5830
257
2521
3255
1617
6639
6013
8214
281
307
3475
5993
7562
7708
2682
1831
8411
605
5314
6086
6568
8929
3399
3466
446
1522
6226
6994
7432
8607
4040
612
3306
6335
540
5106
3194
9043
2122
3769
445
2079
5326
7552
481
6832
2259
6284
8308
8776
760
6106
7477
8151
5008
7307
3165
3271
3963
4262
5958
541
7149
282
4322
767
3383
5730
7409
8166
7042
9688
128
5854
7148
7903
6838
7798
1758
3766
1674
4527
5520
9196
1560
6580
178
2456
3389
3673
8002
2114
2790
3287
7186
9456
2115
2261
4470
2181
7622
8444
3996
8948
1973
6040
6387
8250
984
4486
719
166
1854
775
864
5022
4689
7010
3003
4291
5435
2640
3281
9835
9516
1448
4469
1194
8030
9282
683
3406
611
1471
2820
7258
9763
321
1753
3259
4175
9888
526
2709
2812
5770
5859
6812
9453
109
7886
8732
5060
8769
7571
963
3076
3758
4478
1046
7909
1026
1100
3059
6018
7363
2924
9181
1876
3899
4553
1307
1715
9899
3828
4827
6205
3121
4911
5072
9985
298
4875
8605
1390
3521
3813
5146
7451
9007
3879
9612
6555
8733
5722
2078
8063
833
9452
8894
1205
4903
7520
2054
6720
2361
4377
6436
2807
8904
7326
309
849
7559
4094
8332
9526
245
5516
1638
4024
565
7335
3543
69
3500
1581
4210
4606
6640
2073
392
4240
5511
7825
797
1571
8705
3401
4414
5311
2252
8844
9535
906
2997
2039
5628
8313
8786
721
5733
1845
2183
9352
8480
3215
9111
9390
340
4929
4608
5486
8999
193
779
4666
3103
7040
4303
4585
8015
278
9377
5447
6712
9641
3061
4236
6868
1283
7234
9940
4436
4153
8210
9507
5513
2828
2212
3989
9742
9758
3080
9204
8356
2782
8144
9836
5928
9256
9642
9988
959
1095
4311
8405
3263
6948
772
7874
3805
5846
8495
9342
4887
9660
313
4342
5688
7582
362
463
8614
8662
5153
2023
5736
7383
533
3216
5712
6960
1153
5912
9310
9632
205
571
1939
9701
7802
5662
106
5216
703
4123
2015
1977
8525
6472
7919
5177
1317
2678
2964
8737
3221
6292
2795
9509
2478
4737
5953
2008
7807
9156
2155
4380
4667
1527
5276
6203
7467
1277
172
977
2272
8475
3058
9299
5557
7204
1411
3062
6518
7301
1157
3819
5848
409
2517
5379
6016
1546
5917
6772
2372
1610
3412
4330
2437
6737
8412
4053
4432
688
1472
6097
6672
9605
3816
9005
823
2320
9620
2304
2491
2885
5282
849
6663
382
6001
7320
371
1734
4942
8920
1661
1824
7277
7278
3039
5821
4945
4979
6289
552
4543
6259
3426
8034
8339
508
3534
6815
3469
4960
8009
614
786
2856
3389
6324
6680
9977
6126
6379
9667
5775
7759
9271
2612
4428
5622
6405
7766
2344
6507
430
780
4685
7139
9440
1460
5172
8467
7657
4980
5510
9462
8892
1791
9604
3887
5399
6803
2
8620
4166
7454
8663
8692
9588
9752
4329
5582
627
1363
9555
2084
4098
8119
1816
5441
6851
2325
4092
6677
4772
8245
5144
797
5259
8102
3838
9385
3884
5455
5835
3987
7625
9295
7581
9830
1263
6549
4030
4155
6468
7476
1867
7069
127
7703
7838
7001
9477
1536
7385
9684
3377
6785
5459
3636
7199
350
3472
3896
5067
7369
1323
9500
5152
73
8247
9610
9371
1977
4289
814
7823
5451
7508
3304
3309
4721
4859
7417
2067
5148
6005
3243
4224
6918
3943
5217
7124
4059
6481
2598
5154
6171
6634
8750
1105
6524
2821
7949
8771
961
8288
747
1190
5948
1856
30
711
1249
3935
7538
8818
249
6151
4812
9804
155
5112
9668
934
3723
456
7878
300
1724
5423
6305
9351
1480
5318
4823
9284
462
226
643
8224
3622
4251
5686
8854
9158
173
5297
4003
7116
7702
1751
8361
8396
3958
6054
9687
2879
3177
7777
3571
5071
6332
5267
8815
3009
330
4872
2563
3153
4234
431
2044
2897
8303
58
4637
6490
6591
9432
2004
9026
3086
7875
5925
8456
429
717
973
8526
2693
3408
8007
9478
241
756
469
734
6889
7984
3679
9426
4610
9262
6326
7594
7835
1729
6355
6724
4701
452
811
1312
1785
3948
6390
1670
2766
7681
5254
6014
1334
5728
667
4268
5725
5371
7797
1803
7008
4439
6048
9276
966
2689
7193
8027
8558
3848
7635
5802
5038
7462
1049
4185
5191
7834
9700
4519
7555
1779
8775
9580
5042
2140
4280
6823
3748
715
8100
6590
5876
7058
2459
5872
209
5836
9362
1899
7607
9286
2542
256
47
9784
1825
8502
4786
2847
3139
5893
7680
7838
1709
7069
9769
345
5303
7686
4447
9470
5301
8191
2000
3544
1593
3164
7464
1268
1586
1844
3515
5531
9910
6299
5808
5021
6423
7614
663
5512
604
6412
8611
9733
2804
4201
592
1177
7612
7992
837
4732
6287
1707
7940
8957
5432
388
6233
9038
3724
7999
2785
4840
4989
6179
7281
8841
703
1245
3001
4362
9670
5307
7527
7951
2328
765
7072
8105
9845
2024
62
63
168
1116
5614
7142
2330
2749
5351
2685
4053
4083
3620
9865
7585
1176
2101
2576
7463
1155
6219
6315
7561
9139
8490
3070
5490
2628
6331
762
2886
3352
8739
8943
2326
6573
511
9208
4235
4281
9472
1398
1228
5766
6967
9451
2214
1122
9189
6615
4801
5807
6135
6752
5936
61
234
1569
9083
9982
1089
8132
6631
7107
7342
317
8331
1489
3238
4298
8925
9178
3430
7373
353
4038
7804
9522
9941
1547
3210
4881
5122
7670
8311
1613
4007
662
1549
7409
4385
4923
8503
419
9654
2264
5320
2984
3518
8413
2512
830
4015
4851
8531
2431
5908
6090
4797
9495
2654
5481
3017
2719
5811
7627
3794
8391
1614
6848
7302
7419
7987
3997
4539
7329
1052
3133
7044
1115
4677
664
6274
9285
4215
7623
8186
8201
7177
3732
677
924
3796
4838
9068
4228
3910
5083
5687
2160
7309
9515
487
4260
4752
8767
3904
8434
9767
1509
1732
3428
4699
5071
6290
574
1423
9177
6202
6688
436
3148
3261
4626
7033
9122
9124
716
3561
3996
8892
142
1599
2950
8093
3579
8510
1164
9471
1244
4090
6983
2112
4361
2914
4453
1079
3031
6486
3034
1783
7532
7949
101
1255
8205
6722
9978
2281
2477
5797
8487
8755
9161
1319
7049
7641
4511
2106
3604
5952
1160
4439
1094
3336
6022
9611
9791
5845
8637
8774
9176
7993
8137
15
4513
8849
7537
1156
2702
7056
2360
5163
8162
6322
4239
5328
7125
2899
4673
7498
2095
919
698
967
3616
6479
4478
4760
4089
235
1814
8242
521
2557
5242
2513
7771
2236
1062
1788
3338
4692
9909
1822
3756
5250
9042
6224
7292
7112
9787
3606
4338
4254
5735
1106
318
1742
9098
1184
3100
2474
3320
3998
8618
603
4091
7306
19
5066
9480
9582
7226
1631
4541
8576
8790
5773
6819
7647
8106
4916
6461
3108
2161
4006
855
4069
4500
7174
928
295
4661
563
2124
5897
2919
3656
3292
5743
7879
8429
9698
3749
7390
2918
3861
6308
7471
2269
4490
8860
9589
2060
5455
2162
7019
4249
1232
5389
8845
7971
2666
8185
3925
5493
8468
4706
9976
2791
8563
800
4906
6813
9606
2447
4782
2426
489
4155
4549
3451
4872
5175
9236
9642
5041
6627
11
1987
2964
4762
7599
1435
5272
1308
6473
9737
4754
2329
7706
2346
1436
3323
1746
7379
7998
1848
3193
7008
294
646
3002
6759
8591
3183
3908
7904
6267
3607
8698
611
3084
8322
8693
9992
1240
3535
7692
8565
6429
8947
9413
2222
5957
9020
82
2400
5968
4152
9109
9355
9429
226
2398
6348
2318
7589
6460
4348
8336
4528
5635
7538
4043
8488
4832
1063
5789
8709
8788
4889
5401
3090
2272
4184
1964
5260
865
4958
9799
3894
9774
1314
6618
9721
1495
3893
4135
6087
6729
8781
7246
8828
5491
4707
1678
7029
6469
635
6185
9066
9414
977
7539
617
5442
8254
9815
164
4734
623
6386
9900
5585
2577
3337
5209
7201
8000
5591
7516
8319
6262
7576
3379
3824
7430
9261
1361
2676
7098
8666
4517
5183
7353
144
828
7963
8430
9536
5662
4809
5380
9075
2483
6463
7444
9446
4895
5270
7285
9422
3432
8284
9206
688
5951
7893
2508
5985
2768
8726
2264
4848
6840
53
6746
9877
3217
7507
8719
8741
1782
8281
588
5196
6718
7111
8840
9981
4097
9134
3770
4351
6684
8222
5418
6602
7645
1198
3695
9561
8092
3269
4357
6585
9762
7634
1117
2444
3735
5053
5444
2995
3372
561
6321
8669
6781
3636
5624
3178
4324
7338
7483
6800
6863
532
5750
8325
425
3765
3785
700
4503
5141
4768
8785
2100
3664
5318
6240
583
2038
6499
8379
3530
6277
2286
107
2260
2733
2699
5092
8450
1023
6645
6677
8886
1814
5214
6504
6730
1898
7394
2332
7230
8314
2485
4468
8189
657
2296
1131
2430
1012
9375
1377
3490
5856
1021
5325
358
6040
7180
2986
7351
3814
4096
8428
9123
4841
1175
1295
9851
3216
3268
6784
2555
3974
6397
254
8461
3104
2422
3181
9145
5201
7882
4355
207
2258
3709
1643
5824
1576
1738
2814
1917
4124
7862
739
4854
579
1325
9498
1949
3622
3812
6695
9151
5819
9583
9882
1828
3130
9139
2467
2711
6650
6996
5577
7188
3315
6337
270
9735
3121
8634
2822
5237
965
2825
6866
9251
898
5892
9950
151
6708
9746
432
4037
8909
4761
5629
9004
9209
7519
8081
3863
9486
9810
3052
3714
8989
4802
7197
7707
63
485
1522
5182
8498
2299
4031
5375
1695
6864
763
3909
4445
5996
8734
2632
9113
1404
9291
2143
4565
4596
2006
8016
2951
5127
3942
3724
8317
486
1924
4546
7475
5230
6728
3763
991
5472
8788
2614
4194
738
800
1848
8181
9880
2753
8804
9675
4728
8868
320
6950
8170
94
6420
8161
3284
9893
1988
2927
9115
6361
3053
5220
5851
6075
8260
5553
2578
8146
8006
6422
2493
5236
2757
43
7155
4986
3489
7177
8141
143
2375
4466
9879
4358
4716
6869
154
7148
1421
7766
9792
4415
1572
5048
5785
5114
5650
6893
4284
3291
9087
694
4524
7781
5470
1075
4008
2810
7683
2769
3215
8178
8573
1322
3427
8262
1891
9964
5334
4313
3187
5543
8817
9577
9754
9384
9386
7187
838
3030
6181
9146
9526
841
2574
7337
4328
5340
5199
9680
1339
7274
7831
8237
6674
7175
8956
5745
6158
4749
5005
591
2675
9381
8375
8752
1121
8127
9601
3506
3913
4897
5342
6169
6692
8986
4360
2373
2388
2684
3488
9541
9556
233
2849
3033
4418
6578
816
8380
7523
1706
3852
4547
8286
4725
6594
8008
9244
9195
9538
3265
1284
2238
2589
2833
5025
5289
7220
9749
2963
8245
2425
4422
5206
5946
812
945
6042
2673
6394
4676
4794
7710
6754
8696
1959
5917
691
4407
3214
4921
8157
9346
1486
2155
4771
4063
9412
5613
6215
3513
6351
318
9475
4425
8904
413
7646
3174
1750
2341
3228
4721
243
2172
9441
4714
5770
4455
5765
8143
871
2306
3910
8359
1010
1630
6187
8997
3387
7024
7265
3874
1196
3878
6827
7501
5105
2792
102
4105
7362
1061
7863
8587
2701
9685
7046
9321
5699
6756
3066
1585
3276
5562
8091
9183
1337
4025
7680
1634
2301
9367
9415
319
1178
2797
5711
6105
7488
3850
5674
1401
6147
728
8673
9814
4740
6251
7648
7830
7049
9653
2326
9995
5580
5839
9792
848
3257
9023
1925
7039
1974
9044
252
2337
3150
8930
7103
6403
8911
792
4888
3892
3992
8530
9483
1540
2343
207
5507
8460
9147
467
1129
2736
1082
1818
4671
9740
2251
37
1021
1437
2883
665
7492
8731
3105
2180
6100
9902
4130
6860
499
3313
7510
6307
6795
7469
8470
4736
7772
8062
2349
4013
5916
5552
8327
8442
5753
7763
3462
7800
9602
1592
3615
8933
2070
3560
8792
118
2546
6367
6462
8111
9486
2861
3392
7021
883
1884
3203
4417
1317
6512
9766
2265
7336
1299
4790
2263
5565
1376
9143
1324
6396
8267
1054
7750
1315
8560
9261
7604
9430
840
1210
3652
2524
3282
6215
7077
3768
939
4321
6047
6476
6679
854
3116
4672
411
2952
7490
4349
6362
1516
8533
1438
2181
7050
3708
5460
1364
1901
6129
6961
3422
9659
3035
8599
3842
4497
7023
9557
1903
6556
2656
2714
2805
4757
6300
2773
7858
2673
4225
6566
7876
9564
3449
3755
2931
5448
6721
764
6724
2994
7679
5692
6159
7005
8584
8436
938
4908
9803
9619
3522
7473
5194
7628
9488
2174
2368
9846
1415
3767
7012
4381
6812
7717
1605
5144
8819
9378
5171
1098
1518
6858
2116
5363
437
4187
8308
7513
8109
979
2877
8667
630
5529
8220
2717
5816
8482
1528
4421
5837
6146
4581
4619
9388
2995
6897
1005
5826
9627
4640
572
3647
4720
5626
5719
6759
7785
5830
7980
2184
8544
8656
9838
1688
2616
6293
3524
3180
4630
3940
1457
5332
8134
8953
9990
8348
192
7748
9252
3542
2680
4560
6010
7400
8101
4567
6543
268
860
9936
1274
2124
9406
6058
733
900
834
5421
5659
5033
5471
6331
7759
6253
7845
1508
3020
3439
2393
2574
9487
7499
1615
6575
8826
4262
8972
4779
7240
5930
2754
9450
170
2484
2799
7452
625
5586
1512
4208
203
5409
406
1407
8072
9991
5348
6887
7239
6861
1647
9091
9552
2906
7889
1733
4304
8174
942
1341
6661
9093
5809
9379
8984
282
2395
8264
3798
5784
4742
5711
8029
8037
9202
1318
3991
7962
9215
4960
4792
752
3279
7644
2172
339
1682
2156
8437
9825
1938
4780
9010
3091
4712
7334
8033
6242
9193
2835
6485
5344
1029
1046
1690
6177
8905
972
1556
3144
4615
9677
541
7245
494
696
3536
7494
788
7047
1729
3733
4559
420
1837
9426
8757
2947
5579
7339
6743
9343
2229
4634
6834
7390
2744
4019
6953
8203
911
1794
6755
3182
9425
4790
8574
9434
4506
2356
3213
3855
5696
6732
7986
8545
5663
8872
739
5211
5703
5876
7182
9913
3298
9272
3136
6565
407
6191
7003
9096
4580
8341
5448
5424
792
3310
1784
3097
3464
5284
5356
9761
5971
4767
5712
6082
8392
7225
7572
3385
7113
7566
9330
214
971
5613
9133
1819
4698
5133
2528
5941
6051
7398
9505
598
5489
5685
3795
9184
9301
863
2460
3533
5428
8269
8196
9280
4392
8270
8466
8340
7273
3619
9072
7231
9337
2019
2158
5535
487
2302
3570
4613
6511
5969
3234
9763
1718
4733
7658
5508
4741
7023
8983
9240
275
433
6679
543
5227
7864
9006
7014
3391
9777
1932
4043
6525
6658
7637
3949
5388
8256
2392
7106
8444
8659
8674
9550
9980
185
6940
8275
5178
7555
1889
2600
5161
5964
2310
4191
5385
4471
8779
9479
2520
7092
8321
6388
6804
9564
7594
7895
3032
6530
8069
5116
6716
1336
7567
9870
1712
110
7109
8978
6599
940
1224
5409
5796
6037
7416
8483
9921
6894
7013
3644
5909
86
1821
4202
7235
8670
6939
7380
9368
124
6619
5902
9997
6062
4209
7052
1787
4448
7359
9656
9794
6628
9738
26
92
3849
4438
5313
5358
1584
2655
7927
4018
6175
6571
3669
5526
3484
3481
6122
7402
880
4505
7448
907
965
3118
1531
4029
8894
1954
4946
6038
6555
3708
3786
9716
1282
1285
4034
288
828
5841
3023
3959
7787
1853
6265
2927
4808
9999
689
5090
2038
9612
4498
6801
560
2502
2976
5400
7130
7261
8194
947
2895
3955
4828
9437
9074
1097
6487
9256
903
2636
5162
2549
2591
9898
1880
2932
9411
6912
2504
5099
1888
2569
3422
6589
5287
5039
5890
784
2861
6731
9886
412
8496
9194
4249
4957
5979
9319
3603
7082
704
4341
636
3042
5780
6382
2935
8282
3674
3406
4718
4106
9786
8554
9445
995
1370
7321
5300
5415
365
843
8226
1039
231
3931
6457
5374
3868
5541
7749
6490
5705
1403
6277
1359
3559
6241
2435
6576
5857
6776
7931
5092
1882
8459
3731
1805
4555
9802
135
6145
7974
6377
1041
1242
238
6442
7371
3872
401
998
6488
3975
5292
6715
2946
8234
3736
1397
4046
5355
6694
9995
6684
1378
4160
4696
4726
1117
6304
6847
7482
3888
3271
768
1876
6818
4660
6914
3297
3895
6061
4699
1163
6895
5431
3234
7298
6678
8163
180
7789
1409
5337
2552
3335
4793
1669
4885
5362
6517
556
4405
6502
6527
3542
3197
5515
6245
7705
2027
5397
2891
3069
4327
454
2258
7911
9202
9339
1960
4213
5336
6426
2732
5079
6381
7449
8509
3127
5645
1940
5505
6404
9739
2788
5829
8426
7642
772
8513
1532
2669
7388
7946
9071
9711
4705
6686
4888
5043
6354
565
5080
2770
1668
9490
964
6811
8343
6600
8545
528
2874
3706
3934
5474
8551
1286
9377
5644
6789
8899
1357
9866
926
2462
341
1231
6936
8363
776
3728
6228
7509
1203
3411
4246
5509
6168
7877
1108
1430
3220
3969
5779
6036
1563
2232
9136
2380
7659
7961
4267
6693
9216
169
1114
3113
4890
5642
8507
1645
2059
5849
1568
1686
8738
8587
1657
5565
8500
1326
2030
8086
2959
3585
7027
795
7926
5560
5504
8350
731
7470
9100
2294
7391
9480
9937
3396
4042
4644
5250
3460
8748
4185
8298
5867
2283
4739
5282
5477
7780
9384
1502
6917
2541
7292
7351
510
5370
8508
3026
5558
8809
7888
6624
9170
9265
7113
9435
669
4138
8753
548
7712
1632
5099
3780
9608
3813
2035
6264
3222
3307
4411
9472
8217
9819
7496
375
3726
7037
3541
4853
7632
8049
710
2657
3778
9369
1223
8037
1117
2556
4180
6143
1090
2598
3046
7505
9822
3001
6972
5485
1086
6475
8601
1039
1911
5998
8055
3960
2449
6468
9695
2641
2733
3129
5502
7812
8346
2854
9571
325
3681
5283
2350
4773
1681
8390
1346
4378
1873
9919
4498
6401
9164
2758
2978
6022
6681
8099
8650
9595
7269
2915
5097
7655
2203
6356
3472
7487
7052
190
793
850
4550
125
988
1966
2424
2537
8555
557
1726
4494
4232
4954
5091
7317
5452
3082
5187
8070
1652
6723
997
2928
8582
8759
3419
3629
242
4248
7527
5216
280
3000
5130
1084
6651
6682
5618
730
3955
5445
6884
1515
2511
1610
7968
674
1666
2067
3881
3890
4496
427
5454
5660
7495
1407
2076
4258
2410
4154
7752
6713
8708
7545
3667
7843
1744
4491
1477
4656
9057
5462
7788
8784
4427
4642
5986
1254
7608
1183
5396
6214
1881
3784
4044
4950
5437
8282
9074
6545
641
4718
7247
3394
3330
5878
7479
9827
9876
1719
4827
2742
2943
3061
4987
5100
5740
3012
6830
4879
1498
4545
9790
269
4299
9006
3773
8561
4552
7941
1150
3670
4056
1137
1998
2012
3329
4064
8454
420
8207
1357
3730
4876
8013
8052
8279
1766
2555
2844
3420
7943
336
1819
8711
867
3037
7468
9971
422
8644
5904
7057
2084
99
9581
1987
9237
1562
8697
4934
6548
5160
6212
9686
7703
5252
7051
9509
5285
2604
3249
6125
9507
7967
9394
512
1081
1843
6343
6690
3056
7854
9998
5413
6320
8383
9140
8992
2418
3679
8866
5886
7116
9926
4145
8684
4690
3754
4919
5963
4377
5443
872
1575
4371
6284
6406
6123
7336
7551
9855
8219
2314
7170
3801
5353
6927
9966
3409
1102
2417
3552
441
1189
6946
7579
8692
3763
8216
5465
4759
8588
3977
7435
9345
23
3455
8549
9111
2158
8015
534
8679
8895
3161
6477
1413
5407
398
8470
1215
3083
1612
3525
3800
8056
2121
629
4329
6522
5304
2682
5333
2874
4409
9206
2817
4730
1399
6635
3158
8547
9064
746
1419
3683
2400
7076
3390
5311
8558
1604
4461
5026
5889
7198
3466
5533
5647
6421
9015
7006
225
2182
1091
8868
9676
6020
5944
5486
77
5110
7676
480
5054
7129
8112
7331
8188
1004
9663
9726
9247
9421
3252
508
1505
5864
2979
6763
4821
1847
4633
8527
9219
8546
2085
2088
7925
3074
6216
8869
1429
2573
2612
415
3151
3213
5387
5688
8294
1259
2018
5988
8285
7964
1383
1905
3363
4012
2620
671
3959
7527
8149
1863
2653
6281
9273
1973
4772
7254
7481
6831
8497
1547
3092
9287
1849
7808
7490
3055
7376
8685
3184
6323
9857
4345
4995
3720
1089
8958
3901
4259
4962
1100
1316
3458
3797
4111
6428
2379
2983
9821
2780
5730
9122
3717
5219
5381
3485
6961
58
7158
382
7931
2713
2826
6156
9706
6055
1346
4624
4789
5584
7522
7975
9303
2383
9370
5795
7054
1586
5754
6886
1334
2367
2661
2103
3935
8569
2852
8971
232
536
767
1440
3527
5345
7793
1483
1817
199
5076
7078
1428
4472
5975
4766
1083
5871
7146
7583
835
7130
8063
8854
6130
6546
7359
8166
348
6157
8874
3605
3246
4978
8973
9757
3454
5616
961
6910
9414
3239
6262
1552
3656
6721
3253
3623
7293
8838
427
5213
9506
3361
1503
1518
4217
7368
8278
5573
7367
5566
2191
7731
4596
5686
6849
8536
8594
3128
9312
5840
7994
7040
302
1237
5434
8764
8939
2169
4041
4798
5576
9248
7708
4944
6709
3070
6430
3022
3971
9645
1562
2672
3703
6542
498
2806
4398
6491
7756
8042
264
326
8447
9032
690
9812
714
8382
2218
4886
7932
5463
101
8241
8258
9128
6705
7352
580
4902
6674
1764
1881
3532
3809
7507
4825
7666
8195
2823
4839
7401
736
2321
2554
2972
5504
8515
9686
607
5524
6258
8635
6417
8217
5404
3508
6176
6611
8058
9298
9092
6112
3770
3947
4365
3075
3479
7335
7976
8621
1380
2495
5363
6514
5065
8368
2145
8110
8600
3349
5475
7091
7437
9307
586
5147
156
3918
53
5671
7604
187
6617
2382
7442
9391
6340
6489
2339
9071
821
1772
6579
9466
1279
8616
8961
397
1600
2296
9826
173
3237
4300
4516
8808
7372
9577
8065
5192
8161
4810
3549
2309
2464
3468
6523
7762
3335
4412
466
8850
2137
7384
8046
8124
1190
7897
4383
5891
7687
8048
4755
5481
9852
618
5121
446
3566
7041
2117
3049
9389
3039
7546
8421
2000
3727
2896
7881
8946
6823
3995
475
8330
8902
3492
2427
2177
4770
7395
7397
8996
1009
4382
5369
6817
8504
3030
1311
2780
8858
9545
9937
3608
7645
283
865
8346
8991
659
8842
8990
7287
9655
4910
1310
4414
1230
3095
5392
7408
2892
7025
39
8730
2002
836
7347
1692
4402
5847
6667
3332
6947
9660
1256
8337
1540
396
8221
2165
4363
9052
9393
6136
7682
4232
5268
8401
9867
1109
4265
2760
5534
9647
544
6829
4841
8285
3281
6314
3648
8943
287
2068
7006
885
1983
3389
7386
8214
8605
408
7190
3791
5715
6649
8931
9669
1980
6229
9460
8248
978
7728
8361
9743
726
1006
4332
3194
3601
7427
4714
8624
334
6549
49
2095
2811
439
9915
10
4169
5342
9927
4861
8477
416
2187
4080
4932
1060
2411
4315
5863
8607
6562
8741
1843
4222
8580
1418
2139
7711
8251
9692
3809
4121
8942
9831
5784
4333
9911
8508
2862
7597
9698
1644
612
6661
9086
1048
1323
3126
7677
2420
7541
2475
4127
9284
809
7142
1342
5879
8356
2697
5808
7084
9185
74
193
1587
8167
2476
2694
5828
9109
3611
6212
7115
9709
4276
8698
21
1500
2126
6235
7667
2583
7036
2927
3901
4551
6248
1883
6349
8481
5527
7194
7593
9365
744
996
4943
209
2910
8073
8594
6379
566
795
6997
7922
3903
3285
9542
2710
47
88
378
1663
2628
4459
5262
4794
5977
4557
7239
2887
5731
6263
7727
9463
450
619
8083
1498
4822
5461
1145
6837
8414
9668
871
7855
3364
6251
7954
9467
3227
1671
2526
5512
8437
4323
2406
2796
4211
8072
1978
5860
7857
8740
9973
8558
1161
1426
3662
5793
4646
5772
9150
55
8429
9764
70
2664
9232
9485
3713
3538
6455
6479
8817
5720
9943
154
93
2022
195
7219
7441
9050
1614
9788
82
3449
6612
5396
8209
7015
8630
8655
186
2977
7726
9872
983
5067
6021
1836
6424
542
2651
1832
7418
7623
8060
2408
8680
4860
7867
9771
9062
2255
6888
7806
8322
1794
1975
9864
6608
7820
9477
1405
1973
4878
3900
1032
9744
392
902
4440
9901
7738
4939
1726
5096
5694
1274
640
9979
5503
5850
6622
8912
1355
4993
7426
8750
1661
4609
7140
3098
4949
1986
4813
7004
7176
956
6631
3933
2468
5846
6456
8742
7281
6360
6402
1646
8577
9725
8033
9299
2568
3891
4443
1999
3241
8321
4941
5683
7475
3114
4677
6570
224
129
8441
2873
673
1188
8211
1211
4128
686
4319
2154
3958
9035
1071
9251
919
8385
2439
2185
5306
6673
4290
6815
3863
4806
7421
8632
4223
8511
8782
8884
9547
1234
1743
4645
8333
1025
4753
5942
6633
9792
2721
2737
3821
4274
2344
3002
4112
9032
9690
1437
3211
3642
9250
8067
3847
8108
8280
9606
7072
2723
6475
2634
3441
7245
1803
3142
3368
3687
5212
1459
3842
7365
8130
9825
8672
1022
2598
5734
9829
9270
8671
2948
14
6588
7328
121
1505
2336
8960
2022
2709
4052
6535
7706
3580
4890
3607
4078
6135
3354
803
4344
2318
2864
2465
712
3742
5650
6009
8541
3339
7429
8855
393
7442
9945
4275
9297
614
3941
7957
1700
8876
514
3185
6237
7826
6457
9593
8164
8988
2275
5084
3110
7252
2534
7854
501
1166
2014
5983
1653
1287
2736
7744
3029
1879
2641
2832
6148
6331
6411
7018
1075
3343
3628
9
826
3704
16
1840
4284
4510
9883
6374
1448
9214
2153
2482
2674
4921
5799
8722
2543
2678
4268
7634
3131
3649
5789
1181
3256
6821
130
6969
197
1179
8493
2776
3171
7391
9906
189
6373
9916
7309
228
1741
7375
8540
9497
6034
1554
7949
4153
7797
31
933
4444
5373
8985
361
9219
5315
6016
2867
6770
1013
3677
2889
3367
3591
8661
8119
8694
5648
370
3877
1486
3665
1356
9641
4366
7729
8575
9680
761
1635
5418
233
4968
5327
5679
3573
7439
8054
910
3138
5317
60
1650
4614
4867
8865
2666
9360
3981
6464
8844
3302
3952
4323
3692
4413
9325
6944
496
2917
5744
2925
5319
3413
7709
8120
4883
4972
8099
34
4632
8729
591
2045
4176
4569
5298
6060
4793
8783
6942
7834
8313
2729
5480
9438
7795
4647
7074
5265
410
1513
3055
6669
28
201
1871
5172
2438
705
781
1456
3878
6278
8925
9126
1165
3417
7790
7845
71
6797
8200
1050
7944
8472
3433
5368
2307
7381
4427
6252
3558
531
3438
1589
2051
5970
5870
9965
1308
2323
4139
8422
2290
9010
1227
3395
4225
8633
196
7708
9618
9705
1573
7506
7193
7695
1791
6394
8739
3697
6645
6756
8625
8775
6591
268
5034
2260
6643
6778
2947
4535
5569
6235
2845
1056
2158
562
3041
3970
1952
3494
5124
7241
716
9051
1289
9539
1017
3309
8686
2884
7565
354
1576
8281
2448
1205
3270
2417
6133
6646
483
3880
7827
2994
4926
7133
6730
6632
1926
2670
9708
136
1162
3434
4322
3739
4635
931
4655
8754
2062
2001
6051
7105
1728
5525
4772
7076
3688
7128
9437
6093
6668
8551
4770
6784
7061
6254
6951
9029
9472
1199
6817
3540
4951
515
2836
6534
8548
3722
389
6744
8492
3415
5947
1313
2938
4963
5010
9710
3756
8107
1319
7713
9418
1613
8916
75
1834
5695
8328
9056
7289
8298
2082
4415
1559
4737
7603
7891
7966
9892
586
9622
4803
5191
2924
7017
46
2609
5807
6665
2637
3557
5689
6870
1680
8084
9037
4042
4288
932
8649
3916
2423
8410
9016
2017
3400
1950
7486
303
5605
3439
7866
5472
6228
662
6520
8822
2404
854
1543
1781
5225
4410
6573
6182
3576
6282
7955
9953
692
1159
6557
3570
7355
1158
2718
4985
6775
9986
8397
2304
8061
8645
3815
9599
266
9260
676
2618
3581
8035
1406
168
2853
4242
8142
4912
1997
3745
3684
3159
7342
7864
6440
3902
371
623
3090
6696
9949
565
5045
157
2065
8987
5753
3716
6194
1753
2630
2643
5239
7086
2554
8081
507
6257
1723
8132
8210
8965
9828
4871
7948
7369
7564
5041
9779
1086
6892
9269
8747
5603
1703
2563
2693
4277
5499
5416
6166
6687
5323
5622
9845
589
6637
1075
7387
4193
5008
3744
9200
842
2613
3526
4959
4989
2370
8677
1472
5139
8145
1679
6023
7007
8589
7500
8213
2242
7307
8044
8565
3602
3711
4220
5207
8743
2723
2931
7114
4247
6835
2802
6025
6192
1490
3381
9173
4292
5781
1545
5468
1658
6310
6752
339
2189
3056
7905
7176
8183
1853
4439
91
828
849
2863
3398
7212
8742
7248
9652
2782
8639
9305
8800
9204
2050
2132
3285
8460
121
4073
6109
9336
2534
244
1854
8383
67
2176
4030
5136
669
2711
2240
3115
131
7446
6297
1309
7467
8098
2049
5094
5884
7686
8881
6507
8087
71
123
644
3218
6726
4317
9721
3635
8679
830
2715
4806
8256
787
1126
762
1902
5567
462
1530
3685
7858
894
8834
7643
7049
8048
8612
1051
5684
8053
1129
3446
5347
1262
6435
6490
353
5895
6691
6963
9015
9043
3619
3774
1127
3374
6576
7557
4476
6420
1449
8551
8591
1705
3657
604
1835
3915
2099
8642
9575
9754
5861
2658
590
5999
803
3897
4670
7765
689
1415
2646
1113
6049
4037
8607
3197
5515
594
4580
9124
7751
455
3263
5765
6587
6950
7253
2930
8528
6873
5809
7616
8454
7892
916
1441
3537
5713
8538
9720
1298
5601
1229
6568
7948
780
6327
7348
9667
2015
9729
1810
3434
7438
8480
6500
9648
5072
7222
8519
1989
2151
1630
5657
9532
272
1838
5074
4535
8425
8143
5761
7302
9895
1857
7841
8660
4186
3405
4031
3097
3109
6180
6313
7984
866
1742
696
4324
4596
1520
9991
686
7395
7724
1815
5449
5741
2455
492
6767
8277
9541
4564
1153
6819
9295
6389
7284
9862
3274
2093
6155
9419
1930
2247
7735
9352
1590
100
2403
9876
5552
6859
6891
526
1259
6625
331
3565
9223
4800
6727
881
2617
1366
2211
6069
258
759
6338
6349
7956
4858
7633
912
1941
7303
7339
721
2827
6820
7783
1525
9023
333
386
8915
4165
932
1603
6399
631
3659
4284
4744
7010
581
4267
3725
859
5619
1775
4307
6906
9412
5555
3844
7208
8316
8525
9103
4561
6640
6654
573
4907
9282
4553
8535
8862
2981
4166
9873
2421
2795
3229
8074
457
9134
2524
6905
7057
8276
9956
8399
3369
5755
8856
570
734
7263
533
1057
2462
6256
8089
1290
2046
4612
1276
8311
4147
7976
8602
4478
7475
7538
5642
4068
6571
3088
6247
7960
7412
3830
4563
8506
1011
703
804
1606
2757
7258
3345
1313
1634
3444
6322
7078
9680
2943
3992
7701
3973
4980
5966
6402
8398
5044
9639
1052
2280
3510
6766
8345
6814
9033
1278
3040
4928
1793
4426
4976
3980
4620
4736
5314
9061
4310
6688
9339
9818
8384
9087
9760
4894
6079
644
5875
7373
4485
5918
8837
8914
1372
7916
8224
9101
5711
6252
7362
7377
271
1197
3718
5535
3254
5430
7588
3243
5258
8166
5864
7978
1458
3073
147
2327
236
4294
9129
141
1473
3938
7403
6259
8409
666
6546
5935
9672
4076
4350
6031
7060
8260
3503
5208
5462
9661
844
4136
8082
4720
6356
151
2274
5653
4776
5822
5874
5395
7501
8597
279
1528
5070
3709
9924
7595
8972
6306
9682
2529
8826
7229
5813
6568
1510
2407
5601
1101
1204
2756
2879
7856
9231
9638
4072
6073
6883
1095
9479
9904
5481
8777
7043
8293
76
5011
5123
8930
2113
2260
3036
1332
6326
6675
7290
3544
4763
6659
9607
3448
3827
7312
6625
6224
7933
7301
7521
901
6128
122
4170
4577
498
2615
9473
7073
5730
6885
5706
2739
625
2109
2891
5484
3452
3579
4546
6043
9161
7686
617
2490
3095
7534
3246
3699
7737
8518
9446
2575
2797
4419
3944
6411
8827
9751
4532
6312
2252
2288
8230
8470
387
4971
6400
8988
9034
1568
274
9676
1493
1637
3854
402
2356
3076
3674
4324
9932
14
103
7657
5318
9407
9570
9675
1548
6647
559
6129
7529
8348
601
1491
6216
3436
6571
1034
1474
9004
96
682
1078
2127
9227
3869
5378
8040
2724
7917
7531
1770
4811
5924
2751
534
6968
7891
3146
4850
9405
1294
5833
2081
9971
1588
3323
2110
9999
5662
3230
5948
9121
4727
7572
6833
9967
4877
1058
1412
6187
9374
3345
6450
8262
8825
8860
1195
7607
9558
6431
1476
5799
9364
9518
4353
6676
9105
2619
6648
3371
8011
5488
521
9520
4631
1841
6655
4573
6383
234
6270
9255
4549
8506
2843
4746
396
1316
4983
6996
7715
8728
1970
2775
8310
1447
9104
9464
6553
8995
1724
8136
9829
960
4615
4812
4994
2427
2917
4682
43
605
4514
7001
7684
943
6353
8830
1839
8867
991
4722
5236
7350
2771
3424
345
789
2502
3991
4526
7593
9694
301
4210
5415
3617
2760
3621
1778
6427
7620
1210
3404
4228
5538
3887
5856
400
2267
3971
3172
6447
7104
9175
2094
4751
3308
3074
2634
9728
6438
9662
9323
914
6387
7202
1744
8532
9687
1458
2322
8235
6656
148
6997
1951
3639
7249
3380
1436
4065
577
6924
4010
4964
7734
3411
4139
9080
3245
3694
1732
7210
4602
971
8956
6204
9578
2824
3366
7778
2086
4683
7801
9801
2466
8556
7671
6443
7186
3300
5326
8938
9625
7619
7939
4310
5540
9842
5784
6295
8405
9992
663
4990
5819
9017
1312
5330
7669
442
3207
5369
5405
9529
9712
3192
7662
7591
3421
537
3568
3932
9084
1798
4611
5855
5910
7943
4639
9402
6399
2827
7267
818
3771
4707
7788
1008
566
222
404
587
2909
7811
3057
3749
8749
9877
5988
6652
2402
8813
6898
271
6987
9780
8571
9264
3808
6107
8194
1644
3089
381
853
1198
8490
3280
2855
5864
7640
5858
3465
1765
4798
7548
865
3645
4229
5275
9874
5778
4795
7195
8020
4361
5322
6713
7694
7839
5912
6718
9920
5824
8331
9217
2936
7299
9949
1824
5412
6355
8461
8631
6435
7730
9312
424
9806
1250
7893
7321
6893
6980
7914
5668
1341
3721
6932
9869
1961
7298
9490
2858
2748
3102
3746
970
6088
2594
3942
4591
3327
6391
7295
8145
2584
4273
5802
6541
9380
9683
2558
6902
12
410
3043
4016
5167
9215
3320
824
924
864
4884
7097
2831
7934
4642
5451
3634
9269
2285
3857
9169
5355
2986
7447
4831
3956
6311
6857
2330
8467
2809
6716
8400
5777
6367
5519
6741
1560
7053
9009
1559
1757
2989
369
1436
3250
3296
4906
160
4616
6075
7851
7953
4785
4927
7922
8985
5190
7013
4555
1809
940
3053
563
2585
3676
7165
2383
3806
2388
5049
9306
9917
871
403
2701
7876
6127
6653
9558
1288
9322
7402
83
653
5915
6220
328
8394
4903
6702
8093
7940
4614
4638
5078
3930
7414
7435
1217
5456
3755
379
1422
8386
9656
7068
9978
212
4934
7374
7326
1141
8646
4893
5922
7489
5375
6206
3010
6365
8733
2068
4237
435
8932
2108
5251
4542
5750
5469
5667
6412
5646
5811
545
5288
3665
3767
2433
6563
7048
103
536
3273
4215
2975
3929
5992
2915
4433
4440
90
3429
3630
1502
3868
56
253
3229
7434
287
1369
4802
9871
3548
3993
6335
656
1601
5109
4634
1275
6142
7523
9936
8947
550
7658
8028
2880
7154
7894
1412
8206
4087
4209
7915
9443
7002
9131
5137
5210
750
9058
9640
2139
5526
7324
7581
8869
6172
8055
9955
4724
6806
3695
161
4067
7693
3280
3518
5201
2691
5533
4961
7182
2251
7213
7103
9775
8585
381
2321
7113
259
8486
7568
1293
3262
4793
6105
329
188
418
5255
9787
9820
1755
2601
7850
7215
7144
9524
9268
6759
7954
1870
2537
4374
4499
2423
4628
5038
9526
3762
5128
949
3020
3134
7767
7650
4091
4715
6264
6418
1136
3148
8298
2066
2186
8391
4070
2579
5312
5716
4264
605
962
3526
5950
6808
150
751
6090
8658
3287
6393
7570
9737
781
4260
1384
205
4193
9049
7079
8904
9340
7353
7748
6222
2969
5542
7882
9344
7580
2543
3154
547
2296
5422
945
1190
3862
1468
7199
6213
2334
2914
5280
9941
63
1957
4703
6627
7712
9258
8529
6762
1286
1292
883
2699
3911
9492
3943
4117
2057
5095
7871
9330
1112
3203
5334
5626
9911
5803
250
663
9645
5252
3886
9228
6501
735
5821
8296
3474
3574
5458
8090
8468
3445
7319
8003
6292
8987
4757
8660
3664
9176
968
5952
8821
609
5161
200
777
1070
8203
3737
4050
9928
4863
8562
1890
3190
4509
9276
2221
3715
1618
3241
1135
5755
6326
8770
650
7432
1985
3822
5615
7513
1900
3284
5719
9550
2044
6912
6493
206
5801
2644
3198
6676
1756
2270
1567
2913
4475
7354
7911
812
4165
5903
9631
247
551
2146
8317
4449
626
4432
6430
9729
57
3676
4300
2570
5717
5768
7994
667
8595
1536
5667
7776
9413
901
8759
8936
9469
1025
1060
2182
4607
5266
1329
7230
1668
4428
3497
4692
4777
1179
2940
3984
6536
755
885
3004
8755
1209
4302
5045
487
1236
2297
50
4617
9935
439
5969
9314
2822
769
3661
7745
5843
2926
6057
6636
9098
1782
2368
5197
3062
879
6366
8895
4857
3316
5700
8373
9399
5740
3976
6102
7625
7799
4081
5056
8981
1599
6121
1862
3618
7399
917
2129
6112
8558
5566
6201
4764
9133
508
1087
7945
1789
5541
8152
3078
5176
4278
5799
8114
2446
8516
2224
3158
6994
7164
7702
5256
8458
8867
7996
5244
3129
641
1979
8347
2416
4618
1709
2214
5062
7632
285
4866
1302
1790
2148
1918
5629
2856
311
9292
1533
2156
7699
2934
8886
9072
1480
2963
8215
2331
3761
7828
3245
6381
6549
8929
9670
876
6032
6563
2876
3678
8764
8921
1325
9179
6757
6640
6210
9662
2607
3936
5495
9854
5914
8075
2127
9591
3792
6466
3927
5454
1636
8324
3274
7497
7918
7323
2753
6363
7934
9367
6884
8451
9538
8597
791
3206
4487
4863
7631
8882
3939
284
863
6424
3260
2903
3428
395
4544
3173
4464
4330
5189
322
1786
7139
6856
182
3818
9420
1522
5678
1872
5760
7272
9356
1033
1656
3589
1510
2210
1777
2659
4834
2501
6289
6945
842
1844
5182
6117
1921
4077
7431
5331
9790
9075
5158
5733
8412
1471
6590
4093
1808
1597
4468
9117
3014
5047
7568
8485
8951
2019
4824
8447
2
1400
9245
1566
4074
8852
9937
4171
5012
5246
1070
2282
5148
5413
1295
4463
6084
7698
6890
758
3912
5465
5893
6286
8614
3353
4616
2528
4850
6567
2349
592
2025
4598
6960
6723
9540
383
4941
8706
2525
3217
7173
998
7860
4058
6282
7263
5813
546
7492
986
1621
8554
1377
9879
4620
3308
5034
6780
6873
2121
3814
6858
7039
2509
7752
348
1219
7334
7773
8713
1023
8167
1845
9470
2785
5763
3626
4455
4737
683
1250
5973
7785
3231
4347
5241
1829
3894
9000
5932
5878
7080
7799
8521
7986
9775
9916
3873
8265
9176
3267
4085
9205
276
548
1948
7201
9768
8937
806
953
1936
3711
4600
5720
6791
2340
5719
5800
7314
40
4988
6695
4128
1054
1906
9903
3194
7854
3668
5691
5842
8726
5439
2403
2865
8272
5860
2463
4259
9718
9983
5425
2510
8836
2414
5937
5340
8979
1097
2736
3615
6827
3363
6487
4872
737
3931
4977
7422
1721
6538
6547
8370
5216
1628
7697
8242
1790
6262
5450
7822
2758
9147
4393
4825
2651
9606
4244
7278
4867
7163
9797
3967
6025
6072
5056
8366
2248
6003
6331
9387
6805
764
4446
4760
5412
1739
1937
2929
5417
5606
886
2103
5277
7082
8802
6752
6470
6505
8789
6305
2610
4087
8088
4110
7713
7885
1541
3175
1531
7774
172
9619
6903
127
776
2203
3137
4891
7121
629
6749
9936
5548
9171
813
2053
368
3493
532
70
4362
7063
2364
6942
8745
4624
5470
9038
3263
2269
2472
4738
5475
423
4774
1238
1306
5230
742
4438
5765
4156
3017
3305
4281
6382
7772
1856
7317
685
2459
8228
8524
8807
4815
432
6514
7639
5451
9948
1092
2133
38
2410
2751
3461
358
1647
6852
908
8019
9404
69
1578
7391
2504
5951
7379
7035
8640
9617
1
1352
5949
951
6448
7855
8731
23
3292
5058
5380
5519
2019
2226
8012
9633
6053
3397
6983
7852
1877
3688
3836
8717
9980
1049
3086
1328
745
650
7485
4819
7195
3661
5445
2708
3432
4090
6719
319
5014
6508
9145
8128
719
912
3572
5907
5939
8165
6009
3233
4372
4488
1784
2641
3340
890
9885
3379
8392
2601
4155
7727
826
788
1287
9489
9501
9811
7162
5545
8281
9503
194
640
622
2028
6394
1150
7067
3226
7206
7990
3058
6865
426
7423
9285
727
8314
9776
2952
4335
5329
8820
4649
6010
7579
8092
2993
3750
5953
6342
7546
7602
9002
34
3705
7750
401
1001
5921
9179
6289
8656
9053
8509
6655
6746
2895
7707
8495
8226
641
2772
3106
8814
5975
4148
2175
1391
7237
5149
9569
3067
1187
2995
6847
1563
8881
1488
2987
3890
5554
3959
916
4358
5114
7340
1396
2754
3501
4975
7649
4080
4582
6778
6200
7093
7622
6596
5580
9604
4014
5657
5254
7774
9328
5954
9492
5550
6364
8667
8851
4056
1570
3383
7283
2545
5181
9306
9985
8232
8800
2623
1925
4314
5916
1007
4272
4657
2702
9770
1641
8426
2777
2208
3899
6851
9279
2501
4753
389
9579
874
5459
3509
4053
9381
6597
9157
5125
6207
7055
9251
2939
1878
6516
8291
8475
1118
9795
4885
5342
3438
8483
314
4185
7118
977
8202
7296
7615
5509
5624
7170
9800
2692
5804
3685
6425
8279
9149
5516
6602
2205
2823
9724
8536
7123
1466
4342
2779
3569
3677
8256
7983
8195
981
1281
3341
3443
8615
7112
8864
8870
909
1347
8812
9476
6733
1914
2751
6882
2899
1090
2060
3609
6896
7660
1501
2348
2515
634
2071
6659
3987
5673
9504
9801
3200
3506
2596
6062
2387
2595
3071
3666
4451
6157
3237
3731
6876
3946
6054
1727
2523
5257
5460
8237
5086
8015
5579
6442
2256
4422
7672
5178
5993
5510
7020
211
4807
1763
3764
8244
2814
7610
6787
3169
3155
3333
597
9401
1249
3867
4000
5701
6180
6415
74
831
2716
925
3153
7036
9337
6044
9210
3714
4589
6964
5764
6674
3620
4924
2718
6099
7849
9303
1376
6354
3717
9717
4269
8498
5994
5795
4523
6734
3610
155
2821
5930
9399
4497
8156
8469
3904
9788
1157
2547
6648
1351
4203
4013
9594
5797
6618
3694
6167
6623
3488
2175
2632
3228
2117
9083
7678
7149
8758
4766
5756
6324
7496
3424
6280
7358
4996
6173
8254
8246
210
5337
7318
4892
53
546
8911
6755
7371
8537
9571
5185
5217
9290
8267
3195
5296
9953
3221
6518
8656
4283
4685
5574
6939
4015
6494
1527
4348
9320
6281
7160
473
2385
6767
7771
3416
5059
8794
8104
959
4630
8078
9642
7130
5163
7968
8077
5260
9229
5484
1176
8270
9422
7569
4886
7794
1098
1631
2119
8517
3834
4854
5889
6832
7322
8638
2107
3337
4219
5378
7297
1072
6372
2655
4627
8069
5487
2232
1329
3854
4028
1300
5622
1549
5437
8006
2571
9173
373
2531
5606
6562
9803
1722
5839
6979
1343
2244
4662
540
2807
7838
9268
892
4442
4034
1516
7510
8011
6502
8229
541
697
3520
8223
2783
3032
4713
5749
6074
3301
199
5685
4461
8360
8953
7228
8027
4255
8344
855
8323
1884
4277
9351
3163
8557
425
4274
5204
6300
1208
1593
3319
5321
8436
8653
8711
2642
3106
7618
1228
2307
4937
7311
7920
4498
4558
6462
7040
9400
6218
7135
933
1730
3074
3375
4519
639
5086
7273
8354
205
4699
5773
9048
2957
4528
6076
6723
9012
2877
9467
9098
936
5090
5852
8381
3846
5283
3655
2896
3724
5537
8110
416
6937
7614
5549
2674
1787
3236
3208
4048
9368
9730
2635
4543
7190
1859
5473
9972
5009
5978
9441
3984
8303
2085
7056
4148
7962
4669
5654
3309
4151
6174
7240
1485
3660
3671
572
5093
7329
1957
4252
658
8127
1261
1558
5112
5478
8878
9939
6509
6921
8905
525
829
6098
137
2400
7994
4656
8756
3376
1221
9343
3492
5338
8385
9019
3250
7282
9186
9549
2040
6288
9060
7229
8952
8002
7271
8687
5524
6819
4789
9830
6454
3511
5001
290
1728
2443
6795
6895
6983
2591
9870
7535
9326
9464
449
1251
7636
9584
4105
2889
3252
3627
7964
4011
9225
9259
2933
7090
8939
5016
9320
7047
8178
2108
7909
8779
9389
6941
3404
2928
4242
7207
165
4647
6358
2102
2262
5073
2911
6934
3781
3850
8737
9086
6703
6915
732
1344
4396
8477
2631
5275
1810
2164
4630
6607
216
2665
2572
8692
6960
340
1645
6449
6989
7238
4984
7420
9874
1606
1382
557
5295
5392
7147
7703
2494
2540
2336
8751
174
4901
9255
1323
5476
6677
757
9659
657
5542
7520
2931
3876
9530
3960
7293
8693
1578
4054
9783
4482
874
910
6274
9762
92
2080
9979
377
565
737
1665
4378
3529
9193
9742
2604
6982
644
2159
3698
8366
9897
346
1393
4167
6337
6772
8620
8689
3136
2970
1965
5634
464
7549
8326
5985
1976
9332
538
6732
8185
5780
9578
2767
5168
2352
2380
5243
7233
3523
7754
7923
8548
7253
4384
9866
9486
3950
1500
2153
2177
900
3285
8545
1147
2730
6063
8618
9859
2600
3174
7441
4930
8464
3452
7527
2160
3059
5964
6694
226
6134
2548
4020
1647
4374
6759
8198
9750
6419
7251
1260
2174
6949
7937
8918
2996
3294
6184
6513
8585
257
708
6569
7475
482
1129
761
1138
7929
2573
6330
6746
1447
4057
5686
7089
7670
9934
5884
2187
2211
6805
7027
9601
1006
9919
341
5731
4721
8787
6768
344
9553
3530
3453
407
2092
6564
9965
2306
4908
5854
4083
5147
1338
2408
3906
8306
3402
5983
2695
7582
4496
6978
3581
2481
1431
6380
3983
6584
913
2985
5967
41
4716
6832
520
6269
9600
3413
9273
294
4579
6328
3462
1452
2205
6485
846
6909
5609
9944
3364
4903
1649
9796
7963
7758
3769
8876
4814
6171
4085
357
2065
8889
2694
2860
4877
5557
7853
1516
1283
3201
1919
3486
9614
3471
5723
1497
3297
8063
2455
4445
5292
6144
2714
5652
4640
8339
8462
9785
3331
7681
2405
2336
9869
4779
9875
824
1557
2553
5430
6854
3031
584
3631
2445
1964
191
5775
8696
6441
1953
3112
3855
9140
1162
631
4022
1085
5633
8091
3889
7395
2698
3170
9781
2515
956
1437
7181
5218
3842
7598
7285
9136
5898
7595
1218
1227
4073
6227
8573
7416
505
8139
9832
2882
5131
6265
6167
1222
5865
7411
1124
3185
5175
6501
8133
8646
1057
2517
5053
7264
1882
105
979
4453
4094
859
1341
2279
6634
7777
1694
872
19
880
1211
3812
5536
7972
1245
548
1010
3041
9624
7269
7747
9141
9510
1871
841
1201
7148
7685
8364
4394
5054
4208
2756
8866
5752
6540
7745
2528
2744
3726
6065
3819
349
713
3613
3403
6412
8951
482
5535
3785
4457
6793
134
383
9556
1700
1576
2621
6972
812
3450
7642
719
3310
9707
3234
1184
8062
8603
4701
6287
8225
9502
9645
4114
5927
7959
9501
470
124
4217
2320
2214
5501
9162
8375
2703
6228
3999
4759
6969
1170
8550
3224
7022
5787
8030
523
2181
2867
4993
5374
6126
1152
7705
7526
1467
4684
1119
6662
739
8657
8928
9979
1203
1898
2832
7522
8683
6373
5246
9468
1941
3663
911
9789
791
2294
5530
2749
5268
6313
4899
6886
1415
764
1472
1615
6378
7427
7820
7961
3481
114
2419
3582
5217
900
1504
1080
6336
5573
39
6038
