192.6
192.6
192.6
192.6
192.6
192.6
192.6
192.7
192.7
192.7
192.7
192.7
192.7
192.7
192.7
192.7
192.7
192.7
192.7
192.7
192.7
192.7
192.7
192.7
192.7
192.7
192.7
192.7
192.7
192.7
192.7
192.7
192.7
192.7
192.7
192.7
192.7
192.7
192.7
192.7
192.7
192.7
192.7
192.8
192.8
192.8
192.8
192.8
192.8
192.8
192.8
192.8
192.8
192.8
192.8
192.8
192.8
192.8
192.8
192.8
192.8
192.8
192.8
192.8
192.8
192.8
192.8
192.8
192.8
192.8
192.9
192.9
192.9
192.9
192.9
192.9
193.0
193.0
193.0
193.0
193.0
193.0
193.1
193.2
193.2
193.3
193.3
193.5
193.5
193.7
193.8
193.9
194.0
194.0
194.0
194.2
194.4
194.6
194.9
195.2
198.7
198.8
198.8
198.9
198.9
198.9
199.0
199.0
199.0
199.0
199.0
199.0
199.0
199.0
199.0
199.0
199.0
199.0
199.0
199.0
199.0
199.1
199.1
199.1
199.1
199.1
199.1
199.1
199.1
199.1
199.2
199.2
199.2
199.2
199.2
199.2
199.2
199.2
199.2
199.2
199.2
199.2
199.2
199.2
199.2
199.2
199.2
199.3
199.3
199.3
199.3
199.3
199.3
199.3
199.3
199.3
199.3
199.3
199.3
199.3
199.3
199.4
199.4
199.4
199.4
199.4
199.4
199.4
199.4
199.5
199.5
199.5
199.6
199.6
199.7
199.7
199.9
200.0
200.1
200.1
200.1
200.2
200.4
200.5
200.6
200.8
200.9
201.5
201.7
201.9
202.1
202.6
202.8
203.2
203.3
203.8
204.0
204.0
204.0
204.0
204.0
204.0
204.0
204.1
204.1
204.1
204.1
204.1
204.1
204.1
204.1
204.2
204.2
204.2
204.2
204.2
204.2
204.2
204.2
204.2
204.2
204.3
204.3
204.3
204.3
204.3
204.3
204.3
204.3
204.3
204.3
204.3
204.3
204.4
204.4
204.4
204.4
204.4
204.4
204.4
204.4
204.4
204.4
204.4
204.5
204.5
204.5
204.5
204.5
204.5
204.5
204.5
204.5
204.6
204.6
204.6
204.7
204.7
204.8
204.8
204.8
204.8
204.9
204.9
204.9
204.9
205.0
205.1
205.1
205.2
205.3
205.4
205.4
205.5
205.6
205.6
205.8
205.9
206.0
206.0
206.0
206.1
206.3
206.4
206.9
206.9
206.9
207.1
207.5
207.8
208.0
208.5
208.5
208.5
208.5
208.6
208.6
208.6
208.7
208.7
208.7
208.7
208.8
208.8
208.8
208.8
208.8
208.9
208.9
208.9
208.9
208.9
209.0
209.0
209.0
209.0
209.0
209.1
209.1
209.1
209.1
209.2
209.2
209.2
209.2
209.2
209.2
209.2
209.3
209.3
209.4
209.4
209.4
209.4
209.4
209.4
209.4
209.5
209.5
209.5
209.5
209.5
209.6
209.6
209.6
209.6
209.6
209.7
209.7
209.8
209.9
209.9
209.9
210.0
210.0
210.1
210.1
210.1
210.2
210.3
210.4
210.5
210.7
210.8
210.9
211.0
211.0
211.1
211.2
211.2
211.3
211.8
212.5
212.7
212.7
212.9
213.2
213.3
213.5
213.6
213.6
214.3
214.4
214.7
215.6
215.7
215.8
215.8
215.8
215.8
215.8
215.9
215.9
216.0
216.0
216.0
216.2
216.5
216.5
216.5
216.5
216.5
216.5
216.6
216.7
216.8
216.8
216.8
216.8
216.8
216.9
217.0
217.3
217.3
217.4
217.4
217.4
217.4
217.5
217.7
217.9
217.9
217.9
218.1
218.3
218.3
218.4
218.4
218.4
218.5
218.6
218.6
218.6
218.7
218.7
218.8
218.8
218.9
218.9
219.0
219.1
219.1
219.2
219.2
219.2
219.3
219.5
219.5
219.5
219.8
219.9
220.0
220.0
220.1
220.1
221.0
221.0
221.3
221.5
221.8
221.9
222.1
222.2
222.5
222.6
222.7
223.4
223.6
223.6
224.3
224.7
224.8
225.1
225.1
225.5
225.5
225.5
225.6
225.6
225.6
225.7
225.7
225.7
225.7
226.0
226.2
226.3
226.3
226.6
226.6
226.6
226.7
226.9
227.3
227.3
227.4
227.4
227.4
227.5
227.6
227.6
227.7
227.8
228.3
228.3
228.4
228.4
228.4
228.5
228.6
228.7
228.7
228.7
229.1
229.2
229.2
229.3
229.5
229.5
230.3
230.3
230.4
230.4
230.6
231.2
231.5
232.0
232.0
232.8
232.9
233.2
233.3
233.3
234.2
236.7
236.9
238.0
239.1
239.5
240.1
240.4
242.4
244.8
244.9
250.0
250.5
262.0
268.2
512.2
512.2
512.2
512.3
512.3
512.3
512.3
512.3
512.3
512.3
512.3
512.4
512.4
512.4
512.4
512.5
512.5
512.5
512.5
512.5
512.5
512.5
512.5
512.5
512.5
512.5
512.5
512.5
512.5
512.5
512.6
512.6
512.6
512.6
512.6
512.6
512.6
512.6
512.6
512.6
512.6
512.6
512.6
512.6
512.6
512.6
512.6
512.7
512.7
512.7
512.7
512.7
512.7
512.8
512.8
512.8
512.8
512.8
512.8
512.8
512.8
512.9
512.9
512.9
512.9
512.9
512.9
512.9
512.9
513.0
513.0
513.0
513.0
513.0
513.0
513.0
513.1
513.1
513.1
513.1
513.1
513.2
513.2
513.2
513.4
513.4
513.4
513.4
513.5
513.8
513.8
513.8
513.9
513.9
514.0
514.1
514.1
514.6
515.0
515.3
518.2
518.3
518.3
518.4
518.4
518.4
518.5
518.5
518.5
518.5
518.5
518.6
518.6
518.6
518.6
518.6
518.6
518.7
518.7
518.7
518.7
518.8
518.8
518.8
518.8
518.8
518.8
518.9
518.9
518.9
518.9
518.9
518.9
518.9
518.9
518.9
518.9
518.9
518.9
519.0
519.0
519.0
519.0
519.0
519.0
519.0
519.0
519.1
519.1
519.2
519.2
519.2
519.2
519.2
519.2
519.3
519.3
519.3
519.3
519.4
519.4
519.5
519.5
519.5
519.6
519.6
519.6
519.7
519.7
519.8
519.8
519.8
520.0
520.0
520.0
520.0
520.1
520.3
520.3
520.4
520.4
520.5
520.9
521.0
521.0
521.2
521.5
521.9
522.0
522.8
523.2
523.7
523.8
524.0
524.3
525.0
525.7
525.7
525.7
525.7
525.7
525.7
525.8
525.8
525.8
525.8
525.8
525.9
525.9
525.9
525.9
525.9
525.9
525.9
525.9
525.9
525.9
526.0
526.0
526.0
526.0
526.0
526.0
526.0
526.0
526.0
526.0
526.0
526.0
526.1
526.1
526.1
526.1
526.1
526.1
526.1
526.1
526.1
526.1
526.1
526.2
526.2
526.2
526.2
526.2
526.2
526.2
526.3
526.3
526.3
526.3
526.3
526.4
526.4
526.4
526.4
526.5
526.5
526.6
526.8
526.8
526.9
526.9
526.9
527.0
527.0
527.2
527.3
527.4
527.5
527.5
527.6
527.7
527.7
527.7
527.9
527.9
528.0
528.0
528.1
528.2
528.3
528.6
528.7
528.7
528.8
528.9
529.3
529.3
529.8
529.9
530.2
530.3
530.3
530.3
530.3
530.4
530.4
530.4
530.4
530.4
530.4
530.4
530.5
530.5
530.5
530.5
530.6
530.6
530.6
530.7
530.7
530.7
530.7
530.8
530.8
530.8
530.8
530.9
530.9
530.9
530.9
530.9
531.0
531.0
531.0
531.0
531.0
531.1
531.1
531.1
531.1
531.1
531.1
531.2
531.2
531.2
531.2
531.2
531.3
531.3
531.3
531.4
531.4
531.4
531.5
531.5
531.6
531.6
531.6
531.7
531.8
531.9
532.0
532.2
532.2
532.2
532.4
532.4
532.5
532.5
532.6
532.7
532.9
533.3
533.3
533.5
533.8
533.9
534.2
534.2
534.8
535.0
535.5
535.8
536.6
536.7
536.7
536.9
537.1
537.1
537.2
537.2
537.2
537.2
537.3
537.4
537.6
537.6
537.7
537.8
537.8
537.8
537.8
537.8
537.8
537.9
538.1
538.2
538.2
538.2
538.2
538.3
538.3
538.4
538.4
538.6
538.8
538.9
539.0
539.0
539.0
539.0
539.1
539.4
539.4
539.4
539.4
539.5
539.6
539.6
539.7
539.8
539.8
539.8
539.9
540.0
540.0
540.1
540.1
540.2
540.2
540.3
540.6
540.6
540.6
540.8
540.9
541.0
541.2
541.4
541.4
541.5
541.8
542.0
542.0
542.1
542.1
542.3
542.9
543.2
543.2
543.4
543.6
543.9
544.2
544.5
544.7
545.6
546.2
546.3
546.6
547.2
547.7
548.2
548.4
548.6
548.8
548.8
549.0
549.4
549.6
549.7
549.9
550.0
550.2
550.3
550.6
550.7
550.9
551.1
551.3
551.3
551.6
551.7
552.0
552.2
552.4
552.8
552.8
552.9
553.1
553.2
553.6
554.0
554.3
554.4
555.0
555.1
555.4
555.5
555.6
556.4
556.5
557.3
557.4
557.6
559.3
560.3
560.7
560.9
561.2
562.0
562.6
563.0
563.8
564.9
565.2
568.7
591.9
830.6
830.7
830.7
830.7
830.7
830.7
830.7
830.8
830.8
830.8
830.8
830.8
830.8
830.8
830.9
830.9
830.9
830.9
830.9
830.9
830.9
830.9
830.9
830.9
830.9
830.9
830.9
830.9
830.9
830.9
830.9
830.9
830.9
830.9
830.9
830.9
830.9
831.0
831.0
831.0
831.0
831.0
831.0
831.0
831.0
831.0
831.0
831.0
831.0
831.0
831.0
831.0
831.0
831.0
831.0
831.0
831.0
831.0
831.0
831.0
831.0
831.0
831.0
831.0
831.0
831.0
831.0
831.1
831.1
831.1
831.1
831.1
831.1
831.1
831.1
831.1
831.1
831.1
831.1
831.1
831.1
831.1
831.1
831.1
831.1
831.1
831.1
831.2
831.2
831.4
831.4
831.4
831.5
831.5
831.6
831.7
831.7
832.3
832.7
833.0
836.9
836.9
837.0
837.1
837.1
837.2
837.2
837.2
837.2
837.2
837.2
837.2
837.2
837.3
837.3
837.3
837.3
837.3
837.3
837.3
837.3
837.3
837.4
837.4
837.4
837.4
837.4
837.5
837.5
837.5
837.5
837.5
837.5
837.5
837.5
837.6
837.6
837.6
837.6
837.6
837.6
837.6
837.6
837.6
837.6
837.6
837.6
837.7
837.7
837.7
837.7
837.7
837.7
837.7
837.7
837.8
837.8
837.8
837.8
837.8
837.8
837.8
837.8
837.8
837.8
837.9
837.9
837.9
837.9
837.9
837.9
837.9
838.0
838.0
838.0
838.0
838.0
838.1
838.1
838.1
838.1
838.2
838.6
838.9
838.9
839.0
839.4
839.6
839.7
840.7
841.1
841.4
841.7
841.8
842.2
842.6
843.4
844.1
844.1
844.2
844.2
844.2
844.2
844.2
844.3
844.3
844.3
844.3
844.3
844.3
844.3
844.3
844.3
844.4
844.4
844.4
844.4
844.4
844.4
844.4
844.4
844.5
844.5
844.5
844.5
844.5
844.5
844.5
844.5
844.5
844.5
844.5
844.5
844.5
844.5
844.5
844.6
844.6
844.6
844.6
844.6
844.6
844.6
844.6
844.6
844.6
844.6
844.6
844.7
844.7
844.7
844.8
844.8
844.8
844.8
844.8
844.9
844.9
844.9
844.9
845.1
845.2
845.2
845.2
845.3
845.4
845.5
845.5
845.6
845.6
845.8
845.8
845.9
846.0
846.0
846.0
846.1
846.2
846.2
846.3
846.4
846.4
846.7
846.8
846.9
847.0
847.2
847.5
847.7
848.0
848.0
848.2
848.6
848.7
848.8
848.8
848.9
848.9
848.9
848.9
849.0
849.0
849.0
849.0
849.0
849.0
849.0
849.1
849.1
849.1
849.1
849.2
849.2
849.2
849.3
849.3
849.3
849.3
849.3
849.4
849.4
849.5
849.5
849.5
849.5
849.5
849.5
849.6
849.6
849.6
849.6
849.7
849.7
849.7
849.7
849.7
849.7
849.7
849.7
849.8
849.8
849.8
849.8
849.8
849.8
849.9
849.9
849.9
849.9
850.0
850.0
850.1
850.1
850.3
850.4
850.5
850.6
850.7
850.8
850.9
850.9
850.9
851.0
851.1
851.5
851.7
851.7
852.2
852.2
852.4
852.6
852.6
853.1
853.3
854.0
854.2
854.3
854.3
855.0
855.1
855.4
855.6
855.8
855.8
855.8
855.8
855.9
856.0
856.0
856.3
856.3
856.3
856.3
856.4
856.4
856.5
856.6
856.7
856.7
856.8
856.8
857.0
857.0
857.0
857.1
857.1
857.1
857.1
857.3
857.3
857.4
857.4
857.5
857.6
857.6
857.7
857.8
857.8
858.0
858.1
858.2
858.2
858.3
858.3
858.4
858.5
858.5
858.7
858.7
858.7
858.8
858.9
859.0
859.1
859.1
859.2
859.3
859.4
859.4
859.6
859.6
859.6
859.9
859.9
860.2
860.2
860.3
860.5
860.5
860.7
860.7
860.8
861.0
861.4
861.6
861.6
862.2
863.3
863.5
863.7
864.0
864.7
864.8
865.2
865.3
865.6
865.7
866.7
866.8
866.9
867.1
867.3
867.9
868.6
868.7
868.7
868.8
868.9
869.2
869.2
869.9
869.9
870.3
870.4
870.4
870.9
871.1
871.3
871.7
872.4
872.6
872.6
872.7
873.3
873.9
874.3
874.9
876.3
876.3
876.4
876.5
876.9
877.8
878.5
879.6
880.0
880.1
880.6
881.0
887.6
890.7
915.7
915.8
