191.3
191.4
191.4
191.4
191.5
191.5
191.5
191.5
191.5
191.5
191.5
191.5
191.5
191.5
191.5
191.6
191.6
191.6
191.6
191.6
191.6
191.6
191.6
191.6
191.6
191.6
191.6
191.6
191.6
191.6
191.6
191.6
191.7
191.7
191.7
191.7
191.7
191.7
191.7
191.7
191.7
191.7
191.7
191.7
191.7
191.7
191.7
191.8
191.8
191.8
191.8
191.8
191.8
191.8
191.8
191.8
191.9
191.9
191.9
191.9
191.9
192.0
192.0
192.1
192.1
192.1
192.1
192.1
192.2
192.2
192.2
192.3
192.3
192.3
192.3
192.3
192.4
192.5
192.5
192.7
192.7
192.7
192.8
192.9
193.1
193.3
193.3
193.4
193.5
193.5
193.6
194.0
194.1
194.2
194.2
194.5
194.6
194.9
195.1
195.1
195.1
195.2
195.3
195.3
195.3
195.3
195.4
195.4
195.4
195.4
195.4
195.4
195.4
195.4
195.4
195.4
195.4
195.4
195.4
195.4
195.4
195.5
195.5
195.5
195.5
195.5
195.5
195.5
195.5
195.5
195.5
195.6
195.6
195.6
195.6
195.6
195.6
195.6
195.6
195.6
195.6
195.6
195.7
195.7
195.7
195.7
195.7
195.7
195.7
195.7
195.7
195.7
195.8
195.8
195.8
195.8
195.9
196.0
196.0
196.0
196.0
196.0
196.0
196.1
196.1
196.1
196.1
196.1
196.1
196.2
196.2
196.2
196.3
196.4
196.5
196.5
196.7
196.8
196.8
196.9
197.0
197.3
197.7
197.9
197.9
198.0
198.0
198.2
198.2
198.3
199.1
199.4
199.4
199.6
199.6
199.6
199.7
199.7
199.7
199.8
199.8
199.9
199.9
199.9
199.9
199.9
199.9
199.9
199.9
199.9
199.9
199.9
200.0
200.0
200.0
200.0
200.0
200.1
200.1
200.1
200.1
200.1
200.1
200.1
200.1
200.2
200.2
200.2
200.2
200.2
200.2
200.2
200.2
200.2
200.2
200.3
200.3
200.3
200.3
200.3
200.3
200.4
200.4
200.4
200.5
200.5
200.5
200.5
200.6
200.6
200.6
200.6
200.6
200.6
200.7
200.7
200.7
200.7
200.8
200.8
200.9
200.9
200.9
201.1
201.1
201.1
201.1
201.2
201.2
201.2
201.3
201.4
201.5
201.6
201.7
201.9
202.1
202.3
202.4
202.7
202.7
203.5
203.6
203.6
203.8
203.8
203.8
203.8
203.9
203.9
203.9
203.9
203.9
203.9
203.9
203.9
203.9
203.9
203.9
204.0
204.0
204.0
204.0
204.0
204.0
204.0
204.0
204.0
204.1
204.1
204.1
204.1
204.1
204.1
204.1
204.2
204.2
204.2
204.3
204.3
204.3
204.3
204.3
204.3
204.3
204.3
204.4
204.4
204.5
204.5
204.5
204.5
204.6
204.6
204.6
204.7
204.8
204.9
204.9
205.0
205.0
205.0
205.2
205.3
205.3
205.3
205.3
205.4
205.4
205.5
205.6
205.6
205.7
205.7
205.7
205.8
205.8
205.8
205.9
205.9
206.0
206.1
206.2
206.2
206.3
206.6
206.7
206.8
207.3
207.3
207.4
207.4
207.4
207.4
207.4
207.4
207.5
207.5
207.5
207.5
207.5
207.5
207.5
207.6
207.6
207.6
207.6
207.6
207.6
207.7
207.7
207.7
207.7
207.7
207.8
207.8
207.8
207.8
207.8
207.8
207.9
207.9
207.9
207.9
207.9
208.0
208.0
208.1
208.1
208.1
208.1
208.1
208.1
208.1
208.1
208.2
208.2
208.2
208.3
208.3
208.3
208.4
208.4
208.6
208.6
208.6
208.8
208.8
208.8
209.0
209.0
209.0
209.1
209.2
209.3
209.3
209.3
209.4
209.4
209.5
209.5
209.5
209.5
209.5
209.5
209.7
209.8
209.8
209.8
209.8
209.8
209.8
209.8
209.9
209.9
210.2
210.2
210.4
210.5
210.7
210.8
210.8
211.2
211.2
211.2
211.4
211.6
211.7
211.7
211.7
211.8
211.9
211.9
211.9
211.9
211.9
211.9
212.0
212.0
212.0
212.0
212.0
212.1
212.1
212.1
212.1
212.1
212.1
212.2
212.2
212.2
212.3
212.3
212.4
212.4
212.4
212.4
212.4
212.4
212.5
212.6
212.6
212.6
212.6
212.6
212.6
212.7
212.7
212.7
212.7
212.7
212.8
212.8
212.8
212.9
212.9
213.0
213.0
213.1
213.1
213.3
213.4
213.5
213.5
213.7
213.8
213.8
213.8
213.8
213.9
213.9
214.0
214.0
214.0
214.2
214.3
214.3
214.3
214.4
214.4
214.4
214.5
214.5
214.5
214.5
214.6
214.6
214.6
214.8
214.8
214.9
214.9
214.9
214.9
214.9
215.0
215.0
215.0
215.0
215.0
215.1
215.1
215.1
215.1
215.2
215.2
215.2
215.3
215.3
215.5
215.5
215.5
215.5
215.5
215.5
215.6
215.6
215.6
215.6
215.7
215.7
215.7
215.7
215.7
215.8
215.8
215.8
215.9
215.9
216.0
216.0
216.0
216.0
216.1
216.1
216.1
216.1
216.2
216.2
216.3
216.3
216.3
216.4
216.4
216.5
216.6
216.6
216.7
216.7
216.8
216.9
217.0
217.1
217.1
217.4
217.5
217.6
217.6
217.7
217.7
217.8
218.1
218.1
218.2
218.3
218.3
218.3
218.4
218.4
218.4
218.5
218.5
218.5
218.5
218.5
218.6
218.6
218.6
218.6
218.6
218.7
218.7
218.7
218.7
218.8
218.8
218.8
218.8
218.8
218.9
218.9
218.9
218.9
219.0
219.0
219.0
219.0
219.0
219.0
219.0
219.1
219.1
219.1
219.2
219.2
219.2
219.3
219.3
219.3
219.4
219.4
219.4
219.5
219.5
219.6
219.6
219.7
219.7
219.7
219.7
219.8
219.9
220.0
220.1
220.2
220.2
220.2
220.3
220.4
220.4
220.4
220.5
220.5
220.5
220.5
220.6
220.6
220.6
220.7
220.7
220.8
220.8
220.9
221.0
221.1
221.4
221.6
221.6
221.6
221.7
221.8
221.8
221.9
221.9
221.9
221.9
222.0
222.1
222.1
222.2
222.3
222.3
222.4
222.6
222.6
222.6
222.6
222.7
222.7
222.7
222.8
222.8
222.9
222.9
222.9
222.9
223.0
223.0
223.0
223.0
223.0
223.1
223.1
223.1
223.2
223.2
223.3
223.3
223.3
223.3
223.3
223.4
223.4
223.4
223.4
223.4
223.4
223.5
223.7
223.7
223.8
223.8
223.8
223.9
223.9
223.9
223.9
223.9
224.0
224.0
224.0
224.0
224.1
224.1
224.1
224.3
224.4
224.5
224.5
224.6
224.7
224.7
224.8
224.8
224.8
224.9
224.9
224.9
225.0
225.0
225.1
225.3
225.3
225.4
225.5
225.5
225.6
225.6
225.7
225.8
225.8
225.9
225.9
225.9
226.0
226.0
226.0
226.1
226.1
226.2
226.2
226.2
226.2
226.2
226.2
226.2
226.3
226.4
226.4
226.4
226.5
226.5
226.6
226.6
226.7
226.7
226.8
227.0
227.0
227.1
227.1
227.1
227.2
227.2
227.2
227.2
227.2
227.2
227.2
227.3
227.3
227.4
227.4
227.5
227.5
227.5
227.5
227.6
227.6
227.6
227.6
227.7
227.7
227.7
227.7
227.7
227.8
227.8
227.9
227.9
227.9
228.0
228.0
228.0
228.0
228.1
228.1
228.2
228.2
228.2
228.3
228.4
228.6
228.6
228.7
228.7
228.7
228.7
228.7
229.0
229.0
229.0
229.2
229.2
229.2
229.3
229.4
229.4
229.5
229.5
229.6
229.6
229.7
229.8
229.8
229.8
229.8
229.8
229.8
229.9
230.1
230.2
230.2
230.3
230.3
230.3
230.4
230.4
230.5
230.5
230.6
230.6
230.7
230.7
230.7
230.8
230.9
230.9
230.9
230.9
230.9
231.0
231.0
231.0
231.2
231.3
231.3
231.4
231.4
231.4
231.5
231.5
231.5
231.5
231.6
231.6
231.8
231.8
231.9
231.9
232.0
232.1
232.1
232.2
232.4
232.4
232.5
232.5
232.5
232.5
232.6
232.7
232.7
232.7
232.7
232.7
232.7
232.8
232.8
232.8
232.9
232.9
232.9
232.9
233.0
233.1
233.2
233.2
233.3
233.3
233.3
233.4
233.4
233.6
233.6
233.6
233.7
233.8
234.0
234.0
234.0
234.1
234.1
234.2
234.2
234.3
234.3
234.4
234.4
234.7
234.7
234.8
234.8
234.9
234.9
234.9
234.9
235.0
235.0
235.0
235.0
235.2
235.2
235.4
235.4
235.4
235.4
235.5
235.5
235.5
235.6
235.7
235.8
235.8
235.8
235.8
235.9
235.9
235.9
236.0
236.0
236.1
236.1
236.1
236.2
236.2
236.2
236.3
236.3
236.4
236.6
236.7
236.7
236.7
236.9
236.9
236.9
237.0
237.0
237.0
237.0
237.2
237.2
237.2
237.3
237.3
237.3
237.3
237.4
237.4
237.6
237.6
237.6
237.6
237.6
237.7
237.7
237.7
237.7
237.7
237.8
237.8
237.8
237.9
237.9
237.9
238.1
238.1
238.2
238.2
238.3
238.3
238.3
238.4
238.5
238.6
238.8
238.8
238.8
238.9
238.9
239.0
239.0
239.0
239.1
239.1
239.1
239.2
239.3
239.3
239.4
239.5
239.6
239.6
239.6
239.7
239.7
239.8
239.8
239.8
239.8
239.9
239.9
240.0
240.1
240.2
240.2
240.3
240.5
240.6
240.6
240.6
240.6
240.6
240.7
240.9
240.9
241.0
241.0
241.0
241.1
241.2
241.2
241.3
241.3
241.3
241.4
241.4
241.4
241.5
241.5
241.5
241.6
241.7
241.8
241.8
242.1
242.3
242.3
242.3
242.4
242.4
242.5
242.9
242.9
242.9
242.9
242.9
243.0
243.0
243.0
243.1
243.1
243.2
243.2
243.3
243.3
243.3
243.4
243.5
243.6
243.6
243.6
243.6
243.7
243.7
243.8
243.8
243.8
243.9
243.9
244.0
244.0
244.1
244.1
244.2
244.2
244.4
244.7
244.7
244.9
244.9
245.0
245.0
245.0
245.0
245.0
245.0
245.1
245.2
245.2
245.2
245.2
245.3
245.3
245.5
245.5
245.6
245.7
245.8
245.9
245.9
246.0
246.0
246.0
246.0
246.0
246.0
246.2
246.2
246.2
246.5
246.7
246.8
246.8
246.8
246.9
246.9
247.0
247.0
247.1
247.1
247.2
247.3
247.4
247.6
247.7
247.8
248.1
248.2
248.2
248.3
248.3
248.4
248.6
248.6
248.7
248.7
248.8
248.9
248.9
249.0
249.0
249.0
249.1
249.2
249.2
249.3
249.7
249.8
249.8
249.9
250.0
250.2
250.3
250.5
250.5
250.5
250.8
250.9
250.9
250.9
251.0
251.2
251.2
251.3
251.3
251.3
251.3
251.4
251.4
251.4
251.4
251.4
251.4
251.5
251.7
251.7
251.8
251.9
251.9
252.0
252.1
252.1
252.1
252.2
252.3
252.4
252.5
252.7
252.7
252.7
252.8
252.8
253.0
253.2
253.3
253.4
253.5
253.7
253.7
253.9
254.3
254.5
254.5
254.6
254.6
254.6
254.6
254.6
254.7
254.7
254.8
254.9
255.0
255.0
255.2
255.2
255.4
255.4
255.5
255.6
255.7
255.9
255.9
255.9
255.9
255.9
255.9
256.0
256.2
256.2
256.3
256.4
256.5
256.5
256.5
256.6
256.8
256.8
256.8
256.9
257.0
257.1
257.1
257.1
257.2
257.3
257.3
257.6
257.8
258.2
258.2
258.3
258.3
258.5
258.5
258.7
259.2
259.2
259.2
259.3
259.3
259.4
259.9
259.9
260.0
260.0
260.0
260.2
260.3
260.3
260.4
260.5
260.6
260.8
261.0
261.3
261.4
261.5
261.6
261.7
261.8
262.2
262.4
262.5
262.6
262.7
263.2
263.3
263.3
263.6
263.8
263.8
263.9
264.4
264.5
264.6
264.6
264.9
265.3
265.8
266.2
266.2
266.3
266.4
266.5
267.3
267.3
268.4
268.5
268.9
269.2
269.5
269.5
269.6
269.7
269.7
270.0
270.1
270.8
270.8
272.8
272.9
273.0
273.7
274.2
274.4
274.5
275.1
279.9
280.5
281.8
286.8
287.1
287.5
287.5
290.3
292.2
520.7
521.4
523.3
523.9
524.0
524.1
524.1
524.2
524.3
524.7
525.5
525.5
525.7
525.7
525.8
525.8
525.8
525.8
525.9
526.0
526.0
526.3
526.3
526.3
526.7
526.7
526.8
526.9
526.9
527.0
527.1
527.2
527.3
527.3
527.5
527.5
527.8
527.8
527.8
528.0
528.2
528.2
528.5
528.6
528.7
528.7
528.9
528.9
529.0
529.0
529.1
529.1
529.1
529.3
529.4
529.4
529.5
529.6
529.6
529.6
529.7
530.4
530.5
530.7
530.7
530.8
530.8
530.9
530.9
531.1
531.1
531.2
531.3
531.4
531.6
531.6
531.7
531.9
532.1
532.1
532.1
532.1
532.1
532.2
532.2
532.4
532.6
532.7
532.8
532.9
533.2
533.7
534.1
534.3
534.3
534.4
534.5
534.5
534.5
534.6
534.6
534.8
534.9
534.9
535.0
535.0
535.0
535.2
535.3
535.3
535.3
535.4
535.4
535.7
535.7
535.8
535.9
535.9
536.2
536.4
536.4
536.4
536.5
536.9
536.9
537.0
537.0
537.1
537.1
537.3
537.3
537.4
537.4
537.7
537.8
537.8
537.8
537.9
537.9
537.9
537.9
538.0
538.2
538.4
538.5
538.8
538.8
539.0
539.2
540.0
540.0
540.2
540.2
540.3
540.3
540.6
540.7
540.9
540.9
541.0
541.1
541.1
541.1
541.1
541.2
541.3
541.5
541.5
541.7
541.7
541.7
541.8
541.9
542.0
542.2
542.3
542.6
542.6
542.9
543.1
543.1
543.1
543.1
543.5
543.6
543.6
543.8
543.8
543.8
544.0
544.0
544.1
544.1
544.1
544.2
544.3
544.5
544.6
544.6
544.6
544.6
544.6
544.8
544.8
545.0
545.0
545.1
545.2
545.3
545.5
545.6
545.7
545.8
545.8
545.8
546.0
546.1
546.6
546.6
546.9
546.9
547.0
547.4
547.4
547.8
547.9
548.0
548.1
548.1
548.5
548.6
548.7
548.8
548.9
549.0
549.1
549.2
549.3
549.3
549.4
549.7
549.8
549.8
550.0
550.1
550.2
550.5
551.1
551.1
551.2
551.3
551.6
551.7
551.8
551.9
552.4
552.4
553.1
553.2
553.7
553.7
553.9
554.0
554.1
554.2
554.3
554.4
554.7
554.7
554.8
555.1
555.2
555.2
555.3
555.3
555.5
555.6
555.8
555.9
556.2
556.3
556.4
556.5
556.8
557.0
557.1
557.1
557.2
557.5
557.9
558.1
558.1
558.5
559.0
559.2
559.2
559.3
559.3
559.4
559.5
559.5
559.6
559.6
559.7
559.9
559.9
560.0
560.6
560.6
560.6
560.9
561.0
561.1
561.5
562.0
562.0
562.5
562.8
562.9
564.1
564.4
564.6
564.6
565.2
565.4
565.5
565.7
566.2
567.2
567.5
567.7
569.0
570.2
570.8
571.6
571.8
571.9
572.6
580.0
581.9
590.2
596.3
680.3
680.3
680.3
680.3
680.3
680.4
680.4
680.4
680.4
680.4
680.5
680.7
680.8
680.8
680.8
681.0
681.0
681.0
681.1
681.1
681.2
681.3
681.3
681.6
681.6
681.6
681.7
681.8
681.8
682.0
682.0
682.2
682.3
682.8
683.1
683.6
683.7
684.0
684.1
684.1
684.1
684.1
684.1
684.1
684.1
684.2
684.4
684.4
684.5
684.5
684.5
684.6
684.7
684.8
684.8
684.9
685.0
685.1
685.1
685.2
685.2
685.4
685.5
685.5
685.6
685.8
685.9
685.9
686.1
686.1
686.2
686.3
686.4
686.5
686.8
686.9
687.0
687.0
687.1
687.4
687.7
688.0
688.4
688.5
688.5
688.7
688.7
688.7
688.8
688.9
689.0
689.2
689.2
689.3
689.3
689.4
689.5
689.6
689.6
689.6
689.9
690.0
690.0
690.0
690.2
690.2
690.2
690.3
690.4
690.6
690.7
690.7
691.0
691.1
691.1
691.2
691.3
691.3
691.3
691.5
691.6
691.6
691.9
691.9
691.9
692.0
692.1
692.5
692.5
692.6
692.7
692.9
693.1
693.4
693.8
694.3
694.5
694.8
694.8
694.8
694.9
694.9
694.9
695.1
695.2
695.2
695.2
695.2
695.3
695.3
695.3
695.4
695.4
695.7
695.7
695.8
695.9
696.2
696.4
696.5
696.6
696.7
696.9
697.0
697.0
697.0
697.0
697.7
697.7
697.8
698.1
698.2
698.4
698.5
698.5
698.5
698.5
698.5
698.6
698.6
698.7
698.7
698.7
698.7
698.8
698.9
698.9
699.2
699.2
699.2
699.3
699.5
699.5
699.7
699.8
699.8
699.8
700.0
700.0
700.1
700.1
700.3
700.4
700.4
700.4
700.7
700.8
701.0
701.1
701.3
701.4
701.5
701.8
701.9
701.9
702.1
702.4
702.5
702.9
703.0
703.0
703.0
703.1
703.1
703.1
703.2
703.2
703.2
703.3
703.7
703.8
703.9
703.9
704.0
704.0
704.0
704.2
704.3
704.3
704.4
704.4
704.5
704.7
704.8
704.8
704.9
705.1
705.3
705.3
705.3
705.4
705.5
705.5
705.6
705.7
705.8
705.9
705.9
706.0
706.0
706.3
706.6
706.6
706.7
706.8
706.8
706.9
707.0
707.0
707.1
707.1
707.1
707.3
707.3
707.4
707.5
707.9
708.2
708.3
708.3
708.5
708.6
708.6
708.6
708.7
708.8
709.2
709.3
709.5
709.6
709.6
709.7
709.8
709.9
709.9
709.9
710.0
710.0
710.1
710.1
710.1
710.2
710.4
710.4
710.6
710.6
710.7
710.7
711.3
711.3
711.4
711.6
711.7
711.8
711.9
711.9
712.1
712.2
712.3
712.3
712.3
712.4
712.5
712.5
712.6
712.6
712.7
712.7
713.1
713.1
713.2
713.3
713.5
713.5
713.6
713.7
713.8
713.8
713.8
713.9
713.9
713.9
713.9
714.0
714.3
714.4
714.4
714.5
714.6
714.6
714.8
714.8
714.8
714.9
715.0
715.0
715.2
715.2
715.2
715.3
715.7
715.7
715.7
715.8
715.8
715.8
716.0
716.1
716.2
716.4
716.5
716.6
716.6
716.6
716.7
716.7
716.7
716.9
717.0
717.0
717.0
717.3
717.3
717.3
717.3
717.6
717.9
718.1
718.1
718.4
718.4
718.5
718.5
718.5
718.6
718.7
718.7
719.0
719.1
719.2
719.5
719.5
719.5
719.6
719.6
719.8
720.0
720.1
720.2
720.5
720.6
720.6
720.6
720.7
720.7
721.1
721.1
721.2
721.2
721.6
721.8
721.8
722.0
722.0
722.1
722.5
722.5
722.6
722.6
722.7
722.7
723.8
723.8
723.8
723.8
723.9
724.4
724.4
724.5
724.8
725.0
725.2
725.3
725.3
725.7
726.0
726.4
726.5
726.6
726.7
727.5
727.5
727.5
727.6
727.7
727.7
728.0
728.3
728.5
728.5
728.8
728.8
729.1
729.3
729.7
729.9
730.5
730.8
731.3
731.3
731.3
731.8
731.8
731.9
732.7
733.8
734.1
734.2
734.4
734.8
734.9
735.0
735.1
735.5
737.4
737.6
737.8
738.1
738.2
740.3
740.4
740.7
741.5
743.5
744.8
747.7
748.8
837.2
837.9
838.3
838.4
838.4
838.9
839.3
839.3
839.3
839.4
839.4
839.5
839.5
839.6
839.7
840.3
840.4
840.6
841.1
841.1
841.3
841.4
841.4
841.6
841.6
841.8
841.9
842.0
842.0
842.1
842.1
842.1
842.2
842.2
842.2
842.3
842.5
842.5
842.6
842.7
843.0
843.0
843.0
843.1
843.1
843.2
843.2
843.4
843.5
843.7
844.0
844.1
844.3
844.5
844.7
844.7
844.7
844.8
845.0
845.1
845.1
845.3
845.4
845.5
845.5
845.6
845.6
845.8
846.3
846.3
847.1
847.3
847.3
847.3
847.6
847.6
847.7
847.7
847.8
847.9
848.2
848.3
848.5
848.9
849.1
849.1
849.3
849.3
849.4
849.6
849.8
850.0
850.3
850.4
850.7
850.9
850.9
851.0
851.1
851.2
851.2
851.2
851.3
851.3
851.5
851.6
851.6
851.6
851.7
851.9
852.2
852.4
852.7
852.8
853.1
853.2
853.3
853.5
853.7
854.2
854.5
854.5
854.7
855.1
855.2
855.2
855.3
855.4
855.6
855.9
855.9
856.0
856.3
856.5
856.7
856.9
857.0
857.1
857.3
857.5
857.6
857.9
857.9
858.2
858.3
859.0
860.4
860.5
860.6
860.7
861.0
861.1
861.5
861.5
861.7
861.7
861.7
861.8
862.1
862.2
862.3
862.5
862.5
862.6
863.1
863.4
863.4
864.6
864.8
864.9
865.1
865.7
866.7
867.1
867.8
868.1
868.7
869.7
870.6
870.9
872.1
872.2
872.4
872.4
872.4
872.9
874.9
875.3
878.0
881.4
881.7
882.4
882.9
884.0
885.8
886.4
886.5
896.7
997.0
997.0
997.4
997.5
997.6
997.7
998.0
998.0
998.0
998.2
998.2
998.3
998.3
998.4
998.5
998.7
998.9
998.9
998.9
998.9
999.0
999.1
999.2
999.2
999.2
999.3
999.4
999.4
999.4
999.4
999.5
999.5
999.6
999.6
999.7
