39
22
24
32
33
34
35
36
37
38
40
41
42
43
44
45
46
47
48
49
50
54
59
60
62
64
67
74
75
13
14
15
16
17
18
19
21
23
25
26
27
28
29
30
31
51
52
53
55
56
57
58
61
63
65
66
68
69
70
71
72
73
76
77
78
79
80
82
83
84
86
20
81
85
88
89
8
9
10
11
12
87
7
90
91
6
92
4
5
93
94
95
2
3
96
1
0
97
98
99
43
22
32
34
39
40
59
64
15
17
18
24
33
36
37
38
41
42
44
45
46
47
48
49
50
51
52
54
55
56
60
61
62
66
67
75
13
14
16
19
21
23
25
26
28
29
30
31
35
53
57
58
63
65
68
69
71
74
20
27
70
72
73
76
79
77
78
80
82
81
83
84
86
85
88
89
87
12
8
9
10
11
90
91
7
92
6
4
5
93
94
95
96
3
2
1
40
42
48
51
62
0
31
32
34
36
39
43
45
47
52
57
61
66
33
41
46
49
56
59
60
71
30
38
50
53
54
55
58
63
67
74
17
22
24
25
28
37
44
64
65
68
69
70
73
15
16
21
23
27
29
35
72
97
18
26
75
19
76
77
79
80
81
14
20
78
98
13
82
84
83
85
86
87
88
99
89
12
9
8
91
11
90
10
92
7
6
5
94
4
93
40
42
48
51
61
62
39
45
52
66
31
32
36
43
47
57
30
33
34
56
60
71
41
46
49
55
59
74
50
54
58
67
70
73
37
38
53
63
65
68
69
96
17
22
24
25
28
35
44
64
72
23
27
29
95
16
21
26
15
75
76
19
77
18
79
81
20
78
80
3
82
14
84
13
83
2
85
86
87
1
88
89
12
9
0
8
11
91
42
48
51
61
62
66
90
40
97
10
36
45
52
31
32
39
43
57
34
47
56
60
71
30
33
59
74
46
49
55
41
67
70
73
50
53
54
58
63
92
7
17
38
65
68
69
22
25
28
37
64
72
24
35
44
98
6
21
23
27
29
16
26
75
76
77
15
19
79
81
18
80
20
78
5
4
82
84
94
14
99
83
13
85
87
93
86
88
42
48
51
61
40
52
62
66
45
96
36
39
47
57
89
31
32
43
3
34
56
60
71
95
30
33
46
49
55
59
74
41
12
58
67
70
73
50
53
54
63
9
11
38
65
68
69
2
17
37
64
1
8
22
25
28
44
72
24
23
27
91
10
21
29
35
16
76
90
26
75
15
77
81
79
18
19
80
78
7
20
92
0
6
84
82
14
5
83
42
48
51
4
40
52
61
62
85
97
13
45
66
87
36
39
43
47
57
86
56
31
32
49
60
94
33
34
41
46
55
59
71
30
50
53
54
58
63
67
98
38
70
74
88
37
44
65
73
64
68
69
93
28
35
72
25
89
17
22
24
27
29
23
21
26
75
16
76
12
96
77
15
3
9
79
81
18
19
11
78
80
8
95
20
99
10
2
48
91
42
51
90
61
62
82
1
40
45
52
66
84
36
39
43
47
57
14
31
56
60
32
34
49
71
33
46
59
83
30
41
55
7
50
53
54
58
67
70
74
92
63
6
13
38
73
85
87
37
65
68
69
86
44
64
5
72
25
28
35
17
22
24
27
29
0
23
75
88
21
26
4
76
16
77
89
94
15
79
81
18
19
78
80
20
42
48
51
52
61
62
97
12
40
66
45
57
93
47
9
36
39
43
31
56
82
11
60
8
32
34
49
71
33
46
59
84
55
30
41
98
10
14
58
74
3
67
70
96
50
53
54
63
73
83
91
38
65
68
69
90
37
64
95
44
85
72
87
13
28
25
86
35
2
22
24
1
17
27
23
29
7
21
75
6
76
92
26
16
42
48
51
88
5
77
52
40
45
61
62
15
47
79
81
99
57
18
43
66
19
39
78
36
49
56
60
80
89
4
46
20
55
59
31
32
34
41
33
58
71
50
53
54
30
63
67
94
12
70
74
82
0
38
65
68
69
73
37
44
64
84
9
11
72
8
14
28
35
25
83
93
10
22
24
27
29
91
17
23
85
97
42
48
51
75
87
21
26
90
13
40
52
61
62
76
86
96
45
3
16
47
57
66
43
77
39
36
56
60
49
79
81
15
46
59
18
19
55
95
31
32
34
71
78
33
41
7
58
80
88
50
53
54
20
30
63
67
2
6
92
98
70
74
1
38
65
5
64
68
69
73
37
44
89
72
82
28
35
4
84
25
48
51
12
22
24
42
14
27
29
94
17
23
52
61
62
75
40
45
83
9
21
26
47
57
11
66
43
76
39
8
16
36
56
60
85
49
99
77
87
46
13
31
32
55
59
34
71
0
33
41
86
58
79
81
91
15
50
53
54
10
18
19
30
63
67
93
70
78
80
38
65
44
68
74
90
20
37
64
69
73
48
51
88
35
72
96
42
28
52
3
25
45
82
40
61
62
97
47
57
7
24
27
29
43
22
66
92
56
84
17
39
75
23
49
60
89
36
6
46
95
5
21
26
55
59
14
76
32
34
41
58
83
31
50
53
54
71
33
16
2
63
67
77
1
12
30
70
4
44
38
65
64
79
37
68
69
81
85
74
87
19
73
15
18
98
13
48
51
78
9
94
42
86
11
80
52
20
35
45
72
61
62
8
40
28
47
57
25
66
43
56
39
60
27
29
49
91
24
36
82
22
46
55
59
75
10
23
17
34
41
58
88
26
32
54
71
31
50
53
21
33
90
93
63
67
76
84
30
70
65
16
38
44
64
77
37
68
69
48
73
74
51
14
42
83
79
52
89
45
61
62
81
18
19
40
78
72
35
47
57
15
66
0
28
43
92
7
20
80
96
56
39
60
85
25
49
5
36
46
87
99
3
55
59
6
13
27
29
12
24
32
41
58
86
34
50
53
54
22
71
75
31
33
63
23
67
26
82
95
17
44
48
21
51
65
9
30
38
64
70
76
42
37
52
68
69
11
97
45
61
4
62
73
74
40
47
57
1
16
77
84
8
43
56
35
66
72
49
60
79
39
46
94
55
78
28
36
59
88
18
81
2
19
41
50
58
53
54
14
15
25
83
91
32
34
10
63
20
71
31
80
29
33
48
67
27
51
44
75
24
42
52
65
38
64
22
70
45
30
61
68
37
62
69
23
47
26
40
57
89
17
73
43
74
76
21
56
90
49
66
60
85
87
46
82
39
93
35
55
72
59
13
36
58
77
50
54
41
53
86
16
98
28
63
34
51
48
71
32
79
67
31
44
33
25
42
52
78
65
45
64
29
61
12
38
62
18
47
70
27
81
84
19
57
68
75
40
5
37
69
30
43
24
56
66
60
15
49
73
20
7
22
46
55
39
59
74
80
26
23
36
58
50
54
35
53
41
72
9
14
51
48
76
21
63
83
17
52
6
44
34
42
71
32
67
92
45
28
61
47
62
64
65
31
33
57
11
40
38
88
43
77
82
56
68
70
69
37
49
60
25
46
66
55
16
30
59
29
39
75
50
58
8
54
73
53
51
79
27
36
41
48
78
52
74
63
24
35
44
42
45
72
47
61
62
3
18
57
67
4
81
34
40
71
19
64
22
26
65
32
43
56
85
49
38
60
46
23
33
55
68
70
59
69
76
87
86
66
20
50
54
58
51
31
53
91
39
48
37
28
52
80
21
96
41
13
84
36
45
63
44
47
1
0
62
42
15
61
89
73
30
57
92
93
94
95
96
90
91
97
98
99
4
5
6
7
9
1
2
3
8
10
11
12
0
88
89
13
86
85
14
87
84
83
15
82
81
17
80
16
18
19
79
20
21
78
77
22
76
23
24
90
91
92
8
9
93
10
11
12
25
94
26
88
7
27
89
6
75
95
28
96
4
29
74
5
13
30
86
85
14
87
73
31
72
3
2
32
84
71
83
15
33
70
97
1
34
35
36
69
0
37
66
67
68
98
38
39
65
82
64
81
17
40
80
63
18
41
62
16
42
43
59
60
61
19
79
99
55
56
58
44
45
54
57
21
46
47
48
49
50
51
52
53
20
78
77
22
76
23
24
25
26
27
75
28
29
74
30
31
73
88
89
72
32
90
13
85
86
91
33
14
71
34
87
70
8
12
15
35
83
92
10
84
9
36
69
11
37
68
81
38
66
39
17
67
80
16
6
82
94
96
7
19
93
5
18
79
64
65
21
22
20
40
77
95
4
41
78
76
61
63
3
23
24
2
42
59
62
43
60
25
1
26
55
56
45
54
57
29
58
44
27
97
53
74
75
28
30
48
99
52
31
0
46
47
49
50
51
73
72
98
88
33
85
32
86
71
70
87
13
14
35
36
90
91
34
89
68
83
84
12
15
16
17
80
9
69
92
81
8
39
66
38
37
22
67
18
19
11
21
40
65
20
64
77
10
82
43
79
94
42
61
23
24
59
76
41
62
63
7
60
78
56
96
5
26
25
6
55
45
54
44
27
48
57
74
29
53
58
46
93
30
47
50
4
52
49
28
31
51
75
95
3
73
2
72
85
32
33
84
87
17
16
15
13
86
71
88
83
36
80
81
14
35
91
19
70
34
18
21
22
89
90
20
77
12
68
82
23
79
8
24
1
66
92
9
78
39
76
11
37
26
69
10
25
38
40
97
27
7
0
29
5
6
67
28
74
30
42
43
94
4
61
15
17
31
16
41
85
84
62
98
13
56
87
65
14
81
19
48
75
73
86
96
18
83
93
33
57
22
60
55
80
21
88
59
24
47
52
64
23
20
45
32
58
72
44
77
34
63
79
36
12
99
53
50
82
89
76
35
49
51
25
78
46
26
91
70
39
27
57
46
48
50
51
52
53
54
56
47
49
55
58
59
44
45
60
61
62
63
42
43
64
41
65
40
66
67
68
69
39
70
38
71
37
36
72
35
34
73
33
32
74
75
31
30
93
94
95
96
97
98
29
92
99
90
91
28
57
76
48
54
11
46
50
51
52
53
56
0
1
2
3
4
5
6
7
9
44
45
47
49
55
58
59
60
62
8
10
61
12
27
77
63
25
26
43
42
64
78
41
65
79
40
66
67
88
68
80
24
89
22
69
82
39
81
13
23
70
71
86
38
21
37
85
83
14
18
84
17
36
19
20
72
87
16
35
73
15
34
33
32
74
75
48
31
51
52
54
57
47
49
50
55
56
62
45
46
53
59
60
61
44
58
63
64
43
42
30
40
41
65
66
67
69
68
29
39
28
76
71
70
77
38
25
37
78
79
36
27
72
26
73
80
34
24
32
82
81
33
94
35
92
93
22
23
51
48
52
91
21
74
90
57
47
75
45
56
61
62
46
49
54
60
95
55
59
8
9
96
50
53
58
42
63
89
31
43
44
10
11
40
64
84
17
41
66
83
88
65
97
18
67
5
12
7
16
85
4
6
19
20
39
68
30
69
3
86
87
1
14
71
98
15
70
13
38
51
52
48
36
37
57
0
47
49
54
45
46
56
99
28
55
61
62
50
53
76
59
60
58
72
2
29
34
42
73
63
44
32
43
77
35
40
64
33
41
66
79
25
65
78
67
27
74
75
39
68
51
26
52
48
69
71
47
57
49
54
24
31
45
70
81
46
56
80
55
61
50
53
62
82
38
59
60
58
37
22
23
36
42
44
63
43
30
64
21
40
72
73
34
41
66
32
65
67
33
28
35
51
76
17
52
84
48
74
39
47
57
68
69
18
45
49
29
71
83
56
77
16
54
62
75
46
55
61
50
53
59
60
70
58
79
19
25
42
38
44
31
63
43
20
78
15
36
37
40
64
86
85
87
41
27
66
51
52
73
34
65
48
67
72
47
30
57
32
49
24
45
26
56
46
54
81
55
61
89
39
50
62
33
53
58
60
80
59
68
88
69
35
74
42
71
82
44
22
43
63
23
70
14
38
40
75
51
64
76
28
52
41
48
36
66
37
31
47
21
65
67
29
49
57
45
46
56
54
50
55
77
34
61
73
62
53
25
72
60
58
59
93
39
32
79
42
68
69
44
33
78
43
63
71
30
17
27
51
35
40
74
52
70
84
13
48
64
16
41
92
38
66
91
47
94
9
18
36
57
83
26
49
45
19
65
75
67
24
37
56
81
54
46
55
90
15
50
61
62
28
53
11
31
8
59
60
20
58
82
76
34
39
73
23
12
42
10
22
80
72
32
68
44
63
69
43
51
29
52
71
40
48
33
64
21
41
47
70
5
77
87
57
66
85
35
38
25
30
45
49
74
56
46
86
54
61
55
62
50
65
67
53
36
59
60
58
79
37
78
42
51
39
44
27
52
43
48
4
34
75
63
40
31
47
73
68
57
71
69
32
45
49
72
24
28
41
56
46
64
1
62
61
50
17
53
54
26
96
76
14
66
55
70
60
65
33
38
58
59
67
88
13
14
15
85
86
87
89
83
84
88
16
17
18
19
12
81
82
8
9
11
20
21
10
80
90
22
23
91
7
79
24
92
6
4
78
5
77
93
25
94
26
27
76
95
96
3
2
28
1
0
29
97
98
99
30
13
14
15
31
89
88
12
8
9
11
85
86
10
87
90
91
7
84
92
6
17
16
83
18
19
4
75
21
20
5
93
94
32
22
95
23
82
81
96
24
3
74
2
80
33
1
34
79
0
97
25
26
13
27
14
78
15
98
28
77
29
12
8
9
10
35
11
89
76
88
17
16
36
99
30
85
7
86
6
19
18
87
5
31
90
21
73
91
20
4
22
37
83
84
92
72
3
2
23
24
94
96
38
93
39
81
95
1
32
80
71
82
33
70
40
25
74
26
13
75
0
14
79
27
15
97
77
29
69
12
88
34
9
16
17
68
8
78
28
85
86
89
87
11
66
76
19
30
10
18
99
7
21
90
35
98
22
20
5
6
31
91
42
4
23
83
36
24
2
3
92
84
43
13
14
15
81
73
41
25
17
9
12
26
16
8
94
67
72
1
82
11
27
0
80
18
19
7
10
20
21
32
6
22
29
93
37
5
28
33
96
23
79
64
4
14
13
24
15
30
65
38
39
75
9
88
3
77
2
17
95
16
12
8
74
69
70
71
66
67
68
72
73
65
39
64
74
75
37
38
35
36
40
41
43
63
33
34
42
62
32
59
60
61
44
45
31
55
56
57
58
47
54
46
48
49
50
51
53
76
30
52
29
77
78
28
79
26
27
25
80
24
81
82
22
23
83
84
91
85
86
88
89
90
92
87
93
94
95
96
64
65
66
67
68
69
21
70
71
40
43
62
63
97
42
59
60
61
72
39
41
73
98
44
99
45
54
55
56
57
58
74
75
46
47
48
49
38
50
51
52
53
19
20
37
36
35
76
18
34
77
16
17
78
33
79
32
80
31
82
81
6
9
4
7
10
5
8
11
12
30
0
1
2
3
29
28
13
27
26
15
25
14
83
84
24
88
86
89
22
85
