8017
8387
8355
8144
8425
8322
8241
8408
8455
8206
8273
8329
8487
7983
8073
8054
8092
8380
8229
8334
7971
8276
8247
8266
8454
8143
8265
8308
8148
8328
8063
8082
8120
8185
8232
8234
8258
8473
7980
8040
8074
8125
8174
8430
8333
7870
7942
8067
8105
8270
8111
8181
8253
8259
8261
8279
8379
8077
8250
8401
8432
8048
8065
8076
8178
8269
8272
8277
8440
8176
8262
8281
8285
8321
8369
8374
7825
8135
8190
8357
8376
8391
7981
8118
8284
8347
8007
8024
8029
8194
8306
8309
8449
8028
8049
8071
8075
8212
8254
8318
8390
8412
8484
8233
8300
8451
8036
8299
8317
8319
8359
8406
8415
8421
7987
8032
8100
8129
8472
8483
7901
7975
8360
7963
8314
8016
8034
8382
8395
8407
8450
8490
8078
8083
8153
8154
8184
8245
8350
8410
8463
7878
7966
8180
8183
8223
8237
8364
8393
8400
8414
8478
8491
8499
8057
8088
8101
8145
8173
8236
8275
8337
8405
8103
8264
8292
8301
8368
7994
8053
8149
8291
8378
7959
8043
8230
8304
8403
8420
8485
7993
8127
8131
8383
8392
7857
8027
8096
8119
8134
8221
8224
8349
8452
7880
7889
8084
8116
8201
8289
8313
8327
8348
7995
8162
8214
8278
8331
8373
8488
7953
8124
8140
8215
8251
8286
8325
8361
8404
7950
8099
8336
8365
7865
7952
8020
8087
8172
8216
8385
8427
8107
8128
8005
8031
8068
8191
8307
8338
8402
8493
8197
8362
8443
7895
8110
8196
8219
8288
8326
8445
8458
8495
7749
7946
8019
8112
8324
8344
8351
8486
8515
8533
7856
7996
8008
8089
8205
8257
8296
8411
8423
8465
7997
8059
8061
8109
8218
8377
7945
8013
8085
8243
8439
8508
7837
7921
7961
8122
8138
8166
8238
8252
8353
8375
8394
8417
8513
7771
7976
8006
8060
8115
8163
7938
8001
8050
8070
8102
8239
8316
8343
8479
7787
7937
8052
8147
8156
8200
8448
8511
8577
7915
7972
8025
8240
8263
8381
8388
8433
7732
8177
8209
8295
8457
7962
8260
8358
8528
8130
8384
8524
8529
7810
7998
8186
8157
8187
8248
8249
8370
7930
8046
8090
8123
8167
8294
8302
8397
8161
8371
7906
7979
8193
8303
8525
7949
8152
8246
8503
7869
7900
8189
7916
7986
8030
8136
8297
8342
8476
8093
8203
8339
8413
8435
7805
7868
7903
8315
8459
8481
7826
7891
7933
8069
8098
8159
8220
8320
7744
7893
7951
7985
8354
8422
8453
8467
8489
8505
7832
7927
7956
8010
8055
8113
8335
8520
7973
8015
8094
8202
6306
7774
8047
8204
8518
7932
8081
8396
8310
8346
8441
8086
8139
8155
8500
7822
7883
8192
8255
8341
7848
7948
8137
8141
8242
8372
7960
8165
8496
7835
8356
7935
8051
8437
7920
8287
8431
8438
7940
8160
7784
7941
8267
8546
7808
7824
7867
7896
7725
7926
7968
7978
8039
8195
8480
8562
7982
8399
8564
7852
8323
7954
8464
8512
8389
7908
8023
7990
8235
8003
8199
5820
7914
7934
7992
8009
8188
8345
8446
8475
7871
8416
8424
7711
8058
8207
5815
7881
8037
8222
8386
7872
8018
7811
7861
7917
8198
8366
7943
7964
8164
8064
8298
7864
7923
7988
8041
8228
8522
7695
8523
8531
7886
8429
7598
8002
8044
8133
8367
8418
7936
7984
7991
8492
7855
8519
7719
7841
7967
8179
8532
8091
7931
8447
7145
7767
8097
8217
8509
6010
8121
8471
6237
7818
8543
7928
8549
7570
7876
8559
7845
7909
8014
8506
7794
8444
7877
7947
8501
7955
8507
8536
7885
5842
7899
6335
7925
6351
8066
8565
7797
8231
8169
8442
8530
7882
8226
8283
7686
7751
8363
6234
7710
7843
7256
7721
8210
7599
5802
8352
7768
8474
8012
8535
8045
7913
7820
8436
8477
7815
8576
8469
7801
7765
8211
8150
7759
7977
6011
7875
8021
8460
7298
7720
8584
7892
7791
7702
8526
8168
7819
8580
8170
8571
8072
7905
7844
7910
8017
8144
8387
8355
8329
8092
8425
8408
8054
8229
8276
8322
8455
7983
8073
8082
8206
8234
8241
8265
8266
8487
7971
8040
8120
8174
8185
8273
8380
8067
8143
8148
8247
8253
8269
8308
8334
8430
8454
8473
7980
8125
8250
8270
8279
8281
8321
8333
8374
8432
7870
8063
8074
8105
8111
8118
8181
8232
8258
8259
8261
8262
8272
8277
8284
8328
8369
8376
7825
7942
7981
8007
8024
8034
8048
8065
8076
8077
8100
8135
8176
8178
8190
8233
8317
8357
8379
8391
8395
8401
8028
8032
8036
8049
8129
8145
8183
8194
8212
8236
8237
8245
8285
8300
8301
8306
8314
8318
8347
8406
8412
8415
8421
8440
8449
8450
8463
8483
8484
8491
8499
7878
7901
7953
7963
7966
7975
7987
8016
8029
8043
8057
8071
8075
8078
8083
8127
8131
8154
8162
8180
8224
8230
8254
8264
8292
8299
8309
8319
8327
8337
8349
8359
8360
8364
8382
8390
8393
8400
8405
8407
8410
8414
8451
8472
8478
8490
7857
7865
7959
7993
7994
7995
8027
8053
8084
8087
8088
8096
8099
8101
8103
8107
8116
8119
8134
8149
8153
8173
8184
8216
8223
8251
8275
8278
8286
8304
8313
8324
8348
8350
8351
8361
8365
8368
8378
8383
8392
8402
8403
8420
8427
7787
7837
7856
7880
7889
7895
7921
7938
7946
7950
7961
7996
8008
8020
8031
8050
8052
8061
8085
8102
8109
8110
8112
8122
8124
8128
8140
8147
8156
8163
8166
8172
8191
8196
8201
8214
8221
8238
8252
8257
8289
8291
8296
8325
8331
8336
8338
8343
8344
8353
8373
8404
8417
8439
8445
8452
8485
8488
8493
8515
7732
7749
7945
7952
7976
7997
7998
8001
8005
8006
8019
8025
8059
8060
8068
8070
8089
8115
8130
8157
8177
8186
8197
8200
8205
8209
8215
8218
8219
8239
8248
8249
8288
8294
8295
8307
8326
8362
8375
8377
8381
8385
8388
8394
8411
8423
8433
8443
8448
8457
8458
8465
8486
8495
8508
8511
8513
8524
8533
8577
7771
7810
7868
7869
7893
7903
7906
7915
7933
7937
7951
7956
7962
7972
7986
8013
8030
8046
8055
8069
8093
8098
8113
8123
8138
8152
8159
8167
8187
8193
8203
8240
8243
8260
8263
8297
8302
8303
8316
8320
8335
8339
8342
8358
8371
8384
8397
8413
8422
8453
8467
8476
8479
8503
8518
8528
8529
6306
7744
7805
7824
7826
7832
7835
7891
7900
7916
7920
7927
7930
7932
7940
7941
7948
7949
7960
7968
7973
7979
7985
8010
8015
8047
8081
8090
8094
8136
8141
8155
8160
8161
8189
8192
8204
8220
8246
8255
8267
8287
8310
8315
8341
8354
8356
8370
8396
8399
8435
8438
8459
8481
8489
8496
8500
8505
8525
5815
6549
7725
7774
7784
7808
7822
7848
7852
7864
7867
7883
7896
7926
7934
7935
7978
7982
7990
8003
8009
8037
8039
8051
8058
8086
8137
8139
8164
8165
8188
8202
8242
8346
8372
8386
8389
8416
8431
8437
8441
8446
8480
8512
8520
8546
8564
5581
5606
5670
5747
5753
5763
5764
5773
5781
5785
5820
5849
5859
5871
5880
5916
5925
5926
5933
5946
5954
5955
6003
6007
6022
6050
6061
6069
6072
6088
6089
6113
6116
6119
6129
6171
6172
6182
6185
6209
6228
6237
6260
6264
6291
6307
6310
6316
6326
6332
6334
6360
6368
6374
6435
6454
6494
6532
6537
6552
6585
6589
6609
6616
6641
6669
6730
6744
6808
6834
6900
6904
6912
6942
7117
7144
7191
7218
7251
7373
7383
7387
7431
7434
7435
7441
7447
7460
7463
7488
7515
7523
7551
7601
7631
7634
7644
7650
7652
7663
7668
7673
7692
7704
7711
7717
7729
7736
7748
7752
7754
7762
7780
7781
7786
7789
7790
7802
7804
7823
7827
7828
7841
7846
7850
7853
7854
7855
7861
7871
7872
7881
7886
7888
7898
7902
7907
7908
7914
7917
7918
7924
7931
7943
7944
7954
7957
7964
7967
7984
7991
7992
8000
8002
8022
8023
8026
8035
8044
8056
8064
8104
8133
8179
8195
8199
8222
8235
8298
8323
8366
8398
8424
8428
8447
8456
8464
8475
8494
8502
8504
8509
8516
8519
8522
8523
8544
8548
8551
8562
8587
8591
8599
8604
8621
4683
5038
5110
5112
5183
5210
5291
5296
5304
5353
5383
5399
5407
5476
5511
5534
5551
5554
5557
5572
5577
5590
5594
5612
5616
5617
5623
5624
5643
5645
5650
5660
5689
5698
5703
5710
5713
5719
5724
5745
5748
5749
5750
5751
5755
5761
5768
5769
5771
5772
5776
5780
5786
5792
5793
5796
5800
5821
5822
5828
5829
5834
5835
5837
5838
5839
5840
5842
5847
5848
5860
5865
5866
5869
5875
5885
5886
5891
5892
5905
5906
5908
5922
5923
5924
5941
5943
5945
5949
5958
5961
5962
5963
5969
5990
5999
6010
6029
6034
6037
6041
6043
6051
6057
6060
6070
6071
6082
6084
6086
6093
6099
6103
6109
6111
6118
6130
6133
6135
6138
6139
6140
6141
6143
6144
6156
6157
6162
6170
6173
6179
6180
6181
6183
6194
6197
6203
6210
6211
6213
6221
6224
6225
6226
6229
6234
6235
6238
6248
6251
6263
6269
6270
6281
6298
6303
6304
6308
6315
6317
6319
6320
6322
6330
6336
6338
6342
6347
6352
6354
6356
6370
6376
6377
6383
6393
6403
6404
6409
6412
6413
6415
6416
6418
6423
6426
6433
6439
6453
6460
6468
6470
6472
6476
6479
6488
6497
6499
6503
6518
6533
6535
6539
6541
6544
6553
6554
6556
6557
6561
6563
6568
6573
6587
6591
6593
6594
6618
6623
6632
6633
6643
6651
6654
6664
6677
6681
6690
6695
6702
6705
6713
6716
6735
6736
6740
6751
6753
6763
6769
6774
6775
6788
6790
6798
6801
6802
6806
6807
6836
6845
6851
6853
6855
6862
6866
6878
6879
6883
6885
6887
6894
6917
6930
6943
6955
6956
6961
6972
6982
6985
6987
6992
7010
7018
7037
7046
7048
7050
7061
7102
7105
7115
7119
7121
7135
7146
7161
7169
7170
7177
7178
7203
7209
7216
7217
7230
7231
7238
7242
7245
7248
7252
7261
7263
7265
7268
7269
7272
7273
7288
7291
7299
7300
7304
7309
7314
7315
7318
7324
7330
7348
7371
7372
7375
7381
7390
7392
7393
7395
7398
7406
7407
7408
7414
7418
7428
7444
7450
7452
7462
7468
7472
7487
7489
7491
7498
7503
7508
7509
7514
7519
7522
7528
7533
7535
7547
7552
7553
7554
7558
7563
7566
7577
7578
7581
7586
7592
7597
7598
7606
7608
7612
7613
7614
7617
7619
7621
7623
7624
7628
7630
7638
7639
7641
7647
7651
7653
7656
7664
7665
7675
7676
7677
7683
7684
7685
7688
7689
7691
7695
7696
7698
7701
7706
7712
7713
7714
7715
7719
7723
7724
7731
7734
7743
7753
7755
7757
7758
7760
7761
7764
7766
7767
7770
7773
7778
7779
7785
7788
7792
7795
7796
7797
7798
7800
7809
7811
7814
7816
7817
7818
7821
7829
7830
7833
7834
7836
7838
7839
7840
7842
7845
7847
7851
7858
7859
7860
7862
7874
7879
7887
7890
7897
7904
7909
7912
7922
7923
7925
7928
7929
7936
7958
7969
7974
7988
7989
7999
8011
8014
8018
8038
8041
8062
8080
8091
8095
8097
8121
8198
8207
8213
8217
8226
8228
8345
8367
8418
8429
8466
8470
8471
8482
8492
8506
8510
8514
8517
8521
8531
8532
8534
8537
8543
8545
8547
8549
8553
8555
8558
8560
8565
8566
8567
8569
8570
8573
8578
8579
8581
8586
8588
8596
8601
8603
8606
8607
8608
8610
8613
8614
8616
8622
8625
8627
8633
8640
4402
4425
4487
4537
4564
4592
4624
4656
4680
4764
4846
4873
4895
4944
4983
5055
5071
5074
5096
5120
5127
5139
5141
5151
5187
5198
5199
5214
5228
5233
5284
5285
5321
5324
5334
5335
5355
5360
5365
5385
5393
5408
5415
5418
5435
5449
5486
5504
5506
5520
5528
5545
5553
5566
5570
5574
5580
5589
5602
5605
5625
5636
5646
5664
5668
5669
5683
5684
5685
5693
5694
5705
5709
5716
5726
5730
5731
5732
5734
5737
5738
5739
5742
5756
5758
5760
5765
5770
5777
5787
5789
5791
5794
5805
5806
5807
5808
5810
5811
5816
5817
5826
5830
5832
5833
5853
5857
5861
5872
5874
5876
5881
5890
5900
5902
5903
5909
5911
5912
5914
5919
5921
5930
5932
5934
5935
5942
5948
5957
5959
5964
5967
5973
5974
5977
5978
5979
5982
5983
5984
5985
5989
5991
5998
6001
6016
6025
6026
6027
6031
6038
6039
6044
6046
6052
6074
6081
6090
6094
6098
6108
6114
6120
6121
6123
6125
6126
6132
6136
6147
6149
6154
6158
6159
6163
6165
6169
6176
6186
6187
6188
6193
6199
6202
6207
6214
6215
6219
6241
6242
6245
6247
6249
6252
6253
6254
6261
6262
6267
6271
6274
6277
6282
6284
6286
6289
6292
6294
6295
6297
6325
6329
6333
6335
6337
6340
6343
6345
6349
6350
6351
6353
6357
6369
6373
6381
6382
6388
6396
6397
6398
6405
6406
6417
6422
6424
6425
6427
6428
6430
6436
6444
6445
6446
6447
6450
6471
6481
6482
6484
6486
6487
6489
6492
6496
6498
6501
6505
6507
6508
6512
6513
6516
6517
6519
6524
6540
6543
6548
6567
6571
6572
6575
6577
6578
6579
6583
6590
6601
6621
6631
6634
6637
6639
6640
6645
6653
6657
6661
6662
6663
6667
6680
6686
6699
6700
6704
6708
6709
6712
6718
6719
6722
6726
6728
6729
6732
6747
6752
6755
6760
6765
6768
6770
6777
6782
6796
6804
6813
6815
6818
6819
6829
6837
6840
6858
6863
6876
6880
6881
6889
6890
6891
6895
6899
6901
6908
6909
6911
6914
6928
6936
6945
6947
6948
6949
6954
6957
6960
6964
6965
6966
6970
6981
7005
7015
7021
7026
7030
7036
7042
7043
7051
7058
7059
7060
7063
7069
7070
7085
7090
7099
7100
7101
7107
7108
7109
7118
7124
7141
7142
7145
7151
7162
7167
7176
7180
7181
7182
7185
7186
7188
7190
7195
7196
7199
7208
7215
7220
7222
7233
7234
7235
7237
7244
7246
7254
7256
7259
7264
7266
7275
7277
7283
7284
7285
7287
7289
7302
7307
7319
7320
7327
7328
7331
7332
7335
7338
7340
7343
7347
7351
7360
7361
7363
7365
7374
7376
7385
7386
7389
7394
7409
7410
7411
7413
7417
7420
7421
7422
7425
7426
7427
7433
7437
7439
7440
7443
7448
7458
7459
7461
7465
7478
7479
7495
7497
7501
7511
7518
7524
7525
7527
7529
7530
7536
7541
7546
7548
7550
7557
7562
7565
7569
7570
7583
7587
7588
7593
7594
7596
7603
7605
7609
7610
7611
7616
7622
7625
7629
7632
7633
7635
7637
7646
7648
7649
7657
7659
7660
7667
7670
7671
7672
7678
7681
7682
7697
7699
7705
7709
7716
7722
7730
7737
7738
7739
7741
7747
7751
7763
7775
7783
7794
7806
7831
7866
7876
7877
7882
7885
7899
7911
7939
7947
7955
8012
8066
8151
8169
8210
8231
8244
8271
8283
8290
8332
8363
8442
8444
8497
8501
8507
8530
8536
8540
8541
8542
8554
8559
8568
8574
8575
8583
8585
8590
8592
8593
8594
8595
8598
8600
8611
8617
8618
8619
8620
8623
8626
8628
8631
8638
8639
8643
8645
8652
8654
8674
4290
4495
4507
4539
4540
4585
4597
4635
4678
4725
4736
4767
4771
4775
4776
4804
4817
4821
4831
4848
4852
4874
4883
4886
4894
4899
4904
4905
4906
4921
4925
4956
4961
4970
4971
4973
4988
4989
4994
5013
5031
5046
5047
5048
5052
5056
5062
5068
5072
5075
5079
5080
5089
5099
5107
5133
5143
5144
5159
5165
5176
5184
5238
5239
5245
5249
5250
5257
5258
5262
5265
5266
5270
5278
5279
5287
5289
5302
5308
5314
5315
5316
5319
5332
5337
5348
5351
5354
5358
5374
5384
5392
5395
5420
5424
5426
5428
5438
5442
5456
5461
5464
5465
5475
5482
5489
5500
5518
5526
5527
5536
5538
5542
5547
5561
5562
5568
5575
5578
5584
5592
5597
5599
5603
5604
5609
5620
5631
5637
5642
5648
5654
5655
5658
5662
5663
5665
5667
5673
5676
5677
5681
5686
5687
5692
5696
5697
5699
5700
5702
5706
5715
5720
5722
5729
5735
5743
5744
5746
5757
5762
5782
5797
5798
5804
5818
5823
5836
5841
5843
5845
5850
5852
5854
5856
5867
5877
5878
5879
5882
5883
5884
5893
5897
5904
5920
5927
5928
5929
5947
5950
5960
5965
5966
5970
5972
5975
5981
5986
5996
5997
6000
6002
6004
6009
6012
6014
6021
6023
6028
6030
6033
6035
6040
6042
6059
6062
6068
6077
6078
6080
6092
6095
6100
6102
6106
6110
6115
6117
6122
6127
6128
6145
6151
6152
6153
6161
6168
6175
6177
6178
6184
6189
6190
6191
6192
6198
6200
6204
6205
6206
6212
6216
6217
6218
6231
6233
6240
6256
6258
6265
6268
6276
6278
6280
6283
6285
6296
6299
6300
6302
6305
6314
6318
6321
6327
6328
6358
6359
6362
6365
6379
6392
6395
6400
6407
6408
6410
6429
6438
6440
6448
6449
6452
6456
6457
6458
6461
6473
6475
6477
6483
6493
6510
6515
6520
6523
6529
6530
6536
6545
6547
6555
6559
6562
6564
6565
6570
6576
6580
6581
6582
6584
6595
6597
6598
6599
6604
6610
6625
6627
6629
6635
6638
6642
6646
6649
6658
6659
6668
6672
6676
6687
6694
6696
6711
6715
6720
6724
6725
6739
6750
6754
6756
6757
6758
6759
6764
6776
6778
6780
6783
6785
6791
6794
6797
6803
6805
6814
6823
6824
6825
6830
6833
6835
6841
6843
6844
6846
6848
6849
6861
6867
6868
6872
6874
6877
6886
6893
6897
6902
6905
6906
6907
6910
6918
6919
6920
6921
6922
6925
6927
6935
6944
6950
6951
6967
6969
6971
6974
6977
6978
6979
6984
6986
6988
6989
6993
6995
6996
6999
7000
7003
7007
7012
7013
7016
7028
7034
7038
7047
7053
7054
7065
7066
7075
7079
7087
7111
7120
7125
7126
7132
7133
7136
7139
7140
7150
7163
7174
7175
7179
7187
7193
7197
7210
7212
7213
7224
7225
7227
7229
7241
7255
7262
7270
7274
7294
7306
7313
7316
7321
7322
7323
7329
7342
7344
7345
7349
7350
7354
7355
7356
7362
7366
7369
7379
7382
7397
7400
7412
7416
7423
7424
7432
7445
7446
7449
7457
7470
7471
7473
7474
7480
7482
7485
7486
7490
7494
7499
7502
7506
7507
7512
7516
7517
7520
7532
7534
7537
7542
7544
7556
7559
7564
7567
7568
7571
7572
7575
7582
7585
7590
7595
7599
7607
7640
7645
7655
7661
7662
7666
7674
7680
7686
7687
7694
7700
7703
7708
7710
7718
7721
7726
7727
7728
7746
7756
7768
7772
7801
7803
7807
7812
7813
7815
7843
7873
7884
7913
8042
8045
8108
8274
8352
8436
8462
8469
8474
8477
8538
8539
8563
8572
8576
8589
8605
8624
8629
8630
8634
8644
8649
8650
8658
8659
8661
8668
8672
8677
8685
4246
4334
4364
4386
4392
4432
4465
4485
4492
4545
4558
4566
4569
4575
4581
4587
4602
4603
4614
4625
4629
4648
4651
4666
4667
4669
4670
4671
4672
4681
4686
4688
4692
4703
4710
4715
4724
4731
4733
4749
4754
4755
4757
4758
4770
4774
4783
4794
4803
4813
4814
4823
4825
4835
4862
4868
4870
4872
4876
4877
4882
4885
4887
4898
4907
4914
4924
4927
4928
4932
4933
4941
4943
4947
4952
4962
4965
4966
4980
4982
4984
4997
4998
5002
5003
5004
5010
5014
5018
5019
5022
5024
5035
5041
5043
5053
5054
5063
5067
5070
5087
5090
5092
5094
5098
5100
5102
5103
5108
5111
5114
5118
5126
5128
5148
5155
5158
5163
5164
5166
5180
5182
5186
5189
5190
5192
5195
5208
5217
5222
5227
5234
5241
5242
5246
5267
5274
5281
5283
5293
5297
5303
5307
5311
5320
5325
5330
5339
5343
5345
5347
5357
5366
5370
5372
5379
5382
5391
5396
5398
5400
5413
5421
5423
5429
5433
5436
5439
5440
5454
5458
5471
5472
5474
5483
5488
5491
5492
5519
5529
5552
5558
5559
5563
5567
5571
5573
5582
5596
5598
5610
5613
5614
5618
5626
5630
5634
5638
5640
5641
5649
5653
5657
5661
5666
5678
5680
5688
5704
5711
5714
5717
5718
5725
5727
5754
5766
5767
5774
5775
5779
5784
5790
5801
5802
5809
5814
5819
5824
5844
5846
5851
5855
5858
5863
5873
5888
5894
5898
5907
5910
5915
5918
5931
5936
5937
5940
5951
5971
5987
5988
5995
6011
6017
6020
6024
6032
6045
6058
6067
6075
6096
6097
6101
6107
6124
6137
6142
6146
6160
6167
6174
6196
6232
6239
6246
6250
6255
6272
6273
6275
6279
6290
6293
6313
6324
6331
6339
6344
6346
6348
6355
6364
6366
6371
6375
6378
6389
6394
6399
6419
6431
6434
6437
6441
6442
6455
6459
6462
6465
6469
6474
6478
6480
6485
6495
6526
6527
6528
6546
6551
6566
6592
6606
6608
6614
6615
6617
6624
6628
6644
6647
6652
6655
6666
6670
6671
6674
6675
6679
6683
6688
6691
6692
6693
6697
6703
6706
6714
6727
6731
6733
6741
6742
6749
6767
6771
6773
6784
6787
6793
6799
6800
6810
6812
6817
6831
6838
6856
6865
6869
6870
6892
6898
6913
6916
6933
6937
6939
6946
6953
6958
6975
6983
7006
7011
7020
7023
7027
7029
7031
7032
7033
7035
7056
7057
7062
7068
7071
7072
7080
7081
7089
7091
7093
7094
7095
7097
7098
7113
7122
7128
7129
7138
7153
7154
7156
7166
7168
7172
7183
7189
7192
7194
7200
7205
7211
7219
7223
7226
7240
7243
7249
7267
7279
7281
7282
7301
7303
7305
7311
7317
7326
7334
7336
7346
7353
7367
7370
7378
7396
7401
7403
7405
7419
7430
7453
7464
7466
7467
7475
7477
7504
7505
7513
7521
7539
7543
7549
7576
7602
7604
7627
7636
7658
7669
7693
7735
7765
7769
7777
7793
7820
7875
7892
7970
7977
8033
8158
8211
8460
8535
8550
8615
8632
8635
8636
8641
8646
8651
8653
8655
8660
8667
8670
8671
8673
8679
8682
8686
8693
3955
4004
4026
4052
4156
4168
4204
4233
4238
4248
4266
4275
4284
4301
4315
4324
4330
4341
4368
4384
4393
4399
4407
4422
4423
4427
4428
4430
4433
4441
4442
4475
4478
4482
4491
4493
4498
4502
4508
4518
4521
4526
4530
4534
4535
4547
4550
4570
4583
4598
4600
4604
4605
4612
4631
4641
4649
4650
4653
4661
4663
4665
4675
4697
4704
4708
4709
4711
4714
4717
4718
4723
4726
4730
4734
4737
4741
4742
4752
4761
4763
4769
4784
4790
4800
4801
4807
4815
4816
4820
4822
4824
4826
4829
4830
4837
4839
4840
4841
4843
4845
4849
4851
4859
4867
4881
4890
4892
4900
4901
4903
4912
4916
4918
4919
4920
4922
4923
4926
4930
4931
4938
4940
4949
4960
4969
4972
4974
4978
4991
5001
5006
5007
5011
5015
5020
5021
5025
5026
5028
5029
5032
5033
5039
5050
5073
5077
5083
5085
5093
5095
5104
5109
5116
5117
5121
5124
5131
5132
5134
5138
5140
5150
5152
5157
5161
5167
5170
5173
5179
5188
5193
5194
5204
5206
5219
5223
5224
5230
5252
5254
5259
5260
5271
5273
5275
5276
5286
5288
5290
5295
5306
5309
5312
5318
5326
5328
5331
5341
5344
5352
5356
5367
5368
5376
5377
5380
5386
5387
5390
5394
5402
5406
5411
5412
5414
5416
5432
5444
5448
5453
5455
5459
5463
5469
5481
5484
5487
5490
5493
5496
5507
5509
5510
5513
5514
5515
5522
5524
5530
5535
5546
5560
5569
5585
5588
5591
5593
5600
5611
5619
5622
5627
5629
5632
5635
5647
5651
5659
5672
5675
5690
5695
5701
5723
5736
5741
5788
5799
5825
5862
5870
5887
5889
5895
5899
5917
5938
5939
5952
5968
5980
6005
6008
6013
6047
6048
6049
6054
6056
6065
6066
6076
6083
6164
6195
6201
6208
6222
6259
6288
6309
6311
6312
6367
6380
6387
6401
6402
6420
6421
6463
6464
6467
6491
6502
6509
6511
6514
6521
6525
6558
6560
6569
6574
6586
6588
6596
6602
6603
6622
6626
6636
6648
6650
6656
6673
6682
6684
6689
6701
6707
6717
6743
6748
6761
6779
6792
6809
6822
6826
6847
6852
6854
6857
6859
6871
6873
6896
6915
6923
6938
6940
6952
6959
6963
6968
6976
6990
6994
6998
7001
7008
7009
7017
7049
7067
7074
7092
7103
7106
7123
7127
7130
7131
7134
7143
7149
7155
7165
7184
7198
7206
7260
7286
7292
7295
7296
7298
7312
7333
7339
7341
7352
7364
7380
7415
7438
7442
7451
7455
7483
7484
7492
7493
7500
7526
7531
7573
7579
7580
7584
7589
7702
7720
7759
7863
8021
8150
8168
8526
8580
8637
8648
8656
8657
8663
8666
8669
8680
8681
8689
8692
8704
8707
3603
3888
3909
3916
3940
3959
4015
4021
4022
4031
4065
4094
4119
4165
4169
4190
4199
4207
4212
4216
4227
4228
4236
4260
4279
4295
4306
4313
4314
4316
4319
4322
4323
4329
4335
4336
4337
4339
4340
4347
4352
4355
4365
4371
4375
4379
4385
4395
4411
4413
4417
4420
4421
4439
4440
4453
4461
4464
4476
4494
4496
4509
4520
4528
4529
4536
4541
4543
4548
4549
4551
4565
4567
4571
4574
4577
4586
4591
4595
4601
4607
4609
4613
4615
4616
4627
4628
4639
4644
4645
4652
4655
4659
4668
4674
4676
4685
4693
4698
4699
4702
4713
4716
4727
4728
4732
4738
4743
4744
4745
4746
4750
4751
4759
4760
4762
4768
4778
4780
4781
4782
4785
4793
4795
4802
4810
4812
4818
4827
4828
4834
4853
4857
4858
4860
4864
4879
4884
4888
4891
4893
4896
4897
4908
4911
4913
4935
4942
4945
4946
4948
4950
4951
4954
4958
4963
4964
4968
4977
4979
4981
4987
4990
4992
4993
4995
4996
5000
5037
5057
5058
5059
5064
5065
5066
5082
5086
5088
5097
5101
5105
5113
5123
5129
5137
5147
5153
5154
5156
5168
5177
5181
5185
5196
5201
5202
5205
5207
5209
5212
5216
5225
5226
5232
5243
5251
5253
5256
5280
5292
5294
5298
5301
5329
5336
5349
5350
5361
5363
5364
5369
5375
5378
5381
5403
5404
5417
5419
5422
5425
5427
5431
5446
5457
5462
5466
5467
5468
5470
5473
5480
5494
5495
5497
5499
5501
5502
5505
5508
5540
5579
5583
5586
5608
5615
5621
5639
5644
5652
5671
5707
5712
5868
5944
5976
6015
6064
6091
6104
6112
6155
6166
6266
6301
6341
6411
6414
6443
6504
6506
6531
6542
6550
6605
6611
6612
6660
6685
6721
6723
6734
6786
6811
6827
6864
6882
6929
6932
6941
6962
6980
7002
7022
7039
7045
7052
7055
7073
7078
7082
7083
7096
7114
7137
7159
7171
7204
7207
7214
7239
7271
7280
7290
7310
7358
7368
7391
7399
7404
7436
7476
7481
7496
7574
7600
7618
7791
7819
8072
8142
8170
8208
8256
8561
8571
8584
8642
8662
8664
8675
8688
8690
8694
8696
8698
8700
8703
8712
3657
3908
3921
3943
3951
3956
3986
3988
3993
3997
3998
4014
4028
4030
4041
4043
4053
4061
4095
4098
4104
4112
4114
4125
4134
4138
4145
4148
4160
4162
4173
4175
4176
4203
4224
4230
4235
4237
4241
4255
4257
4261
4281
4289
4291
4310
4311
4317
4327
4332
4342
4344
4345
4350
4353
4356
4359
4363
4366
4373
4374
4380
4381
4383
4394
4397
4406
4409
4410
4445
4449
4450
4467
4468
4477
4481
4483
4497
4499
4501
4503
4504
4506
4511
4513
4524
4531
4532
4533
4542
4544
4546
4554
4557
4559
4562
4563
4568
4573
4576
4580
4588
4590
4606
4610
4617
4618
4619
4620
4621
4626
4633
4637
4643
4647
4654
4658
4662
4664
4677
4679
4684
4687
4695
4696
4706
4707
4719
4722
4740
4748
4765
4777
4779
4787
4791
4792
4796
4798
4805
4809
4811
4819
4836
4842
4847
4854
4855
4856
4861
4866
4869
4871
4880
4910
4915
4917
4934
4955
4959
4967
4975
4986
5005
5012
5016
5017
5036
5049
5060
5061
5069
5076
5078
5084
5106
5135
5142
5160
5171
5172
5178
5191
5197
5200
5203
5213
5215
5218
5220
5231
5236
5244
5255
5261
5264
5272
5282
5299
5305
5310
5317
5322
5323
5338
5342
5371
5373
5388
5389
5401
5430
5450
5452
5477
5485
5516
5521
5525
5532
5541
5555
5565
5576
5628
5633
5674
5679
5708
5740
5956
6053
6085
6223
6227
6230
6287
6323
6600
6678
6820
6821
6875
6884
6997
7004
7024
7076
7084
7110
7147
7357
7402
7540
7905
8311
8582
8678
8684
8687
8695
8699
8701
8702
8705
8709
8713
8714
8716
8722
8726
8732
8736
8744
8759
8760
3497
3703
3706
3741
3774
3802
3806
3823
3850
3870
3901
3906
3912
3915
3939
3946
3947
3949
3965
3967
3978
3996
4020
4034
4040
4045
4046
4048
4054
4063
4064
4069
4084
4086
4100
4107
4109
4110
4115
4117
4126
4133
4137
4141
4144
4147
4159
4161
4170
4171
4172
4179
4180
4181
4183
4184
4186
4187
4194
4195
4197
4201
4205
4208
4210
4213
4219
4220
4226
4229
4240
4247
4249
4251
4252
4254
4264
4268
4269
4272
4274
4288
4298
4305
4307
4312
4321
4328
4331
4346
4348
4351
4357
4358
4360
4367
4372
4376
4378
4389
4403
4416
4419
4435
4437
4438
4443
4447
4455
4456
4457
4458
4471
4484
4489
4490
4505
4512
4517
4522
4527
4538
4552
4553
4555
4561
4572
4578
4579
4582
4594
4596
4599
4608
4611
4622
4623
4630
4632
4640
4657
4660
4682
4689
4690
4694
4712
4729
4747
4772
4773
4786
4797
4799
4832
4844
4863
4875
4957
4999
5008
5034
5040
5042
5044
5045
5081
5091
5115
5122
5130
5174
5175
5211
5237
5248
5268
5269
5340
5405
5441
5443
5447
5451
5478
5479
5512
5523
5543
5556
6385
6613
6850
7088
7173
7308
7337
7844
8004
8182
8293
8676
8683
8706
8708
8715
8718
8719
8720
8723
8728
8729
8730
8733
8737
8738
8740
8741
8746
8749
8750
3327
3540
3597
3602
3642
3643
3709
3718
3722
3769
3778
3807
3812
3826
3830
3836
3839
3874
3878
3880
3884
3886
3887
3904
3905
3919
3925
3931
3936
3945
3958
3963
3964
3972
3977
3979
3980
3982
3989
4003
4006
4007
4025
4036
4037
4038
4042
4044
4049
4071
4072
4076
4079
4088
4091
4092
4097
4099
4101
4106
4108
4113
4116
4131
4132
4135
4139
4140
4142
4149
4154
4157
4158
4177
4185
4191
4193
4198
4200
4206
4209
4223
4234
4242
4258
4262
4267
4270
4273
4277
4278
4285
4294
4300
4302
4303
4308
4318
4338
4349
4370
4387
4391
4400
4401
4412
4418
4424
4426
4434
4444
4448
4454
4463
4466
4469
4472
4514
4515
4525
4556
4584
4589
4593
4634
4636
4638
4721
4735
4739
4788
4789
4833
4865
4889
4909
4929
4936
4937
4939
4976
5009
5027
5051
5119
5136
5145
5229
5235
5240
5277
5313
5327
5346
5359
5362
5434
5550
5595
6131
6361
6772
7025
8227
8282
8305
8710
8711
8717
8721
8731
8743
8745
8747
8748
8751
8761
8765
8776
8779
8782
8784
3465
3480
3500
3534
3536
3545
3551
3563
3577
3581
3612
3626
3627
3635
3669
3696
3697
3752
3764
3768
3770
3779
3782
3798
3801
3817
3829
3833
3849
3861
3866
3867
3876
3881
3885
3890
3893
3894
3895
3899
3903
3911
3918
3920
3934
3941
3944
3961
3970
3974
3975
3985
3992
3994
3995
4000
4001
4013
4019
4024
4029
4035
4039
4050
4058
4068
4070
4074
4077
4078
4083
4087
4096
4102
4105
4111
4124
4128
4129
4150
4152
4163
4178
4192
4196
4214
4239
4244
4250
4256
4259
4287
4296
4304
4320
4325
4343
4354
4388
4396
4405
4414
4431
4436
4446
4462
4470
4474
4486
4510
4516
4519
4705
4756
4808
4850
5498
5549
8079
8330
8498
8739
8753
8754
8755
8762
8766
8767
8771
8772
8780
8787
3431
3508
3514
3518
3560
3575
3589
3605
3620
3621
3622
3623
3638
3644
3651
3659
3662
3668
3683
3684
3700
3702
3710
3714
3729
3749
3757
3759
3762
3763
3765
3766
3775
3785
3787
3788
3789
3791
3803
3813
3814
3818
3819
3820
3821
3827
3828
3831
3835
3837
3840
3847
3853
3854
3859
3863
3871
3883
3889
3896
3914
3922
3928
3933
3942
3950
3953
3960
3962
3966
3968
3969
3973
3984
3987
3991
3999
4005
4009
4010
4012
4017
4023
4047
4059
4062
4066
4067
4073
4080
4089
4103
4118
4121
4123
4130
4143
4146
4151
4155
4166
4174
4182
4188
4202
4211
4215
4225
4231
4232
4263
4276
4280
4282
4283
4309
4333
4362
4377
4398
4415
4429
4673
7910
8114
8117
8132
8171
8225
8280
8409
8461
8468
8735
8742
8773
8775
8791
8796
8816
3336
3358
3391
3429
3444
3459
3468
3478
3490
3492
3494
3498
3501
3502
3504
3507
3510
3519
3527
3539
3547
3553
3554
3557
3561
3562
3565
3574
3578
3580
3584
3616
3633
3636
3639
3647
3649
3656
3660
3665
3670
3672
3679
3681
3686
3688
3689
3692
3693
3695
3707
3712
3713
3716
3721
3724
3726
3737
3738
3743
3747
3756
3772
3780
3781
3783
3784
3793
3796
3800
3804
3805
3808
3810
3815
3816
3832
3834
3841
3842
3852
3856
3857
3864
3865
3873
3877
3879
3898
3900
3913
3923
3926
3927
3930
3938
3952
3954
3957
3976
4002
4011
4027
4033
4056
4060
4081
4085
4090
4093
4122
4167
4189
4217
4218
4245
4297
4299
4369
4451
8146
8426
8434
8527
8752
8777
8778
8783
8786
8788
8790
8793
8795
8797
8807
3274
3303
3323
3334
3375
3378
3396
3407
3410
3426
3441
3453
3455
3460
3461
3472
3473
3488
3496
3515
3524
3526
3543
3556
3564
3567
3572
3573
3579
3585
3588
3590
3594
3598
3599
3601
3607
3617
3624
3652
3663
3664
3667
3674
3675
3690
3704
3705
3708
3715
3717
3719
3728
3733
3734
3736
3742
3744
3746
3748
3750
3754
3776
3792
3794
3797
3799
3809
3822
3824
3838
3846
3855
3858
3862
3882
3892
3897
3907
3910
3929
3990
4057
4221
4265
4286
6244
7965
8126
8312
8419
8763
8769
8770
8774
8781
8789
8794
8798
8800
8804
8806
8830
1741
2202
2649
3149
3182
3242
3269
3271
3280
3302
3307
3311
3341
3343
3359
3368
3372
3382
3408
3413
3418
3422
3427
3430
3440
3452
3454
3456
3463
3464
3467
3471
3474
3482
3483
3484
3486
3487
3489
3499
3509
3520
3525
3537
3542
3552
3558
3568
3569
3587
3593
3609
3610
3613
3614
3628
3629
3630
3632
3634
3637
3640
3641
3645
3648
3658
3666
3685
3687
3694
3699
3711
3720
3755
3758
3761
3771
3790
3795
3844
3845
3872
3891
3932
3981
3983
4055
6243
6538
7545
7776
7849
7894
8106
8268
8552
8792
8799
8803
8805
8809
8822
8823
8825
8835
2122
2234
2261
2427
2435
2458
2475
2512
2691
2780
2861
3006
3119
3189
3196
3212
3223
3224
3240
3241
3244
3248
3279
3316
3320
3329
3337
3338
3344
3392
3397
3399
3405
3411
3414
3417
3421
3425
3439
3443
3445
3446
3450
3451
3457
3462
3481
3505
3521
3528
3529
3530
3531
3532
3533
3550
3591
3592
3595
3611
3646
3655
3671
3677
3678
3691
3701
3740
3745
3760
3777
3811
3843
3848
3868
4018
5778
6860
7228
7560
7620
7654
7679
7690
7919
8556
8597
8785
8801
8802
8813
8814
8819
8827
8841
8846
8847
8850
2130
2219
2250
2274
2346
2353
2385
2408
2417
2464
2466
2469
2539
2571
2652
2663
2671
2742
2958
3001
3004
3055
3094
3103
3148
3163
3210
3230
3243
3245
3254
3273
3277
3285
3299
3300
3305
3317
3330
3332
3335
3356
3361
3364
3371
3373
3376
3380
3381
3387
3394
3398
3401
3404
3420
3424
3435
3448
3470
3475
3495
3517
3535
3541
3546
3549
3555
3566
3571
3586
3600
3615
3631
3653
3654
3661
3673
3698
3731
3735
3739
3751
3860
5656
5812
6079
6105
6390
6466
7201
7221
7591
7626
7707
7745
7750
7782
7799
8810
8812
8817
8820
8824
8826
8828
8831
8833
8837
8839
8842
8848
8853
8858
8866
1706
2075
2105
2135
2141
2199
2203
2225
2233
2235
2242
2249
2262
2294
2298
2299
2316
2325
2332
2334
2336
2365
2395
2453
2459
2477
2482
2492
2534
2536
2548
2554
2556
2561
2568
2609
2631
2659
2778
2783
2805
2864
2919
2926
2938
2986
3016
3057
3078
3082
3106
3127
3158
3177
3179
3181
3183
3197
3203
3215
3222
3226
3231
3232
3234
3235
3255
3276
3278
3287
3292
3295
3308
3309
3310
3312
3314
3315
3322
3326
3340
3342
3351
3353
3355
3360
3362
3363
3384
3386
3409
3412
3428
3433
3442
3449
3458
3466
3477
3506
3559
3596
3625
3825
3902
5548
5682
5864
5992
6386
6391
6665
6738
7247
7250
7293
7377
7538
7733
7740
8557
8647
8811
8829
8832
8834
8844
8855
8859
8870
1873
1903
1914
1961
1966
1981
2084
2095
2132
2151
2157
2175
2200
2212
2227
2244
2253
2257
2269
2280
2291
2300
2301
2315
2318
2320
2324
2345
2354
2360
2406
2407
2430
2431
2437
2448
2454
2455
2490
2494
2495
2497
2514
2515
2518
2522
2526
2552
2558
2590
2592
2593
2596
2606
2617
2661
2676
2677
2682
2706
2724
2773
2774
2779
2785
2798
2804
2810
2839
2901
2915
2924
2934
2948
2955
2967
2968
2972
2974
2988
2995
3003
3017
3056
3060
3065
3075
3085
3092
3098
3114
3130
3133
3135
3145
3147
3153
3161
3162
3165
3171
3180
3184
3186
3206
3219
3221
3225
3229
3233
3252
3257
3258
3262
3270
3284
3286
3293
3296
3301
3319
3321
3324
3325
3331
3339
3345
3347
3348
3352
3354
3369
3374
3377
3385
3388
3389
3393
3395
3403
3406
3419
3423
3434
3447
3485
3516
3618
3730
5607
6073
6087
6372
6839
6931
7152
7469
7555
7642
7643
7742
8665
8821
8836
8838
8840
8849
8851
8852
8857
8862
8869
8871
8876
1672
1729
1785
1806
1945
1948
1958
1960
1971
1974
1980
1983
2006
2007
2016
2022
2033
2039
2047
2056
2058
2078
2080
2081
2088
2098
2108
2112
2116
2125
2128
2143
2160
2170
2178
2183
2191
2207
2208
2209
2220
2226
2251
2263
2265
2277
2281
2284
2286
2289
2295
2302
2312
2313
2335
2352
2369
2375
2390
2396
2401
2405
2419
2421
2439
2446
2461
2463
2471
2480
2483
2485
2486
2487
2488
2504
2505
2519
2529
2532
2538
2543
2550
2555
2573
2607
2613
2622
2626
2630
2635
2641
2647
2653
2654
2656
2669
2675
2685
2686
2693
2702
2719
2723
2727
2738
2771
2791
2795
2809
2812
2814
2817
2841
2843
2859
2905
2928
2929
2932
2935
2940
2942
2954
2969
2970
2971
2990
2997
3014
3019
3030
3034
3036
3037
3041
3042
3044
3058
3088
3099
3105
3115
3118
3131
3139
3143
3150
3154
3166
3172
3175
3178
3185
3191
3193
3205
3217
3228
3237
3256
3263
3275
3306
3328
3350
3357
3365
3366
3379
3402
3416
3436
4806
5517
5531
5564
5601
5783
5827
6036
6134
6150
6384
6432
6490
6522
6607
6630
6710
6737
6781
6832
6903
6991
7148
7202
7236
7258
7359
8602
8609
8612
8854
8856
8865
8867
8872
8873
8875
8883
8898
1710
1712
1774
1779
1848
1852
1884
1886
1940
1951
1954
1956
1982
1989
1998
2009
2012
2013
2019
2020
2025
2043
2045
2055
2061
2069
2077
2083
2086
2094
2096
2099
2100
2107
2111
2118
2124
2127
2139
2142
2144
2165
2168
2172
2173
2179
2180
2182
2185
2192
2201
2214
2229
2236
2241
2243
2246
2247
2255
2267
2275
2283
2285
2292
2297
2308
2321
2323
2328
2329
2331
2333
2340
2342
2347
2348
2349
2350
2358
2359
2361
2364
2368
2384
2392
2393
2394
2403
2404
2409
2415
2420
2422
2425
2426
2433
2441
2452
2457
2470
2473
2479
2499
2500
2510
2513
2517
2521
2525
2528
2545
2549
2553
2557
2564
2567
2572
2584
2588
2601
2605
2608
2610
2612
2625
2632
2642
2643
2646
2648
2651
2655
2658
2660
2666
2678
2695
2696
2699
2704
2711
2713
2736
2747
2750
2753
2763
2768
2782
2792
2796
2800
2811
2842
2844
2847
2874
2882
2885
2886
2889
2895
2896
2899
2927
2957
2961
2965
2975
2983
2998
3005
3007
3009
3023
3028
3039
3048
3049
3062
3063
3069
3077
3081
3093
3101
3102
3107
3116
3125
3129
3138
3141
3167
3169
3192
3194
3195
3200
3202
3208
3211
3213
3218
3239
3246
3259
3260
3264
3268
3289
3290
3294
3349
3367
3400
3415
3479
4720
4902
5169
5397
5533
5587
5752
5803
5831
5994
6063
6148
6236
6257
6451
6534
6745
6762
6789
6816
6842
7019
7064
7104
7232
7276
7278
7297
7388
7429
7454
8845
8860
8863
8864
8877
8878
8885
1588
1630
1683
1743
1744
1753
1766
1783
1825
1827
1857
1863
1868
1872
1878
1899
1901
1902
1912
1913
1915
1918
1924
1927
1929
1955
1970
1975
1976
1988
1992
2010
2026
2032
2035
2049
2062
2068
2072
2073
2089
2101
2103
2117
2120
2123
2129
2133
2136
2145
2162
2164
2169
2171
2176
2186
2188
2193
2196
2198
2211
2215
2223
2237
2239
2240
2252
2254
2259
2260
2268
2271
2272
2276
2287
2293
2304
2305
2310
2337
2341
2343
2355
2356
2357
2374
2377
2380
2381
2411
2412
2414
2418
2432
2451
2481
2489
2498
2501
2506
2507
2509
2516
2523
2559
2562
2569
2577
2586
2595
2616
2618
2620
2623
2624
2628
2629
2633
2634
2640
2664
2667
2679
2680
2684
2697
2700
2709
2710
2714
2722
2725
2731
2732
2745
2748
2752
2759
2770
2787
2788
2799
2806
2807
2816
2822
2823
2831
2851
2855
2879
2881
2898
2900
2903
2907
2913
2918
2922
2941
2945
2946
2949
2956
2977
2981
2984
2985
2991
2996
3002
3008
3012
3020
3024
3025
3027
3032
3033
3046
3050
3052
3053
3059
3064
3073
3074
3079
3080
3086
3090
3095
3097
3100
3104
3110
3113
3117
3120
3123
3124
3126
3132
3136
3146
3152
3159
3164
3174
3187
3199
3220
3227
3238
3247
3266
3267
3282
3283
3297
3298
3333
3370
4838
4953
5030
5125
5445
5460
5728
5733
5901
5913
6006
6220
6363
6746
6766
6934
7040
7077
7160
7456
8868
8874
8879
8882
8884
8886
8889
8910
1546
1582
1587
1595
1597
1610
1617
1624
1627
1640
1650
1654
1656
1666
1675
1680
1685
1689
1724
1733
1735
1740
1767
1776
1780
1788
1789
1798
1816
1819
1840
1844
1846
1851
1864
1875
1882
1888
1894
1904
1907
1910
1911
1916
1923
1931
1933
1946
1947
1953
1959
1963
1972
1978
1984
1986
1990
1994
2002
2014
2027
2028
2029
2036
2041
2044
2057
2060
2063
2064
2065
2082
2085
2087
2090
2093
2106
2109
2119
2121
2137
2138
2147
2154
2156
2163
2189
2190
2194
2197
2205
2206
2216
2218
2221
2231
2232
2256
2258
2288
2319
2326
2351
2363
2366
2376
2379
2382
2383
2391
2398
2399
2402
2416
2423
2424
2428
2442
2443
2445
2447
2450
2456
2460
2462
2467
2468
2472
2474
2476
2502
2503
2535
2540
2542
2546
2560
2570
2574
2575
2579
2580
2585
2587
2589
2594
2598
2604
2619
2627
2645
2657
2662
2673
2688
2689
2707
2715
2718
2730
2735
2741
2744
2751
2756
2762
2764
2765
2777
2790
2793
2813
2815
2821
2825
2826
2827
2835
2840
2845
2848
2853
2854
2865
2866
2868
2871
2872
2878
2880
2887
2888
2893
2908
2912
2931
2953
2976
2989
2994
2999
3013
3051
3054
3072
3076
3083
3087
3091
3108
3121
3122
3137
3151
3170
3216
3265
3288
3304
3313
4488
4701
4985
5162
5409
5410
5537
5795
5896
6055
6619
6795
6973
7044
7157
7158
7164
7257
7561
7615
8891
8892
8897
8904
8905
1486
1501
1513
1563
1628
1631
1637
1644
1649
1659
1669
1676
1691
1699
1701
1703
1747
1749
1752
1757
1758
1764
1770
1771
1777
1781
1782
1790
1802
1803
1807
1809
1821
1841
1845
1854
1855
1866
1867
1869
1874
1885
1889
1891
1893
1895
1896
1905
1909
1925
1926
1928
1936
1939
1941
1950
1957
1965
1973
1979
1987
1995
1999
2003
2008
2021
2023
2030
2038
2040
2050
2052
2074
2092
2102
2110
2115
2131
2146
2152
2155
2158
2159
2167
2187
2195
2204
2213
2238
2303
2309
2311
2338
2362
2367
2371
2373
2386
2387
2410
2436
2440
2465
2508
2531
2544
2563
2566
2576
2581
2582
2583
2597
2603
2611
2615
2637
2650
2665
2681
2683
2687
2692
2703
2720
2726
2728
2729
2739
2746
2749
2755
2758
2766
2769
2781
2794
2836
2856
2858
2863
2870
2875
2877
2891
2904
2909
2911
2920
2959
2966
2978
2979
3011
3018
3029
3031
3035
3047
3089
3096
3157
3188
3190
3214
5023
5300
5437
5544
5953
6019
6500
6620
6924
6926
7014
7086
7112
7253
7325
8691
8888
8890
8895
8901
8926
1518
1528
1551
1552
1557
1574
1576
1580
1604
1615
1634
1635
1636
1642
1651
1660
1661
1674
1681
1688
1693
1694
1696
1700
1705
1716
1717
1719
1721
1723
1727
1728
1730
1731
1734
1737
1738
1746
1754
1755
1763
1765
1768
1772
1775
1786
1795
1800
1808
1814
1815
1818
1820
1834
1835
1836
1838
1843
1850
1856
1858
1877
1880
1883
1890
1897
1900
1908
1919
1921
1930
1934
1944
1949
1962
1967
1968
1991
1993
1997
2017
2018
2046
2053
2066
2070
2071
2076
2079
2134
2140
2148
2150
2161
2166
2184
2230
2248
2264
2279
2290
2296
2307
2314
2339
2344
2372
2429
2438
2478
2511
2537
2541
2602
2670
2672
2690
2708
2740
2754
2761
2824
2834
2852
2890
2902
2947
2987
3021
3038
3068
3071
3109
3140
3173
3204
3207
3261
3291
4292
4459
4691
4753
5149
5221
5333
5503
5539
5691
5813
5993
6018
6828
6888
8896
8899
8900
8909
8914
8921
8922
8945
1481
1504
1507
1520
1545
1556
1561
1562
1572
1573
1585
1600
1601
1606
1609
1612
1613
1616
1622
1625
1626
1639
1652
1662
1665
1667
1670
1671
1678
1695
1698
1707
1708
1715
1720
1725
1726
1732
1736
1739
1742
1748
1756
1778
1791
1792
1796
1812
1813
1826
1830
1832
1833
1842
1849
1853
1859
1876
1879
1881
1892
1906
1917
1920
1922
1935
1943
1985
2005
2067
2149
2181
2245
2306
2317
2322
2484
2491
2493
2496
2527
2547
2578
2621
2638
2639
2668
2737
2772
2784
2786
2789
2797
2819
2838
2850
2857
2862
2884
2894
2916
2923
2950
2951
2952
3000
3015
3040
3070
3155
3937
4051
4253
4382
4452
4479
4480
5146
5721
8697
8724
8893
8894
8903
8906
8907
8908
8915
8917
8918
8927
8928
8936
8940
1448
1457
1524
1540
1542
1553
1554
1570
1583
1586
1589
1614
1621
1632
1647
1648
1653
1655
1658
1677
1697
1709
1718
1750
1761
1762
1769
1787
1794
1804
1805
1810
1822
1823
1828
1861
1862
1932
1938
1952
2000
2015
2031
2037
2051
2153
2520
2565
2712
2733
2801
2860
2876
2914
2921
2937
2943
2960
3022
3026
3869
4082
4153
4390
4408
4523
4646
4766
4878
7041
8725
8727
8911
8913
8916
8920
8929
8942
8944
8948
8958
1341
1392
1403
1404
1446
1450
1454
1461
1468
1488
1492
1497
1498
1502
1508
1515
1517
1531
1538
1541
1544
1547
1558
1565
1567
1575
1590
1592
1594
1599
1620
1623
1643
1645
1646
1684
1686
1702
1704
1713
1714
1745
1751
1760
1773
1784
1793
1799
1831
1860
1870
1871
1937
1969
1977
1996
2011
2024
2048
2104
2114
2126
2397
2444
2533
2743
2828
2833
2849
2992
3128
3971
4032
4164
4271
4326
5263
8734
8902
8912
8939
8952
1366
1393
1405
1406
1428
1433
1439
1441
1445
1464
1466
1472
1473
1474
1476
1485
1490
1500
1505
1512
1529
1535
1543
1548
1550
1555
1564
1566
1568
1577
1578
1581
1603
1607
1608
1618
1619
1663
1673
1679
1690
1722
1759
1801
1829
1865
2054
2775
2802
2803
2883
2906
2925
4127
4222
4243
4293
4473
4642
4700
6698
8756
8758
8923
8930
8933
8937
8947
8951
8955
8974
8975
1381
1391
1395
1398
1402
1410
1412
1414
1425
1426
1435
1438
1442
1447
1449
1462
1465
1469
1470
1478
1479
1483
1484
1489
1503
1511
1522
1532
1536
1539
1560
1591
1605
1638
1657
1687
1711
1898
2760
2830
3935
4008
4136
4404
4500
8175
8764
8768
8931
8938
8941
8943
8950
8957
8964
8982
1360
1361
1363
1384
1386
1389
1396
1400
1415
1451
1453
1458
1459
1475
1480
1482
1491
1494
1496
1499
1516
1523
1526
1527
1579
1598
1633
1887
4075
4460
4560
5247
8924
8935
8946
8949
8956
8960
8961
8966
8971
8973
8988
1317
1336
1339
1352
1358
1365
1369
1370
1371
1373
1379
1380
1394
1399
1409
1413
1416
1418
1420
1421
1422
1424
1427
1430
1434
1460
1493
1534
1549
1692
3522
3538
3676
3725
3851
3917
3948
8340
8954
8959
8969
8976
8980
9004
1321
1328
1332
1340
1343
1345
1346
1357
1367
1375
1378
1382
1385
1390
1397
1401
1407
1408
1411
1423
1431
1436
1440
1452
1455
1521
1533
1537
3582
3723
3773
3924
4120
8932
8967
8968
8983
8993
8998
1281
1304
1333
1335
1364
1368
1376
1387
1388
1417
1429
1443
1444
1456
1471
1519
1530
1569
3491
3544
3576
3604
3606
8757
8808
8934
8963
8970
8972
8977
8979
8991
1293
1299
1307
1310
1312
1315
1327
1329
1334
1342
1354
1359
1372
1374
1432
1463
3209
3383
3476
3511
3523
3727
3732
3753
4016
8815
8953
8990
8992
8994
9000
9002
9011
9015
1276
1294
1298
1301
1305
1309
1311
1319
1322
1331
1337
1344
1347
1348
1350
1355
1362
1506
1839
3608
3682
3786
8962
9005
9014
9018
9025
1284
1285
1288
1290
1300
1313
1316
1318
1323
1324
1325
1338
1351
2829
3469
3503
3570
3650
3680
3767
8818
8984
8985
8987
8989
9006
9007
9012
9023
9032
1257
1274
1275
1286
1289
1295
1296
1297
1306
1308
1314
1326
3390
3437
3513
3548
9003
9009
9013
9060
1259
1265
1270
1302
1320
1330
1419
3583
9016
9026
9029
9042
1269
1280
1291
2867
3250
3493
3619
7384
7510
8995
9020
9027
9028
9034
9037
9045
9046
9062
1208
1254
1262
1267
1271
1278
1282
1287
1292
3067
8986
8997
9010
9019
9024
9031
9033
9050
1246
1247
1250
1264
1268
1273
1277
1279
2449
2963
9021
9038
9040
9044
9053
1228
1232
1249
1251
1256
2278
2327
2644
2776
2944
3112
3438
9008
9030
9057
9061
1218
1221
1223
1225
1231
1235
1236
1237
1243
1252
1258
1303
2273
2717
2982
2993
9035
9036
9039
9041
9043
9048
9058
9059
1222
1229
1234
1239
1240
1245
1261
1263
1266
1283
2222
2282
2389
2551
3134
3156
3281
5759
7116
9047
9051
9052
9068
9069
9079
9084
9109
1212
1227
1230
1238
1260
2599
2701
2705
2757
2962
3111
3198
3346
8861
8880
9022
9071
9076
9093
1186
1191
1209
1213
1226
1253
2091
2210
2388
2591
2698
2964
2980
3249
8843
8919
9065
1198
1202
1203
1204
1205
1210
1211
1214
1215
1224
1241
1242
1248
1255
1602
2034
2524
2530
2808
2818
3061
3236
3251
3253
8881
8887
9049
9054
9055
9070
9081
9106
1200
1207
1244
2217
2330
2370
2400
2846
3043
9067
9078
9085
9091
9107
1181
1195
1220
1824
2174
2674
2721
2897
2933
3010
3045
3066
3142
9056
9077
9087
9097
9104
9113
9135
1146
1167
1178
1193
1196
1197
1206
2004
2059
2228
2434
2600
2614
2694
9073
9090
9096
9098
9103
9112
9126
1140
1162
1174
1185
1187
1199
1216
1596
1811
1964
2042
2734
2820
3201
9063
9074
9075
9083
9086
9095
9153
1129
1156
1173
1559
1611
1664
1942
2177
2636
2939
2973
9088
9089
9100
9108
9119
9121
1152
1171
1177
1184
1189
1192
1682
1797
2001
2767
2910
9094
9101
1169
1183
1190
1201
1629
2832
9066
9099
9114
9115
9120
9128
9133
9146
9159
9166
1116
1134
1141
1148
1170
1175
1182
1188
1593
1641
1817
2097
2869
9092
9102
9110
9111
9116
9124
9125
9132
9136
9145
9158
1100
1131
1132
1136
1143
1147
1155
1166
1168
1176
1180
2837
9123
9131
9138
9148
9154
9167
1145
1161
1172
1847
2113
2873
3084
4361
9117
9122
9151
1119
1133
1139
1142
1149
1159
1179
1668
1837
2224
2917
3176
8925
9127
9130
9187
1090
1150
1158
2716
2892
9140
9142
9144
9160
9162
9168
9180
1113
1154
1163
1165
1510
1525
9118
9134
9139
9185
1087
1096
1160
9129
9137
9141
1086
1107
1109
1114
1115
1118
1121
1153
1164
1495
1514
9147
9150
9152
9163
9170
9177
9189
1120
1127
1128
1135
1138
1467
9149
9155
9179
1105
1111
1112
1122
1137
1509
1084
1093
1104
1125
1144
1571
8996
9165
9169
9173
9178
9183
1092
1099
1377
1437
9156
9171
9175
9176
1057
1089
1103
1106
1353
9157
9184
9197
9209
1088
1091
1094
1487
9164
9188
9205
1076
1477
9172
9181
9195
1058
1085
1110
1123
9182
9200
1073
1075
1383
9193
9196
9207
9208
1070
1356
9186
9194
9203
1065
1078
1349
9190
9192
1055
1060
1083
9198
9199
9214
1082
9204
9229
1066
1072
1101
9202
9212
9217
9231
1034
1054
1067
9206
1037
1071
9213
9230
1025
1061
1080
9201
9219
9221
9250
9260
1064
9218
9234
9240
9244
9251
9265
9270
1027
1042
9017
9223
9233
9245
9001
9232
1047
1053
1069
1074
9222
1040
9226
9246
9257
1009
1022
1031
8981
9215
9228
9241
9254
1038
1041
1048
1059
1063
9220
9256
9296
1023
1035
1068
9225
9227
9262
1030
8978
9211
9239
9264
9275
1026
1046
3875
9235
9248
9252
9273
999
1032
9247
9249
1010
1018
1044
9242
9268
9277
9284
9301
993
1008
1020
1051
1052
3432
3512
9274
9236
9259
9293
1049
9237
9238
9253
9266
1003
1019
1050
9263
962
1004
1014
1015
9287
992
1012
1033
9269
9261
9290
9306
9243
9258
9267
9283
9297
1043
9294
945
1017
9286
9319
990
982
994
1002
1013
1016
1024
1272
3318
9285
9288
1021
9272
9278
9302
9310
9311
956
9316
9318
998
9303
9307
946
1007
9298
1001
9276
9295
997
1011
966
971
991
987
942
975
9280
9304
9308
937
943
950
952
963
965
981
995
996
1000
9279
9291
9314
9336
9255
959
969
1006
9289
964
967
989
954
9320
9326
961
968
970
1005
947
972
1233
949
960
976
9305
9317
9328
974
936
951
979
9292
9313
9329
953
9327
940
980
986
988
9322
9338
978
983
9300
9325
9072
918
926
985
9324
9330
941
955
984
9331
9339
913
9332
944
9333
893
935
948
932
933
919
928
9364
906
957
939
909
931
9379
9315
9323
892
916
925
9345
910
917
977
9341
9344
9359
908
9335
9351
912
9349
9334
9321
9353
920
934
9363
9354
9368
911
897
922
9340
9352
9369
879
927
938
9362
9348
930
887
923
907
9105
9346
9387
8017
8082
8092
8174
8185
8229
8265
8276
8329
7971
7983
8040
8054
8073
8120
8206
8234
8241
8253
8266
8269
8322
8408
8425
8455
8487
8067
8143
8250
8270
8273
8281
8334
8374
8380
8454
8473
8118
8148
8247
8262
8279
8284
8308
8321
8333
8430
8432
7980
8024
8034
8063
8100
8105
8125
8232
8258
8259
8261
8272
8277
8328
8369
8376
7870
7942
8007
8074
8111
8135
8181
8190
8233
8245
8317
8379
8391
8395
8463
8491
7825
7981
8028
8049
8065
8076
8077
8145
8176
8224
8236
8237
8301
8318
8357
8401
8415
8450
8499
8032
8036
8048
8057
8078
8129
8131
8178
8183
8194
8230
8264
8285
8314
8327
8347
8349
8382
8393
8405
8412
8414
8440
8483
7865
7953
7963
7966
7995
8029
8043
8071
8075
8083
8116
8127
8144
8162
8180
8212
8251
8254
8292
8299
8300
8306
8309
8359
8360
8364
8390
8400
8406
8421
8449
8451
8478
8484
7857
7878
7901
7975
7987
8016
8027
8084
8119
8149
8154
8319
8337
8365
8383
8387
8490
7946
8085
8088
8096
8110
8223
8275
8278
8304
8324
8351
8361
8403
8407
8410
8417
8427
8445
8472
7921
7959
7993
8050
8053
8087
8099
8102
8103
8107
8109
8134
8147
8153
8156
8163
8166
8173
8184
8196
8216
8238
8286
8338
8344
8348
8350
8368
8402
8420
8439
8493
7732
7787
7837
7856
7880
7895
7938
7994
8020
8052
8101
8122
8124
8140
8252
8257
8296
8313
8325
8343
8353
8378
8392
8452
8485
8515
7950
7961
7996
8001
8008
8025
8061
8070
8112
8128
8157
8186
8201
8221
8249
8291
8373
8411
8433
8457
8488
8511
7868
7889
7893
7903
7945
7952
7998
8006
8031
8060
8098
8172
8191
8209
8214
8248
8289
8294
8297
8336
8339
8381
8388
8404
8448
7951
7956
7997
8019
8046
8068
8115
8130
8152
8177
8197
8215
8288
8295
8307
8326
8331
8335
8362
8385
8413
8422
8465
8503
8508
8513
8524
8577
7749
7906
7962
8055
8089
8093
8123
8159
8200
8239
8240
8316
8342
8371
8377
8384
8394
8397
8423
8458
8495
8533
7948
7976
7986
8005
8047
8059
8069
8081
8113
8155
8203
8218
8219
8255
8260
8263
8310
8320
8341
8358
8375
8443
8467
8486
8518
8528
7771
7824
7835
7869
7933
7937
7940
7968
8013
8015
8030
8094
8138
8192
8205
8243
8302
8303
8354
8453
8476
8481
8496
7744
7810
7826
7832
7915
7932
7949
7973
8009
8141
8160
8161
8167
8193
8267
8287
8356
8399
8435
8459
8479
8505
7934
7941
7972
7978
7979
8188
8220
8246
8370
8389
8438
8546
5815
7805
7920
7930
7960
8037
8039
8090
8164
8187
8372
8396
8437
8522
8529
7864
7891
7916
7927
7967
7982
7985
8044
8058
8133
8136
8137
8179
8204
8366
8386
8416
8446
8447
8500
8523
8525
8564
6237
6306
7725
7808
7841
7900
7909
7931
7943
8003
8010
8097
8165
8298
8315
8346
8424
8480
8489
8509
8512
7784
7822
7852
7861
7867
7882
7935
7990
8051
8139
8189
8199
8202
8226
8431
8441
8475
8519
8520
8549
7774
7845
7848
7855
7886
7896
7917
7926
8002
8121
8222
8235
8464
7711
7797
7883
7908
7913
7914
7925
7954
7984
7991
8012
8014
8064
8086
8195
8210
8323
8471
8506
8565
6234
8231
8242
8283
8352
8418
8474
8501
8530
5842
7818
7871
7872
7875
7881
7892
7928
7964
7992
8228
8429
8460
8562
8571
6010
7695
7811
7936
8041
8045
8345
8492
8531
8543
8576
5820
7256
7598
7599
7794
7801
7923
7988
8018
8023
8168
8198
8469
8580
7767
8072
8207
8217
8363
8367
8436
8477
8526
7719
7751
7876
7977
8066
8211
8442
7145
7570
7777
7885
8091
8444
8532
6351
7877
7899
7947
7955
8169
8507
6335
7702
7710
7768
7769
7815
7820
8021
8170
8559
7726
7844
8462
8536
8582
7721
7735
7759
7905
8535
5802
6011
7298
7686
7765
7843
8311
7402
7720
8150
8213
8545
8550
7618
7698
7708
7819
8553
5781
7251
7791
7910
8142
8584
6052
6459
8151
8332
7514
7812
8033
8108
8558
7495
7813
8274
8428
8563
7727
7772
7846
7847
7957
8290
5623
6399
6553
8158
8504
6537
6549
6798
7459
7551
7752
7786
7902
8080
8567
6098
7691
7746
7803
7834
7970
8271
8398
8534
8538
8539
5954
6081
6585
6616
7664
8537
6027
6334
7838
7850
7863
8456
8482
8494
8517
8542
8561
7651
7912
8547
5792
6086
6119
6182
6253
6479
7552
7601
7718
7737
7821
7830
8062
8497
8510
7668
7760
7804
7873
7874
7884
8022
8042
8095
5924
6116
7216
7773
7780
7888
7974
8000
8583
8587
5534
7191
7779
7827
7839
7854
5806
6343
7944
8466
6141
6320
6374
6637
7922
5785
5847
5849
7999
8035
5925
6270
7048
7748
7754
5773
6154
6171
6281
6539
6552
6705
7231
7288
7553
5751
5866
6088
6900
7563
7739
7890
7898
7924
8514
8540
8568
6307
6326
7536
7753
8026
8551
5946
6089
7238
7330
7653
8056
5753
5908
5916
7242
8541
8575
8581
8616
6494
6730
7373
7428
7798
7829
7897
7929
7958
7969
8038
8470
7515
7644
7729
8566
5750
6029
6135
6447
7533
7614
7634
7802
7816
5905
6319
7606
7713
7800
7904
7117
7431
7613
7858
5670
5796
6985
7652
7663
7685
7781
7789
7790
7862
7907
8104
8516
8560
8633
5713
6043
6051
6260
7178
7828
8639
5962
6209
6518
6744
6894
6912
7639
7701
7762
8640
5763
6069
6228
6310
7252
7704
7823
5606
5835
5875
6003
7770
7795
7918
8521
6454
6476
6587
7061
7115
8502
5829
6007
6332
6497
7460
7593
7755
8614
7144
7833
7842
6197
6609
7441
7463
7488
7717
7879
7989
6654
6702
7218
7489
7650
7692
7853
8544
8548
8599
8601
8604
5577
5891
6022
6554
7248
7673
7683
8579
8621
5848
6460
7408
7660
7684
7758
8606
6050
6129
6633
7523
7911
5291
6316
6360
6409
7383
7631
5859
6061
6179
6235
6370
6669
6917
7447
8578
8591
5776
5958
6143
6845
5616
5839
6788
7121
7723
5880
5926
6322
6664
6972
7528
7757
5581
5703
5955
6368
6641
6753
6806
6956
7315
7736
6291
6808
7435
7608
7796
8570
8573
8596
6140
6904
7696
7715
5885
7299
7348
7623
5860
6336
6573
6677
7177
7578
5038
6111
6435
6591
6909
7268
7712
7761
6072
6113
6172
6185
6225
6403
7304
7522
7586
7714
7724
8607
5112
5612
6264
8555
5764
6589
6885
7434
7792
5769
5949
6426
5822
6356
6943
7318
7324
5660
5922
5990
6221
6930
6955
7217
7840
5650
5747
6532
6632
6716
6801
6834
6883
7146
7161
7314
7414
7676
7809
7859
8622
5748
5933
6347
6415
6439
6751
7170
7387
7393
7581
8613
5554
6623
6802
6942
5210
8011
8603
6807
7731
7887
5183
5800
5963
7860
5755
5786
7406
7472
7503
7612
7734
5476
5304
5553
5772
6034
7010
7119
7519
7530
7648
7677
5408
5698
5770
5871
5943
6330
6501
6855
6862
7638
8611
5923
6836
7046
7230
7261
7764
8244
5110
6162
7309
7371
8623
7508
7766
6315
7597
8625
6533
7468
5969
6557
6594
5768
5985
6041
6144
6563
6695
6853
7263
7633
7646
5705
6879
7102
7135
6238
7060
7566
8600
6194
6735
6769
6992
5724
5749
6156
6203
6681
7619
7630
7689
5821
5892
5906
6093
6851
7300
7535
7547
5511
6057
6470
6866
7203
7641
7675
6183
7778
5557
7265
7851
8569
7814
7836
8608
8586
6211
6503
7105
7478
8627
5941
6308
7407
6736
7657
5945
7621
7709
5449
6133
7688
5365
5826
6082
5324
6173
6568
7361
4983
7372
6224
7462
7577
8574
8652
5646
6099
6499
6961
7656
5383
5793
7624
6541
6593
7444
5296
5353
5771
6118
6248
6377
7273
7390
7788
7817
7554
5643
5399
5865
7558
7617
5551
7452
7665
7785
8610
6109
5791
5834
6488
5881
7374
7421
5668
5932
6037
6782
7730
5693
7360
6046
7335
4846
6486
6970
6690
7625
7747
5617
6393
7375
7272
6383
6433
5710
7291
6139
6413
6775
7487
5837
6304
7245
5594
6303
6544
7398
7491
6229
6535
6651
8588
5590
5624
6453
6138
6472
7706
6418
7269
7592
7450
6382
6094
5912
7182
7188
7381
6516
6130
5418
5857
5919
7220
5506
5719
7351
