1526
9612
1797
1799
4479
9503
5883
7928
6983
3174
150
5415
783
2149
5924
6802
8276
2729
7073
3291
5096
907
2091
8257
542
1579
550
8137
3032
9070
7914
6030
494
4636
5566
7968
5219
7688
9238
2510
1163
2713
2953
4549
9401
1328
2089
3500
3009
7740
8246
193
1776
872
3176
6273
1539
9753
1757
5158
4846
642
2035
7134
9107
1956
8916
615
9983
1100
7516
9179
9423
7210
1311
1185
8344
7457
2083
2976
4443
7847
3775
8684
2457
4669
5246
7762
6886
8217
4370
9138
771
5411
4305
2180
4427
8320
3766
7471
2876
4643
7783
3922
4463
6801
2969
4108
2490
8682
9040
294
2736
8191
5
1880
5968
7051
6953
5480
3588
4020
9787
1996
2396
4411
8270
1154
3316
5464
6837
8717
2353
6790
6995
11
921
4258
4516
9414
807
898
6740
4157
2761
5670
6832
4057
9651
1586
6795
667
2837
2605
2628
4439
4488
1121
7613
9218
4277
7442
890
6051
9686
3124
235
3945
1258
2218
3798
4728
7951
8748
2301
2412
5933
2100
2369
8484
8266
8931
9276
4658
1102
1107
96
2697
3476
5089
5558
7289
7430
7848
3205
940
6299
2559
2323
3623
6092
1971
82
1686
4639
7604
3056
4376
5640
9250
449
1266
5271
2099
3136
6944
3790
7622
63
2965
3742
5251
702
7229
9848
2268
4262
662
4068
9928
2170
3982
4821
5474
2785
7942
9615
4763
2443
2463
3362
3425
9565
6895
7218
1536
8523
3219
3138
4332
1636
8731
5206
1752
4845
8534
510
1383
1805
7889
4606
5819
1412
6317
9820
641
4931
9334
4183
5861
8735
2075
4253
1439
2371
9556
9011
9421
2895
6420
7446
9319
1634
8805
8976
9158
1073
3834
4152
8
283
1948
3108
4290
3739
9777
4346
6565
7129
7266
8132
1279
190
319
2439
9946
5663
5461
5521
7836
9110
1214
5520
2820
4558
3608
3394
3208
5711
2535
7337
2421
3529
3949
7461
3793
7870
1609
6414
2583
8034
1576
1804
5240
6794
7291
8486
2385
7123
727
6725
1540
1980
2992
9954
3824
9867
1753
3841
1111
2044
866
1788
2232
2502
2904
8797
2388
5424
4209
5028
5470
5808
8205
4635
5671
8401
6294
2395
4394
6665
7980
5433
2985
3227
5864
1687
1879
2475
7744
364
597
3684
7856
5051
7290
2790
4271
2235
2821
7096
9099
570
4826
8761
8115
387
6052
314
2470
3006
7963
4221
5732
9464
8490
4619
5962
6555
603
5828
5004
7841
5435
9613
1995
3243
1217
6061
9475
2884
3609
2528
114
4670
7729
5345
9470
2384
7610
1590
9684
9884
5838
8166
3134
1659
7532
8629
378
2726
2017
121
1162
9077
9723
5188
8417
1084
7620
5160
9500
7311
1942
6710
7093
9637
1268
1706
6613
584
7721
223
1747
5957
153
6614
9974
5738
5105
69
666
5050
1554
3099
9227
3681
1098
6302
9212
3494
6853
92
3606
4147
9703
4196
341
514
3143
2906
2845
5960
6160
6468
7445
8664
30
1453
2460
2888
5653
1056
4032
7590
4143
5201
5204
8458
7896
7223
5115
8883
931
7128
230
453
7006
4215
6874
936
3120
7176
1918
4199
5652
8200
6080
7629
7788
627
4571
7351
64
3345
960
5533
9730
7757
6089
5187
9416
7462
7563
8600
585
3511
1433
4335
2830
4476
9582
4683
2354
3023
5209
2054
2572
4141
5359
8267
1120
7412
7679
3478
1641
2244
8825
4703
2194
2701
3973
9514
2172
805
2081
5372
9388
6026
7986
934
1283
3898
4391
8049
3934
843
6848
7142
8635
8173
7716
7514
706
4824
4369
1486
2177
6491
5607
8764
4467
3634
4929
9207
344
2774
4577
6062
7737
1620
4692
2598
3251
4668
8459
842
9906
5128
5429
1739
8395
1663
243
7560
7036
3923
4289
4562
5357
5472
5826
3433
9042
9145
620
8491
5778
2670
7564
4913
5686
8681
4751
9390
6986
5006
5147
5074
9740
1701
5282
4783
6593
6668
1529
34
1275
2594
9452
2716
4392
4385
3487
8798
9549
65
3889
6877
2933
8857
4837
7705
2153
987
299
2659
5610
7124
1773
6410
70
4922
7126
9075
1150
6745
7578
9601
483
2597
5329
2318
6904
4257
593
353
8960
8362
8929
1745
3504
9315
1207
1842
1904
5439
6282
8424
9507
8422
9468
1059
6217
6667
178
709
3948
4211
6332
2345
5099
8285
6817
5260
7544
1110
6439
8211
4127
9130
3479
2311
8758
796
5488
7576
7301
184
8041
8831
806
2254
2137
9949
2556
4777
1231
8880
4625
8711
8366
1941
5511
8456
1347
8275
1922
732
7193
6978
9537
7827
7477
7393
5351
2813
4505
7204
8947
6176
7408
1622
8168
6296
4729
7282
5635
3626
3350
5801
5394
8064
7081
5379
9930
8852
8153
9046
1682
60
3883
2541
1594
2868
7009
8720
1997
4481
5283
3827
9599
6139
6007
2817
9646
9576
8128
6661
1723
3164
2040
489
4010
9708
5086
5475
5509
167
801
6526
4085
8643
6233
2312
4352
1058
3881
9415
5522
7287
3426
3506
4949
1591
3862
4860
4978
639
994
5338
8598
3955
8015
7852
2554
5859
1405
1188
3386
870
5559
6395
6577
5380
4961
4187
6674
9346
9172
3632
5599
3364
3229
2480
6967
7527
2315
3876
5221
1306
6083
5103
5793
4907
9655
2683
7215
726
5940
6054
202
5242
6074
9971
6680
9339
5217
3493
5880
9397
5169
8769
7694
2262
1760
9822
8040
2010
1105
8770
9530
4182
9448
9835
8744
8668
2192
8150
2733
201
7001
5005
2529
1687
4693
6584
6470
2618
4999
845
4954
9608
7807
3255
4856
4392
2477
1958
3042
3823
493
2064
746
7552
7476
3307
3117
9672
7398
6061
1848
2266
8929
481
3339
9409
7583
4178
278
7175
4367
3750
9132
8323
8009
4365
1673
656
4207
9675
8882
4530
1741
3107
7519
790
1228
3610
6065
8369
9964
2924
2722
354
1343
2974
1821
2774
7874
3306
5490
103
8549
8217
622
9596
4480
8352
8183
4812
7364
5432
6573
5318
8950
6941
9117
8118
3614
9571
3219
9653
751
5974
4339
6783
2633
8864
9136
4033
8179
3502
6382
2677
1293
6203
4205
8964
4458
4262
8307
9786
7926
3093
7563
6743
8336
4671
5278
2871
8999
2622
6665
5050
9024
6272
4736
5097
5928
5742
4594
4088
5503
6119
1877
1377
2275
2458
9714
1428
5120
7339
3467
1959
2687
1318
4911
261
9112
3714
5524
1551
3704
2561
5884
4409
7767
6240
1910
7544
401
9648
5322
5964
6767
4601
9915
237
171
4423
56
2185
3549
1490
803
6509
1711
507
2392
6430
2599
3058
5417
176
880
5328
5218
2716
140
6079
8966
7912
1323
2955
9719
2018
1720
4519
