8.9
9.0
12.1
12.3
12.6
12.8
13.0
13.4
14.0
14.5
14.8
14.8
15.0
15.1
15.3
15.3
15.4
15.8
15.8
15.9
16.0
16.3
16.6
16.8
17.0
17.1
17.2
17.2
17.5
17.6
17.7
17.9
18.0
18.0
18.3
18.3
18.4
18.5
18.5
18.7
18.8
18.8
18.8
19.0
19.1
19.2
19.2
19.3
19.6
19.6
19.8
19.9
20.0
20.1
20.1
20.2
20.3
20.3
20.5
20.5
20.6
20.8
20.8
20.8
20.8
20.9
20.9
21.0
21.0
21.1
21.1
21.4
21.7
21.8
22.1
22.2
22.4
22.5
22.6
22.6
22.6
22.7
22.8
22.8
22.9
22.9
23.1
23.1
23.2
23.2
23.3
23.3
23.4
23.4
23.5
23.6
23.6
23.6
23.7
23.8
23.9
23.9
23.9
24.0
24.0
24.0
24.1
24.1
24.3
24.3
24.3
24.5
24.5
24.5
24.6
24.7
24.7
24.7
24.9
25.1
25.3
25.4
25.4
25.6
25.7
25.8
25.8
25.9
25.9
26.0
26.0
26.0
26.1
26.1
26.1
26.3
26.4
26.4
26.5
26.5
26.7
26.8
26.9
27.0
27.2
27.2
27.2
27.3
27.3
27.4
27.4
27.5
27.5
27.6
27.6
27.7
27.9
28.1
28.1
28.1
28.2
28.2
28.3
28.3
28.3
28.4
28.5
28.5
28.8
28.9
28.9
29.0
29.0
29.1
29.2
29.2
29.3
29.4
29.6
29.6
29.7
29.7
29.7
29.8
29.9
29.9
30.0
30.0
30.1
30.1
30.2
30.3
30.3
30.3
30.4
30.5
30.6
30.7
30.8
30.8
30.8
31.0
31.1
31.1
31.1
31.3
31.4
31.6
31.7
31.7
31.8
31.9
31.9
32.1
32.1
32.1
32.2
32.2
32.4
32.4
32.4
32.7
32.8
32.8
32.8
32.9
32.9
33.1
33.1
33.2
33.3
33.3
33.4
33.4
33.5
33.5
33.5
33.6
33.7
33.7
33.7
33.7
33.7
33.8
33.9
34.1
34.1
34.2
34.3
34.3
34.4
34.4
34.5
34.6
34.6
34.8
34.9
35.0
35.0
35.0
35.1
35.1
35.2
35.3
35.3
35.6
35.6
35.6
35.7
35.7
35.8
35.9
35.9
36.3
36.3
36.3
36.4
36.4
36.5
36.5
36.5
36.5
36.6
36.6
36.6
36.6
36.7
36.7
36.7
36.8
36.9
36.9
36.9
36.9
37.0
37.0
37.1
37.1
37.4
37.5
37.5
37.6
37.7
37.7
37.7
37.7
38.0
38.3
38.3
38.3
38.3
38.4
38.6
38.7
38.7
38.8
38.9
39.0
39.1
39.2
39.2
39.3
39.6
39.7
39.7
39.8
39.8
39.9
39.9
40.0
40.0
40.2
40.2
40.2
40.2
40.3
40.3
40.4
40.4
40.6
40.6
40.7
40.7
40.8
40.8
40.9
40.9
41.0
41.0
41.1
41.1
41.3
41.3
41.3
41.4
41.4
41.4
41.5
41.6
41.7
41.7
41.7
41.7
41.8
41.9
41.9
42.0
42.1
42.2
42.2
42.2
42.3
42.4
42.5
42.5
42.5
42.6
42.6
42.6
42.6
42.7
42.7
42.7
42.7
42.8
43.1
43.2
43.2
43.8
43.8
44.0
44.2
44.3
44.8
44.8
45.0
45.1
45.2
45.4
45.5
45.5
45.5
45.6
45.6
45.6
45.8
45.9
45.9
45.9
46.0
46.0
46.3
46.3
46.4
46.4
46.6
46.7
46.9
46.9
47.0
47.1
47.3
47.4
47.5
47.6
47.7
47.8
47.8
47.9
48.1
48.2
48.3
48.3
48.4
48.4
48.5
48.7
48.7
49.1
49.4
49.4
49.7
49.8
49.8
50.0
50.0
50.1
50.7
50.9
50.9
51.0
51.0
51.2
51.3
51.5
51.9
52.0
52.1
52.4
52.4
52.6
52.7
52.9
53.2
53.2
53.3
53.3
53.4
53.6
53.7
53.9
53.9
54.1
54.3
54.3
54.4
54.7
54.9
55.1
55.2
55.3
55.4
55.8
55.8
55.9
55.9
56.0
56.1
56.3
56.4
56.5
56.6
56.7
56.7
56.8
57.0
57.1
57.2
57.2
57.4
57.5
57.5
57.6
57.6
57.8
57.9
57.9
57.9
57.9
58.2
58.4
58.7
58.7
58.8
58.8
58.9
58.9
59.0
59.2
59.2
59.4
59.4
59.4
59.5
59.5
59.6
59.8
59.9
59.9
59.9
60.0
60.0
60.0
60.2
60.2
60.3
60.3
60.3
60.4
60.5
60.9
61.0
61.3
61.3
61.3
61.4
61.4
61.6
61.6
61.8
61.9
61.9
62.0
62.2
62.2
62.3
62.5
62.6
62.9
62.9
62.9
63.1
63.1
63.1
63.7
63.8
64.0
64.1
64.2
64.3
64.3
64.6
64.9
65.2
65.6
65.8
66.3
66.5
66.6
66.6
66.8
66.9
67.0
67.3
67.3
67.6
67.7
67.8
68.0
68.0
68.3
68.4
68.6
68.7
68.7
68.8
69.0
69.0
69.0
69.2
69.2
69.3
69.5
69.5
69.7
69.9
70.0
70.0
70.4
70.4
70.8
70.8
70.9
71.3
71.4
71.8
72.2
72.3
72.5
72.6
72.7
72.8
72.9
73.1
73.1
73.2
73.3
73.5
74.5
74.5
74.5
74.6
74.7
74.8
74.9
75.2
75.7
75.9
76.1
76.7
76.9
77.2
77.4
77.6
78.1
78.3
79.3
79.5
79.6
79.7
79.9
80.0
80.1
80.4
80.8
80.9
81.1
81.2
82.0
82.2
83.4
83.6
83.8
83.9
84.2
85.0
85.1
85.1
85.1
85.2
85.2
85.3
85.4
85.6
86.2
86.5
86.5
86.6
86.7
87.0
87.5
87.6
87.8
87.8
88.3
89.0
89.0
89.3
89.5
89.9
90.3
90.4
90.8
90.8
91.0
91.1
91.2
91.2
91.3
92.2
92.4
92.6
93.5
93.8
94.0
94.0
94.6
94.7
94.7
94.7
95.3
96.1
96.3
96.6
96.7
96.8
98.4
98.4
98.5
99.3
99.5
99.6
99.8
100.1
100.8
101.1
101.2
101.4
101.4
101.8
101.9
102.6
102.8
102.9
103.7
103.7
104.1
104.3
104.4
104.5
105.0
105.2
105.5
106.6
106.6
108.0
108.7
109.3
109.4
110.7
111.3
113.4
113.9
114.7
115.1
115.2
115.4
116.0
116.9
117.1
117.2
117.6
118.4
119.1
121.1
121.7
122.0
122.7
122.7
122.8
124.1
124.3
124.4
124.8
125.8
126.2
126.5
126.8
127.0
127.7
127.8
130.6
130.9
131.8
131.9
134.9
135.2
137.0
137.2
139.3
139.8
139.8
141.0
147.9
149.0
149.1
150.0
150.9
151.3
151.8
154.1
156.0
156.3
156.7
157.4
157.8
159.3
160.1
160.4
161.1
162.7
163.6
165.0
166.8
169.6
171.5
172.0
172.9
175.8
176.5
179.0
179.3
184.5
190.9
191.3
191.4
193.1
195.9
199.0
199.6
199.8
200.0
200.5
200.6
211.4
214.2
217.2
217.9
221.7
221.7
226.9
227.9
229.5
232.2
234.7
235.5
235.8
237.2
242.3
259.9
260.7
262.9
265.7
270.1
270.6
271.0
284.0
289.4
291.5
294.2
296.7
300.2
311.6
311.8
314.6
316.4
317.3
321.7
321.9
324.5
325.0
326.5
334.4
335.5
336.7
337.4
345.2
345.4
346.7
355.6
359.7
362.0
362.4
372.4
372.6
373.0
376.2
377.1
390.4
394.0
396.8
397.0
400.2
404.0
405.8
408.4
409.7
411.2
411.6
414.3
416.3
420.1
421.7
421.9
423.0
424.7
428.6
431.7
436.5
436.6
445.0
447.0
447.9
448.3
450.5
451.5
453.1
459.2
459.3
470.2
476.1
479.8
481.0
485.3
493.1
493.4
494.7
495.8
499.7
499.7
502.0
508.8
511.9
514.9
516.2
517.3
520.2
520.6
521.1
521.8
526.1
527.3
527.7
532.7
538.8
538.8
549.0
550.1
551.9
552.1
553.7
565.4
569.9
572.4
577.4
578.1
578.6
580.4
583.1
587.0
588.9
589.2
589.9
590.0
596.9
596.9
598.0
600.1
609.7
610.2
610.6
615.3
615.6
624.8
625.9
632.3
635.1
635.6
639.8
640.4
641.9
644.3
646.3
646.5
646.8
647.2
649.3
650.5
655.7
656.7
657.0
659.5
659.8
668.0
669.5
676.8
678.6
682.5
684.0
688.7
692.2
700.3
700.6
708.3
708.5
714.4
717.0
719.0
719.9
722.6
724.4
729.4
731.3
741.8
751.2
752.7
753.5
757.2
758.3
764.4
767.8
768.0
768.9
774.4
781.1
781.7
787.1
787.7
788.0
793.4
793.5
798.3
802.0
806.2
807.8
807.8
807.9
809.8
810.7
813.9
820.1
828.5
828.8
833.0
833.7
838.4
839.5
848.0
851.5
856.9
860.4
863.8
875.9
877.8
878.0
880.9
883.6
884.4
885.2
886.2
888.1
892.9
895.5
896.3
897.2
898.7
899.2
901.9
904.4
906.9
908.1
915.6
920.5
922.8
925.1
928.3
928.5
928.6
928.7
935.1
935.9
936.3
938.0
941.3
948.6
952.1
953.5
953.7
954.3
958.2
959.1
965.9
966.4
971.2
971.8
975.4
976.7
978.9
985.8
988.9
988.9
989.6
991.4
993.1
993.2
995.0
995.3
995.9
997.9
