182.8
182.8
182.8
182.8
182.8
182.8
182.8
182.8
182.8
182.8
182.8
182.8
182.8
182.8
182.8
182.8
182.8
182.8
182.8
182.8
182.8
182.8
182.8
182.8
182.8
182.8
182.8
182.8
182.8
182.8
182.8
182.8
182.8
182.8
182.8
182.8
182.8
182.8
182.8
182.8
182.8
182.8
182.9
182.9
182.9
182.9
182.9
182.9
182.9
182.9
182.9
182.9
182.9
182.9
182.9
182.9
182.9
182.9
182.9
182.9
182.9
182.9
182.9
182.9
182.9
182.9
182.9
182.9
182.9
182.9
182.9
182.9
182.9
182.9
183.0
183.0
183.0
183.3
183.3
183.3
183.3
183.3
183.3
183.3
183.4
183.4
183.4
183.5
183.6
183.7
183.7
183.8
183.8
183.8
183.8
183.9
184.0
184.2
184.4
184.6
187.7
187.7
187.7
187.7
187.7
187.7
187.7
187.7
187.7
187.7
187.7
187.7
187.7
187.7
187.7
187.7
187.7
187.7
187.7
187.7
187.7
187.7
187.7
187.7
187.7
187.7
187.7
187.7
187.8
187.8
187.8
187.8
187.8
187.8
187.8
187.8
187.8
187.8
187.8
187.8
187.8
187.8
187.8
187.8
187.8
187.8
187.8
187.8
187.8
187.8
187.8
187.8
187.8
187.8
187.8
187.8
187.8
187.8
187.8
187.9
187.9
187.9
187.9
187.9
187.9
187.9
187.9
187.9
188.0
188.0
188.0
188.0
188.0
188.0
188.0
188.2
188.2
188.8
188.8
188.9
188.9
188.9
188.9
189.0
189.2
189.2
189.3
189.6
189.6
189.8
189.9
190.1
190.2
190.2
190.2
190.3
190.6
190.9
191.2
191.2
191.3
191.3
191.3
191.3
191.3
191.3
191.3
191.3
191.3
191.4
191.4
191.4
191.4
191.4
191.4
191.4
191.4
191.4
191.4
191.4
191.4
191.4
191.4
191.4
191.5
191.5
191.5
191.5
191.5
191.5
191.5
191.5
191.5
191.5
191.5
191.5
191.6
191.6
191.6
191.6
191.6
191.6
191.6
191.6
191.6
191.6
191.6
191.6
191.6
191.6
191.7
191.7
191.7
191.7
191.7
191.7
191.7
191.7
191.7
191.8
191.8
191.8
191.8
191.8
191.8
191.9
191.9
192.1
192.1
192.1
192.1
192.2
192.2
192.2
192.3
192.5
192.6
193.7
193.7
193.8
193.9
193.9
194.1
194.1
194.5
194.7
194.8
195.0
195.2
195.2
195.6
195.8
195.8
195.9
195.9
195.9
196.0
196.0
196.0
196.0
196.0
196.0
196.1
196.1
196.1
196.1
196.2
196.2
196.2
196.2
196.2
196.2
196.2
196.3
196.3
196.3
196.3
196.3
196.3
196.4
196.4
196.4
196.4
196.4
196.4
196.5
196.5
196.5
196.5
196.5
196.5
196.6
196.6
196.6
196.6
196.6
196.6
196.7
196.7
196.7
196.7
196.7
196.7
196.7
196.8
196.8
196.8
196.8
196.8
196.8
196.9
196.9
196.9
196.9
196.9
197.0
197.0
197.0
197.0
197.1
197.2
197.2
197.3
197.4
197.4
197.5
197.6
197.6
197.6
197.6
197.7
198.0
198.0
198.1
198.5
198.6
199.4
200.6
200.7
200.8
201.4
201.4
201.7
202.3
202.3
203.2
203.4
203.4
203.5
203.6
203.6
203.7
203.7
203.8
203.9
203.9
203.9
204.0
204.0
204.4
204.4
204.5
204.6
204.7
204.7
204.7
204.8
204.8
204.9
204.9
204.9
205.1
205.1
205.1
205.2
205.4
205.4
205.5
205.5
205.6
205.7
205.9
206.0
206.0
206.0
206.0
206.1
206.1
206.2
206.3
206.3
206.3
206.3
206.4
206.4
206.4
206.4
206.4
206.6
206.6
206.9
206.9
206.9
207.0
207.2
207.3
207.4
207.5
207.6
207.6
207.6
207.7
207.8
208.0
208.1
208.1
208.1
208.1
208.4
208.8
208.8
209.0
209.1
209.6
210.1
210.1
210.4
210.5
210.5
210.6
213.6
215.6
216.6
217.4
225.2
232.9
255.6
351.0
351.0
351.0
351.0
351.0
351.0
351.0
351.0
351.0
351.0
351.0
351.0
351.0
351.0
351.0
351.0
351.0
351.0
351.0
351.0
351.0
351.0
351.0
351.0
351.0
351.0
351.0
351.0
351.0
351.0
351.0
351.0
351.0
351.0
351.1
351.1
351.1
351.1
351.1
351.1
351.1
351.1
351.1
351.1
351.1
351.1
351.1
351.1
351.1
351.1
351.1
351.1
351.1
351.1
351.1
351.1
351.1
351.1
351.1
351.1
351.1
351.1
351.1
351.1
351.1
351.1
351.1
351.1
351.1
351.1
351.1
351.1
351.2
351.2
351.2
351.2
351.3
351.5
351.5
351.5
351.5
351.5
351.6
351.6
351.7
351.7
351.7
351.9
351.9
352.1
352.1
352.2
352.2
352.2
352.2
352.4
352.5
352.7
352.9
353.2
356.2
356.2
356.2
356.2
356.2
356.2
356.2
356.2
356.2
356.3
356.3
356.3
356.3
356.3
356.3
356.3
356.3
356.3
356.3
356.3
356.3
356.3
356.3
356.3
356.3
356.3
356.3
356.3
356.3
356.3
356.4
356.4
356.4
356.4
356.4
356.4
356.4
356.4
356.4
356.4
356.4
356.4
356.4
356.4
356.4
356.4
356.4
356.4
356.4
356.4
356.4
356.4
356.4
356.4
356.4
356.4
356.5
356.5
356.5
356.5
356.5
356.5
356.5
356.5
356.6
356.6
356.6
356.6
356.7
356.7
356.7
356.7
356.7
356.7
356.7
356.9
357.0
357.8
357.8
357.8
357.8
357.9
357.9
357.9
358.2
358.3
358.3
358.8
358.9
359.2
359.2
359.6
359.7
359.8
359.9
360.3
360.5
361.1
361.1
361.2
361.2
361.2
361.2
361.2
361.2
361.2
361.2
361.2
361.2
361.2
361.3
361.3
361.3
361.3
361.3
361.3
361.3
361.3
361.3
361.3
361.3
361.3
361.3
361.3
361.3
361.3
361.3
361.3
361.3
361.4
361.4
361.4
361.4
361.4
361.4
361.4
361.4
361.4
361.4
361.4
361.4
361.5
361.5
361.5
361.5
361.5
361.5
361.5
361.5
361.5
361.5
361.5
361.5
361.5
361.6
361.6
361.6
361.6
361.6
361.7
361.8
361.8
361.8
361.8
361.8
361.9
361.9
362.0
362.0
362.1
362.2
362.2
362.2
362.3
362.3
362.6
362.6
363.1
363.3
363.3
363.5
363.5
363.6
363.6
364.1
364.1
364.2
364.2
364.6
364.9
365.1
365.7
365.7
365.7
365.8
365.8
365.8
365.8
365.9
365.9
366.0
366.0
366.0
366.0
366.0
366.0
366.0
366.0
366.1
366.1
366.1
366.1
366.2
366.2
366.2
366.2
366.2
366.2
366.2
366.2
366.2
366.3
366.3
366.3
366.4
366.4
366.4
366.4
366.4
366.4
366.5
366.5
366.6
366.6
366.6
366.6
366.6
366.6
366.6
366.7
366.7
366.7
366.7
366.8
366.8
366.8
366.8
366.8
366.9
366.9
367.0
367.0
367.1
367.1
367.2
367.2
367.2
367.2
367.3
367.4
367.4
367.5
367.5
367.9
367.9
368.0
368.0
368.1
368.2
368.3
368.4
368.7
368.9
369.1
369.4
370.2
370.4
370.9
370.9
370.9
371.1
371.2
371.6
371.6
371.9
372.1
372.1
372.2
372.2
372.2
372.2
372.3
372.4
372.4
372.4
372.6
372.6
372.6
372.7
372.7
372.7
372.7
372.8
372.9
372.9
372.9
373.0
373.0
373.0
373.1
373.1
373.1
373.2
373.3
373.3
373.3
373.3
373.5
373.6
373.7
373.7
373.7
373.8
373.8
373.9
373.9
373.9
373.9
374.0
374.1
374.1
374.1
374.2
374.2
374.4
374.4
374.5
374.6
374.7
374.7
374.7
374.7
374.8
374.8
374.8
374.9
374.9
375.1
375.1
375.1
375.2
375.4
375.6
375.6
375.6
376.0
376.3
376.4
376.5
377.2
377.3
377.3
377.4
377.7
378.1
378.7
378.8
379.1
379.3
380.3
381.3
381.7
389.1
390.7
509.1
509.1
509.1
509.1
509.1
509.1
509.1
509.1
509.1
509.1
509.1
509.1
509.1
509.1
509.1
509.1
509.1
509.1
509.1
509.1
509.1
509.1
509.1
509.1
509.1
509.1
509.1
509.1
509.1
509.1
509.1
509.1
509.1
509.1
509.1
509.1
509.2
509.2
509.2
509.2
509.2
509.2
509.2
509.2
509.2
509.2
509.2
509.2
509.2
509.2
509.2
509.2
509.2
509.2
509.2
509.2
509.2
509.2
509.2
509.2
509.2
509.2
509.2
509.2
509.2
509.2
509.2
509.2
509.2
509.2
509.2
509.2
509.2
509.3
509.3
509.3
509.3
509.6
509.6
509.6
509.6
509.6
509.6
509.6
509.7
509.8
509.8
509.9
510.0
510.1
510.1
510.2
510.2
510.3
510.3
510.4
510.5
510.7
510.9
511.1
514.1
514.1
514.1
514.1
514.1
514.1
514.1
514.1
514.1
514.1
514.1
514.1
514.1
514.2
514.2
514.2
514.2
514.2
514.2
514.2
514.2
514.2
514.2
514.2
514.2
514.2
514.2
514.2
514.2
514.2
514.2
514.2
514.2
514.2
514.3
514.3
514.3
514.3
514.3
514.3
514.3
514.3
514.3
514.3
514.3
514.3
514.3
514.3
514.3
514.3
514.3
514.3
514.3
514.3
514.3
514.3
514.3
514.4
514.4
514.4
514.4
514.4
514.4
514.4
514.4
514.4
514.4
514.5
514.5
514.5
514.5
514.5
514.5
514.5
514.6
514.7
514.8
515.6
515.6
515.6
515.7
515.7
515.7
515.8
516.0
516.1
516.1
516.6
516.7
516.9
517.0
517.4
517.4
517.7
517.7
518.0
518.3
518.7
518.9
519.0
519.0
519.0
519.0
519.0
519.0
519.0
519.0
519.0
519.0
519.0
519.0
519.1
519.1
519.1
519.1
519.1
519.1
519.1
519.1
519.1
519.1
519.1
519.1
519.1
519.1
519.1
519.1
519.1
519.1
519.1
519.2
519.2
519.2
519.2
519.2
519.2
519.2
519.2
519.2
519.2
519.2
519.2
519.2
519.2
519.2
519.2
519.2
519.3
519.3
519.3
519.3
519.3
519.3
519.3
519.3
519.3
519.3
519.4
519.4
519.4
519.5
519.5
519.6
519.6
519.6
519.6
519.6
519.6
519.7
519.8
519.9
519.9
519.9
519.9
519.9
520.2
520.2
520.7
520.9
521.0
521.1
521.1
521.2
521.2
521.7
521.8
521.8
522.0
522.3
522.5
522.7
523.4
523.4
523.5
523.5
523.5
523.5
523.5
523.6
523.6
523.6
523.6
523.7
523.7
523.7
523.7
523.7
523.7
523.7
523.8
523.8
523.8
523.8
523.8
523.9
523.9
523.9
523.9
523.9
523.9
523.9
524.0
524.0
524.0
524.0
524.1
524.1
524.1
524.1
524.1
524.1
524.1
524.1
524.2
524.3
524.3
524.3
524.3
524.3
524.3
524.3
524.3
524.3
524.3
524.4
524.4
524.4
524.4
524.4
524.5
524.6
524.6
524.7
524.7
524.7
524.7
524.8
524.8
524.9
524.9
524.9
525.0
525.1
525.3
525.5
525.5
525.5
525.7
525.7
525.8
525.9
526.2
526.4
526.5
527.1
528.0
528.5
528.5
528.8
528.9
528.9
529.2
529.2
529.7
530.2
530.3
530.8
530.8
530.8
530.9
531.0
531.1
531.1
531.2
531.3
531.4
531.4
531.5
531.5
531.6
531.6
531.7
531.7
531.8
531.9
531.9
532.0
532.0
532.2
532.2
532.3
532.5
532.5
532.5
532.6
532.8
532.8
532.9
533.0
533.2
533.3
533.4
533.4
533.5
533.5
533.5
533.6
533.7
533.7
533.8
533.9
533.9
534.0
534.0
534.0
534.1
534.1
534.1
534.2
534.3
534.3
534.3
534.3
534.6
534.7
534.8
534.9
535.0
535.2
535.2
535.4
535.4
535.4
535.4
535.5
535.6
535.9
536.0
536.0
536.6
536.7
537.0
537.3
537.4
537.4
537.4
537.8
538.8
538.9
539.0
539.1
539.3
541.0
547.4
547.9
548.2
550.7
553.1
554.6
556.0
566.1
667.0
667.0
667.0
667.0
667.0
667.0
667.0
667.0
667.0
667.0
667.0
667.0
667.0
667.0
667.0
667.0
667.0
667.0
667.0
667.0
667.0
667.0
667.0
667.0
667.0
667.0
667.0
667.0
667.0
667.0
667.0
667.0
667.0
667.0
667.0
667.0
667.0
667.0
667.0
667.0
667.0
667.0
667.0
667.0
667.1
667.1
667.1
667.1
667.1
667.1
667.1
667.1
667.1
667.1
667.1
667.1
667.1
667.1
667.1
667.1
667.1
667.1
667.1
667.1
667.1
667.1
667.2
667.2
667.2
667.2
667.2
667.2
667.2
667.3
667.3
667.3
667.4
667.6
667.6
667.6
667.7
667.7
667.7
667.7
667.8
667.8
667.9
668.0
668.1
668.2
668.2
668.4
668.4
668.4
668.4
668.5
668.6
668.9
669.1
669.3
671.8
671.8
671.8
671.8
671.9
671.9
671.9
671.9
671.9
671.9
671.9
671.9
671.9
671.9
671.9
671.9
671.9
671.9
671.9
671.9
672.0
672.0
672.0
672.0
672.0
672.0
672.0
672.0
672.0
672.0
672.0
672.0
672.0
672.0
672.0
672.0
672.0
672.0
672.0
672.0
672.0
672.0
672.0
672.0
672.0
672.0
672.0
672.0
672.1
672.1
672.1
672.1
672.1
672.1
672.1
672.1
672.1
672.1
672.1
672.1
672.1
672.1
672.2
672.2
672.2
672.2
672.3
672.3
672.3
672.4
672.4
672.4
672.5
672.5
672.5
672.7
672.8
673.7
673.7
673.7
673.8
673.8
673.9
673.9
674.1
674.3
674.4
674.9
675.0
675.2
675.3
675.7
675.9
675.9
676.0
676.3
676.6
676.6
676.6
676.6
676.6
676.6
676.6
676.6
676.6
676.7
676.7
676.7
676.7
676.7
676.7
676.7
676.7
676.7
676.7
676.7
676.7
676.7
676.7
676.7
676.7
676.7
676.7
676.8
676.8
676.8
676.8
676.8
676.8
676.8
676.8
676.8
676.8
676.8
676.8
676.9
676.9
676.9
676.9
676.9
676.9
676.9
676.9
676.9
676.9
676.9
676.9
676.9
676.9
676.9
677.0
677.0
677.0
677.0
677.0
677.0
677.1
677.1
677.1
677.2
677.2
677.2
677.3
677.3
677.4
677.4
677.4
677.5
677.5
677.7
677.7
677.8
677.8
677.8
678.1
678.1
678.2
678.7
678.9
679.0
679.2
679.2
679.2
679.3
679.9
679.9
680.0
680.4
680.7
681.0
681.0
681.0
681.0
681.1
681.1
681.1
681.1
681.2
681.2
681.2
681.2
681.3
681.3
681.3
681.3
681.3
681.3
681.3
681.4
681.4
681.4
681.4
681.4
681.4
681.4
681.4
681.4
681.5
681.5
681.5
681.5
681.5
681.5
681.6
681.6
681.6
681.6
681.7
681.7
681.7
681.7
681.8
681.8
681.8
681.9
681.9
681.9
681.9
681.9
681.9
682.0
682.0
682.1
682.1
682.1
682.1
682.2
682.2
682.2
682.2
682.2
682.3
682.4
682.4
682.4
682.4
682.5
682.5
682.6
682.6
682.6
682.7
683.1
683.1
683.2
683.2
683.4
683.4
683.5
683.7
683.7
684.4
684.9
685.0
685.6
686.2
686.7
686.9
687.4
687.5
687.5
687.8
688.0
688.0
688.1
688.3
688.3
688.3
688.4
688.6
688.6
688.7
688.8
688.8
688.9
689.0
689.0
689.0
689.1
689.1
689.1
689.1
689.2
689.4
689.5
689.5
689.6
689.6
689.6
689.7
689.9
689.9
690.0
690.0
690.0
690.1
690.2
690.2
690.4
690.4
690.4
690.5
690.5
690.6
690.6
690.7
690.8
690.8
690.9
691.1
691.1
691.2
691.2
691.4
691.4
691.5
691.5
691.5
691.6
691.7
691.7
692.0
692.0
692.1
692.2
692.2
692.2
692.5
692.6
692.7
692.9
692.9
693.3
693.7
693.9
694.4
694.4
695.0
695.2
695.4
695.7
695.8
697.3
698.2
698.7
699.2
699.2
700.4
701.8
703.1
703.3
825.9
825.9
825.9
826.0
826.0
826.0
826.0
826.0
826.0
826.0
826.0
826.0
826.0
826.0
826.0
826.0
826.0
826.0
826.0
826.0
826.0
826.0
826.0
826.0
826.0
826.0
826.0
826.0
826.0
826.0
826.0
826.0
826.0
826.0
826.0
826.0
826.0
826.0
826.0
826.0
826.0
826.0
826.0
826.0
826.0
826.0
826.0
826.0
826.0
826.0
826.0
826.0
826.0
826.0
826.0
826.0
826.0
826.0
826.0
826.0
826.0
826.0
826.0
826.0
826.0
826.0
826.0
826.0
826.0
826.0
826.0
826.0
826.0
826.0
826.0
826.0
826.1
826.3
826.3
826.3
826.4
826.4
826.4
826.4
826.4
826.5
826.5
826.7
826.7
826.7
826.7
826.8
826.9
827.0
827.0
827.1
827.2
827.3
827.5
827.7
830.9
830.9
830.9
830.9
830.9
830.9
830.9
830.9
830.9
830.9
830.9
830.9
830.9
830.9
830.9
831.0
831.0
831.0
831.0
831.0
831.0
831.0
831.0
831.0
831.0
831.0
831.0
831.0
831.0
831.0
831.0
831.0
831.0
831.0
831.0
831.0
831.0
831.0
831.0
831.0
831.0
831.0
831.0
831.1
831.1
831.1
831.1
831.1
831.1
831.1
831.1
831.1
831.1
831.1
831.1
831.1
831.1
831.1
831.1
831.1
831.1
831.1
831.1
831.1
831.1
831.1
831.1
831.1
831.1
831.1
831.1
831.1
831.1
831.1
831.2
831.2
831.3
832.1
832.1
832.2
832.2
832.3
832.3
832.3
832.5
832.6
832.8
833.3
833.4
833.4
833.5
833.8
833.9
834.3
834.3
834.7
834.9
835.1
835.7
835.8
835.8
835.8
835.8
835.8
835.8
835.8
835.8
835.8
835.8
835.8
835.8
835.8
835.8
835.8
835.9
835.9
835.9
835.9
835.9
835.9
835.9
835.9
835.9
835.9
835.9
835.9
835.9
835.9
835.9
835.9
835.9
835.9
835.9
835.9
835.9
835.9
835.9
835.9
836.0
836.0
836.0
836.0
836.0
836.0
836.0
836.0
836.0
836.0
836.0
836.0
836.0
836.0
836.0
836.0
836.1
836.1
836.1
836.1
836.1
836.1
836.2
836.2
836.2
836.2
836.2
836.2
836.2
836.2
836.3
836.3
836.3
836.4
836.4
836.4
836.4
836.6
836.6
837.3
837.5
837.5
837.5
837.5
837.7
837.7
838.0
838.3
838.3
838.5
838.7
838.8
838.9
839.5
839.6
840.1
840.1
840.1
840.1
840.1
840.1
840.1
840.2
840.2
840.2
840.3
840.3
840.3
840.3
840.3
840.3
840.3
840.3
840.3
840.3
840.3
840.3
840.4
840.4
840.4
840.4
840.4
840.4
840.5
840.5
840.5
840.5
840.5
840.5
840.5
840.5
840.5
840.6
840.6
840.6
840.6
840.7
840.7
840.7
840.7
840.7
840.7
840.8
840.8
840.8
840.8
840.8
840.8
840.8
840.8
840.8
840.9
840.9
840.9
840.9
840.9
841.0
841.0
841.0
841.0
841.1
841.1
841.1
841.2
841.2
841.4
841.4
841.5
841.5
841.5
841.7
841.7
841.8
842.1
842.1
842.2
842.5
843.4
843.6
843.7
843.8
844.1
844.2
844.2
844.6
845.0
845.0
845.8
845.8
845.9
846.1
846.4
846.5
846.6
846.6
846.6
846.6
846.6
846.7
846.8
846.8
846.9
847.0
847.0
847.0
847.1
847.1
847.1
847.2
847.2
847.2
847.3
847.3
847.3
847.4
847.4
847.5
847.6
847.6
847.6
847.6
847.7
847.8
847.9
848.0
848.0
848.0
848.1
848.1
848.2
848.2
848.3
848.3
848.3
848.3
848.4
848.4
848.4
848.5
848.5
848.5
848.5
848.6
848.6
848.6
848.7
848.7
848.7
849.0
849.0
849.1
849.1
849.2
849.2
849.2
849.2
849.3
849.4
849.5
849.5
849.6
849.7
850.0
850.0
850.2
850.3
850.4
850.7
850.9
851.1
851.1
851.6
851.7
853.3
853.5
859.3
859.9
860.8
862.0
862.7
864.9
866.2
866.9
866.9
870.6
984.8
984.8
984.8
984.8
984.8
984.8
984.8
984.8
984.8
984.8
984.8
984.8
984.8
984.8
984.8
984.8
984.8
984.8
984.8
984.8
984.8
984.8
984.8
984.8
984.8
984.8
984.8
984.8
984.8
984.8
984.8
984.8
984.8
984.8
984.9
984.9
984.9
984.9
984.9
984.9
984.9
984.9
984.9
984.9
984.9
984.9
984.9
984.9
984.9
984.9
984.9
984.9
984.9
984.9
984.9
984.9
984.9
984.9
984.9
984.9
984.9
984.9
984.9
984.9
984.9
984.9
984.9
984.9
984.9
984.9
984.9
984.9
985.0
985.0
985.0
985.0
985.1
985.3
985.3
985.3
985.3
985.3
985.4
985.4
985.5
985.5
985.5
985.7
985.7
985.9
985.9
986.0
986.0
986.0
986.0
986.2
986.3
986.5
986.8
987.0
989.9
989.9
990.0
990.0
990.0
990.0
990.0
990.0
990.0
990.0
990.0
990.0
990.0
990.0
990.0
990.0
990.0
990.1
990.1
990.1
990.1
990.1
990.1
990.1
990.1
990.1
990.1
990.1
990.1
990.1
990.1
990.1
990.1
990.1
990.1
990.1
990.1
990.1
990.1
990.1
990.1
990.1
990.1
990.1
990.1
990.1
990.1
990.2
990.2
990.2
990.2
990.2
990.2
990.2
990.2
990.2
990.2
990.2
990.2
990.3
990.3
990.3
990.3
990.3
990.3
990.3
990.3
990.3
990.4
990.4
990.5
990.5
990.5
990.5
990.5
990.7
990.8
991.6
991.7
991.7
991.7
991.8
991.8
991.8
992.1
992.3
992.3
992.9
993.0
993.3
993.4
993.7
993.9
994.0
994.0
994.4
994.7
995.3
995.5
995.5
995.5
995.5
995.5
995.5
995.5
995.5
995.5
995.5
995.6
995.6
995.6
995.6
995.6
995.6
995.6
995.6
995.6
995.6
995.6
995.6
995.6
995.6
995.6
995.6
995.7
995.7
995.7
995.7
995.7
995.7
995.7
995.7
995.7
995.7
995.7
995.7
995.7
995.7
995.7
995.7
995.7
995.7
995.7
995.7
995.7
995.7
995.8
995.8
995.8
995.8
995.8
995.8
995.8
995.8
995.9
995.9
995.9
995.9
995.9
996.0
996.0
996.1
996.1
996.1
996.2
996.2
996.2
996.2
996.3
996.4
996.5
996.5
996.5
996.5
996.7
996.8
996.9
997.3
997.5
997.5
997.7
997.8
997.8
997.9
998.3
998.4
998.4
998.4
998.7
999.1
999.2
999.9
999.9
