4.9
6.5
6.5
6.6
6.6
6.7
6.7
6.8
6.9
7.2
7.3
7.3
7.3
7.3
7.3
7.6
7.7
7.9
8.0
8.0
8.2
8.2
8.3
8.3
8.4
8.5
8.5
8.6
8.6
8.7
8.7
8.8
8.8
8.9
8.9
8.9
9.0
9.1
9.2
9.2
9.2
9.2
9.2
9.3
9.3
9.4
9.5
9.5
9.6
9.6
9.6
9.7
9.7
9.7
9.8
9.8
9.9
9.9
10.0
10.0
10.0
10.1
10.1
10.2
10.2
10.2
10.2
10.3
10.3
10.4
10.4
10.4
10.4
10.5
10.5
10.5
10.5
10.6
10.7
10.8
10.8
10.8
10.8
10.8
10.9
10.9
10.9
10.9
10.9
10.9
10.9
11.0
11.0
11.0
11.0
11.0
11.1
11.1
11.2
11.2
11.2
11.2
11.2
11.3
11.3
11.3
11.3
11.4
11.4
11.4
11.4
11.4
11.4
11.4
11.5
11.5
11.5
11.6
11.6
11.6
11.7
11.7
11.7
11.7
11.7
11.7
11.7
11.8
11.8
11.8
11.8
11.8
11.8
11.9
11.9
11.9
11.9
11.9
11.9
11.9
12.0
12.0
12.0
12.0
12.1
12.1
12.1
12.1
12.1
12.1
12.1
12.1
12.1
12.1
12.1
12.2
12.2
12.2
12.2
12.2
12.2
12.3
12.3
12.3
12.3
12.4
12.4
12.4
12.4
12.4
12.4
12.5
12.5
12.5
12.5
12.5
12.5
12.5
12.6
12.6
12.6
12.6
12.7
12.7
12.7
12.7
12.7
12.7
12.8
12.8
12.9
12.9
13.0
13.0
13.0
13.0
13.0
13.0
13.0
13.1
13.1
13.3
13.3
13.3
13.3
13.3
13.3
13.3
13.4
13.4
13.4
13.4
13.4
13.5
13.5
13.5
13.5
13.5
13.6
13.6
13.6
13.7
13.7
13.7
13.7
13.7
13.7
13.8
13.8
13.8
13.8
13.9
13.9
13.9
13.9
13.9
13.9
14.0
14.0
14.0
14.0
14.0
14.0
14.0
14.1
14.1
14.1
14.1
14.1
14.1
14.1
14.1
14.2
14.2
14.2
14.2
14.2
14.2
14.3
14.3
14.3
14.3
14.3
14.3
14.4
14.4
14.4
14.4
14.4
14.4
14.5
14.5
14.5
14.5
14.5
14.5
14.5
14.5
14.5
14.6
14.6
14.6
14.6
14.6
14.6
14.6
14.6
14.6
14.7
14.7
14.7
14.7
14.7
14.8
14.8
14.8
14.8
14.9
14.9
14.9
14.9
14.9
15.0
15.0
15.0
15.0
15.0
15.1
15.1
15.1
15.1
15.1
15.1
15.1
15.1
15.1
15.1
15.1
15.2
15.2
15.2
15.2
15.3
15.3
15.3
15.3
15.3
15.3
15.3
15.3
15.4
15.4
15.4
15.4
15.4
15.5
15.5
15.5
15.5
15.5
15.5
15.5
15.6
15.6
15.6
15.6
15.6
15.7
15.7
15.7
15.7
15.8
15.8
15.8
15.8
15.8
15.9
15.9
15.9
15.9
15.9
16.0
16.0
16.0
16.0
16.1
16.1
16.1
16.2
16.2
16.2
16.2
16.2
16.2
16.2
16.2
16.2
16.3
16.3
16.3
16.3
16.3
16.3
16.3
16.4
16.4
16.4
16.4
16.4
16.5
16.5
16.5
16.5
16.5
16.6
16.6
16.6
16.6
16.6
16.6
16.6
16.7
16.7
16.7
16.7
16.7
16.8
16.8
16.8
16.8
16.8
16.8
16.8
16.8
16.8
16.9
16.9
16.9
16.9
16.9
16.9
16.9
16.9
17.0
17.0
17.0
17.0
17.0
17.0
17.0
17.0
17.1
17.1
17.2
17.2
17.2
17.2
17.3
17.3
17.3
17.3
17.3
17.3
17.4
17.4
17.4
17.4
17.4
17.4
17.4
17.4
17.4
17.5
17.5
17.5
17.5
17.5
17.5
17.5
17.5
17.5
17.5
17.6
17.6
17.6
17.6
17.7
17.7
17.7
17.7
17.7
17.7
17.7
17.7
17.8
17.8
17.9
17.9
17.9
17.9
18.0
18.0
18.0
18.0
18.0
18.1
18.1
18.1
18.1
18.1
18.1
18.1
18.2
18.2
18.2
18.2
18.2
18.2
18.2
18.2
18.2
18.2
18.3
18.3
18.4
18.4
18.4
18.4
18.4
18.5
18.5
18.5
18.5
18.5
18.5
18.6
18.6
18.6
18.6
18.6
18.6
18.7
18.7
18.7
18.7
18.7
18.8
18.8
18.8
18.8
18.8
18.9
18.9
18.9
18.9
19.0
19.0
19.0
19.0
19.0
19.0
19.1
19.1
19.1
19.1
19.1
19.1
19.1
19.1
19.1
19.1
19.2
19.2
19.2
19.3
19.3
19.3
19.3
19.4
19.4
19.4
19.4
19.4
19.4
19.5
19.5
19.6
19.6
19.6
19.6
19.6
19.6
19.6
19.6
19.6
19.6
19.6
19.6
19.6
19.7
19.7
19.7
19.7
19.7
19.7
19.7
19.7
19.8
19.8
19.8
19.8
19.8
19.8
19.8
19.9
19.9
19.9
19.9
19.9
19.9
20.0
20.0
20.0
20.0
20.1
20.1
20.1
20.1
20.2
20.2
20.2
20.2
20.2
20.2
20.2
20.2
20.3
20.3
20.3
20.3
20.3
20.3
20.3
20.3
20.4
20.4
20.4
20.4
20.4
20.4
20.5
20.5
20.5
20.5
20.5
20.5
20.5
20.6
20.6
20.6
20.6
20.7
20.7
20.7
20.7
20.7
20.7
20.8
20.8
20.8
20.8
20.8
20.8
20.8
20.9
20.9
20.9
20.9
20.9
20.9
20.9
21.0
21.0
21.0
21.0
21.0
21.0
21.1
21.2
21.2
21.2
21.2
21.2
21.2
21.2
21.2
21.2
21.2
21.3
21.3
21.3
21.3
21.3
21.3
21.3
21.3
21.4
21.4
21.4
21.4
21.4
21.4
21.5
21.5
21.5
21.5
21.5
21.5
21.5
21.6
21.6
21.6
21.6
21.6
21.6
21.7
21.7
21.7
21.7
21.7
21.8
21.8
21.8
21.8
21.8
21.8
21.9
21.9
21.9
21.9
21.9
21.9
21.9
21.9
22.0
22.0
22.0
22.0
22.0
22.0
22.1
22.1
22.1
22.1
22.1
22.2
22.2
22.2
22.2
22.2
22.2
22.2
22.2
22.3
22.3
22.3
22.3
22.4
22.4
22.4
22.4
22.4
22.5
22.5
22.5
22.5
22.5
22.6
22.6
22.6
22.6
22.7
22.7
22.7
22.7
22.8
22.8
22.8
22.8
22.9
22.9
22.9
22.9
22.9
22.9
22.9
22.9
23.0
23.0
23.0
23.1
23.1
23.1
23.1
23.1
23.1
23.1
23.1
23.1
23.2
23.2
23.2
23.2
23.2
23.2
23.3
23.3
23.3
23.3
23.3
23.3
23.3
23.3
23.3
23.3
23.4
23.4
23.4
23.5
23.5
23.5
23.5
23.5
23.6
23.6
23.6
23.6
23.6
23.7
23.7
23.7
23.7
23.7
23.8
23.8
23.8
23.8
23.8
23.9
23.9
23.9
23.9
23.9
23.9
23.9
24.0
24.0
24.0
24.0
24.0
24.1
24.1
24.1
24.2
24.2
24.2
24.3
24.3
24.3
24.3
24.4
24.4
24.4
24.4
24.4
24.4
24.4
24.5
24.5
24.5
24.5
24.5
24.6
24.6
24.6
24.6
24.6
24.7
24.7
24.7
24.7
24.7
24.7
24.7
24.7
24.7
24.8
24.8
24.8
24.8
24.8
24.9
24.9
24.9
24.9
24.9
24.9
24.9
24.9
24.9
24.9
24.9
24.9
25.0
25.0
25.1
25.1
25.1
25.1
25.1
25.2
25.2
25.2
25.2
25.2
25.2
25.2
25.3
25.3
25.3
25.3
25.3
25.3
25.4
25.4
25.4
25.4
25.4
25.5
25.5
25.5
25.5
25.5
25.5
25.6
25.6
25.6
25.6
25.6
25.6
25.7
25.7
25.7
25.7
25.7
25.7
25.7
25.7
25.8
25.8
25.8
25.8
25.9
25.9
25.9
25.9
25.9
25.9
25.9
25.9
25.9
26.0
26.0
26.0
26.1
26.1
26.1
26.1
26.1
26.1
26.1
26.1
26.2
26.2
26.2
26.2
26.2
26.2
26.3
26.3
26.3
26.3
26.3
26.3
26.3
26.4
26.4
26.4
26.4
26.4
26.4
26.4
26.5
26.5
26.5
26.5
26.5
26.5
26.5
26.5
26.6
26.6
26.6
26.6
26.6
26.7
26.7
26.7
26.7
26.7
26.8
26.8
26.8
26.8
26.8
26.8
26.9
26.9
26.9
26.9
26.9
27.0
27.0
27.0
27.0
27.0
27.1
27.1
27.1
27.1
27.1
27.1
27.1
27.1
27.2
27.2
27.2
27.2
27.2
27.2
27.2
27.3
27.3
27.3
27.4
27.4
27.5
27.5
27.5
27.5
27.5
27.6
27.6
27.6
27.7
27.7
27.7
27.7
27.8
27.8
27.8
27.9
27.9
27.9
27.9
27.9
27.9
27.9
27.9
28.0
28.0
28.0
28.0
28.0
28.0
28.0
28.0
28.1
28.1
28.1
28.2
28.2
28.2
28.2
28.2
28.2
28.3
28.3
28.3
28.4
28.4
28.4
28.5
28.5
28.5
28.5
28.5
28.5
28.6
28.6
28.6
28.6
28.6
28.6
28.6
28.7
28.7
28.7
28.7
28.7
28.7
28.8
28.8
28.9
28.9
28.9
29.0
29.0
29.0
29.0
29.0
29.1
29.1
29.1
29.1
29.1
29.1
29.1
29.1
29.2
29.2
29.2
29.3
29.3
29.3
29.3
29.3
29.3
29.3
29.3
29.4
29.4
29.4
29.4
29.4
29.5
29.5
29.5
29.5
29.5
29.6
29.6
29.6
29.7
29.7
29.7
29.7
29.7
29.7
29.7
29.7
29.7
29.7
29.7
29.8
29.8
29.8
29.8
29.8
29.9
29.9
29.9
29.9
29.9
29.9
30.0
30.0
30.0
30.1
30.1
30.1
30.2
30.2
30.2
30.2
30.2
30.2
30.3
30.3
30.4
30.4
30.4
30.4
30.4
30.4
30.4
30.4
30.5
30.5
30.5
30.6
30.7
30.7
30.8
30.8
30.8
30.9
30.9
30.9
30.9
30.9
31.0
31.0
31.0
31.0
31.0
31.0
31.0
31.1
31.1
31.2
31.3
31.3
31.4
31.4
31.4
31.4
31.4
31.5
31.6
31.6
31.6
31.6
31.6
31.6
31.7
31.7
31.7
31.7
31.7
31.8
31.8
31.8
31.8
31.8
31.8
31.8
31.9
31.9
31.9
31.9
31.9
31.9
31.9
31.9
32.0
32.0
32.0
32.0
32.0
32.0
32.1
32.1
32.1
32.1
32.2
32.2
32.3
32.4
32.4
32.4
32.4
32.4
32.5
32.5
32.5
32.5
32.5
32.6
32.7
32.7
32.7
32.7
32.7
32.7
32.7
32.7
32.8
32.8
32.8
32.8
32.8
32.9
32.9
32.9
32.9
32.9
32.9
32.9
32.9
33.0
33.0
33.0
33.0
33.1
33.1
33.1
33.1
33.1
33.1
33.1
33.2
33.2
33.2
33.2
33.2
33.2
33.3
33.3
33.3
33.3
33.3
33.3
33.3
33.3
33.3
33.4
33.4
33.4
33.4
33.4
33.4
33.4
33.4
33.5
33.5
33.5
33.5
33.5
33.5
33.5
33.6
33.6
33.6
33.7
33.7
33.7
33.7
33.7
33.8
33.8
33.8
33.8
33.9
33.9
33.9
33.9
33.9
33.9
34.0
34.0
34.0
34.0
34.0
34.1
34.1
34.1
34.1
34.1
34.2
34.2
34.2
34.3
34.3
34.3
34.3
34.4
34.4
34.4
34.5
34.5
34.5
34.5
34.5
34.6
34.6
34.7
34.7
34.7
34.7
34.7
34.8
34.8
34.8
34.9
34.9
34.9
34.9
35.0
35.0
35.0
35.0
35.2
35.2
35.2
35.2
35.2
35.3
35.3
35.4
35.4
35.4
35.4
35.5
35.5
35.5
35.5
35.5
35.5
35.6
35.6
35.6
35.6
35.7
35.7
35.7
35.7
35.8
35.8
35.8
35.8
35.8
35.8
35.9
35.9
36.0
36.0
36.0
36.0
36.1
36.1
36.1
36.1
36.1
36.1
36.2
36.2
36.2
36.3
36.3
36.3
36.3
36.3
36.3
36.3
36.3
36.4
36.4
36.5
36.5
36.5
36.5
36.5
36.5
36.6
36.6
36.6
36.6
36.6
36.6
36.7
36.8
36.8
36.8
36.8
36.8
36.8
36.9
36.9
36.9
36.9
36.9
36.9
37.0
37.0
37.0
37.0
37.0
37.1
37.1
37.1
37.1
37.2
37.2
37.2
37.2
37.2
37.3
37.3
37.3
37.4
37.4
37.5
37.5
37.5
37.6
37.6
37.6
37.6
37.6
37.6
37.6
37.6
37.6
37.6
37.7
37.7
37.7
37.7
37.8
37.8
37.8
37.9
37.9
37.9
38.0
38.0
38.1
38.1
38.1
38.1
38.2
38.3
38.3
38.3
38.3
38.4
38.4
38.5
38.5
38.5
38.6
38.6
38.7
38.7
38.7
38.8
38.8
38.8
38.8
38.8
38.8
38.8
38.9
38.9
38.9
38.9
39.0
39.0
39.0
39.1
39.1
39.1
39.2
39.2
39.3
39.4
39.4
39.4
39.5
39.5
39.5
39.5
39.5
39.5
39.6
39.7
39.7
39.8
39.8
39.8
39.8
39.8
39.9
39.9
39.9
39.9
39.9
40.0
40.0
40.0
40.1
40.1
40.3
40.3
40.3
40.4
40.4
40.4
40.4
40.5
40.5
40.5
40.5
40.5
40.5
40.6
40.6
40.6
40.7
40.7
40.7
40.8
40.8
40.9
40.9
40.9
40.9
40.9
41.0
41.0
41.0
41.0
41.1
41.1
41.2
41.2
41.2
41.3
41.3
41.4
41.4
41.4
41.4
41.5
41.5
41.6
41.6
41.6
41.7
41.7
41.7
41.7
41.7
41.7
41.8
41.8
41.8
41.9
41.9
42.0
42.1
42.1
42.1
42.2
42.2
42.2
42.2
42.3
42.3
42.3
42.4
42.4
42.5
42.5
42.5
42.6
42.6
42.7
42.7
42.7
42.7
42.7
42.8
42.8
42.9
42.9
42.9
43.0
43.0
43.2
43.2
43.3
43.3
43.3
43.3
43.3
43.4
43.4
43.5
43.5
43.5
43.5
43.6
43.7
43.7
43.8
43.8
43.9
44.0
44.0
44.0
44.1
44.1
44.1
44.2
44.2
44.2
44.2
44.2
44.3
44.3
44.3
44.3
44.4
44.4
44.4
44.4
44.5
44.5
44.5
44.5
44.6
44.6
44.6
44.7
44.7
44.7
44.7
44.7
44.7
44.7
44.8
44.8
44.8
44.9
44.9
45.0
45.0
45.1
45.1
45.1
45.1
45.1
45.2
45.3
45.4
45.4
45.4
45.4
45.4
45.4
45.4
45.5
45.5
45.6
45.6
45.6
45.7
45.7
45.7
45.8
45.8
45.9
45.9
45.9
45.9
46.1
46.1
46.1
46.1
46.2
46.2
46.3
46.3
46.4
46.4
46.4
46.5
46.5
46.6
46.6
46.6
46.6
46.7
46.8
46.8
46.8
46.9
46.9
46.9
46.9
46.9
47.0
47.0
47.1
47.1
47.2
47.2
47.2
47.2
47.3
47.4
47.4
47.5
47.5
47.5
47.5
47.5
47.6
47.6
47.6
47.7
47.7
47.7
47.8
47.8
47.8
47.9
48.0
48.0
48.0
48.1
48.1
48.1
48.1
48.1
48.1
48.2
48.2
48.3
48.3
48.3
48.3
48.3
48.3
48.3
48.3
48.3
48.4
48.4
48.4
48.5
48.5
48.5
48.6
48.6
48.6
48.6
48.7
48.8
48.8
48.8
48.8
48.9
48.9
48.9
48.9
48.9
48.9
49.0
49.0
49.1
49.2
49.2
49.2
49.3
49.3
49.4
49.4
49.4
49.5
49.5
49.5
49.5
49.6
49.6
49.7
49.7
49.8
49.8
49.8
49.9
49.9
49.9
49.9
50.0
50.0
50.1
50.2
50.3
50.3
50.3
50.3
50.3
50.4
50.4
50.4
50.4
50.4
50.5
50.6
50.6
50.6
50.6
50.6
50.6
50.7
50.7
50.8
50.8
50.9
50.9
50.9
50.9
50.9
51.0
51.0
51.0
51.0
51.0
51.0
51.1
51.1
51.1
51.3
51.4
51.4
51.5
51.6
51.6
51.6
51.7
51.8
51.9
51.9
51.9
52.1
52.2
52.2
52.2
52.2
52.3
52.4
52.4
52.4
52.4
52.4
52.4
52.5
52.5
52.5
52.5
52.6
52.7
52.7
52.8
52.8
52.9
52.9
53.0
53.1
53.1
53.2
53.3
53.4
53.4
53.4
53.5
53.6
53.7
53.7
53.7
53.7
53.7
53.9
53.9
54.0
54.0
54.0
54.0
54.0
54.0
54.1
54.1
54.1
54.2
54.2
54.2
54.2
54.2
54.3
54.3
54.3
54.4
54.4
54.4
54.4
54.4
54.5
54.5
54.5
54.6
54.6
54.7
54.7
54.7
54.7
54.8
54.8
54.9
54.9
54.9
55.0
55.0
55.1
55.1
55.1
55.1
55.2
55.2
55.2
55.3
55.3
55.3
55.4
55.4
55.4
55.5
55.6
55.8
55.9
55.9
56.0
56.1
56.1
56.1
56.2
56.2
56.2
56.3
56.3
56.4
56.4
56.4
56.5
56.5
56.6
56.6
56.6
56.6
56.6
56.7
56.8
56.9
56.9
56.9
57.1
57.1
57.1
57.1
57.1
57.2
57.2
57.2
57.4
57.4
57.4
57.4
57.4
57.4
57.4
57.4
57.4
57.5
57.5
57.5
57.5
57.6
57.7
57.7
57.7
57.8
57.9
58.0
58.0
58.0
58.1
58.1
58.1
58.2
58.2
58.3
58.4
58.4
58.4
58.5
58.6
58.6
58.6
58.7
58.7
58.7
58.7
58.8
58.8
58.8
58.9
58.9
58.9
59.0
59.1
59.1
59.1
59.2
59.3
59.3
59.3
59.4
59.4
59.4
59.5
59.5
59.6
59.7
59.8
59.8
59.9
59.9
59.9
59.9
60.0
60.1
60.2
60.2
60.2
60.2
60.3
60.4
60.4
60.4
60.5
60.5
60.5
60.6
60.6
60.6
60.6
60.6
60.7
60.7
60.7
60.7
60.7
60.8
60.8
60.8
60.8
60.9
61.0
61.0
61.1
61.1
61.1
61.1
61.2
61.3
61.3
61.3
61.3
61.3
61.4
61.5
61.6
61.7
61.8
62.0
62.2
62.2
62.2
62.3
62.3
62.4
62.4
62.4
62.4
62.5
62.6
62.6
62.7
62.9
62.9
62.9
62.9
63.0
63.1
63.1
63.1
63.2
63.2
63.3
63.3
63.3
63.4
63.4
63.5
63.6
63.6
63.8
63.8
63.9
63.9
64.0
64.0
64.1
64.3
64.3
64.4
64.4
64.5
64.5
64.5
64.5
64.7
64.7
64.7
64.9
65.0
65.0
65.2
65.3
65.4
65.5
65.5
65.5
65.6
65.7
65.7
65.9
65.9
66.0
66.0
66.1
66.1
66.3
66.3
66.4
66.4
66.5
66.5
66.6
66.7
66.7
66.7
66.8
66.8
66.9
66.9
67.0
67.0
67.1
67.1
67.1
67.2
67.2
67.3
67.3
67.3
67.4
67.5
67.5
67.5
67.6
67.6
67.6
67.7
67.7
67.7
67.7
67.9
68.0
68.0
68.1
68.1
68.2
68.2
68.3
68.4
68.5
68.5
68.5
68.6
68.7
68.7
68.7
68.8
68.8
68.8
68.8
68.9
69.0
69.0
69.0
69.0
69.1
69.1
69.2
69.4
69.4
69.4
69.5
69.5
69.6
69.7
69.8
69.8
69.8
69.8
69.8
69.9
69.9
69.9
69.9
70.0
70.0
70.0
70.0
70.0
70.0
70.0
70.0
70.0
70.1
70.1
70.2
70.2
70.2
70.3
70.3
70.4
70.5
70.6
70.6
70.7
70.7
70.7
70.9
71.1
71.1
71.3
71.5
71.5
71.6
71.6
71.7
71.8
72.0
72.1
72.1
72.1
72.1
72.2
72.2
72.2
72.2
72.3
72.4
72.4
72.4
72.5
72.8
72.8
72.8
72.8
73.0
73.0
73.0
73.1
73.4
73.4
73.4
73.5
73.6
73.6
73.6
73.7
73.7
73.7
73.7
73.8
73.8
73.8
73.8
73.8
74.1
74.2
74.2
74.2
74.3
74.4
74.5
74.6
74.6
74.6
74.6
74.8
74.8
74.8
74.8
74.8
74.9
74.9
74.9
74.9
75.0
75.0
75.0
75.2
75.2
75.2
75.4
75.5
75.5
75.5
75.5
75.5
75.6
75.6
75.7
75.7
75.7
75.8
75.8
75.9
76.1
76.1
76.2
76.2
76.2
76.3
76.4
76.4
76.4
76.6
76.6
76.9
77.1
77.1
77.2
77.2
77.2
77.3
77.3
77.5
77.5
77.7
77.8
77.8
77.9
77.9
78.0
78.0
78.1
78.3
78.3
78.5
78.5
78.7
78.7
78.7
78.9
79.1
79.1
79.1
79.2
79.3
79.3
79.3
79.4
79.5
79.6
79.7
79.8
79.8
80.0
80.0
80.1
80.2
80.2
80.2
80.2
80.3
80.5
80.5
81.0
81.0
81.3
81.6
81.7
81.7
81.8
81.8
81.9
81.9
81.9
81.9
82.0
82.0
82.0
82.0
82.0
82.1
82.2
82.3
82.4
82.4
82.7
82.8
82.8
82.8
82.8
82.9
82.9
82.9
83.0
83.1
83.2
83.3
83.3
83.4
83.4
83.5
83.6
83.8
84.0
84.0
84.1
84.1
84.2
84.4
84.4
84.5
84.7
84.8
84.8
84.9
85.1
85.1
85.2
85.2
85.2
85.3
85.3
85.3
85.4
85.6
85.6
85.6
85.7
86.0
86.0
86.0
86.0
86.3
86.4
86.4
86.4
86.5
86.7
86.7
86.8
86.8
86.9
86.9
87.0
87.0
87.1
87.1
87.1
87.1
87.2
87.2
87.3
87.4
87.5
87.5
87.6
87.6
87.7
87.8
88.0
88.1
88.1
88.2
88.5
88.6
88.7
88.8
88.8
88.8
88.9
89.0
89.1
89.2
89.3
89.4
89.6
89.6
89.7
89.8
89.8
89.8
89.9
90.0
90.0
90.2
90.3
90.4
90.4
90.5
90.6
90.7
90.8
91.1
91.1
91.2
91.2
91.3
91.4
91.4
91.5
91.5
91.5
91.6
91.6
91.8
91.8
91.9
92.0
92.2
92.2
92.3
92.5
92.5
92.7
92.7
92.9
93.0
93.1
93.1
93.1
93.1
93.2
93.4
93.7
93.7
93.9
94.0
94.1
94.2
94.4
94.6
94.6
94.7
94.7
94.7
94.8
94.8
94.9
94.9
95.0
95.0
95.2
95.2
95.2
95.3
95.4
95.4
95.6
95.6
95.7
95.7
95.7
95.7
95.8
95.8
95.9
95.9
95.9
96.1
96.1
96.2
96.2
96.2
96.3
96.5
96.5
96.8
96.8
96.9
97.0
97.1
97.2
97.2
97.2
97.2
97.3
97.3
97.5
97.6
97.7
97.8
97.8
97.9
98.0
98.1
98.1
98.2
98.3
98.3
98.4
98.4
98.5
98.5
98.7
98.7
98.8
98.8
98.9
99.0
99.0
99.1
99.2
99.2
99.2
99.3
99.4
99.5
99.6
99.7
99.8
99.8
100.0
100.2
100.2
100.2
100.3
100.3
100.5
100.5
100.5
100.6
100.7
100.7
100.8
100.8
100.9
101.0
101.0
101.1
101.2
101.3
101.4
101.5
101.5
101.5
101.5
101.6
101.9
101.9
101.9
102.0
102.2
102.2
102.2
102.3
102.4
102.8
103.0
103.1
103.3
103.4
103.5
103.5
103.6
103.6
103.6
103.7
103.9
103.9
104.0
104.2
104.2
104.3
104.5
104.5
104.5
104.7
105.0
105.1
105.3
105.4
105.4
105.5
105.7
105.7
105.8
105.8
105.8
106.1
106.1
106.2
106.2
106.5
106.6
106.6
106.8
106.9
106.9
107.0
107.1
107.1
107.1
107.1
107.3
107.3
107.4
107.5
107.6
107.6
107.7
107.8
107.9
107.9
108.0
108.0
108.0
108.1
108.2
108.3
108.5
108.5
108.6
108.7
108.7
108.8
109.0
109.1
109.1
109.3
109.3
109.4
109.5
109.6
109.6
109.6
109.7
109.9
109.9
110.0
110.1
110.3
110.3
110.5
110.7
110.7
110.8
110.9
111.0
111.1
111.2
111.3
111.3
111.4
111.4
111.5
111.6
111.6
111.8
111.8
111.9
112.0
112.2
112.6
112.7
112.7
112.9
112.9
113.4
113.6
113.6
113.7
114.0
114.1
114.1
114.1
114.2
114.2
114.3
114.5
114.6
115.0
115.6
115.7
115.8
115.8
115.9
116.0
116.1
116.2
116.2
116.3
116.3
116.3
116.7
116.9
117.3
117.4
117.5
117.6
117.8
117.8
118.1
118.1
118.2
118.2
118.3
118.4
118.5
118.6
118.6
118.6
118.8
118.9
119.3
119.4
119.4
119.4
119.5
119.6
119.7
119.7
119.8
119.8
119.9
120.0
120.1
120.4
120.4
120.4
120.5
120.5
120.6
120.6
120.8
120.9
120.9
120.9
121.1
121.1
121.2
121.2
121.3
121.4
121.5
121.6
121.7
121.7
121.9
122.1
122.3
122.3
122.5
122.5
122.6
122.7
122.8
122.8
122.8
122.9
123.0
123.2
123.4
123.5
123.7
123.7
123.7
123.9
124.0
124.1
124.1
124.2
124.3
124.5
124.6
124.7
124.7
124.8
124.8
124.9
125.0
125.4
125.7
125.9
126.0
126.1
126.1
126.2
126.3
126.4
126.4
126.8
126.9
127.1
127.1
127.2
127.4
127.4
127.5
127.5
127.5
127.8
127.8
127.9
127.9
128.1
128.1
128.2
128.2
128.3
128.7
128.7
128.9
129.0
129.3
129.5
129.7
130.0
130.2
130.4
130.6
130.6
130.7
130.7
131.1
131.2
131.2
131.3
131.3
131.5
131.6
131.7
131.8
131.9
132.2
132.6
132.9
132.9
132.9
133.1
133.2
133.4
133.6
133.7
133.7
133.9
134.0
134.2
134.2
134.2
134.4
134.4
134.5
134.5
134.7
134.8
134.9
135.1
135.1
135.3
135.6
135.7
135.7
135.9
136.0
136.3
136.3
136.6
136.7
136.7
136.7
136.8
137.0
137.0
137.0
137.0
137.0
137.0
137.2
137.5
137.7
138.1
138.2
138.4
138.4
138.4
138.5
138.5
138.5
138.7
138.7
139.1
139.2
139.3
139.4
139.5
139.6
139.6
139.7
139.7
139.8
139.8
139.9
139.9
139.9
140.3
140.4
140.4
140.5
140.7
140.8
140.8
140.9
141.1
141.4
141.5
141.6
141.6
141.8
141.9
141.9
141.9
142.2
142.4
142.4
142.4
142.6
142.7
143.0
143.2
143.4
143.5
143.6
143.8
143.8
144.1
144.2
144.3
144.4
144.6
144.6
144.8
145.0
145.0
145.1
145.2
145.2
145.3
145.5
145.5
145.7
145.7
145.8
145.8
146.0
146.3
146.3
146.6
146.8
146.8
147.1
147.5
147.8
148.0
148.1
148.1
148.2
148.2
148.2
148.2
148.5
148.6
148.7
149.1
149.2
149.3
149.4
149.4
149.4
149.4
149.5
149.6
149.6
149.6
149.9
149.9
149.9
149.9
150.0
150.1
150.4
150.6
150.7
150.8
150.9
151.1
151.2
151.6
151.6
151.7
151.9
152.0
152.2
152.2
152.4
152.6
152.6
153.0
153.0
153.2
153.3
153.5
153.6
153.7
153.7
154.2
154.3
154.3
154.5
154.7
154.7
155.0
155.3
155.6
156.5
156.8
157.0
157.4
157.5
157.6
157.6
157.7
157.8
158.0
158.1
158.2
158.6
158.7
158.7
158.8
158.8
159.0
159.1
159.1
159.1
159.2
159.3
159.3
159.4
159.5
159.5
159.5
159.6
160.0
160.1
160.1
160.2
160.2
160.3
160.5
160.5
160.6
160.7
160.8
160.9
161.1
161.1
161.3
161.5
161.8
161.8
161.9
162.0
162.2
162.4
162.4
162.5
162.6
162.7
162.8
163.0
163.1
163.2
163.3
163.3
163.4
163.6
163.6
163.6
163.7
163.7
163.7
163.8
163.9
164.2
164.3
164.5
165.1
165.2
165.5
165.7
165.7
165.8
165.9
166.1
166.2
166.4
166.5
166.5
166.6
166.7
166.9
167.0
167.2
167.4
167.5
167.5
167.6
167.6
167.6
167.6
167.7
167.8
168.0
168.4
168.7
168.8
169.0
169.2
169.5
169.5
169.6
169.7
169.8
170.0
170.1
170.2
170.2
170.5
170.5
170.5
170.5
170.8
171.3
171.4
171.5
171.6
171.6
171.7
171.7
171.8
172.1
172.1
172.2
172.4
172.6
172.7
172.9
173.1
173.1
173.5
173.5
173.6
174.0
174.0
174.3
174.3
174.3
174.5
174.7
174.8
174.8
175.1
175.1
175.3
175.6
175.9
176.0
176.1
176.1
176.5
176.5
176.6
176.9
177.4
177.6
177.6
177.7
177.8
178.1
178.1
178.2
178.2
178.6
178.7
178.8
178.8
179.0
179.2
179.2
179.6
180.2
180.2
180.4
180.6
180.6
180.6
180.8
180.8
181.0
181.1
181.3
181.5
181.6
181.8
181.8
182.2
182.2
182.6
183.2
183.5
183.6
183.6
183.9
184.0
184.0
184.3
184.4
184.4
184.8
184.8
184.9
185.1
185.2
185.4
185.5
185.6
185.6
185.9
186.0
186.0
186.0
186.0
186.1
186.1
186.1
186.2
186.4
186.5
186.7
186.7
186.8
186.9
187.1
187.3
187.3
187.4
187.5
187.6
187.7
187.7
188.1
188.2
188.3
188.3
188.3
188.6
188.8
189.0
189.0
189.1
189.6
189.9
189.9
190.0
190.2
190.4
190.5
190.6
190.6
191.0
191.5
191.7
192.5
192.6
192.7
193.1
193.2
193.7
193.9
194.1
194.2
194.2
194.4
194.6
194.6
194.8
194.8
194.8
195.1
195.4
195.7
195.7
195.9
195.9
196.2
196.2
196.7
197.1
197.4
197.4
197.5
197.7
198.0
198.2
198.3
198.3
198.5
198.5
198.6
199.0
199.0
199.0
199.4
199.5
199.6
199.6
199.6
199.7
199.7
200.1
200.4
200.7
200.8
201.1
201.3
201.4
201.4
201.5
201.5
201.6
201.9
202.0
202.5
203.1
203.1
203.3
203.7
203.7
203.9
204.0
204.1
204.6
204.8
205.0
205.1
205.2
205.5
206.2
206.3
206.4
206.6
206.6
206.6
206.7
206.9
207.2
207.3
207.4
207.4
207.5
207.6
207.6
207.6
207.7
207.7
207.8
207.9
207.9
208.2
208.2
208.6
208.6
208.8
208.8
209.1
209.1
209.1
209.2
209.3
209.3
209.4
209.5
209.5
209.9
210.2
210.4
210.6
210.8
211.0
211.1
211.1
211.2
211.4
211.6
211.6
211.7
211.7
212.2
212.4
212.5
213.0
213.3
213.8
213.9
214.1
214.1
214.2
214.5
214.6
214.7
215.0
215.3
215.6
215.8
216.0
216.2
216.6
216.7
216.9
216.9
217.0
217.5
217.7
217.7
217.8
217.9
218.0
218.0
218.2
218.2
218.3
218.3
218.7
218.8
219.0
219.3
219.4
219.5
220.2
220.2
220.6
220.6
220.8
220.9
220.9
221.0
221.0
221.1
221.1
221.3
221.6
221.9
222.0
222.1
222.2
222.4
222.4
222.6
222.6
222.8
222.9
222.9
223.0
223.2
223.2
223.3
223.5
223.6
223.8
224.0
224.0
224.5
224.7
224.8
225.0
225.1
225.2
225.3
225.5
225.5
225.8
225.9
225.9
226.1
226.1
226.3
226.3
226.4
226.4
226.6
226.6
226.6
226.8
227.1
227.2
228.0
228.0
228.0
228.2
228.6
228.6
228.8
228.9
229.2
229.5
229.6
229.7
229.8
230.0
230.1
230.1
230.4
230.4
230.5
230.6
230.7
230.9
231.0
231.3
231.5
231.7
231.7
231.8
231.8
231.9
232.1
232.2
232.5
232.7
233.0
233.1
233.9
234.3
234.3
235.0
235.1
235.2
235.4
235.6
236.1
236.3
236.4
236.8
236.8
236.9
237.2
237.4
237.7
238.2
238.7
238.9
239.0
239.2
239.2
239.4
239.5
239.6
239.6
239.7
239.9
239.9
240.0
240.2
240.2
240.5
240.5
241.5
241.7
241.9
242.0
242.0
242.0
242.1
242.4
242.6
242.7
243.3
243.4
243.5
243.7
243.7
243.8
243.9
244.0
244.0
244.4
244.7
245.1
245.2
245.5
245.5
246.0
246.2
246.2
246.3
246.6
246.7
246.8
247.2
247.3
247.3
247.6
247.7
247.9
248.0
248.3
248.4
248.5
248.7
249.0
249.5
249.7
249.9
250.2
250.2
250.4
250.5
250.5
250.6
250.8
250.8
251.0
251.1
251.2
251.4
252.2
252.3
252.4
252.5
252.7
253.2
253.7
253.8
254.0
254.1
254.3
254.3
254.6
254.6
254.8
254.8
254.9
254.9
255.3
255.4
255.5
255.8
256.0
256.0
256.0
256.3
256.5
256.9
257.1
257.2
257.3
257.5
257.6
257.7
257.9
257.9
258.3
258.4
258.8
259.0
259.1
259.2
259.3
260.0
260.0
260.5
260.6
260.8
260.9
261.1
261.1
261.2
261.4
261.4
261.6
261.8
262.0
262.1
262.1
262.2
262.4
262.4
262.6
262.6
262.7
262.8
263.0
263.0
263.0
263.2
263.2
263.4
263.6
263.7
263.8
264.1
264.1
264.1
264.7
264.8
264.8
264.9
265.0
265.9
266.0
266.0
266.1
266.2
266.3
266.3
266.4
266.5
267.0
267.1
267.3
267.3
267.8
268.0
268.5
268.7
268.8
268.8
268.8
269.1
269.2
269.3
269.5
269.6
269.8
270.3
270.7
270.7
270.8
270.9
270.9
271.0
271.1
271.3
271.4
271.4
271.5
272.4
272.9
273.1
273.6
273.7
273.7
274.0
274.3
274.3
274.5
274.6
274.6
274.8
274.8
274.9
274.9
274.9
275.1
275.8
275.9
276.0
276.1
276.3
276.8
277.1
277.3
277.3
277.5
277.6
277.6
277.6
277.8
278.3
278.3
278.8
279.1
279.1
279.1
279.2
279.4
279.4
279.6
280.2
280.3
280.5
280.5
280.7
281.1
281.3
281.7
282.1
282.2
282.3
283.6
283.6
283.7
283.7
284.1
284.1
284.2
284.2
284.4
284.4
284.7
285.0
285.5
286.0
286.3
286.4
286.5
286.5
286.5
286.7
286.7
287.6
287.6
287.9
288.1
288.7
288.8
288.9
289.4
289.5
289.7
289.8
290.1
290.2
290.4
291.2
291.4
292.0
292.3
292.4
292.5
292.6
292.9
293.0
293.1
293.2
293.2
293.3
293.4
294.0
294.4
294.4
294.5
294.5
294.7
295.1
295.3
295.5
295.5
295.6
295.8
296.0
296.1
296.1
296.6
296.7
297.3
297.7
297.8
298.1
298.2
298.2
298.2
298.5
298.6
298.6
299.2
299.2
299.4
299.5
299.6
299.7
300.1
300.6
300.7
300.9
301.5
301.7
301.9
302.1
302.2
302.2
302.4
302.4
302.5
302.7
303.2
303.4
303.6
303.6
303.7
303.8
303.9
304.0
304.0
304.0
304.0
305.1
305.9
306.0
306.0
306.2
306.3
306.4
306.4
306.5
306.5
306.6
306.7
307.2
307.3
307.5
307.7
307.8
307.9
308.3
308.4
308.7
308.9
309.2
309.2
309.5
309.6
309.6
309.8
309.9
310.4
310.9
311.1
311.2
311.3
311.5
311.5
311.5
311.6
311.6
311.7
311.9
312.0
312.4
312.5
312.7
312.9
312.9
313.0
313.2
313.8
313.9
314.0
314.0
314.0
314.4
314.5
314.7
314.7
315.2
315.2
315.3
315.4
315.5
315.5
315.6
316.6
316.7
316.8
316.9
316.9
317.7
317.9
318.4
318.5
318.7
318.8
318.9
319.1
319.1
319.4
319.4
319.5
319.6
319.7
319.8
319.9
320.1
320.1
320.3
320.5
321.6
321.7
321.8
321.8
322.0
322.1
322.2
322.3
322.5
322.5
322.5
323.1
323.3
323.5
323.5
323.5
323.6
323.6
324.0
324.1
324.4
324.8
324.9
325.1
325.4
325.7
325.8
325.9
326.0
326.3
326.4
326.5
326.5
326.7
327.0
327.0
327.1
327.2
327.6
328.1
328.1
328.2
328.4
328.8
329.0
329.1
329.4
329.5
329.5
329.6
329.8
330.2
330.4
330.6
330.6
330.8
330.8
330.8
330.8
331.0
331.8
332.6
332.8
333.1
333.4
333.5
333.7
334.0
334.1
334.2
334.3
334.3
334.3
334.3
334.5
334.8
334.9
335.2
335.2
335.7
335.9
336.1
336.4
336.5
336.5
336.6
337.0
337.3
337.5
337.6
337.8
337.8
337.9
337.9
338.6
338.6
338.7
338.8
338.9
339.0
339.2
339.3
339.4
339.5
339.6
339.8
340.0
340.0
340.2
340.3
340.4
340.5
340.7
340.9
341.1
341.6
341.8
341.9
342.0
342.0
342.1
342.1
342.3
342.3
342.3
342.4
342.5
342.5
342.7
342.7
343.1
343.5
343.8
343.9
344.1
344.2
344.3
344.3
344.5
344.6
344.7
344.7
344.9
344.9
344.9
345.1
345.1
345.5
345.7
345.9
345.9
346.0
346.4
346.5
346.8
347.4
347.6
347.6
347.6
347.7
347.7
347.7
347.8
348.2
348.2
348.3
348.6
348.8
348.8
348.9
349.0
349.6
349.6
349.7
349.9
350.0
350.4
350.4
350.5
350.6
350.7
350.9
351.0
351.0
351.0
351.1
351.3
351.6
352.3
352.4
352.5
352.5
352.6
352.6
353.0
353.1
353.2
353.7
353.7
353.9
354.3
354.5
354.6
354.8
354.8
354.8
355.6
355.8
355.9
356.1
356.2
356.4
356.5
356.8
356.9
357.0
357.1
357.1
357.1
357.4
357.6
357.7
357.8
357.8
357.9
358.0
358.0
358.1
358.2
358.2
358.4
358.5
358.5
358.7
358.9
359.0
359.3
359.5
359.6
360.0
360.1
360.3
360.3
360.5
360.7
360.8
361.0
361.1
361.2
361.4
361.4
361.6
361.6
361.6
361.7
361.8
362.0
362.1
362.2
362.3
362.6
362.7
362.9
363.6
363.6
363.6
363.6
363.7
363.9
363.9
364.1
364.2
364.2
364.5
364.6
365.0
365.5
365.5
365.6
365.6
365.7
365.7
365.7
365.7
365.9
366.0
366.0
366.5
366.7
366.7
366.8
367.0
367.1
367.3
367.6
367.6
368.1
368.3
368.5
368.9
368.9
369.1
369.2
369.2
369.3
369.4
369.4
369.5
369.5
369.8
369.9
370.0
370.2
370.6
371.0
371.1
371.3
371.8
372.0
372.0
372.0
372.3
372.4
372.4
372.7
372.7
373.1
373.8
374.2
374.9
375.1
375.2
375.4
375.7
375.7
376.0
376.7
376.8
376.8
376.9
377.3
377.6
377.7
377.9
378.0
378.0
378.0
378.1
378.1
378.2
378.6
378.8
378.9
379.2
379.4
379.5
379.5
379.7
379.7
379.9
380.0
380.0
380.1
380.2
380.3
380.6
380.8
380.9
381.0
381.2
381.4
381.5
381.6
381.8
381.9
381.9
382.6
382.6
382.7
382.7
383.0
383.0
383.0
383.1
383.1
383.2
383.3
383.8
383.9
384.1
384.1
384.2
384.2
384.2
384.7
384.8
384.9
385.0
385.1
385.3
385.4
385.4
385.5
385.6
385.6
385.7
385.7
385.7
386.0
386.1
386.8
387.0
387.1
387.4
388.3
388.3
388.5
388.6
388.9
388.9
388.9
389.0
389.1
389.2
389.2
389.3
389.4
390.0
390.0
390.1
390.1
390.2
390.2
390.3
390.6
390.7
390.8
390.9
390.9
390.9
391.0
391.2
391.4
391.7
392.1
392.3
392.4
392.5
392.5
392.5
392.7
392.8
393.1
393.2
393.4
393.5
393.6
393.6
393.7
394.1
394.2
394.4
394.5
394.5
394.6
394.7
394.7
394.8
395.0
395.1
395.1
395.3
395.8
395.9
396.0
396.4
396.6
396.9
397.0
397.1
397.1
397.1
397.5
397.5
397.6
398.3
398.8
399.0
399.0
399.5
399.6
399.6
400.0
400.1
400.1
400.2
400.5
400.5
400.7
401.4
401.9
402.1
402.2
402.5
402.5
402.5
402.9
403.1
403.2
403.4
403.4
403.8
404.2
404.3
404.3
404.5
404.6
404.6
404.7
404.9
404.9
405.0
405.0
405.2
405.3
405.3
405.5
405.6
405.7
405.8
406.0
406.1
406.2
406.2
406.4
406.5
406.6
406.7
406.8
407.0
407.1
407.2
407.5
407.7
408.0
408.1
408.2
408.2
408.3
408.4
408.7
408.9
408.9
409.5
410.6
410.7
410.7
411.0
411.0
411.1
411.2
411.2
411.3
411.3
411.3
411.4
411.6
411.7
411.7
412.1
412.1
412.3
412.6
412.7
412.7
412.7
412.9
412.9
413.2
413.3
413.4
413.8
414.0
414.0
414.1
414.9
415.1
415.6
416.0
416.3
416.3
416.4
416.5
416.5
416.7
416.8
416.8
417.0
417.8
418.5
418.7
418.7
418.9
419.2
419.3
419.5
419.5
419.8
420.0
420.3
420.4
420.6
420.6
420.7
420.7
420.8
420.8
420.9
421.0
421.1
421.1
421.1
421.2
421.2
421.4
421.5
421.8
422.2
422.3
422.3
422.4
422.4
422.4
422.5
422.5
422.6
422.7
422.8
423.0
423.6
423.6
423.7
424.3
424.3
424.5
424.6
424.6
424.9
425.0
425.1
426.0
426.0
426.2
426.5
426.6
426.7
426.8
426.9
426.9
427.1
427.2
427.2
427.3
427.4
427.4
427.5
428.0
428.0
428.1
428.1
428.2
428.4
428.5
428.9
428.9
428.9
428.9
428.9
429.0
429.3
429.3
429.4
430.1
430.3
430.5
430.6
430.8
430.9
431.1
431.2
431.4
431.4
431.6
432.2
432.3
432.3
432.8
433.0
433.2
433.5
433.6
434.4
434.5
434.6
435.2
435.2
436.1
436.1
436.2
436.2
436.3
436.3
436.6
436.7
436.9
437.2
437.5
437.8
437.9
438.2
438.4
438.4
438.4
438.6
438.8
439.4
439.4
439.5
439.6
440.0
440.1
440.3
440.4
440.4
440.6
441.1
441.5
441.9
442.2
443.0
443.1
443.1
443.2
443.2
443.5
443.5
443.6
443.8
443.8
444.2
444.3
444.8
445.1
445.4
445.5
445.6
445.7
445.9
445.9
445.9
446.0
446.1
446.2
446.3
446.7
447.1
447.4
447.5
447.6
447.8
448.0
448.4
448.5
448.5
448.5
448.6
448.7
448.8
448.8
448.8
448.8
448.9
448.9
449.0
449.1
449.1
449.2
449.3
449.4
449.5
449.8
449.8
450.0
450.0
450.1
450.2
450.3
450.4
450.6
450.7
450.8
451.0
451.0
451.1
451.2
451.5
451.8
452.0
452.0
452.2
452.4
453.2
453.4
453.5
454.0
454.1
454.2
454.3
454.5
454.6
454.6
454.8
454.8
454.9
455.6
456.2
456.5
456.6
456.6
456.6
456.6
456.8
457.0
457.0
457.0
457.0
457.4
457.7
457.8
458.0
458.1
458.1
458.1
458.3
458.4
458.6
458.8
459.1
459.3
459.4
459.5
460.1
460.1
460.3
460.4
460.7
460.7
461.1
461.2
461.3
461.3
461.3
461.4
461.5
462.0
462.2
462.3
462.5
462.8
463.0
463.6
463.7
463.8
463.8
463.8
464.4
464.5
464.8
465.0
465.0
465.1
465.4
465.8
465.8
465.9
466.0
466.3
466.3
466.3
466.7
466.7
466.7
466.8
467.2
467.5
467.6
467.6
467.7
467.7
467.9
468.3
468.3
468.4
468.4
468.5
468.5
468.6
468.6
468.8
469.3
469.4
469.6
469.7
469.9
470.0
470.2
470.5
471.0
471.1
471.5
471.5
471.5
472.1
472.6
472.9
473.1
473.1
473.4
473.5
473.9
473.9
474.0
474.0
474.1
474.2
474.7
474.9
475.5
475.6
475.7
475.9
476.4
476.5
476.5
477.0
477.2
477.6
477.8
477.8
478.1
478.6
479.0
479.2
479.3
479.4
479.6
479.7
479.9
480.2
480.6
480.8
480.9
480.9
481.3
481.5
481.6
481.7
482.3
482.3
482.5
482.7
482.9
483.1
483.3
483.3
483.6
484.0
484.1
484.9
484.9
485.0
485.2
485.3
485.6
485.7
485.7
485.8
486.1
486.2
486.3
486.5
486.7
486.8
486.9
487.1
487.1
487.6
487.6
487.7
487.9
488.0
488.7
488.8
489.0
489.0
489.1
489.4
489.6
489.8
490.1
490.2
490.2
490.3
490.4
490.4
490.5
490.7
490.9
491.0
491.0
491.8
491.9
492.0
492.0
492.1
492.4
492.7
493.0
493.1
493.9
494.2
494.3
494.5
494.7
495.0
495.2
495.5
495.8
496.0
496.0
496.8
496.9
497.1
497.2
497.3
497.5
497.5
497.9
498.0
498.4
498.8
498.8
498.9
499.0
499.1
499.4
500.3
500.3
500.3
500.3
500.3
500.4
500.4
500.4
500.4
500.4
500.4
500.4
500.4
500.5
500.5
500.5
500.5
500.5
500.5
500.5
500.5
500.5
500.5
500.5
500.5
500.5
500.5
500.5
500.5
500.5
500.5
500.5
500.5
500.5
500.5
500.5
500.5
500.5
500.5
500.5
500.5
500.5
500.5
500.5
500.5
500.5
500.5
500.5
500.5
500.5
500.5
500.5
500.5
500.5
500.5
500.5
500.5
500.5
500.5
500.6
500.6
500.6
500.6
500.6
500.6
500.6
500.6
500.6
500.6
500.6
500.6
500.6
500.6
500.6
500.6
500.6
500.6
500.6
500.6
500.6
500.6
500.6
500.6
500.6
500.6
500.6
500.6
500.6
500.6
500.6
500.6
500.6
500.6
500.6
500.6
500.6
500.6
500.6
500.6
500.6
500.6
500.6
500.6
500.6
500.6
500.6
500.6
500.6
500.6
500.6
500.6
500.6
500.6
500.6
500.6
500.6
500.6
500.6
500.6
500.6
500.6
500.6
500.6
500.6
500.6
500.6
500.6
500.6
500.6
500.6
500.6
500.6
500.6
500.6
500.6
500.6
500.6
500.6
500.6
500.6
500.6
500.6
500.6
500.6
500.6
500.6
500.6
500.6
500.6
500.6
500.6
500.6
500.6
500.6
500.6
500.6
500.6
500.6
500.6
500.6
500.6
500.6
500.6
500.6
500.6
500.6
500.6
500.6
500.6
500.6
500.6
500.6
500.6
500.7
500.7
500.7
500.7
500.7
500.7
500.7
500.7
500.7
500.7
500.7
500.7
500.7
500.7
500.7
500.7
500.7
500.7
500.7
500.7
500.7
500.7
500.7
500.7
500.7
500.7
500.7
500.7
500.7
500.7
500.7
500.7
500.7
500.7
500.7
500.7
500.7
500.7
500.7
500.7
500.7
500.7
500.7
500.7
500.7
500.7
500.7
500.7
500.7
500.7
500.7
500.7
500.7
500.7
500.7
500.7
500.7
500.7
500.7
500.7
500.7
500.7
500.7
500.7
500.7
500.7
500.7
500.7
500.7
500.7
500.7
500.7
500.7
500.7
500.7
500.7
500.7
500.7
500.7
500.7
500.7
500.7
500.7
500.7
500.7
500.7
500.7
500.7
500.7
500.7
500.7
500.7
500.7
500.7
500.7
500.7
500.7
500.7
500.7
500.7
500.7
500.7
500.7
500.7
500.7
500.7
500.7
500.7
500.7
500.7
500.7
500.7
500.7
500.7
500.7
500.7
500.7
500.7
500.7
500.7
500.7
500.7
500.7
500.7
500.7
500.7
500.7
500.7
500.7
500.7
500.7
500.7
500.7
500.7
500.7
500.7
500.7
500.7
500.7
500.7
500.7
500.7
500.7
500.7
500.7
500.7
500.7
500.7
500.7
500.7
500.7
500.7
500.7
500.7
500.7
500.7
500.7
500.7
500.7
500.7
500.7
500.7
500.7
500.7
500.7
500.7
500.7
500.7
500.7
500.7
500.7
500.7
500.7
500.7
500.7
500.7
500.7
500.7
500.7
500.7
500.7
500.7
500.7
500.7
500.7
500.7
500.7
500.7
500.7
500.7
500.7
500.7
500.7
500.7
500.7
500.7
500.7
500.7
500.7
500.7
500.7
500.7
500.7
500.7
500.7
500.7
500.7
500.7
500.7
500.7
500.7
500.7
500.7
500.7
500.7
500.7
500.7
500.7
500.7
500.7
500.7
500.7
500.7
500.7
500.7
500.7
500.7
500.7
500.7
500.7
500.7
500.7
500.7
500.7
500.7
500.7
500.7
500.7
500.7
500.7
500.7
500.7
500.7
500.7
500.7
500.7
500.7
500.7
500.7
500.7
500.7
500.7
500.7
500.7
500.7
500.7
500.7
500.7
500.7
500.7
500.7
500.7
500.7
500.8
500.8
500.8
500.8
500.8
500.8
500.8
500.8
500.8
500.8
500.8
500.8
500.8
500.8
500.8
500.8
500.8
500.8
500.8
500.8
500.8
500.8
500.8
500.8
500.8
500.8
500.8
500.8
500.8
500.8
500.8
500.8
500.8
500.8
500.8
500.8
500.8
500.8
500.8
500.8
500.8
500.8
500.8
500.8
500.8
500.8
500.8
500.8
500.8
500.8
500.8
500.8
500.8
500.8
500.8
500.8
500.8
500.8
500.8
500.8
500.8
500.8
500.8
500.8
500.8
500.8
500.8
500.8
500.8
500.8
500.8
500.8
500.8
500.8
500.8
500.8
500.8
500.8
500.8
500.8
500.8
500.8
500.8
500.8
500.8
500.8
500.8
500.8
500.8
500.8
500.8
500.8
500.8
500.8
500.8
500.8
500.8
500.8
500.8
500.8
500.8
500.8
500.8
500.8
500.8
500.8
500.8
500.8
500.8
500.8
500.8
500.8
500.8
500.8
500.8
500.8
500.8
500.8
500.8
500.8
500.8
500.8
500.8
500.8
500.8
500.8
500.8
500.8
500.8
500.8
500.8
500.8
500.8
500.8
500.8
500.8
500.8
500.8
500.8
500.8
500.8
500.8
500.8
500.8
500.8
500.8
500.8
500.8
500.8
500.8
500.8
500.8
500.8
500.8
500.8
500.8
500.8
500.8
500.8
500.8
500.8
500.8
500.8
500.8
500.8
500.8
500.8
500.8
500.8
500.8
500.8
500.8
500.8
500.8
500.8
500.8
500.8
500.8
500.8
500.8
500.8
500.8
500.8
500.8
500.8
500.8
500.8
500.8
500.8
500.8
500.8
500.8
500.8
500.8
500.8
500.8
500.8
500.8
500.8
500.8
500.8
500.8
500.8
500.8
500.8
500.8
500.8
500.8
500.8
500.8
500.8
500.8
500.8
500.8
500.8
500.8
500.8
500.8
500.8
500.8
500.8
500.8
500.8
500.8
500.8
500.8
500.8
500.8
500.8
500.8
500.8
500.8
500.8
500.8
500.8
500.8
500.8
500.8
500.8
500.8
500.8
500.8
500.8
500.8
500.8
500.8
500.8
500.8
500.8
500.8
500.8
500.8
500.8
500.8
500.8
500.8
500.8
500.8
500.8
500.8
500.8
500.8
500.8
500.8
500.8
500.8
500.8
500.8
500.8
500.8
500.8
500.8
500.8
500.8
500.8
500.8
500.8
500.8
500.8
500.8
500.8
500.8
500.8
500.8
500.8
500.8
500.8
500.8
500.8
500.8
500.8
500.8
500.8
500.8
500.8
500.8
500.8
500.8
500.8
500.8
500.8
500.8
500.8
500.8
500.8
500.8
500.8
500.8
500.8
500.8
500.8
500.8
500.8
500.8
500.8
500.8
500.8
500.8
500.8
500.8
500.8
500.8
500.8
500.8
500.8
500.8
500.8
500.8
500.8
500.8
500.8
500.8
500.8
500.8
500.8
500.8
500.8
500.8
500.8
500.8
500.8
500.8
500.8
500.8
500.8
500.8
500.8
500.8
500.8
500.8
500.8
500.8
500.8
500.8
500.8
500.8
500.8
500.8
500.8
500.8
500.8
500.8
500.8
500.8
500.8
500.8
500.8
500.8
500.8
500.8
500.8
500.8
500.8
500.8
500.8
500.8
500.8
500.8
500.8
500.8
500.8
500.8
500.8
500.8
500.8
500.8
500.8
500.8
500.8
500.8
500.8
500.8
500.8
500.8
500.8
500.8
500.8
500.8
500.8
500.8
500.8
500.8
500.8
500.8
500.8
500.8
500.8
500.8
500.8
500.8
500.8
500.8
500.8
500.8
500.8
500.8
500.8
500.8
500.8
500.8
500.8
500.8
500.8
500.8
500.8
500.8
500.8
500.8
500.8
500.8
500.8
500.8
500.8
500.8
500.8
500.8
500.8
500.8
500.8
500.8
500.8
500.8
500.8
500.8
500.8
500.8
500.8
500.8
500.8
500.8
500.8
500.8
500.8
500.8
500.8
500.8
500.8
500.8
500.8
500.8
500.8
500.9
500.9
500.9
500.9
500.9
500.9
500.9
500.9
500.9
500.9
500.9
500.9
500.9
500.9
500.9
500.9
500.9
500.9
500.9
500.9
500.9
500.9
500.9
500.9
500.9
500.9
500.9
500.9
500.9
500.9
500.9
500.9
500.9
500.9
500.9
500.9
500.9
500.9
500.9
500.9
500.9
500.9
500.9
500.9
500.9
500.9
500.9
500.9
500.9
500.9
500.9
500.9
500.9
500.9
500.9
500.9
500.9
500.9
500.9
500.9
500.9
500.9
500.9
500.9
500.9
500.9
500.9
500.9
500.9
500.9
500.9
500.9
500.9
500.9
500.9
500.9
500.9
500.9
500.9
500.9
500.9
500.9
500.9
500.9
500.9
500.9
500.9
500.9
500.9
500.9
500.9
500.9
500.9
500.9
500.9
500.9
500.9
500.9
500.9
500.9
500.9
500.9
500.9
500.9
500.9
500.9
500.9
500.9
500.9
500.9
500.9
500.9
500.9
500.9
500.9
500.9
500.9
500.9
500.9
500.9
500.9
500.9
500.9
500.9
500.9
500.9
500.9
500.9
500.9
500.9
500.9
500.9
500.9
500.9
500.9
500.9
500.9
500.9
500.9
500.9
500.9
500.9
500.9
500.9
500.9
500.9
500.9
500.9
500.9
500.9
500.9
500.9
500.9
500.9
500.9
500.9
500.9
500.9
500.9
500.9
500.9
500.9
500.9
500.9
500.9
500.9
500.9
500.9
500.9
500.9
500.9
500.9
500.9
500.9
500.9
500.9
500.9
500.9
500.9
500.9
500.9
500.9
500.9
500.9
500.9
500.9
500.9
500.9
500.9
500.9
500.9
500.9
500.9
500.9
500.9
500.9
500.9
500.9
500.9
500.9
500.9
500.9
500.9
500.9
500.9
500.9
500.9
500.9
500.9
500.9
500.9
500.9
500.9
500.9
500.9
500.9
500.9
500.9
500.9
500.9
500.9
500.9
500.9
500.9
500.9
500.9
500.9
500.9
500.9
500.9
500.9
500.9
500.9
500.9
500.9
500.9
500.9
500.9
500.9
500.9
500.9
500.9
500.9
500.9
500.9
500.9
500.9
500.9
500.9
500.9
500.9
500.9
500.9
500.9
500.9
500.9
500.9
500.9
500.9
500.9
500.9
500.9
500.9
500.9
500.9
500.9
500.9
500.9
500.9
500.9
500.9
500.9
500.9
500.9
500.9
500.9
500.9
500.9
500.9
500.9
500.9
500.9
500.9
500.9
500.9
500.9
500.9
500.9
500.9
500.9
500.9
500.9
500.9
500.9
500.9
500.9
500.9
500.9
500.9
500.9
500.9
500.9
500.9
500.9
500.9
500.9
500.9
500.9
500.9
500.9
500.9
500.9
500.9
500.9
500.9
500.9
500.9
500.9
500.9
500.9
500.9
500.9
500.9
500.9
500.9
500.9
500.9
500.9
500.9
500.9
500.9
500.9
500.9
500.9
500.9
500.9
500.9
500.9
500.9
500.9
500.9
500.9
500.9
500.9
500.9
500.9
500.9
500.9
500.9
500.9
500.9
500.9
500.9
500.9
500.9
500.9
500.9
500.9
500.9
500.9
500.9
500.9
500.9
500.9
500.9
500.9
500.9
500.9
500.9
500.9
500.9
500.9
500.9
500.9
500.9
500.9
500.9
500.9
500.9
500.9
500.9
500.9
500.9
500.9
500.9
500.9
500.9
500.9
500.9
500.9
500.9
500.9
500.9
500.9
500.9
500.9
500.9
500.9
500.9
500.9
500.9
500.9
500.9
500.9
500.9
500.9
500.9
500.9
500.9
500.9
500.9
500.9
500.9
500.9
500.9
500.9
500.9
500.9
500.9
500.9
500.9
500.9
500.9
500.9
500.9
500.9
500.9
500.9
500.9
500.9
500.9
500.9
500.9
500.9
500.9
500.9
500.9
500.9
500.9
500.9
500.9
500.9
500.9
500.9
500.9
500.9
500.9
500.9
500.9
500.9
500.9
500.9
500.9
500.9
500.9
500.9
500.9
500.9
500.9
500.9
500.9
500.9
500.9
500.9
500.9
500.9
500.9
500.9
500.9
500.9
500.9
500.9
500.9
500.9
500.9
500.9
500.9
500.9
500.9
500.9
500.9
500.9
500.9
500.9
500.9
500.9
500.9
500.9
500.9
500.9
500.9
500.9
500.9
500.9
500.9
500.9
500.9
500.9
500.9
500.9
500.9
500.9
500.9
500.9
500.9
500.9
500.9
500.9
500.9
500.9
500.9
500.9
500.9
500.9
500.9
500.9
500.9
500.9
500.9
500.9
500.9
500.9
500.9
500.9
500.9
500.9
500.9
500.9
500.9
500.9
500.9
500.9
500.9
500.9
500.9
500.9
500.9
500.9
500.9
500.9
500.9
500.9
500.9
500.9
500.9
500.9
500.9
500.9
500.9
500.9
500.9
500.9
500.9
500.9
500.9
500.9
500.9
500.9
500.9
500.9
500.9
500.9
500.9
500.9
500.9
500.9
500.9
500.9
500.9
500.9
500.9
500.9
500.9
500.9
500.9
500.9
500.9
500.9
500.9
500.9
500.9
500.9
500.9
500.9
500.9
500.9
500.9
500.9
500.9
500.9
500.9
500.9
500.9
500.9
500.9
500.9
500.9
500.9
500.9
500.9
500.9
500.9
500.9
500.9
500.9
500.9
500.9
500.9
500.9
500.9
500.9
500.9
500.9
500.9
500.9
500.9
500.9
500.9
500.9
500.9
500.9
500.9
500.9
500.9
500.9
500.9
500.9
500.9
500.9
500.9
500.9
500.9
500.9
500.9
500.9
500.9
500.9
500.9
500.9
500.9
500.9
500.9
500.9
500.9
500.9
500.9
500.9
500.9
500.9
500.9
500.9
500.9
500.9
500.9
500.9
501.0
501.0
501.0
501.0
501.0
501.0
501.0
501.0
501.0
501.0
501.0
501.0
501.0
501.0
501.0
501.0
501.0
501.0
501.0
501.0
501.0
501.0
501.0
501.0
501.0
501.0
501.0
501.0
501.0
501.0
501.0
501.0
501.0
501.0
501.0
501.0
501.0
501.0
501.0
501.0
501.0
501.0
501.0
501.0
501.0
501.0
501.0
501.0
501.0
501.0
501.0
501.0
501.0
501.0
501.0
501.0
501.0
501.0
501.0
501.0
501.0
501.0
501.0
501.0
501.0
501.0
501.0
501.0
501.0
501.0
501.0
501.0
501.0
501.0
501.0
501.0
501.0
501.0
501.0
501.0
501.0
501.0
501.0
501.0
501.0
501.0
501.0
501.0
501.0
501.0
501.0
501.0
501.0
501.0
501.0
501.0
501.0
501.0
501.0
501.0
501.0
501.0
501.0
501.0
501.0
501.0
501.0
501.0
501.0
501.0
501.0
501.0
501.0
501.0
501.0
501.0
501.0
501.0
501.0
501.0
501.0
501.0
501.0
501.0
501.0
501.0
501.0
501.0
501.0
501.0
501.0
501.0
501.0
501.0
501.0
501.0
501.0
501.0
501.0
501.0
501.0
501.0
501.0
501.0
501.0
501.0
501.0
501.0
501.0
501.0
501.0
501.0
501.0
501.0
501.0
501.0
501.0
501.0
501.0
501.0
501.0
501.0
501.0
501.0
501.0
501.0
501.0
501.0
501.0
501.0
501.0
501.0
501.0
501.0
501.0
501.0
501.0
501.0
501.0
501.0
501.0
501.0
501.0
501.0
501.0
501.0
501.0
501.0
501.0
501.0
501.0
501.0
501.0
501.0
501.0
501.0
501.0
501.0
501.0
501.0
501.0
501.0
501.0
501.0
501.0
501.0
501.0
501.0
501.0
501.0
501.0
501.0
501.0
501.0
501.0
501.0
501.0
501.0
501.0
501.0
501.0
501.0
501.0
501.0
501.0
501.0
501.0
501.0
501.0
501.0
501.0
501.0
501.0
501.0
501.0
501.0
501.0
501.0
501.0
501.0
501.0
501.0
501.0
501.0
501.0
501.0
501.0
501.0
501.0
501.0
501.0
501.0
501.0
501.0
501.0
501.0
501.0
501.0
501.0
501.0
501.0
501.0
501.0
501.0
501.0
501.0
501.0
501.0
501.0
501.0
501.0
501.0
501.0
501.0
501.0
501.0
501.0
501.0
501.0
501.0
501.0
501.0
501.0
501.0
501.0
501.0
501.0
501.0
501.0
501.0
501.0
501.0
501.0
501.0
501.0
501.0
501.0
501.0
501.0
501.0
501.0
501.0
501.0
501.0
501.0
501.0
501.0
501.0
501.0
501.0
501.0
501.0
501.0
501.0
501.0
501.0
501.0
501.0
501.0
501.0
501.0
501.0
501.0
501.0
501.0
501.0
501.0
501.0
501.0
501.0
501.0
501.0
501.0
501.0
501.0
501.0
501.0
501.0
501.0
501.0
501.0
501.0
501.0
501.0
501.0
501.0
501.0
501.0
501.0
501.0
501.0
501.0
501.0
501.0
501.0
501.0
501.0
501.0
501.0
501.0
501.0
501.0
501.0
501.0
501.0
501.0
501.0
501.0
501.0
501.0
501.0
501.0
501.0
501.0
501.0
501.0
501.0
501.0
501.0
501.0
501.0
501.0
501.0
501.0
501.0
501.0
501.0
501.0
501.0
501.0
501.0
501.0
501.0
501.0
501.0
501.0
501.0
501.0
501.0
501.0
501.0
501.0
501.0
501.0
501.0
501.0
501.0
501.0
501.0
501.0
501.0
501.0
501.0
501.0
501.0
501.0
501.0
501.0
501.0
501.0
501.0
501.0
501.0
501.0
501.0
501.0
501.0
501.0
501.0
501.0
501.0
501.0
501.0
501.0
501.0
501.0
501.0
501.0
501.0
501.0
501.0
501.0
501.0
501.0
501.0
501.0
501.0
501.0
501.0
501.0
501.0
501.0
501.0
501.0
501.0
501.0
501.0
501.0
501.0
501.0
501.0
501.0
501.0
501.0
501.0
501.0
501.0
501.0
501.0
501.0
501.0
501.0
501.0
501.0
501.0
501.0
501.0
501.0
501.0
501.0
501.0
501.0
501.0
501.0
501.0
501.0
501.0
501.0
501.0
501.0
501.0
501.0
501.0
501.0
501.0
501.0
501.0
501.0
501.0
501.0
501.0
501.0
501.0
501.0
501.0
501.0
501.0
501.0
501.0
501.0
501.0
501.0
501.0
501.0
501.0
501.0
501.0
501.0
501.0
501.0
501.0
501.0
501.0
501.0
501.0
501.0
501.0
501.0
501.0
501.0
501.0
501.0
501.0
501.0
501.0
501.0
501.0
501.0
501.0
501.0
501.0
501.0
501.0
501.0
501.0
501.0
501.0
501.0
501.0
501.0
501.0
501.0
501.0
501.0
501.0
501.0
501.0
501.0
501.0
501.0
501.0
501.0
501.0
501.0
501.1
501.1
501.1
501.1
501.1
501.1
501.1
501.1
501.1
501.1
501.1
501.1
501.1
501.1
501.1
501.1
501.1
501.1
501.1
501.1
501.1
501.1
501.1
501.1
501.1
501.1
501.1
501.1
501.1
501.1
501.1
501.1
501.1
501.1
501.1
501.1
501.1
501.1
501.1
501.1
501.1
501.1
501.1
501.1
501.1
501.1
501.1
501.1
501.1
501.1
501.1
501.1
501.1
501.1
501.1
501.1
501.1
501.1
501.1
501.1
501.1
501.1
501.1
501.1
501.1
501.1
501.1
501.1
501.1
501.1
501.1
501.1
501.1
501.1
501.1
501.1
501.1
501.1
501.1
501.1
501.1
501.1
501.1
501.1
501.1
501.1
501.1
501.1
501.1
501.1
501.1
501.1
501.1
501.1
501.1
501.1
501.1
501.1
501.1
501.1
501.1
501.1
501.1
501.1
501.1
501.1
501.1
501.1
501.1
501.1
501.1
501.1
501.1
501.1
501.1
501.1
501.1
501.1
501.1
501.1
501.1
501.1
501.1
501.1
501.1
501.1
501.1
501.1
501.1
501.1
501.1
501.1
501.1
501.1
501.1
501.1
501.1
501.1
501.1
501.1
501.1
501.1
501.1
501.1
501.1
501.1
501.1
501.1
501.1
501.1
501.1
501.1
501.1
501.1
501.1
501.1
501.1
501.1
501.1
501.1
501.1
501.1
501.1
501.1
501.1
501.1
501.1
501.1
501.1
501.1
501.1
501.1
501.1
501.1
501.1
501.1
501.1
501.1
501.1
501.1
501.1
501.1
501.1
501.1
501.1
501.1
501.1
501.1
501.1
501.1
501.1
501.1
501.1
501.1
501.1
501.1
501.1
501.1
501.1
501.1
501.1
501.1
501.1
501.1
501.1
501.1
501.1
501.1
501.1
501.1
501.1
501.1
501.1
501.1
501.1
501.1
501.1
501.1
501.1
501.1
501.1
501.1
501.1
501.1
501.1
501.1
501.1
501.1
501.1
501.1
501.1
501.1
501.1
501.1
501.1
501.1
501.1
501.1
501.1
501.1
501.1
501.1
501.1
501.1
501.1
501.1
501.1
501.1
501.1
501.1
501.1
501.1
501.1
501.1
501.1
501.1
501.1
501.1
501.1
501.1
501.1
501.1
501.1
501.1
501.1
501.1
501.1
501.1
501.1
501.1
501.1
501.1
501.1
501.1
501.1
501.1
501.1
501.1
501.1
501.1
501.1
501.1
501.1
501.1
501.1
501.1
501.1
501.1
501.1
501.1
501.1
501.1
501.1
501.1
501.1
501.1
501.1
501.1
501.1
501.1
501.1
501.1
501.1
501.1
501.1
501.1
501.1
501.1
501.1
501.1
501.1
501.1
501.1
501.1
501.1
501.1
501.1
501.1
501.1
501.1
501.1
501.1
501.1
501.1
501.1
501.1
501.1
501.1
501.1
501.1
501.1
501.1
501.1
501.1
501.1
501.1
501.1
501.1
501.1
501.1
501.1
501.1
501.1
501.1
501.1
501.1
501.1
501.1
501.1
501.1
501.1
501.1
501.1
501.1
501.1
501.1
501.1
501.1
501.1
501.1
501.1
501.1
501.1
501.1
501.1
501.1
501.1
501.1
501.1
501.1
501.1
501.1
501.1
501.1
501.1
501.1
501.1
501.1
501.1
501.1
501.1
501.1
501.1
501.1
501.1
501.1
501.1
501.1
501.1
501.1
501.1
501.1
501.1
501.1
501.1
501.1
501.1
501.1
501.1
501.1
501.1
501.1
501.1
501.1
501.1
501.1
501.1
501.1
501.1
501.1
501.1
501.1
501.1
501.1
501.1
501.1
501.1
501.1
501.1
501.1
501.1
501.1
501.1
501.1
501.1
501.1
501.1
501.1
501.1
501.1
501.1
501.1
501.1
501.1
501.1
501.1
501.1
501.1
501.1
501.1
501.1
501.1
501.1
501.1
501.1
501.1
501.1
501.1
501.1
501.1
501.1
501.1
501.1
501.1
501.1
501.1
501.1
501.1
501.1
501.1
501.1
501.1
501.1
501.1
501.1
501.1
501.1
501.1
501.1
501.1
501.1
501.1
501.1
501.1
501.1
501.1
501.1
501.1
501.1
501.1
501.1
501.1
501.1
501.1
501.1
501.1
501.1
501.1
501.1
501.1
501.1
501.1
501.1
501.1
501.1
501.1
501.1
501.1
501.1
501.1
501.1
501.1
501.1
501.1
501.1
501.1
501.1
501.1
501.1
501.1
501.1
501.1
501.1
501.1
501.1
501.1
501.1
501.1
501.1
501.1
501.1
501.1
501.1
501.1
501.1
501.1
501.1
501.1
501.1
501.1
501.1
501.1
501.1
501.1
501.1
501.1
501.1
501.1
501.1
501.1
501.1
501.1
501.1
501.1
501.1
501.1
501.1
501.1
501.1
501.1
501.1
501.1
501.1
501.1
501.1
501.1
501.1
501.1
501.1
501.1
501.1
501.1
501.1
501.1
501.1
501.1
501.1
501.1
501.1
501.1
501.1
501.1
501.1
501.1
501.1
501.1
501.1
501.1
501.1
501.1
501.1
501.1
501.1
501.1
501.1
501.1
501.1
501.1
501.1
501.1
501.1
501.1
501.1
501.1
501.1
501.1
501.1
501.1
501.1
501.1
501.1
501.1
501.1
501.1
501.1
501.1
501.1
501.1
501.1
501.1
501.1
501.1
501.1
501.1
501.1
501.1
501.1
501.1
501.1
501.1
501.1
501.1
501.1
501.1
501.1
501.1
501.1
501.1
501.1
501.1
501.1
501.1
501.1
501.1
501.1
501.1
501.1
501.1
501.1
501.1
501.1
501.1
501.1
501.1
501.1
501.1
501.1
501.1
501.1
501.1
501.1
501.1
501.1
501.1
501.1
501.1
501.1
501.1
501.1
501.1
501.1
501.1
501.1
501.1
501.1
501.1
501.1
501.1
501.1
501.1
501.1
501.1
501.1
501.1
501.1
501.1
501.1
501.1
501.1
501.1
501.1
501.1
501.1
501.1
501.1
501.1
501.1
501.1
501.1
501.1
501.1
501.1
501.1
501.1
501.1
501.1
501.1
501.1
501.1
501.1
501.1
501.1
501.1
501.1
501.1
501.1
501.1
501.1
501.1
501.1
501.1
501.1
501.1
501.1
501.1
501.1
501.1
501.1
501.1
501.1
501.1
501.1
501.1
501.1
501.1
501.1
501.1
501.1
501.1
501.1
501.1
501.1
501.1
501.1
501.1
501.1
501.1
501.1
501.1
501.1
501.1
501.1
501.1
501.1
501.1
501.1
501.1
501.1
501.1
501.1
501.1
501.1
501.1
501.1
501.1
501.1
501.1
501.1
501.1
501.1
501.1
501.1
501.1
501.1
501.1
501.1
501.1
501.1
501.1
501.1
501.1
501.1
501.1
501.1
501.1
501.1
501.1
501.1
501.1
501.1
501.1
501.1
501.1
501.1
501.1
501.1
501.1
501.1
501.1
501.1
501.1
501.1
501.1
501.1
501.1
501.1
501.1
501.1
501.1
501.1
501.1
501.1
501.1
501.1
501.1
501.1
501.1
501.1
501.1
501.1
501.1
501.1
501.1
501.1
501.1
501.1
501.1
501.1
501.1
501.2
501.2
501.2
501.2
501.2
501.2
501.2
501.2
501.2
501.2
501.2
501.2
501.2
501.2
501.2
501.2
501.2
501.2
501.2
501.2
501.2
501.2
501.2
501.2
501.2
501.2
501.2
501.2
501.2
501.2
501.2
501.2
501.2
501.2
501.2
501.2
501.2
501.2
501.2
501.2
501.2
501.2
501.2
501.2
501.2
501.2
501.2
501.2
501.2
501.2
501.2
501.2
501.2
501.2
501.2
501.2
501.2
501.2
501.2
501.2
501.2
501.2
501.2
501.2
501.2
501.2
501.2
501.2
501.2
501.2
501.2
501.2
501.2
501.2
501.2
501.2
501.2
501.2
501.2
501.2
501.2
501.2
501.2
501.2
501.2
501.2
501.2
501.2
501.2
501.2
501.2
501.2
501.2
501.2
501.2
501.2
501.2
501.2
501.2
501.2
501.2
501.2
501.2
501.2
501.2
501.2
501.2
501.2
501.2
501.2
501.2
501.2
501.2
501.2
501.2
501.2
501.2
501.2
501.2
501.2
501.2
501.2
501.2
501.2
501.2
501.2
501.2
501.2
501.2
501.2
501.2
501.2
501.2
501.2
501.2
501.2
501.2
501.2
501.2
501.2
501.2
501.2
501.2
501.2
501.2
501.2
501.2
501.2
501.2
501.2
501.2
501.2
501.2
501.2
501.2
501.2
501.2
501.2
501.2
501.2
501.2
501.2
501.2
501.2
501.2
501.2
501.2
501.2
501.2
501.2
501.2
501.2
501.2
501.2
501.2
501.2
501.2
501.2
501.2
501.2
501.2
501.2
501.2
501.2
501.2
501.2
501.2
501.2
501.2
501.2
501.2
501.2
501.2
501.2
501.2
501.2
501.2
501.2
501.2
501.2
501.2
501.2
501.2
501.2
501.2
501.2
501.2
501.2
501.2
501.2
501.2
501.2
501.2
501.2
501.2
501.2
501.2
501.2
501.2
501.2
501.2
501.2
501.2
501.2
501.2
501.2
501.2
501.2
501.2
501.2
501.2
501.2
501.2
501.2
501.2
501.2
501.2
501.2
501.2
501.2
501.2
501.2
501.2
501.2
501.2
501.2
501.2
501.2
501.2
501.2
501.2
501.2
501.2
501.2
501.2
501.2
501.2
501.2
501.2
501.2
501.2
501.2
501.2
501.2
501.2
501.2
501.2
501.2
501.2
501.2
501.2
501.2
501.2
501.2
501.2
501.2
501.2
501.2
501.2
501.2
501.2
501.2
501.2
501.2
501.2
501.2
501.2
501.2
501.2
501.2
501.2
501.2
501.2
501.2
501.2
501.2
501.2
501.2
501.2
501.2
501.2
501.2
501.2
501.2
501.2
501.2
501.2
501.2
501.2
501.2
501.2
501.2
501.2
501.2
501.2
501.2
501.2
501.2
501.2
501.2
501.2
501.2
501.2
501.2
501.2
501.2
501.2
501.2
501.2
501.2
501.2
501.2
501.2
501.2
501.2
501.2
501.2
501.2
501.2
501.2
501.2
501.2
501.2
501.2
501.2
501.2
501.2
501.2
501.2
501.2
501.2
501.2
501.2
501.2
501.2
501.2
501.2
501.2
501.2
501.2
501.2
501.2
501.2
501.2
501.2
501.2
501.2
501.2
501.2
501.2
501.2
501.2
501.2
501.2
501.2
501.2
501.2
501.2
501.2
501.2
501.2
501.2
501.2
501.2
501.2
501.2
501.2
501.2
501.2
501.2
501.2
501.2
501.2
501.2
501.2
501.2
501.2
501.2
501.2
501.2
501.2
501.2
501.2
501.2
501.2
501.2
501.2
501.2
501.2
501.2
501.2
501.2
501.2
501.2
501.2
501.2
501.2
501.2
501.2
501.2
501.2
501.2
501.2
501.2
501.2
501.2
501.2
501.2
501.2
501.2
501.2
501.2
501.2
501.2
501.2
501.2
501.2
501.2
501.2
501.2
501.2
501.2
501.2
501.2
501.2
501.2
501.2
501.2
501.2
501.2
501.2
501.2
501.2
501.2
501.2
501.2
501.2
501.2
501.2
501.2
501.2
501.2
501.2
501.2
501.2
501.2
501.2
501.2
501.2
501.2
501.2
501.2
501.2
501.2
501.2
501.2
501.2
501.2
501.2
501.2
501.2
501.2
501.2
501.2
501.2
501.2
501.2
501.2
501.2
501.2
501.2
501.2
501.2
501.2
501.2
501.2
501.2
501.2
501.2
501.2
501.2
501.2
501.2
501.2
501.2
501.2
501.2
501.2
501.2
501.2
501.2
501.2
501.2
501.2
501.2
501.2
501.2
501.2
501.2
501.2
501.2
501.2
501.2
501.2
501.2
501.2
501.2
501.2
501.2
501.2
501.2
501.2
501.2
501.2
501.2
501.2
501.2
501.2
501.2
501.2
501.2
501.2
501.2
501.2
501.2
501.2
501.2
501.2
501.2
501.2
501.2
501.2
501.2
501.2
501.2
501.2
501.2
501.2
501.2
501.2
501.2
501.2
501.2
501.2
501.2
501.2
501.2
501.2
501.2
501.2
501.2
501.2
501.2
501.2
501.2
501.2
501.2
501.2
501.2
501.2
501.2
501.2
501.2
501.2
501.2
501.2
501.2
501.2
501.2
501.2
501.2
501.2
501.2
501.2
501.2
501.2
501.2
501.2
501.2
501.2
501.2
501.2
501.2
501.2
501.2
501.2
501.2
501.2
501.2
501.2
501.2
501.2
501.2
501.2
501.2
501.2
501.2
501.2
501.2
501.2
501.2
501.2
501.2
501.2
501.3
501.3
501.3
501.3
501.3
501.3
501.3
501.3
501.3
501.3
501.3
501.3
501.3
501.3
501.3
501.3
501.3
501.3
501.3
501.3
501.3
501.3
501.3
501.3
501.3
501.3
501.3
501.3
501.3
501.3
501.3
501.3
501.3
501.3
501.3
501.3
501.3
501.3
501.3
501.3
501.3
501.3
501.3
501.3
501.3
501.3
501.3
501.3
501.3
501.3
501.3
501.3
501.3
501.3
501.3
501.3
501.3
501.3
501.3
501.3
501.3
501.3
501.3
501.3
501.3
501.3
501.3
501.3
501.3
501.3
501.3
501.3
501.3
501.3
501.3
501.3
501.3
501.3
501.3
501.3
501.3
501.3
501.3
501.3
501.3
501.3
501.3
501.3
501.3
501.3
501.3
501.3
501.3
501.3
501.3
501.3
501.3
501.3
501.3
501.3
501.3
501.3
501.3
501.3
501.3
501.3
501.3
501.3
501.3
501.3
501.3
501.3
501.3
501.3
501.3
501.3
501.3
501.3
501.3
501.3
501.3
501.3
501.3
501.3
501.3
501.3
501.3
501.3
501.3
501.3
501.3
501.3
501.3
501.3
501.3
501.3
501.3
501.3
501.3
501.3
501.3
501.3
501.3
501.3
501.3
501.3
501.3
501.3
501.3
501.3
501.3
501.3
501.3
501.3
501.3
501.3
501.3
501.3
501.3
501.3
501.3
501.3
501.3
501.3
501.3
501.3
501.3
501.3
501.3
501.3
501.3
501.3
501.3
501.3
501.3
501.3
501.3
501.3
501.3
501.3
501.3
501.3
501.3
501.3
501.3
501.3
501.3
501.3
501.3
501.3
501.3
501.3
501.3
501.3
501.3
501.3
501.3
501.3
501.3
501.3
501.3
501.3
501.3
501.3
501.3
501.3
501.3
501.3
501.3
501.3
501.3
501.3
501.3
501.3
501.3
501.3
501.3
501.3
501.3
501.3
501.3
501.3
501.3
501.3
501.3
501.3
501.3
501.3
501.3
501.3
501.3
501.3
501.3
501.3
501.3
501.3
501.3
501.3
501.3
501.3
501.3
501.3
501.3
501.3
501.3
501.3
501.3
501.3
501.3
501.3
501.3
501.3
501.3
501.3
501.3
501.3
501.3
501.3
501.3
501.3
501.3
501.3
501.3
501.3
501.3
501.3
501.3
501.3
501.3
501.3
501.3
501.3
501.3
501.3
501.3
501.3
501.3
501.3
501.3
501.3
501.3
501.3
501.3
501.3
501.3
501.3
501.3
501.3
501.3
501.3
501.3
501.3
501.3
501.3
501.3
501.3
501.3
501.3
501.3
501.3
501.3
501.3
501.3
501.3
501.3
501.3
501.3
501.3
501.3
501.3
501.3
501.3
501.3
501.3
501.3
501.3
501.3
501.3
501.3
501.3
501.3
501.3
501.3
501.3
501.3
501.3
501.3
501.3
501.3
501.3
501.3
501.3
501.3
501.3
501.3
501.3
501.3
501.3
501.3
501.3
501.3
501.3
501.3
501.3
501.3
501.3
501.3
501.3
501.3
501.3
501.3
501.3
501.3
501.3
501.3
501.3
501.3
501.3
501.3
501.3
501.3
501.3
501.3
501.3
501.3
501.3
501.3
501.3
501.3
501.3
501.3
501.3
501.3
501.3
501.3
501.3
501.3
501.3
501.3
501.3
501.3
501.3
501.3
501.3
501.3
501.3
501.3
501.3
501.3
501.3
501.3
501.3
501.3
501.3
501.3
501.3
501.3
501.3
501.3
501.3
501.3
501.3
501.3
501.3
501.3
501.3
501.3
501.3
501.3
501.3
501.3
501.3
501.3
501.3
501.3
501.3
501.3
501.3
501.3
501.3
501.3
501.3
501.3
501.3
501.3
501.3
501.3
501.3
501.3
501.3
501.3
501.3
501.3
501.3
501.3
501.3
501.3
501.3
501.3
501.3
501.3
501.3
501.3
501.3
501.3
501.3
501.3
501.3
501.3
501.3
501.3
501.3
501.3
501.3
501.3
501.3
501.3
501.3
501.3
501.3
501.3
501.3
501.3
501.3
501.3
501.3
501.3
501.3
501.3
501.3
501.3
501.3
501.3
501.3
501.3
501.3
501.3
501.3
501.3
501.3
501.3
501.3
501.3
501.3
501.3
501.3
501.3
501.3
501.3
501.3
501.3
501.3
501.3
501.3
501.3
501.3
501.3
501.3
501.3
501.3
501.3
501.3
501.3
501.3
501.3
501.3
501.3
501.3
501.3
501.3
501.3
501.4
501.4
501.4
501.4
501.4
501.4
501.4
501.4
501.4
501.4
501.4
501.4
501.4
501.4
501.4
501.4
501.4
501.4
501.4
501.4
501.4
501.4
501.4
501.4
501.4
501.4
501.4
501.4
501.4
501.4
501.4
501.4
501.4
501.4
501.4
501.4
501.4
501.4
501.4
501.4
501.4
501.4
501.4
501.4
501.4
501.4
501.4
501.4
501.4
501.4
501.4
501.4
501.4
501.4
501.4
501.4
501.4
501.4
501.4
501.4
501.4
501.4
501.4
501.4
501.4
501.4
501.4
501.4
501.4
501.4
501.4
501.4
501.4
501.4
501.4
501.4
501.4
501.4
501.4
501.4
501.4
501.4
501.4
501.4
501.4
501.4
501.4
501.4
501.4
501.4
501.4
501.4
501.4
501.4
501.4
501.4
501.4
501.4
501.4
501.4
501.4
501.4
501.4
501.4
501.4
501.4
501.4
501.4
501.4
501.4
501.4
501.4
501.4
501.4
501.4
501.4
501.4
501.4
501.4
501.4
501.4
501.4
501.4
501.4
501.4
501.4
501.4
501.4
501.4
501.4
501.4
501.4
501.4
501.4
501.4
501.4
501.4
501.4
501.4
501.4
501.4
501.4
501.4
501.4
501.4
501.4
501.4
501.4
501.4
501.4
501.4
501.4
501.4
501.4
501.4
501.4
501.4
501.4
501.4
501.4
501.4
501.4
501.4
501.4
501.4
501.4
501.4
501.4
501.4
501.4
501.4
501.4
501.4
501.4
501.4
501.4
501.4
501.4
501.4
501.4
501.4
501.4
501.4
501.4
501.4
501.4
501.4
501.4
501.4
501.4
501.4
501.4
501.4
501.4
501.4
501.4
501.4
501.4
501.4
501.4
501.4
501.4
501.4
501.4
501.4
501.4
501.4
501.4
501.4
501.4
501.4
501.4
501.4
501.4
501.4
501.4
501.4
501.4
501.4
501.4
501.4
501.4
501.4
501.4
501.4
501.4
501.4
501.4
501.4
501.4
501.4
501.4
501.4
501.4
501.4
501.4
501.4
501.4
501.4
501.4
501.4
501.4
501.4
501.4
501.4
501.4
501.4
501.4
501.4
501.4
501.4
501.4
501.4
501.4
501.4
501.4
501.4
501.4
501.4
501.4
501.4
501.4
501.4
501.4
501.4
501.4
501.4
501.4
501.4
501.4
501.4
501.4
501.4
501.4
501.4
501.4
501.4
501.4
501.4
501.4
501.4
501.4
501.4
501.4
501.4
501.4
501.4
501.4
501.4
501.4
501.4
501.4
501.4
501.4
501.4
501.4
501.4
501.4
501.4
501.4
501.4
501.4
501.4
501.4
501.4
501.4
501.4
501.4
501.4
501.4
501.4
501.4
501.4
501.4
501.4
501.4
501.4
501.4
501.4
501.4
501.4
501.4
501.4
501.4
501.4
501.4
501.4
501.4
501.4
501.4
501.4
501.4
501.4
501.4
501.4
501.4
501.4
501.4
501.4
501.4
501.4
501.4
501.4
501.4
501.4
501.4
501.4
501.4
501.4
501.4
501.4
501.4
501.4
501.4
501.4
501.4
501.4
501.4
501.4
501.4
501.4
501.4
501.4
501.4
501.4
501.4
501.4
501.4
501.4
501.4
501.4
501.4
501.4
501.4
501.4
501.4
501.4
501.4
501.4
501.4
501.4
501.4
501.4
501.4
501.4
501.4
501.4
501.4
501.4
501.4
501.4
501.4
501.4
501.4
501.4
501.4
501.4
501.4
501.4
501.4
501.4
501.4
501.4
501.4
501.4
501.4
501.4
501.4
501.4
501.4
501.4
501.4
501.4
501.4
501.4
501.4
501.4
501.4
501.4
501.4
501.4
501.4
501.4
501.4
501.4
501.4
501.4
501.5
501.5
501.5
501.5
501.5
501.5
501.5
501.5
501.5
501.5
501.5
501.5
501.5
501.5
501.5
501.5
501.5
501.5
501.5
501.5
501.5
501.5
501.5
501.5
501.5
501.5
501.5
501.5
501.5
501.5
501.5
501.5
501.5
501.5
501.5
501.5
501.5
501.5
501.5
501.5
501.5
501.5
501.5
501.5
501.5
501.5
501.5
501.5
501.5
501.5
501.5
501.5
501.5
501.5
501.5
501.5
501.5
501.5
501.5
501.5
501.5
501.5
501.5
501.5
501.5
501.5
501.5
501.5
501.5
501.5
501.5
501.5
501.5
501.5
501.5
501.5
501.5
501.5
501.5
501.5
501.5
501.5
501.5
501.5
501.5
501.5
501.5
501.5
501.5
501.5
501.5
501.5
501.5
501.5
501.5
501.5
501.5
501.5
501.5
501.5
501.5
501.5
501.5
501.5
501.5
501.5
501.5
501.5
501.5
501.5
501.5
501.5
501.5
501.5
501.5
501.5
501.5
501.5
501.5
501.5
501.5
501.5
501.5
501.5
501.5
501.5
501.5
501.5
501.5
501.5
501.5
501.5
501.5
501.5
501.5
501.5
501.5
501.5
501.5
501.5
501.5
501.5
501.5
501.5
501.5
501.5
501.5
501.5
501.5
501.5
501.5
501.5
501.5
501.5
501.5
501.5
501.5
501.5
501.5
501.5
501.5
501.5
501.5
501.5
501.5
501.5
501.5
501.5
501.5
501.5
501.5
501.5
501.5
501.5
501.5
501.5
501.5
501.5
501.5
501.5
501.5
501.5
501.5
501.5
501.5
501.5
501.5
501.5
501.5
501.5
501.5
501.5
501.5
501.5
501.5
501.5
501.5
501.5
501.5
501.5
501.5
501.5
501.5
501.5
501.5
501.5
501.5
501.5
501.5
501.5
501.5
501.5
501.5
501.5
501.5
501.5
501.5
501.5
501.5
501.5
501.5
501.5
501.5
501.5
501.5
501.5
501.5
501.5
501.5
501.5
501.5
501.5
501.5
501.5
501.5
501.5
501.5
501.5
501.5
501.5
501.5
501.5
501.5
501.5
501.5
501.5
501.5
501.5
501.5
501.5
501.5
501.5
501.5
501.5
501.5
501.5
501.5
501.5
501.5
501.5
501.5
501.5
501.5
501.5
501.5
501.5
501.5
501.5
501.5
501.5
501.5
501.5
501.5
501.5
501.5
501.5
501.5
501.5
501.5
501.5
501.5
501.5
501.5
501.5
501.5
501.5
501.5
501.5
501.5
501.5
501.5
501.5
501.5
501.5
501.5
501.5
501.5
501.5
501.5
501.5
501.5
501.5
501.5
501.5
501.5
501.5
501.5
501.5
501.5
501.5
501.5
501.5
501.5
501.5
501.5
501.5
501.5
501.5
501.5
501.5
501.5
501.5
501.5
501.5
501.5
501.5
501.5
501.5
501.5
501.5
501.5
501.5
501.5
501.5
501.5
501.6
501.6
501.6
501.6
501.6
501.6
501.6
501.6
501.6
501.6
501.6
501.6
501.6
501.6
501.6
501.6
501.6
501.6
501.6
501.6
501.6
501.6
501.6
501.6
501.6
501.6
501.6
501.6
501.6
501.6
501.6
501.6
501.6
501.6
501.6
501.6
501.6
501.6
501.6
501.6
501.6
501.6
501.6
501.6
501.6
501.6
501.6
501.6
501.6
501.6
501.6
501.6
501.6
501.6
501.6
501.6
501.6
501.6
501.6
501.6
501.6
501.6
501.6
501.6
501.6
501.6
501.6
501.6
501.6
501.6
501.6
501.6
501.6
501.6
501.6
501.6
501.6
501.6
501.6
501.6
501.6
501.6
501.6
501.6
501.6
501.6
501.6
501.6
501.6
501.6
501.6
501.6
501.6
501.6
501.6
501.6
501.6
501.6
501.6
501.6
501.6
501.6
501.6
501.6
501.6
501.6
501.6
501.6
501.6
501.6
501.6
501.6
501.6
501.6
501.6
501.6
501.6
501.6
501.6
501.6
501.6
501.6
501.6
501.6
501.6
501.6
501.6
501.6
501.6
501.6
501.6
501.6
501.6
501.6
501.6
501.6
501.6
501.6
501.6
501.6
501.6
501.6
501.6
501.6
501.6
501.6
501.6
501.6
501.6
501.6
501.6
501.6
501.6
501.6
501.6
501.6
501.6
501.6
501.6
501.6
501.6
501.6
501.6
501.6
501.6
501.6
501.6
501.6
501.6
501.6
501.6
501.6
501.6
501.6
501.6
501.6
501.6
501.6
501.6
501.6
501.6
501.6
501.6
501.6
501.6
501.6
501.6
501.6
501.6
501.6
501.6
501.6
501.6
501.6
501.6
501.6
501.6
501.6
501.6
501.6
501.6
501.6
501.6
501.6
501.6
501.6
501.6
501.6
501.6
501.6
501.6
501.6
501.6
501.6
501.6
501.6
501.6
501.6
501.6
501.6
501.6
501.6
501.6
501.6
501.6
501.6
501.6
501.6
501.6
501.6
501.6
501.6
501.6
501.6
501.6
501.6
501.6
501.6
501.6
501.6
501.6
501.6
501.6
501.6
501.6
501.6
501.6
501.6
501.6
501.6
501.6
501.6
501.6
501.6
501.6
501.6
501.6
501.6
501.6
501.6
501.6
501.6
501.6
501.6
501.6
501.6
501.6
501.6
501.6
501.6
501.6
501.6
501.6
501.6
501.7
501.7
501.7
501.7
501.7
501.7
501.7
501.7
501.7
501.7
501.7
501.7
501.7
501.7
501.7
501.7
501.7
501.7
501.7
501.7
501.7
501.7
501.7
501.7
501.7
501.7
501.7
501.7
501.7
501.7
501.7
501.7
501.7
501.7
501.7
501.7
501.7
501.7
501.7
501.7
501.7
501.7
501.7
501.7
501.7
501.7
501.7
501.7
501.7
501.7
501.7
501.7
501.7
501.7
501.7
501.7
501.7
501.7
501.7
501.7
501.7
501.7
501.7
501.7
501.7
501.7
501.7
501.7
501.7
501.7
501.7
501.7
501.7
501.7
501.7
501.7
501.7
501.7
501.7
501.7
501.7
501.7
501.7
501.7
501.7
501.7
501.7
501.7
501.7
501.7
501.7
501.7
501.7
501.7
501.7
501.7
501.7
501.7
501.7
501.7
501.7
501.7
501.7
501.7
501.7
501.7
501.7
501.7
501.7
501.7
501.7
501.7
501.7
501.7
501.7
501.7
501.7
501.7
501.7
501.7
501.7
501.7
501.7
501.7
501.7
501.7
501.7
501.7
501.7
501.7
501.7
501.7
501.7
501.7
501.7
501.7
501.7
501.7
501.7
501.7
501.7
501.7
501.7
501.7
501.7
501.7
501.7
501.7
501.7
501.7
501.7
501.7
501.7
501.7
501.7
501.7
501.7
501.7
501.7
501.7
501.7
501.7
501.7
501.7
501.7
501.7
501.7
501.7
501.7
501.7
501.7
501.7
501.7
501.7
501.7
501.7
501.7
501.7
501.7
501.7
501.7
501.7
501.7
501.7
501.7
501.7
501.7
501.7
501.7
501.7
501.7
501.7
501.7
501.7
501.7
501.7
501.7
501.7
501.7
501.7
501.7
501.7
501.7
501.7
501.7
501.7
501.7
501.7
501.7
501.7
501.7
501.7
501.7
501.7
501.7
501.7
501.7
501.7
501.7
501.7
501.8
501.8
501.8
501.8
501.8
501.8
501.8
501.8
501.8
501.8
501.8
501.8
501.8
501.8
501.8
501.8
501.8
501.8
501.8
501.8
501.8
501.8
501.8
501.8
501.8
501.8
501.8
501.8
501.8
501.8
501.8
501.8
501.8
501.8
501.8
501.8
501.8
501.8
501.8
501.8
501.8
501.8
501.8
501.8
501.8
501.8
501.8
501.8
501.8
501.8
501.8
501.8
501.8
501.8
501.8
501.8
501.8
501.8
501.8
501.8
501.8
501.8
501.8
501.8
501.8
501.8
501.8
501.8
501.8
501.8
501.8
501.8
501.8
501.8
501.8
501.8
501.8
501.8
501.8
501.8
501.8
501.8
501.8
501.8
501.8
501.8
501.8
501.8
501.8
501.8
501.8
501.8
501.8
501.8
501.8
501.8
501.8
501.8
501.8
501.8
501.8
501.8
501.8
501.8
501.8
501.8
501.8
501.8
501.8
501.8
501.8
501.8
501.8
501.8
501.8
501.8
501.8
501.8
501.8
501.8
501.8
501.8
501.8
501.8
501.8
501.8
501.8
501.8
501.8
501.8
501.8
501.8
501.8
501.8
501.8
501.8
501.8
501.8
501.8
501.8
501.8
501.8
501.8
501.8
501.8
501.8
501.8
501.8
501.8
501.8
501.8
501.8
501.8
501.8
501.8
501.8
501.8
501.8
501.8
501.8
501.8
501.8
501.8
501.8
501.8
501.8
501.8
501.8
501.8
501.8
501.9
501.9
501.9
501.9
501.9
501.9
501.9
501.9
501.9
501.9
501.9
501.9
501.9
501.9
501.9
501.9
501.9
501.9
501.9
501.9
501.9
501.9
501.9
501.9
501.9
501.9
501.9
501.9
501.9
501.9
501.9
501.9
501.9
501.9
501.9
501.9
501.9
501.9
501.9
501.9
501.9
501.9
501.9
501.9
501.9
501.9
501.9
501.9
501.9
501.9
501.9
501.9
501.9
501.9
501.9
501.9
501.9
501.9
501.9
501.9
501.9
501.9
501.9
501.9
501.9
501.9
501.9
501.9
501.9
501.9
501.9
501.9
501.9
501.9
501.9
501.9
501.9
501.9
501.9
501.9
501.9
501.9
501.9
501.9
501.9
501.9
501.9
501.9
501.9
501.9
501.9
501.9
501.9
501.9
501.9
501.9
501.9
501.9
501.9
501.9
501.9
501.9
501.9
501.9
501.9
501.9
501.9
501.9
501.9
501.9
501.9
501.9
501.9
501.9
501.9
501.9
501.9
501.9
501.9
501.9
501.9
501.9
501.9
501.9
501.9
501.9
501.9
501.9
501.9
501.9
501.9
501.9
501.9
501.9
501.9
501.9
501.9
501.9
501.9
501.9
501.9
501.9
501.9
501.9
501.9
501.9
501.9
501.9
501.9
501.9
501.9
501.9
501.9
501.9
501.9
501.9
501.9
501.9
501.9
501.9
501.9
501.9
501.9
501.9
501.9
501.9
501.9
501.9
501.9
501.9
501.9
501.9
501.9
501.9
501.9
501.9
501.9
501.9
501.9
501.9
501.9
501.9
501.9
501.9
502.0
502.0
502.0
502.0
502.0
502.0
502.0
502.0
502.0
502.0
502.0
502.0
502.0
502.0
502.0
502.0
502.0
502.0
502.0
502.0
502.0
502.0
502.0
502.0
502.0
502.0
502.0
502.0
502.0
502.0
502.0
502.0
502.0
502.0
502.0
502.0
502.0
502.0
502.0
502.0
502.0
502.0
502.0
502.0
502.0
502.0
502.0
502.0
502.0
502.0
502.0
502.0
502.0
502.0
502.0
502.0
502.0
502.0
502.0
502.0
502.0
502.0
502.0
502.0
502.0
502.0
502.0
502.0
502.0
502.0
502.0
502.0
502.0
502.0
502.0
502.0
502.0
502.0
502.0
502.0
502.0
502.0
502.0
502.0
502.0
502.0
502.0
502.0
502.0
502.0
502.0
502.0
502.0
502.0
502.0
502.0
502.0
502.0
502.0
502.0
502.0
502.0
502.0
502.0
502.0
502.0
502.0
502.0
502.0
502.0
502.0
502.0
502.0
502.0
502.0
502.0
502.0
502.0
502.0
502.0
502.0
502.0
502.0
502.0
502.0
502.0
502.0
502.0
502.0
502.0
502.0
502.0
502.0
502.0
502.0
502.0
502.1
502.1
502.1
502.1
502.1
502.1
502.1
502.1
502.1
502.1
502.1
502.1
502.1
502.1
502.1
502.1
502.1
502.1
502.1
502.1
502.1
502.1
502.1
502.1
502.1
502.1
502.1
502.1
502.1
502.1
502.1
502.1
502.1
502.1
502.1
502.1
502.1
502.1
502.1
502.1
502.1
502.1
502.1
502.1
502.1
502.1
502.1
502.1
502.1
502.1
502.1
502.1
502.1
502.1
502.1
502.1
502.1
502.1
502.1
502.1
502.1
502.1
502.1
502.1
502.1
502.1
502.1
502.1
502.1
502.1
502.1
502.1
502.1
502.1
502.1
502.1
502.1
502.1
502.1
502.1
502.1
502.1
502.1
502.1
502.1
502.1
502.1
502.1
502.1
502.1
502.1
502.1
502.1
502.1
502.1
502.1
502.1
502.1
502.1
502.1
502.1
502.1
502.1
502.1
502.1
502.1
502.1
502.1
502.1
502.1
502.1
502.1
502.1
502.1
502.1
502.1
502.1
502.1
502.1
502.1
502.1
502.1
502.1
502.1
502.1
502.1
502.1
502.1
502.1
502.1
502.1
502.1
502.1
502.1
502.1
502.1
502.1
502.1
502.1
502.1
502.1
502.1
502.1
502.2
502.2
502.2
502.2
502.2
502.2
502.2
502.2
502.2
502.2
502.2
502.2
502.2
502.2
502.2
502.2
502.2
502.2
502.2
502.2
502.2
502.2
502.2
502.2
502.2
502.2
502.2
502.2
502.2
502.2
502.2
502.2
502.2
502.2
502.2
502.2
502.2
502.2
502.2
502.2
502.2
502.2
502.2
502.2
502.2
502.2
502.2
502.2
502.2
502.2
502.2
502.2
502.2
502.2
502.2
502.2
502.2
502.2
502.2
502.2
502.2
502.2
502.2
502.2
502.2
502.2
502.2
502.2
502.2
502.2
502.2
502.2
502.2
502.2
502.2
502.2
502.2
502.2
502.2
502.2
502.2
502.2
502.2
502.2
502.2
502.2
502.2
502.2
502.2
502.2
502.2
502.2
502.2
502.2
502.2
502.2
502.2
502.2
502.2
502.2
502.2
502.2
502.2
502.2
502.2
502.2
502.2
502.2
502.2
502.2
502.2
502.2
502.2
502.2
502.2
502.2
502.2
502.2
502.2
502.2
502.2
502.2
502.2
502.3
502.3
502.3
502.3
502.3
502.3
502.3
502.3
502.3
502.3
502.3
502.3
502.3
502.3
502.3
502.3
502.3
502.3
502.3
502.3
502.3
502.3
502.3
502.3
502.3
502.3
502.3
502.3
502.3
502.3
502.3
502.3
502.3
502.3
502.3
502.3
502.3
502.3
502.3
502.3
502.3
502.3
502.3
502.3
502.3
502.3
502.3
502.3
502.3
502.3
502.3
502.3
502.3
502.3
502.3
502.3
502.3
502.3
502.3
502.3
502.3
502.3
502.3
502.3
502.3
502.3
502.3
502.3
502.3
502.3
502.3
502.3
502.3
502.3
502.3
502.3
502.3
502.3
502.3
502.3
502.3
502.3
502.3
502.3
502.3
502.3
502.3
502.3
502.3
502.3
502.3
502.3
502.3
502.4
502.4
502.4
502.4
502.4
502.4
502.4
502.4
502.4
502.4
502.4
502.4
502.4
502.4
502.4
502.4
502.4
502.4
502.4
502.4
502.4
502.4
502.4
502.4
502.4
502.4
502.4
502.4
502.4
502.4
502.4
502.4
502.4
502.4
502.4
502.4
502.4
502.4
502.4
502.4
502.4
502.4
502.4
502.4
502.4
502.4
502.4
502.4
502.4
502.4
502.4
502.4
502.4
502.4
502.4
502.4
502.4
502.4
502.4
502.4
502.4
502.4
502.4
502.4
502.5
502.5
502.5
502.5
502.5
502.5
502.5
502.5
502.5
502.5
502.5
502.5
502.5
502.5
502.5
502.5
502.5
502.5
502.5
502.5
502.5
502.5
502.5
502.5
502.5
502.5
502.5
502.5
502.5
502.5
502.5
502.5
502.5
502.5
502.5
502.5
502.5
502.5
502.5
502.5
502.5
502.5
502.5
502.5
502.5
502.5
502.5
502.5
502.5
502.5
502.5
502.5
502.5
502.5
502.5
502.5
502.5
502.5
502.5
502.5
502.5
502.5
502.5
502.5
502.5
502.5
502.5
502.5
502.5
502.5
502.5
502.5
502.5
502.5
502.5
502.5
502.5
502.5
502.5
502.5
502.5
502.5
502.5
502.5
502.5
502.5
502.6
502.6
502.6
502.6
502.6
502.6
502.6
502.6
502.6
502.6
502.6
502.6
502.6
502.6
502.6
502.6
502.6
502.6
502.6
502.6
502.6
502.6
502.6
502.6
502.6
502.6
502.6
502.6
502.6
502.6
502.6
502.6
502.6
502.6
502.6
502.6
502.6
502.6
502.6
502.6
502.6
502.6
502.6
502.6
502.6
502.6
502.6
502.6
502.6
502.6
502.6
502.6
502.6
502.6
502.6
502.6
502.6
502.6
502.6
502.6
502.6
502.6
502.6
502.6
502.6
502.6
502.6
502.6
502.6
502.6
502.6
502.6
502.6
502.6
502.6
502.6
502.6
502.7
502.7
502.7
502.7
502.7
502.7
502.7
502.7
502.7
502.7
502.7
502.7
502.7
502.7
502.7
502.7
502.7
502.7
502.7
502.7
502.7
502.7
502.7
502.7
502.7
502.7
502.7
502.7
502.7
502.7
502.7
502.7
502.7
502.7
502.7
502.7
502.7
502.7
502.7
502.7
502.7
502.7
502.7
502.7
502.7
502.7
502.7
502.7
502.7
502.7
502.7
502.8
502.8
502.8
502.8
502.8
502.8
502.8
502.8
502.8
502.8
502.8
502.8
502.8
502.8
502.8
502.8
502.8
502.8
502.8
502.8
502.8
502.8
502.8
502.8
502.8
502.8
502.8
502.8
502.8
502.8
502.8
502.8
502.8
502.8
502.8
502.8
502.8
502.8
502.8
502.8
502.8
502.8
502.8
502.9
502.9
502.9
502.9
502.9
502.9
502.9
502.9
502.9
502.9
502.9
502.9
502.9
502.9
502.9
502.9
502.9
502.9
502.9
502.9
502.9
502.9
502.9
502.9
502.9
502.9
502.9
502.9
502.9
502.9
502.9
502.9
502.9
502.9
502.9
502.9
502.9
502.9
502.9
502.9
502.9
502.9
502.9
503.0
503.0
503.0
503.0
503.0
503.0
503.0
503.0
503.0
503.0
503.0
503.0
503.0
503.0
503.0
503.0
503.0
503.0
503.0
503.0
503.0
503.0
503.0
503.0
503.0
503.0
503.0
503.0
503.0
503.0
503.0
503.0
503.0
503.0
503.0
503.0
503.0
503.0
503.0
503.0
503.0
503.0
503.0
503.1
503.1
503.1
503.1
503.1
503.1
503.1
503.1
503.1
503.1
503.1
503.1
503.1
503.1
503.1
503.1
503.1
503.1
503.1
503.1
503.1
503.1
503.1
503.1
503.1
503.1
503.1
503.1
503.1
503.2
503.2
503.2
503.2
503.2
503.2
503.2
503.2
503.2
503.2
503.2
503.2
503.2
503.2
503.2
503.2
503.2
503.2
503.2
503.2
503.2
503.2
503.2
503.2
503.2
503.2
503.2
503.2
503.2
503.2
503.2
503.2
503.2
503.2
503.2
503.2
503.2
503.2
503.2
503.2
503.2
503.2
503.2
503.2
503.2
503.2
503.2
503.3
503.3
503.3
503.3
503.3
503.3
503.3
503.3
503.3
503.3
503.3
503.3
503.3
503.3
503.3
503.3
503.3
503.3
503.3
503.3
503.3
503.3
503.3
503.3
503.3
503.4
503.4
503.4
503.4
503.4
503.4
503.4
503.4
503.4
503.4
503.4
503.4
503.4
503.4
503.4
503.4
503.4
503.4
503.4
503.4
503.4
503.4
503.4
503.4
503.4
503.4
503.4
503.4
503.4
503.4
503.5
503.5
503.5
503.5
503.5
503.5
503.5
503.5
503.5
503.5
503.5
503.5
503.5
503.5
503.5
503.5
503.5
503.5
503.5
503.5
503.5
503.5
503.5
503.5
503.5
503.5
503.5
503.5
503.5
503.5
503.5
503.5
503.5
503.5
503.5
503.5
503.5
503.6
503.6
503.6
503.6
503.6
503.6
503.6
503.6
503.6
503.6
503.6
503.6
503.6
503.6
503.6
503.6
503.6
503.6
503.6
503.6
503.6
503.6
503.6
503.6
503.6
503.6
503.6
503.6
503.6
503.6
503.7
503.7
503.7
503.7
503.7
503.7
503.7
503.7
503.7
503.7
503.7
503.7
503.7
503.7
503.7
503.7
503.7
503.7
503.7
503.7
503.7
503.7
503.7
503.7
503.7
503.7
503.7
503.7
503.7
503.7
503.8
503.8
503.8
503.8
503.8
503.8
503.8
503.8
503.8
503.8
503.8
503.8
503.8
503.8
503.8
503.8
503.8
503.8
503.8
503.8
503.8
503.8
503.8
503.8
503.8
503.8
503.8
503.8
503.8
503.9
503.9
503.9
503.9
503.9
503.9
503.9
503.9
503.9
503.9
503.9
503.9
503.9
503.9
503.9
503.9
503.9
503.9
503.9
503.9
503.9
503.9
503.9
503.9
503.9
503.9
503.9
503.9
503.9
503.9
503.9
503.9
503.9
504.0
504.0
504.0
504.0
504.0
504.0
504.0
504.0
504.0
504.0
504.0
504.0
504.0
504.0
504.0
504.0
504.0
504.0
504.0
504.0
504.1
504.1
504.1
504.1
504.1
504.1
504.1
504.1
504.1
504.1
504.1
504.1
504.1
504.1
504.1
504.1
504.1
504.1
504.1
504.2
504.2
504.2
504.2
504.2
504.2
504.2
504.2
504.2
504.2
504.2
504.2
504.2
504.2
504.2
504.2
504.2
504.3
504.3
504.3
504.3
504.3
504.3
504.3
504.3
504.3
504.3
504.3
504.4
504.4
504.4
504.4
504.4
504.4
504.4
504.4
504.4
504.4
504.4
504.4
504.4
504.4
504.4
504.4
504.4
504.4
504.5
504.5
504.5
504.5
504.5
504.5
504.5
504.5
504.5
504.5
504.5
504.5
504.5
504.5
504.5
504.5
504.5
504.5
504.5
504.5
504.5
504.5
504.5
504.6
504.6
504.6
504.6
504.6
504.6
504.6
504.6
504.6
504.6
504.6
504.6
504.6
504.6
504.6
504.6
504.6
504.6
504.6
504.6
504.6
504.6
504.6
504.6
504.6
504.6
504.6
504.6
504.6
504.6
504.7
504.7
504.7
504.7
504.7
504.7
504.7
504.7
504.7
504.7
504.7
504.7
504.7
504.7
504.7
504.7
504.7
504.8
504.8
504.8
504.8
504.8
504.8
504.8
504.8
504.8
504.8
504.8
504.8
504.9
504.9
504.9
504.9
504.9
504.9
504.9
504.9
504.9
504.9
504.9
504.9
504.9
504.9
504.9
505.0
505.0
505.0
505.0
505.0
505.0
505.0
505.0
505.0
505.0
505.0
505.0
505.0
505.0
505.0
505.0
505.0
505.0
505.0
505.0
505.1
505.1
505.1
505.1
505.1
505.1
505.1
505.1
505.1
505.1
505.1
505.1
505.1
505.1
505.1
505.1
505.1
505.2
505.2
505.2
505.2
505.2
505.2
505.2
505.2
505.2
505.2
505.2
505.2
505.2
505.2
505.2
505.2
505.3
505.3
505.3
505.3
505.3
505.3
505.3
505.3
505.3
505.3
505.3
505.3
505.3
505.3
505.3
505.3
505.4
505.4
505.4
505.4
505.4
505.4
505.4
505.4
505.4
505.4
505.4
505.4
505.4
505.4
505.5
505.5
505.5
505.5
505.5
505.5
505.5
505.5
505.5
505.5
505.5
505.5
505.5
505.5
505.6
505.6
505.6
505.6
505.6
505.6
505.6
505.6
505.7
505.7
505.7
505.7
505.7
505.7
505.7
505.7
505.7
505.7
505.7
505.7
505.7
505.7
505.8
505.8
505.8
505.8
505.8
505.8
505.8
505.9
505.9
505.9
505.9
505.9
505.9
505.9
505.9
505.9
506.0
506.0
506.0
506.0
506.0
506.0
506.0
506.0
506.1
506.1
506.1
506.1
506.1
506.2
506.2
506.2
506.2
506.2
506.2
506.2
506.2
506.2
506.2
506.2
506.3
506.3
506.3
506.3
506.3
506.3
506.3
506.4
506.4
506.4
506.4
506.4
506.4
506.4
506.4
506.4
506.5
506.5
506.5
506.5
506.5
506.5
506.5
506.5
506.5
506.5
506.5
506.6
506.6
506.6
506.6
506.6
506.7
506.7
506.7
506.7
506.7
506.7
506.7
506.7
506.7
506.7
506.8
506.8
506.8
506.8
506.8
506.8
506.8
506.8
506.9
506.9
506.9
506.9
507.0
507.0
507.0
507.0
507.0
507.0
507.1
507.1
507.1
507.1
507.1
507.1
507.1
507.2
507.2
507.2
507.2
507.3
507.3
507.3
507.3
507.3
507.3
507.3
507.3
507.3
507.3
507.4
507.4
507.4
507.4
507.4
507.4
507.4
507.4
507.5
507.5
507.5
507.5
507.5
507.5
507.5
507.5
507.5
507.6
507.6
507.6
507.6
507.6
507.6
507.7
507.7
507.7
507.7
507.7
507.7
507.7
507.8
507.8
507.8
507.8
507.8
507.8
507.8
507.8
507.8
507.8
507.8
507.9
507.9
507.9
507.9
508.0
508.0
508.0
508.1
508.1
508.1
508.1
508.1
508.1
508.1
508.2
508.2
508.2
508.2
508.2
508.2
508.3
508.3
508.3
508.3
508.3
508.3
508.3
508.3
508.3
508.4
508.4
508.4
508.4
508.4
508.4
508.5
508.5
508.5
508.5
508.5
508.5
508.5
508.5
508.6
508.6
508.6
508.6
508.7
508.7
508.7
508.7
508.7
508.7
508.7
508.7
508.8
508.8
508.8
508.8
508.9
508.9
508.9
508.9
508.9
508.9
509.0
509.0
509.1
509.1
509.1
509.1
509.1
509.1
509.2
509.2
509.2
509.2
509.3
509.3
509.3
509.4
509.4
509.4
509.4
509.5
509.5
509.5
509.5
509.5
509.5
509.6
509.6
509.6
509.6
509.6
509.6
509.6
509.6
509.6
509.7
509.7
509.7
509.7
509.7
509.7
509.7
509.8
509.8
509.8
509.8
509.8
509.8
510.0
510.0
510.0
510.0
510.0
510.0
510.0
510.1
510.1
510.2
510.2
510.2
510.2
510.2
510.2
510.2
510.2
510.3
510.3
510.3
510.3
510.3
510.4
510.4
510.4
510.4
510.5
510.5
510.5
510.6
510.7
510.7
510.7
510.7
510.7
510.7
510.8
510.9
510.9
510.9
510.9
510.9
510.9
511.0
511.0
511.0
511.1
511.1
511.1
511.1
511.2
511.2
511.2
511.2
511.3
511.3
511.4
511.4
511.4
511.4
511.5
511.6
511.6
511.6
511.6
511.6
511.6
511.7
511.7
511.7
511.8
511.8
511.9
511.9
512.0
512.0
512.0
512.0
512.0
512.0
512.1
512.1
512.1
512.1
512.2
512.2
512.3
512.3
512.3
512.3
512.3
512.3
512.3
512.4
512.4
512.5
512.5
512.5
512.5
512.6
512.6
512.7
512.7
512.8
512.8
512.8
512.9
512.9
512.9
512.9
513.0
513.0
513.0
513.1
513.1
513.1
513.2
513.2
513.2
513.2
513.3
513.3
513.3
513.4
513.5
513.5
513.5
513.6
513.6
513.6
513.7
513.7
513.7
513.8
513.8
514.0
514.0
514.1
514.1
514.1
514.1
514.1
514.2
514.2
514.2
514.2
514.2
514.3
514.3
514.3
514.3
514.4
514.4
514.4
514.5
514.5
514.5
514.5
514.6
514.6
514.6
514.7
514.7
514.8
514.9
514.9
514.9
515.0
515.0
515.1
515.1
515.1
515.2
515.2
515.2
515.3
515.3
515.3
515.3
515.3
515.4
515.5
515.5
515.6
515.6
515.7
515.7
515.8
515.9
515.9
516.0
516.0
516.0
516.2
516.2
516.2
516.3
516.3
516.3
516.3
516.4
516.4
516.5
516.5
516.5
516.6
516.6
516.6
516.7
516.7
516.7
516.8
516.8
516.8
516.8
516.9
517.0
517.0
517.1
517.1
517.1
517.2
517.2
517.2
517.3
517.4
517.4
517.4
517.4
517.4
517.4
517.5
517.5
517.6
517.6
517.7
517.7
517.7
517.9
518.2
518.2
518.2
518.3
518.3
518.3
518.5
518.5
518.6
518.7
518.8
518.9
518.9
518.9
519.0
519.0
519.0
519.1
519.1
519.1
519.1
519.2
519.2
519.3
519.3
519.4
519.5
519.5
519.5
519.6
519.6
519.7
519.8
519.8
519.9
519.9
519.9
520.0
520.0
520.1
520.2
520.2
520.2
520.3
520.3
520.4
520.5
520.6
520.7
520.8
520.9
521.0
521.0
521.0
521.1
521.2
521.3
521.3
521.3
521.3
521.4
521.4
521.5
521.5
521.6
521.6
521.6
521.6
521.7
521.8
522.0
522.1
522.2
522.3
522.3
522.5
522.5
522.7
522.7
522.7
522.8
522.8
522.9
522.9
523.1
523.1
523.3
523.4
523.4
523.4
523.5
523.7
523.7
523.8
523.8
523.8
523.9
524.0
524.0
524.0
524.0
524.1
524.2
524.8
525.0
525.0
525.1
525.2
525.8
525.8
525.9
526.1
526.3
526.3
526.4
526.5
526.5
526.5
526.5
526.6
526.7
526.7
526.7
526.7
527.0
527.3
527.3
527.5
527.5
527.6
527.6
527.6
527.7
527.7
527.8
527.9
528.0
528.2
528.3
528.4
528.5
528.5
528.6
528.6
528.7
528.7
528.8
528.9
529.1
529.1
529.3
529.5
529.8
529.9
529.9
529.9
530.0
530.0
530.0
530.1
530.1
530.2
530.3
530.3
530.4
530.4
530.4
530.4
530.8
530.9
531.2
531.4
531.4
531.5
531.5
531.7
531.8
531.9
531.9
531.9
531.9
532.2
532.5
532.5
532.6
532.7
532.7
532.8
533.2
533.2
533.3
533.3
533.3
533.4
533.7
533.8
534.0
534.2
534.4
534.5
534.6
534.8
534.8
534.9
534.9
534.9
535.0
535.0
535.4
535.5
535.6
535.7
535.8
535.9
535.9
536.4
536.4
536.5
536.8
536.8
537.1
537.1
537.2
537.4
537.4
537.4
537.5
537.6
538.1
538.6
538.6
538.7
538.7
538.8
538.8
538.8
538.8
539.0
539.2
539.2
539.4
539.6
540.1
540.2
540.3
540.3
541.0
541.1
541.3
541.5
541.7
541.8
542.0
542.0
542.1
542.3
542.4
542.5
542.5
542.6
542.7
542.8
543.2
543.4
543.4
543.5
543.5
543.8
544.3
544.3
544.5
544.5
544.7
544.9
544.9
545.1
545.2
545.3
545.7
545.7
545.7
546.2
547.1
547.4
547.6
547.7
548.0
548.1
548.6
548.6
548.8
548.9
549.2
549.6
549.6
549.8
550.0
550.1
550.1
550.4
550.7
550.8
550.9
551.0
551.0
551.4
551.5
551.5
551.7
552.2
552.6
552.6
552.7
552.8
552.8
553.4
553.5
553.7
553.8
553.9
554.3
554.5
554.6
554.9
555.0
555.1
555.2
555.3
555.5
555.7
556.2
556.3
556.5
557.1
557.4
557.6
557.9
558.1
558.7
559.7
559.7
560.7
560.7
560.8
561.0
561.1
561.2
561.2
561.3
561.6
562.5
562.5
562.9
563.5
563.6
564.1
564.9
564.9
565.1
565.5
565.6
565.7
565.9
566.2
566.2
566.8
566.8
567.0
567.4
567.9
568.3
568.6
568.7
569.4
569.7
569.9
570.1
570.2
570.3
570.5
570.6
570.7
570.9
571.4
571.6
571.7
571.7
572.9
573.0
573.3
573.5
573.8
573.9
573.9
574.6
574.9
575.2
575.4
575.5
575.5
576.9
577.2
577.3
577.6
577.9
578.3
579.4
579.7
580.0
580.3
580.4
580.8
580.9
581.2
581.4
582.5
583.1
583.1
583.2
583.2
584.0
584.5
584.5
585.3
585.5
586.7
587.6
587.6
588.1
588.5
588.6
588.9
590.3
590.7
590.7
590.7
591.7
592.0
592.4
592.4
592.4
592.7
592.7
593.6
593.6
594.2
594.9
595.8
595.8
595.8
596.0
596.5
596.5
596.7
596.7
596.8
596.8
596.9
597.2
597.2
597.4
597.7
597.8
598.3
599.0
599.1
601.0
602.1
602.1
602.1
602.3
602.7
603.3
603.6
603.8
604.6
604.7
606.1
606.6
607.6
608.1
608.6
609.5
609.7
609.8
609.9
610.2
610.5
610.6
610.6
610.9
611.4
611.4
611.7
612.4
612.6
613.0
613.5
613.5
613.6
613.6
613.7
613.7
613.8
613.9
614.5
615.5
616.1
616.3
616.5
617.7
618.4
619.1
619.2
619.3
619.4
620.1
620.3
620.8
620.8
620.8
621.4
621.5
621.5
621.5
621.7
621.8
621.9
622.0
622.5
623.0
623.7
624.0
625.1
625.5
625.6
625.8
627.3
627.4
628.3
628.8
629.1
629.5
629.7
630.4
630.5
630.6
630.8
631.5
631.5
631.9
632.1
632.4
632.5
632.6
633.1
633.5
633.7
633.7
634.1
634.3
634.7
634.9
635.7
636.2
636.3
637.0
637.8
637.8
637.8
638.5
639.0
639.1
639.3
639.9
639.9
640.7
641.1
641.8
641.9
642.1
643.2
643.4
643.7
643.8
644.2
644.3
645.0
645.3
645.4
645.5
645.6
645.9
646.1
646.3
646.3
646.4
646.9
647.1
647.3
648.6
648.8
649.2
649.5
649.5
649.9
650.1
650.6
651.2
651.9
652.0
652.7
653.5
653.7
653.9
653.9
654.0
654.4
654.6
654.8
655.8
656.6
656.7
656.9
657.2
657.2
657.5
657.6
657.8
658.3
658.5
658.5
659.0
659.3
659.6
660.5
660.7
661.1
661.2
661.7
661.9
662.9
663.1
663.1
663.5
663.5
663.6
663.6
663.8
663.8
663.9
664.2
664.4
664.9
665.5
666.3
666.5
666.6
666.7
667.0
667.3
667.9
668.2
668.3
668.9
669.0
669.1
669.5
669.6
669.7
669.9
669.9
670.9
671.5
671.6
671.9
672.1
672.1
672.2
672.4
672.6
673.2
674.6
675.5
675.9
676.3
676.4
676.4
677.0
677.1
677.4
677.5
677.5
678.0
678.1
678.4
678.4
678.4
678.6
679.0
679.0
679.6
680.1
680.7
680.7
681.1
681.4
681.5
681.5
681.6
681.9
681.9
682.3
682.6
683.3
683.3
683.3
683.4
683.6
683.7
684.0
684.4
684.5
684.5
684.7
684.7
685.0
685.0
685.0
685.4
685.6
685.6
686.1
686.3
686.4
686.6
686.6
686.7
687.2
688.3
688.3
688.3
688.7
689.0
689.4
690.5
690.7
691.5
691.7
692.2
692.2
692.6
692.7
692.7
692.8
693.8
694.1
694.1
694.4
694.4
695.2
695.3
695.4
695.4
695.6
695.8
696.0
696.2
696.6
697.5
698.0
698.1
698.5
698.9
699.0
699.1
700.1
700.8
700.9
701.5
702.4
702.5
702.6
703.3
703.3
704.4
704.5
704.7
705.3
705.5
705.6
706.2
706.3
706.7
706.8
706.8
706.9
707.1
707.2
708.2
708.3
708.4
709.1
709.9
710.3
710.5
710.6
711.2
711.2
711.8
712.0
712.3
712.3
712.7
712.8
713.2
713.3
713.3
713.3
713.5
713.7
714.1
714.6
714.7
714.7
715.8
716.2
716.3
716.3
716.5
716.6
716.7
717.3
717.9
718.1
718.2
718.2
718.4
718.4
718.6
718.7
718.9
719.1
719.3
719.6
719.9
720.0
720.2
720.2
720.5
720.7
720.7
720.9
721.0
721.1
721.3
721.6
721.8
721.9
721.9
722.0
722.2
722.4
722.6
722.6
722.6
722.6
722.7
723.0
723.6
723.6
724.1
724.4
724.5
724.6
724.6
725.0
725.0
725.2
725.4
725.6
725.7
725.7
726.0
726.1
726.1
726.4
726.4
726.6
726.8
726.9
726.9
727.0
727.6
727.6
727.8
728.1
728.4
728.5
728.6
728.7
728.8
730.0
730.1
730.2
730.3
730.7
730.7
730.9
731.5
731.7
731.7
732.2
732.4
732.6
732.6
732.9
733.0
733.0
733.2
733.7
733.8
733.8
734.1
734.3
734.3
734.5
734.8
735.1
735.4
735.7
736.1
736.3
736.7
736.7
736.9
736.9
737.1
737.3
737.4
737.6
738.5
739.0
739.3
739.3
739.6
739.7
740.0
740.1
740.2
740.2
740.3
740.3
740.8
741.6
741.8
741.8
741.9
742.0
742.4
742.6
742.7
742.7
742.9
743.2
743.3
744.2
744.4
744.5
744.6
744.7
744.8
745.0
745.1
745.3
745.3
745.3
745.4
745.6
745.9
746.1
746.4
746.4
746.5
747.2
747.3
748.2
748.6
748.7
748.7
749.0
749.1
749.5
749.5
750.3
750.6
750.6
750.7
750.9
750.9
751.1
751.4
751.8
752.0
752.2
752.7
753.0
753.6
753.6
753.7
754.0
754.1
754.1
754.6
755.5
755.6
755.9
756.1
756.3
756.4
756.5
757.0
757.9
757.9
758.0
758.1
758.2
758.7
759.6
760.0
760.2
760.5
760.7
760.7
761.0
761.5
761.8
761.9
762.1
762.4
762.4
762.5
762.6
762.7
762.8
763.1
763.4
763.6
764.0
764.1
764.1
764.2
764.3
764.7
764.8
764.8
765.0
765.0
765.1
765.4
766.0
766.5
766.6
766.8
767.1
767.2
767.2
767.3
767.5
767.8
768.2
768.2
768.3
768.3
768.6
768.7
768.7
769.1
769.2
769.2
769.9
770.1
770.2
770.6
771.5
771.7
771.8
772.0
772.1
772.6
772.6
772.7
772.7
772.9
773.0
773.0
773.2
773.3
773.3
773.4
773.8
774.0
774.0
774.1
774.2
774.4
774.4
774.4
774.5
774.6
774.7
775.0
776.2
776.3
776.4
776.6
777.1
777.1
777.5
777.5
777.8
778.1
778.2
778.2
778.2
778.5
778.6
778.6
778.7
778.9
778.9
779.1
779.1
779.3
779.4
779.5
779.5
779.8
780.0
780.4
780.6
780.7
780.9
781.2
781.3
781.4
781.4
781.4
781.9
782.2
782.4
782.5
782.6
782.7
782.7
782.8
782.8
783.0
783.1
783.2
783.2
783.6
784.1
784.2
784.3
784.9
784.9
785.2
785.2
785.6
785.7
785.9
786.3
786.5
786.7
787.0
787.1
787.1
787.3
787.3
787.4
787.7
787.7
787.8
788.6
788.8
789.2
789.3
789.3
789.7
789.9
790.0
790.1
790.1
790.2
790.3
790.4
790.6
790.6
790.6
790.7
790.8
791.0
791.2
791.2
791.3
791.5
791.5
791.5
791.6
791.9
792.2
792.4
792.4
792.5
793.1
793.6
794.0
794.1
794.3
794.4
794.5
794.6
794.6
795.3
795.3
795.5
795.8
796.1
796.1
796.2
796.7
796.7
797.0
797.5
797.6
797.8
798.0
798.3
798.5
798.9
798.9
799.2
799.2
799.8
799.9
799.9
800.0
800.1
800.2
800.3
800.3
801.0
801.0
801.2
801.4
801.8
802.0
802.0
802.2
802.2
802.3
802.4
802.4
802.7
802.8
802.9
803.0
803.1
803.2
803.2
803.4
803.5
803.5
803.6
803.9
803.9
804.0
804.3
804.4
804.4
804.4
804.4
804.4
804.6
804.7
804.7
804.7
805.0
805.1
805.5
805.5
805.6
805.6
805.6
805.8
806.0
806.0
806.1
806.2
806.4
806.7
806.8
806.9
807.1
807.2
807.6
807.6
807.9
808.3
808.4
808.8
808.8
808.8
809.1
809.4
809.4
809.5
809.9
810.0
810.0
810.1
810.3
810.7
810.8
811.0
811.3
811.5
811.9
812.2
812.2
812.5
812.6
812.7
812.9
813.9
814.1
814.2
814.4
814.7
814.8
814.9
815.0
815.2
815.2
815.5
815.7
815.8
815.9
815.9
816.2
816.5
816.8
816.8
816.9
817.2
817.3
817.3
817.6
817.7
817.9
818.0
818.1
818.2
818.2
818.3
818.4
818.5
818.7
818.8
818.9
819.0
819.2
819.4
819.4
819.7
819.8
820.0
820.1
820.6
820.7
821.0
821.1
821.5
822.1
822.1
822.2
822.2
822.4
822.7
822.9
822.9
823.2
823.3
823.3
823.4
823.4
823.7
823.7
823.9
824.2
824.2
824.3
824.3
824.5
824.7
824.8
824.9
825.1
825.5
826.0
826.1
826.2
826.4
826.4
826.4
826.5
826.8
826.9
827.0
827.1
827.1
827.7
827.7
827.7
827.8
828.0
828.1
828.9
828.9
828.9
829.0
829.2
829.2
829.3
829.3
829.4
829.4
829.9
830.3
830.6
830.6
830.6
830.7
831.0
831.6
831.6
831.6
831.6
831.9
832.0
832.2
832.4
832.4
832.4
832.6
832.6
832.7
832.7
832.7
832.7
833.0
833.1
833.5
833.6
834.0
834.4
834.4
834.5
834.6
834.6
834.7
834.8
835.0
835.0
835.2
835.6
835.7
835.9
836.0
836.0
836.4
836.4
837.0
837.3
837.4
837.4
837.5
837.6
837.6
837.9
837.9
838.0
838.0
838.1
838.2
838.4
838.5
838.6
839.1
839.5
839.5
839.6
839.8
839.9
839.9
840.3
840.4
840.4
840.5
840.5
840.9
841.0
841.2
841.8
841.8
842.2
842.3
842.7
843.0
843.3
843.6
843.9
844.0
844.1
844.3
844.5
845.1
845.1
845.2
845.3
845.3
845.4
845.4
846.0
846.2
846.2
846.3
846.4
846.5
846.6
846.6
847.0
847.2
847.3
847.5
847.7
847.7
847.8
847.9
847.9
847.9
848.1
848.2
848.4
848.7
848.8
849.0
849.1
849.2
849.3
849.4
849.5
849.6
849.6
850.1
850.2
850.2
850.3
850.5
850.8
851.0
851.5
851.8
851.8
851.9
852.0
852.1
852.2
852.2
852.3
852.4
852.5
852.5
852.8
853.1
853.2
853.7
853.8
854.1
854.2
854.2
854.4
854.5
854.7
854.8
854.9
854.9
854.9
855.0
855.2
855.4
855.4
855.6
856.0
856.1
856.2
856.9
857.1
857.5
857.6
858.0
858.1
858.1
858.3
858.6
858.7
859.3
859.5
859.7
859.7
859.9
860.5
860.6
860.6
860.8
860.8
861.6
861.7
861.7
861.9
862.0
862.1
862.4
862.7
862.7
862.8
862.9
863.0
863.3
863.8
864.3
864.3
864.4
864.6
864.8
865.0
865.0
865.1
865.1
865.5
865.6
865.7
865.8
866.1
866.3
866.4
866.4
866.4
866.6
866.8
867.2
867.2
867.2
867.2
867.4
867.8
868.2
868.3
868.4
868.4
868.5
868.8
868.9
869.3
869.4
869.5
869.6
869.8
870.1
870.2
870.6
870.7
870.9
871.0
871.1
871.1
871.6
871.8
871.8
871.8
872.2
872.9
873.2
873.3
873.3
873.6
874.1
874.2
874.2
874.3
874.5
875.3
875.4
875.7
876.5
876.6
876.7
876.8
877.3
877.7
877.7
877.8
877.9
878.1
878.2
878.3
878.4
878.4
878.5
878.5
878.5
878.6
878.7
878.7
879.1
879.4
880.2
880.3
880.5
880.6
881.0
881.1
881.2
881.3
881.4
881.4
881.5
881.6
882.1
882.1
882.1
882.6
882.7
882.9
883.1
883.2
883.2
883.3
883.4
883.4
883.6
883.7
883.8
883.9
884.1
884.2
884.2
884.3
884.6
884.7
884.7
884.7
884.9
885.2
885.3
885.3
885.4
885.5
885.6
885.7
885.7
885.8
885.9
885.9
886.2
886.3
886.5
886.7
886.8
886.8
886.9
887.1
887.1
887.3
887.7
887.9
887.9
888.0
888.1
888.1
888.5
888.8
888.8
888.8
888.9
889.1
889.4
889.4
889.6
889.8
890.2
890.2
890.4
890.4
890.4
890.6
890.7
890.7
890.7
890.8
890.8
891.1
891.2
891.4
891.5
891.6
891.6
891.7
891.8
891.8
891.9
892.0
892.1
892.5
892.6
892.6
892.6
892.9
893.1
893.2
893.4
893.4
893.9
893.9
893.9
894.1
894.2
894.4
894.5
894.7
894.7
894.8
894.8
895.2
895.3
895.6
895.7
895.7
896.2
896.4
896.5
896.6
896.7
896.7
896.9
897.2
897.5
897.6
897.6
897.9
898.1
898.3
898.5
898.5
898.5
898.8
898.8
899.1
899.1
899.3
899.3
899.4
900.0
900.2
900.3
900.3
900.5
900.7
901.4
901.5
901.5
901.5
901.9
901.9
902.1
902.3
902.4
902.5
902.7
902.8
902.8
902.9
902.9
903.0
903.1
903.2
903.3
903.6
903.6
903.7
903.7
903.7
903.9
903.9
904.0
904.0
904.1
904.1
904.2
904.3
904.3
904.4
904.6
904.9
904.9
905.2
905.4
906.0
906.1
906.4
906.5
906.8
906.9
906.9
907.1
907.1
907.1
907.5
908.0
908.0
908.2
908.6
908.8
909.2
909.4
909.5
909.8
910.5
910.5
910.6
910.7
910.7
911.3
911.3
911.5
911.7
911.7
912.2
912.3
912.5
912.5
913.9
914.1
914.1
914.6
914.8
914.8
914.9
915.1
915.1
915.2
915.2
915.6
915.7
915.8
915.9
916.0
916.1
916.2
916.3
916.4
916.4
916.9
916.9
917.3
917.3
917.3
917.4
917.5
917.6
918.1
918.1
918.3
918.4
918.7
918.8
919.1
919.4
919.4
919.4
919.4
919.5
919.5
919.6
919.6
919.7
919.7
919.8
919.9
920.1
920.6
921.0
921.0
921.3
921.4
921.4
921.4
921.5
921.5
921.8
921.8
922.4
922.4
922.5
922.6
922.7
922.8
922.8
922.8
922.9
923.2
923.9
924.1
924.2
924.4
924.4
924.6
924.7
924.8
924.9
925.0
925.0
925.4
925.5
925.5
925.6
925.8
925.9
925.9
926.1
926.3
926.4
926.6
926.8
926.8
927.0
927.1
927.2
927.3
927.3
927.4
927.4
927.9
928.0
928.1
928.1
928.1
928.2
928.3
928.4
928.5
928.6
928.6
929.2
929.4
929.4
929.5
929.5
929.9
930.3
930.4
930.5
930.6
930.7
930.8
931.0
931.1
931.2
931.3
931.4
931.6
931.6
931.9
932.1
932.1
932.2
932.5
933.0
933.0
933.2
933.3
933.3
933.4
933.5
933.7
933.8
934.2
934.3
934.5
934.7
934.7
935.0
935.2
935.5
935.5
935.6
935.6
935.8
935.9
936.7
936.8
936.9
937.4
937.5
937.5
938.1
938.1
938.2
938.3
938.6
938.7
939.1
939.1
939.2
939.3
939.4
939.7
939.8
939.8
940.0
940.8
940.9
940.9
941.1
941.1
941.2
941.2
941.3
941.3
941.3
941.6
941.7
941.7
941.7
941.8
941.9
941.9
942.4
942.5
942.6
942.6
943.0
943.6
943.8
944.0
944.0
944.1
944.1
944.2
944.3
944.5
944.6
944.6
944.7
944.7
945.3
945.5
945.8
945.8
946.0
946.2
946.3
946.4
946.4
946.6
946.7
946.8
947.1
947.2
947.3
947.3
947.3
947.4
947.4
947.4
947.5
947.5
947.5
947.6
947.8
948.0
948.1
948.2
948.4
948.6
948.6
948.6
948.6
949.6
949.6
949.7
949.8
950.3
950.3
950.8
951.3
951.4
951.5
951.7
951.7
951.7
952.2
952.3
952.3
952.6
952.6
953.7
953.8
953.9
954.0
954.0
954.0
954.4
954.5
954.5
954.6
954.7
955.0
955.3
955.4
955.5
955.5
955.5
955.9
955.9
956.2
956.2
956.2
956.5
956.5
956.5
956.7
956.7
956.9
957.2
957.4
957.4
957.6
957.8
957.9
958.2
958.3
958.4
958.4
958.6
958.6
958.6
958.7
958.8
959.0
959.3
959.5
959.6
959.7
960.5
960.5
961.0
961.2
961.4
961.4
961.4
961.5
961.6
962.0
962.0
962.1
962.1
962.3
962.3
962.5
963.1
963.1
963.3
963.5
963.5
963.7
963.7
964.0
964.0
964.0
964.0
964.3
964.6
964.6
964.7
964.8
965.2
965.3
965.5
965.7
965.8
965.8
966.0
966.0
966.0
966.1
966.4
966.4
966.5
966.7
966.8
966.9
967.4
967.8
967.8
968.0
968.1
968.1
968.3
968.6
969.2
969.3
969.3
969.4
969.4
969.5
970.0
970.3
970.6
970.7
970.8
971.0
971.2
971.3
971.4
971.6
971.7
971.8
972.0
972.0
972.3
972.6
972.9
973.1
973.4
973.4
973.7
973.9
973.9
974.2
974.5
974.7
974.9
975.0
975.1
975.2
975.2
975.4
975.5
975.6
975.8
976.1
976.5
976.5
976.5
976.6
976.6
976.7
976.7
977.1
977.1
977.2
977.2
977.8
978.6
978.6
978.7
978.7
978.7
978.9
979.3
979.3
979.6
979.7
979.9
979.9
979.9
979.9
980.0
980.0
980.1
980.1
980.1
980.2
980.3
980.5
980.6
980.6
980.7
980.7
980.8
981.2
981.2
981.3
981.3
981.3
981.4
981.6
981.6
981.7
981.9
982.1
982.3
982.3
982.5
983.3
983.6
983.6
983.7
983.7
983.9
984.0
984.1
984.1
984.2
984.2
984.5
984.7
984.7
984.7
984.7
984.9
984.9
985.0
985.1
985.1
985.3
985.7
986.3
986.5
986.5
986.6
986.7
987.1
987.1
987.2
987.2
987.4
987.5
987.5
987.7
988.0
988.1
988.5
989.0
989.4
989.4
989.6
989.7
989.7
989.8
989.9
990.0
990.4
990.7
990.8
991.0
991.0
991.6
991.7
991.7
991.8
991.9
992.1
992.3
992.4
992.5
992.6
992.9
993.5
993.5
993.6
993.7
993.9
994.0
994.0
994.3
994.7
994.7
994.9
995.0
995.0
995.1
995.2
995.4
995.7
995.8
996.1
996.2
996.9
997.2
997.3
997.3
997.8
997.9
997.9
998.1
998.4
998.6
998.9
999.3
