38
40
42
44
45
28
32
34
35
36
37
39
41
43
46
47
48
49
50
51
52
53
54
55
56
26
27
29
30
31
33
57
58
59
60
20
21
22
23
25
61
62
63
67
17
19
24
64
65
66
69
12
13
14
15
16
18
70
11
68
72
73
71
74
75
77
9
10
76
78
79
8
80
81
82
83
84
6
7
85
5
86
3
4
87
90
91
88
89
92
2
94
95
93
42
54
35
38
40
44
45
47
1
28
34
36
39
46
48
50
51
53
55
56
21
22
31
32
41
43
49
52
57
60
62
67
96
25
26
27
29
37
58
59
65
66
17
20
30
33
61
63
64
69
97
23
70
13
16
19
24
73
12
14
15
72
74
11
18
77
78
81
68
75
76
79
80
71
0
10
82
9
83
98
8
84
85
7
99
86
6
5
87
3
4
90
88
91
89
92
54
42
44
35
38
40
45
56
67
28
34
47
53
55
62
36
46
48
51
21
22
50
57
2
39
60
31
32
52
65
66
69
70
17
26
29
41
43
58
59
63
64
25
27
49
61
73
81
13
14
20
78
74
94
23
30
37
77
11
12
15
16
33
79
19
72
76
80
24
75
95
93
18
82
83
10
68
1
9
8
85
71
96
84
7
97
86
6
0
5
98
87
4
90
3
88
92
89
91
54
42
44
35
45
38
40
55
56
47
62
67
28
48
51
53
36
34
46
57
50
81
22
39
21
31
41
43
60
32
52
49
17
29
58
59
2
14
26
37
65
66
27
69
70
13
30
33
63
64
25
61
20
78
99
15
23
74
73
11
12
19
77
16
24
54
42
79
44
72
80
9
18
35
45
83
10
38
94
40
55
56
76
85
8
47
68
48
53
75
28
51
36
34
46
57
62
50
67
71
39
60
82
31
43
41
52
32
49
58
59
21
22
29
65
66
1
26
27
37
63
64
61
7
30
33
69
84
25
70
93
17
20
23
54
95
13
14
6
73
19
5
24
42
15
44
74
16
72
11
35
12
45
77
4
38
40
55
56
78
18
47
68
3
28
53
62
81
48
51
67
76
86
36
75
79
34
57
46
71
80
9
50
60
10
39
31
96
65
66
21
22
32
43
52
64
8
41
58
59
63
0
26
29
69
87
49
61
27
70
83
25
90
30
37
17
33
20
82
73
92
97
2
23
54
89
14
13
85
74
19
72
15
24
42
7
84
88
44
77
16
91
12
35
78
11
45
55
56
38
40
62
18
68
76
67
75
81
28
47
79
6
53
98
48
51
36
57
80
34
5
46
50
71
60
39
43
52
22
31
41
49
65
66
21
58
59
1
10
32
9
64
69
37
54
63
70
26
29
94
27
33
61
30
42
4
44
25
8
86
3
20
17
35
45
83
55
56
73
38
40
99
23
82
47
53
74
62
19
24
28
14
48
51
57
13
36
72
34
67
46
77
15
50
60
93
16
39
52
12
43
78
18
31
41
58
59
68
85
49
65
90
32
54
84
66
11
63
64
29
37
76
95
21
22
61
42
26
27
33
75
87
30
44
69
79
81
7
71
70
25
35
80
45
55
56
38
40
2
20
62
6
47
53
89
17
23
28
73
92
48
67
9
51
57
91
10
24
34
36
19
72
0
46
60
74
5
50
96
14
39
65
13
88
31
52
66
8
59
64
68
83
43
54
58
63
97
32
77
15
41
82
16
61
49
29
21
69
22
42
18
26
27
37
4
44
78
30
70
33
76
12
3
11
71
86
25
35
75
45
55
56
38
40
62
79
81
20
67
28
53
47
73
80
1
84
23
85
17
48
57
51
94
34
36
72
24
60
46
50
52
54
65
19
39
43
49
58
59
66
74
41
42
44
64
31
63
7
32
37
61
45
55
68
10
56
29
35
33
38
13
14
40
69
9
27
30
87
77
21
22
26
6
15
53
70
98
16
62
47
18
25
90
48
57
28
51
78
67
71
36
76
34
75
8
11
12
20
46
60
83
50
54
82
52
58
59
39
42
43
49
23
41
44
65
73
55
45
56
63
64
66
5
31
32
61
37
79
17
35
24
38
40
72
33
29
2
27
30
81
19
53
47
62
68
69
26
95
80
89
4
74
22
57
21
48
51
28
25
91
36
67
70
99
3
93
34
60
46
54
13
50
14
77
18
52
58
59
39
42
65
10
16
20
43
44
15
71
63
64
41
49
84
86
55
56
61
66
45
31
35
92
32
40
37
38
23
76
9
78
85
7
29
33
73
62
75
53
72
12
30
27
47
88
0
11
24
69
17
57
26
68
48
28
51
67
19
8
36
60
21
34
70
25
79
54
1
22
83
46
74
50
52
65
6
58
59
42
44
56
39
55
43
49
63
64
45
41
66
82
53
61
35
38
40
47
37
31
32
57
48
80
51
62
33
97
81
20
29
71
77
30
54
18
27
60
96
36
46
50
34
67
13
28
52
59
69
23
42
56
58
72
73
55
44
87
49
14
16
26
43
45
39
53
41
38
47
40
65
35
57
24
51
68
48
61
63
37
64
15
21
25
70
76
32
66
54
75
31
33
62
60
19
46
50
22
36
17
78
52
30
55
42
56
59
29
58
34
44
27
49
45
53
43
5
39
67
11
41
38
40
47
28
57
10
51
48
35
37
61
90
12
65
54
63
20
69
9
60
26
62
64
71
74
32
33
46
50
66
36
55
56
52
31
44
42
59
79
58
72
53
45
49
23
34
68
43
25
57
47
38
51
40
48
41
39
30
84
54
24
21
27
35
73
77
70
37
61
67
29
60
18
63
46
65
13
16
17
11
12
14
15
22
18
19
20
21
23
9
10
24
8
25
26
74
73
75
77
79
70
72
76
78
80
69
71
81
27
28
68
7
6
29
82
5
31
67
66
83
30
32
84
64
65
62
34
3
85
4
63
33
35
36
61
86
39
2
37
38
40
41
17
42
22
60
13
14
16
20
21
15
23
45
11
12
19
18
24
25
44
87
26
43
73
74
1
70
69
72
77
90
28
46
75
78
10
47
76
79
80
91
9
27
67
68
71
8
29
81
31
88
66
92
30
32
48
59
58
89
62
65
64
34
82
49
54
57
56
63
83
35
33
53
0
55
50
7
36
51
52
6
61
84
39
38
40
5
37
42
85
94
41
95
60
44
45
43
46
47
4
22
3
17
21
20
26
13
23
25
28
48
58
59
16
69
70
14
19
54
67
73
93
12
11
24
74
86
15
27
49
56
57
96
18
29
31
66
72
77
53
55
62
32
78
50
30
34
51
64
65
75
52
76
79
68
35
63
80
81
97
10
36
33
71
61
9
38
39
40
8
2
42
37
60
41
44
45
82
43
47
46
87
83
48
54
59
58
56
57
90
98
84
49
53
55
91
7
50
51
52
6
88
85
92
1
28
67
62
22
21
35
66
34
5
26
31
32
65
89
64
27
69
29
25
36
70
17
38
42
63
20
40
30
39
61
44
23
13
14
45
60
73
4
33
47
16
12
99
19
41
74
46
3
72
54
11
15
24
77
37
43
78
48
81
86
79
76
59
56
58
75
18
57
10
80
53
68
55
49
50
51
0
52
71
9
8
83
82
62
35
7
28
42
34
38
36
40
44
31
32
27
29
30
39
45
67
33
37
41
47
26
46
43
25
48
21
2
22
20
23
24
54
49
94
50
19
51
65
53
56
87
17
35
52
55
18
58
57
60
59
66
42
61
63
16
64
28
14
38
13
15
84
34
44
36
40
31
45
32
39
47
11
29
41
46
62
27
30
69
12
33
37
43
48
26
54
25
67
49
70
21
50
22
51
53
68
55
56
65
52
20
6
35
57
58
60
59
72
23
24
61
63
9
42
64
66
71
10
73
19
28
38
44
34
40
36
45
62
47
17
39
31
32
46
5
48
54
18
41
43
74
69
1
27
29
8
37
67
30
33
77
16
76
49
50
75
53
56
65
51
55
26
60
70
13
14
15
57
25
52
58
59
63
61
68
64
66
21
35
22
78
11
42
72
80
44
62
23
38
71
79
20
24
12
28
40
45
81
47
54
34
36
48
73
46
67
39
4
69
41
43
32
31
19
37
49
50
53
56
51
55
33
52
65
27
30
42
29
57
35
58
44
60
59
38
3
45
40
47
7
54
61
63
26
36
48
64
34
17
46
66
70
85
25
28
18
39
41
43
74
21
62
22
50
49
51
53
56
32
55
37
68
31
52
42
57
33
44
58
35
59
20
38
23
30
24
60
27
29
45
40
54
67
47
90
48
36
72
75
16
46
65
34
61
76
77
39
10
63
83
28
41
43
15
26
69
50
51
53
56
64
55
19
49
62
66
13
57
52
71
9
14
25
32
37
82
42
58
59
31
44
35
54
60
33
38
45
73
40
93
47
11
48
30
29
27
21
46
36
12
61
67
34
65
22
39
18
56
63
55
43
53
20
41
51
68
50
57
70
49
52
28
17
64
58
62
42
44
54
59
23
37
45
47
48
60
38
35
40
32
46
66
33
24
31
36
78
26
56
39
53
55
34
51
43
50
30
41
61
29
57
49
27
52
54
42
69
44
58
25
47
59
48
65
45
37
38
63
88
46
72
40
35
60
67
28
62
64
32
36
56
33
53
55
51
39
50
21
43
41
31
34
49
57
8
19
52
54
42
44
58
61
47
22
30
48
45
59
66
38
46
37
29
40
74
26
27
71
35
60
20
56
55
53
51
65
50
36
16
23
32
63
39
6
33
57
28
43
25
54
49
52
41
24
42
62
64
68
44
45
58
34
48
59
67
47
31
70
46
18
38
61
40
37
55
14
30
60
56
69
35
53
51
73
50
