519
483
890
832
840
509
542
825
387
752
914
440
788
500
536
761
804
559
728
459
468
368
514
158
193
667
452
102
507
733
750
487
419
708
420
136
155
796
899
110
729
743
835
150
180
441
562
184
463
548
446
782
872
889
477
826
407
593
689
828
755
793
829
512
897
384
462
510
582
599
400
223
408
515
822
568
758
711
723
871
283
467
679
127
460
765
904
152
449
547
764
802
101
183
204
279
762
794
807
837
414
470
525
409
423
517
529
645
800
812
153
696
160
736
799
482
565
695
567
805
849
863
179
277
615
145
506
717
351
614
768
857
135
642
678
767
154
781
811
709
156
415
428
556
646
170
192
575
605
326
909
918
149
469
757
833
867
117
551
589
852
564
831
882
538
753
330
357
521
607
454
496
746
797
813
920
142
361
431
489
552
639
644
856
107
654
854
173
215
372
476
516
865
198
436
461
488
520
860
492
416
682
345
511
778
395
494
670
843
558
131
842
851
862
570
688
710
197
455
534
850
139
434
475
527
880
883
182
465
749
777
246
417
783
240
392
792
879
217
393
572
787
151
305
337
566
687
165
175
350
480
950
220
336
625
376
389
541
659
701
738
576
893
138
261
373
100
377
848
640
304
425
528
606
622
686
161
424
730
108
126
550
656
346
453
693
119
133
293
235
718
917
112
921
210
397
540
497
111
148
95
569
355
518
677
189
839
590
624
808
924
362
505
769
187
109
672
594
770
432
657
394
587
619
623
731
779
106
522
747
790
103
230
244
821
776
846
905
942
234
335
364
439
495
885
772
166
282
316
841
524
838
533
766
898
537
172
744
913
485
861
927
636
795
233
371
549
498
786
791
704
722
878
763
561
535
926
577
668
760
809
94
486
385
280
90
611
291
380
616
869
663
907
146
241
288
908
484
817
226
242
80
363
585
604
816
382
236
123
195
260
901
340
438
313
603
247
638
163
742
911
59
502
252
137
99
353
725
426
406
483
519
840
890
542
832
914
509
825
752
761
788
804
387
728
440
536
500
559
459
733
899
708
193
419
514
750
158
667
452
468
487
368
835
796
102
110
507
136
184
180
420
826
441
729
743
155
477
828
548
562
872
150
829
593
755
515
582
223
782
822
446
689
407
599
764
400
467
871
127
800
568
283
384
762
152
711
723
793
904
802
889
408
510
807
460
462
679
897
204
645
449
696
794
153
277
768
101
837
160
512
482
765
812
183
279
470
695
799
781
758
863
849
135
463
409
525
423
717
805
567
154
678
414
145
882
170
179
149
529
615
192
156
811
614
642
857
605
351
117
852
918
326
454
575
469
552
517
142
682
565
607
709
357
843
415
538
639
428
813
215
589
107
753
520
746
198
736
646
920
831
330
489
654
488
416
856
431
644
494
246
461
792
455
345
372
850
688
511
496
670
534
475
519
832
483
890
387
825
840
509
788
440
542
500
667
102
193
468
536
559
752
804
368
459
914
136
155
158
761
452
507
728
750
150
729
110
487
514
796
419
420
463
562
708
441
835
897
180
184
599
733
782
889
899
548
743
407
872
223
512
793
582
689
828
829
101
400
462
510
564
593
283
755
765
802
826
904
127
183
384
679
758
822
871
152
279
408
477
568
764
423
467
506
515
517
529
547
645
723
767
794
837
153
160
204
409
446
449
460
711
762
812
179
414
470
145
277
525
615
799
805
849
863
154
170
351
567
695
807
135
149
192
551
556
565
696
736
757
833
857
880
909
482
800
854
521
614
709
797
860
117
139
156
415
428
518
607
642
678
811
107
142
173
215
361
492
575
605
717
768
781
918
920
326
330
538
646
654
778
852
862
865
131
182
198
217
240
395
431
469
639
753
783
856
882
345
489
496
516
570
644
165
357
552
589
813
842
867
883
197
220
416
476
511
558
710
831
436
454
461
520
527
572
746
756
879
372
417
682
687
843
851
950
100
138
151
336
376
425
455
488
541
688
749
776
777
893
161
246
305
337
659
686
126
175
261
350
392
465
480
566
576
606
791
850
108
112
304
373
434
534
730
738
787
792
839
293
377
389
424
528
550
656
739
760
848
111
210
453
485
640
670
693
827
924
119
346
393
494
625
701
133
148
355
475
540
557
569
622
718
763
885
917
921
189
362
432
524
533
537
672
841
146
187
235
677
766
769
770
790
808
95
109
172
587
594
623
624
742
103
106
166
374
439
486
590
230
335
397
438
473
798
821
861
234
394
505
731
779
913
522
577
619
816
898
905
244
497
539
561
692
747
772
942
282
491
495
530
611
657
809
838
894
906
364
616
846
226
380
744
786
855
859
316
371
406
498
795
869
233
426
817
908
927
447
484
636
878
535
704
90
94
385
549
604
427
433
722
269
411
435
668
242
280
638
926
247
404
493
662
737
80
93
288
554
255
291
620
663
684
774
884
907
123
338
478
716
874
174
363
603
700
241
405
464
801
818
873
195
481
585
669
705
814
911
236
382
437
457
877
258
901
168
185
260
450
581
608
660
676
734
59
163
313
340
99
359
652
785
853
96
137
523
671
740
113
120
256
398
443
502
77
251
262
306
598
876
208
252
281
586
629
725
727
141
147
200
228
265
285
375
748
803
98
353
721
895
237
250
321
466
555
690
268
339
60
177
249
401
125
319
845
300
365
596
931
418
633
370
601
270
211
73
92
254
410
471
225
273
329
681
303
328
806
275
651
196
675
925
82
320
121
388
685
935
91
284
325
205
399
922
943
88
356
130
940
207
820
64
844
858
309
612
910
578
870
912
665
919
724
84
903
945
311
352
115
274
630
334
584
65
105
823
129
232
315
229
600
224
188
673
780
54
169
574
85
118
697
933
157
732
934
333
369
474
929
939
658
626
771
479
62
513
699
144
621
928
213
896
212
735
231
132
602
69
202
323
490
72
932
318
86
58
902
79
134
741
390
57
609
81
312
588
694
298
116
643
674
40
937
194
218
571
532
445
959
680
68
76
916
944
661
519
832
890
483
500
387
536
752
840
368
825
440
468
509
542
788
155
559
102
459
463
514
667
150
158
193
507
512
914
452
562
728
804
420
761
548
729
743
446
750
782
793
889
407
136
441
733
180
599
384
419
462
487
689
872
897
184
414
593
835
101
408
547
796
110
679
708
829
510
758
828
899
351
460
477
506
826
904
223
283
400
409
568
615
755
822
160
428
470
517
556
709
723
794
812
871
183
279
423
449
525
582
614
765
863
127
757
849
854
515
589
645
646
711
736
762
767
802
857
145
152
153
204
467
551
565
567
695
799
805
837
179
807
330
361
529
783
867
431
469
482
521
564
642
764
833
918
920
154
326
436
476
492
538
575
605
696
852
170
192
432
496
518
644
654
800
860
372
415
489
516
717
811
813
831
135
417
552
607
678
865
909
107
117
142
156
345
357
392
395
461
465
738
842
149
182
781
173
175
215
277
488
511
527
639
640
746
778
797
856
108
305
393
416
434
454
541
570
659
710
753
768
776
777
851
862
198
336
424
520
534
749
139
350
373
453
537
688
756
787
883
906
197
220
337
377
438
475
528
625
808
821
893
131
261
397
455
539
572
882
151
217
376
389
473
494
533
550
687
879
133
240
576
701
730
95
100
165
480
497
558
590
606
692
760
839
848
880
921
924
138
411
425
491
587
622
670
682
718
742
843
850
439
566
577
686
739
146
246
304
435
485
486
505
841
126
172
187
235
293
524
693
792
861
148
210
244
371
426
770
950
112
119
346
355
362
540
557
763
791
827
161
364
374
495
530
624
894
905
380
385
427
623
656
769
772
855
885
189
234
471
561
677
795
103
109
316
447
535
569
790
846
111
406
433
594
744
766
859
898
913
917
927
233
493
611
619
662
779
786
816
166
230
394
404
549
731
817
269
282
457
555
798
838
106
478
484
498
522
657
747
722
169
335
616
684
869
878
464
704
942
585
636
809
448
581
620
873
338
481
604
884
94
226
388
663
908
90
242
288
291
443
668
907
247
638
672
716
737
853
241
255
401
410
603
926
901
174
280
321
382
554
612
629
877
236
363
405
652
705
185
598
669
785
801
93
195
313
340
365
398
608
721
725
911
99
168
437
502
523
671
774
814
895
80
353
450
748
803
874
252
258
260
306
339
700
125
141
734
876
77
208
359
474
660
818
137
163
237
845
96
225
418
123
228
281
300
586
740
59
176
375
727
249
268
92
98
596
319
836
256
633
931
250
251
466
285
320
601
60
113
333
806
820
73
265
147
329
870
177
262
370
676
912
120
130
200
690
903
254
207
211
270
685
651
925
665
919
933
88
188
675
303
328
273
823
922
309
325
940
681
858
275
422
479
578
935
284
658
945
157
311
943
82
232
442
91
352
602
896
121
196
64
115
129
84
144
697
584
600
630
910
274
724
844
771
574
54
315
334
105
205
513
732
399
85
621
699
65
213
780
224
229
673
939
932
643
726
703
929
490
661
928
301
62
390
934
735
745
231
212
323
202
626
132
72
69
531
58
79
81
317
298
694
902
741
86
312
609
40
595
218
937
302
445
57
116
532
959
674
571
342
76
314
194
259
916
206
71
941
378
944
519
832
387
890
468
155
440
788
463
500
667
102
150
368
483
509
512
825
840
193
459
536
507
542
752
804
889
136
158
446
559
420
452
562
729
782
897
514
407
441
487
599
761
914
101
462
548
750
793
180
728
110
743
765
796
872
184
547
689
414
758
767
835
183
223
279
408
419
525
708
733
283
384
409
423
556
593
400
582
679
828
829
204
351
361
449
506
510
517
568
757
802
837
904
145
153
160
615
646
709
755
794
854
857
428
460
477
723
826
899
127
152
170
179
470
614
783
812
822
871
192
551
567
607
645
711
805
863
909
920
107
149
330
467
529
154
215
431
575
642
654
736
762
764
799
807
849
432
496
565
644
860
865
117
135
142
345
395
417
492
515
695
833
156
326
357
436
469
476
489
521
538
564
640
738
811
867
173
182
372
392
415
465
482
511
518
589
151
277
605
639
659
831
918
131
198
461
696
813
842
852
862
108
139
373
516
717
749
776
781
350
393
416
434
488
710
778
851
856
883
217
305
389
424
453
541
570
678
753
756
797
800
197
336
454
520
534
552
670
777
880
133
146
172
175
220
261
376
377
397
439
471
475
572
606
687
760
879
906
924
337
438
455
473
527
625
688
768
821
882
100
112
138
165
246
528
537
550
558
587
686
240
293
425
480
491
539
730
742
808
827
839
850
148
187
362
374
485
524
533
577
590
623
739
746
787
893
894
921
161
371
411
457
692
843
861
885
95
109
126
189
210
316
355
576
718
848
905
169
304
346
435
497
566
622
682
701
792
855
230
244
364
486
494
557
677
763
791
841
447
464
495
656
744
770
233
282
426
505
611
772
779
790
798
898
950
111
406
433
535
540
624
119
234
235
427
103
385
561
569
594
619
816
817
166
269
380
530
693
766
838
917
450
846
927
493
549
620
913
404
581
585
662
731
786
873
394
478
498
704
747
795
859
878
106
335
484
555
636
672
809
226
247
291
338
616
684
769
869
522
176
604
663
722
907
90
94
168
241
280
638
657
716
884
942
174
388
410
737
236
288
313
382
721
803
818
405
125
242
418
774
874
123
195
255
260
321
365
401
603
668
748
877
901
80
356
363
370
629
652
669
705
926
93
137
258
481
598
700
785
908
99
163
237
353
398
554
911
77
185
268
306
319
443
801
608
876
92
228
300
437
671
814
853
225
252
340
422
660
120
523
612
725
734
59
208
281
328
448
502
676
681
727
96
211
249
601
895
925
250
262
442
466
256
320
329
339
375
586
820
98
333
359
690
740
912
113
141
265
836
845
188
665
844
931
60
254
596
675
892
147
251
903
130
270
285
685
73
144
177
325
806
823
633
933
200
309
870
602
919
273
64
88
745
943
275
490
121
479
651
858
935
82
207
232
303
578
352
196
513
553
115
658
945
91
105
284
474
84
205
630
724
922
311
703
910
315
584
274
726
129
699
771
866
940
932
934
157
574
600
62
116
334
643
641
732
54
65
451
621
97
697
85
213
661
928
939
224
302
390
896
399
229
231
673
626
354
929
206
735
323
504
318
680
69
132
834
317
902
72
202
212
301
214
780
472
445
79
81
312
89
57
194
694
635
58
741
86
532
609
714
266
298
674
40
937
218
68
519
832
387
890
440
468
788
500
155
368
463
483
509
667
825
840
102
150
459
536
193
512
542
752
804
158
507
559
889
136
446
420
452
514
562
729
782
761
897
914
407
441
487
750
180
462
548
599
728
793
101
110
743
796
872
184
547
689
765
414
419
708
733
758
835
223
279
384
408
593
183
400
423
525
582
679
767
828
829
283
409
510
556
204
351
449
506
517
568
755
802
837
904
145
153
160
361
460
477
615
646
709
723
757
794
826
854
857
899
127
152
179
428
470
614
711
812
822
871
567
645
783
170
192
467
529
551
607
805
863
909
920
107
149
154
330
515
565
575
642
736
762
764
799
807
849
135
215
431
644
654
695
860
865
156
395
432
492
496
518
833
867
117
142
173
182
326
345
357
415
417
436
469
476
482
489
521
538
564
811
277
372
392
465
511
589
605
639
640
696
831
918
461
717
738
813
852
862
131
151
198
373
516
659
781
842
108
139
350
393
416
434
488
678
710
749
753
756
776
778
797
800
851
856
883
305
453
454
520
534
541
552
570
880
197
217
336
389
424
670
777
133
146
175
220
261
337
376
377
397
439
455
475
527
558
572
606
625
687
688
760
768
879
882
906
924
172
438
471
473
537
539
550
821
893
100
112
138
165
240
246
293
425
480
485
491
524
528
587
686
730
742
787
827
839
850
161
187
374
533
577
623
739
746
808
921
148
362
411
457
576
590
692
843
861
885
894
95
109
126
189
210
304
346
355
371
486
494
497
566
622
682
701
791
792
848
905
169
316
435
447
557
718
763
841
855
230
244
364
495
656
677
770
790
798
950
426
464
744
111
119
233
235
282
406
427
433
505
530
535
540
611
624
772
779
898
693
816
103
166
234
385
561
569
594
619
766
817
838
917
269
380
450
493
913
404
549
620
846
873
927
662
747
795
859
106
226
335
394
478
484
498
581
585
616
636
672
704
731
769
786
809
878
555
818
869
247
291
338
522
684
176
604
638
90
94
168
174
241
280
388
481
657
663
721
722
737
748
774
884
907
942
401
405
716
803
874
236
242
288
313
382
700
255
410
418
705
801
877
93
123
125
195
321
356
363
365
370
603
629
668
669
785
901
908
80
258
260
554
598
652
926
237
398
422
443
99
137
163
185
306
319
353
442
612
690
911
77
228
268
437
608
671
814
853
876
141
225
252
340
523
601
660
92
120
300
328
448
676
727
734
836
892
208
211
681
925
59
96
177
188
262
265
281
339
359
466
502
725
806
844
845
895
147
249
250
256
586
596
320
333
375
820
98
113
329
665
740
912
200
251
130
285
508
675
745
823
60
254
931
144
270
474
490
553
88
685
866
73
325
633
726
903
121
602
919
273
309
870
933
513
641
207
858
630
64
82
105
118
275
935
129
232
391
578
651
943
196
205
451
479
724
922
303
352
91
115
284
658
84
116
214
504
703
311
315
399
472
584
699
910
932
945
97
274
354
574
157
231
643
666
940
661
673
834
934
213
600
626
881
334
697
771
819
632
896
595
621
714
65
390
732
62
531
302
445
735
54
85
224
206
229
928
939
680
780
318
635
295
902
266
301
369
543
694
929
317
627
323
69
132
655
122
89
194
202
57
72
212
239
741
312
81
609
79
532
271
58
190
674
647
86
331
259
314
591
648
83
308
588
287
773
571
134
298
104
430
68
322
71
40
706
378
916
221
327
218
263
937
219
74
958
342
76
944
959
719
707
46
164
519
832
387
890
440
468
788
500
155
368
463
483
509
667
825
840
102
150
459
536
193
512
542
752
804
158
507
559
889
136
446
420
452
514
562
729
782
761
897
914
407
441
487
750
180
462
548
599
728
793
101
110
743
796
872
184
547
689
765
414
419
708
733
758
835
223
279
384
408
525
593
767
183
283
400
409
423
556
582
679
828
829
510
204
351
449
506
517
568
755
802
837
904
145
153
160
361
460
477
615
646
709
723
757
794
826
854
857
899
127
152
179
428
470
614
711
812
822
871
192
567
645
783
805
863
920
170
467
529
551
607
909
107
149
154
330
515
565
575
642
736
762
764
799
807
849
135
215
431
496
644
654
695
833
860
865
117
156
326
345
357
395
417
432
436
469
476
489
492
518
538
564
811
867
142
173
182
415
482
521
277
372
392
465
511
589
605
639
640
696
738
831
918
198
461
659
717
813
842
852
862
131
151
373
516
678
776
781
108
139
350
393
416
434
488
710
749
753
756
778
797
800
851
856
883
197
217
305
389
424
453
454
520
534
541
552
570
670
880
336
760
777
133
146
172
175
220
261
337
376
377
397
439
455
475
527
539
550
558
572
606
625
687
688
768
821
879
882
906
924
438
471
473
524
537
893
100
112
138
165
240
246
293
425
480
485
491
528
587
623
686
730
742
746
787
808
827
839
850
148
161
187
374
457
533
577
590
692
739
921
362
411
486
576
843
861
885
894
95
109
126
189
210
304
316
346
355
371
494
497
557
566
622
682
701
718
791
792
848
855
905
169
435
447
763
841
230
244
364
495
656
677
744
770
790
798
950
426
427
464
111
119
233
235
282
406
433
505
530
535
540
611
624
772
779
816
898
234
693
917
103
166
385
561
569
594
619
766
817
838
269
380
404
450
493
913
927
549
620
795
846
873
226
394
585
662
672
731
747
859
106
335
478
484
498
555
581
616
636
704
769
786
809
878
818
869
247
291
338
522
604
684
176
638
721
748
90
94
168
174
241
280
388
405
481
657
663
716
722
737
774
884
907
942
401
803
874
236
242
288
313
382
700
255
370
410
418
629
705
785
801
877
80
93
123
125
195
260
321
356
363
365
554
603
668
669
901
908
237
258
398
598
652
926
422
443
612
690
99
137
163
185
306
319
353
442
911
77
228
268
437
608
671
814
853
876
120
141
225
252
300
328
340
523
601
660
676
727
734
836
92
208
448
892
681
845
925
59
96
147
177
188
211
249
256
262
265
281
339
359
466
502
725
806
844
895
250
320
375
586
596
665
820
333
98
113
329
740
912
200
251
745
130
254
285
508
675
823
931
60
144
553
270
474
490
685
866
73
88
633
726
325
903
121
602
641
919
273
309
870
933
513
207
630
858
64
82
105
118
275
451
578
935
943
129
196
232
391
479
651
724
205
922
303
352
504
658
91
115
116
284
84
214
703
472
699
97
311
315
399
574
584
910
932
945
274
354
157
643
666
673
834
940
231
632
661
881
934
213
600
626
334
697
771
896
714
819
595
732
62
65
390
621
302
445
735
54
85
224
531
928
939
206
229
680
318
635
780
295
369
902
266
301
543
694
929
627
317
69
323
132
655
122
57
72
89
194
202
212
741
239
312
81
532
609
79
190
271
58
331
674
86
647
259
648
287
591
83
773
308
314
588
430
134
298
104
571
68
706
322
71
40
916
378
327
218
937
221
263
74
219
958
342
76
719
944
720
707
959
46
164
56
634
519
832
387
890
440
468
788
500
150
155
368
459
463
483
509
536
667
825
840
102
193
512
542
752
804
158
507
559
889
136
446
420
452
514
562
729
782
761
897
914
407
441
487
750
462
548
728
793
180
599
872
101
110
743
796
184
547
689
765
414
419
708
733
758
835
183
223
279
384
408
525
593
767
283
400
409
423
556
582
679
828
829
204
351
449
506
510
517
568
755
802
837
904
477
826
899
145
153
160
361
460
615
646
709
723
757
794
854
857
127
152
179
428
470
614
711
783
812
822
871
170
192
467
551
567
607
645
805
863
909
920
107
149
154
330
529
575
642
736
762
764
799
807
849
515
565
135
215
395
431
432
496
644
654
695
833
860
865
117
142
156
326
345
357
415
417
436
469
476
482
489
492
518
521
538
564
811
867
173
182
277
372
392
465
511
589
605
639
640
696
738
831
862
918
151
198
461
659
717
813
842
852
131
373
516
678
756
776
781
797
800
108
139
350
393
416
434
488
541
710
749
753
778
851
856
883
197
217
305
336
389
424
453
454
520
534
552
570
670
777
880
760
133
146
172
175
220
261
337
376
377
397
438
439
455
471
475
527
539
550
558
572
606
625
687
688
768
821
879
882
906
924
100
112
138
165
240
246
473
480
485
491
524
537
587
686
730
827
850
893
293
374
425
528
623
739
742
746
787
808
839
148
161
187
362
457
533
576
577
590
692
843
861
885
894
921
411
486
95
109
126
189
210
304
316
346
355
371
494
497
557
566
622
682
701
718
791
792
841
848
855
905
169
244
435
447
656
677
763
950
230
364
426
495
744
770
790
798
111
233
282
406
427
464
505
540
624
772
779
119
235
433
530
535
611
693
816
898
103
234
385
569
594
619
838
917
166
269
380
450
561
766
817
404
493
549
846
913
927
620
662
795
873
106
226
335
394
498
585
636
672
704
731
747
786
859
878
478
484
555
581
616
769
809
247
291
338
522
818
869
176
604
684
94
241
638
657
663
721
722
748
884
907
942
90
168
174
280
388
405
481
716
737
774
803
874
236
242
288
313
382
401
410
700
877
93
125
255
370
418
629
669
705
785
801
80
123
195
260
321
356
363
365
554
603
668
901
908
926
237
258
398
598
612
652
99
137
163
353
422
443
690
911
77
185
268
306
319
442
225
228
437
608
660
671
814
853
876
92
120
141
252
300
328
340
523
601
676
727
734
836
892
208
448
188
211
359
466
502
681
844
845
895
925
59
96
147
177
249
250
256
262
265
281
339
725
806
320
375
586
596
665
820
98
329
333
912
113
740
200
251
675
823
60
130
254
285
508
745
931
144
490
553
270
685
73
88
325
474
633
866
641
726
903
121
602
919
273
309
513
870
933
207
630
858
105
118
64
82
129
275
578
935
943
196
205
232
391
451
479
651
724
504
658
922
303
352
91
115
116
284
84
214
472
699
703
274
311
315
354
399
574
584
910
932
945
97
643
666
673
834
940
157
231
632
661
626
934
213
600
697
771
334
819
896
714
881
62
65
621
732
390
445
595
735
302
54
85
224
229
928
939
206
531
635
680
780
318
369
295
694
902
266
301
543
929
627
317
69
323
132
655
194
57
72
89
202
122
212
741
81
312
239
609
79
271
532
58
674
86
190
331
647
648
773
287
591
259
83
308
314
588
134
430
104
298
571
706
68
322
40
71
378
916
327
221
218
937
263
74
219
342
958
76
944
707
959
46
720
519
832
387
890
440
468
788
368
463
483
500
509
667
825
840
102
150
155
459
536
193
512
542
752
804
158
507
559
889
136
446
420
452
514
562
729
782
761
897
914
407
441
487
750
180
462
548
599
728
793
110
743
796
872
101
184
547
689
765
414
419
708
733
758
835
183
223
279
384
408
525
593
767
283
400
409
423
556
582
679
828
829
204
351
449
506
510
517
568
755
802
837
904
145
160
460
477
615
646
709
723
757
794
826
857
899
153
361
854
127
152
179
428
470
614
711
783
812
822
871
170
192
467
529
551
567
607
645
805
863
909
920
107
149
154
330
575
642
736
762
764
799
807
849
515
565
135
215
395
431
432
492
496
644
654
695
833
860
865
117
142
156
326
345
357
415
417
436
469
476
482
489
518
521
538
564
811
867
173
182
372
511
589
605
639
831
918
277
392
465
640
696
738
862
151
198
461
659
717
813
842
852
108
131
350
373
393
416
488
516
678
710
749
756
776
781
797
800
856
883
139
434
541
753
778
851
197
217
305
336
389
424
453
454
520
534
552
570
670
777
880
760
133
146
172
175
220
261
337
376
377
397
438
439
455
471
475
527
539
550
558
572
606
625
687
688
768
821
879
882
906
924
100
112
138
165
240
246
473
480
485
524
528
537
587
686
730
850
893
293
374
425
491
623
739
742
746
787
808
827
839
148
161
187
362
411
457
533
576
577
590
692
843
861
885
894
921
486
95
109
126
189
210
304
316
346
355
371
494
497
557
566
622
682
701
718
791
792
841
848
855
905
169
230
244
364
435
447
656
677
763
950
426
495
744
770
790
798
111
233
282
406
427
464
505
535
540
611
624
772
779
898
119
235
433
530
816
103
234
385
569
594
619
693
838
917
166
269
380
450
493
561
766
817
404
549
846
913
927
620
662
795
859
873
106
226
335
394
478
498
581
585
636
672
704
731
747
786
878
484
555
616
769
809
247
291
338
522
684
818
869
176
604
90
94
168
241
280
638
657
663
721
722
748
884
907
942
174
388
405
481
716
737
774
803
401
874
236
242
288
313
382
410
700
877
93
125
255
321
370
418
629
669
705
785
801
80
123
195
260
356
363
365
554
603
668
901
908
926
237
258
398
598
652
99
137
163
353
422
443
612
690
911
77
185
268
306
319
437
442
225
228
328
608
660
671
814
853
876
92
120
141
252
300
340
523
601
676
727
734
836
892
208
448
188
211
281
359
466
502
681
725
845
895
925
59
96
147
177
249
250
256
262
265
320
339
586
806
844
333
375
596
665
820
98
113
329
912
200
740
251
675
823
60
130
254
285
508
745
931
144
490
270
553
685
73
88
325
474
633
866
726
903
121
273
309
602
641
919
513
870
933
207
630
858
64
82
105
118
129
275
391
451
578
651
724
935
943
196
205
232
479
658
922
91
303
352
504
115
116
284
84
699
703
214
574
97
274
311
315
399
584
910
932
945
354
472
157
643
673
940
231
661
666
834
626
632
934
213
600
697
771
334
819
896
714
62
65
621
732
881
390
595
302
445
735
54
85
206
224
229
928
939
531
680
780
318
635
295
369
301
902
266
694
543
929
317
627
69
323
132
655
89
194
202
57
72
122
212
741
312
81
239
609
271
79
532
58
190
674
86
331
647
648
287
591
259
83
308
773
314
588
430
134
298
571
104
68
706
322
40
71
378
916
327
218
937
263
219
221
74
958
342
76
944
707
959
46
164
720
56
634
0
1
2
3
4
5
6
7
8
9
10
11
12
13
14
15
16
17
18
19
20
21
22
23
24
25
26
27
28
29
30
31
32
33
34
35
36
37
38
39
40
41
42
43
44
45
46
47
48
49
50
51
52
53
54
55
57
58
59
60
61
62
63
64
65
66
67
68
69
70
71
72
73
74
75
76
77
78
79
80
81
82
83
84
85
86
87
88
89
90
91
92
93
94
95
96
97
98
99
100
101
102
103
104
105
106
107
108
109
110
111
112
113
114
115
116
117
118
119
120
121
122
123
124
125
126
127
128
129
130
131
132
133
134
135
136
137
138
139
140
141
142
143
144
145
146
147
148
149
150
151
152
153
154
155
156
157
158
159
160
161
162
163
164
165
166
167
168
169
170
171
172
173
174
175
176
177
178
179
180
181
182
183
184
185
186
187
188
189
190
191
192
193
194
195
196
197
198
199
200
201
202
203
204
205
206
207
208
209
210
211
212
213
214
215
216
217
218
219
220
221
222
223
224
225
226
227
228
229
230
231
232
233
234
235
236
237
238
239
240
241
242
243
244
245
246
247
248
249
250
251
252
253
254
255
256
257
258
259
260
261
262
263
264
265
266
267
268
269
270
271
272
273
274
275
276
277
278
279
280
281
282
283
284
285
286
287
288
289
290
291
292
293
294
295
296
297
298
299
300
301
302
303
304
305
306
307
308
309
310
311
312
313
314
315
316
317
318
319
320
321
322
323
324
325
326
327
328
329
330
331
332
333
334
335
336
337
338
339
340
341
342
343
344
345
346
347
348
349
350
351
352
353
354
355
356
357
358
359
360
361
362
363
364
365
366
367
368
369
370
371
372
373
374
375
376
377
378
379
380
381
382
383
384
385
386
387
388
389
390
391
392
393
394
395
396
397
398
399
400
401
402
403
404
405
406
407
408
409
410
411
412
413
414
415
416
417
418
419
420
421
422
423
424
425
426
427
428
429
430
431
432
433
434
435
436
437
438
439
440
441
442
443
444
445
446
447
448
449
450
451
452
453
454
455
456
457
458
459
460
461
462
463
464
465
466
467
468
469
470
471
472
473
474
475
476
477
478
479
480
481
482
483
484
485
486
487
488
489
490
491
492
493
494
495
496
497
498
499
500
501
502
503
504
505
506
507
508
509
510
511
512
513
514
515
516
517
518
519
520
521
522
523
524
525
526
527
528
529
530
531
532
533
534
535
536
537
538
539
540
541
542
543
544
545
546
547
548
549
550
551
552
553
554
555
556
557
558
559
560
561
562
563
564
565
566
567
568
569
570
571
572
573
574
575
576
577
578
579
580
581
582
583
584
585
586
587
588
589
590
591
592
593
594
595
596
597
598
599
600
601
602
603
604
605
606
607
608
609
610
611
612
613
614
615
616
617
618
619
620
621
622
623
624
625
626
627
628
629
630
631
632
633
635
636
637
638
639
640
641
642
643
644
645
646
647
648
649
650
651
652
653
654
655
656
657
658
659
660
661
662
663
664
665
666
667
668
669
670
671
672
673
674
675
676
677
678
679
680
681
682
683
684
685
686
687
688
689
690
691
692
693
694
695
696
697
698
699
700
701
702
703
704
705
706
707
708
709
710
711
712
713
714
715
716
717
718
719
721
722
723
724
725
726
727
728
729
730
731
732
733
734
735
736
737
738
739
740
741
742
743
744
745
746
747
748
749
750
751
752
753
754
755
756
757
758
759
760
761
762
763
764
765
766
767
768
769
770
771
772
773
774
775
776
777
778
779
780
781
782
783
784
785
786
787
788
789
790
791
792
793
794
795
796
797
798
799
800
801
802
803
804
805
806
807
808
809
810
811
812
813
814
815
816
817
818
819
820
821
822
823
824
825
826
827
828
829
830
831
832
833
834
835
836
837
838
839
840
841
842
843
844
845
846
847
848
849
850
851
852
853
854
855
856
857
858
859
860
861
862
863
864
865
866
867
868
869
870
871
872
873
874
875
876
877
878
879
880
881
882
883
884
885
886
887
888
889
890
891
892
893
894
895
896
897
898
899
900
901
902
903
904
905
906
907
908
909
910
911
912
913
914
915
916
917
918
919
920
921
922
923
924
925
926
927
928
929
930
931
932
933
934
935
936
937
938
939
940
941
942
943
944
945
946
947
948
949
950
951
952
953
954
955
956
957
958
959
960
961
962
963
964
965
966
967
968
969
970
971
972
973
974
975
976
977
978
979
980
981
982
983
984
985
986
987
988
989
990
991
992
993
994
995
996
997
998
999
720
608
723
315
352
373
398
461
502
521
532
534
535
552
560
563
572
579
584
585
603
606
634
644
656
657
709
224
229
243
257
282
289
298
308
309
312
322
326
334
341
358
366
371
379
385
386
387
394
400
406
409
410
423
428
446
449
457
458
459
462
464
475
478
479
482
511
512
513
516
519
527
539
542
547
555
564
568
575
583
589
599
609
614
619
622
625
631
648
649
651
674
675
683
689
703
707
716
728
730
741
754
187
196
239
244
259
262
267
278
280
283
284
285
286
288
296
302
306
314
316
319
323
325
331
332
338
344
345
350
355
360
362
376
377
388
390
392
401
402
403
412
417
420
426
429
430
433
436
437
438
439
441
443
455
456
460
471
473
474
484
490
492
495
501
503
506
510
523
531
537
538
546
561
562
566
567
574
576
582
586
592
593
597
598
600
605
611
612
616
621
623
624
633
635
636
637
639
643
658
660
666
677
685
696
701
705
708
711
717
718
727
731
733
735
742
751
755
764
788
792
175
189
193
195
206
210
217
218
230
231
232
234
240
241
245
246
250
252
255
265
266
268
269
273
287
294
295
303
304
307
311
313
320
324
327
328
336
339
342
346
347
351
353
359
367
368
369
370
374
375
378
380
384
389
391
395
396
411
413
415
418
421
422
424
427
431
434
450
451
454
468
469
481
486
487
488
491
494
498
500
509
514
515
518
520
526
528
529
530
551
558
569
573
578
588
604
610
613
618
620
626
627
630
638
641
654
664
665
667
672
676
680
684
688
692
693
694
700
712
714
721
736
737
743
744
745
753
757
758
761
762
767
770
787
789
793
800
806
817
852
116
117
143
148
156
163
165
172
182
191
202
203
209
222
223
225
226
227
236
237
238
242
254
261
264
277
300
317
335
337
340
343
357
361
364
382
404
405
407
408
419
435
445
448
466
470
476
485
489
496
504
507
508
525
540
543
545
553
570
640
646
655
661
662
670
671
673
678
681
687
691
699
702
706
713
722
724
725
738
739
740
748
750
756
766
768
771
773
781
782
783
785
794
798
799
803
805
809
815
819
822
827
830
838
842
876
56
112
138
147
149
152
159
164
168
188
192
198
199
201
205
207
208
211
212
220
221
251
256
271
272
274
275
279
281
301
330
348
354
383
397
425
442
452
465
467
477
497
533
541
549
554
571
591
602
615
617
647
650
652
663
682
690
698
715
719
726
752
759
774
775
786
795
801
810
812
814
823
824
831
832
846
849
850
860
870
871
883
103
111
114
118
119
127
134
137
142
144
145
146
150
153
154
160
166
171
177
178
181
185
190
213
215
233
258
263
270
276
290
293
299
318
321
333
363
372
399
414
480
499
548
559
577
590
596
645
653
679
710
732
734
760
763
778
779
784
790
791
802
811
813
826
836
853
855
856
859
865
880
899
75
88
91
95
100
106
108
115
124
128
130
132
139
155
157
162
176
183
186
200
214
216
235
248
292
297
349
356
365
381
393
416
432
453
483
517
522
544
556
580
581
601
607
642
668
669
695
697
765
769
772
776
777
780
804
816
818
820
821
828
829
837
839
858
863
868
872
875
877
885
896
901
924
71
76
81
82
89
98
99
113
121
131
151
167
173
180
249
253
260
305
310
329
444
447
463
472
493
505
524
536
557
587
628
747
796
833
851
866
869
874
882
886
892
893
897
908
911
913
52
63
64
74
78
86
87
92
102
104
105
110
120
122
129
133
141
169
174
194
197
204
247
291
440
595
629
746
807
808
840
843
854
857
861
864
867
878
879
884
887
889
902
910
53
65
67
80
85
96
107
109
125
126
135
136
158
161
179
219
228
550
594
632
704
729
749
834
835
841
844
847
848
862
888
891
894
900
904
905
906
912
914
916
917
918
941
42
51
61
68
70
73
84
90
123
659
686
873
881
890
895
907
909
919
930
931
935
943
945
48
49
50
72
77
94
97
140
184
797
898
903
923
936
944
952
961
35
37
38
41
45
46
58
66
69
93
101
170
565
825
915
926
927
932
934
955
957
968
11
19
31
62
845
925
938
958
964
966
969
972
29
39
47
55
83
948
950
951
953
962
967
971
977
986
4
20
23
25
59
60
79
921
933
946
973
981
983
5
12
15
18
27
28
40
928
929
974
975
997
14
21
22
26
36
44
57
922
939
942
949
959
985
3
13
54
947
956
980
0
2
6
10
920
937
940
954
963
989
990
994
17
32
976
991
998
9
988
995
999
16
24
970
978
984
8
33
979
992
996
30
34
43
993
7
965
960
982
987
1
608
723
584
502
603
644
720
326
398
532
552
589
709
282
315
373
512
516
534
560
572
585
674
298
312
352
394
441
459
482
521
563
609
656
657
675
243
289
308
309
409
519
535
555
568
579
716
728
741
754
224
229
257
371
377
387
400
406
455
475
513
527
538
564
598
619
634
658
707
792
187
244
280
390
428
449
461
478
479
511
542
622
623
625
730
731
755
322
325
366
433
458
546
547
583
606
621
636
648
677
689
701
703
727
742
764
195
196
210
218
267
288
313
323
385
410
423
426
437
438
439
462
464
523
531
537
539
574
575
586
599
600
614
639
683
708
735
302
303
311
344
358
417
431
484
495
605
624
631
635
649
651
696
718
733
117
217
262
285
334
339
355
386
430
473
492
503
506
515
520
588
611
711
737
800
817
842
206
234
241
252
286
319
331
360
370
374
411
454
474
487
488
551
569
576
616
630
638
643
788
794
852
189
193
231
232
259
278
283
296
345
353
376
403
436
582
592
597
660
685
694
717
762
782
250
254
268
316
336
340
362
379
429
443
460
498
501
566
567
604
633
637
654
684
687
705
722
724
838
163
175
202
230
246
284
287
300
307
314
350
378
382
392
397
401
466
528
561
562
570
573
593
693
725
740
757
165
222
239
266
304
306
320
332
412
418
424
468
489
490
510
578
640
667
699
743
751
758
771
806
830
876
156
182
225
274
341
359
363
368
402
507
526
529
540
549
665
688
714
738
744
767
768
795
822
324
357
384
395
408
434
446
469
610
620
626
666
680
706
770
785
786
799
883
111
116
148
212
220
223
261
264
273
328
346
389
435
445
456
457
491
533
558
613
655
712
846
138
164
191
203
338
451
470
477
481
518
571
646
652
676
691
745
753
781
787
803
805
819
137
143
172
245
294
317
337
342
347
351
415
504
509
618
671
765
112
147
209
237
240
281
343
388
405
450
486
543
615
663
678
692
721
732
772
793
809
812
827
850
100
103
150
295
301
327
369
414
420
480
591
602
617
627
647
739
766
870
142
149
205
215
221
258
380
421
427
448
465
485
494
522
554
734
747
761
849
901
132
208
236
263
277
321
348
354
372
393
452
476
672
681
697
710
750
777
789
832
115
226
269
275
329
375
422
471
645
662
670
673
859
871
75
91
130
152
279
330
525
541
736
779
823
824
837
872
896
899
56
71
134
166
213
255
318
335
383
413
500
505
514
596
612
664
702
780
813
885
127
145
333
497
530
669
748
756
798
815
880
76
81
119
157
293
396
416
496
856
860
144
160
199
235
247
661
700
814
924
98
194
260
290
292
399
536
796
820
839
853
911
95
197
270
291
364
407
517
548
559
801
802
126
207
242
463
524
545
790
810
826
848
913
67
82
106
159
190
365
381
251
256
305
453
483
715
773
808
816
865
877
882
908
88
168
211
349
553
557
679
858
53
99
107
123
131
153
167
171
201
249
467
650
704
746
854
884
128
151
161
173
216
367
726
763
769
783
833
840
866
941
89
113
155
179
188
198
238
310
419
577
590
668
729
784
855
879
86
444
472
653
811
910
912
68
74
108
174
544
594
698
749
774
831
875
248
447
607
863
907
916
42
124
133
271
297
918
52
73
87
104
129
146
580
641
759
835
862
902
110
686
828
829
834
63
177
214
818
869
886
903
917
50
64
65
109
391
432
719
825
897
836
85
158
184
628
118
139
587
659
944
11
66
102
162
943
96
276
906
114
844
935
968
192
219
253
550
878
905
931
154
425
581
695
233
900
945
80
888
893
972
37
841
48
141
442
595
936
35
84
90
92
895
868
41
45
62
105
29
914
930
952
971
78
136
185
986
61
926
845
891
176
5
125
957
969
20
898
4
919
929
962
186
851
909
49
170
140
920
937
12
181
632
15
938
974
44
723
961
94
502
804
894
989
589
54
326
934
985
508
584
441
958
966
282
532
603
552
556
298
493
516
19
928
455
512
921
922
377
776
792
568
609
674
398
644
675
728
997
955
538
716
975
180
709
598
963
977
14
572
608
79
218
373
658
741
951
10
26
482
998
244
459
677
22
656
731
187
636
560
390
394
527
754
117
315
210
224
352
431
563
313
564
956
325
629
309
312
59
195
308
511
519
797
243
707
303
534
585
623
311
981
521
873
229
708
755
782
363
764
794
280
289
546
701
817
21
257
621
689
842
487
727
765
800
939
217
437
520
555
397
409
574
725
254
475
657
196
288
478
740
537
163
202
466
513
619
648
737
954
400
234
267
339
449
406
747
428
625
795
241
499
622
579
588
122
639
371
528
570
718
222
687
730
479
752
892
838
220
883
489
634
722
438
433
586
426
439
742
876
252
522
696
772
51
340
382
515
531
165
549
488
732
733
852
111
523
551
724
569
720
477
533
542
757
137
768
454
697
193
323
473
699
932
300
322
366
387
505
683
329
374
600
735
990
571
771
274
535
786
100
807
370
247
547
599
498
874
414
654
762
336
197
123
353
703
17
138
604
291
344
830
132
212
411
630
694
285
393
638
232
206
640
643
507
704
194
268
430
901
189
423
458
846
126
175
615
231
302
536
164
355
738
605
462
684
230
848
506
578
417
614
156
408
837
16
9
331
825
822
872
777
283
385
796
647
693
287
645
103
112
540
278
495
806
785
492
71
617
652
710
150
749
25
296
7
55
372
463
378
445
357
480
746
76
711
924
594
179
503
575
583
589
235
649
359
729
663
130
557
635
326
502
161
416
611
631
859
441
667
780
602
624
148
691
455
56
723
281
362
377
360
584
788
319
282
532
298
320
907
418
468
609
832
686
260
651
346
538
398
516
223
399
552
67
603
636
46
218
529
911
147
373
459
591
447
572
512
259
674
213
321
564
307
484
524
43
363
598
303
258
850
483
675
107
334
854
390
115
659
792
658
567
644
709
669
706
292
487
244
568
305
250
517
606
311
225
813
677
401
254
687
619
195
318
98
145
660
352
731
461
464
187
453
840
656
671
728
716
210
741
920
220
252
158
440
519
788
468
542
193
351
832
326
368
802
890
102
150
283
319
384
387
804
109
110
136
154
187
277
279
423
507
562
667
723
825
842
867
155
184
226
246
361
420
463
477
483
500
559
761
871
872
889
100
127
142
146
156
182
210
223
280
350
373
400
407
441
467
486
487
567
605
782
885
914
141
197
375
480
509
548
551
728
743
812
835
112
117
244
247
260
269
304
330
345
372
392
395
455
510
515
525
558
582
593
599
639
765
793
796
805
822
851
175
177
221
230
232
240
300
365
414
419
425
449
459
469
512
550
555
642
711
736
749
783
909
101
119
165
173
198
208
220
225
353
355
363
374
411
416
461
462
482
514
521
536
678
679
688
689
696
717
733
760
828
829
880
920
126
135
138
151
161
179
180
183
217
274
293
305
309
316
320
321
328
386
399
405
417
424
427
431
452
506
575
614
811
821
840
882
103
139
152
192
200
215
258
272
282
306
336
339
357
377
385
388
393
394
409
418
432
454
491
520
547
608
640
646
687
693
708
709
729
730
763
777
794
800
801
837
839
852
862
865
93
106
143
172
174
176
214
228
236
251
276
281
307
329
346
408
437
453
464
473
476
494
499
503
516
517
529
533
537
549
552
556
565
589
645
746
750
752
758
764
799
833
836
856
897
899
95
107
133
145
149
153
160
169
188
229
242
252
259
262
266
270
335
337
359
370
382
404
426
428
444
446
457
460
489
518
538
569
613
616
620
625
641
710
756
762
772
792
813
863
869
874
73
99
181
185
204
206
211
235
241
255
261
271
291
295
313
318
327
338
344
354
362
435
443
447
450
471
474
475
485
508
527
530
539
554
570
577
586
590
615
644
654
659
672
686
695
738
742
755
807
817
818
838
843
846
848
849
860
893
80
124
131
134
148
178
190
201
205
207
218
224
233
234
249
256
284
288
364
378
391
415
433
436
438
442
466
488
492
568
607
623
633
636
722
745
748
766
767
787
790
795
808
819
831
844
857
82
83
90
170
301
332
334
369
371
376
397
398
406
421
448
465
470
481
496
511
524
534
535
561
564
572
576
587
591
651
656
660
668
669
675
692
714
737
747
769
850
855
878
884
904
98
111
118
137
166
213
243
268
308
315
340
343
401
413
422
430
434
439
472
478
522
594
602
606
611
612
621
622
627
638
650
677
704
719
726
727
744
768
778
806
859
870
875
877
883
905
918
96
108
116
120
125
163
186
189
195
209
237
245
273
286
290
302
303
314
324
331
352
356
380
390
410
458
484
498
531
619
630
647
663
670
739
753
757
773
774
776
781
826
845
853
861
864
881
892
895
896
908
924
77
168
196
250
263
267
275
298
322
389
429
495
501
513
523
566
574
581
583
595
604
624
629
635
671
684
697
713
716
718
734
785
786
791
798
814
820
823
827
841
906
84
86
113
144
147
199
239
254
265
285
287
296
312
317
323
333
360
445
497
528
532
540
541
543
655
657
674
701
703
705
720
770
784
803
809
888
921
72
78
87
115
128
159
162
191
194
202
212
231
253
325
381
451
502
504
505
545
578
598
603
610
628
632
652
673
682
699
740
779
816
866
868
873
898
913
917
89
105
114
122
157
227
311
402
403
493
546
557
592
601
609
634
658
664
666
676
681
683
721
725
797
854
911
927
60
65
68
76
88
97
104
123
219
264
297
342
349
379
479
553
596
600
662
685
707
735
759
771
834
847
894
919
922
929
950
64
94
121
130
132
164
167
203
278
358
366
396
490
584
585
626
648
649
694
698
700
702
731
780
879
935
942
943
58
74
81
91
92
129
238
257
571
637
680
690
706
732
751
775
887
901
907
925
56
62
66
85
289
341
367
383
412
526
618
631
643
661
665
724
754
858
912
933
934
55
59
69
216
222
292
294
347
456
588
789
810
876
903
931
54
71
79
248
563
691
715
741
824
891
916
932
53
61
67
560
580
597
830
900
923
939
70
171
299
544
579
712
902
910
926
930
940
51
75
140
310
348
915
944
57
617
653
886
928
945
45
52
63
573
936
948
46
48
938
36
815
941
949
47
49
937
952
27
40
42
50
959
37
953
958
965
20
29
39
41
946
951
955
956
957
961
23
31
32
35
38
43
954
22
26
964
966
968
14
18
19
21
25
28
30
33
34
44
976
6
24
963
967
4
11
12
15
947
960
962
969
973
975
977
983
10
971
972
978
981
0
5
13
980
2
3
8
17
970
974
985
986
989
997
7
9
16
326
990
283
373
387
519
542
723
982
984
988
991
994
187
193
210
280
319
351
368
400
423
441
468
979
993
1
226
244
246
277
345
350
420
461
482
728
788
992
995
996
117
156
158
175
182
223
232
269
279
304
309
316
355
361
375
384
392
449
455
459
462
487
500
512
521
555
562
599
605
608
639
667
999
142
150
154
165
217
229
230
240
282
320
353
374
377
385
386
394
395
407
409
411
417
464
486
507
509
510
515
551
552
567
582
589
593
614
689
696
709
711
743
761
832
842
987
998
100
102
112
127
146
208
220
221
225
259
262
300
306
328
330
336
339
388
405
419
424
427
428
431
437
446
454
469
477
503
506
516
525
537
547
558
575
644
708
717
730
733
782
793
802
805
812
822
871
110
138
155
177
198
224
241
252
260
266
274
307
313
338
346
357
363
370
372
398
418
425
426
440
452
457
460
467
473
475
480
483
491
494
514
520
527
535
538
539
559
568
625
678
688
693
736
742
764
783
792
800
804
852
103
109
119
136
141
143
152
172
192
197
206
215
234
236
242
247
251
255
258
261
272
281
284
288
293
295
308
315
321
327
334
335
337
344
359
362
365
371
382
399
406
408
414
433
436
438
443
463
471
474
476
492
511
518
529
534
548
569
572
586
616
623
640
646
654
656
687
755
758
762
794
799
872
885
139
145
148
149
151
173
180
183
188
200
218
243
270
302
305
332
352
376
378
393
404
415
416
435
450
458
466
478
488
489
508
530
533
549
564
570
576
606
613
619
620
622
633
636
641
642
651
660
672
675
679
738
750
756
760
765
801
811
817
838
880
95
106
126
153
160
176
184
195
201
205
207
211
214
256
268
271
276
286
301
318
329
331
354
364
369
390
391
401
410
421
430
432
434
439
448
485
513
536
561
611
621
645
677
692
714
722
727
737
745
748
752
763
767
777
787
796
819
828
829
835
851
865
867
889
914
134
161
174
178
179
181
185
189
190
235
237
245
250
267
273
298
303
312
314
322
323
340
343
397
413
422
429
442
453
465
470
481
484
495
496
498
499
517
523
531
532
554
566
574
577
583
590
603
612
615
624
627
635
638
657
710
716
718
744
753
766
772
795
806
813
821
836
837
839
846
849
856
860
882
890
899
99
107
111
116
133
135
163
166
169
196
228
233
285
296
324
380
389
444
501
502
550
556
591
630
670
674
684
695
701
703
749
757
768
790
818
825
831
833
840
850
863
897
909
82
118
124
131
137
204
209
213
231
239
249
254
265
275
287
291
325
360
447
522
528
598
602
604
609
634
647
650
663
668
669
671
705
719
720
726
729
739
746
773
781
785
786
827
855
862
869
870
874
883
73
98
101
108
168
290
317
403
445
479
497
504
524
540
543
546
578
584
585
607
610
655
658
683
707
734
735
740
747
769
770
774
778
798
803
807
808
823
826
843
848
853
859
877
893
80
93
147
186
191
199
202
212
263
311
333
356
379
402
451
472
541
545
587
592
600
648
652
659
666
673
676
685
686
699
713
721
776
791
809
814
875
884
896
924
90
120
144
159
358
366
490
565
581
649
664
681
682
694
697
725
731
784
820
844
857
878
904
908
96
115
125
162
257
264
278
342
381
553
594
700
704
771
779
861
892
905
918
113
114
128
157
170
227
289
341
505
595
596
601
626
628
629
637
643
662
680
751
754
816
864
868
895
913
83
86
87
89
164
194
203
253
349
396
412
493
557
563
631
698
702
706
759
841
866
881
906
77
78
84
88
122
130
238
297
367
456
526
571
588
618
632
665
724
741
775
780
854
888
911
917
76
105
132
294
347
560
690
732
845
873
876
901
920
64
91
104
121
167
219
222
383
579
597
661
691
789
834
879
898
65
68
72
74
81
123
810
847
858
894
919
92
129
216
292
797
824
830
927
943
712
715
887
907
921
935
85
94
97
912
56
71
248
580
931
58
348
544
573
617
925
950
60
62
67
75
171
891
900
903
910
916
929
934
53
66
653
902
922
61
299
310
886
932
942
55
59
69
930
933
815
923
926
70
79
944
51
140
945
52
54
63
915
936
939
941
45
928
48
938
46
49
940
948
952
42
57
50
326
723
37
47
373
937
949
957
961
41
387
441
519
955
958
187
542
608
35
210
280
400
482
512
728
951
953
959
968
29
36
38
40
244
282
283
309
423
455
459
521
552
555
589
709
956
20
39
193
319
377
394
449
461
516
644
788
966
23
31
117
229
409
605
639
689
27
246
355
368
385
398
462
468
487
599
614
730
842
946
345
350
417
431
515
527
538
551
562
568
572
575
656
696
708
711
733
764
782
792
964
972
11
19
26
156
175
182
217
224
230
232
315
339
351
353
374
386
392
411
428
437
464
475
506
534
537
547
567
582
625
667
675
755
954
962
967
14
22
25
32
44
165
223
300
304
308
313
316
352
371
384
426
454
507
520
535
564
593
623
717
742
800
969
971
977
18
21
150
218
241
243
262
288
320
336
406
438
473
503
510
511
532
539
586
603
636
743
794
822
852
4
206
220
225
252
259
298
307
344
363
370
395
420
433
477
478
492
502
569
619
622
687
693
716
762
817
963
973
15
28
100
112
142
226
234
240
274
277
279
306
357
382
390
418
424
460
469
488
509
513
558
606
616
621
651
654
674
677
688
727
805
812
832
975
983
12
43
138
195
312
328
334
362
439
458
474
486
489
576
640
657
737
758
761
765
793
838
986
127
221
266
269
302
346
359
372
375
405
408
410
436
443
446
466
480
491
500
531
549
570
598
609
611
633
678
722
871
947
965
981
5
103
143
215
284
303
322
376
378
397
414
430
457
518
523
529
533
574
583
584
638
646
660
701
718
738
799
974
985
24
33
148
158
172
196
208
261
267
268
321
323
330
331
388
407
452
484
525
585
620
624
635
658
703
795
802
872
10
34
163
189
258
281
286
325
332
337
338
340
427
435
494
495
498
514
561
613
630
634
707
736
767
846
885
989
997
6
111
119
149
152
247
250
260
393
401
450
546
559
604
684
714
745
757
772
777
787
806
819
976
30
197
236
285
293
295
314
327
329
415
429
434
463
470
476
479
548
566
615
645
720
750
768
786
796
837
880
883
980
126
145
155
254
296
311
335
360
361
399
416
467
471
481
483
485
501
528
648
683
705
710
731
735
740
744
783
849
850
13
17
116
137
146
205
231
273
287
301
354
365
369
536
554
591
600
672
692
753
756
766
781
785
813
839
899
3
95
106
110
134
151
154
160
198
255
324
419
448
465
530
540
679
747
770
801
856
870
990
0
102
109
173
202
237
239
245
251
257
270
305
318
343
366
522
578
602
627
647
663
699
754
803
827
860
161
177
209
235
242
289
389
403
421
445
496
517
563
592
649
652
685
694
725
739
748
804
811
859
865
882
978
2
9
16
166
179
184
422
453
610
655
671
763
835
840
970
107
147
153
188
213
291
425
612
641
643
666
669
734
741
749
790
809
825
828
829
833
848
896
991
994
82
98
136
141
174
190
192
212
275
317
358
379
380
504
670
697
729
746
771
960
99
131
133
191
201
207
211
263
278
364
402
413
432
451
490
524
543
560
577
590
676
808
823
836
853
863
139
214
256
444
631
642
752
798
818
855
862
924
984
988
440
508
541
724
814
826
831
851
876
877
884
897
914
7
8
115
164
249
271
276
497
505
588
626
637
650
668
760
769
779
820
869
908
979
982
998
73
264
333
391
447
550
571
579
706
721
751
992
995
124
144
180
199
290
607
673
680
681
686
695
704
726
913
993
108
342
472
665
732
773
875
901
909
918
132
157
176
194
203
272
442
526
594
596
774
889
893
996
76
168
404
499
662
780
911
999
130
159
222
545
664
719
784
816
830
844
854
866
80
118
185
233
381
556
618
659
691
821
867
878
113
412
557
597
905
91
181
587
807
96
874
1
86
89
123
128
341
917
987
88
90
776
68
81
581
700
702
879
895
906
87
349
824
178
789
834
841
907
920
71
125
183
858
888
167
228
553
628
845
84
170
396
595
892
912
64
65
74
104
200
778
843
868
791
162
456
661
759
114
935
943
75
898
904
186
292
294
617
903
916
67
129
347
78
698
56
85
105
297
383
573
931
53
629
919
253
601
712
810
873
929
857
890
910
894
921
66
93
682
723
902
632
216
219
326
83
62
493
941
92
922
944
348
441
122
934
589
94
900
797
282
120
455
512
926
728
552
373
891
377
516
792
886
945
187
927
936
930
117
709
52
244
210
502
608
54
171
644
42
482
538
842
310
459
568
675
77
298
580
603
59
61
532
63
519
218
309
398
716
50
394
431
674
928
572
937
45
280
636
782
715
224
656
584
952
527
794
932
229
363
609
313
521
598
677
817
352
390
564
755
764
315
765
195
544
555
968
400
925
487
689
708
939
308
623
658
437
800
243
449
79
303
217
511
520
534
409
339
312
621
727
730
325
397
838
288
254
639
737
731
475
795
852
570
60
48
515
707
241
537
687
37
740
747
100
311
533
163
406
542
625
165
619
551
772
574
741
428
513
701
549
938
193
300
883
234
489
382
478
466
387
586
722
742
29
274
654
733
111
972
202
220
374
11
55
196
438
267
696
725
585
754
252
371
546
569
247
454
622
426
433
560
329
522
473
340
353
197
531
370
697
137
138
232
439
289
563
366
423
20
768
257
411
956
35
230
414
291
786
175
336
657
505
588
876
604
699
648
156
206
735
393
732
126
571
599
385
326
589
536
535
848
498
222
846
647
523
547
704
718
640
441
822
578
694
723
323
455
123
872
771
417
458
479
194
825
693
502
837
503
477
605
282
528
377
914
889
890
920
909
158
885
102
872
788
832
867
109
871
897
100
110
842
950
136
802
851
942
101
319
825
880
899
918
921
924
103
150
865
904
112
146
155
193
279
351
368
440
468
804
835
862
895
925
80
154
246
326
387
519
840
882
884
892
893
905
917
935
943
73
117
119
127
156
226
280
283
361
373
796
837
839
883
898
908
927
95
107
182
184
187
210
223
277
350
423
667
765
782
793
805
863
869
874
875
906
919
93
99
106
126
139
141
142
149
151
197
247
260
345
384
400
420
463
542
783
812
821
828
829
836
850
852
857
929
90
135
161
179
183
230
269
316
330
407
507
562
822
855
856
860
878
896
913
922
934
82
83
98
133
165
172
175
215
221
293
355
365
392
395
551
559
567
599
723
743
749
811
833
843
844
894
911
931
933
131
138
145
152
169
177
188
192
198
232
240
244
304
309
321
328
353
363
372
414
416
432
441
477
483
486
487
525
605
639
640
711
728
761
794
817
838
848
849
859
870
877
881
78
111
120
124
153
173
174
180
208
228
258
274
282
300
306
320
375
386
449
455
467
480
500
512
548
558
593
688
729
750
772
777
819
888
907
60
72
77
116
160
176
214
217
220
225
229
266
276
329
346
357
411
417
418
425
431
452
457
459
461
462
464
506
509
510
582
642
646
679
736
756
758
792
800
813
818
831
845
861
864
901
59
62
64
148
170
200
211
236
251
259
262
271
305
336
370
374
377
385
388
419
424
491
550
678
689
709
738
762
807
808
866
873
912
939
55
65
68
96
108
118
125
143
270
272
281
307
318
337
339
371
382
393
399
405
409
427
469
482
515
517
520
521
536
556
575
608
654
687
730
760
763
799
801
846
853
928
54
56
58
74
84
134
137
178
185
201
204
206
233
241
242
249
255
261
284
291
295
313
327
332
335
338
344
359
362
397
408
437
446
450
453
471
476
514
547
555
569
590
607
614
625
645
686
693
696
708
710
717
733
742
752
764
767
827
841
854
923
926
930
932
940
57
86
87
115
128
166
207
224
252
288
364
391
394
404
428
435
444
454
473
489
499
508
516
518
533
537
549
552
620
641
659
692
745
746
766
787
826
868
903
944
85
97
144
186
190
234
237
256
302
354
378
406
433
438
447
494
503
529
538
539
565
577
591
616
623
636
644
675
695
737
755
784
790
798
814
823
916
69
89
92
104
105
114
159
168
195
205
218
235
245
268
290
308
314
315
334
343
390
398
413
415
421
434
436
460
466
478
485
488
492
496
530
554
568
570
589
613
615
672
744
747
748
753
757
769
770
776
778
779
785
795
806
847
945
76
81
113
123
163
181
213
250
301
331
333
352
356
376
401
426
439
443
472
475
498
576
587
594
602
611
633
663
668
669
671
677
704
727
739
781
786
820
834
858
879
891
915
66
94
189
191
209
267
286
323
324
340
360
442
465
474
511
535
564
572
581
586
595
604
606
622
638
656
660
714
716
722
734
768
773
791
803
816
948
79
132
147
239
254
263
273
369
381
422
448
524
612
621
627
630
651
713
719
726
774
900
902
936
61
121
122
162
164
167
194
199
243
253
275
285
287
297
303
325
410
430
458
513
522
527
534
543
561
574
619
624
632
647
650
684
697
718
809
887
67
88
157
202
212
219
231
296
298
312
470
481
484
501
601
629
670
674
740
775
53
70
71
196
227
265
311
317
322
349
380
429
445
495
497
557
628
655
666
685
701
797
824
910
949
91
129
264
389
504
523
528
531
545
566
578
583
592
635
652
676
681
703
51
130
366
451
505
532
540
541
553
598
603
609
610
634
673
682
683
698
699
702
705
759
780
876
886
938
952
45
75
342
358
402
493
502
648
657
664
680
694
721
735
937
216
257
278
379
490
571
596
658
706
720
771
546
618
662
700
707
725
810
830
965
46
238
347
479
585
649
665
732
959
292
341
403
412
600
626
631
724
754
941
294
299
396
526
643
661
690
584
637
731
563
691
203
715
751
789
951
956
958
248
289
367
383
544
348
588
597
222
48
63
140
456
954
36
171
40
47
310
580
617
741
49
560
579
961
52
712
32
43
653
42
573
953
50
963
37
957
955
27
34
946
815
23
968
966
41
22
24
26
33
14
20
967
39
960
29
35
976
21
31
38
964
977
44
972
30
975
982
983
973
971
989
962
25
969
974
978
985
15
10
986
4
990
19
12
970
980
18
11
997
17
984
282
309
315
326
947
195
196
224
243
289
312
352
723
981
991
994
5
7
187
210
217
218
229
257
262
267
308
313
325
398
502
584
755
792
117
175
193
239
241
244
252
259
278
280
288
298
322
355
366
373
377
390
400
409
441
449
674
709
842
852
0
3
6
156
163
165
172
182
202
206
231
232
234
250
266
268
283
285
286
287
302
303
307
311
314
316
319
323
331
334
358
371
378
387
406
430
433
439
461
479
482
521
532
589
608
644
656
675
727
728
730
731
741
742
754
764
979
988
992
993
100
111
116
147
148
189
191
212
220
221
222
223
245
246
254
261
264
273
275
284
294
304
320
332
339
341
344
345
347
350
368
374
379
382
385
386
394
410
426
428
455
458
459
462
475
512
516
519
552
555
560
563
568
572
609
625
658
677
689
707
708
716
735
817
838
846
8
115
137
138
143
149
164
203
205
209
225
230
235
237
238
240
251
255
269
296
300
301
324
328
336
338
340
343
351
353
360
363
367
370
392
403
411
417
423
431
437
438
446
454
464
487
506
511
523
527
534
535
537
538
564
579
585
603
611
619
623
639
657
683
696
701
703
737
762
782
787
788
794
799
800
819
823
849
871
876
883
901
995
9
76
112
132
142
152
157
188
199
208
226
236
242
258
263
274
277
281
295
306
327
330
335
342
346
357
359
362
369
384
397
401
402
405
418
424
427
429
434
436
443
456
460
468
473
474
478
484
492
495
503
513
515
520
531
539
542
546
547
583
588
598
599
600
605
606
614
621
631
634
635
636
648
685
699
711
718
720
733
740
758
767
768
770
789
803
805
806
812
822
830
832
850
856
859
870
899
924
13
28
71
91
130
134
144
145
150
151
153
159
166
181
192
194
197
207
213
215
227
256
265
279
317
318
321
333
337
348
354
364
376
380
383
388
389
395
396
412
413
415
420
451
457
466
488
494
498
501
551
561
562
574
575
586
592
593
597
622
624
633
640
654
660
684
694
717
722
725
743
757
771
781
785
786
793
795
827
880
996
2
75
86
95
98
99
103
106
124
126
127
154
160
168
179
186
190
198
201
211
214
216
247
248
249
270
272
290
292
293
310
329
361
372
375
393
408
421
422
435
445
450
469
470
471
481
485
486
489
490
491
500
507
510
526
528
543
549
567
573
576
582
615
616
627
630
637
638
649
651
665
666
687
688
692
693
705
706
712
714
724
738
739
744
745
751
761
765
772
802
809
811
813
824
853
860
865
872
885
896
911
999
67
81
107
108
110
113
118
119
123
131
139
146
155
161
167
171
176
177
185
200
219
260
271
276
297
299
391
404
407
416
448
452
465
467
476
480
497
509
518
525
529
533
540
553
558
566
569
570
578
604
612
613
618
626
641
643
646
655
661
670
671
672
678
680
700
702
721
732
734
747
748
750
753
766
773
775
783
798
801
810
815
816
820
828
831
837
854
858
863
866
868
869
879
886
897
902
910
916
73
87
89
92
102
104
114
128
129
133
140
141
158
162
173
178
180
183
233
253
291
349
365
381
414
419
425
477
496
504
514
530
541
545
554
591
610
617
620
645
664
667
673
676
681
691
715
736
752
759
777
784
790
796
808
814
818
826
836
839
848
855
875
877
878
882
884
893
908
913
917
998
16
52
53
65
68
82
84
88
96
105
120
122
174
305
356
399
432
442
472
505
571
596
602
647
652
662
710
726
756
763
774
778
779
791
825
833
891
892
912
918
941
943
952
1
42
48
56
64
74
78
85
109
125
136
169
184
204
444
463
483
517
522
577
580
590
650
663
669
682
697
698
719
760
769
776
780
821
835
840
851
861
874
903
907
909
50
63
80
90
121
170
228
453
493
499
508
524
536
548
557
559
628
653
679
690
695
713
746
804
829
834
841
843
844
857
862
867
873
887
888
895
900
904
905
906
914
929
931
935
936
945
37
66
135
447
544
556
581
587
595
601
659
668
704
729
749
807
845
889
894
919
961
987
49
61
62
97
440
898
930
944
955
77
94
550
607
642
797
847
864
881
890
926
938
951
953
45
46
58
70
594
632
686
927
932
934
957
966
41
51
79
83
629
915
925
937
950
958
47
54
72
93
101
968
35
59
69
920
921
922
923
928
933
942
956
55
60
565
946
20
939
948
949
959
22
27
40
954
963
23
29
32
57
14
26
31
36
967
43
940
33
39
38
34
21
24
964
972
965
960
977
44
976
975
30
282
309
315
326
352
373
398
723
224
243
289
308
312
441
502
584
229
244
298
377
409
608
187
195
196
210
257
280
313
322
325
387
390
394
400
406
449
461
482
521
532
552
644
674
709
792
217
218
262
267
288
311
355
366
371
433
455
459
475
512
516
519
555
560
589
603
656
728
259
303
334
358
385
423
428
439
479
534
535
563
568
572
585
609
675
716
730
731
754
755
971
973
983
117
193
206
241
252
278
283
285
302
316
319
323
331
339
344
345
374
386
410
417
426
430
431
438
458
462
511
513
527
538
564
619
625
657
658
677
689
707
727
741
764
842
962
175
231
232
234
239
250
268
286
307
314
336
341
370
378
379
382
437
454
464
478
523
537
542
547
579
598
606
623
636
735
737
742
817
852
165
182
202
246
254
266
284
287
296
304
320
332
340
350
353
360
392
403
411
473
484
487
492
503
506
531
539
546
599
614
622
634
639
648
683
701
703
708
794
163
189
222
273
324
363
368
376
397
401
436
460
474
495
515
520
574
575
583
586
588
600
605
611
621
696
711
718
733
762
788
800
969
212
220
223
230
245
261
264
274
294
300
306
328
338
346
347
351
357
359
362
384
402
418
424
429
434
443
446
466
468
488
551
624
631
635
651
660
782
838
25
148
156
191
225
343
395
412
456
457
489
498
501
510
528
562
567
576
582
593
597
633
638
649
654
685
694
699
717
720
722
725
740
806
989
147
172
221
237
240
269
275
281
295
301
337
342
369
389
405
415
420
451
469
490
507
526
561
569
592
604
616
630
637
640
643
684
687
693
757
758
767
768
770
786
787
799
819
822
830
846
876
982
111
116
138
143
164
203
205
209
226
236
255
277
317
327
330
335
367
380
388
408
427
435
445
486
491
494
529
549
566
570
573
666
667
705
714
724
743
751
771
785
795
803
883
137
215
258
263
318
321
348
354
372
375
383
396
413
421
448
450
470
471
481
518
533
540
543
558
578
610
613
665
688
712
738
765
781
805
812
985
100
112
115
132
142
149
150
208
235
251
279
329
333
393
414
422
465
476
477
485
500
509
615
618
620
626
627
646
678
680
692
706
744
772
789
793
823
827
832
849
850
974
986
199
213
238
242
293
364
452
480
497
504
514
525
612
655
676
721
732
739
745
753
761
809
870
871
4
130
152
157
166
207
270
292
407
496
530
541
554
571
591
617
652
670
671
691
700
734
747
750
856
859
901
15
134
145
160
197
247
256
260
290
361
391
416
467
545
553
602
641
645
647
661
662
672
673
681
702
736
766
813
10
11
144
159
188
190
194
201
265
365
399
419
505
522
596
663
664
710
748
777
783
798
802
815
837
872
880
885
76
91
103
127
151
153
168
192
198
211
249
271
272
291
381
404
425
697
715
756
773
779
796
801
824
853
860
899
119
126
179
214
248
297
310
349
442
463
483
517
548
790
810
865
896
71
98
167
216
305
432
472
508
524
536
559
577
590
669
679
726
763
780
811
814
820
839
848
124
146
155
161
171
173
177
233
276
444
453
557
650
752
759
774
784
808
816
826
831
854
882
911
924
12
19
75
95
106
123
131
154
181
186
580
653
698
719
818
855
863
81
99
107
108
133
139
162
174
185
227
253
447
499
544
668
729
746
769
828
833
858
866
877
879
990
67
158
628
682
776
791
840
875
886
908
88
110
113
129
176
219
493
581
607
690
695
704
775
778
825
836
884
913
997
82
87
102
118
128
180
184
556
594
601
713
749
835
868
869
897
910
978
18
73
86
89
114
141
178
587
595
659
760
804
902
912
53
642
686
834
862
878
907
916
918
981
5
17
104
200
440
550
829
893
917
68
96
109
140
183
903
56
65
74
85
92
136
841
844
851
941
947
980
52
64
105
170
228
632
821
888
84
122
629
807
891
892
905
909
42
50
78
80
120
125
299
874
991
90
843
895
900
906
931
356
845
894
914
935
943
952
970
66
121
797
867
887
945
873
936
944
984
7
37
63
861
930
904
929
48
62
889
994
3
898
919
938
0
94
857
926
993
61
995
49
9
45
204
979
968
2
864
920
937
961
992
41
6
35
934
955
957
988
51
79
925
932
953
998
13
54
890
921
928
951
966
20
59
83
93
16
28
46
77
922
958
996
927
169
326
29
55
58
723
502
915
999
60
282
584
881
70
954
956
441
589
8
97
298
532
603
939
963
373
398
552
1
22
377
512
516
608
644
352
709
792
315
455
674
675
949
135
309
609
728
972
312
560
568
47
390
482
572
716
942
244
308
459
656
987
26
187
394
521
538
563
14
38
218
224
229
289
519
585
658
741
933
23
32
243
325
409
527
598
677
754
210
534
707
731
44
195
257
280
313
511
555
564
565
117
431
475
636
657
967
371
400
406
842
72
303
311
449
579
619
623
31
513
196
288
727
755
764
43
267
387
428
433
478
546
625
708
817
217
339
479
701
730
794
322
437
535
621
689
69
366
537
622
634
737
742
21
426
438
439
487
648
782
57
241
363
520
523
542
574
639
852
254
531
234
323
397
600
735
800
40
163
202
423
458
461
588
683
847
950
959
977
382
515
586
725
740
838
222
285
344
385
411
430
454
547
599
696
33
340
370
374
462
569
687
703
718
733
206
353
495
765
252
473
551
570
575
795
876
883
165
175
193
355
466
489
492
583
605
614
722
771
300
417
643
762
24
302
484
488
498
503
630
111
231
262
278
336
651
768
34
189
232
268
549
606
611
624
635
694
724
230
274
319
638
699
830
220
378
506
631
649
747
772
788
975
287
307
331
604
711
259
684
786
360
464
757
948
182
250
410
576
137
376
386
533
654
846
971
100
528
720
732
212
296
334
597
616
717
138
164
571
578
640
822
132
148
156
358
582
116
705
946
408
522
539
693
738
329
685
697
706
901
304
403
989
286
266
359
418
445
540
573
785
246
962
414
505
529
758
357
362
393
247
320
781
850
150
691
799
76
281
777
806
39
147
223
436
460
474
507
225
477
567
615
652
655
667
11
115
314
526
986
71
194
626
710
103
112
392
501
660
663
688
872
130
261
617
258
291
964
468
647
767
848
896
123
126
197
443
633
837
4
470
602
283
480
665
969
75
429
566
645
780
819
91
172
264
803
870
191
734
985
215
324
401
770
974
743
812
372
592
142
345
209
704
859
98
203
536
796
143
10
67
424
435
809
15
885
321
669
81
263
346
787
239
284
561
779
911
591
157
260
832
149
368
745
924
235
463
107
161
680
808
839
490
524
594
646
746
825
854
179
53
205
824
916
68
562
671
941
5
12
145
292
416
749
827
899
517
723
469
676
729
127
813
907
213
618
395
558
557
589
596
820
903
326
637
502
744
134
686
913
50
119
273
882
282
793
301
584
856
441
792
42
131
167
541
554
840
318
532
603
504
884
184
317
56
82
298
552
862
455
465
174
399
516
609
834
849
908
66
348
483
728
73
305
377
512
152
879
166
538
644
568
805
144
218
659
384
674
675
912
30
709
99
244
328
342
739
877
880
716
741
398
453
636
572
677
86
658
835
85
199
337
117
187
447
472
481
918
95
751
129
195
275
173
459
293
598
731
390
88
910
332
350
593
37
373
151
973
519
550
794
920
754
814
866
968
74
87
110
858
917
929
765
816
860
871
755
998
303
210
289
548
104
937
990
782
800
817
133
158
249
363
656
960
431
485
902
237
764
944
842
311
727
482
63
394
521
865
309
623
163
511
106
527
254
325
619
310
313
833
564
587
113
155
352
733
681
853
826
844
845
343
740
608
747
202
217
25
165
487
520
109
537
876
312
412
687
315
621
308
708
451
513
610
931
160
224
306
409
560
730
89
389
725
381
41
54
883
96
354
570
707
766
100
220
371
689
397
428
721
52
823
229
252
795
838
928
65
62
852
935
280
563
571
965
997
84
466
761
243
489
772
382
433
221
528
926
193
678
138
257
737
625
905
29
515
232
277
546
111
423
718
522
936
533
534
585
600
19
551
574
724
963
196
478
945
35
137
340
768
406
473
48
20
549
701
714
588
607
437
703
234
505
207
699
241
288
236
491
648
366
385
400
547
742
365
595
697
222
628
956
475
569
722
654
732
828
449
855
958
123
206
355
525
848
604
339
906
329
647
171
683
267
578
922
444
639
417
846
461
575
586
615
661
132
620
735
198
439
694
529
555
837
943
786
888
952
477
492
691
901
279
360
523
464
140
247
649
291
323
631
634
579
897
302
498
531
898
164
426
802
7
454
667
17
640
704
170
414
771
344
594
815
300
458
696
723
233
589
370
76
197
693
445
45
415
480
757
230
474
657
869
268
274
296
488
738
470
462
362
216
326
372
484
921
102
418
408
159
287
645
194
502
150
378
878
616
829
441
283
584
103
403
219
972
334
895
812
64
822
189
261
374
393
218
717
156
630
67
331
709
455
126
609
298
532
624
638
353
785
278
503
636
495
643
211
282
617
684
538
115
859
359
377
468
825
223
536
411
544
611
556
743
663
116
658
830
401
438
603
71
351
792
235
9
982
320
91
798
94
212
285
396
788
321
572
653
622
939
674
516
652
746
136
497
803
213
44
606
981
98
225
346
749
188
872
916
147
677
711
68
161
754
675
258
303
158
788
440
832
890
351
368
387
519
279
326
468
802
155
193
223
277
319
361
420
423
761
804
825
867
871
150
184
187
280
283
373
384
463
542
889
914
136
182
226
246
345
350
392
483
723
782
835
872
885
154
156
260
304
395
407
441
507
796
842
909
102
109
110
197
210
230
244
247
269
293
300
316
372
374
375
400
414
416
477
487
500
562
728
743
765
793
805
812
821
880
127
142
146
175
215
328
330
353
363
419
459
559
667
783
822
828
829
851
101
141
165
180
183
208
220
221
225
232
240
258
274
305
320
321
339
357
365
417
431
449
452
455
467
480
509
510
512
548
733
839
840
882
920
112
117
135
173
177
179
198
228
270
282
307
309
346
355
377
385
386
399
405
418
425
432
462
486
514
515
525
582
593
639
711
729
736
749
760
762
777
799
801
811
833
837
862
865
897
899
100
126
151
176
204
217
252
272
276
281
306
335
336
393
394
408
411
424
461
482
506
536
551
558
567
599
717
746
750
758
764
794
836
863
103
106
107
119
138
139
145
152
160
161
169
192
214
236
242
259
262
291
313
337
338
359
382
388
409
427
428
437
446
453
454
464
469
555
575
605
646
678
689
696
708
730
752
800
819
850
852
857
95
133
172
174
188
200
234
251
266
295
327
329
332
362
370
397
415
435
438
457
473
476
520
550
565
642
679
688
693
709
710
755
756
772
792
807
808
813
818
843
848
849
856
874
893
153
178
205
206
211
224
229
233
241
249
255
261
271
288
318
354
371
398
404
442
460
488
491
516
517
521
539
687
695
763
767
787
817
831
838
844
860
869
884
143
148
149
170
190
201
207
218
235
256
284
301
308
334
369
376
391
406
426
444
474
489
492
494
503
518
529
533
547
556
614
620
640
654
686
738
742
747
795
845
853
859
861
870
877
905
908
924
80
93
99
131
134
185
268
331
340
344
356
364
401
433
434
447
448
450
465
475
485
496
499
511
527
537
538
549
552
569
589
608
625
644
645
659
672
745
748
766
768
769
776
814
846
855
875
878
881
883
904
918
111
181
189
195
213
237
254
286
302
314
315
333
343
378
413
422
436
443
466
471
508
530
564
570
607
641
651
722
737
744
753
757
790
806
826
82
90
120
137
163
166
245
250
285
290
303
317
324
352
380
390
410
421
470
478
498
522
524
554
568
572
577
590
594
615
616
623
656
692
714
774
778
784
785
786
798
820
827
841
854
864
873
892
895
896
921
73
108
124
125
186
265
267
273
275
323
381
430
481
535
586
587
611
613
636
663
669
677
704
716
719
726
727
734
739
770
773
779
781
791
803
809
823
888
898
913
950
83
96
98
118
144
147
162
168
196
199
209
212
239
243
263
297
298
439
472
534
561
576
591
602
606
629
633
638
660
668
670
671
701
718
866
906
917
927
77
116
194
231
264
287
296
311
312
322
349
389
429
445
451
458
484
497
528
619
622
675
684
697
816
868
879
919
942
78
105
113
128
191
253
360
493
495
501
505
513
523
566
581
604
621
627
630
647
650
682
705
740
759
780
797
847
894
911
84
157
159
219
325
358
502
504
531
540
541
543
574
612
624
632
713
925
72
87
122
123
202
292
366
402
545
578
583
595
598
628
635
652
655
666
673
674
699
720
735
834
64
86
115
167
227
342
532
557
601
657
676
681
700
703
721
725
771
876
901
907
912
922
929
943
65
88
94
114
130
132
164
341
379
553
596
603
634
662
685
694
698
702
707
731
858
931
933
935
60
74
85
92
104
121
129
238
278
396
403
479
592
610
658
664
683
706
934
59
68
97
257
490
546
648
680
724
732
775
903
916
62
76
89
203
216
571
609
643
690
751
887
900
932
939
91
383
600
649
789
810
824
926
940
66
79
81
347
367
585
626
631
661
665
754
54
55
56
58
289
294
618
830
928
930
526
563
637
715
891
902
69
310
412
456
544
584
691
923
71
222
299
910
915
57
248
348
61
588
67
741
944
140
936
75
560
886
945
948
53
580
597
617
712
938
51
579
937
70
171
949
45
941
46
653
573
952
965
959
52
956
48
63
815
958
40
954
36
951
961
946
47
49
32
42
953
50
27
43
963
957
37
34
968
966
955
41
33
23
24
26
22
967
14
20
29
35
38
21
960
39
976
31
964
44
30
977
972
982
975
25
989
971
974
15
10
969
4
986
985
973
7
440
519
788
158
387
468
832
351
368
542
667
890
193
420
423
463
507
802
804
825
150
319
326
384
407
483
500
559
562
102
136
155
246
277
279
361
373
400
441
477
487
509
723
761
793
867
872
154
184
187
223
283
330
345
350
414
416
459
525
548
567
593
605
743
782
842
889
110
156
182
197
226
372
392
395
431
467
510
512
551
582
599
639
728
736
765
796
805
812
840
871
179
210
247
280
304
316
374
417
419
425
432
449
452
461
469
476
480
482
486
506
514
536
642
678
689
711
729
733
749
783
828
835
885
914
109
142
146
173
175
180
183
215
260
269
305
336
353
365
375
385
455
462
464
491
515
547
550
558
575
646
679
688
709
821
822
829
851
909
100
101
112
117
127
192
198
220
230
240
244
293
300
320
321
328
339
346
355
357
363
386
399
405
408
409
418
424
428
446
454
473
516
517
520
529
552
555
556
565
569
614
640
645
708
710
750
752
758
794
837
865
139
151
204
217
225
282
306
309
362
377
388
393
411
426
427
435
453
457
489
492
518
521
533
537
538
590
625
654
687
693
696
717
730
746
760
762
763
764
777
799
800
811
839
852
856
862
897
103
133
135
138
141
152
153
160
165
177
221
228
232
251
258
274
281
307
329
335
371
382
394
397
404
415
437
438
460
471
488
494
499
503
508
530
539
549
568
570
577
589
607
608
615
623
644
686
755
756
792
807
813
818
833
863
880
882
899
920
107
119
126
145
149
161
172
208
214
242
262
270
272
295
337
338
359
370
406
434
442
450
465
474
475
485
496
511
527
616
659
672
692
695
738
772
801
836
849
857
106
169
176
200
211
229
236
252
261
266
271
276
288
291
313
318
327
332
364
433
436
444
447
466
524
564
572
576
586
587
591
594
611
620
633
641
677
722
742
757
767
787
790
808
817
838
843
848
850
95
166
170
174
185
224
233
234
255
259
268
354
356
369
376
391
398
401
421
443
470
472
478
498
522
535
554
606
622
636
651
656
669
737
747
748
753
766
769
795
819
831
844
860
874
878
111
131
148
188
206
207
241
249
256
308
334
340
413
430
439
481
534
602
604
612
613
619
638
663
668
670
675
704
714
719
726
727
744
745
774
776
846
855
869
893
904
905
93
99
108
143
178
181
190
205
218
235
250
284
301
331
333
343
344
378
410
422
448
458
484
495
497
501
561
581
624
627
630
660
671
684
716
718
739
768
778
781
784
785
791
798
806
826
827
859
861
877
881
883
884
98
120
124
134
189
195
201
213
237
245
285
303
314
315
380
390
493
505
513
528
541
543
545
557
566
595
629
632
647
650
682
697
701
734
770
773
786
803
841
864
870
875
918
924
73
80
82
90
125
137
163
254
302
352
381
389
445
451
523
574
601
603
621
628
655
713
740
779
814
820
823
845
853
854
892
908
921
83
96
118
168
186
239
273
275
286
290
297
324
349
429
531
540
583
598
652
657
676
721
797
816
873
895
898
906
78
116
144
191
209
253
263
265
298
311
317
323
360
502
504
578
634
635
666
673
674
699
705
720
725
896
917
77
123
147
157
162
196
199
212
231
243
287
402
490
553
592
596
681
685
700
703
759
780
809
847
866
879
888
913
105
113
115
128
194
202
267
296
312
322
532
546
610
648
658
664
694
702
735
775
868
894
927
950
84
87
122
167
219
264
292
325
366
479
571
585
609
643
662
680
683
698
706
707
731
771
834
911
919
72
104
159
164
396
618
626
724
732
907
922
925
929
942
60
88
94
97
121
129
130
227
342
379
403
600
631
661
665
690
901
74
86
358
526
649
858
903
943
59
64
68
89
92
114
132
257
544
584
637
751
754
876
912
931
933
935
62
278
341
347
383
563
810
824
65
85
412
456
588
715
789
932
934
91
238
691
900
916
55
58
69
76
79
81
216
830
887
902
926
939
54
57
367
597
891
928
940
56
66
294
580
741
71
203
299
712
910
923
61
140
222
289
310
560
930
248
348
617
886
915
67
579
945
75
944
171
936
51
53
948
70
653
45
573
938
937
949
46
965
941
952
63
959
52
956
48
815
958
40
951
954
36
47
32
961
49
946
42
50
43
27
953
37
34
963
957
33
968
23
966
955
22
41
24
26
39
14
20
967
976
35
29
38
31
21
960
964
30
44
977
972
982
975
25
971
989
983
973
15
10
974
985
978
969
4
962
986
7
990
788
158
440
468
519
387
542
832
351
368
667
890
150
193
507
802
804
825
102
136
423
463
559
562
155
246
279
319
326
384
407
420
483
487
500
525
605
723
793
872
110
154
156
184
187
223
277
330
400
441
459
477
509
548
567
593
761
782
842
867
179
182
226
283
361
373
414
467
512
551
599
639
736
743
765
796
805
812
840
871
889
109
142
146
183
197
210
345
350
395
416
431
432
449
480
506
510
536
582
642
678
679
688
689
711
728
729
733
749
783
100
101
112
117
127
173
175
180
215
247
280
316
372
374
392
417
419
425
452
455
461
462
469
476
482
486
491
514
515
547
550
556
558
614
646
709
828
829
835
885
914
139
151
192
198
220
244
260
269
304
305
336
365
409
446
464
516
517
520
529
537
552
555
565
569
575
590
645
708
750
752
758
794
821
822
837
851
865
909
103
133
135
138
141
153
160
177
204
217
225
230
240
282
293
306
320
321
328
346
353
357
375
385
405
408
454
473
489
492
518
521
533
538
607
608
625
640
654
693
710
717
730
760
762
763
800
811
839
852
856
862
119
126
145
149
152
161
165
221
300
309
339
355
362
363
377
386
388
393
399
418
424
426
427
428
435
453
457
471
494
499
508
530
539
568
570
577
615
623
644
687
696
746
755
756
764
777
792
799
807
813
818
833
863
897
107
169
172
208
211
228
232
251
258
274
281
329
335
371
397
404
411
415
434
437
438
450
460
465
485
488
503
511
549
572
589
611
616
659
686
692
695
738
772
790
836
849
857
880
882
899
920
95
106
166
170
176
200
214
229
236
261
262
270
271
272
295
307
338
364
370
382
394
406
436
442
447
466
474
475
496
524
527
564
576
586
587
591
594
620
622
633
641
656
672
677
742
757
767
787
801
808
817
838
843
848
850
99
111
131
148
174
185
188
242
252
255
266
268
276
288
291
318
337
421
433
444
472
498
522
535
554
604
606
612
636
669
675
722
737
748
753
766
769
795
831
844
860
874
878
108
181
206
224
233
234
241
313
327
332
359
376
391
398
401
439
443
470
478
534
581
619
624
638
651
663
668
670
704
714
719
727
744
747
774
776
846
855
869
904
93
98
120
124
143
178
190
205
207
235
249
250
256
259
308
354
356
369
413
430
481
484
497
501
545
561
595
602
613
627
630
660
671
684
716
718
726
739
745
768
778
781
784
785
791
798
819
826
827
859
861
877
881
883
884
893
905
73
90
125
134
163
189
195
201
213
218
237
245
284
301
331
333
340
410
422
448
458
495
513
528
541
543
557
566
601
629
632
647
650
701
734
770
773
786
803
806
841
864
870
875
80
82
96
116
118
137
168
334
343
344
378
381
390
493
505
574
603
621
628
655
682
697
713
721
740
820
823
845
854
892
918
921
924
83
144
186
239
254
285
302
303
314
315
352
380
389
445
451
523
531
583
598
652
657
676
779
797
814
816
853
895
898
906
908
78
123
191
209
253
263
273
275
286
290
297
349
429
540
634
635
674
699
703
725
873
77
105
113
115
128
147
157
162
199
298
311
323
324
490
502
504
553
578
592
596
648
666
673
681
685
700
705
720
775
780
809
847
896
917
84
87
122
194
196
202
212
231
243
265
287
317
360
402
532
610
658
664
694
702
735
759
866
868
879
888
894
913
72
104
159
164
167
219
267
479
546
571
585
609
643
662
680
683
698
706
834
927
60
94
97
121
129
264
292
296
312
322
325
366
618
626
665
707
724
731
732
771
907
911
950
88
89
130
227
526
600
631
661
690
901
919
922
925
929
74
86
92
114
132
342
379
396
403
584
637
649
754
858
903
942
59
62
64
68
257
544
751
912
931
935
943
278
563
810
824
876
933
65
85
91
358
383
412
456
588
715
789
69
81
238
341
347
691
830
900
932
934
55
58
76
79
216
597
887
891
902
54
56
57
916
939
71
580
741
926
928
66
140
294
712
923
940
61
299
367
886
910
67
75
203
222
560
617
248
289
310
579
915
930
945
171
348
51
936
944
53
70
948
653
45
573
938
937
46
949
952
965
63
941
52
956
959
48
815
40
958
951
36
47
954
32
49
961
42
43
50
946
27
34
37
953
963
957
33
23
968
955
22
41
26
966
24
39
14
20
967
976
35
38
29
31
21
960
964
30
44
972
977
982
975
25
971
989
983
973
15
10
985
974
978
962
4
969
986
7
990
158
440
468
519
788
387
542
832
351
368
667
890
150
507
802
804
825
102
136
193
423
463
559
562
154
155
246
319
326
384
407
420
487
500
525
567
605
872
110
187
277
279
361
400
477
483
509
548
593
639
723
782
793
842
867
889
156
179
182
184
223
226
283
330
373
414
441
459
467
512
551
599
743
761
796
805
871
100
109
142
146
183
197
210
316
345
350
395
416
432
449
480
486
506
510
582
642
688
728
736
749
765
783
812
840
885
101
112
117
127
151
173
175
180
247
280
372
374
417
425
431
455
461
462
469
476
482
491
515
536
547
550
556
558
569
614
646
678
679
689
709
711
729
733
828
835
914
103
139
141
192
198
215
220
244
260
269
304
305
353
365
392
419
452
464
514
517
520
521
537
552
555
565
575
590
640
645
758
821
822
829
837
851
865
909
133
135
138
153
177
217
225
230
240
306
309
320
328
336
346
355
363
375
385
386
388
405
408
409
424
446
454
457
473
489
492
516
518
529
533
538
607
608
625
654
708
710
730
750
763
794
800
839
852
856
862
119
126
145
149
152
160
161
165
204
221
282
293
321
357
362
371
377
399
418
426
427
428
435
453
471
499
503
508
530
539
549
568
570
577
615
616
623
644
687
693
696
717
752
756
760
762
764
792
811
818
863
897
920
107
169
172
208
228
232
251
258
274
281
300
329
339
382
393
397
411
437
438
450
460
485
488
494
572
589
591
611
659
686
692
738
746
755
772
777
799
807
813
833
836
849
880
882
95
106
131
170
174
176
200
211
214
229
236
262
271
272
295
307
335
338
364
370
394
404
406
415
434
442
447
465
466
472
474
475
496
511
524
527
535
564
576
586
587
594
620
622
633
636
641
656
672
677
695
742
767
790
801
817
838
843
848
857
899
99
111
148
166
185
188
242
252
261
266
268
270
276
288
291
313
318
327
332
337
421
433
436
444
478
498
522
554
604
606
612
669
675
722
737
748
757
766
787
808
844
850
860
874
878
93
98
108
124
181
206
224
233
234
241
255
359
376
391
398
439
443
534
581
602
613
619
624
638
651
663
668
704
714
727
744
753
769
795
831
855
869
904
73
120
134
143
190
201
205
207
249
250
256
259
308
354
356
369
401
413
430
458
470
481
484
501
543
545
561
595
627
630
660
670
671
684
716
719
726
739
745
747
774
776
784
785
798
819
846
859
861
864
877
881
883
884
893
905
80
82
90
96
125
163
178
189
195
218
235
237
245
284
301
340
378
410
422
448
495
497
513
528
541
557
566
574
601
629
632
647
650
718
734
768
770
773
778
781
786
791
803
806
826
827
870
875
83
116
118
137
168
213
331
333
334
343
344
381
390
505
583
621
628
655
682
697
701
713
740
820
823
841
892
918
921
924
78
144
186
191
239
254
285
302
303
314
315
352
445
451
493
523
531
598
603
652
676
721
779
797
814
845
853
854
895
898
906
908
77
123
209
253
263
273
275
286
290
297
323
349
380
389
429
540
553
578
592
634
635
657
674
699
703
816
873
84
87
105
113
115
122
128
147
157
162
194
199
298
311
324
360
490
502
504
532
596
648
664
666
673
681
685
700
705
720
725
775
780
847
896
917
72
167
196
202
212
231
243
265
287
317
402
546
571
609
610
658
694
702
759
809
866
868
879
888
894
913
60
104
121
159
164
219
267
296
585
618
680
683
698
706
735
834
927
89
94
97
129
264
292
312
322
325
366
479
526
626
643
662
665
707
732
771
907
911
919
929
950
74
86
88
92
114
130
132
227
379
600
631
661
690
724
731
901
922
925
62
64
68
342
396
403
584
637
649
858
903
942
59
257
544
754
912
931
935
943
65
85
278
358
563
751
810
824
876
933
69
91
347
412
588
715
789
55
58
76
79
81
341
383
456
691
830
900
932
934
56
57
216
238
597
887
891
902
54
71
580
916
939
66
299
926
928
61
140
294
367
712
741
923
940
67
75
203
560
617
886
910
222
579
930
248
289
310
348
915
945
51
171
944
53
936
70
653
948
45
573
938
937
46
949
63
952
965
941
52
48
956
959
815
40
47
958
32
36
951
49
954
43
42
50
961
946
27
37
34
953
963
957
33
23
955
41
968
22
26
24
966
39
14
20
967
35
976
29
38
31
21
30
960
964
44
977
972
982
975
25
971
989
983
973
15
10
985
974
962
978
4
969
986
7
17
990
12
158
519
788
440
468
832
387
542
351
368
667
890
136
150
193
423
507
559
562
802
804
825
102
319
463
154
155
246
279
326
384
407
420
483
487
500
509
525
567
593
605
723
793
872
110
156
182
184
187
223
277
330
361
373
400
441
459
477
548
551
599
639
761
782
842
867
889
179
197
210
226
283
350
414
416
467
512
582
736
743
765
783
796
805
812
840
871
100
109
117
142
146
183
316
345
372
395
417
431
432
449
469
480
486
506
510
536
547
550
558
642
678
679
688
689
711
728
729
733
749
885
101
112
127
151
173
175
180
215
247
260
269
280
304
365
374
392
419
425
452
455
461
462
476
482
491
514
515
520
556
569
575
590
614
646
709
822
828
829
835
837
914
103
139
141
192
198
217
220
230
240
244
305
328
336
346
353
375
385
409
446
464
516
517
518
521
529
537
552
555
565
625
640
645
654
708
750
758
794
821
851
852
865
909
119
126
133
135
138
149
152
153
160
161
177
204
221
225
282
293
306
309
320
321
355
357
363
386
388
405
408
418
424
435
454
457
473
489
492
499
533
538
568
570
577
607
608
623
687
693
710
717
730
752
760
762
763
800
811
839
856
862
897
145
165
228
232
251
274
281
300
329
339
362
371
377
393
397
399
411
426
427
428
438
453
460
471
494
503
508
530
539
549
589
615
616
644
696
746
755
756
764
777
792
799
807
813
818
833
863
880
920
106
107
169
172
200
208
211
214
229
258
272
307
335
382
404
415
434
437
450
465
485
488
496
511
527
572
576
586
587
591
611
633
659
672
686
692
695
738
742
772
790
801
836
849
857
882
899
95
111
131
166
170
174
176
236
242
261
262
266
270
271
291
295
337
338
364
370
394
406
436
442
447
466
472
474
475
524
535
554
564
594
620
622
636
641
656
669
677
757
767
787
808
817
838
843
848
850
99
108
148
185
188
224
234
241
252
255
268
276
288
313
318
327
332
359
421
433
443
444
478
498
522
534
604
606
612
619
638
668
675
704
722
737
748
753
766
769
795
831
844
860
874
878
93
98
124
143
181
205
206
207
233
259
354
356
376
391
398
401
439
470
581
595
602
613
624
627
651
660
663
670
684
714
716
719
726
727
744
747
774
776
819
846
855
869
904
73
90
120
134
178
190
195
201
218
235
249
250
256
284
308
369
410
413
430
458
481
484
495
497
501
513
543
545
557
561
630
650
671
718
739
745
768
773
778
781
784
785
791
798
826
827
859
861
864
877
881
883
884
893
905
80
82
96
118
125
137
163
189
213
237
245
301
331
333
334
340
343
344
378
422
448
528
541
566
574
601
621
629
632
647
697
701
713
734
740
770
786
803
806
841
870
875
918
924
83
116
168
285
303
314
315
381
390
445
493
505
523
583
598
603
628
655
682
721
779
820
823
845
854
892
906
921
78
144
186
191
209
239
254
302
352
380
389
451
531
540
652
657
676
797
814
816
853
895
898
908
77
113
115
123
128
147
253
263
273
275
286
290
297
323
324
349
429
490
502
553
578
592
596
634
635
673
674
685
699
703
720
725
775
873
84
87
105
122
157
162
194
196
199
212
231
243
287
298
311
317
360
504
532
610
648
664
666
681
700
705
780
809
847
896
913
917
72
159
167
202
219
265
267
402
546
571
585
609
658
694
702
735
759
866
868
879
888
894
927
60
104
121
129
164
264
296
312
479
618
643
662
680
683
698
706
707
834
950
88
89
94
97
292
322
325
366
526
600
626
665
724
731
732
771
907
911
919
929
74
86
92
114
130
132
227
342
379
631
649
661
690
901
922
925
942
62
64
68
396
403
584
637
754
858
903
59
257
544
751
810
912
931
933
935
943
65
85
278
358
563
824
876
69
81
91
341
347
383
412
456
588
691
715
789
55
58
76
79
238
830
900
932
934
54
56
57
216
597
887
891
902
66
71
580
916
928
939
299
712
741
923
926
61
140
294
367
940
67
75
203
222
560
617
886
910
579
930
171
248
289
310
348
915
945
51
944
53
936
70
653
948
45
573
938
937
46
949
63
941
952
965
52
48
956
959
815
40
47
951
958
32
36
49
954
43
961
42
50
946
27
37
34
953
963
957
33
23
968
955
22
26
41
24
966
39
14
20
967
35
976
29
38
31
21
960
964
30
44
977
972
982
975
25
971
989
983
973
15
10
974
985
978
962
4
969
986
7
