47
68
84
70
73
79
80
85
77
74
71
83
40
41
67
58
69
44
57
60
65
34
45
76
26
37
48
66
78
81
82
46
61
15
49
50
63
88
11
32
43
56
64
51
53
86
14
38
42
59
89
12
62
75
4
17
19
36
39
52
54
72
55
16
23
30
21
28
29
13
87
91
24
27
9
22
5
10
18
20
92
25
33
6
8
35
31
7
2
94
90
93
3
1
95
97
99
98
96
0
47
68
84
70
73
79
80
85
77
74
71
83
40
41
67
58
69
44
60
65
34
45
57
26
37
48
66
76
78
81
82
46
61
49
15
43
50
63
88
11
32
56
64
38
51
53
86
89
14
42
59
12
36
62
75
17
19
39
52
54
4
72
55
16
30
21
23
28
29
13
91
87
24
27
9
22
10
18
20
92
5
33
25
6
35
8
31
94
7
93
2
90
3
1
95
97
99
98
96
0
47
68
70
73
79
77
80
84
71
74
85
26
67
11
37
41
45
57
58
60
69
83
15
34
40
44
48
65
76
78
81
82
4
14
38
43
46
49
56
61
63
66
12
19
50
51
52
53
64
86
13
17
23
27
32
42
54
62
89
8
16
28
29
36
39
55
59
75
88
9
10
18
21
30
72
87
5
6
22
24
7
20
33
25
35
91
2
31
92
3
1
90
94
93
95
97
99
96
98
0
47
68
70
84
73
85
77
79
80
74
40
41
67
71
83
34
44
45
58
65
69
37
57
60
26
48
76
78
81
82
66
46
61
11
15
43
49
50
63
88
32
38
56
64
51
53
86
14
42
89
12
59
62
4
17
36
39
52
54
75
19
55
72
23
30
16
21
28
13
29
27
87
24
91
9
10
20
22
5
18
92
25
33
8
35
6
31
7
94
93
2
90
3
1
95
97
99
98
96
0
47
68
44
45
34
37
41
67
70
77
79
38
40
58
73
74
80
84
85
11
60
66
71
76
81
82
43
53
63
64
65
78
83
86
12
23
49
50
54
55
56
57
69
4
8
14
15
26
27
36
42
46
48
51
61
88
5
10
17
28
32
39
52
59
62
89
13
21
35
87
9
16
19
29
30
18
24
31
33
72
75
6
22
25
91
2
7
20
92
3
90
1
93
94
95
97
99
96
98
0
47
68
44
45
34
37
40
67
77
41
70
74
80
85
58
73
79
84
38
60
81
66
71
76
78
82
86
11
43
53
63
64
65
83
69
88
23
46
48
49
50
54
55
56
57
12
26
36
61
14
15
27
32
42
51
89
4
10
17
28
39
52
59
62
5
8
21
30
35
87
13
16
19
29
75
9
31
33
72
24
91
25
6
18
22
92
20
2
3
7
93
94
90
1
95
97
99
98
96
0
11
8
37
45
70
77
79
4
15
27
38
47
67
68
14
23
26
34
43
73
74
80
85
12
13
41
44
58
60
78
81
82
84
86
5
10
17
28
40
48
49
51
52
53
55
56
57
63
71
76
6
7
9
18
19
21
29
35
46
54
64
65
66
69
83
32
36
39
42
62
87
16
22
24
30
31
33
50
61
89
2
20
25
59
88
75
72
3
91
92
1
90
94
93
95
97
96
99
98
0
47
68
77
79
11
37
45
67
70
34
38
41
44
73
74
80
84
85
4
8
14
15
23
26
27
40
43
58
60
71
78
81
82
86
12
48
49
51
53
56
57
63
65
69
76
83
10
13
17
19
28
46
52
54
55
64
66
5
9
21
29
32
36
39
42
50
61
62
87
6
7
16
18
24
30
35
88
89
22
31
33
59
2
20
25
72
75
91
92
3
1
90
94
93
95
97
99
96
98
0
11
47
68
70
77
79
37
45
67
15
34
38
41
44
73
74
80
84
85
4
8
12
14
23
26
27
40
43
58
60
71
76
78
81
82
86
46
48
49
51
53
56
57
63
65
66
69
83
5
10
13
17
19
28
42
52
54
55
64
9
21
29
32
35
36
39
50
61
62
87
88
6
7
16
18
24
30
33
59
89
22
31
2
20
25
72
75
91
92
3
1
90
94
93
95
97
99
96
98
0
11
45
47
68
70
77
79
34
37
67
73
74
80
85
4
8
15
26
38
41
44
60
81
84
12
14
23
27
40
43
58
63
71
76
78
82
86
13
17
28
46
48
49
51
52
53
54
55
56
57
65
66
69
83
5
10
19
21
36
39
42
61
64
6
9
18
29
30
32
35
50
62
87
88
89
7
16
24
31
33
59
20
22
25
72
75
2
91
92
3
1
90
94
93
95
97
99
96
98
0
11
45
47
68
70
77
79
34
37
67
73
74
80
85
4
8
14
15
26
38
40
41
44
60
81
84
12
23
27
43
49
58
63
71
76
78
82
86
10
13
17
28
46
48
51
52
53
54
55
56
57
64
65
66
69
83
5
19
21
36
39
42
50
61
6
9
18
29
30
32
35
62
87
88
89
7
16
24
31
33
59
20
22
25
72
75
2
91
92
3
1
90
94
93
95
97
99
96
98
0
26
27
37
41
44
45
47
67
11
14
15
17
23
34
38
40
49
53
56
68
70
73
77
78
79
18
19
21
28
29
30
32
33
36
42
43
48
50
51
52
55
57
58
60
63
65
69
71
74
10
12
13
20
22
24
25
31
35
39
46
54
59
61
62
64
66
76
80
81
84
85
4
7
8
9
16
82
83
5
72
75
86
6
87
2
88
89
3
1
91
92
90
93
94
95
97
96
99
0
98
47
45
44
49
53
37
41
48
56
26
40
50
51
52
55
57
67
68
15
27
34
38
43
54
70
23
46
58
60
63
73
11
14
17
21
42
65
18
19
28
32
36
61
69
71
24
29
30
62
64
66
20
31
33
39
59
74
13
22
25
35
77
12
16
79
10
72
78
76
80
9
81
75
8
4
7
84
5
82
83
85
6
86
2
87
3
88
89
1
91
92
90
44
47
50
40
45
54
41
43
48
53
37
42
49
51
56
39
46
55
94
52
57
59
27
38
65
32
62
35
93
30
33
60
63
31
23
67
26
28
29
34
58
69
70
73
36
71
19
17
61
15
21
22
24
64
25
66
18
68
20
74
79
10
12
13
72
76
11
14
80
82
16
78
81
9
77
75
84
5
7
86
83
4
95
8
87
0
97
96
6
85
98
44
45
99
2
89
47
48
42
50
39
41
43
51
3
49
55
37
40
53
54
46
52
56
59
27
38
65
30
31
33
35
63
57
32
62
88
28
58
92
23
60
26
29
19
70
91
24
34
22
73
64
21
67
71
18
66
36
68
17
69
25
61
1
15
10
74
79
20
12
90
72
76
13
75
94
16
80
11
78
82
9
14
48
83
45
81
44
42
51
5
40
49
4
37
47
39
93
50
55
41
43
33
53
77
86
7
52
56
38
65
8
87
54
35
6
31
27
63
84
59
46
29
30
58
23
62
28
60
24
32
26
19
57
3
34
89
22
67
73
64
21
0
66
96
2
27
18
37
53
17
21
26
30
14
15
23
25
29
33
40
41
44
20
24
31
32
34
36
50
67
78
19
38
42
45
49
56
69
79
84
11
13
22
35
47
48
55
57
63
4
5
7
9
28
43
59
60
65
68
70
73
77
81
8
10
39
46
51
52
54
58
61
62
71
76
80
82
83
85
12
16
72
74
87
2
6
64
66
75
86
3
88
89
1
91
92
90
94
93
95
97
96
0
99
98
27
15
26
37
14
17
18
21
23
11
29
30
34
40
41
44
19
24
25
32
33
38
45
13
20
22
28
31
36
42
47
53
67
10
12
35
43
49
68
78
79
9
16
39
48
50
56
63
69
70
73
77
46
55
57
60
65
71
74
7
8
51
52
54
58
76
80
81
4
5
59
61
62
64
66
72
84
75
82
83
85
6
86
2
87
3
88
89
1
91
92
90
93
94
95
97
0
96
99
98
37
27
53
15
44
45
23
26
47
41
67
14
18
11
17
34
21
40
38
79
50
56
78
49
30
29
48
42
55
63
68
77
33
36
13
24
25
43
31
32
57
73
51
69
19
52
70
84
54
65
20
28
60
10
9
58
81
22
39
46
8
4
12
35
80
71
74
7
62
85
59
5
61
83
72
76
82
16
66
64
75
86
6
87
2
3
47
53
49
50
48
51
56
44
45
88
52
55
57
41
54
46
43
40
37
60
61
67
70
27
42
59
68
17
15
63
26
58
62
65
38
23
34
32
69
19
21
36
30
28
24
73
22
20
14
18
64
39
29
33
66
31
71
25
88
89
84
91
92
4
82
85
87
90
93
86
94
1
2
5
83
8
3
6
95
7
79
97
81
77
78
11
80
96
99
76
9
14
37
98
0
10
15
23
26
27
29
74
12
13
17
18
21
25
30
31
33
34
35
38
75
28
36
40
41
19
20
24
32
45
67
70
71
73
16
22
39
43
44
63
68
42
69
53
60
64
65
47
55
56
58
59
62
66
72
48
49
50
52
57
61
46
54
51
11
14
15
37
79
17
26
27
77
78
18
23
21
34
80
81
13
19
29
38
40
41
76
84
10
12
20
24
25
28
30
33
45
74
9
16
22
31
32
36
44
73
82
85
35
43
67
83
39
42
47
68
70
7
8
69
71
75
86
4
5
46
48
49
53
63
72
6
60
65
87
50
56
58
66
51
52
55
57
61
62
64
54
59
2
88
3
89
91
1
92
90
94
93
95
97
96
99
0
98
37
79
11
27
15
26
14
45
67
84
47
77
78
41
44
34
23
53
17
40
38
49
68
48
50
56
70
73
4
21
55
57
18
51
52
63
43
54
60
8
29
69
74
81
30
42
58
71
80
85
36
46
65
28
32
33
13
19
62
5
61
64
66
76
10
20
24
25
31
35
59
82
12
39
9
83
22
16
72
7
75
86
6
87
2
3
88
89
37
1
45
47
27
40
44
41
50
53
43
48
49
54
56
91
38
51
55
92
46
52
67
79
26
39
42
57
59
70
34
63
65
11
60
62
23
30
35
73
15
33
58
69
31
32
68
17
29
71
28
36
61
64
66
14
19
21
78
24
18
22
74
77
90
25
84
76
80
82
10
81
20
72
94
12
13
9
75
4
16
83
5
93
86
7
8
85
87
37
6
95
98
0
2
45
96
44
97
3
40
47
48
99
41
27
89
49
53
51
55
42
43
50
39
56
38
52
54
46
59
65
26
33
35
63
88
30
31
34
58
60
67
23
57
62
70
29
28
73
32
79
19
24
68
64
71
15
21
22
66
17
11
61
18
69
36
25
74
92
10
78
1
91
76
12
14
20
80
72
13
75
82
81
83
9
4
5
77
16
37
84
90
45
86
8
94
44
40
48
7
87
39
6
27
41
53
55
49
47
50
42
43
59
31
56
33
38
63
65
26
51
35
52
85
93
30
3
24
2
29
58
23
54
46
60
73
19
28
34
89
67
98
62
0
96
32
79
22
70
57
17
71
21
97
95
68
88
18
74
11
66
99
84
26
37
79
82
85
27
40
41
77
78
83
14
15
17
21
23
29
30
32
33
34
80
81
86
87
88
89
4
11
18
28
36
38
44
45
67
70
76
5
8
19
20
22
24
25
31
35
42
43
68
69
73
74
6
7
10
13
39
47
71
75
91
92
2
9
12
16
46
60
63
3
48
49
53
57
58
59
61
64
65
66
1
50
56
62
72
94
52
54
90
93
51
55
95
97
96
99
98
0
37
26
27
34
38
40
41
44
45
47
67
68
70
77
79
84
11
14
15
23
43
73
74
78
80
81
85
4
17
18
21
28
29
30
32
33
36
39
42
48
49
53
56
57
58
60
63
65
69
71
76
82
83
86
8
10
12
13
19
22
24
25
31
35
46
50
51
52
54
55
61
62
64
66
87
5
7
9
16
20
59
72
88
89
6
75
2
91
92
3
1
90
93
94
95
97
96
99
98
0
37
45
47
67
68
77
79
11
14
15
23
26
27
34
38
40
41
44
70
73
78
80
84
85
4
8
10
12
13
17
18
21
43
48
49
53
56
58
60
63
65
69
71
74
76
81
82
83
5
7
9
19
24
28
29
30
32
36
39
42
46
50
51
52
54
55
57
62
86
6
16
20
22
25
31
33
35
59
61
64
66
87
72
75
88
2
89
3
1
91
92
90
93
94
95
97
96
99
98
0
37
79
11
15
27
44
45
47
67
68
77
78
84
4
8
13
14
17
23
26
34
38
40
41
43
53
56
63
70
73
74
80
81
85
5
7
9
10
12
18
21
28
29
30
36
42
48
49
50
51
54
55
57
58
60
65
69
71
76
82
83
86
6
19
22
24
25
31
32
33
35
39
46
52
61
62
64
66
87
16
20
59
72
75
88
2
89
3
1
91
92
90
93
94
95
97
96
99
0
98
37
45
47
79
11
14
15
23
26
27
34
38
40
41
44
53
67
68
70
77
78
80
84
85
4
8
13
17
18
21
43
48
49
50
55
56
58
60
63
65
69
73
74
81
83
5
7
9
10
12
19
24
28
29
30
31
32
33
36
39
42
46
51
52
54
57
71
76
82
86
6
16
20
22
25
35
59
61
62
64
66
87
2
72
75
88
89
3
1
91
92
90
93
94
95
97
96
99
0
98
