674
264
479
425
627
258
485
284
531
545
464
766
233
249
285
343
370
376
454
465
490
351
469
578
237
344
432
444
519
369
415
437
442
495
615
318
668
360
483
783
419
548
701
761
413
439
589
714
722
825
323
379
392
400
724
726
736
396
569
586
620
402
235
302
421
598
658
340
411
673
776
298
315
403
624
708
253
255
349
381
423
537
594
357
608
532
560
566
371
693
795
328
359
443
539
587
597
603
719
320
553
558
731
173
431
457
458
550
672
435
500
538
563
640
245
300
393
492
526
665
690
738
389
552
573
601
863
348
493
530
619
311
142
324
517
590
242
406
445
447
450
576
621
642
179
260
293
327
397
463
346
404
704
815
226
240
626
684
170
191
222
259
473
504
659
705
269
455
509
585
675
836
478
802
243
272
410
471
559
234
331
542
596
628
707
752
263
606
777
165
372
460
618
633
678
697
732
750
297
433
452
609
638
715
759
380
446
481
622
671
730
204
250
386
428
294
326
334
339
374
575
582
644
169
580
201
307
408
429
438
332
436
570
600
649
299
322
430
655
727
728
202
216
246
254
634
639
296
390
190
225
283
405
506
507
691
303
378
630
388
513
616
687
629
712
748
769
648
656
661
178
282
498
729
186
206
280
308
325
384
631
780
733
756
182
209
295
818
72
129
198
387
664
751
799
329
354
382
595
800
252
347
412
765
309
426
547
383
468
613
660
743
335
355
223
313
427
610
650
720
398
716
152
236
407
497
583
657
520
778
215
257
333
847
680
791
145
725
183
330
546
698
801
112
131
217
363
822
92
267
401
745
803
487
125
319
522
740
876
491
643
688
140
153
184
196
502
652
104
541
812
281
289
368
472
551
155
229
287
534
636
676
809
199
314
117
268
798
823
734
806
86
861
817
841
895
544
703
710
321
499
670
864
872
168
238
562
273
567
763
486
111
706
172
852
887
422
819
188
521
312
342
350
503
811
448
496
514
147
516
588
373
474
556
646
839
827
635
480
757
831
549
262
277
305
533
685
855
130
194
364
572
718
867
244
555
695
689
838
702
785
83
146
494
70
80
554
212
159
826
90
219
884
306
341
482
177
200
699
871
917
696
853
896
794
114
362
524
760
316
824
162
119
820
54
510
156
221
617
885
85
108
141
150
176
278
805
851
76
528
476
623
784
110
843
248
535
175
394
874
163
157
301
391
833
409
647
739
102
106
208
109
133
144
55
721
377
488
107
310
467
882
84
218
929
94
858
166
540
807
515
137
292
873
192
762
796
136
122
475
788
62
653
669
67
910
99
899
88
116
266
584
105
89
97
95
227
787
908
205
132
579
860
870
935
850
912
868
424
846
906
98
353
189
943
220
417
925
124
211
790
891
21
456
931
536
543
115
247
529
591
63
143
962
174
65
810
959
862
832
898
919
356
138
187
918
276
625
161
789
484
865
737
742
926
345
73
462
904
151
304
275
749
892
50
881
121
857
508
944
792
58
951
416
3
25
682
988
