4.7
5.6
6.0
6.6
7.0
7.1
7.4
7.5
7.6
7.8
7.9
8.0
8.0
8.6
8.6
8.7
8.7
8.7
8.8
8.9
8.9
9.0
9.0
9.0
9.0
9.0
9.1
9.2
9.2
9.3
9.3
9.4
9.4
9.5
9.5
9.5
9.6
9.6
9.7
9.7
9.7
9.8
9.8
9.8
9.8
9.9
10.0
10.0
10.0
10.0
10.0
10.0
10.1
10.2
10.2
10.2
10.2
10.2
10.3
10.3
10.4
10.4
10.4
10.4
10.4
10.5
10.5
10.5
10.5
10.6
10.7
10.8
10.8
10.8
10.8
10.9
10.9
10.9
10.9
11.0
11.0
11.0
11.1
11.2
11.2
11.2
11.2
11.3
11.3
11.3
11.4
11.4
11.4
11.4
11.4
11.5
11.5
11.5
11.5
11.6
11.6
11.6
11.7
11.7
11.7
11.8
11.8
11.8
11.8
11.8
11.8
11.8
11.9
12.0
12.0
12.0
12.0
12.0
12.1
12.1
12.1
12.1
12.1
12.1
12.1
12.2
12.2
12.2
12.2
12.3
12.3
12.3
12.3
12.3
12.4
12.4
12.5
12.5
12.5
12.5
12.5
12.5
12.5
12.6
12.6
12.6
12.6
12.6
12.6
12.7
12.7
12.7
12.7
12.7
12.7
12.7
12.7
12.7
12.7
12.8
12.8
12.8
12.8
12.8
12.9
12.9
12.9
13.0
13.0
13.0
13.1
13.1
13.1
13.1
13.2
13.2
13.2
13.2
13.2
13.2
13.2
13.3
13.3
13.3
13.3
13.3
13.3
13.4
13.4
13.4
13.4
13.4
13.5
13.5
13.5
13.5
13.5
13.5
13.6
13.6
13.6
13.6
13.6
13.6
13.6
13.7
13.7
13.7
13.7
13.7
13.7
13.7
13.7
13.8
13.8
13.8
13.9
13.9
13.9
13.9
14.0
14.0
14.0
14.0
14.1
14.1
14.1
14.1
14.1
14.1
14.1
14.1
14.1
14.1
14.2
14.2
14.2
14.2
14.2
14.2
14.2
14.2
14.3
14.3
14.3
14.3
14.4
14.4
14.4
14.4
14.4
14.5
14.5
14.5
14.5
14.5
14.5
14.5
14.6
14.6
14.6
14.6
14.6
14.6
14.7
14.7
14.7
14.7
14.7
14.8
14.8
14.8
14.8
14.9
14.9
14.9
14.9
14.9
14.9
14.9
15.0
15.0
15.0
15.0
15.0
15.0
15.0
15.0
15.0
15.0
15.0
15.0
15.1
15.1
15.1
15.1
15.1
15.2
15.2
15.2
15.2
15.2
15.3
15.3
15.3
15.3
15.3
15.3
15.4
15.4
15.4
15.4
15.4
15.4
15.4
15.4
15.5
15.5
15.5
15.5
15.6
15.6
15.6
15.6
15.6
15.6
15.6
15.6
15.7
15.7
15.8
15.8
15.8
15.8
15.8
15.9
15.9
15.9
15.9
15.9
15.9
16.0
16.0
16.0
16.0
16.0
16.0
16.1
16.1
16.1
16.1
16.1
16.1
16.2
16.2
16.2
16.2
16.2
16.2
16.2
16.3
16.3
16.3
16.3
16.3
16.3
16.4
16.4
16.4
16.4
16.4
16.5
16.5
16.5
16.5
16.5
16.5
16.5
16.5
16.5
16.5
16.6
16.6
16.6
16.6
16.6
16.6
16.6
16.6
16.6
16.7
16.7
16.7
16.8
16.8
16.8
16.8
16.8
16.8
16.8
16.8
16.8
16.8
16.8
16.8
16.8
16.9
16.9
16.9
16.9
16.9
16.9
17.0
17.0
17.0
17.1
17.1
17.1
17.1
17.1
17.1
17.2
17.2
17.2
17.2
17.2
17.2
17.2
17.2
17.2
17.2
17.3
17.3
17.3
17.3
17.3
17.3
17.3
17.3
17.3
17.3
17.3
17.4
17.4
17.4
17.4
17.5
17.5
17.5
17.5
17.5
17.5
17.6
17.6
17.6
17.6
17.6
17.6
17.6
17.6
17.6
17.7
17.7
17.7
17.7
17.7
17.7
17.7
17.7
17.7
17.8
17.8
17.8
17.8
17.8
17.8
17.8
17.8
17.9
17.9
17.9
17.9
17.9
17.9
17.9
17.9
18.0
18.0
18.0
18.0
18.0
18.0
18.0
18.0
18.1
18.1
18.1
18.1
18.1
18.2
18.2
18.2
18.2
18.2
18.2
18.2
18.3
18.3
18.3
18.3
18.3
18.3
18.3
18.4
18.4
18.4
18.4
18.4
18.4
18.4
18.4
18.5
18.5
18.5
18.5
18.5
18.5
18.5
18.5
18.6
18.6
18.6
18.6
18.6
18.6
18.6
18.6
18.6
18.7
18.7
18.7
18.8
18.9
18.9
18.9
18.9
18.9
19.0
19.0
19.0
19.0
19.0
19.1
19.1
19.1
19.1
19.1
19.1
19.1
19.2
19.2
19.2
19.2
19.2
19.2
19.2
19.3
19.3
19.3
19.3
19.3
19.3
19.3
19.3
19.3
19.3
19.4
19.4
19.4
19.4
19.4
19.5
19.5
19.5
19.5
19.5
19.5
19.5
19.6
19.6
19.6
19.6
19.6
19.6
19.6
19.7
19.7
19.7
19.7
19.7
19.8
19.8
19.8
19.8
19.8
19.9
19.9
19.9
19.9
19.9
19.9
20.0
20.0
20.0
20.0
20.0
20.0
20.0
20.1
20.1
20.1
20.1
20.1
20.2
20.2
20.3
20.3
20.3
20.3
20.3
20.3
20.3
20.3
20.3
20.3
20.4
20.4
20.4
20.4
20.4
20.5
20.5
20.5
20.5
20.5
20.5
20.5
20.5
20.5
20.5
20.5
20.6
20.6
20.6
20.6
20.6
20.6
20.6
20.7
20.7
20.8
20.8
20.8
20.8
20.8
20.8
20.8
20.9
20.9
20.9
20.9
20.9
21.0
21.0
21.0
21.0
21.0
21.0
21.0
21.0
21.1
21.1
21.1
21.1
21.1
21.1
21.1
21.2
21.2
21.2
21.2
21.2
21.2
21.2
21.3
21.3
21.3
21.3
21.3
21.3
21.3
21.3
21.3
21.4
21.4
21.4
21.4
21.4
21.4
21.4
21.4
21.4
21.4
21.4
21.5
21.5
21.5
21.5
21.5
21.5
21.5
21.5
21.5
21.5
21.5
21.6
21.6
21.6
21.6
21.6
21.7
21.7
21.7
21.7
21.7
21.7
21.7
21.8
21.8
21.8
21.8
21.8
21.8
21.8
21.8
21.8
21.8
21.9
21.9
21.9
21.9
22.0
22.0
22.0
22.0
22.0
22.0
22.0
22.1
22.1
22.1
22.1
22.2
22.2
22.2
22.2
22.3
22.3
22.3
22.3
22.3
22.3
22.3
22.4
22.5
22.5
22.5
22.5
22.6
22.6
22.6
22.7
22.7
22.7
22.7
22.7
22.7
22.7
22.8
22.8
22.8
22.9
22.9
22.9
22.9
23.0
23.0
23.0
23.1
23.1
23.2
23.2
23.2
23.3
23.3
23.3
23.4
23.4
23.4
23.5
23.5
23.5
23.5
23.6
23.6
23.6
23.6
23.6
23.6
23.7
23.8
23.8
23.8
23.9
23.9
23.9
23.9
23.9
23.9
23.9
23.9
23.9
24.0
24.0
24.0
24.0
24.0
24.0
24.0
24.0
24.0
24.1
24.1
24.1
24.1
24.1
24.2
24.2
24.2
24.2
24.2
24.2
24.2
24.2
24.2
24.2
24.2
24.3
24.3
24.3
24.3
24.3
24.3
24.4
24.4
24.4
24.4
24.4
24.4
24.5
24.5
24.5
24.5
24.5
24.5
24.5
24.5
24.5
24.5
24.5
24.5
24.6
24.6
24.6
24.6
24.7
24.7
24.7
24.8
24.8
24.8
24.9
24.9
24.9
24.9
24.9
25.0
25.0
25.0
25.0
25.0
25.0
25.0
25.1
25.1
25.1
25.1
25.1
25.1
25.1
25.1
25.2
25.2
25.3
25.3
25.3
25.3
25.3
25.3
25.4
25.4
25.4
25.4
25.4
25.4
25.4
25.4
25.4
25.4
25.5
25.5
25.5
25.5
25.5
25.5
25.6
25.6
25.6
25.6
25.6
25.6
25.7
25.7
25.7
25.7
25.7
25.8
25.8
25.8
25.8
25.8
25.8
25.8
25.8
25.9
25.9
25.9
25.9
25.9
25.9
25.9
26.0
26.0
26.0
26.1
26.1
26.1
26.1
26.1
26.1
26.1
26.1
26.1
26.1
26.2
26.2
26.2
26.2
26.2
26.3
26.3
26.3
26.4
26.4
26.4
26.4
26.4
26.4
26.5
26.5
26.5
26.6
26.6
26.6
26.6
26.6
26.6
26.7
26.7
26.7
26.7
26.7
26.7
26.7
26.8
26.8
26.8
26.9
26.9
26.9
26.9
27.0
27.0
27.0
27.1
27.1
27.1
27.1
27.1
27.1
27.1
27.1
27.1
27.2
27.2
27.2
27.3
27.3
27.3
27.3
27.3
27.3
27.3
27.4
27.4
27.4
27.4
27.4
27.5
27.5
27.5
27.5
27.5
27.5
27.5
27.5
27.5
27.5
27.6
27.6
27.6
27.6
27.6
27.7
27.7
27.7
27.7
27.7
27.8
27.8
27.8
27.8
27.9
27.9
27.9
27.9
28.0
28.0
28.0
28.0
28.0
28.1
28.1
28.1
28.2
28.2
28.2
28.2
28.2
28.3
28.3
28.3
28.4
28.4
28.4
28.4
28.5
28.5
28.5
28.5
28.5
28.5
28.6
28.6
28.7
28.7
28.7
28.8
28.8
28.8
28.9
28.9
28.9
28.9
29.0
29.0
29.0
29.0
29.1
29.1
29.1
29.1
29.1
29.1
29.1
29.2
29.2
29.2
29.2
29.3
29.3
29.3
29.4
29.4
29.4
29.5
29.5
29.5
29.5
29.5
29.5
29.6
29.6
29.6
29.6
29.6
29.7
29.7
29.7
29.7
29.7
29.7
29.7
29.8
29.8
29.8
29.8
29.8
29.9
29.9
29.9
29.9
29.9
30.0
30.0
30.0
30.0
30.0
30.0
30.1
30.1
30.1
30.1
30.2
30.2
30.2
30.2
30.2
30.2
30.2
30.3
30.3
30.4
30.4
30.4
30.4
30.5
30.5
30.5
30.5
30.6
30.6
30.6
30.6
30.6
30.6
30.7
30.7
30.7
30.7
30.7
30.7
30.7
30.8
30.8
30.9
30.9
30.9
31.0
31.0
31.1
31.1
31.1
31.2
31.2
31.2
31.3
31.3
31.4
31.4
31.4
31.4
31.4
31.4
31.5
31.5
31.5
31.5
31.5
31.5
31.6
31.6
31.6
31.6
31.6
31.7
31.7
31.7
31.8
31.8
31.8
31.8
31.8
31.8
32.0
32.0
32.1
32.1
32.1
32.1
32.1
32.1
32.1
32.1
32.2
32.2
32.2
32.2
32.2
32.2
32.2
32.2
32.3
32.3
32.3
32.3
32.3
32.3
32.4
32.4
32.4
32.4
32.4
32.4
32.4
32.5
32.5
32.5
32.5
32.5
32.6
32.6
32.6
32.6
32.6
32.7
32.7
32.7
32.8
32.8
32.8
32.9
32.9
32.9
32.9
32.9
32.9
32.9
32.9
32.9
33.0
33.0
33.0
33.1
33.1
33.1
33.1
33.2
33.3
33.3
33.3
33.3
33.3
33.4
33.4
33.4
33.4
33.5
33.5
33.5
33.6
33.6
33.6
33.7
33.7
33.7
33.7
33.8
33.8
33.8
33.8
33.8
33.8
33.9
33.9
34.0
34.0
34.0
34.1
34.1
34.1
34.1
34.1
34.1
34.3
34.3
34.3
34.3
34.3
34.3
34.4
34.4
34.4
34.4
34.4
34.4
34.4
34.5
34.6
34.6
34.7
34.7
34.8
34.8
34.8
34.8
34.9
34.9
34.9
34.9
34.9
35.0
35.0
35.0
35.1
35.1
35.1
35.1
35.1
35.1
35.1
35.2
35.3
35.3
35.3
35.3
35.3
35.4
35.4
35.4
35.4
35.4
35.5
35.5
35.5
35.5
35.6
35.6
35.6
35.6
35.6
35.6
35.6
35.6
35.6
35.7
35.7
35.8
35.8
35.8
35.8
35.8
35.8
35.9
35.9
35.9
36.0
36.0
36.0
36.0
36.0
36.1
36.1
36.1
36.1
36.1
36.1
36.1
36.2
36.2
36.2
36.3
36.3
36.3
36.3
36.3
36.3
36.4
36.4
36.4
36.4
36.4
36.5
36.5
36.5
36.5
36.5
36.5
36.6
36.7
36.7
36.7
36.7
36.8
36.8
36.8
36.8
36.9
36.9
37.0
37.0
37.0
37.0
37.1
37.3
37.3
37.3
37.4
37.4
37.4
37.4
37.4
37.4
37.4
37.4
37.5
37.5
37.5
37.5
37.5
37.5
37.6
37.6
37.6
37.6
37.6
37.7
37.7
37.7
37.8
37.8
37.9
37.9
37.9
37.9
37.9
37.9
38.0
38.0
38.0
38.0
38.0
38.0
38.0
38.1
38.1
38.1
38.1
38.1
38.1
38.2
38.3
38.3
38.4
38.4
38.4
38.4
38.5
38.5
38.5
38.5
38.6
38.6
38.6
38.7
38.7
38.7
38.7
38.7
38.8
38.8
38.8
38.8
38.9
38.9
39.0
39.0
39.0
39.0
39.1
39.1
39.1
39.2
39.2
39.2
39.2
39.2
39.2
39.2
39.3
39.3
39.3
39.3
39.3
39.3
39.4
39.4
39.4
39.5
39.5
39.5
39.5
39.6
39.6
39.6
39.6
39.6
39.7
39.7
39.8
39.8
39.8
39.8
39.8
39.8
39.9
39.9
39.9
39.9
40.0
40.0
40.0
40.1
40.1
40.1
40.2
40.2
40.2
40.2
40.2
40.3
40.3
40.4
40.4
40.5
40.5
40.5
40.6
40.7
40.7
40.7
40.8
40.8
40.8
40.8
40.8
40.9
41.0
41.1
41.1
41.1
41.1
41.1
41.1
41.1
41.2
41.2
41.2
41.3
41.3
41.3
41.3
41.3
41.3
41.4
41.4
41.4
41.5
41.5
41.5
41.5
41.5
41.5
41.6
41.6
41.6
41.6
41.6
41.6
41.6
41.7
41.7
41.7
41.7
41.7
41.8
41.8
41.8
41.9
41.9
41.9
41.9
41.9
41.9
41.9
42.0
42.0
42.0
42.0
42.1
42.2
42.2
42.2
42.2
42.3
42.3
42.3
42.3
42.4
42.4
42.4
42.5
42.5
42.5
42.5
42.6
42.6
42.6
42.6
42.8
42.8
42.8
42.8
42.9
42.9
43.0
43.1
43.1
43.1
43.2
43.2
43.2
43.3
43.3
43.3
43.4
43.4
43.5
43.5
43.5
43.6
43.6
43.7
43.8
43.8
43.8
43.9
43.9
43.9
43.9
44.0
44.0
44.1
44.1
44.1
44.1
44.2
44.2
44.3
44.3
44.3
44.3
44.4
44.4
44.4
44.4
44.4
44.4
44.5
44.5
44.5
44.5
44.5
44.5
44.6
44.6
44.6
44.7
44.7
44.7
44.8
44.8
44.8
44.8
44.8
44.8
44.8
44.9
44.9
45.0
45.0
45.0
45.0
45.0
45.0
45.1
45.1
45.1
45.2
45.2
45.2
45.2
45.2
45.3
45.4
45.4
45.5
45.5
45.5
45.6
45.6
45.6
45.6
45.6
45.7
45.7
45.7
45.8
45.8
45.8
45.9
45.9
45.9
45.9
45.9
45.9
46.0
46.0
46.0
46.1
46.1
46.1
46.2
46.2
46.3
46.3
46.3
46.4
46.4
46.4
46.5
46.5
46.6
46.6
46.6
46.6
46.6
46.7
46.7
46.8
46.8
46.9
46.9
46.9
46.9
46.9
47.0
47.0
47.0
47.1
47.1
47.1
47.1
47.1
47.2
47.2
47.2
47.2
47.3
47.3
47.3
47.3
47.4
47.4
47.4
47.5
47.6
47.6
47.6
47.7
47.8
47.8
47.8
47.9
47.9
47.9
47.9
47.9
48.1
48.1
48.1
48.1
48.2
48.2
48.2
48.2
48.3
48.3
48.4
48.5
48.5
48.5
48.5
48.6
48.7
48.7
48.8
48.8
48.9
48.9
48.9
49.0
49.0
49.0
49.1
49.1
49.1
49.1
49.1
49.2
49.2
49.2
49.2
49.3
49.3
49.4
49.4
49.5
49.5
49.6
49.6
49.6
49.7
49.7
49.8
49.8
49.8
49.9
49.9
49.9
49.9
49.9
50.0
50.0
50.0
50.0
50.0
50.0
50.1
50.1
50.2
50.2
50.2
50.2
50.3
50.3
50.4
50.4
50.4
50.5
50.5
50.5
50.5
50.5
50.5
50.6
50.6
50.6
50.6
50.7
50.7
50.8
50.8
50.9
50.9
50.9
50.9
50.9
51.0
51.0
51.0
51.0
51.1
51.1
51.1
51.2
51.2
51.2
51.2
51.2
51.2
51.3
51.3
51.4
51.4
51.5
51.5
51.5
51.5
51.5
51.5
51.6
51.7
51.7
51.7
51.8
51.8
51.8
51.9
52.0
52.0
52.1
52.1
52.1
52.2
52.2
52.3
52.3
52.3
52.3
52.4
52.5
52.6
52.6
52.7
52.7
52.8
52.8
52.8
52.8
52.9
52.9
52.9
53.0
53.0
53.0
53.0
53.1
53.1
53.2
53.2
53.2
53.2
53.3
53.3
53.3
53.3
53.3
53.3
53.4
53.4
53.5
53.6
53.7
53.7
53.7
53.7
53.8
53.8
53.8
53.8
53.8
53.9
53.9
53.9
53.9
53.9
54.0
54.0
54.0
54.1
54.1
54.1
54.1
54.2
54.2
54.2
54.2
54.2
54.4
54.4
54.4
54.5
54.8
54.9
54.9
54.9
54.9
54.9
54.9
55.0
55.1
55.2
55.3
55.4
55.4
55.4
55.5
55.6
55.6
55.6
55.6
55.7
55.7
55.7
55.7
55.8
55.8
55.8
55.9
55.9
56.1
56.1
56.2
56.2
56.3
56.3
56.3
56.3
56.3
56.4
56.5
56.5
56.5
56.5
56.6
56.6
56.6
56.6
56.7
56.7
56.7
56.9
57.0
57.0
57.0
57.1
57.2
57.3
57.3
57.4
57.4
57.4
57.4
57.5
57.5
57.6
57.6
57.9
57.9
57.9
58.0
58.0
58.1
58.1
58.1
58.2
58.2
58.2
58.2
58.2
58.2
58.2
58.3
58.3
58.3
58.4
58.4
58.5
58.5
58.5
58.5
58.6
58.6
58.8
58.8
58.8
58.9
59.0
59.0
59.0
59.0
59.0
59.0
59.1
59.1
59.1
59.2
59.2
59.3
59.3
59.3
59.4
59.4
59.5
59.5
59.5
59.5
59.6
59.6
59.7
59.7
59.7
59.7
59.8
59.8
59.9
59.9
59.9
60.0
60.0
60.0
60.0
60.1
60.1
60.1
60.1
60.2
60.2
60.2
60.2
60.3
60.3
60.3
60.3
60.4
60.4
60.5
60.5
60.5
60.6
60.6
60.8
60.8
60.8
60.9
60.9
60.9
61.0
61.0
61.0
61.1
61.1
61.1
61.1
61.2
61.2
61.2
61.2
61.3
61.3
61.3
61.4
61.4
61.5
61.5
61.6
61.6
61.7
61.7
61.7
61.7
61.8
61.8
61.9
62.0
62.0
62.0
62.0
62.1
62.1
62.2
62.2
62.2
62.3
62.3
62.3
62.3
62.4
62.4
62.4
62.4
62.5
62.6
62.7
62.7
62.8
62.8
62.9
62.9
63.0
63.0
63.0
63.1
63.1
63.2
63.2
63.2
63.2
63.3
63.4
63.4
63.4
63.5
63.6
63.6
63.6
63.6
63.7
63.8
63.9
63.9
64.1
64.3
64.4
64.4
64.5
64.5
64.5
64.5
64.6
64.6
64.7
64.7
64.7
64.7
64.9
65.0
65.0
65.0
65.1
65.1
65.1
65.1
65.2
65.2
65.3
65.5
65.6
65.6
65.6
65.7
65.7
65.8
65.8
65.8
65.8
66.0
66.1
66.3
66.3
66.5
66.5
66.5
66.5
66.6
66.7
66.8
66.9
67.1
67.1
67.2
67.3
67.4
67.5
67.5
67.7
67.8
67.8
67.9
67.9
68.0
68.0
68.0
68.0
68.0
68.1
68.2
68.3
68.5
68.6
68.6
68.8
68.9
68.9
68.9
69.1
69.1
69.1
69.2
69.2
69.3
69.3
69.4
69.4
69.6
69.6
69.7
69.7
69.7
69.8
69.9
69.9
70.0
70.1
70.1
70.3
70.3
70.3
70.4
70.4
70.5
70.5
70.5
70.6
70.7
70.8
70.8
70.8
70.8
70.8
70.9
70.9
71.0
71.0
71.1
71.2
71.3
71.3
71.3
71.4
71.4
71.4
71.5
71.5
71.6
71.6
71.7
71.7
71.8
71.8
71.9
71.9
72.0
72.0
72.0
72.0
72.0
72.0
72.1
72.3
72.4
72.5
72.5
72.7
72.7
72.7
72.8
72.8
72.9
73.0
73.1
73.1
73.2
73.3
73.3
73.4
73.4
73.4
73.4
73.5
73.5
73.6
73.7
73.8
73.8
74.0
74.1
74.1
74.2
74.2
74.3
74.3
74.5
74.6
74.7
74.7
74.8
74.9
74.9
74.9
75.0
75.0
75.1
75.1
75.2
75.3
75.3
75.4
75.5
75.6
75.6
75.6
75.7
75.7
75.7
75.9
75.9
75.9
76.0
76.0
76.1
76.3
76.3
76.4
76.5
76.5
76.5
76.5
76.7
76.8
76.8
76.9
76.9
76.9
77.0
77.0
77.1
77.2
77.2
77.2
77.2
77.2
77.3
77.3
77.4
77.4
77.5
77.5
77.6
77.6
77.7
77.7
77.8
78.0
78.0
78.1
78.2
78.3
78.3
78.4
78.5
78.5
78.5
78.6
79.1
79.3
79.3
79.3
79.5
79.5
79.6
79.8
79.8
79.8
79.9
80.2
80.5
80.6
80.7
80.7
80.7
80.8
80.8
80.9
81.0
81.1
81.1
81.1
81.1
81.1
81.2
81.2
81.2
81.2
81.3
81.4
81.4
81.4
81.4
81.6
81.6
81.7
81.8
81.8
81.8
81.8
82.1
82.2
82.2
82.5
82.5
82.6
82.6
82.8
82.8
82.8
82.9
82.9
83.0
83.1
83.2
83.4
83.5
83.8
83.8
83.8
84.0
84.2
84.2
84.4
84.4
84.5
84.5
84.6
84.8
84.8
84.9
85.0
85.1
85.2
85.3
85.4
85.4
85.4
85.6
85.6
85.6
85.6
85.7
85.7
85.8
86.0
86.1
86.1
86.5
86.6
86.8
86.9
86.9
87.0
87.0
87.2
87.2
87.2
87.3
87.4
87.4
87.6
87.6
87.6
87.7
87.8
87.9
87.9
87.9
88.1
88.1
88.1
88.2
88.2
88.3
88.3
88.3
88.4
88.4
88.6
88.6
88.7
88.7
88.8
88.9
88.9
89.1
89.1
89.3
89.4
89.4
89.4
89.5
89.5
89.6
89.6
89.7
89.7
89.7
89.8
89.8
89.8
89.9
89.9
89.9
90.0
90.0
90.3
90.3
90.7
90.7
90.9
90.9
91.0
91.0
91.0
91.2
91.2
91.5
91.5
91.5
91.5
91.6
91.6
91.6
91.7
91.8
91.8
91.9
91.9
92.1
92.2
92.2
92.3
92.3
92.4
92.4
92.4
92.5
92.5
92.5
92.6
92.6
92.7
92.8
92.8
92.9
93.0
93.0
93.0
93.1
93.1
93.2
93.2
93.4
93.4
93.5
93.6
93.6
93.6
93.6
93.7
93.8
94.0
94.1
94.3
94.5
94.7
94.7
94.7
95.1
95.1
95.2
95.3
95.6
95.6
95.7
95.8
95.8
95.8
96.0
96.0
96.1
96.2
96.3
96.4
96.4
96.5
96.5
96.5
96.6
96.6
96.6
96.7
96.7
97.0
97.0
97.1
97.2
97.5
97.5
97.5
97.6
97.7
97.7
98.0
98.1
98.1
98.3
98.6
98.7
98.7
98.7
98.8
98.9
98.9
99.0
99.2
99.3
99.3
99.5
99.5
99.6
99.8
99.8
99.8
99.9
99.9
100.0
100.2
100.3
100.5
100.5
100.5
100.6
100.6
100.7
100.8
101.0
101.0
101.1
101.2
101.2
101.3
101.3
101.4
101.5
101.5
101.5
101.5
101.6
101.7
101.8
101.9
101.9
102.1
102.1
102.1
102.1
102.2
102.3
102.4
102.4
102.4
102.5
102.8
102.8
102.9
102.9
103.0
103.0
103.0
103.1
103.1
103.1
103.2
103.3
103.3
103.4
103.4
103.5
103.5
103.7
104.2
104.2
104.6
104.6
104.7
104.7
105.1
105.1
105.3
105.4
105.5
105.6
105.6
105.6
105.6
105.6
105.8
106.1
106.3
106.7
106.7
106.8
106.8
106.8
107.0
107.1
107.1
107.1
107.2
107.2
107.5
107.7
107.7
107.8
107.9
108.1
108.1
108.2
108.2
108.2
108.3
108.3
108.4
109.0
109.0
109.0
109.1
109.2
109.3
109.3
109.3
109.6
109.7
109.7
109.8
109.8
109.9
110.5
110.5
110.5
110.6
110.8
110.9
110.9
110.9
111.1
111.3
111.4
111.4
111.6
111.7
111.8
111.9
111.9
112.3
112.4
112.6
112.6
112.7
112.7
112.7
112.8
112.9
112.9
112.9
113.0
113.2
113.2
113.3
113.3
113.5
113.9
113.9
114.1
114.2
114.4
114.7
114.8
114.9
115.0
115.0
115.1
115.5
115.6
115.6
115.8
115.9
115.9
115.9
116.0
116.3
116.3
116.3
116.4
116.4
116.6
116.8
116.8
116.8
116.9
117.0
117.3
117.5
117.6
117.6
117.6
117.8
118.1
118.3
118.7
118.7
118.8
118.8
118.9
118.9
118.9
120.0
120.1
120.2
120.5
120.8
121.5
121.6
121.7
121.8
121.9
121.9
122.1
122.4
122.4
122.5
122.8
122.8
123.0
123.2
123.4
123.5
123.8
123.9
124.0
124.0
124.1
124.6
124.7
124.7
124.8
124.8
125.0
125.1
125.2
125.2
125.2
125.5
125.6
125.8
125.9
126.0
126.1
126.2
126.2
126.5
126.6
126.6
126.8
126.8
127.0
127.0
127.2
127.2
127.3
127.6
127.7
127.8
127.9
128.0
128.2
128.6
128.7
128.7
128.9
129.3
129.4
129.4
130.1
130.2
130.4
130.7
130.8
130.8
130.8
130.9
130.9
131.0
131.1
131.2
131.2
131.4
131.7
131.8
131.8
132.0
132.0
132.1
132.3
132.3
132.3
132.3
132.3
132.5
132.5
132.6
133.1
133.5
133.5
133.9
134.0
134.0
134.1
134.5
134.6
134.7
134.7
134.7
134.8
135.1
135.1
135.2
135.6
135.6
136.4
136.7
137.2
137.5
137.6
137.8
138.7
138.8
138.8
139.0
139.1
139.3
139.3
139.5
139.5
139.5
139.6
139.9
140.0
140.6
140.9
140.9
141.0
141.2
141.5
141.5
141.5
141.8
142.0
142.0
142.1
142.2
142.3
142.6
142.7
142.7
142.8
143.0
143.3
143.5
143.6
143.7
143.8
143.8
144.2
144.2
144.5
144.6
144.7
145.3
145.5
145.6
145.8
145.9
145.9
146.0
146.0
146.1
146.4
146.5
146.7
146.9
147.0
147.1
147.2
147.8
147.9
148.2
148.3
148.4
148.4
148.5
148.5
148.7
148.8
148.9
148.9
149.0
149.1
149.2
149.2
149.6
149.6
149.6
149.9
150.3
150.4
150.5
150.6
150.7
150.9
150.9
151.1
151.1
151.2
151.9
151.9
152.1
152.3
152.9
152.9
153.5
153.5
153.6
153.8
154.0
154.0
154.5
154.8
155.0
155.1
155.3
155.3
155.4
155.4
155.5
155.5
155.6
155.7
155.8
156.1
156.2
156.2
156.3
156.3
156.5
156.6
156.6
156.6
156.6
156.7
156.9
157.0
157.2
157.4
157.4
157.5
157.8
158.4
158.4
158.6
158.6
158.7
158.9
158.9
158.9
159.1
159.2
159.4
159.5
159.7
159.8
160.1
160.1
160.5
161.2
161.6
161.6
161.6
161.9
161.9
162.1
162.1
162.5
162.6
162.6
162.6
162.7
162.9
162.9
163.2
163.6
163.7
163.8
163.8
164.0
164.1
164.3
164.4
164.6
164.7
164.7
165.1
165.3
165.4
165.7
165.9
165.9
166.2
166.4
166.5
166.5
166.5
166.5
166.6
167.0
167.0
167.3
167.8
167.8
167.9
167.9
168.0
168.1
168.3
168.5
168.6
168.7
168.7
169.2
169.3
169.5
169.5
169.7
169.9
169.9
170.2
170.4
170.5
170.8
171.0
171.3
171.3
171.8
171.8
171.8
172.7
172.8
173.0
173.0
173.3
173.3
173.4
173.7
174.2
174.2
175.0
175.0
175.0
175.8
175.8
176.0
176.1
176.4
176.4
176.5
176.6
176.8
176.9
176.9
177.1
177.3
177.6
177.8
177.8
178.0
178.0
178.0
178.4
178.5
178.9
178.9
180.0
180.0
180.2
180.4
180.6
180.9
181.1
181.1
181.1
181.2
181.4
181.4
181.5
181.7
182.0
182.2
182.3
182.3
182.4
182.6
182.9
183.4
183.4
183.5
184.7
184.8
185.1
185.1
185.2
185.3
185.3
185.3
185.4
185.4
185.5
185.6
185.8
185.9
187.0
187.2
187.3
187.5
188.1
188.3
188.3
188.4
188.8
188.8
189.0
189.1
189.4
189.5
189.6
189.7
190.0
190.5
190.5
190.6
190.9
190.9
191.0
191.1
191.6
191.6
191.7
192.2
192.4
192.4
192.6
193.2
193.4
193.6
193.7
193.9
194.0
194.1
194.1
194.3
194.3
194.7
195.3
195.9
196.3
196.4
196.5
196.7
196.9
196.9
197.0
197.1
197.3
197.5
197.6
197.6
197.8
198.4
198.5
198.6
198.6
198.7
198.8
198.9
199.0
199.1
199.1
199.6
199.8
199.8
200.1
200.2
200.3
200.4
200.7
200.9
200.9
201.1
201.3
201.5
201.5
201.7
202.0
202.1
202.3
202.3
202.3
202.5
203.0
203.2
203.5
203.5
203.6
203.7
203.7
203.7
203.8
203.9
204.0
204.4
204.5
204.6
204.6
204.7
205.4
205.7
205.7
206.0
206.0
206.1
206.1
206.5
206.8
206.8
206.8
207.1
207.5
207.5
207.7
208.5
208.7
208.7
208.8
208.8
208.8
208.8
209.0
209.0
209.2
209.3
209.3
209.9
210.3
210.5
210.7
210.7
211.9
212.2
212.5
212.8
212.8
213.0
213.3
213.4
213.6
213.9
214.0
214.2
214.3
214.4
214.6
215.1
215.1
215.5
216.0
216.0
216.3
216.5
216.7
216.8
216.8
217.1
217.8
217.9
217.9
218.0
218.0
218.0
218.2
218.8
219.0
219.1
219.1
219.3
219.6
219.6
219.9
220.0
220.3
220.4
221.0
221.1
221.3
221.4
221.4
221.7
221.7
221.8
221.8
222.1
222.4
222.4
223.1
223.1
223.2
223.3
223.3
223.3
223.4
223.5
223.5
223.6
223.8
223.8
224.0
224.2
224.4
224.5
224.6
224.7
224.8
224.8
224.9
225.1
225.4
225.6
225.7
225.9
226.0
226.0
226.1
226.1
226.3
226.3
226.4
226.8
226.8
226.9
226.9
227.0
227.1
227.1
227.1
227.4
227.9
227.9
228.1
228.2
228.4
228.4
228.5
229.0
229.1
229.6
229.6
230.2
230.9
231.0
231.0
231.5
231.7
231.9
231.9
232.1
232.1
232.2
232.3
232.6
233.0
233.0
233.5
234.1
234.1
234.4
234.6
234.7
235.3
235.5
235.9
236.2
236.3
236.5
236.5
236.5
236.8
236.8
236.8
236.9
237.1
237.2
237.6
237.7
238.1
238.2
238.2
238.4
239.1
239.3
239.4
239.5
239.8
239.9
240.0
240.0
240.0
240.2
240.5
240.6
240.7
241.2
241.7
241.8
242.2
242.4
242.6
242.9
243.4
243.5
244.2
244.4
244.5
244.5
245.1
245.2
245.4
245.7
245.9
246.2
246.2
246.5
246.6
246.8
246.9
247.0
247.5
247.5
247.6
247.6
247.6
247.8
247.8
248.2
248.3
248.3
248.6
248.7
248.8
248.9
249.2
249.4
249.6
249.8
249.9
250.8
250.8
251.1
251.2
251.3
251.4
251.5
251.7
251.9
251.9
252.0
252.6
252.6
252.6
252.9
253.1
253.1
253.2
253.3
253.3
253.6
254.1
254.1
254.2
254.4
254.5
254.6
255.0
255.1
255.3
255.6
255.6
255.7
255.8
256.1
256.1
256.2
256.8
257.2
257.3
257.5
258.1
258.7
258.8
258.9
259.1
259.2
259.2
259.6
259.7
259.8
259.9
259.9
260.6
260.7
260.7
261.7
261.8
261.9
262.1
262.2
262.3
262.5
262.9
263.2
263.3
263.5
263.6
264.5
264.6
264.7
264.8
265.0
265.1
265.2
265.4
265.8
265.9
266.1
266.3
266.4
266.6
266.9
267.0
267.2
267.3
267.4
267.4
267.8
268.1
268.1
268.3
268.7
269.0
269.2
269.3
269.5
269.8
269.9
269.9
270.4
270.6
270.6
271.0
271.0
271.1
271.4
271.5
271.5
271.5
271.5
272.2
272.4
272.7
272.8
273.0
273.2
273.7
273.8
274.0
274.1
274.3
274.5
275.0
275.0
275.1
275.2
275.5
275.7
275.8
275.9
276.0
277.7
277.9
278.2
278.2
278.3
278.3
278.6
278.7
279.0
279.0
279.2
279.2
279.6
279.6
279.6
279.8
279.8
280.2
280.4
280.4
280.4
280.4
280.6
280.9
281.5
281.9
282.0
282.1
282.7
282.7
282.8
283.0
283.0
283.1
283.4
283.9
284.0
284.1
284.7
284.8
285.1
285.2
285.7
286.2
286.7
286.8
286.8
286.9
287.3
287.3
287.4
287.9
287.9
288.1
288.5
288.5
288.7
289.0
289.1
289.2
289.3
289.4
289.5
289.6
289.7
289.7
289.8
289.9
290.0
290.1
290.1
290.6
290.7
291.0
291.2
291.3
291.7
291.8
292.5
292.5
292.6
292.7
292.9
293.3
293.3
294.3
294.5
294.6
294.9
294.9
294.9
295.0
295.1
295.1
295.1
295.2
295.6
295.7
295.8
296.0
296.5
296.8
297.2
297.7
298.1
298.5
298.7
299.4
300.1
300.2
300.5
300.6
300.9
301.2
301.5
301.8
302.3
302.5
302.6
302.8
303.0
303.0
303.2
303.2
303.2
303.3
303.6
303.6
303.8
304.0
304.0
304.2
304.3
304.4
304.5
304.9
305.2
305.2
305.6
305.6
305.7
305.7
305.9
306.0
306.5
306.6
306.7
306.7
306.8
306.8
306.9
307.2
307.4
307.4
307.5
307.5
307.6
307.7
308.0
308.1
308.1
308.3
308.7
309.3
309.4
309.5
309.5
309.7
309.7
309.7
309.9
310.1
310.6
310.7
311.0
311.3
311.8
311.9
312.1
312.3
312.4
312.4
312.4
313.1
313.6
313.7
313.7
314.2
314.3
314.4
314.6
314.8
315.1
315.4
315.4
315.8
316.0
316.1
317.5
317.6
317.7
317.7
317.9
318.0
318.2
318.5
318.6
318.6
318.7
318.7
319.0
319.0
319.1
319.1
319.2
319.3
319.3
319.7
320.1
321.2
321.4
321.5
321.6
321.7
322.0
322.0
322.1
323.1
323.2
323.4
323.6
324.7
324.9
325.0
325.0
325.2
325.4
325.9
326.1
326.4
326.5
326.5
326.6
326.9
326.9
327.0
327.0
327.0
327.2
327.2
327.4
327.6
327.6
327.8
328.5
328.6
328.7
328.8
329.0
329.0
329.2
329.4
329.4
329.4
329.4
329.4
329.6
329.8
329.9
330.1
330.1
330.2
330.3
330.4
330.6
331.0
331.2
331.2
331.9
332.4
332.6
332.7
333.0
333.0
333.0
333.3
333.6
333.9
334.1
334.4
335.1
335.3
335.9
336.4
336.4
336.6
336.8
337.3
338.1
338.5
338.6
338.6
338.6
338.6
338.8
338.9
339.7
339.9
340.0
340.2
340.2
340.3
340.5
341.0
341.5
341.5
341.7
342.0
342.5
342.5
343.1
343.3
343.8
343.9
344.1
344.1
344.2
344.3
344.3
344.4
344.5
344.6
344.8
344.8
345.5
345.6
345.7
345.9
346.0
346.0
346.1
346.1
346.3
346.7
347.5
347.6
348.4
348.9
348.9
349.1
349.2
349.6
350.5
350.5
350.5
350.9
351.0
351.2
351.5
351.6
352.1
352.1
352.2
352.3
352.4
352.6
352.8
353.1
353.1
353.3
353.7
353.7
353.7
353.8
353.8
353.9
354.0
354.0
354.3
354.5
354.6
354.7
354.8
355.2
355.4
355.4
355.5
355.6
355.8
355.8
356.2
357.0
357.3
357.3
357.4
357.5
357.5
357.7
358.2
358.4
358.4
358.6
358.7
358.7
358.8
358.8
359.1
359.1
359.3
359.3
359.8
360.1
360.2
360.6
360.7
361.0
361.0
361.1
361.1
361.3
361.4
361.6
361.7
361.8
361.8
362.0
362.2
362.5
362.7
362.7
362.8
363.1
363.4
364.2
364.2
365.4
365.4
365.8
365.9
365.9
366.1
366.3
366.7
366.9
367.2
368.1
368.2
368.3
368.7
368.7
368.7
368.9
368.9
369.0
369.4
369.5
369.6
369.8
370.0
370.2
370.6
370.8
370.8
370.9
371.1
371.5
371.6
372.0
372.7
372.7
373.0
373.1
373.1
373.3
373.4
373.6
373.6
373.9
374.0
374.1
374.4
374.9
375.4
375.5
375.5
375.7
375.7
375.7
375.8
376.1
376.3
376.5
376.5
376.6
376.8
377.0
377.2
377.2
377.3
377.8
377.8
377.9
378.0
378.5
378.8
378.8
378.9
379.7
380.1
380.3
380.7
381.0
381.1
381.2
381.4
381.4
381.6
381.7
381.7
381.9
382.3
382.3
382.7
383.5
383.8
383.8
384.5
384.6
384.6
384.6
384.9
384.9
385.3
385.5
385.6
385.8
385.8
386.1
386.4
386.6
386.8
387.0
387.2
387.2
387.4
387.5
387.6
387.7
387.7
387.8
388.0
388.2
388.4
388.5
388.6
389.0
389.2
389.6
389.8
390.0
390.1
390.3
390.4
390.5
390.5
390.7
390.7
390.9
391.0
391.1
391.3
391.7
391.9
391.9
392.3
392.4
393.0
393.0
393.2
393.5
393.5
393.6
393.8
393.9
394.2
394.9
395.2
395.3
395.3
395.3
395.6
396.0
396.1
396.3
396.4
396.6
396.7
396.8
397.2
397.2
397.4
397.6
397.9
397.9
398.0
398.1
398.4
398.7
398.7
398.9
399.0
399.0
399.2
399.3
399.7
399.9
400.1
400.3
400.4
400.4
400.7
400.8
401.2
401.2
401.2
401.3
401.3
402.1
402.2
402.4
402.7
403.0
403.7
404.3
404.4
404.6
405.4
405.7
405.7
405.9
406.2
406.4
406.5
406.5
406.6
406.6
406.8
406.8
407.0
407.2
407.9
407.9
408.0
408.0
408.0
408.1
408.2
408.5
408.5
408.6
408.7
408.8
408.9
409.7
409.9
409.9
410.1
410.3
410.3
410.4
410.5
410.8
411.0
411.1
411.1
411.2
411.3
411.5
411.5
411.6
411.9
412.0
412.5
413.6
413.8
414.0
414.3
414.3
414.4
414.4
414.5
414.9
415.1
415.3
415.3
415.6
415.9
416.0
416.1
416.2
416.3
416.4
416.9
416.9
417.0
417.1
417.6
417.6
417.8
418.0
418.1
418.6
418.8
419.1
419.2
419.3
419.4
419.9
420.2
420.4
420.4
420.6
420.7
420.9
421.2
421.7
422.0
422.2
422.3
422.5
422.5
422.8
422.8
423.5
423.6
423.7
423.8
423.9
424.6
424.6
424.9
425.0
425.3
425.4
425.5
425.5
425.7
425.9
426.3
426.5
426.7
426.7
427.0
427.2
428.1
428.2
428.3
428.5
429.0
429.0
429.0
429.1
429.2
429.3
429.4
429.7
429.7
429.8
429.9
430.0
430.0
430.4
430.4
430.4
430.7
430.8
431.3
431.3
431.4
431.5
431.5
431.6
431.6
431.6
431.7
431.8
432.1
432.2
432.6
432.8
432.8
433.0
433.0
433.1
433.5
433.9
434.1
434.1
434.4
434.4
434.4
434.5
434.6
434.7
434.8
435.0
435.6
435.7
435.9
436.2
436.3
436.6
436.8
436.9
437.1
437.2
437.6
437.7
437.9
438.0
438.1
438.8
438.8
438.8
438.9
438.9
439.2
439.5
439.5
439.5
439.6
439.6
439.9
440.0
440.2
440.5
440.6
440.7
440.8
440.8
441.0
441.2
441.2
441.2
441.5
441.7
441.8
441.8
442.0
442.1
442.1
442.2
442.4
442.5
442.6
442.9
443.0
443.0
443.1
443.1
443.2
443.4
443.5
443.9
444.1
444.1
444.1
444.6
445.6
445.8
445.8
446.6
447.0
447.1
447.2
447.4
447.6
447.6
447.8
448.2
448.2
448.2
448.3
449.0
449.2
449.9
450.0
450.1
450.1
450.1
450.2
450.4
450.5
450.6
451.1
451.2
451.5
451.5
451.8
452.0
452.1
452.2
452.2
452.4
452.4
452.8
452.8
453.0
453.0
453.0
453.2
453.3
454.0
454.0
454.1
454.3
454.4
454.5
454.5
455.0
455.1
455.2
455.3
455.5
455.6
456.3
456.6
456.6
456.8
457.0
457.1
457.2
457.5
457.7
458.5
458.6
458.6
458.9
459.1
459.1
459.2
459.3
459.4
459.4
459.5
459.8
459.8
459.9
460.3
460.4
460.6
461.2
461.3
461.4
461.5
461.6
461.7
461.8
461.8
462.0
462.4
462.5
462.7
462.7
462.8
463.3
463.3
463.4
463.5
463.7
463.8
464.0
464.2
464.2
464.5
464.6
464.6
464.8
464.9
465.2
465.3
465.7
465.9
466.0
466.0
466.1
466.3
466.9
467.2
467.3
467.4
467.8
467.9
468.1
468.2
468.3
468.3
468.4
468.6
469.6
470.2
470.4
470.6
470.7
470.8
470.8
470.9
471.0
471.2
471.5
471.8
472.3
472.4
472.5
473.2
473.2
473.2
473.2
473.5
473.9
474.4
474.7
474.8
474.8
475.2
475.4
475.5
475.5
475.6
475.7
475.8
476.0
476.1
476.2
476.3
476.3
476.3
476.6
476.8
477.3
477.4
477.4
477.6
477.6
477.6
477.8
477.9
478.0
478.1
478.1
478.1
478.2
478.3
478.5
478.9
479.0
479.4
479.4
479.6
479.7
479.8
479.9
480.1
480.2
480.3
480.3
480.4
480.5
481.0
481.0
481.3
481.8
481.8
481.8
481.9
482.0
482.2
482.4
482.5
482.6
482.7
483.1
484.2
484.2
484.2
484.4
484.4
484.7
484.7
484.8
484.8
485.0
485.5
485.7
485.9
486.3
486.4
486.4
486.7
486.9
486.9
487.0
487.2
487.8
488.0
488.4
488.5
488.8
489.1
489.2
489.7
489.7
489.9
490.3
490.4
490.5
490.9
491.0
491.3
491.4
492.3
492.9
493.0
493.2
493.4
493.5
494.0
494.0
494.2
494.2
494.9
495.1
495.3
495.4
495.4
496.0
496.2
496.3
496.4
496.5
496.6
496.6
496.6
496.8
497.1
497.4
497.4
497.5
497.6
497.6
497.7
497.7
497.8
498.0
498.4
498.7
498.9
499.1
499.2
499.6
499.8
500.2
500.3
500.4
501.1
501.2
501.3
501.3
501.4
501.6
502.0
502.1
502.5
502.6
502.7
502.8
502.9
503.2
503.3
503.9
503.9
503.9
503.9
503.9
504.1
504.2
504.3
504.4
505.4
505.5
505.7
505.7
506.1
506.1
506.2
506.4
506.8
507.0
507.1
507.6
507.6
507.8
507.9
508.0
508.1
508.1
508.7
508.9
509.0
509.3
509.3
509.3
509.4
509.4
509.5
509.6
509.8
510.2
510.5
510.8
510.8
511.0
511.4
511.5
511.6
512.0
512.4
512.4
512.5
513.3
513.3
513.3
514.1
514.3
514.4
514.5
514.5
514.5
514.5
514.5
514.6
515.0
515.2
515.7
515.8
515.8
515.9
516.0
516.4
516.4
516.5
517.0
517.1
517.2
517.5
517.6
518.0
518.4
518.9
518.9
519.0
519.6
519.6
519.7
519.7
519.7
520.0
520.2
520.2
520.4
520.4
520.6
520.6
520.7
520.7
520.8
520.9
520.9
521.0
521.1
521.4
521.5
521.6
521.6
521.8
522.5
523.0
523.2
523.3
523.5
523.6
524.1
524.3
525.0
525.1
525.2
525.5
525.7
526.1
526.5
526.7
526.7
526.7
526.9
527.1
527.5
527.6
527.6
528.4
528.6
529.1
529.1
529.4
529.4
529.5
529.5
529.6
529.8
529.8
529.9
530.1
530.7
530.9
530.9
530.9
531.1
531.1
531.1
531.2
531.4
531.4
531.7
532.0
532.6
532.6
532.8
533.2
533.2
533.3
533.4
533.7
533.8
534.0
534.4
535.0
535.1
535.5
535.5
535.7
535.9
536.1
536.5
537.0
537.0
537.5
537.6
537.8
538.0
538.3
538.3
538.3
538.7
538.8
538.9
538.9
539.1
539.1
539.2
539.7
540.3
540.5
540.5
540.6
540.7
541.0
541.0
541.1
541.1
541.3
541.4
541.5
541.7
541.9
542.1
542.2
542.3
542.5
542.6
542.7
542.9
543.0
543.4
543.6
543.6
543.7
543.8
543.8
544.0
544.1
544.1
544.3
544.5
544.7
544.8
544.9
545.1
545.3
546.0
546.3
546.3
546.3
546.8
547.1
547.1
547.2
547.4
548.4
548.5
548.5
548.6
549.2
549.4
549.5
549.6
549.9
550.0
550.0
550.1
550.3
550.6
550.7
550.7
550.7
551.0
551.1
551.2
552.0
552.1
552.3
552.6
552.6
552.7
552.8
552.8
552.9
553.2
553.3
553.6
553.6
553.9
554.2
554.3
554.4
554.6
554.6
554.9
555.0
555.3
555.4
555.5
555.5
555.9
556.2
556.5
556.5
556.5
556.6
556.7
557.0
557.2
557.5
557.8
557.9
558.0
558.2
558.4
558.6
558.8
558.9
559.1
559.3
559.5
559.5
559.6
559.7
560.0
560.4
560.5
560.7
560.8
560.9
561.2
561.3
561.4
561.5
561.6
561.6
561.7
561.8
561.9
562.2
562.3
562.4
562.5
563.0
563.0
563.2
563.4
563.4
563.6
563.7
563.7
563.7
563.7
563.8
563.8
563.9
564.0
564.3
564.7
564.7
564.7
565.1
565.4
565.4
565.6
565.7
565.8
566.1
566.7
566.7
566.8
567.0
567.2
567.4
567.8
567.9
567.9
568.2
568.3
568.5
568.8
568.9
568.9
569.1
569.3
569.4
569.9
570.1
570.5
570.5
570.8
570.9
571.2
571.3
571.4
571.6
572.2
572.2
572.3
572.3
572.4
572.8
573.1
573.2
573.3
573.4
573.6
573.9
574.2
574.2
574.3
574.6
574.7
575.0
575.2
575.5
575.7
575.8
575.9
575.9
576.1
576.3
576.5
576.6
576.6
576.7
576.8
577.6
577.7
577.8
578.6
578.7
578.9
578.9
579.3
579.7
579.7
579.7
579.8
580.0
580.3
580.3
580.3
580.7
581.1
581.4
581.4
581.7
581.8
582.1
582.1
582.1
582.2
582.5
582.5
582.7
582.9
583.2
583.4
583.7
583.7
583.7
583.8
583.8
583.8
583.9
584.0
584.2
584.6
584.8
585.0
585.1
585.2
585.2
585.4
585.6
585.6
585.7
585.7
585.8
586.2
586.3
586.5
586.6
586.8
586.9
587.0
587.0
587.5
587.6
587.6
588.2
588.6
588.7
588.7
589.0
589.0
589.0
589.0
589.5
589.5
589.7
590.0
590.1
590.2
590.2
590.3
590.4
590.4
590.6
590.8
590.9
591.6
591.7
591.9
591.9
592.0
592.1
592.1
592.8
593.0
593.0
593.0
593.3
593.4
593.6
593.7
594.0
594.1
594.4
594.5
594.7
595.0
595.1
595.3
595.4
595.6
596.0
596.1
596.5
596.6
597.3
597.5
597.6
597.6
597.7
597.8
597.9
598.0
598.1
598.1
598.2
598.3
598.4
598.4
598.5
598.5
598.6
598.8
599.0
599.4
599.8
599.9
600.1
600.1
600.3
600.4
600.4
600.5
600.8
600.9
601.0
601.1
601.2
601.4
601.9
602.0
602.6
602.7
602.7
602.8
602.9
603.3
603.8
604.2
604.2
604.6
604.7
604.8
604.9
605.0
605.3
605.3
605.4
605.5
605.7
606.1
606.3
606.9
607.0
607.5
607.5
607.5
607.6
608.1
608.3
608.5
609.1
609.4
609.4
609.5
609.6
609.7
609.9
610.4
610.5
610.5
610.7
611.1
611.5
611.8
611.8
611.8
611.9
611.9
612.1
612.6
612.9
613.1
613.2
613.5
613.5
614.1
614.2
614.3
614.3
614.9
615.0
615.1
615.3
615.3
615.3
615.5
615.7
616.0
616.1
616.7
616.8
616.8
617.0
617.2
618.0
618.2
618.2
618.3
618.5
618.5
618.9
619.0
619.2
619.2
619.3
619.3
619.4
619.9
620.0
620.1
620.1
620.4
620.4
621.0
621.1
621.2
621.2
621.3
621.6
622.1
622.2
622.2
622.4
622.4
622.5
622.5
622.5
622.6
622.8
623.1
623.1
623.2
623.2
623.2
623.5
623.6
623.9
623.9
624.1
624.3
624.4
624.6
624.6
624.7
624.8
624.8
625.0
625.0
625.0
625.1
625.2
625.2
625.2
625.8
625.9
625.9
626.1
626.2
626.3
626.3
626.6
626.7
626.8
626.9
627.0
627.1
627.1
627.4
628.0
628.1
628.2
628.7
628.7
628.7
629.0
629.0
629.2
629.2
629.4
629.5
629.7
629.9
630.1
630.1
630.2
630.2
630.6
630.7
630.7
630.9
631.3
631.5
631.8
631.8
632.0
632.0
632.1
632.3
632.5
632.5
632.5
633.1
633.4
633.4
633.6
633.8
633.8
634.2
634.2
634.3
634.3
634.4
634.6
634.6
635.0
635.1
635.3
635.7
635.7
635.8
635.9
636.0
636.2
636.6
636.7
636.8
636.9
637.3
637.3
637.7
638.0
638.3
638.4
638.4
638.6
638.8
638.9
638.9
639.2
639.3
639.4
639.4
639.5
639.7
639.7
640.0
640.3
640.5
640.6
640.7
640.8
640.9
641.0
641.1
641.2
641.4
641.5
642.0
642.2
642.3
642.5
642.7
642.9
643.2
643.4
643.5
643.6
643.7
644.0
644.3
644.4
644.5
644.7
644.7
644.8
644.9
644.9
645.0
645.0
645.1
645.3
645.4
645.8
645.9
646.0
646.3
646.3
646.7
647.1
647.2
647.5
647.5
647.5
647.5
647.6
647.6
647.6
647.7
647.8
647.8
647.8
647.9
648.0
648.1
648.2
648.3
648.4
648.5
648.6
648.6
648.7
649.0
649.1
649.3
649.4
649.4
649.4
649.5
649.6
649.6
650.1
650.4
650.5
650.7
650.9
650.9
650.9
651.2
651.4
651.6
651.8
652.2
652.4
652.6
652.7
652.9
653.1
653.3
653.3
653.5
653.6
653.6
653.6
653.7
653.8
654.0
654.3
654.4
654.4
654.5
654.8
655.0
655.1
655.3
655.4
655.6
655.7
655.8
656.0
656.3
656.9
657.0
657.0
657.2
657.3
657.3
657.3
657.5
657.7
657.9
657.9
658.1
658.1
658.3
658.4
658.4
658.4
658.5
659.3
659.9
660.1
660.2
660.4
660.4
660.6
660.8
660.8
660.9
660.9
661.0
661.1
661.1
661.2
661.3
661.4
661.9
662.5
662.5
662.6
662.8
662.9
663.0
663.0
663.2
663.4
663.6
663.8
663.9
664.3
664.4
664.6
664.7
664.8
664.9
665.1
665.2
665.3
665.3
665.3
665.4
665.6
665.7
665.8
665.8
666.2
666.3
666.3
666.5
667.3
667.3
667.3
667.4
667.7
667.9
667.9
668.1
668.2
668.2
668.3
668.5
668.6
668.8
668.8
668.9
669.0
669.2
669.4
669.4
669.6
669.9
669.9
670.1
670.4
670.4
670.5
670.5
670.6
671.0
671.1
671.3
671.3
671.4
671.4
671.5
672.3
672.3
672.3
672.4
672.7
673.4
673.4
673.5
673.6
673.6
673.7
673.8
673.8
673.8
673.9
674.3
674.4
674.5
674.8
674.9
675.0
675.3
675.8
676.0
676.2
676.2
676.6
676.7
677.3
677.4
677.5
677.5
678.0
678.1
678.2
678.2
678.4
678.5
678.5
678.6
678.7
678.7
679.0
679.1
679.2
679.3
679.5
679.6
679.7
679.9
680.0
680.0
680.1
680.2
680.5
680.7
681.5
681.5
681.8
681.9
682.1
682.3
682.4
683.1
683.2
683.4
683.5
683.6
683.7
683.8
684.3
684.3
684.5
684.5
684.6
684.6
684.9
685.2
685.8
685.9
686.1
686.4
686.5
686.6
686.7
686.8
686.9
687.0
687.0
687.2
687.3
687.4
687.5
687.7
687.8
687.9
688.0
688.1
688.1
688.2
688.3
688.3
688.5
688.7
688.8
689.3
689.3
689.4
689.6
689.8
689.9
690.0
690.2
690.4
690.4
691.5
691.7
691.7
692.0
692.0
692.1
692.1
692.1
692.4
692.5
692.6
692.6
692.7
692.7
693.1
693.3
693.3
693.4
693.4
693.7
693.8
693.8
693.9
694.1
694.5
694.9
694.9
695.0
695.1
695.5
695.7
695.9
695.9
696.2
696.2
696.3
696.4
696.5
696.6
696.7
696.8
696.9
696.9
697.3
697.4
697.5
697.5
697.6
697.6
697.6
698.0
698.1
698.3
698.6
698.7
698.7
699.0
699.1
699.2
699.3
699.4
699.5
699.6
699.6
700.0
700.1
700.3
700.4
700.5
700.8
700.8
700.9
701.0
701.0
701.0
701.0
701.1
701.5
701.6
701.6
701.7
701.7
702.1
702.1
702.2
702.3
702.3
702.7
702.9
703.0
703.0
703.6
704.3
704.6
704.8
705.2
705.3
705.4
705.4
705.9
706.5
706.7
707.0
707.2
707.5
707.6
707.6
707.7
708.1
708.4
708.5
708.5
708.6
708.7
709.2
709.2
709.5
709.7
709.8
710.0
710.1
710.3
710.4
710.9
711.1
711.3
711.4
711.4
711.5
711.7
711.9
712.0
712.1
712.3
712.4
712.4
712.7
713.1
713.1
713.4
713.6
713.8
713.9
713.9
714.2
714.3
714.5
714.5
714.7
715.1
715.2
715.4
715.9
716.1
716.2
716.2
716.5
716.6
716.7
716.9
717.3
717.4
718.2
718.3
719.0
719.1
719.4
719.5
719.9
719.9
719.9
720.0
720.2
720.4
720.5
720.7
720.7
720.8
721.4
721.4
721.5
721.7
721.9
722.2
722.4
722.4
722.5
722.5
722.5
722.5
722.5
722.6
722.7
722.9
723.0
723.2
723.2
723.3
723.5
723.9
723.9
724.1
724.2
724.2
724.4
724.8
725.6
725.9
726.3
726.4
726.5
726.5
726.6
726.9
726.9
727.4
727.9
728.1
728.4
728.4
728.5
728.6
728.6
728.7
728.7
729.3
729.3
729.5
729.7
729.7
730.1
730.1
730.2
730.4
730.4
730.7
730.8
730.8
731.1
731.1
731.5
731.6
731.6
731.8
731.8
732.1
732.5
732.8
733.4
733.4
733.4
733.5
733.7
734.1
734.9
735.1
735.2
735.2
736.0
736.0
736.0
736.4
736.4
736.5
736.6
736.7
736.9
737.4
737.5
737.6
737.6
737.7
737.7
737.8
737.9
738.0
738.1
738.5
738.5
738.5
738.6
738.6
738.8
738.8
739.4
739.5
740.0
740.0
740.2
740.4
740.8
740.9
741.0
741.3
741.3
741.3
741.4
741.4
741.5
741.7
741.9
741.9
742.2
742.6
742.7
743.2
743.4
743.5
743.7
743.8
744.3
745.1
745.2
745.3
745.6
746.2
746.4
746.7
746.9
746.9
747.3
747.8
747.8
747.9
748.2
748.7
748.8
749.3
749.4
749.8
750.2
750.2
750.3
750.5
750.8
751.1
751.1
751.3
751.5
751.5
751.5
751.6
751.6
751.8
751.9
752.1
752.2
752.3
752.5
752.7
752.9
753.0
753.0
753.2
753.2
753.3
754.0
754.0
754.3
754.5
755.1
755.2
755.4
755.5
755.5
756.0
756.1
756.1
756.4
756.5
756.6
756.8
757.0
757.4
757.5
757.9
759.3
759.3
759.5
759.6
759.7
760.1
760.2
760.3
760.4
760.7
760.7
760.7
761.0
761.2
761.2
761.2
761.3
761.4
761.5
761.6
761.7
761.8
761.9
762.2
762.3
762.3
762.3
762.3
762.5
762.9
763.1
763.6
763.7
763.8
763.9
764.1
764.1
764.2
764.4
764.5
764.5
764.6
764.8
765.2
765.3
765.4
765.4
765.5
765.8
765.9
766.1
766.1
766.6
766.8
767.2
767.3
767.4
767.5
767.5
767.6
768.1
769.2
769.2
769.2
769.2
769.4
769.6
770.0
770.1
770.8
770.8
770.8
771.1
771.3
771.3
771.5
771.7
772.0
772.1
772.1
772.8
772.8
772.9
773.2
773.3
773.6
773.7
773.7
773.9
774.0
774.1
774.2
774.2
774.4
774.4
774.6
774.9
774.9
775.0
775.0
775.0
775.2
775.3
775.3
775.5
775.5
775.6
776.0
776.3
776.4
776.8
776.9
777.2
777.8
777.8
777.9
778.1
778.4
778.4
778.5
778.6
778.6
778.7
779.6
779.7
779.8
780.0
780.2
780.2
780.4
780.5
780.6
780.7
780.8
781.0
781.2
781.3
781.4
781.6
781.8
781.9
781.9
782.1
782.2
782.3
783.0
783.2
783.3
783.6
783.7
783.8
783.9
784.0
784.0
784.3
784.6
784.6
785.0
785.0
785.1
785.2
785.3
785.3
785.6
785.7
785.8
785.9
786.0
786.2
786.4
786.4
786.8
786.8
786.9
786.9
787.0
787.2
787.8
787.9
788.2
788.4
788.7
788.9
789.0
789.1
789.3
789.4
789.5
789.7
789.8
790.0
790.0
790.4
790.5
790.6
790.8
791.1
791.1
791.1
791.2
791.4
791.5
791.7
791.9
792.1
792.3
792.6
792.6
792.9
793.1
793.1
793.3
793.5
793.6
793.7
793.8
794.3
794.5
794.7
794.9
795.5
795.6
795.6
796.3
796.4
796.6
796.6
796.9
797.1
797.4
797.6
797.7
797.7
798.1
798.1
798.1
798.3
798.4
798.4
798.6
798.6
799.2
799.4
799.5
799.5
799.6
799.6
799.8
799.9
799.9
800.1
800.3
800.6
800.8
800.9
800.9
801.1
801.2
801.2
801.3
801.3
801.4
802.2
802.4
802.4
802.4
802.5
802.6
802.6
802.8
802.9
802.9
803.4
803.8
804.0
804.0
804.3
804.8
804.9
805.0
805.1
806.0
806.4
807.5
807.5
807.5
807.8
807.9
808.0
808.4
808.7
808.7
808.8
808.8
809.0
809.0
809.1
809.1
809.3
809.4
810.0
810.1
810.4
810.5
810.8
810.9
810.9
811.1
811.7
812.0
812.3
812.3
812.3
812.3
812.4
812.5
812.8
813.3
813.5
813.5
813.6
813.7
813.8
813.9
814.1
814.2
814.6
814.6
814.8
814.9
815.0
815.0
815.4
815.4
815.5
815.7
816.0
816.2
816.3
816.3
816.6
816.7
816.7
816.8
816.9
817.0
817.4
817.4
817.9
818.6
819.1
819.7
820.6
820.9
820.9
821.0
821.2
821.2
821.5
821.9
822.1
822.3
822.6
823.0
823.2
823.2
823.6
823.9
824.2
824.4
824.5
824.6
824.6
824.8
824.9
824.9
825.4
825.4
825.9
826.2
826.3
826.6
826.9
827.0
827.1
827.3
827.8
828.0
828.2
828.5
828.6
829.0
829.0
829.1
829.2
829.4
829.5
829.6
829.8
830.3
830.8
830.8
831.1
831.2
831.9
832.2
832.3
832.5
832.6
832.8
832.8
834.0
834.2
834.6
834.6
834.7
834.8
834.8
835.0
835.2
836.0
836.0
836.0
836.4
836.8
837.1
837.3
837.8
837.9
838.2
838.6
838.6
838.8
839.0
839.0
839.0
839.2
839.3
839.4
839.5
839.6
839.6
839.6
839.7
839.8
839.9
840.1
840.3
840.4
840.5
841.0
841.2
841.3
841.4
841.6
841.6
841.7
841.9
841.9
841.9
841.9
842.1
842.1
842.3
843.2
843.2
843.4
843.4
843.4
843.7
844.0
844.0
844.5
844.7
844.8
844.8
844.9
845.5
845.8
845.9
846.1
846.2
846.3
846.4
846.6
847.0
847.0
847.1
847.4
847.4
847.4
847.9
848.1
848.2
848.4
848.6
848.7
849.1
849.2
849.3
849.5
849.7
849.8
850.1
850.2
850.4
850.5
850.8
850.9
851.8
851.9
852.2
852.3
852.3
852.4
852.5
852.6
852.8
852.8
853.1
853.1
853.3
853.6
853.6
853.7
853.7
853.9
854.5
855.2
855.3
855.9
856.0
856.1
856.2
856.4
856.6
856.7
856.8
856.9
857.1
857.4
857.5
857.5
857.6
857.8
857.8
857.9
858.5
858.6
858.7
858.9
858.9
859.0
859.1
859.2
859.4
859.4
859.8
859.9
859.9
860.0
860.6
860.7
861.0
861.1
861.2
861.9
862.3
862.5
862.8
863.1
863.1
864.3
864.6
864.7
864.7
865.0
865.4
865.4
865.6
866.0
866.1
866.7
866.7
867.0
867.2
867.4
867.4
868.0
868.1
868.2
868.4
868.7
868.9
869.1
869.2
869.4
869.5
869.6
869.6
870.2
870.3
871.5
872.3
872.3
872.5
872.6
872.7
872.7
872.8
872.9
873.0
873.4
873.4
873.7
873.7
874.2
874.2
874.4
874.5
874.5
874.6
874.9
875.1
875.1
875.3
875.4
875.4
876.0
876.3
876.6
876.6
876.7
876.7
876.8
876.9
877.6
878.6
878.6
878.7
878.8
878.8
878.8
879.1
879.3
879.5
880.0
880.2
880.2
880.3
880.9
881.3
881.4
881.4
881.6
881.7
881.7
881.9
882.0
882.2
882.7
882.9
883.1
883.3
883.3
883.5
884.1
884.4
884.7
884.8
885.1
885.2
885.4
885.8
886.2
886.2
886.6
887.1
887.2
887.3
887.5
888.1
888.2
888.2
888.2
888.3
888.7
889.1
889.4
889.5
889.6
889.7
889.7
889.8
889.9
890.1
890.4
890.6
890.7
890.9
891.0
891.2
891.3
891.6
891.7
891.9
892.0
892.0
892.1
892.5
892.6
892.8
893.1
893.2
893.3
893.4
893.4
893.8
893.9
893.9
894.0
894.0
894.1
894.5
894.6
894.7
894.7
894.9
895.0
895.0
895.2
895.3
895.4
895.5
895.5
895.6
895.8
895.9
896.0
896.4
896.4
896.4
896.6
896.7
896.7
897.1
897.2
897.4
897.5
897.7
897.9
898.1
898.9
898.9
899.1
899.5
899.5
899.6
899.6
899.7
899.8
900.0
900.0
900.1
900.1
900.2
900.3
900.4
900.6
900.7
900.9
901.2
901.3
901.5
901.5
901.6
901.6
901.8
901.8
901.9
902.0
902.3
902.6
902.8
903.0
903.3
903.4
903.7
903.7
904.0
904.1
904.1
904.3
904.3
904.3
904.3
904.4
904.5
904.5
904.8
904.8
905.0
905.1
905.4
905.7
905.7
905.8
906.2
906.2
906.4
906.6
906.6
906.7
906.8
906.9
907.5
907.8
909.3
909.3
909.7
909.7
909.9
910.2
910.5
910.6
910.7
911.0
911.6
911.6
911.6
911.7
911.9
912.0
912.2
912.2
912.4
912.4
912.4
912.4
913.2
913.2
913.6
913.7
913.7
914.9
915.1
915.5
915.9
915.9
916.5
916.5
916.6
916.6
916.7
917.5
917.6
917.6
918.0
918.0
918.0
918.0
918.2
918.3
918.5
918.7
919.3
919.4
919.4
919.5
919.6
919.7
919.8
919.9
920.4
920.6
920.8
921.1
921.1
921.2
921.3
921.5
921.5
921.8
921.8
921.8
921.9
922.0
922.0
922.0
922.2
922.3
922.5
922.7
922.7
923.1
923.3
923.4
923.7
923.7
923.8
923.8
924.0
924.0
924.1
924.3
924.4
925.1
925.1
925.2
925.3
925.5
925.7
926.0
926.1
926.2
926.5
926.5
926.5
926.6
926.6
926.8
927.1
927.3
927.6
927.7
927.8
927.9
927.9
928.2
928.2
928.3
928.5
928.8
929.5
929.6
930.6
930.7
931.0
931.2
931.4
931.5
931.6
931.6
931.9
932.1
932.7
932.7
933.0
933.2
933.3
933.8
934.1
934.2
935.0
935.1
935.1
935.3
935.3
935.7
936.3
936.3
936.9
937.2
937.3
937.3
937.4
937.5
937.8
938.0
938.1
938.2
938.3
938.5
938.6
939.0
939.3
939.3
940.0
940.0
940.3
940.6
940.7
941.1
941.7
942.0
942.1
942.1
942.2
942.3
942.4
943.0
943.2
943.7
943.8
943.9
944.0
944.1
944.2
944.6
944.6
944.8
944.9
945.1
945.3
945.6
945.7
946.0
946.0
946.5
946.6
946.8
946.9
947.1
947.3
947.5
947.5
947.8
947.9
948.3
948.9
948.9
949.0
949.0
949.0
949.3
949.3
949.4
949.5
949.9
950.2
950.4
950.4
950.5
950.8
950.8
950.9
951.0
951.1
951.8
951.8
952.6
952.8
952.8
952.9
953.0
953.0
953.1
953.2
953.2
953.3
953.6
953.7
953.7
953.7
953.8
953.8
954.0
954.0
954.3
954.8
954.8
955.0
955.5
955.6
955.9
955.9
956.0
956.2
956.2
956.2
956.7
957.0
957.2
957.3
957.7
958.0
958.0
958.2
958.5
959.0
959.3
959.5
960.4
960.7
960.8
960.9
961.4
961.6
961.7
961.8
961.8
962.0
962.0
962.2
962.2
962.7
962.7
962.7
962.8
962.8
962.9
963.1
963.1
963.2
963.2
963.2
963.6
963.6
963.7
963.7
964.0
964.2
964.7
964.8
964.8
964.9
965.0
965.0
965.1
965.2
965.4
965.5
965.7
966.1
966.1
966.8
966.9
967.0
967.0
967.6
967.8
967.8
967.8
967.8
967.9
968.0
968.3
968.3
968.4
968.8
968.9
968.9
969.0
969.6
969.7
970.0
970.1
970.2
970.3
970.3
970.5
970.6
970.9
971.1
971.4
971.8
972.4
972.7
972.9
973.0
973.2
973.2
973.3
973.4
973.4
973.8
974.0
974.7
974.7
975.3
975.7
976.0
976.0
976.4
976.7
976.7
977.1
977.3
977.3
977.4
977.6
978.0
978.1
978.2
978.3
978.4
978.6
978.6
978.6
978.6
978.6
978.7
978.9
978.9
979.1
979.2
979.4
979.6
980.0
980.3
980.4
980.6
980.7
980.7
980.7
981.3
981.3
981.5
981.8
982.0
982.0
982.1
982.2
982.2
982.3
983.0
983.1
983.2
983.7
983.7
983.8
984.0
984.1
984.1
984.3
984.6
984.7
984.8
985.2
985.2
985.3
985.5
985.9
986.1
986.3
986.6
986.8
986.8
986.9
987.3
987.5
987.7
987.9
988.2
989.3
989.3
989.9
990.2
990.2
990.2
990.6
990.6
990.8
991.0
991.1
991.3
991.3
991.4
991.8
991.9
992.0
992.1
992.1
992.5
992.6
992.8
993.3
993.6
994.0
994.2
994.5
994.5
994.7
995.1
995.1
995.1
995.3
995.5
995.8
995.9
995.9
996.1
996.1
996.2
996.2
996.3
996.4
996.7
996.7
996.8
997.2
997.3
997.5
997.5
997.6
997.8
998.2
998.3
998.5
999.0
999.1
999.3
999.3
999.3
999.4
999.6
999.6
999.6
999.6
999.8
