32
33
39
40
41
43
75
13
17
18
22
24
26
28
29
30
31
34
35
36
37
38
42
44
45
46
47
48
49
50
51
54
55
59
60
62
64
65
67
71
74
79
80
14
15
16
19
21
23
25
27
52
53
56
57
58
61
63
66
68
69
70
72
73
76
77
78
82
83
84
20
81
85
86
88
89
8
9
10
11
12
87
90
7
91
6
92
4
5
93
94
95
2
96
3
1
0
97
98
99
39
40
41
33
32
43
75
37
35
45
34
36
59
64
62
42
44
48
38
47
22
74
46
50
60
24
49
54
67
79
28
51
55
71
29
65
80
13
30
17
18
26
31
82
66
69
21
73
15
56
61
78
25
77
76
52
58
63
53
70
19
57
72
27
68
14
23
83
16
84
86
32
33
39
40
41
43
75
13
17
18
22
24
26
28
29
30
31
34
35
36
37
38
42
44
45
46
47
48
49
50
51
54
55
59
60
62
64
65
67
71
74
79
80
14
15
16
19
21
23
25
27
52
53
56
57
58
61
63
66
68
69
70
72
73
76
77
78
82
83
84
20
81
85
86
88
89
8
9
10
11
12
87
90
7
91
6
92
4
5
93
94
95
2
96
3
1
0
97
98
99
39
40
41
33
32
43
75
37
35
45
34
36
59
64
62
42
44
48
38
47
22
74
46
50
60
24
49
54
67
79
28
51
55
71
29
65
80
13
30
17
18
26
31
82
66
69
21
73
15
56
61
78
25
77
76
52
58
63
53
70
19
57
72
27
68
14
23
83
16
84
86
32
33
39
40
41
43
75
13
17
18
22
24
26
28
29
30
31
34
35
36
37
38
42
44
45
46
47
48
49
50
51
54
55
59
60
62
64
65
67
71
74
79
80
14
15
16
19
21
23
25
27
52
53
56
57
58
61
63
66
68
69
70
72
73
76
77
78
82
83
84
20
81
85
86
88
89
8
9
10
11
12
87
90
7
91
6
92
4
5
93
94
95
2
96
3
1
0
97
98
99
39
40
41
33
32
43
75
37
35
45
34
36
59
64
62
42
44
48
38
47
22
74
46
50
60
24
49
54
67
79
28
51
55
71
29
65
80
13
30
17
18
26
31
82
66
69
21
73
15
56
61
78
25
77
76
52
58
63
53
70
19
57
72
27
68
14
23
83
16
84
86
