668
766
649
437
659
478
539
292
515
460
518
455
554
290
295
507
459
587
464
330
590
525
235
329
535
576
432
825
411
496
433
443
178
644
422
721
142
393
472
667
731
311
498
713
795
274
467
619
230
641
519
561
358
469
647
481
357
409
709
537
224
251
827
282
468
611
723
260
673
558
440
512
319
773
485
152
441
516
710
237
579
736
794
711
556
442
362
194
420
725
336
530
400
304
758
818
415
612
655
497
706
719
453
800
588
688
597
657
728
402
533
396
577
555
407
896
338
578
772
418
492
568
729
392
503
834
345
696
310
127
111
797
408
607
382
640
637
384
280
288
627
369
698
855
666
293
332
602
552
663
656
410
633
287
526
236
939
544
495
817
430
745
560
832
366
787
324
281
669
452
245
767
258
215
378
875
708
661
643
724
348
543
313
391
658
264
739
359
398
584
211
