6.8
11.4
11.5
12.0
12.3
12.6
12.7
12.7
12.8
12.9
13.1
13.6
14.1
14.2
14.7
14.8
15.0
15.0
15.1
15.3
15.5
15.5
15.7
16.2
16.4
16.5
16.7
16.8
17.2
17.3
17.6
17.6
18.1
18.2
18.3
18.3
18.4
18.6
18.8
19.4
19.9
20.0
20.5
20.6
20.7
20.7
20.8
20.8
20.9
21.3
21.8
21.9
21.9
22.2
22.2
22.3
22.3
22.4
22.5
22.6
22.9
23.1
23.2
23.2
23.3
23.7
24.3
24.7
24.8
24.8
24.9
25.0
25.0
25.3
25.5
25.6
25.8
25.9
26.2
26.4
27.4
27.6
27.6
27.7
28.1
28.7
28.9
28.9
29.0
29.9
30.0
30.1
30.6
31.0
31.4
31.4
31.6
31.7
31.8
31.9
32.0
32.1
32.3
32.5
32.6
32.8
33.2
33.3
33.7
33.8
34.3
35.0
35.0
35.3
35.5
35.8
35.8
36.1
36.3
36.4
37.2
37.2
37.4
37.4
37.4
37.6
37.7
37.8
38.2
38.3
38.5
38.5
39.5
40.2
40.3
40.4
41.0
41.3
41.5
41.5
42.0
42.6
43.4
44.0
44.0
44.0
44.2
44.7
44.8
44.9
45.8
46.8
47.0
47.3
47.3
47.3
47.4
47.5
47.8
48.4
48.6
48.7
49.1
49.3
49.4
49.7
49.7
49.9
49.9
49.9
50.3
50.5
50.7
51.2
51.5
52.0
52.0
52.3
52.3
53.5
53.6
54.1
54.3
54.7
54.8
55.4
56.0
56.5
57.2
57.3
57.4
57.8
57.9
58.7
59.0
59.2
59.4
60.5
61.5
63.4
64.4
64.6
65.2
65.5
65.8
66.0
66.6
66.6
66.6
67.3
67.4
68.0
68.2
68.2
69.5
69.5
70.9
71.0
71.1
71.2
71.5
71.5
71.7
72.1
72.2
73.4
74.1
74.7
75.3
75.4
76.4
76.9
78.4
78.8
79.1
80.7
81.7
81.9
82.1
82.5
82.8
83.9
86.1
86.2
86.4
86.6
87.1
87.2
87.2
87.7
88.0
88.0
88.9
89.7
90.6
91.5
92.5
94.3
95.4
97.5
97.5
97.7
99.2
100.4
100.7
101.2
101.6
104.3
105.8
105.8
106.2
108.2
109.0
110.4
111.7
113.6
115.7
116.2
117.4
117.5
117.7
119.0
122.3
122.4
123.2
125.0
125.4
126.7
128.7
129.3
130.4
132.1
132.5
138.6
139.6
140.1
141.4
145.4
147.0
148.1
154.3
155.0
155.4
155.8
156.2
157.6
158.3
159.1
160.1
162.3
164.6
167.4
169.2
171.1
172.5
172.6
180.5
180.7
183.4
187.9
189.2
194.2
195.6
196.5
196.7
201.9
202.0
203.3
204.6
208.7
209.0
214.2
220.3
221.3
223.6
223.9
225.5
228.6
231.6
234.0
240.7
243.0
247.4
248.2
254.0
256.1
269.0
269.8
270.0
271.3
274.5
279.8
282.1
283.1
283.6
284.2
284.4
287.9
290.2
291.3
292.3
299.5
309.4
312.1
316.7
330.3
332.8
336.1
338.4
340.1
341.9
351.4
351.7
351.8
355.3
358.9
359.7
361.2
361.3
364.0
364.5
365.0
370.4
372.6
372.7
374.2
377.1
377.2
378.1
380.4
381.5
385.1
386.0
388.8
390.8
392.4
392.7
394.2
404.5
405.6
406.5
407.5
408.2
408.9
409.0
416.3
417.2
418.6
420.2
421.2
423.9
426.3
428.5
431.3
437.3
437.9
438.0
438.0
443.5
445.0
445.5
445.6
446.3
450.1
453.7
456.1
458.6
459.3
463.7
465.4
466.8
469.4
469.8
469.9
472.7
474.5
477.4
477.9
480.1
483.3
488.4
490.3
491.5
491.8
493.2
494.0
494.2
497.0
497.1
500.8
504.9
505.9
506.7
507.0
507.9
509.5
512.3
513.6
515.5
515.8
518.6
519.5
520.1
521.8
523.3
525.9
526.2
527.1
527.5
528.7
543.5
545.4
545.5
548.2
551.7
552.4
553.5
554.8
557.7
560.9
561.6
563.3
564.1
568.4
573.1
574.9
576.6
577.6
580.4
580.4
580.5
586.8
588.7
591.9
596.1
597.5
601.5
603.4
610.3
612.0
613.8
614.7
616.3
618.1
621.6
621.7
622.9
623.9
628.8
631.4
635.0
637.0
638.0
641.7
644.2
644.3
645.2
645.4
647.5
649.4
650.5
656.7
658.9
664.2
664.4
664.8
667.2
670.4
673.6
676.0
676.6
677.8
683.7
685.7
685.8
694.1
699.1
700.3
701.0
701.5
706.4
706.4
707.3
708.4
716.2
720.5
723.8
727.9
731.0
731.9
735.0
737.8
738.2
738.9
740.4
741.6
745.1
745.3
759.4
761.2
761.6
764.6
767.3
767.5
776.3
776.8
779.6
786.5
787.7
802.4
805.7
806.2
809.2
813.7
819.2
819.4
821.1
821.7
824.0
828.1
829.0
829.3
830.7
831.8
832.4
832.9
834.0
834.9
835.5
836.4
839.1
843.6
845.1
845.2
847.7
849.7
850.5
855.4
855.9
856.3
857.5
865.9
866.1
869.1
872.8
874.4
876.3
877.3
878.0
879.9
881.2
883.8
887.0
887.3
887.6
888.3
888.4
893.1
895.4
895.4
900.0
901.4
902.7
903.6
907.1
907.7
910.1
913.5
917.8
919.0
920.1
920.2
921.6
924.9
928.9
930.4
930.5
931.5
933.9
935.5
939.7
939.9
940.2
941.5
943.3
944.8
946.4
947.4
948.6
951.1
955.4
961.6
962.7
966.8
967.9
969.8
970.4
971.3
972.9
975.3
977.5
980.6
981.8
982.8
984.6
985.2
986.0
986.3
987.7
989.5
991.4
994.2
998.2
