9.0
14.1
15.5
16.6
18.2
18.5
18.8
19.0
19.2
19.4
20.4
21.3
21.5
21.6
21.7
21.8
21.9
21.9
24.0
24.1
24.4
24.7
25.2
25.2
25.5
25.5
25.6
26.4
26.6
27.9
28.0
28.0
28.6
28.7
28.7
29.0
29.2
30.1
30.4
31.2
31.4
32.1
32.2
32.7
33.0
33.1
33.3
33.9
35.6
35.6
36.0
36.2
36.4
36.9
37.2
39.0
39.9
40.1
40.2
41.1
41.8
42.4
43.7
43.8
43.8
44.3
44.9
45.3
46.2
46.2
46.6
47.2
50.4
50.6
50.9
51.0
51.6
51.8
51.9
52.4
54.3
54.5
54.6
54.9
55.7
56.4
58.1
58.9
58.9
59.7
61.6
62.9
63.0
63.9
65.2
66.1
66.6
67.4
67.5
69.2
70.4
72.1
73.2
74.6
76.9
79.9
80.2
82.0
82.1
83.1
84.1
84.2
84.6
84.7
90.1
90.5
91.0
95.2
99.1
100.5
100.8
103.2
105.1
105.8
109.0
112.2
116.5
117.2
117.9
118.3
135.3
136.2
141.1
144.5
148.0
149.2
156.6
162.8
164.3
164.5
164.7
165.7
166.4
169.6
180.5
182.6
198.6
201.4
218.9
248.9
283.0
291.3
294.2
320.3
324.4
342.2
357.9
363.4
364.2
368.6
370.4
378.5
379.4
385.8
394.0
399.1
412.6
432.9
455.6
456.6
471.6
510.4
511.9
551.7
552.2
552.2
571.1
576.0
584.6
585.4
594.2
595.3
608.5
629.8
640.1
642.5
650.7
661.6
668.2
673.9
675.1
703.6
705.6
728.7
750.8
788.9
792.9
795.9
815.5
825.9
839.1
842.6
854.4
862.6
894.9
895.1
900.3
904.5
921.8
932.7
948.2
958.2
960.2
961.4
964.4
969.2
975.1
985.9
999.4
