119.2
119.2
119.2
119.3
119.3
119.5
119.5
119.5
119.6
119.7
119.7
119.7
119.7
119.8
119.8
119.9
119.9
119.9
119.9
120.0
120.0
120.1
120.1
120.1
120.1
120.1
120.1
120.2
120.2
120.2
120.2
120.3
120.3
120.3
120.3
120.3
120.3
120.4
120.4
120.5
120.5
120.5
120.6
120.6
120.6
120.6
120.7
120.7
120.7
120.8
120.8
120.8
120.9
120.9
120.9
120.9
120.9
121.0
121.0
121.0
121.0
121.0
121.1
121.1
121.1
121.1
121.2
121.2
121.2
121.3
121.4
121.7
121.8
121.9
121.9
122.0
122.1
122.1
122.2
122.5
122.6
122.6
122.8
123.3
123.9
123.9
124.3
124.5
124.8
125.2
127.6
127.8
128.3
128.7
129.5
130.1
130.5
135.3
151.4
151.9
151.9
152.0
152.0
152.1
152.1
152.1
152.1
152.2
152.2
152.2
152.3
152.4
152.4
152.5
152.5
152.6
152.6
152.6
152.7
152.7
152.7
152.8
152.8
152.8
152.8
152.9
152.9
153.0
153.0
153.1
153.1
153.1
153.1
153.1
153.2
153.3
153.3
153.3
153.4
153.5
153.5
153.5
153.5
153.5
153.5
153.5
153.6
153.6
153.6
153.6
153.6
153.6
153.7
153.7
153.8
153.8
153.9
153.9
153.9
154.1
154.1
154.1
154.1
154.1
154.2
154.3
154.3
154.4
154.4
154.4
154.5
154.8
154.9
155.1
155.4
155.5
155.7
155.7
155.9
155.9
156.0
156.3
157.6
157.7
157.8
157.8
158.3
158.6
159.7
160.4
160.4
160.5
160.5
160.5
160.5
160.5
160.5
160.6
160.6
160.6
160.7
160.7
160.7
160.8
160.8
160.8
160.8
160.9
160.9
160.9
160.9
160.9
160.9
160.9
160.9
160.9
161.1
161.2
161.2
161.2
161.3
161.3
161.4
161.5
161.7
161.7
161.7
161.8
161.8
161.9
161.9
161.9
161.9
161.9
161.9
162.0
162.1
162.1
162.1
162.3
162.4
162.4
162.4
162.5
162.7
162.8
162.8
163.0
163.2
163.4
163.5
163.6
163.7
163.9
164.0
164.0
164.0
164.0
164.0
164.0
164.0
164.0
164.1
164.1
164.1
164.1
164.2
164.2
164.2
164.3
164.3
164.3
164.4
164.4
164.4
164.4
164.5
164.5
164.5
164.5
164.5
164.5
164.5
164.6
164.7
164.7
164.7
164.8
164.9
164.9
165.0
165.0
165.0
165.0
165.1
165.1
165.2
165.2
165.3
165.4
165.5
165.5
165.6
165.7
165.7
165.7
165.7
165.8
165.8
165.9
165.9
165.9
165.9
166.0
166.1
166.1
166.2
166.3
166.3
166.4
166.4
166.5
166.6
166.9
166.9
166.9
167.0
167.0
167.0
167.4
167.5
167.5
167.5
167.5
167.5
167.6
167.6
167.6
167.6
167.7
167.7
167.7
167.8
167.8
167.8
167.9
167.9
167.9
168.0
168.0
168.0
168.0
168.0
168.0
168.1
168.1
168.1
168.2
168.2
168.2
168.2
168.2
168.2
168.3
168.4
168.5
168.5
168.6
168.6
168.6
168.7
168.7
168.7
168.7
168.8
169.0
169.2
169.3
169.4
169.4
169.4
169.6
169.6
169.6
169.6
169.6
169.7
169.8
169.8
169.8
169.9
170.1
170.1
170.3
170.4
170.5
170.5
170.6
170.6
170.7
171.0
171.2
171.2
171.3
171.3
171.4
171.4
171.4
171.4
171.4
171.4
171.5
171.5
171.5
171.5
171.5
171.5
171.6
171.6
171.6
171.7
171.7
171.8
171.8
171.9
172.0
172.0
172.0
172.1
172.1
172.1
172.2
172.2
172.2
172.3
172.3
172.3
172.3
172.4
172.5
172.6
172.7
172.8
172.8
172.8
172.9
173.0
173.0
173.0
173.0
173.1
173.2
173.3
173.3
173.4
173.5
173.6
173.7
173.7
173.7
173.9
173.9
174.0
174.0
174.0
174.1
174.2
174.2
174.3
174.3
174.3
174.6
174.8
174.8
174.8
174.8
174.9
175.0
175.1
175.2
175.2
175.2
175.3
175.3
175.5
175.6
175.7
176.0
176.0
176.1
176.1
176.1
176.1
176.1
176.1
176.2
176.2
176.3
176.3
176.3
176.3
176.3
176.4
176.4
176.5
176.5
176.5
176.6
176.7
176.8
176.9
177.0
177.0
177.0
177.0
177.1
177.1
177.1
177.1
177.1
177.2
177.2
177.3
177.3
177.3
177.5
177.7
177.8
177.8
177.8
178.0
178.0
178.0
178.1
178.1
178.2
178.4
178.4
178.7
178.7
178.7
178.8
178.8
178.9
179.0
179.1
179.2
179.3
179.4
179.5
179.5
179.6
179.7
179.8
179.9
180.0
180.1
180.2
180.3
180.3
180.3
180.4
180.4
180.4
180.4
180.5
180.7
180.8
181.3
181.3
181.4
181.5
181.5
181.5
181.7
181.8
181.8
181.8
181.8
181.9
182.0
182.0
182.0
182.1
182.1
182.1
182.1
182.1
182.1
182.2
182.3
182.3
182.4
182.4
182.4
182.5
182.5
182.5
182.5
182.8
182.8
182.8
182.8
182.9
182.9
183.0
183.0
183.1
183.1
183.2
183.2
183.2
183.2
183.3
183.3
183.4
183.4
183.7
183.7
183.7
183.7
183.8
183.8
184.1
184.1
184.2
184.3
184.4
184.5
184.5
184.5
184.5
184.5
184.6
184.8
184.9
185.2
185.2
185.2
185.3
185.3
185.3
185.4
185.4
185.4
185.4
185.5
185.6
185.8
185.8
186.0
186.0
186.2
186.3
186.3
186.3
186.4
186.4
186.5
186.5
186.6
186.6
186.7
186.9
187.0
187.0
187.2
187.2
187.3
187.4
187.6
187.6
187.7
187.7
187.7
187.8
187.8
187.8
187.9
188.0
188.0
188.1
188.1
188.3
188.3
188.3
188.4
188.5
188.5
188.6
188.6
188.6
188.7
188.8
188.8
188.8
188.8
189.1
189.2
189.4
189.4
189.4
189.4
189.6
189.6
189.6
189.6
189.7
189.7
189.8
189.8
189.8
189.8
189.8
189.8
190.0
190.1
190.3
190.3
190.3
190.4
190.4
190.4
190.5
190.5
190.5
190.5
190.6
190.6
190.6
190.6
190.7
190.7
190.8
190.8
190.9
191.0
191.0
191.1
191.2
191.2
191.3
191.4
191.5
191.5
191.6
191.7
191.9
192.1
192.5
192.5
192.6
192.6
192.6
192.7
192.7
192.8
192.8
192.9
192.9
193.0
193.1
193.2
193.3
193.3
193.3
193.3
193.6
193.6
193.6
193.9
194.1
194.2
194.3
194.4
194.4
194.5
194.5
194.7
194.8
194.8
194.8
194.8
195.2
195.4
195.5
195.7
195.8
195.9
196.2
196.3
196.5
196.5
196.9
197.0
197.0
197.8
197.9
198.1
198.1
198.2
198.2
198.3
198.3
198.4
198.5
198.6
199.1
199.1
199.2
199.2
199.3
199.3
199.5
199.5
199.9
200.1
200.3
200.4
200.4
200.5
200.6
200.6
200.8
201.0
201.1
201.3
201.4
201.5
201.5
201.5
201.6
201.9
201.9
202.0
202.0
202.2
202.3
202.7
202.7
202.9
202.9
203.0
203.0
203.1
203.1
203.2
203.3
203.6
203.7
203.8
203.9
204.0
204.6
205.0
205.0
205.1
205.2
205.3
205.4
205.4
205.5
205.5
205.7
206.4
206.8
207.3
207.7
207.7
208.0
208.2
208.3
208.3
208.8
208.8
208.9
209.1
209.3
209.4
209.5
210.0
210.2
210.5
210.5
210.9
211.1
211.9
212.2
212.6
213.0
213.1
213.3
214.4
214.5
214.7
215.5
215.7
215.7
216.0
216.9
218.0
218.0
219.1
220.2
220.3
220.7
221.4
223.5
223.8
224.5
226.4
230.7
243.6
310.3
310.4
310.4
310.4
310.5
310.6
310.6
310.7
310.7
310.7
310.8
310.8
310.8
310.8
310.9
310.9
310.9
310.9
310.9
310.9
310.9
310.9
311.0
311.0
311.0
311.0
311.0
311.1
311.1
311.2
311.2
311.2
311.2
311.2
311.3
311.3
311.3
311.3
311.3
311.3
311.3
311.3
311.3
311.3
311.4
311.4
311.4
311.4
311.5
311.5
311.6
311.6
311.6
311.6
311.7
311.7
311.7
311.7
311.7
311.7
311.8
311.8
311.8
311.9
311.9
311.9
311.9
311.9
311.9
312.0
312.0
312.1
312.2
312.2
312.2
312.2
312.3
312.3
312.5
312.6
312.8
312.9
313.0
313.1
313.1
313.5
313.8
313.8
313.8
314.3
316.7
317.8
317.8
318.1
318.3
318.7
321.6
323.4
326.5
328.2
328.3
328.5
328.5
328.6
328.6
328.7
328.8
328.9
328.9
329.0
329.0
329.0
329.0
329.0
329.0
329.1
329.1
329.1
329.2
329.2
329.2
329.2
329.2
329.2
329.3
329.4
329.4
329.4
329.5
329.5
329.6
329.6
329.6
329.7
329.7
329.7
329.7
329.7
329.8
329.8
329.8
329.8
329.9
329.9
329.9
329.9
330.0
330.0
330.0
330.2
330.2
330.2
330.3
330.3
330.3
330.4
330.4
330.4
330.4
330.5
330.5
330.5
330.5
330.6
330.6
330.6
330.7
330.8
330.8
330.9
330.9
331.0
331.1
331.3
331.3
331.4
331.5
331.5
331.8
331.8
331.9
332.6
332.7
332.8
333.1
333.3
334.2
334.6
334.9
336.3
340.9
341.5
341.6
341.9
342.7
343.3
343.8
343.8
343.8
343.8
343.9
343.9
343.9
343.9
343.9
343.9
343.9
343.9
344.0
344.0
344.0
344.0
344.0
344.0
344.0
344.1
344.1
344.1
344.1
344.1
344.1
344.1
344.1
344.1
344.1
344.1
344.1
344.2
344.2
344.2
344.2
344.2
344.2
344.2
344.2
344.2
344.3
344.3
344.3
344.3
344.3
344.4
344.4
344.4
344.4
344.4
344.5
344.5
344.5
344.5
344.6
344.6
344.6
344.6
344.6
344.8
344.9
344.9
344.9
345.0
345.1
345.2
345.3
345.3
345.4
345.4
345.4
345.4
345.4
345.5
345.6
345.6
345.6
345.8
345.8
345.9
346.0
346.0
346.1
346.2
346.3
346.4
346.7
346.7
346.8
346.8
346.8
346.8
346.8
346.8
346.9
346.9
346.9
346.9
346.9
346.9
346.9
346.9
347.0
347.0
347.0
347.0
347.0
347.0
347.0
347.1
347.1
347.1
347.1
347.1
347.1
347.1
347.1
347.1
347.1
347.1
347.1
347.1
347.1
347.2
347.2
347.2
347.2
347.2
347.2
347.2
347.2
347.2
347.3
347.3
347.3
347.3
347.3
347.3
347.4
347.4
347.4
347.4
347.4
347.5
347.5
347.5
347.5
347.6
347.6
347.6
347.7
347.8
347.9
348.0
348.0
348.0
348.0
348.2
348.2
348.4
348.4
348.4
348.5
348.5
348.5
348.6
348.6
348.7
348.7
348.7
348.7
348.7
348.8
348.9
349.0
349.0
349.1
349.1
349.1
349.3
349.5
349.7
349.8
349.8
349.8
349.8
349.8
349.9
349.9
349.9
349.9
349.9
349.9
349.9
349.9
349.9
350.0
350.0
350.0
350.0
350.0
350.0
350.0
350.1
350.1
350.1
350.1
350.1
350.1
350.1
350.1
350.1
350.1
350.2
350.2
350.2
350.2
350.2
350.2
350.2
350.2
350.3
350.3
350.3
350.4
350.4
350.4
350.4
350.4
350.4
350.4
350.4
350.5
350.5
350.5
350.5
350.5
350.6
350.6
350.6
350.6
350.6
350.7
350.7
350.8
350.8
350.9
350.9
351.0
351.0
351.1
351.1
351.2
351.4
351.4
351.4
351.5
351.5
351.5
351.6
351.6
351.6
351.7
351.8
351.9
351.9
352.1
352.3
352.3
352.4
352.5
352.5
352.6
352.6
352.8
353.1
353.2
353.2
353.2
353.2
353.2
353.3
353.3
353.3
353.3
353.3
353.3
353.4
353.4
353.4
353.4
353.4
353.5
353.5
353.5
353.5
353.6
353.6
353.6
353.6
353.6
353.6
353.6
353.6
353.6
353.6
353.6
353.6
353.6
353.7
353.7
353.7
353.8
353.8
353.8
353.8
353.8
353.8
353.9
353.9
353.9
353.9
353.9
354.0
354.0
354.0
354.0
354.0
354.0
354.0
354.0
354.1
354.1
354.2
354.2
354.2
354.3
354.3
354.3
354.3
354.3
354.4
354.4
354.5
354.5
354.6
354.6
354.6
354.6
354.7
354.7
354.8
354.9
354.9
354.9
354.9
355.0
355.0
355.1
355.2
355.2
355.2
355.3
355.4
355.5
355.8
355.9
355.9
356.1
356.2
356.5
356.7
356.8
356.8
357.2
357.2
357.3
357.3
357.4
357.4
357.4
357.4
357.4
357.4
357.5
357.5
357.6
357.6
357.7
357.8
357.8
357.8
357.8
357.8
357.8
357.8
357.8
357.8
357.9
357.9
357.9
357.9
357.9
357.9
357.9
357.9
358.0
358.0
358.0
358.0
358.0
358.1
358.1
358.1
358.1
358.1
358.1
358.1
358.1
358.1
358.1
358.2
358.2
358.2
358.2
358.3
358.3
358.3
358.4
358.4
358.4
358.5
358.5
358.5
358.5
358.6
358.6
358.6
358.6
358.7
358.7
358.7
358.8
358.8
358.8
358.9
358.9
358.9
358.9
358.9
358.9
359.0
359.1
359.1
359.1
359.2
359.2
359.3
359.5
359.5
359.7
359.9
359.9
359.9
360.0
360.1
360.4
360.9
361.0
361.1
361.2
361.2
361.6
361.6
361.7
362.9
363.0
363.0
363.0
363.2
363.2
363.2
363.2
363.3
363.3
363.3
363.3
363.3
363.4
363.4
363.5
363.5
363.5
363.6
363.6
363.7
363.7
363.7
363.7
363.7
363.7
363.8
363.8
363.8
363.8
363.8
363.9
363.9
363.9
363.9
363.9
363.9
364.0
364.0
364.1
364.1
364.1
364.1
364.1
364.1
364.2
364.2
364.2
364.2
364.2
364.2
364.2
364.2
364.3
364.3
364.3
364.3
364.4
364.4
364.5
364.5
364.5
364.6
364.6
364.6
364.6
364.7
364.8
364.8
364.8
364.8
364.8
364.9
365.0
365.0
365.0
365.1
365.1
365.2
365.2
365.2
365.2
365.3
365.3
365.5
365.6
365.6
365.7
365.7
365.9
366.1
366.3
366.4
366.6
367.3
367.5
367.5
367.8
367.9
368.1
368.9
369.5
369.6
369.9
370.0
370.0
370.5
370.6
370.9
371.1
371.3
371.5
372.1
372.3
373.0
373.1
373.2
373.2
373.6
373.7
373.8
374.1
374.1
374.2
374.4
374.5
374.8
374.9
375.0
375.1
375.2
375.2
375.3
375.3
375.4
375.4
375.5
375.5
375.6
375.7
375.9
376.0
376.1
376.3
376.4
376.5
376.5
376.5
376.6
376.6
376.7
376.7
376.8
376.9
377.1
377.2
377.2
377.2
377.2
377.3
377.4
377.5
377.6
377.6
377.9
378.0
378.0
378.0
378.0
378.2
378.2
378.3
378.3
378.3
378.4
378.4
378.5
378.5
378.6
378.6
378.7
378.7
378.8
379.0
379.0
379.0
379.0
379.0
379.0
379.0
379.1
379.4
379.9
380.0
380.1
380.2
380.3
380.5
380.6
380.7
380.8
381.1
381.1
381.2
381.3
381.4
382.5
384.5
384.8
384.8
385.8
387.1
390.5
393.1
394.2
395.1
395.5
397.2
398.0
398.9
399.4
401.4
401.5
403.5
405.0
406.0
411.7
420.5
494.4
494.5
494.7
494.8
494.8
494.8
494.9
494.9
495.0
495.0
495.0
495.0
495.0
495.1
495.1
495.1
495.2
495.2
495.2
495.2
495.2
495.2
495.2
495.2
495.3
495.3
495.4
495.4
495.4
495.4
495.5
495.5
495.5
495.5
495.5
495.6
495.6
495.6
495.6
495.6
495.6
495.6
495.6
495.7
495.7
495.7
495.7
495.8
495.8
495.8
495.9
495.9
495.9
495.9
496.0
496.0
496.0
496.1
496.1
496.1
496.1
496.1
496.2
496.2
496.2
496.2
496.2
496.2
496.3
496.3
496.3
496.3
496.4
496.5
496.6
496.7
496.7
496.7
496.8
496.8
496.9
496.9
496.9
497.3
497.5
497.6
498.1
498.2
498.4
498.6
501.4
502.1
502.3
502.4
502.5
503.0
504.3
506.3
508.5
511.3
511.6
511.6
511.7
511.8
511.8
511.9
511.9
512.0
512.1
512.2
512.2
512.3
512.3
512.3
512.4
512.5
512.5
512.5
512.5
512.5
512.5
512.6
512.6
512.7
512.7
512.7
512.7
512.7
512.9
512.9
512.9
513.0
513.0
513.1
513.1
513.2
513.2
513.2
513.2
513.3
513.3
513.3
513.4
513.4
513.4
513.4
513.4
513.5
513.6
513.6
513.7
513.8
513.9
514.0
514.0
514.0
514.1
514.1
514.1
514.1
514.1
514.1
514.2
514.2
514.3
514.3
514.4
514.4
514.5
514.5
514.6
514.7
514.9
515.2
515.3
515.3
515.5
515.5
515.7
515.8
515.9
516.3
516.8
517.0
517.3
517.7
518.5
518.6
518.8
519.5
522.8
523.8
523.8
524.2
524.6
524.6
524.6
524.6
524.7
524.7
524.7
524.7
524.7
524.7
524.8
524.8
524.8
524.8
524.8
524.8
524.8
524.9
524.9
524.9
524.9
524.9
524.9
524.9
524.9
524.9
524.9
524.9
525.0
525.0
525.1
525.1
525.1
525.1
525.1
525.1
525.1
525.1
525.1
525.1
525.2
525.2
525.2
525.2
525.2
525.2
525.2
525.3
525.3
525.3
525.3
525.3
525.3
525.3
525.3
525.4
525.4
525.5
525.5
525.5
525.5
525.5
525.6
525.8
525.9
525.9
526.0
526.0
526.1
526.2
526.2
526.2
526.2
526.4
526.4
526.4
526.5
526.7
526.7
526.7
526.8
526.9
527.0
527.1
527.5
527.6
527.6
527.6
527.6
527.6
527.6
527.7
527.7
527.7
527.7
527.8
527.8
527.8
527.8
527.8
527.8
527.8
527.8
527.9
527.9
527.9
527.9
527.9
527.9
527.9
527.9
527.9
527.9
527.9
528.0
528.0
528.1
528.1
528.1
528.1
528.1
528.1
528.1
528.1
528.1
528.1
528.2
528.2
528.2
528.2
528.2
528.2
528.2
528.3
528.3
528.3
528.3
528.4
528.4
528.4
528.4
528.4
528.5
528.5
528.6
528.6
528.6
528.8
528.8
528.9
528.9
528.9
528.9
529.0
529.0
529.0
529.1
529.1
529.2
529.2
529.3
529.4
529.5
529.5
529.6
529.6
529.7
529.8
529.8
529.9
529.9
530.0
530.0
530.3
530.4
530.6
530.6
530.6
530.6
530.7
530.7
530.7
530.7
530.8
530.8
530.8
530.8
530.8
530.8
530.8
530.9
530.9
530.9
530.9
530.9
530.9
530.9
530.9
531.0
531.0
531.0
531.0
531.0
531.0
531.1
531.1
531.1
531.1
531.1
531.1
531.2
531.2
531.3
531.3
531.3
531.3
531.3
531.3
531.3
531.4
531.4
531.4
531.4
531.4
531.4
531.5
531.5
531.5
531.5
531.6
531.7
531.7
531.7
531.7
531.8
531.8
531.8
531.8
531.9
531.9
532.1
532.1
532.2
532.2
532.2
532.3
532.4
532.4
532.5
532.5
532.5
532.6
532.6
532.7
532.8
532.8
532.8
532.9
533.0
533.1
533.2
533.4
533.5
533.6
533.8
533.8
533.8
533.8
533.9
533.9
534.0
534.0
534.0
534.0
534.0
534.1
534.1
534.1
534.1
534.1
534.2
534.2
534.3
534.3
534.3
534.3
534.3
534.3
534.3
534.3
534.4
534.4
534.4
534.4
534.4
534.4
534.4
534.5
534.5
534.5
534.5
534.5
534.5
534.6
534.6
534.7
534.7
534.7
534.7
534.7
534.8
534.8
534.8
534.9
534.9
534.9
534.9
534.9
534.9
534.9
534.9
534.9
535.0
535.0
535.1
535.1
535.2
535.2
535.4
535.4
535.4
535.5
535.5
535.5
535.6
535.6
535.6
535.7
535.8
535.8
535.9
535.9
536.0
536.0
536.1
536.3
536.3
536.4
536.5
536.6
536.6
536.8
536.9
536.9
537.0
537.1
537.2
537.3
537.4
537.5
537.8
538.0
538.0
538.0
538.1
538.1
538.1
538.1
538.1
538.1
538.2
538.2
538.2
538.3
538.3
538.3
538.4
538.4
538.4
538.4
538.5
538.6
538.6
538.6
538.6
538.6
538.6
538.7
538.7
538.7
538.7
538.7
538.7
538.7
538.7
538.8
538.8
538.8
538.8
538.8
538.9
538.9
539.0
539.0
539.0
539.0
539.1
539.1
539.1
539.1
539.1
539.1
539.2
539.2
539.2
539.2
539.2
539.3
539.3
539.4
539.4
539.4
539.4
539.5
539.5
539.5
539.6
539.6
539.6
539.6
539.7
539.7
539.7
539.8
539.8
539.9
540.0
540.0
540.0
540.1
540.2
540.2
540.3
540.3
540.5
540.6
540.7
540.7
540.8
541.1
541.3
541.5
541.5
541.5
541.6
541.7
541.8
541.9
542.1
542.2
542.2
542.4
542.6
542.7
542.8
543.3
543.5
543.7
543.7
543.7
543.7
543.8
543.8
543.8
543.8
543.8
543.9
543.9
543.9
543.9
543.9
543.9
544.0
544.1
544.1
544.2
544.3
544.3
544.3
544.3
544.4
544.4
544.4
544.4
544.4
544.5
544.5
544.5
544.5
544.6
544.7
544.7
544.7
544.8
544.8
544.8
544.8
544.8
544.8
544.9
544.9
544.9
544.9
545.0
545.0
545.0
545.0
545.0
545.0
545.1
545.1
545.1
545.3
545.3
545.4
545.5
545.5
545.5
545.5
545.6
545.6
545.6
545.7
545.8
545.8
545.8
546.0
546.1
546.1
546.1
546.1
546.1
546.2
546.2
546.2
546.3
546.4
546.4
546.5
546.5
546.6
546.6
546.7
546.7
547.3
547.4
547.5
547.5
547.5
547.7
547.8
548.0
548.1
548.6
548.9
549.1
549.1
549.5
549.9
550.1
550.2
550.3
550.3
550.6
551.7
551.8
552.0
552.2
552.2
552.3
552.6
553.1
553.2
553.5
553.6
553.6
553.9
553.9
554.1
554.4
554.4
554.4
554.4
554.6
554.6
554.7
554.7
554.8
554.8
554.8
554.9
555.0
555.2
555.3
555.3
555.3
555.4
555.5
555.6
555.6
555.7
555.8
555.8
555.9
555.9
556.0
556.0
556.0
556.0
556.2
556.2
556.3
556.3
556.5
556.5
556.6
556.7
556.7
556.8
557.2
557.3
557.3
557.5
557.7
557.8
558.1
558.2
558.3
558.3
558.3
558.3
558.4
558.4
558.4
558.5
558.6
558.7
558.7
558.8
558.8
558.8
559.0
559.2
559.2
559.4
559.4
559.5
559.6
559.9
560.0
560.0
560.1
560.1
560.5
560.5
561.3
561.4
561.6
561.7
562.1
562.2
562.4
563.6
563.8
567.8
569.5
569.6
570.4
570.8
574.4
576.5
578.3
584.0
585.9
593.7
609.7
610.1
610.3
610.3
610.5
610.6
610.6
610.7
610.9
611.0
611.1
611.1
611.1
611.2
611.2
611.2
611.2
611.3
611.3
611.5
611.6
611.6
611.6
611.8
611.8
612.1
612.1
612.1
612.2
612.3
612.4
612.7
612.9
613.1
613.3
613.5
614.0
614.2
614.5
615.0
615.7
616.2
616.8
617.1
619.1
622.3
622.8
631.3
694.1
695.0
695.2
695.4
695.6
695.6
695.6
695.8
695.8
695.8
695.9
696.0
696.0
696.1
696.1
696.1
696.1
696.1
696.1
696.2
696.2
696.2
696.2
696.2
696.2
696.2
696.3
696.3
696.3
696.4
696.4
696.4
696.4
696.4
696.5
696.5
696.5
696.5
696.5
696.6
696.6
696.6
696.6
696.7
696.7
696.7
696.8
696.8
696.8
696.8
696.8
696.9
696.9
696.9
696.9
696.9
696.9
697.0
697.0
697.0
697.0
697.1
697.2
697.2
697.3
697.3
697.3
697.4
697.4
697.4
697.5
697.5
697.5
697.5
697.5
697.6
697.6
697.6
697.7
697.7
697.7
697.8
697.9
697.9
698.4
698.4
698.4
698.7
698.8
699.0
701.6
701.7
702.1
702.8
703.0
703.4
705.0
706.4
710.1
713.1
714.7
714.8
714.8
715.3
715.4
715.8
715.9
715.9
715.9
715.9
716.0
716.0
716.0
716.1
716.1
716.1
716.2
716.2
716.2
716.2
716.3
716.3
716.4
716.4
716.4
716.5
716.6
716.6
716.6
716.6
716.7
716.7
716.7
716.8
716.8
716.8
716.8
716.8
717.0
717.0
717.0
717.0
717.1
717.2
717.2
717.3
717.3
717.5
717.5
717.6
717.6
717.6
717.8
717.8
717.9
718.0
718.0
718.0
718.0
718.0
718.1
718.1
718.3
718.3
718.4
718.5
718.5
718.5
718.5
718.9
718.9
719.0
719.0
719.0
719.0
719.1
719.1
719.3
719.3
719.9
720.0
720.1
720.3
720.7
721.1
722.0
722.7
723.4
723.7
725.8
731.3
731.9
732.8
733.2
734.5
734.6
734.7
734.9
734.9
734.9
735.0
735.0
735.0
735.1
735.1
735.2
735.2
735.4
735.4
735.5
735.5
735.7
735.7
735.8
735.8
735.8
735.8
735.9
736.0
736.0
736.0
736.1
736.1
736.2
736.2
736.3
736.4
736.4
736.5
736.5
736.5
736.5
736.6
736.7
736.8
736.8
736.8
736.9
737.0
737.0
737.0
737.1
737.1
737.1
737.2
737.3
737.4
737.4
737.4
737.5
737.5
737.6
737.6
737.6
737.7
737.8
737.8
737.9
737.9
738.1
738.2
738.3
738.4
738.4
738.5
738.7
739.2
739.3
739.4
739.5
739.8
740.0
740.1
740.3
740.8
741.0
741.0
741.1
741.1
741.2
741.2
741.2
741.2
741.3
741.3
741.3
741.4
741.4
741.6
741.6
741.6
741.6
741.7
741.7
741.7
741.7
741.7
741.8
741.8
741.8
741.8
741.9
741.9
741.9
742.1
742.1
742.2
742.3
742.3
742.3
742.3
742.4
742.4
742.4
742.4
742.5
742.5
742.6
742.6
742.7
742.7
742.7
742.7
743.0
743.2
743.2
743.3
743.4
743.4
743.5
743.6
743.7
743.7
744.0
744.0
744.1
744.2
744.3
744.8
744.8
744.8
744.9
745.0
745.0
745.0
745.0
745.1
745.1
745.1
745.1
745.1
745.1
745.2
745.4
745.4
745.5
745.5
745.5
745.6
745.6
745.7
745.7
745.7
745.8
745.9
745.9
745.9
745.9
745.9
746.1
746.1
746.2
746.2
746.3
746.4
746.4
746.4
746.4
746.5
746.6
746.6
746.7
746.7
746.7
746.8
746.9
747.0
747.1
747.2
747.2
747.3
747.5
747.7
747.7
747.9
748.3
748.4
748.5
748.5
748.5
748.6
748.6
748.7
748.7
748.8
748.8
748.8
748.9
748.9
748.9
749.0
749.1
749.1
749.1
749.1
749.1
749.2
749.2
749.2
749.3
749.3
749.5
749.6
749.6
749.7
749.7
749.7
749.8
749.9
749.9
750.0
750.0
750.1
750.1
750.2
750.3
750.3
750.3
750.4
750.4
750.4
750.6
750.6
750.7
750.7
750.9
750.9
751.0
751.1
751.2
751.2
751.2
751.3
751.4
751.4
751.4
751.6
751.7
751.7
751.9
752.0
752.1
752.2
752.5
752.9
752.9
752.9
753.0
753.1
753.4
753.4
753.5
753.6
753.6
753.7
753.7
753.7
753.8
753.9
753.9
754.0
754.0
754.0
754.1
754.1
754.1
754.1
754.1
754.3
754.3
754.4
754.5
754.6
754.7
754.7
754.8
754.8
754.8
755.0
755.1
755.1
755.1
755.4
755.4
755.4
755.5
755.6
755.6
755.8
755.8
755.8
755.8
755.9
756.0
756.1
756.2
756.3
756.3
756.3
756.3
756.4
756.5
756.5
756.9
756.9
757.1
757.2
757.4
757.6
757.7
757.8
758.1
758.2
758.6
759.0
759.4
760.0
760.2
760.5
760.7
760.9
760.9
761.1
761.2
761.4
761.5
761.5
761.6
761.7
761.8
761.9
761.9
761.9
761.9
762.1
762.4
762.4
762.4
762.5
762.5
762.6
762.7
762.9
763.2
763.2
763.2
763.5
763.7
763.8
764.0
764.0
764.1
765.0
765.2
765.3
765.4
765.7
765.7
765.7
765.8
766.1
766.2
766.5
766.6
766.6
766.8
766.9
767.3
767.7
767.8
768.2
768.6
768.6
769.1
769.6
770.1
770.6
771.5
772.1
772.4
773.2
773.4
773.7
774.4
774.7
774.8
776.7
779.7
788.0
800.7
803.7
848.3
848.5
848.6
848.7
848.7
848.7
848.8
848.8
848.9
848.9
848.9
848.9
849.0
849.0
849.0
849.1
849.1
849.1
849.1
849.1
849.1
849.1
849.1
849.1
849.2
849.2
849.2
849.3
849.3
849.3
849.4
849.4
849.4
849.4
849.4
849.4
849.4
849.5
849.5
849.5
849.5
849.5
849.5
849.5
849.6
849.6
849.6
849.6
849.6
849.7
849.7
849.7
849.7
849.8
849.8
849.8
849.8
849.8
849.8
849.8
849.9
849.9
849.9
849.9
850.0
850.0
850.0
850.1
850.1
850.1
850.2
850.2
850.2
850.2
850.3
850.3
850.3
850.4
850.5
851.0
851.0
851.0
851.0
851.0
851.2
851.6
851.6
851.9
852.0
852.3
855.0
855.4
855.6
855.6
855.7
856.6
857.9
859.0
861.7
864.7
864.7
864.8
865.2
865.2
865.2
865.4
865.5
865.5
865.6
865.6
865.6
865.6
865.7
865.7
865.7
865.7
865.8
865.8
865.8
865.8
865.9
865.9
865.9
866.0
866.0
866.0
866.0
866.0
866.1
866.2
866.3
866.3
866.4
866.4
866.4
866.5
866.5
866.5
866.5
866.5
866.6
866.6
866.6
866.6
866.7
866.7
866.7
866.7
866.7
866.7
866.8
866.9
866.9
867.0
867.0
867.1
867.1
867.2
867.2
867.2
867.2
867.3
867.3
867.4
867.4
867.6
867.6
867.6
867.7
867.8
867.8
867.9
867.9
867.9
868.0
868.1
868.3
868.4
868.7
869.4
869.4
869.4
869.5
869.8
869.8
870.6
870.7
871.5
871.6
872.3
876.2
876.8
876.9
877.0
877.0
877.0
877.0
877.0
877.0
877.0
877.1
877.1
877.1
877.1
877.1
877.1
877.1
877.1
877.1
877.1
877.1
877.1
877.1
877.1
877.1
877.1
877.1
877.1
877.1
877.1
877.2
877.2
877.2
877.2
877.2
877.2
877.2
877.2
877.2
877.2
877.2
877.2
877.2
877.2
877.2
877.2
877.2
877.2
877.2
877.2
877.2
877.2
877.2
877.2
877.2
877.2
877.2
877.3
877.3
877.3
877.3
877.3
877.3
877.3
877.3
877.3
877.3
877.3
877.3
877.3
877.3
877.3
877.3
877.3
877.4
877.4
877.4
877.4
877.4
877.4
877.5
877.5
877.5
877.6
877.6
877.6
877.7
878.0
878.0
878.1
878.2
878.2
878.2
878.2
878.3
878.4
878.6
878.7
879.0
880.0
880.0
880.0
880.0
880.0
880.0
880.0
880.1
880.1
880.1
880.1
880.1
880.1
880.1
880.1
880.1
880.1
880.1
880.1
880.1
880.1
880.1
880.1
880.2
880.2
880.2
880.2
880.2
880.2
880.2
880.2
880.2
880.2
880.2
880.2
880.2
880.2
880.2
880.2
880.2
880.2
880.2
880.2
880.2
880.2
880.2
880.2
880.2
880.2
880.3
880.3
880.3
880.3
880.3
880.3
880.3
880.3
880.3
880.3
880.3
880.3
880.3
880.3
880.3
880.3
880.3
880.3
880.3
880.4
880.4
880.4
880.4
880.4
880.5
880.5
880.5
880.5
880.5
880.8
880.9
880.9
881.0
881.0
881.0
881.1
881.2
881.7
881.8
881.8
881.8
881.8
882.0
882.0
882.0
882.1
882.2
882.5
882.7
882.9
883.0
883.1
883.1
883.1
883.1
883.1
883.1
883.1
883.1
883.1
883.2
883.2
883.2
883.2
883.2
883.2
883.2
883.2
883.2
883.2
883.2
883.2
883.2
883.2
883.2
883.2
883.2
883.2
883.2
883.2
883.2
883.3
883.3
883.3
883.3
883.3
883.3
883.3
883.3
883.3
883.3
883.3
883.3
883.3
883.3
883.3
883.3
883.3
883.4
883.4
883.4
883.4
883.4
883.4
883.4
883.4
883.4
883.4
883.4
883.4
883.4
883.4
883.4
883.4
883.4
883.5
883.5
883.5
883.5
883.5
883.5
883.5
883.6
883.7
883.8
883.9
884.0
884.0
884.3
884.5
884.6
884.8
884.8
885.3
885.3
885.6
885.8
885.8
885.9
885.9
886.1
886.1
886.2
886.3
886.5
886.5
886.5
886.5
886.5
886.5
886.5
886.6
886.6
886.6
886.6
886.6
886.6
886.6
886.6
886.6
886.6
886.6
886.6
886.6
886.6
886.7
886.7
886.7
886.7
886.7
886.7
886.7
886.7
886.7
886.7
886.7
886.7
886.7
886.7
886.7
886.7
886.8
886.8
886.8
886.8
886.8
886.8
886.8
886.8
886.8
886.8
886.8
886.8
886.9
886.9
886.9
886.9
886.9
886.9
886.9
886.9
886.9
886.9
886.9
886.9
887.0
887.0
887.0
887.0
887.0
887.0
887.0
887.1
887.1
887.1
887.1
887.1
887.1
887.2
887.2
887.2
887.3
887.5
887.7
887.8
887.9
888.2
888.3
888.8
888.8
889.1
889.2
889.8
890.1
890.4
890.5
890.5
890.5
890.6
890.6
890.6
890.6
890.6
890.6
890.6
890.6
890.7
890.7
890.7
890.7
890.8
890.8
890.8
890.8
890.8
890.8
890.8
890.8
890.8
890.9
890.9
890.9
890.9
890.9
890.9
890.9
890.9
890.9
890.9
891.0
891.0
891.0
891.0
891.0
891.0
891.0
891.0
891.0
891.1
891.1
891.1
891.1
891.1
891.1
891.1
891.1
891.1
891.1
891.2
891.2
891.2
891.2
891.2
891.2
891.2
891.2
891.2
891.3
891.3
891.3
891.3
891.3
891.4
891.4
891.5
891.5
891.5
891.5
891.6
891.6
891.6
891.7
891.7
891.7
891.7
891.7
891.8
892.3
892.3
892.4
892.6
892.7
892.8
892.8
892.9
893.0
893.0
893.9
894.1
894.3
894.5
894.8
895.3
896.0
896.0
896.1
896.1
896.2
896.2
896.3
896.3
896.3
896.4
896.4
896.4
896.4
896.4
896.5
896.5
896.6
896.7
896.7
896.7
896.8
896.8
896.8
896.8
896.8
896.8
896.8
896.9
896.9
896.9
896.9
897.0
897.0
897.0
897.0
897.1
897.1
897.1
897.1
897.2
897.2
897.2
897.2
897.2
897.2
897.2
897.2
897.2
897.2
897.3
897.3
897.3
897.3
897.3
897.4
897.4
897.4
897.4
897.5
897.5
897.5
897.6
897.6
897.6
897.7
897.7
897.7
897.7
897.8
897.8
898.0
898.0
898.0
898.0
898.1
898.1
898.1
898.2
898.3
898.4
898.5
898.6
898.7
898.7
898.7
898.7
898.7
899.0
899.1
899.2
899.3
899.5
899.6
900.2
900.2
900.6
900.8
901.5
901.7
901.9
902.5
902.9
903.1
903.4
903.9
903.9
904.0
904.3
904.5
904.8
904.9
906.4
906.6
906.6
907.3
907.4
907.6
907.8
908.0
908.1
908.6
908.8
909.0
909.0
909.0
909.1
909.1
909.2
909.3
909.3
909.6
909.6
909.6
909.7
909.8
909.8
909.9
909.9
909.9
910.0
910.1
910.2
910.2
910.3
910.3
910.3
910.5
910.6
910.6
910.7
910.7
910.8
910.8
910.8
910.8
910.9
910.9
911.0
911.0
911.0
911.1
911.1
911.2
911.2
911.2
911.2
911.3
911.4
911.5
911.5
911.7
911.7
911.8
911.8
911.8
911.8
911.9
911.9
912.1
912.1
912.1
912.2
912.2
912.2
912.4
912.6
912.6
912.7
912.7
913.3
913.3
913.6
913.7
913.7
914.0
914.4
914.6
914.7
914.8
915.1
915.4
916.3
916.6
916.8
917.2
918.9
919.3
919.4
922.1
924.0
924.8
926.3
930.2
