203.4
203.4
203.4
203.4
203.5
203.5
203.5
203.5
203.5
203.5
203.5
203.5
203.5
203.5
203.5
203.5
203.5
203.5
203.5
203.5
203.5
203.5
203.5
203.5
203.5
203.6
203.6
203.6
203.6
203.6
203.6
203.6
203.6
203.6
203.6
203.7
203.7
203.7
203.7
203.7
203.7
203.7
203.7
203.7
203.7
203.7
203.7
203.7
203.8
203.8
203.8
203.8
203.8
203.9
203.9
203.9
203.9
203.9
203.9
203.9
203.9
204.0
204.0
204.0
204.1
204.1
204.1
204.1
204.2
204.2
204.2
204.2
204.2
204.3
204.4
204.5
204.6
204.8
204.8
204.8
204.8
205.0
205.4
205.5
205.5
205.5
205.6
205.8
205.8
205.9
206.2
206.7
206.7
206.8
207.1
207.1
207.2
207.3
207.3
207.3
207.3
207.3
207.3
207.4
207.4
207.4
207.4
207.4
207.4
207.4
207.4
207.4
207.4
207.5
207.5
207.5
207.5
207.5
207.5
207.5
207.5
207.5
207.5
207.5
207.6
207.6
207.6
207.6
207.6
207.6
207.6
207.6
207.6
207.7
207.7
207.7
207.7
207.7
207.7
207.7
207.7
207.7
207.7
207.7
207.7
207.8
207.8
207.9
207.9
207.9
207.9
207.9
207.9
208.0
208.0
208.0
208.0
208.0
208.0
208.0
208.1
208.1
208.1
208.1
208.2
208.2
208.2
208.2
208.2
208.4
208.4
208.5
208.6
208.6
208.7
209.0
209.0
209.1
209.4
209.5
209.6
209.7
210.2
210.4
210.4
210.5
210.6
210.6
210.7
210.8
211.6
212.0
212.0
212.2
212.3
212.3
212.4
212.4
212.4
212.4
212.4
212.4
212.4
212.4
212.5
212.5
212.5
212.5
212.5
212.6
212.6
212.6
212.6
212.6
212.6
212.7
212.7
212.7
212.8
212.8
212.8
212.8
212.8
212.8
212.8
212.8
212.9
212.9
212.9
212.9
212.9
212.9
212.9
212.9
212.9
212.9
212.9
212.9
213.0
213.0
213.0
213.0
213.0
213.0
213.0
213.1
213.1
213.1
213.2
213.2
213.2
213.2
213.2
213.2
213.3
213.3
213.3
213.3
213.4
213.4
213.4
213.6
213.6
213.6
213.6
213.6
213.7
213.7
213.8
213.9
213.9
213.9
214.1
214.3
214.4
214.5
214.6
214.7
214.9
215.1
215.4
215.9
215.9
216.0
216.1
216.2
216.4
216.5
216.5
216.8
217.7
217.7
217.8
217.8
217.8
217.8
217.8
217.9
217.9
217.9
217.9
217.9
217.9
217.9
217.9
217.9
218.0
218.0
218.0
218.0
218.0
218.0
218.0
218.0
218.1
218.1
218.1
218.1
218.1
218.1
218.1
218.2
218.2
218.2
218.2
218.3
218.3
218.3
218.4
218.4
218.4
218.5
218.5
218.5
218.5
218.5
218.5
218.7
218.8
218.8
218.8
218.9
218.9
218.9
219.0
219.1
219.1
219.2
219.2
219.2
219.3
219.3
219.3
219.3
219.4
219.4
219.5
219.6
219.6
219.6
219.7
219.7
219.7
219.8
219.8
219.8
219.9
219.9
220.0
220.1
220.4
220.4
220.7
220.8
220.8
220.8
221.0
221.2
221.3
221.3
221.4
221.4
221.4
221.4
221.5
221.5
221.5
221.5
221.5
221.5
221.5
221.6
221.6
221.6
221.6
221.6
221.6
221.6
221.7
221.7
221.7
221.7
221.8
221.8
221.8
221.8
221.8
221.8
221.8
221.8
221.9
221.9
222.0
222.0
222.0
222.0
222.0
222.1
222.1
222.1
222.1
222.1
222.1
222.1
222.1
222.1
222.1
222.1
222.2
222.3
222.4
222.4
222.5
222.5
222.6
222.8
222.8
222.8
222.8
222.9
222.9
222.9
223.0
223.0
223.0
223.1
223.1
223.1
223.2
223.2
223.3
223.3
223.3
223.3
223.3
223.6
223.6
223.6
223.7
223.7
223.7
224.1
224.1
224.1
224.1
224.5
224.5
224.5
224.7
225.1
225.5
225.7
225.8
225.8
225.8
225.9
226.0
226.0
226.0
226.0
226.0
226.0
226.0
226.1
226.1
226.1
226.1
226.1
226.1
226.2
226.2
226.2
226.2
226.2
226.3
226.3
226.4
226.4
226.5
226.5
226.5
226.6
226.6
226.6
226.6
226.6
226.6
226.6
226.7
226.7
226.7
226.7
226.7
226.8
226.8
226.8
226.8
226.9
226.9
226.9
226.9
227.0
227.0
227.0
227.0
227.0
227.0
227.1
227.1
227.2
227.4
227.4
227.5
227.5
227.6
227.6
227.6
227.6
227.7
227.7
227.8
227.8
227.8
227.9
228.0
228.0
228.2
228.2
228.2
228.3
228.3
228.3
228.4
228.4
228.4
228.5
228.5
228.7
228.8
229.0
229.0
229.1
229.1
229.1
229.1
229.2
229.2
229.2
229.2
229.2
229.2
229.2
229.3
229.3
229.3
229.3
229.4
229.4
229.4
229.4
229.5
229.6
229.6
229.6
229.6
229.7
229.7
229.7
229.7
229.8
229.8
229.8
229.8
229.8
229.8
229.9
230.0
230.1
230.2
230.2
230.2
230.2
230.2
230.2
230.3
230.3
230.3
230.3
230.3
230.4
230.4
230.6
230.7
230.8
230.9
231.0
231.0
231.1
231.1
231.3
231.4
231.4
231.4
231.4
231.5
231.6
231.6
231.6
231.8
231.8
231.8
231.9
232.0
232.1
232.1
232.1
232.2
232.2
232.2
232.3
232.3
232.4
232.5
232.6
232.6
232.7
232.7
232.7
232.7
232.7
232.7
232.7
232.7
232.8
232.8
232.8
232.8
232.8
232.9
232.9
233.0
233.0
233.0
233.0
233.1
233.1
233.1
233.2
233.3
233.3
233.3
233.3
233.3
233.4
233.4
233.4
233.5
233.5
233.5
233.5
233.5
233.6
233.6
233.7
233.7
233.8
233.8
233.8
233.8
233.8
233.9
233.9
233.9
233.9
234.0
234.0
234.0
234.1
234.2
234.2
234.2
234.2
234.2
234.4
234.4
234.5
234.5
234.5
234.5
234.7
234.8
234.9
234.9
235.0
235.1
235.1
235.4
235.4
235.5
235.6
235.6
235.6
235.8
235.9
236.0
236.1
236.1
236.1
236.2
236.3
236.3
236.4
236.4
236.4
236.5
236.6
236.7
236.7
236.8
236.9
236.9
237.0
237.0
237.0
237.0
237.1
237.1
237.1
237.1
237.1
237.1
237.2
237.2
237.3
237.3
237.3
237.4
237.4
237.4
237.4
237.5
237.6
237.7
237.7
237.7
237.8
237.8
237.9
237.9
237.9
237.9
237.9
238.0
238.1
238.1
238.1
238.1
238.1
238.2
238.2
238.2
238.2
238.3
238.3
238.3
238.3
238.3
238.3
238.4
238.5
238.5
238.5
238.6
238.6
238.6
238.7
238.7
238.7
238.7
238.9
238.9
239.2
239.4
239.4
239.4
239.4
239.7
239.8
239.8
239.8
239.8
239.8
239.9
239.9
240.0
240.0
240.0
240.0
240.1
240.1
240.2
240.2
240.2
240.2
240.2
240.3
240.3
240.3
240.3
240.3
240.3
240.4
240.4
240.4
240.5
240.5
240.5
240.6
240.6
240.6
240.6
240.6
240.6
240.6
240.7
240.8
240.8
240.8
240.8
240.9
240.9
241.0
241.0
241.0
241.2
241.2
241.2
241.2
241.2
241.3
241.3
241.3
241.4
241.4
241.4
241.5
241.5
241.5
241.6
241.6
241.6
241.6
241.7
241.8
241.8
241.8
241.9
241.9
241.9
242.1
242.1
242.2
242.2
242.3
242.3
242.3
242.5
242.6
242.6
242.8
242.8
242.9
243.0
243.1
243.1
243.1
243.2
243.3
243.4
243.4
243.5
243.6
243.6
243.6
243.6
243.7
243.7
243.8
243.8
243.8
243.8
243.9
243.9
243.9
243.9
244.0
244.0
244.1
244.1
244.1
244.1
244.3
244.3
244.3
244.3
244.3
244.3
244.4
244.4
244.4
244.4
244.5
244.6
244.7
244.7
244.8
244.8
244.8
244.8
244.9
244.9
244.9
244.9
244.9
245.0
245.1
245.1
245.1
245.1
245.1
245.2
245.3
245.3
245.3
245.3
245.4
245.5
245.5
245.5
245.5
245.6
245.6
245.7
245.7
245.7
245.8
245.8
245.9
246.1
246.1
246.1
246.2
246.3
246.3
246.5
246.6
246.6
246.6
246.6
246.7
246.8
246.9
246.9
247.0
247.1
247.1
247.2
247.3
247.3
247.4
247.5
247.5
247.6
247.6
247.7
247.8
247.8
247.8
247.8
247.8
247.9
247.9
247.9
247.9
248.0
248.0
248.0
248.0
248.0
248.0
248.1
248.1
248.1
248.2
248.3
248.3
248.3
248.4
248.4
248.4
248.5
248.5
248.5
248.5
248.6
248.6
248.6
248.7
248.8
248.8
248.8
248.9
248.9
248.9
249.0
249.0
249.1
249.1
249.1
249.1
249.1
249.2
249.2
249.3
249.3
249.3
249.3
249.4
249.4
249.4
249.5
249.5
249.5
249.5
249.6
249.6
249.6
249.7
249.8
249.8
249.8
249.9
249.9
249.9
249.9
249.9
249.9
250.2
250.3
250.4
250.5
250.6
250.6
250.8
250.9
250.9
251.1
251.1
251.2
251.2
251.2
251.2
251.2
251.3
251.3
251.3
251.4
251.4
251.4
251.5
251.5
251.6
251.6
251.7
251.7
251.8
251.8
251.8
251.8
251.9
251.9
252.0
252.0
252.0
252.0
252.1
252.2
252.2
252.2
252.2
252.3
252.4
252.4
252.5
252.5
252.5
252.6
252.6
252.7
252.7
252.7
252.7
252.7
252.8
252.9
252.9
252.9
252.9
252.9
253.1
253.1
253.2
253.2
253.2
253.2
253.3
253.4
253.4
253.4
253.5
253.5
253.5
253.6
253.6
253.6
253.6
253.6
253.7
253.7
253.9
253.9
253.9
254.0
254.1
254.1
254.4
254.4
254.5
254.6
254.6
254.8
254.8
254.8
254.9
255.0
255.0
255.0
255.0
255.1
255.1
255.1
255.1
255.2
255.2
255.3
255.3
255.3
255.4
255.4
255.4
255.6
255.6
255.6
255.7
255.7
255.7
255.7
255.8
255.8
256.0
256.1
256.1
256.1
256.1
256.2
256.2
256.2
256.2
256.2
256.4
256.5
256.5
256.5
256.6
256.6
256.7
256.7
256.7
256.8
256.8
257.1
257.1
257.1
257.3
257.3
257.4
257.4
257.4
257.4
257.4
257.4
257.5
257.5
257.6
257.6
257.6
257.7
257.7
257.8
257.9
257.9
258.0
258.1
258.1
258.2
258.2
258.2
258.3
258.3
258.3
258.3
258.4
258.4
258.4
258.5
258.5
258.5
258.5
258.5
258.6
258.6
258.6
258.6
258.6
258.6
258.7
258.8
258.8
258.8
258.8
258.9
258.9
259.0
259.2
259.2
259.2
259.3
259.3
259.4
259.4
259.4
259.4
259.4
259.6
259.6
259.7
259.9
260.0
260.0
260.0
260.0
260.1
260.1
260.1
260.1
260.2
260.2
260.2
260.3
260.4
260.5
260.6
260.6
260.7
260.9
261.1
261.2
261.2
261.2
261.2
261.3
261.4
261.5
261.5
261.5
261.6
261.6
261.6
261.7
261.7
261.7
261.7
261.7
261.8
261.8
261.9
261.9
262.0
262.0
262.0
262.1
262.1
262.1
262.1
262.1
262.1
262.2
262.2
262.3
262.3
262.4
262.4
262.4
262.5
262.6
262.7
262.8
262.8
262.8
262.9
263.0
263.0
263.0
263.0
263.1
263.1
263.1
263.1
263.2
263.3
263.3
263.4
263.4
263.6
263.7
263.8
263.8
263.9
263.9
263.9
263.9
263.9
263.9
264.0
264.0
264.0
264.1
264.1
264.1
264.2
264.2
264.3
264.4
264.6
264.6
264.7
264.8
264.8
265.1
265.2
265.2
265.3
265.4
265.4
265.5
265.5
265.5
265.7
265.7
265.7
265.7
265.7
265.7
265.7
265.7
265.8
266.0
266.0
266.0
266.1
266.1
266.1
266.2
266.2
266.2
266.2
266.2
266.3
266.3
266.4
266.4
266.4
266.5
266.5
266.6
266.6
266.9
266.9
266.9
267.0
267.1
267.2
267.3
267.3
267.4
267.5
267.7
267.8
267.9
267.9
268.0
268.0
268.0
268.1
268.1
268.1
268.3
268.3
268.4
268.4
268.5
268.5
268.5
268.6
268.7
268.7
268.9
269.0
269.0
269.2
269.2
269.3
269.3
269.3
269.4
269.4
269.4
269.5
269.5
269.6
269.6
269.6
269.7
269.7
269.7
269.7
269.7
269.8
269.8
269.8
269.9
270.0
270.0
270.0
270.0
270.1
270.2
270.2
270.2
270.3
270.3
270.4
270.5
270.5
270.6
270.6
270.7
270.7
270.7
270.7
270.7
270.8
270.8
270.9
270.9
270.9
271.0
271.1
271.1
271.3
271.3
271.4
271.8
271.8
271.8
271.9
271.9
271.9
271.9
272.0
272.0
272.0
272.1
272.2
272.2
272.4
272.5
272.8
272.8
272.8
272.9
272.9
273.0
273.0
273.2
273.2
273.2
273.2
273.3
273.3
273.3
273.4
273.4
273.4
273.4
273.6
273.6
273.8
273.8
273.9
274.0
274.0
274.0
274.1
274.1
274.2
274.3
274.3
274.3
274.3
274.3
274.4
274.4
274.5
274.6
274.6
274.7
274.8
274.8
275.0
275.1
275.4
275.4
275.4
275.4
275.5
275.6
275.7
275.7
275.9
275.9
275.9
275.9
276.0
276.0
276.1
276.1
276.1
276.2
276.2
276.2
276.3
276.3
276.4
276.5
276.6
276.6
276.9
277.0
277.1
277.1
277.2
277.4
277.4
277.5
277.5
277.6
277.7
277.7
277.7
277.8
277.8
277.8
277.8
277.8
277.9
277.9
278.0
278.0
278.1
278.4
278.4
278.5
278.6
278.7
278.9
278.9
279.0
279.0
279.2
279.2
279.4
279.6
279.7
279.7
279.8
279.8
279.9
279.9
280.0
280.1
280.2
280.4
280.5
280.5
280.6
280.7
280.8
280.8
281.0
281.0
281.1
281.3
281.3
281.3
281.4
281.6
281.7
281.9
281.9
282.0
282.1
282.3
282.4
282.4
282.5
282.6
282.7
282.7
282.8
282.8
282.9
282.9
282.9
283.0
283.0
283.1
283.2
283.2
283.2
283.3
283.3
283.3
283.4
283.4
283.5
283.5
283.5
283.7
283.7
283.8
283.8
283.8
283.8
284.0
284.1
284.2
284.2
284.4
284.6
284.6
284.7
284.8
284.9
285.0
285.4
285.4
285.5
285.6
285.8
285.9
286.0
286.1
286.2
286.3
286.4
286.5
286.6
286.6
286.7
286.8
286.8
286.9
287.0
287.0
287.1
287.1
287.1
287.3
287.3
287.5
287.5
287.5
287.6
287.7
287.7
287.7
287.9
287.9
287.9
288.0
288.0
288.1
288.2
288.5
288.6
288.9
289.0
289.1
289.2
289.3
289.5
290.0
290.2
290.3
290.4
290.4
290.4
290.7
290.7
290.8
290.8
291.0
291.2
291.3
291.4
291.5
291.6
291.6
291.8
292.0
292.0
292.0
292.2
292.2
292.4
292.5
292.6
292.6
292.7
292.8
292.8
293.0
293.0
293.1
293.2
293.3
293.4
293.7
294.4
294.9
295.0
295.0
295.1
295.4
295.4
295.7
296.3
296.4
296.7
296.9
297.1
297.4
297.7
297.8
297.9
298.1
299.3
299.4
299.5
299.9
300.0
300.1
300.2
300.8
301.0
301.3
301.4
301.5
302.8
302.8
303.1
303.5
303.6
304.1
304.7
304.8
305.7
307.6
308.4
308.9
309.0
309.8
310.1
313.7
315.7
316.3
316.5
318.3
681.7
681.7
681.7
681.7
681.7
681.7
681.8
681.8
681.8
681.8
681.8
681.8
681.8
681.8
681.9
681.9
681.9
681.9
681.9
682.0
682.0
682.0
682.0
682.0
682.0
682.0
682.1
682.1
682.1
682.1
682.1
682.1
682.1
682.2
682.2
682.2
682.2
682.2
682.2
682.2
682.2
682.2
682.2
682.3
682.3
682.3
682.3
682.3
682.3
682.3
682.3
682.3
682.3
682.4
682.4
682.4
682.4
682.4
682.4
682.5
682.5
682.5
682.5
682.5
682.5
682.5
682.6
682.6
682.6
682.6
682.6
682.6
682.7
682.7
682.7
682.9
683.2
683.3
683.4
683.4
683.6
684.3
684.5
684.5
685.2
685.6
685.6
685.7
685.7
685.8
685.8
685.8
685.8
685.8
685.9
685.9
685.9
686.0
686.0
686.0
686.0
686.0
686.0
686.0
686.0
686.0
686.0
686.0
686.0
686.1
686.1
686.1
686.1
686.1
686.1
686.2
686.2
686.2
686.2
686.2
686.2
686.2
686.2
686.2
686.2
686.2
686.2
686.3
686.3
686.3
686.3
686.3
686.3
686.3
686.3
686.4
686.4
686.4
686.4
686.4
686.4
686.4
686.4
686.5
686.5
686.5
686.5
686.5
686.5
686.5
686.5
686.5
686.5
686.5
686.5
686.6
686.6
686.6
686.6
686.7
686.7
686.7
686.8
686.9
687.0
687.2
687.3
687.4
687.9
687.9
688.0
688.4
688.5
688.6
688.6
688.8
688.9
689.1
689.3
689.6
690.2
690.3
690.7
690.8
690.8
690.9
690.9
690.9
690.9
691.1
691.1
691.1
691.1
691.1
691.2
691.2
691.2
691.2
691.2
691.2
691.2
691.2
691.3
691.3
691.3
691.3
691.3
691.3
691.3
691.4
691.4
691.4
691.4
691.4
691.4
691.4
691.4
691.5
691.5
691.5
691.5
691.5
691.6
691.6
691.6
691.6
691.6
691.6
691.6
691.7
691.7
691.7
691.7
691.7
691.7
691.7
691.8
691.8
691.8
691.8
691.8
691.9
691.9
691.9
691.9
692.0
692.0
692.0
692.1
692.1
692.1
692.2
692.2
692.3
692.3
692.4
692.5
692.5
692.5
692.6
692.7
692.8
692.9
692.9
693.1
693.1
693.3
694.0
694.6
694.6
694.7
695.7
696.2
696.2
696.5
697.0
697.7
697.9
698.0
698.2
698.3
698.4
698.4
698.5
698.5
698.6
698.6
698.6
698.7
698.7
698.8
698.8
698.8
698.8
698.8
698.9
698.9
698.9
698.9
698.9
698.9
698.9
698.9
698.9
699.0
699.0
699.0
699.0
699.1
699.1
699.1
699.1
699.1
699.2
699.2
699.2
699.2
699.2
699.2
699.2
699.2
699.2
699.3
699.3
699.3
699.4
699.5
699.5
699.5
699.5
699.5
699.5
699.5
699.6
699.6
699.6
699.7
699.7
699.8
699.8
699.8
699.8
699.8
699.9
699.9
699.9
700.0
700.0
700.0
700.0
700.0
700.1
700.2
700.4
700.4
700.5
700.5
700.7
700.8
701.0
701.3
701.3
701.5
701.8
701.9
701.9
702.0
702.0
702.0
702.2
702.2
702.2
702.3
702.3
702.3
702.3
702.3
702.3
702.3
702.4
702.4
702.4
702.4
702.4
702.4
702.4
702.4
702.5
702.5
702.5
702.5
702.6
702.6
702.6
702.6
702.7
702.7
702.7
702.8
702.8
702.8
702.8
702.8
702.9
702.9
703.0
703.0
703.0
703.0
703.0
703.0
703.0
703.0
703.0
703.0
703.1
703.1
703.1
703.1
703.2
703.2
703.2
703.2
703.3
703.3
703.3
703.3
703.4
703.4
703.4
703.4
703.5
703.5
703.6
703.6
703.6
703.6
703.7
703.7
703.7
703.8
703.9
704.1
704.2
704.3
704.4
704.5
704.8
704.9
705.1
705.4
705.4
705.6
705.7
705.8
705.9
706.0
706.0
706.1
706.1
706.2
706.2
706.4
706.4
706.4
706.5
706.6
706.6
706.6
706.6
706.6
706.7
706.7
706.8
706.8
706.8
706.9
706.9
706.9
706.9
707.0
707.0
707.0
707.0
707.1
707.1
707.1
707.1
707.1
707.1
707.2
707.2
707.2
707.2
707.2
707.3
707.3
707.3
707.3
707.4
707.4
707.5
707.5
707.5
707.5
707.5
707.5
707.6
707.6
707.6
707.6
707.6
707.6
707.6
707.7
707.7
707.7
707.7
707.7
707.8
707.8
707.9
707.9
707.9
707.9
707.9
708.1
708.1
708.2
708.2
708.3
708.3
708.4
708.4
708.5
708.6
708.6
708.7
708.7
708.8
708.9
709.0
709.0
709.3
709.3
709.3
709.3
709.3
709.4
709.4
709.5
709.6
709.6
709.6
709.6
709.8
709.8
709.8
709.9
709.9
709.9
709.9
710.0
710.0
710.1
710.1
710.2
710.2
710.2
710.2
710.2
710.3
710.3
710.3
710.4
710.4
710.4
710.5
710.5
710.5
710.7
710.7
710.7
710.7
710.7
710.7
710.8
710.8
710.8
710.9
710.9
710.9
711.0
711.1
711.1
711.1
711.1
711.1
711.2
711.2
711.3
711.3
711.3
711.3
711.4
711.4
711.4
711.5
711.5
711.5
711.6
711.6
711.7
711.8
711.9
711.9
712.0
712.0
712.1
712.1
712.1
712.2
712.2
712.4
712.5
712.7
712.7
712.7
712.7
712.8
712.8
712.8
712.9
712.9
713.0
713.0
713.1
713.1
713.1
713.2
713.3
713.3
713.3
713.4
713.4
713.4
713.5
713.5
713.5
713.6
713.7
713.7
713.7
713.7
713.7
713.8
713.8
713.8
713.9
713.9
713.9
713.9
713.9
714.0
714.0
714.1
714.1
714.1
714.2
714.2
714.2
714.2
714.3
714.3
714.3
714.4
714.4
714.4
714.5
714.5
714.5
714.5
714.5
714.6
714.6
714.6
714.6
714.6
714.6
714.8
714.9
714.9
714.9
714.9
715.1
715.1
715.1
715.1
715.1
715.1
715.2
715.2
715.2
715.2
715.3
715.4
715.4
715.5
715.7
715.7
715.7
715.8
715.9
715.9
716.1
716.3
716.4
716.4
716.5
716.5
716.6
716.6
716.6
716.6
716.7
716.7
716.7
716.8
716.8
716.8
716.9
717.0
717.0
717.0
717.1
717.1
717.1
717.2
717.2
717.2
717.2
717.2
717.3
717.3
717.3
717.3
717.3
717.3
717.3
717.4
717.4
717.5
717.5
717.5
717.5
717.6
717.6
717.6
717.7
717.7
717.8
717.8
717.8
717.9
717.9
717.9
717.9
718.0
718.1
718.1
718.1
718.1
718.1
718.1
718.1
718.2
718.2
718.2
718.3
718.3
718.3
718.3
718.3
718.4
718.4
718.7
718.8
718.8
718.8
718.9
718.9
718.9
719.0
719.1
719.1
719.1
719.1
719.3
719.4
719.4
719.4
719.4
719.5
719.5
719.6
719.6
719.7
719.7
719.7
719.8
719.8
719.9
719.9
720.0
720.0
720.1
720.1
720.1
720.1
720.2
720.3
720.3
720.4
720.4
720.4
720.4
720.4
720.5
720.5
720.5
720.5
720.5
720.6
720.6
720.6
720.6
720.7
720.7
720.7
720.8
720.8
720.8
720.9
720.9
721.0
721.0
721.0
721.1
721.1
721.1
721.1
721.1
721.2
721.2
721.3
721.3
721.3
721.4
721.4
721.4
721.4
721.5
721.5
721.5
721.6
721.6
721.6
721.6
721.6
721.6
721.7
721.7
721.7
721.8
721.8
721.8
721.9
721.9
722.1
722.2
722.3
722.4
722.4
722.5
722.6
722.7
722.8
722.8
722.9
723.0
723.0
723.1
723.1
723.1
723.3
723.3
723.4
723.4
723.5
723.6
723.6
723.7
723.7
723.7
723.7
723.8
723.8
723.8
723.8
723.8
724.0
724.0
724.0
724.0
724.0
724.0
724.0
724.1
724.1
724.1
724.1
724.2
724.2
724.2
724.2
724.3
724.3
724.3
724.3
724.3
724.3
724.4
724.4
724.4
724.5
724.5
724.5
724.5
724.6
724.6
724.6
724.7
724.7
724.8
724.8
724.8
724.8
724.8
724.9
724.9
724.9
724.9
725.0
725.0
725.0
725.0
725.0
725.0
725.1
725.2
725.2
725.2
725.2
725.3
725.3
725.3
725.3
725.5
725.6
725.7
725.8
725.8
725.8
725.9
726.0
726.0
726.1
726.1
726.2
726.3
726.4
726.4
726.5
726.5
726.6
726.6
726.7
726.7
726.8
726.8
726.9
726.9
726.9
726.9
727.0
727.0
727.0
727.0
727.0
727.1
727.1
727.1
727.2
727.2
727.2
727.3
727.3
727.3
727.3
727.4
727.4
727.4
727.5
727.5
727.5
727.5
727.6
727.6
727.6
727.7
727.7
727.7
727.8
727.8
727.8
727.8
727.9
727.9
727.9
727.9
728.0
728.1
728.1
728.1
728.1
728.1
728.1
728.1
728.1
728.1
728.1
728.2
728.3
728.3
728.3
728.3
728.4
728.4
728.5
728.5
728.5
728.6
728.8
728.8
728.9
728.9
729.0
729.2
729.3
729.3
729.5
729.5
729.5
729.5
729.6
729.6
729.6
729.7
729.7
729.8
729.9
730.0
730.0
730.0
730.1
730.1
730.1
730.1
730.1
730.1
730.2
730.3
730.3
730.3
730.4
730.4
730.4
730.5
730.5
730.6
730.6
730.6
730.7
730.7
730.7
730.7
730.8
730.8
730.8
730.9
730.9
730.9
731.0
731.0
731.0
731.0
731.0
731.1
731.1
731.2
731.2
731.2
731.2
731.3
731.3
731.3
731.3
731.4
731.4
731.4
731.4
731.4
731.5
731.5
731.5
731.5
731.5
731.5
731.5
731.5
731.6
731.6
731.7
731.7
731.7
731.7
731.7
731.8
731.8
731.8
731.9
731.9
732.0
732.0
732.0
732.2
732.2
732.3
732.4
732.6
732.7
732.9
733.0
733.0
733.0
733.0
733.0
733.1
733.1
733.1
733.2
733.2
733.3
733.3
733.3
733.4
733.4
733.4
733.5
733.5
733.5
733.5
733.6
733.7
733.7
733.7
733.8
733.8
733.8
733.9
733.9
733.9
733.9
734.1
734.1
734.1
734.1
734.2
734.2
734.2
734.2
734.2
734.2
734.3
734.3
734.3
734.3
734.4
734.4
734.4
734.4
734.4
734.4
734.5
734.5
734.5
734.6
734.6
734.6
734.7
734.7
734.7
734.7
734.7
734.7
734.7
734.8
734.8
734.8
734.9
734.9
734.9
734.9
735.0
735.0
735.2
735.2
735.2
735.4
735.4
735.4
735.5
735.6
735.6
735.6
735.6
735.6
735.8
735.9
736.0
736.1
736.3
736.3
736.3
736.4
736.4
736.4
736.4
736.5
736.5
736.5
736.6
736.8
736.8
736.8
736.8
736.8
736.9
736.9
737.0
737.0
737.1
737.2
737.2
737.3
737.3
737.3
737.3
737.4
737.4
737.4
737.5
737.5
737.5
737.5
737.6
737.6
737.6
737.6
737.7
737.7
737.7
737.7
737.8
737.8
737.8
737.9
737.9
737.9
737.9
737.9
738.0
738.0
738.0
738.0
738.1
738.1
738.1
738.1
738.1
738.1
738.1
738.1
738.2
738.2
738.2
738.2
738.2
738.3
738.3
738.3
738.3
738.3
738.3
738.3
738.4
738.4
738.6
738.6
738.6
738.6
738.7
738.7
739.0
739.0
739.0
739.0
739.2
739.3
739.3
739.3
739.4
739.4
739.5
739.5
739.6
739.8
739.8
739.8
739.9
740.1
740.1
740.2
740.3
740.3
740.3
740.4
740.4
740.4
740.4
740.5
740.5
740.6
740.6
740.6
740.6
740.6
740.7
740.7
740.8
740.8
740.8
740.8
740.8
740.9
740.9
741.0
741.0
741.0
741.1
741.1
741.1
741.1
741.1
741.2
741.2
741.2
741.2
741.2
741.3
741.3
741.3
741.3
741.3
741.3
741.4
741.4
741.4
741.4
741.5
741.5
741.5
741.5
741.5
741.5
741.6
741.7
741.7
741.8
741.9
741.9
741.9
742.0
742.0
742.1
742.4
742.4
742.4
742.5
742.6
742.6
742.7
742.7
742.9
742.9
742.9
742.9
742.9
743.3
743.3
743.3
743.3
743.3
743.3
743.4
743.5
743.5
743.6
743.6
743.6
743.7
743.7
743.8
743.8
743.9
743.9
744.0
744.1
744.1
744.1
744.1
744.1
744.1
744.2
744.2
744.2
744.2
744.2
744.3
744.3
744.4
744.4
744.4
744.4
744.4
744.4
744.5
744.5
744.6
744.6
744.6
744.6
744.6
744.7
744.7
744.7
744.7
744.8
744.8
744.8
744.8
744.9
744.9
744.9
744.9
744.9
745.0
745.1
745.1
745.1
745.1
745.2
745.2
745.3
745.3
745.3
745.4
745.6
745.6
745.6
745.7
745.7
745.8
745.8
745.9
745.9
745.9
746.0
746.1
746.2
746.2
746.3
746.3
746.5
746.6
746.6
746.6
746.6
746.7
746.7
746.7
746.7
746.7
746.9
746.9
747.1
747.1
747.1
747.1
747.1
747.2
747.2
747.2
747.2
747.2
747.3
747.3
747.4
747.4
747.4
747.4
747.5
747.5
747.5
747.5
747.6
747.6
747.6
747.6
747.7
747.7
747.7
747.7
747.7
747.7
747.7
747.8
747.8
747.8
747.9
747.9
748.0
748.0
748.0
748.0
748.0
748.1
748.2
748.2
748.3
748.3
748.4
748.4
748.4
748.5
748.6
748.7
748.7
748.7
748.7
748.8
748.8
748.8
749.0
749.1
749.1
749.2
749.2
749.3
749.5
749.9
749.9
750.1
750.1
750.1
750.1
750.3
750.3
750.4
750.4
750.4
750.4
750.5
750.5
750.5
750.5
750.5
750.6
750.6
750.6
750.7
750.7
750.7
750.7
750.7
750.8
750.8
750.9
750.9
750.9
750.9
750.9
751.0
751.1
751.1
751.1
751.1
751.1
751.1
751.1
751.2
751.2
751.2
751.2
751.2
751.3
751.3
751.3
751.3
751.4
751.4
751.4
751.4
751.4
751.5
751.5
751.5
751.5
751.6
751.6
751.7
751.7
751.7
751.7
751.8
751.8
751.8
751.8
751.8
751.8
751.9
751.9
752.0
752.0
752.1
752.1
752.1
752.1
752.2
752.4
752.4
752.5
752.6
752.7
752.7
752.8
752.8
753.0
753.1
753.1
753.1
753.2
753.5
753.5
753.5
753.5
753.6
753.6
753.7
753.8
753.8
753.8
753.8
753.9
753.9
753.9
754.0
754.0
754.0
754.0
754.0
754.1
754.1
754.1
754.1
754.2
754.2
754.2
754.2
754.3
754.3
754.3
754.4
754.4
754.4
754.4
754.5
754.5
754.5
754.5
754.5
754.6
754.6
754.6
754.6
754.8
754.8
754.8
754.9
754.9
755.0
755.0
755.0
755.1
755.1
755.1
755.1
755.1
755.4
755.4
755.5
755.6
755.6
755.7
755.7
755.7
755.7
755.8
755.8
755.9
755.9
755.9
755.9
756.0
756.1
756.4
756.5
756.6
756.6
756.7
756.7
756.7
756.7
756.7
756.8
756.9
756.9
757.0
757.0
757.0
757.0
757.1
757.1
757.1
757.1
757.2
757.2
757.2
757.3
757.4
757.4
757.4
757.4
757.4
757.5
757.5
757.6
757.6
757.6
757.6
757.7
757.8
757.8
757.8
757.8
757.8
757.8
757.9
757.9
757.9
758.0
758.0
758.0
758.0
758.0
758.0
758.0
758.1
758.1
758.1
758.2
758.2
758.3
758.3
758.3
758.3
758.3
758.4
758.5
758.6
758.7
758.8
758.8
758.8
758.9
759.2
759.2
759.2
759.3
759.3
759.3
759.3
759.5
759.6
759.6
759.6
759.7
759.7
759.8
759.9
759.9
760.0
760.1
760.1
760.1
760.1
760.2
760.2
760.3
760.3
760.3
760.4
760.5
760.5
760.5
760.5
760.5
760.5
760.5
760.6
760.6
760.6
760.6
760.6
760.7
760.7
760.7
760.7
760.7
760.7
760.8
760.8
760.9
760.9
761.0
761.0
761.1
761.1
761.1
761.1
761.1
761.1
761.2
761.3
761.3
761.3
761.4
761.4
761.4
761.5
761.5
761.5
761.5
761.6
761.6
761.7
761.8
761.8
761.9
762.0
762.0
762.2
762.2
762.3
762.4
762.5
762.6
762.8
762.8
762.8
762.8
762.9
762.9
762.9
763.1
763.1
763.1
763.1
763.2
763.2
763.2
763.3
763.4
763.4
763.4
763.5
763.6
763.7
763.7
763.7
763.7
763.7
763.8
763.8
763.8
763.8
763.8
763.9
763.9
763.9
763.9
764.0
764.0
764.0
764.0
764.0
764.0
764.0
764.1
764.1
764.1
764.2
764.2
764.2
764.2
764.2
764.3
764.3
764.3
764.4
764.4
764.4
764.4
764.5
764.5
764.6
764.6
764.6
764.6
764.7
764.7
764.7
764.8
764.8
764.9
764.9
765.0
765.0
765.0
765.1
765.1
765.1
765.2
765.3
765.4
765.4
765.4
765.6
765.6
765.7
765.7
765.9
765.9
766.0
766.1
766.2
766.2
766.3
766.4
766.5
766.5
766.5
766.6
766.6
766.6
766.7
766.7
766.9
766.9
766.9
766.9
767.0
767.0
767.1
767.1
767.1
767.1
767.1
767.1
767.1
767.3
767.3
767.3
767.3
767.4
767.4
767.4
767.4
767.4
767.4
767.5
767.5
767.5
767.5
767.6
767.6
767.6
767.6
767.6
767.6
767.7
767.7
767.7
767.8
767.8
767.8
767.8
767.8
767.8
767.9
768.0
768.1
768.1
768.3
768.3
768.3
768.3
768.4
768.5
768.5
768.5
768.6
768.8
768.9
768.9
769.0
769.0
769.1
769.1
769.1
769.2
769.2
769.3
769.6
769.7
769.7
769.8
769.9
769.9
769.9
770.0
770.0
770.0
770.0
770.1
770.2
770.2
770.3
770.3
770.3
770.3
770.3
770.4
770.4
770.4
770.5
770.5
770.5
770.5
770.5
770.6
770.6
770.6
770.6
770.7
770.7
770.8
770.8
770.8
770.8
770.8
770.8
770.9
770.9
770.9
771.0
771.1
771.2
771.2
771.2
771.2
771.3
771.3
771.3
771.4
771.4
771.4
771.5
771.5
771.5
771.6
771.6
771.7
771.7
771.7
771.8
771.8
771.8
771.8
771.9
771.9
772.0
772.0
772.1
772.2
772.2
772.3
772.4
772.4
772.6
772.6
772.7
772.7
772.7
772.7
772.8
772.8
772.9
772.9
772.9
772.9
773.1
773.1
773.1
773.2
773.3
773.3
773.3
773.3
773.4
773.4
773.4
773.5
773.5
773.5
773.5
773.6
773.6
773.6
773.6
773.6
773.7
773.7
773.8
773.8
773.8
773.9
773.9
774.0
774.0
774.0
774.0
774.0
774.1
774.2
774.2
774.2
774.3
774.3
774.4
774.4
774.4
774.5
774.5
774.8
774.8
774.8
774.8
774.8
774.9
774.9
774.9
775.0
775.0
775.1
775.1
775.2
775.2
775.2
775.2
775.3
775.4
775.4
775.5
775.5
775.6
775.7
775.8
775.8
775.9
775.9
775.9
776.0
776.1
776.1
776.3
776.3
776.3
776.4
776.5
776.5
776.5
776.6
776.6
776.6
776.6
776.7
776.7
776.8
776.8
776.8
776.9
776.9
776.9
776.9
776.9
776.9
776.9
777.0
777.0
777.0
777.0
777.0
777.1
777.2
777.2
777.4
777.4
777.4
777.4
777.5
777.5
777.5
777.5
777.5
777.6
777.6
777.6
777.6
777.6
777.7
777.8
777.8
777.8
778.0
778.0
778.1
778.2
778.2
778.2
778.3
778.3
778.3
778.4
778.4
778.5
778.5
778.5
778.6
778.6
778.6
778.6
778.7
778.8
778.8
778.8
778.8
778.9
778.9
779.0
779.1
779.1
779.2
779.5
779.5
779.7
779.7
779.7
779.8
779.9
779.9
780.0
780.0
780.0
780.1
780.1
780.1
780.1
780.1
780.1
780.2
780.2
780.3
780.3
780.3
780.3
780.3
780.4
780.4
780.4
780.4
780.5
780.5
780.5
780.5
780.5
780.6
780.6
780.7
780.7
780.7
780.8
780.8
780.8
780.9
780.9
780.9
780.9
781.1
781.1
781.1
781.1
781.1
781.1
781.2
781.2
781.2
781.2
781.2
781.3
781.3
781.3
781.4
781.4
781.5
781.5
781.6
781.6
781.6
781.6
781.7
781.7
781.7
781.8
782.0
782.0
782.0
782.1
782.2
782.2
782.2
782.2
782.3
782.3
782.3
782.4
782.4
782.4
782.5
782.6
782.6
782.6
782.9
782.9
782.9
782.9
783.0
783.0
783.1
783.1
783.2
783.3
783.4
783.4
783.4
783.4
783.5
783.5
783.5
783.6
783.6
783.6
783.6
783.7
783.7
783.8
783.8
783.8
783.8
783.8
783.8
783.9
783.9
783.9
783.9
784.0
784.0
784.1
784.3
784.3
784.3
784.3
784.3
784.4
784.4
784.4
784.5
784.5
784.5
784.5
784.6
784.7
784.7
784.7
784.8
784.8
784.9
784.9
784.9
784.9
785.0
785.1
785.1
785.1
785.1
785.1
785.3
785.3
785.3
785.3
785.4
785.4
785.5
785.5
785.5
785.6
785.7
785.8
785.8
785.8
785.9
786.1
786.1
786.1
786.2
786.2
786.2
786.2
786.3
786.3
786.3
786.4
786.5
786.5
786.6
786.7
786.9
787.0
787.0
787.0
787.0
787.1
787.1
787.1
787.1
787.1
787.2
787.2
787.3
787.4
787.4
787.5
787.6
787.6
787.6
787.6
787.6
787.6
787.7
787.7
787.7
787.7
787.8
787.9
787.9
787.9
788.0
788.2
788.2
788.3
788.3
788.4
788.4
788.4
788.4
788.6
788.6
788.6
788.6
788.6
788.6
788.7
788.7
788.8
788.8
788.8
788.8
788.9
789.0
789.0
789.0
789.0
789.0
789.1
789.1
789.1
789.1
789.3
789.3
789.3
789.3
789.3
789.4
789.4
789.4
789.4
789.5
789.8
789.8
789.8
789.9
789.9
789.9
789.9
790.1
790.1
790.3
790.4
790.5
790.5
790.5
790.5
790.5
790.5
790.6
790.7
790.7
790.8
790.8
790.8
790.8
790.8
790.8
790.8
790.9
791.0
791.0
791.0
791.0
791.0
791.0
791.1
791.2
791.2
791.2
791.2
791.2
791.2
791.3
791.4
791.4
791.4
791.5
791.5
791.6
791.6
791.6
791.7
791.8
791.8
791.8
791.8
791.9
791.9
792.0
792.0
792.1
792.1
792.1
792.1
792.4
792.4
792.4
792.5
792.5
792.6
792.6
792.6
792.7
792.7
792.7
792.8
792.8
792.9
793.0
793.1
793.2
793.2
793.3
793.3
793.4
793.4
793.4
793.5
793.5
793.6
793.7
793.7
793.8
793.8
793.8
793.8
793.8
793.9
793.9
793.9
794.0
794.1
794.2
794.2
794.2
794.3
794.3
794.3
794.3
794.3
794.5
794.5
794.5
794.6
794.6
794.6
794.6
794.6
794.7
794.7
794.7
794.8
794.8
794.8
794.9
795.0
795.1
795.1
795.2
795.3
795.3
795.4
795.5
795.6
795.6
795.6
795.6
795.6
795.7
795.7
795.7
795.7
795.8
795.8
795.9
796.1
796.1
796.1
796.2
796.3
796.3
796.3
796.3
796.3
796.4
796.5
796.5
796.5
796.5
796.6
796.6
796.6
796.6
796.8
796.9
796.9
797.0
797.1
797.2
797.3
797.4
797.4
797.4
797.4
797.5
797.6
797.6
797.7
797.7
797.7
797.7
797.7
797.9
797.9
797.9
797.9
798.0
798.1
798.1
798.2
798.2
798.2
798.2
798.2
798.3
798.3
798.4
798.5
798.6
798.6
798.6
798.6
798.7
798.7
798.7
798.8
798.8
799.0
799.0
799.0
799.1
799.1
799.2
799.2
799.2
799.3
799.4
799.5
799.6
799.7
799.8
799.9
800.0
800.0
800.0
800.0
800.2
800.2
800.2
800.2
800.3
800.3
800.4
800.6
800.8
800.8
800.8
800.9
800.9
801.1
801.1
801.1
801.2
801.2
801.2
801.3
801.4
801.6
801.6
801.6
801.9
802.1
802.1
802.1
802.2
802.2
802.2
802.3
802.3
802.3
802.3
802.4
802.5
802.6
802.7
802.9
803.0
803.1
803.1
803.1
803.2
803.2
803.2
803.2
803.2
803.3
803.3
803.4
803.4
803.5
803.5
803.6
803.6
803.6
803.6
803.6
803.7
803.7
803.8
803.8
803.8
803.9
804.0
804.1
804.1
804.1
804.1
804.1
804.4
804.7
804.7
804.7
804.8
804.9
804.9
804.9
804.9
805.0
805.2
805.2
805.2
805.3
805.3
805.3
805.3
805.4
805.4
805.5
805.5
805.5
805.6
805.7
805.8
805.9
806.0
806.0
806.0
806.1
806.1
806.1
806.1
806.2
806.2
806.2
806.4
806.6
806.6
806.6
806.7
806.7
806.8
807.0
807.0
807.0
807.0
807.1
807.1
807.1
807.1
807.1
807.1
807.2
807.2
807.2
807.2
807.3
807.4
807.4
807.4
807.4
807.5
807.5
807.5
807.7
807.8
807.8
807.9
807.9
808.0
808.1
808.3
808.3
808.6
808.6
808.7
808.7
808.8
808.8
808.8
808.9
809.0
809.1
809.1
809.1
809.3
809.4
809.4
809.5
809.6
809.7
809.9
809.9
810.1
810.3
810.7
810.7
810.8
811.1
811.2
811.2
811.2
811.5
811.5
811.6
811.6
811.6
811.7
811.9
811.9
811.9
812.0
812.0
812.2
812.3
812.4
812.4
812.4
812.6
812.6
812.7
812.8
813.0
813.2
813.2
813.3
813.3
813.4
813.4
813.4
813.5
813.5
813.6
813.6
813.7
813.7
813.7
813.8
813.8
813.8
813.9
814.0
814.1
814.1
814.1
814.2
814.2
814.4
814.4
814.5
814.5
814.9
815.0
815.0
815.3
815.6
815.7
815.8
815.9
816.0
816.4
816.5
816.6
816.7
816.8
816.8
816.9
817.6
817.9
818.0
818.6
818.9
819.0
819.0
819.2
819.6
819.7
819.8
819.9
819.9
820.0
820.1
820.2
820.4
820.7
820.9
820.9
821.3
821.4
822.1
822.6
822.8
824.4
824.4
824.4
824.6
824.7
824.8
825.1
825.3
826.1
826.3
826.6
826.7
826.8
826.8
827.5
827.8
830.1
830.1
832.2
837.4
837.5
848.7
