32
33
39
40
41
43
75
13
17
18
22
24
26
28
29
30
31
34
35
36
37
38
42
44
45
46
47
48
49
50
51
54
55
59
60
62
64
65
67
71
74
79
80
14
15
16
19
21
23
25
27
52
53
56
57
58
61
63
66
68
69
70
72
73
76
77
78
82
83
84
20
81
85
86
88
89
8
9
10
11
12
87
90
7
91
6
92
4
5
93
94
95
2
96
3
1
0
97
98
99
39
40
43
22
32
33
34
41
42
44
45
46
47
48
49
59
64
75
15
17
18
24
26
28
29
35
36
37
38
50
51
52
54
55
56
61
62
65
66
67
13
14
16
19
21
23
25
27
30
31
53
57
58
60
63
68
69
71
73
74
78
79
20
70
72
76
77
80
81
82
83
86
84
85
88
89
87
8
12
9
10
11
90
91
7
92
6
4
5
93
94
95
96
2
3
1
0
97
98
99
42
39
40
45
48
32
36
43
47
51
52
31
33
34
38
41
46
49
57
61
62
30
50
53
54
56
59
28
37
44
55
58
60
66
21
22
35
63
17
23
24
25
27
64
65
67
71
26
29
16
69
70
73
15
18
68
14
19
74
72
20
75
13
76
77
78
79
81
80
12
82
84
9
11
8
5
83
85
87
10
86
4
7
88
89
6
91
3
1
2
90
92
94
93
42
48
45
51
52
39
40
61
62
36
43
47
57
31
32
34
49
66
41
46
56
33
53
59
60
30
38
50
54
55
58
71
96
0
44
63
95
37
70
67
73
28
74
65
68
25
35
64
69
22
24
27
72
29
17
21
23
16
26
15
18
75
76
77
19
81
20
78
79
97
80
98
14
82
84
13
85
87
42
83
51
48
52
61
86
45
62
40
66
36
39
47
57
31
43
12
56
32
49
60
34
88
33
46
59
71
41
53
30
55
58
50
54
70
38
63
67
74
73
99
9
68
44
65
10
37
64
89
5
28
69
25
72
11
24
8
22
35
27
17
21
23
29
16
26
91
90
15
76
75
6
18
77
81
19
4
79
20
80
7
78
3
92
82
14
94
84
66
61
1
85
62
2
57
93
51
42
83
13
48
71
74
86
87
60
31
52
96
70
36
30
59
56
40
88
45
73
68
32
93
94
95
96
92
97
90
91
98
99
4
5
6
7
9
10
2
3
8
11
12
1
0
88
89
13
86
85
14
87
84
83
15
82
80
81
79
17
18
77
78
16
19
76
21
20
22
23
24
75
74
25
26
73
27
28
72
29
70
71
30
66
67
69
31
32
33
64
65
68
34
35
55
59
60
62
36
37
39
40
41
43
44
45
46
47
48
49
50
51
52
53
54
56
57
58
61
63
38
42
90
91
92
88
93
9
89
8
11
12
94
10
95
7
96
13
6
86
85
14
4
5
87
97
15
84
83
98
2
3
82
99
17
80
1
79
18
81
75
22
19
21
39
77
78
16
40
32
33
41
0
24
43
74
37
35
64
76
45
59
34
36
62
28
71
47
48
29
44
67
38
42
46
60
50
26
54
55
23
49
51
65
73
30
31
69
66
20
25
56
72
61
27
70
63
58
68
52
53
57
43
39
42
46
38
40
44
45
47
48
49
52
54
32
34
41
50
51
53
55
61
64
33
36
37
56
57
58
59
62
63
65
66
67
68
31
35
60
69
29
30
26
28
70
71
25
27
72
73
75
24
74
22
23
20
16
19
21
76
17
18
77
78
79
80
81
15
82
14
83
84
13
85
86
87
89
88
8
12
11
9
10
7
6
90
91
13
14
88
8
9
10
11
12
15
79
80
82
83
84
85
86
89
16
17
18
19
21
22
24
32
33
39
40
74
75
76
77
78
81
87
90
91
6
7
20
23
25
26
27
28
29
30
31
34
35
36
37
38
41
42
43
44
45
46
47
48
49
50
51
54
55
59
60
62
64
65
66
67
69
70
71
72
73
92
52
53
56
57
58
61
63
68
4
5
93
94
95
96
2
3
1
0
97
98
99
90
91
92
88
89
93
8
9
11
12
94
10
86
95
96
7
13
85
6
87
14
83
4
97
5
84
15
98
39
82
40
41
33
32
43
75
80
2
79
99
3
17
37
35
22
45
81
18
34
36
59
64
1
62
77
42
44
48
24
38
47
74
21
78
46
50
19
28
60
49
54
67
71
51
55
29
16
65
0
31
30
26
76
66
69
73
56
25
61
52
58
63
53
70
27
72
23
57
68
20
