35.3
35.5
36.7
36.7
37.4
37.6
37.8
38.2
38.4
38.6
38.7
39.0
39.3
39.3
39.4
39.7
39.7
39.7
39.8
39.8
39.8
39.9
40.0
40.1
40.2
40.2
40.3
40.4
40.4
40.4
40.4
40.5
40.6
40.6
40.7
40.7
40.9
40.9
40.9
41.0
41.1
41.1
41.2
41.4
41.4
41.5
41.6
41.6
41.8
41.9
42.0
42.0
42.1
42.1
42.1
42.1
42.2
42.3
42.3
42.3
42.3
42.3
42.3
42.4
42.4
42.4
42.4
42.5
42.5
42.6
42.6
42.6
42.7
42.7
42.7
42.7
42.7
42.9
42.9
43.0
43.1
43.2
43.2
43.3
43.3
43.3
43.3
43.4
43.4
43.4
43.5
43.6
43.7
43.7
43.7
43.7
43.7
43.7
43.8
43.8
43.8
43.9
43.9
43.9
43.9
44.0
44.1
44.1
44.2
44.2
44.2
44.3
44.3
44.4
44.4
44.4
44.5
44.5
44.5
44.5
44.5
44.6
44.6
44.7
44.7
44.7
44.7
44.8
44.8
44.8
44.8
44.9
44.9
44.9
45.0
45.0
45.0
45.0
45.0
45.1
45.1
45.1
45.2
45.2
45.3
45.4
45.4
45.4
45.4
45.4
45.5
45.5
45.6
45.6
45.7
45.8
45.8
45.8
45.8
45.8
45.8
45.8
45.8
45.9
46.0
46.0
46.0
46.0
46.1
46.1
46.1
46.2
46.2
46.2
46.3
46.3
46.3
46.3
46.4
46.5
46.5
46.5
46.6
46.6
46.6
46.7
46.7
46.9
46.9
46.9
46.9
46.9
47.0
47.1
47.1
47.1
47.1
47.1
47.2
47.2
47.2
47.2
47.3
47.3
47.3
47.4
47.4
47.4
47.4
47.6
47.6
47.6
47.6
47.6
47.7
47.7
47.7
47.7
47.7
47.8
47.8
47.8
47.8
47.8
47.8
47.9
47.9
48.0
48.0
48.1
48.1
48.1
48.1
48.1
48.2
48.3
48.3
48.3
48.4
48.4
48.5
48.6
48.6
48.6
48.7
48.7
48.8
48.8
48.9
48.9
49.0
49.0
49.0
49.1
49.1
49.1
49.1
49.1
49.2
49.3
49.3
49.3
49.3
49.4
49.5
49.6
49.6
49.6
49.7
49.7
49.8
49.8
49.8
49.8
49.9
49.9
49.9
49.9
50.0
50.0
50.1
50.1
50.1
50.2
50.2
50.3
50.4
50.4
50.5
50.5
50.5
50.6
50.6
50.7
50.7
50.8
50.8
50.8
50.8
50.8
50.9
50.9
50.9
50.9
50.9
50.9
51.0
51.0
51.0
51.0
51.0
51.0
51.1
51.1
51.1
51.2
51.2
51.2
51.3
51.3
51.4
51.4
51.4
51.5
51.5
51.5
51.6
51.6
51.7
51.7
51.7
51.7
51.8
51.8
51.9
52.0
52.0
52.0
52.0
52.0
52.0
52.1
52.1
52.2
52.2
52.2
52.3
52.3
52.3
52.4
52.4
52.6
52.6
52.7
52.8
52.8
52.8
52.8
52.8
52.8
52.9
52.9
53.0
53.0
53.1
53.3
53.3
53.4
53.5
53.5
53.8
53.9
54.0
54.0
54.0
54.2
54.3
54.5
54.5
54.6
54.6
54.8
54.9
54.9
54.9
55.0
55.0
55.0
55.1
55.1
55.3
55.3
55.4
55.4
55.4
55.5
55.6
55.8
55.8
55.8
55.9
56.0
56.1
56.4
56.4
56.4
56.4
56.6
56.8
57.0
57.1
57.1
57.2
57.3
57.4
57.5
57.6
58.1
58.2
58.4
58.6
58.8
58.8
58.8
58.8
58.9
58.9
59.1
59.2
59.3
59.4
59.4
59.5
59.7
59.8
59.8
60.1
60.2
60.3
60.4
60.4
60.5
60.6
60.6
60.7
60.9
61.0
61.3
61.5
61.7
61.7
61.7
61.8
61.9
62.0
62.1
62.1
62.1
62.2
62.2
62.3
62.5
62.6
62.6
62.7
62.7
62.8
63.0
63.1
63.7
63.7
63.9
64.2
64.3
64.5
64.7
65.1
65.2
65.6
66.2
66.7
66.7
66.7
66.8
67.0
67.1
67.5
68.0
68.6
68.6
69.3
69.9
70.6
70.7
70.8
71.4
71.9
72.6
73.2
73.3
73.6
74.0
75.0
75.1
75.4
75.5
75.7
76.0
76.1
77.1
77.2
77.2
77.9
78.5
78.8
79.2
79.6
80.0
80.4
80.6
82.1
82.6
84.4
85.1
85.2
86.3
86.4
86.5
87.0
87.2
87.4
87.5
87.7
94.8
97.1
134.4
500.3
500.3
500.3
500.3
500.3
500.3
500.3
500.3
500.3
500.3
500.3
500.3
500.3
500.3
500.3
500.3
500.3
500.3
500.3
500.3
500.3
500.3
500.3
500.3
500.3
500.3
500.3
500.3
500.3
500.3
500.3
500.3
500.3
500.3
500.3
500.3
500.3
500.3
500.3
500.3
500.3
500.3
500.3
500.3
500.3
500.3
500.3
500.3
500.3
500.3
500.3
500.3
500.3
500.3
500.3
500.3
500.3
500.3
500.3
500.3
500.3
500.3
500.3
500.3
500.3
500.3
500.3
500.3
500.3
500.3
500.3
500.3
500.3
500.4
500.4
500.4
500.4
500.4
500.4
500.4
500.4
500.4
500.4
500.4
500.4
500.4
500.4
500.4
500.4
500.4
500.4
500.4
500.4
500.4
500.4
500.4
500.4
500.4
500.4
500.4
500.4
500.4
500.4
500.4
500.4
500.4
500.4
500.4
500.4
500.4
500.4
500.4
500.4
500.4
500.4
500.4
500.4
500.4
500.4
500.4
500.4
500.4
500.4
500.4
500.4
500.4
500.4
500.4
500.4
500.4
500.4
500.4
500.4
500.4
500.4
500.4
500.4
500.4
500.4
500.4
500.4
500.4
500.4
500.4
500.4
500.4
500.4
500.4
500.4
500.4
500.4
500.4
500.4
500.4
500.4
500.4
500.4
500.4
500.4
500.4
500.4
500.4
500.4
500.4
500.4
500.4
500.4
500.4
500.4
500.4
500.4
500.4
500.4
500.4
500.4
500.4
500.4
500.4
500.4
500.4
500.4
500.4
500.4
500.4
500.4
500.4
500.4
500.4
500.4
500.4
500.4
500.4
500.4
500.4
500.4
500.4
500.4
500.4
500.4
500.4
500.4
500.4
500.4
500.4
500.4
500.4
500.4
500.4
500.4
500.4
500.4
500.4
500.4
500.4
500.4
500.4
500.4
500.4
500.4
500.4
500.4
500.4
500.4
500.4
500.4
500.4
500.4
500.4
500.4
500.4
500.4
500.4
500.4
500.4
500.4
500.4
500.4
500.4
500.4
500.4
500.4
500.4
500.5
500.5
500.5
500.5
500.5
500.5
500.5
500.5
500.5
500.5
500.5
500.5
500.5
500.5
500.5
500.5
500.5
500.5
500.5
500.5
500.5
500.5
500.5
500.5
500.5
500.5
500.5
500.5
500.5
500.5
500.5
500.5
500.5
500.5
500.5
500.5
500.5
500.5
500.5
500.5
500.5
500.5
500.5
500.5
500.5
500.5
500.5
500.5
500.5
500.5
500.5
500.5
500.5
500.5
500.5
500.5
500.5
500.5
500.5
500.5
500.5
500.5
500.5
500.5
500.5
500.5
500.5
500.5
500.5
500.5
500.5
500.5
500.5
500.5
500.5
500.5
500.5
500.5
500.5
500.5
500.5
500.5
500.5
500.5
500.5
500.5
500.5
500.5
500.5
500.5
500.5
500.5
500.5
500.5
500.5
500.5
500.5
500.5
500.5
500.5
500.5
500.5
500.5
500.5
500.5
500.5
500.5
500.5
500.5
500.5
500.5
500.5
500.5
500.5
500.5
500.5
500.5
500.5
500.5
500.5
500.5
500.5
500.5
500.5
500.5
500.5
500.5
500.5
500.5
500.5
500.5
500.5
500.5
500.5
500.5
500.5
500.5
500.5
500.5
500.5
500.5
500.5
500.5
500.5
500.5
500.5
500.5
500.5
500.5
500.5
500.5
500.5
500.5
500.5
500.5
500.5
500.5
500.5
500.5
500.5
500.5
500.5
500.5
500.5
500.5
500.5
500.5
500.5
500.5
500.5
500.5
500.5
500.5
500.5
500.5
500.5
500.5
500.5
500.5
500.5
500.5
500.5
500.5
500.5
500.5
500.5
500.5
500.5
500.5
500.5
500.5
500.5
500.5
500.5
500.5
500.5
500.5
500.5
500.5
500.5
500.5
500.5
500.5
500.5
500.5
500.5
500.5
500.5
500.5
500.5
500.5
500.5
500.5
500.5
500.5
500.5
500.5
500.5
500.5
500.5
500.5
500.5
500.5
500.5
500.5
500.5
500.5
500.5
500.5
500.5
500.5
500.5
500.5
500.5
500.5
500.5
500.5
500.5
500.5
500.5
500.5
500.5
500.5
500.5
500.5
500.5
500.5
500.5
500.5
500.5
500.5
500.5
500.5
500.5
500.5
500.5
500.5
500.5
500.5
500.5
500.5
500.5
500.5
500.5
500.5
500.5
500.5
500.5
500.5
500.5
500.5
500.5
500.5
500.5
500.5
500.5
500.5
500.5
500.5
500.5
500.5
500.5
500.5
500.5
500.5
500.5
500.5
500.5
500.5
500.5
500.5
500.5
500.5
500.5
500.5
500.5
500.5
500.5
500.5
500.5
500.5
500.5
500.5
500.5
500.5
500.5
500.5
500.5
500.5
500.5
500.5
500.5
500.5
500.5
500.5
500.5
500.5
500.5
500.5
500.5
500.5
500.5
500.5
500.5
500.5
500.5
500.5
500.5
500.5
500.5
500.5
500.5
500.5
500.5
500.5
500.5
500.5
500.5
500.5
500.5
500.5
500.5
500.5
500.5
500.5
500.5
500.5
500.5
500.5
500.5
500.5
500.5
500.5
500.5
500.5
500.5
500.5
500.5
500.5
500.5
500.5
500.5
500.5
500.5
500.5
500.5
500.5
500.5
500.5
500.5
500.5
500.5
500.5
500.5
500.5
500.5
500.5
500.5
500.5
500.5
500.5
500.5
500.5
500.5
500.5
500.5
500.5
500.5
500.5
500.5
500.5
500.5
500.5
500.5
500.5
500.5
500.5
500.5
500.5
500.5
500.5
500.5
500.5
500.5
500.5
500.5
500.5
500.5
500.5
500.5
500.5
500.5
500.5
500.5
500.5
500.5
500.5
500.5
500.5
500.5
500.5
500.5
500.5
500.5
500.5
500.5
500.5
500.5
500.5
500.5
500.5
500.5
500.5
500.5
500.5
500.5
500.5
500.5
500.5
500.5
500.5
500.5
500.5
500.5
500.5
500.5
500.5
500.5
500.5
500.5
500.5
500.5
500.5
500.5
500.5
500.5
500.5
500.5
500.5
500.5
500.5
500.5
500.5
500.5
500.5
500.5
500.5
500.5
500.5
500.5
500.5
500.5
500.5
500.5
500.5
500.5
500.5
500.5
500.5
500.5
500.5
500.5
500.5
500.5
500.5
500.5
500.5
500.5
500.5
500.5
500.5
500.5
500.5
500.5
500.5
500.5
500.5
500.5
500.5
500.5
500.5
500.5
500.5
500.5
500.5
500.6
500.6
500.6
500.6
500.6
500.6
500.6
500.6
500.6
500.6
500.6
500.6
500.6
500.6
500.6
500.6
500.6
500.6
500.6
500.6
500.6
500.6
500.6
500.6
500.6
500.6
500.6
500.6
500.6
500.6
500.6
500.6
500.6
500.6
500.6
500.6
500.6
500.6
500.6
500.6
500.6
500.6
500.6
500.6
500.6
500.6
500.6
500.6
500.6
500.6
500.6
500.6
500.6
500.6
500.6
500.6
500.6
500.6
500.6
500.6
500.6
500.6
500.6
500.6
500.6
500.6
500.6
500.6
500.6
500.6
500.6
500.6
500.6
500.6
500.6
500.6
500.6
500.6
500.6
500.6
500.6
500.6
500.6
500.6
500.6
500.6
500.6
500.6
500.6
500.6
500.6
500.6
500.6
500.6
500.6
500.6
500.6
500.6
500.6
500.6
500.6
500.6
500.6
500.6
500.6
500.6
500.6
500.6
500.6
500.6
500.6
500.6
500.6
500.6
500.6
500.6
500.6
500.6
500.6
500.6
500.6
500.6
500.6
500.6
500.6
500.6
500.6
500.6
500.6
500.6
500.6
500.6
500.6
500.6
500.6
500.6
500.6
500.6
500.6
500.6
500.6
500.6
500.6
500.6
500.6
500.6
500.6
500.6
500.6
500.6
500.6
500.6
500.6
500.6
500.6
500.6
500.6
500.6
500.6
500.6
500.6
500.6
500.6
500.6
500.6
500.6
500.6
500.6
500.6
500.6
500.6
500.6
500.6
500.6
500.6
500.6
500.6
500.6
500.6
500.6
500.6
500.6
500.6
500.6
500.6
500.6
500.6
500.6
500.6
500.6
500.6
500.6
500.6
500.6
500.6
500.6
500.6
500.6
500.6
500.6
500.6
500.6
500.6
500.6
500.6
500.6
500.6
500.6
500.6
500.6
500.6
500.6
500.6
500.6
500.6
500.6
500.6
500.6
500.6
500.6
500.6
500.6
500.6
500.6
500.6
500.6
500.6
500.6
500.6
500.6
500.6
500.6
500.6
500.6
500.6
500.6
500.6
500.6
500.6
500.6
500.6
500.6
500.6
500.6
500.6
500.6
500.6
500.6
500.6
500.6
500.6
500.6
500.6
504.7
504.7
504.8
504.8
504.8
504.8
504.8
504.8
504.8
504.9
504.9
504.9
504.9
504.9
504.9
504.9
504.9
504.9
504.9
504.9
504.9
504.9
504.9
504.9
504.9
504.9
504.9
504.9
504.9
504.9
505.0
505.0
505.0
505.0
505.0
505.0
505.0
505.0
505.0
505.0
505.0
505.0
505.0
505.0
505.0
505.0
505.0
505.0
505.0
505.0
505.0
505.0
505.0
505.0
505.0
505.0
505.0
505.0
505.0
505.0
505.0
505.0
505.0
505.0
505.0
505.0
505.0
505.0
505.1
505.1
505.1
505.1
505.1
505.1
505.1
505.1
505.1
505.1
505.1
505.1
505.1
505.1
505.1
505.1
505.1
505.1
505.1
505.1
505.1
505.1
505.1
505.1
505.1
505.1
505.1
505.1
505.1
505.1
505.1
505.1
505.1
505.1
505.1
505.1
505.1
505.1
505.1
505.1
505.1
505.1
505.1
505.1
505.1
505.1
505.1
505.1
505.1
505.1
505.1
505.1
505.1
505.1
505.1
505.1
505.1
505.1
505.1
505.1
505.1
505.2
505.2
505.2
505.2
505.2
505.2
505.2
505.2
505.2
505.2
505.2
505.2
505.2
505.2
505.2
505.2
505.2
505.2
505.2
505.2
505.2
505.2
505.2
505.2
505.2
505.2
505.2
505.2
505.2
505.2
505.2
505.2
505.2
505.2
505.2
505.2
505.2
505.2
505.2
505.2
505.2
505.2
505.2
505.2
505.2
505.2
505.2
505.2
505.3
505.3
505.3
505.3
505.3
505.3
505.3
505.3
505.3
505.3
505.3
505.3
505.3
505.3
505.3
505.3
505.3
505.3
505.3
505.3
505.3
505.3
505.3
505.3
505.3
505.3
505.3
505.3
505.3
505.3
505.3
505.3
505.3
505.3
505.3
505.3
505.3
505.3
505.3
505.3
505.3
505.3
505.3
505.3
505.3
505.3
505.3
505.3
505.3
505.3
505.3
505.3
505.3
505.3
505.3
505.3
505.3
505.3
505.3
505.3
505.4
505.4
505.4
505.4
505.4
505.4
505.4
505.4
505.4
505.4
505.4
505.4
505.4
505.4
505.4
505.4
505.4
505.4
505.4
505.4
505.4
505.4
505.4
505.4
505.4
505.4
505.4
505.4
505.4
505.4
505.4
505.4
505.4
505.4
505.4
505.4
505.4
505.4
505.4
505.4
505.4
505.4
505.4
505.4
505.4
505.4
505.4
505.4
505.4
505.4
505.4
505.4
505.4
505.4
505.4
505.4
505.4
505.4
505.5
505.5
505.5
505.5
505.5
505.5
505.5
505.5
505.5
505.5
505.5
505.5
505.5
505.5
505.5
505.5
505.5
505.5
505.5
505.5
505.5
505.5
505.5
505.5
505.5
505.5
505.5
505.5
505.5
505.5
505.5
505.5
505.5
505.5
505.5
505.5
505.5
505.5
505.5
505.5
505.5
505.5
505.5
505.5
505.5
505.6
505.6
505.6
505.6
505.6
505.6
505.6
505.6
505.6
505.6
505.6
505.6
505.6
505.6
505.6
505.6
505.6
505.6
505.6
505.6
505.6
505.6
505.6
505.6
505.6
505.6
505.6
505.6
505.6
505.6
505.6
505.6
505.6
505.6
505.6
505.6
505.6
505.6
505.6
505.6
505.6
505.6
505.6
505.6
505.6
505.6
505.7
505.7
505.7
505.7
505.7
505.7
505.7
505.7
505.7
505.7
505.7
505.7
505.7
505.7
505.7
505.7
505.7
505.7
505.7
505.7
505.7
505.7
505.7
505.7
505.7
505.7
505.7
505.7
505.7
505.7
505.7
505.7
505.7
505.7
505.7
505.7
505.7
505.7
505.7
505.7
505.7
505.7
505.7
505.7
505.7
505.7
505.7
505.7
505.7
505.7
505.7
505.7
505.7
505.7
505.7
505.7
505.7
505.7
505.7
505.7
505.7
505.8
505.8
505.8
505.8
505.8
505.8
505.8
505.8
505.8
505.8
505.8
505.8
505.8
505.8
505.8
505.8
505.8
505.8
505.8
505.8
505.8
505.8
505.8
505.8
505.8
505.8
505.8
505.8
505.8
505.8
505.8
505.8
505.8
505.8
505.8
505.8
505.8
505.8
505.9
505.9
505.9
505.9
505.9
505.9
505.9
505.9
505.9
505.9
505.9
505.9
505.9
505.9
505.9
505.9
505.9
505.9
505.9
505.9
505.9
505.9
505.9
505.9
505.9
505.9
505.9
505.9
506.0
506.0
506.0
506.0
506.0
506.0
506.0
506.0
506.0
506.0
506.0
506.0
506.0
506.0
506.0
506.0
506.0
506.0
506.0
506.0
506.0
506.0
506.0
506.0
506.0
506.0
506.0
506.1
506.1
506.1
506.1
506.1
506.1
506.1
506.1
506.1
506.1
506.1
506.1
506.1
506.1
506.1
506.1
506.1
506.1
506.1
506.1
506.1
506.1
506.1
506.1
506.1
506.1
506.1
506.1
506.1
506.1
506.1
506.1
506.1
506.2
506.2
506.2
506.2
506.2
506.2
506.2
506.2
506.2
506.2
506.2
506.2
506.2
506.2
506.2
506.2
506.2
506.2
506.2
506.2
506.2
506.2
506.2
506.2
506.2
506.2
506.2
506.2
506.2
506.2
506.2
506.2
506.2
506.2
506.3
506.3
506.3
506.3
506.3
506.3
506.3
506.3
506.3
506.3
506.3
506.3
506.3
506.3
506.3
506.3
506.3
506.3
506.3
506.3
506.3
506.3
506.3
506.3
506.4
506.4
506.4
506.4
506.4
506.4
506.4
506.4
506.4
506.4
506.4
506.4
506.4
506.4
506.4
506.4
506.4
506.4
506.5
506.5
506.5
506.5
506.5
506.5
506.5
506.5
506.5
506.5
506.5
506.5
506.5
506.5
506.5
506.5
506.5
506.5
506.5
506.5
506.5
506.5
506.6
506.6
506.6
506.6
506.6
506.6
506.6
506.6
506.6
506.6
506.6
506.6
506.6
506.6
506.6
506.6
506.6
506.6
506.6
506.7
506.7
506.7
506.7
506.7
506.7
506.7
506.7
506.7
506.7
506.7
506.7
506.7
506.8
506.8
506.8
506.8
506.8
506.8
506.8
506.8
506.8
506.8
506.8
506.8
506.8
506.8
506.8
506.9
506.9
506.9
506.9
506.9
506.9
506.9
506.9
506.9
506.9
506.9
506.9
506.9
506.9
506.9
506.9
506.9
507.0
507.0
507.0
507.0
507.0
507.0
507.0
507.0
507.0
507.0
507.1
507.1
507.1
507.1
507.1
507.1
507.1
507.1
507.1
507.1
507.1
507.2
507.2
507.2
507.2
507.2
507.2
507.2
507.2
507.2
507.2
507.2
507.2
507.3
507.3
507.3
507.3
507.3
507.3
507.3
507.3
507.3
507.3
507.3
507.3
507.4
507.4
507.4
507.4
507.4
507.4
507.4
507.4
507.4
507.4
507.4
507.4
507.4
507.4
507.4
507.5
507.5
507.5
507.5
507.5
507.5
507.5
507.6
507.6
507.6
507.6
507.6
507.6
507.6
507.6
507.6
507.6
507.6
507.7
507.7
507.7
507.7
507.7
507.8
507.8
507.8
507.8
507.8
507.8
507.8
507.8
507.8
507.8
507.8
507.9
507.9
507.9
507.9
507.9
507.9
507.9
508.0
508.0
508.0
508.0
508.0
508.0
508.0
508.0
508.1
508.1
508.1
508.1
508.1
508.1
508.1
508.1
508.1
508.1
508.1
508.2
508.2
508.2
508.2
508.2
508.2
508.2
508.2
508.2
508.2
508.3
508.3
508.3
508.3
508.3
508.3
508.3
508.4
508.4
508.4
508.5
508.5
508.5
508.5
508.5
508.5
508.6
508.6
508.6
508.6
508.6
508.6
508.6
508.7
508.7
508.7
508.7
508.7
508.7
508.8
508.8
508.8
508.8
508.9
508.9
508.9
508.9
508.9
509.0
509.0
509.1
509.1
509.1
509.1
509.1
509.2
509.2
509.2
509.2
509.2
509.3
509.3
509.3
509.3
509.3
509.3
509.4
509.4
509.4
509.5
509.5
509.5
509.5
509.5
509.5
509.6
509.6
509.6
509.6
509.6
509.6
509.7
509.7
509.7
509.8
509.8
509.8
509.9
509.9
510.0
510.0
510.0
510.0
510.1
510.1
510.1
510.1
510.1
510.1
510.2
510.2
510.3
510.3
510.3
510.4
510.4
510.4
510.4
510.4
510.4
510.5
510.5
510.5
510.6
510.6
510.6
510.6
510.7
510.7
510.8
510.8
510.8
510.8
510.9
510.9
511.0
511.1
511.1
511.1
511.1
511.2
511.2
511.3
511.3
511.3
511.3
511.4
511.4
511.4
511.4
511.4
511.5
511.5
511.5
511.5
511.6
511.6
511.7
511.7
511.7
511.7
511.7
511.8
511.8
511.8
511.8
511.8
511.8
511.8
511.8
511.9
511.9
512.0
512.0
512.0
512.0
512.0
512.0
512.1
512.1
512.1
512.1
512.2
512.2
512.2
512.2
512.2
512.2
512.2
512.2
512.2
512.2
512.3
512.3
512.3
512.3
512.3
512.3
512.4
512.4
512.4
512.5
512.5
512.5
512.5
512.5
512.5
512.5
512.5
512.5
512.5
512.5
512.6
512.6
512.6
512.6
512.6
512.6
512.6
512.6
512.7
512.7
512.7
512.7
512.7
512.7
512.7
512.7
512.8
512.8
512.8
512.8
512.8
512.8
512.8
512.8
512.8
512.8
512.8
512.9
512.9
512.9
512.9
512.9
512.9
513.0
513.0
513.0
513.0
513.0
513.1
513.1
513.1
513.1
513.1
513.1
513.1
513.1
513.1
513.1
513.1
513.1
513.2
513.2
513.2
513.2
513.2
513.3
513.3
513.3
513.3
513.3
513.3
513.3
513.3
513.4
513.4
513.4
513.4
513.4
513.4
513.4
513.4
513.5
513.5
513.5
513.5
513.5
513.5
513.5
513.5
513.5
513.5
513.5
513.5
513.5
513.6
513.6
513.6
513.6
513.6
513.7
513.7
513.7
513.7
513.7
513.7
513.7
513.7
513.8
513.8
513.8
513.8
513.8
513.8
513.8
513.8
513.9
513.9
513.9
513.9
513.9
513.9
513.9
513.9
513.9
513.9
514.0
514.0
514.0
514.0
514.1
514.1
514.1
514.1
514.1
514.1
514.1
514.1
514.2
514.2
514.2
514.2
514.2
514.2
514.2
514.2
514.2
514.2
514.2
514.3
514.3
514.3
514.3
514.3
514.3
514.3
514.4
514.4
514.4
514.4
514.4
514.5
514.5
514.5
514.5
514.6
514.6
514.6
514.6
514.6
514.6
514.6
514.7
514.7
514.7
514.7
514.7
514.7
514.7
514.7
514.8
514.8
514.8
514.8
514.8
514.8
514.8
514.8
514.8
514.9
514.9
514.9
514.9
514.9
515.0
515.0
515.0
515.0
515.0
515.1
515.1
515.1
515.1
515.1
515.2
515.2
515.3
515.3
515.3
515.3
515.3
515.3
515.3
515.3
515.3
515.4
515.4
515.4
515.5
515.5
515.5
515.5
515.5
515.5
515.5
515.6
515.6
515.6
515.6
515.6
515.6
515.7
515.7
515.7
515.7
515.7
515.7
515.7
515.7
515.8
515.8
515.8
515.8
515.9
515.9
515.9
515.9
516.0
516.0
516.0
516.0
516.0
516.0
516.2
516.2
516.2
516.2
516.2
516.3
516.4
516.4
516.4
516.4
516.4
516.5
516.5
516.5
516.5
516.5
516.5
516.5
516.6
516.6
516.6
516.6
516.6
516.7
516.7
516.8
516.8
516.8
516.9
517.0
517.1
517.1
517.2
517.2
517.2
517.2
517.2
517.3
517.3
517.3
517.3
517.4
517.5
517.6
517.6
517.6
517.6
517.7
517.7
517.7
517.8
517.8
517.9
518.0
518.1
518.1
518.2
518.2
518.2
518.2
518.3
518.3
518.5
518.5
518.5
518.6
518.6
518.7
518.7
518.8
518.8
518.8
518.9
518.9
519.0
519.0
519.1
519.1
519.1
519.2
519.2
519.3
519.4
519.4
519.4
519.4
519.4
519.5
519.5
519.5
519.6
519.7
520.0
520.2
520.2
520.3
520.4
520.4
520.6
520.6
520.7
520.7
520.8
520.9
521.0
521.0
521.1
521.2
521.2
521.2
521.3
521.4
521.5
521.5
521.6
521.7
521.7
521.8
521.9
522.0
522.0
522.0
522.1
522.2
522.2
522.3
522.3
522.4
522.4
522.5
522.6
522.8
523.1
523.1
523.5
523.6
523.7
523.9
524.1
524.4
524.4
524.5
524.8
525.4
525.6
525.7
525.8
525.9
526.2
526.5
526.6
527.0
527.1
527.1
528.6
529.5
529.8
530.4
531.6
531.9
532.0
532.0
532.2
532.3
532.5
532.7
533.0
533.1
535.6
536.3
536.5
536.5
537.3
538.9
539.8
540.8
544.1
544.7
545.6
546.0
546.7
549.3
555.0
