31.7
31.9
33.1
35.1
35.2
36.0
36.1
36.4
36.5
36.5
36.9
37.0
37.0
37.1
37.1
37.4
37.9
37.9
38.0
38.2
38.2
38.3
38.8
38.8
38.8
38.9
38.9
38.9
39.1
39.1
39.1
39.6
39.7
39.7
39.7
39.9
39.9
39.9
39.9
40.0
40.0
40.0
40.1
40.2
40.2
40.2
40.3
40.3
40.3
40.3
40.3
40.4
40.5
40.6
40.8
40.8
40.9
40.9
41.0
41.0
41.0
41.1
41.2
41.2
41.3
41.5
41.5
41.5
41.6
41.6
41.9
42.1
42.2
42.3
42.4
42.4
42.5
42.5
42.9
42.9
43.0
43.0
43.1
43.1
43.2
43.2
43.4
43.4
43.4
43.4
43.5
43.5
43.5
43.5
43.6
43.6
43.6
43.7
43.8
43.9
44.0
44.1
44.3
44.3
44.4
44.5
44.5
44.5
44.9
45.0
45.0
45.0
45.1
45.1
45.2
45.2
45.3
45.4
45.5
45.6
45.6
45.6
45.7
45.7
45.8
45.8
45.8
45.9
45.9
45.9
46.0
46.0
46.1
46.1
46.2
46.3
46.3
46.3
46.5
46.5
46.6
46.7
46.8
46.9
46.9
46.9
46.9
47.0
47.1
47.2
47.3
47.4
47.5
47.5
47.6
47.6
47.6
47.7
47.7
47.8
47.8
47.9
47.9
48.0
48.0
48.0
48.0
48.0
48.0
48.1
48.1
48.1
48.3
48.5
48.5
48.6
48.6
48.7
48.7
48.8
48.8
48.9
49.1
49.1
49.1
49.1
49.2
49.2
49.2
49.3
49.3
49.4
49.4
49.5
49.5
49.5
49.5
49.7
49.7
49.8
49.9
50.1
50.1
50.2
50.3
50.4
50.4
50.4
50.5
50.5
50.5
50.5
50.7
50.9
50.9
50.9
51.1
51.1
51.1
51.2
51.2
51.2
51.4
51.5
51.6
51.7
51.7
51.9
51.9
52.0
52.0
52.0
52.1
52.1
52.1
52.4
52.4
52.4
52.5
52.6
52.6
52.8
52.8
52.9
53.0
53.0
53.2
53.3
53.5
53.7
53.7
53.7
54.0
54.1
54.1
54.3
54.3
54.4
54.8
54.9
54.9
55.2
55.4
55.4
55.6
55.6
55.6
55.7
55.9
55.9
56.0
56.1
56.1
56.2
56.2
56.2
56.2
56.4
56.4
56.4
56.6
56.7
56.7
56.8
56.8
56.8
56.9
56.9
56.9
57.0
57.3
57.3
57.9
57.9
58.0
58.2
58.3
58.3
58.3
58.3
58.5
58.6
58.7
59.0
59.0
59.5
59.6
59.9
60.2
60.4
60.4
60.7
60.9
60.9
61.0
61.2
61.2
61.5
61.9
62.0
62.3
62.3
62.5
62.6
62.6
62.6
62.9
63.3
63.3
63.4
63.5
63.6
63.6
63.8
63.9
64.0
64.1
64.1
64.2
64.3
64.3
64.7
64.8
64.9
65.1
65.4
65.4
65.4
65.6
65.8
65.9
66.0
66.5
66.5
66.5
67.0
67.4
67.4
68.0
68.0
68.1
68.1
68.5
68.6
68.7
68.9
69.0
69.1
69.7
69.7
69.9
70.2
70.2
70.3
71.1
71.5
71.5
71.8
72.2
72.5
72.5
73.3
73.4
73.9
73.9
74.4
74.6
75.2
76.0
76.1
77.4
77.5
78.4
78.5
78.8
78.8
79.0
79.8
79.9
80.6
80.8
81.0
81.7
81.8
84.3
86.5
86.8
87.0
88.2
88.4
89.0
90.2
90.4
93.2
96.2
103.7
109.3
