193.7
193.7
193.7
193.8
193.8
193.8
193.8
193.8
193.8
193.8
193.8
193.8
193.8
193.8
193.8
193.8
193.8
193.8
193.8
193.8
193.9
193.9
193.9
193.9
193.9
193.9
193.9
193.9
193.9
193.9
193.9
193.9
193.9
193.9
193.9
193.9
193.9
193.9
193.9
193.9
193.9
193.9
193.9
193.9
193.9
193.9
193.9
193.9
193.9
194.0
194.0
194.0
194.0
194.0
194.0
194.0
194.0
194.0
194.0
194.0
194.0
194.0
194.0
194.0
194.0
194.0
194.0
194.0
194.0
194.0
194.0
194.0
194.0
194.0
194.0
194.0
194.0
194.0
194.0
194.0
194.0
194.0
194.0
194.0
194.0
194.0
194.0
194.0
194.0
194.0
194.0
194.0
194.0
194.0
194.0
194.0
194.0
194.0
194.0
194.0
194.0
194.0
194.0
194.0
194.0
194.0
194.0
194.0
194.0
194.0
194.0
194.0
194.1
194.1
194.1
194.1
194.1
194.1
194.1
194.1
194.1
194.1
194.1
194.1
194.1
194.1
194.1
194.1
194.1
194.1
194.1
194.1
194.1
194.1
194.1
194.1
194.1
194.1
194.1
194.1
194.1
194.1
194.1
194.1
194.1
194.1
194.1
194.1
194.1
194.1
194.1
194.1
194.1
194.1
194.1
194.1
194.1
194.1
194.1
194.1
194.1
194.1
194.1
194.1
194.1
194.1
194.1
194.1
194.1
194.1
194.1
194.1
194.1
194.1
194.1
194.1
194.1
194.1
194.1
194.1
194.1
194.1
194.1
194.1
194.1
194.1
194.1
194.1
194.1
194.1
194.1
194.1
194.2
194.2
194.2
194.2
194.2
194.2
194.2
194.2
194.2
194.2
194.2
194.2
194.2
194.2
194.2
194.2
194.2
194.2
194.2
194.2
194.2
194.2
194.2
194.2
194.2
194.2
194.2
194.2
194.2
194.2
194.2
194.2
194.2
194.2
194.2
194.2
194.2
194.2
194.2
194.2
194.2
194.2
194.2
194.2
194.2
194.2
194.2
194.2
194.2
194.2
194.2
194.2
194.2
194.2
194.2
194.2
194.2
194.2
194.2
194.2
194.2
194.2
194.2
194.2
194.2
194.2
194.2
194.2
194.2
194.2
194.2
194.2
194.2
194.2
194.2
194.2
194.2
194.2
194.2
194.2
194.2
194.2
194.2
194.2
194.2
194.2
194.2
194.2
194.2
194.2
194.2
194.2
194.2
194.2
194.3
194.3
194.3
194.3
194.3
194.3
194.3
194.3
194.3
194.3
194.3
194.3
194.3
194.3
194.3
194.3
194.3
194.3
194.3
194.3
194.3
194.3
194.3
194.3
194.3
194.3
194.3
194.3
194.3
194.3
194.3
194.3
194.3
194.3
194.3
194.3
194.3
194.3
194.3
194.3
194.3
194.3
194.3
194.3
194.3
194.3
194.3
194.3
194.3
194.3
194.3
194.3
194.3
194.3
194.3
194.3
194.3
194.3
194.3
194.3
194.3
194.3
194.3
194.3
194.3
194.3
194.3
194.3
194.3
194.3
194.3
194.3
194.3
194.3
194.3
194.3
194.3
194.3
194.3
194.3
194.3
194.3
194.4
194.4
194.4
194.4
194.4
194.4
194.4
194.4
194.4
194.4
194.4
194.4
194.4
194.4
194.4
194.4
194.4
194.4
194.4
194.4
194.4
194.4
194.4
194.4
194.4
194.4
194.4
194.4
194.4
194.4
194.4
194.4
194.4
194.4
194.4
194.4
194.4
194.4
194.4
194.4
194.4
194.4
194.4
194.4
194.4
194.4
194.4
194.4
194.4
194.4
194.4
194.4
194.4
194.4
194.4
194.4
194.4
194.4
194.4
194.4
194.4
194.4
194.4
194.4
194.4
194.4
194.4
194.4
194.4
194.4
194.4
194.4
194.5
194.5
194.5
194.5
194.5
194.5
194.5
194.5
194.5
194.5
194.5
194.5
194.5
194.5
194.5
194.5
194.5
194.5
194.5
194.5
194.5
194.5
194.5
194.5
194.5
194.5
194.5
194.5
194.5
194.5
194.5
194.5
194.5
194.5
194.5
194.5
194.5
194.5
194.5
194.5
194.5
194.5
194.5
194.5
194.5
194.5
194.5
194.5
194.5
194.5
194.5
194.6
194.6
194.6
194.6
194.6
194.6
194.6
194.6
194.6
194.6
194.6
194.6
194.6
194.6
194.6
194.6
194.6
194.6
194.6
194.6
194.6
194.6
194.6
194.6
194.6
194.6
194.6
194.6
194.6
194.6
194.6
194.6
194.6
194.6
194.6
194.6
194.6
194.6
194.6
194.6
194.6
194.6
194.6
194.6
194.6
194.6
194.6
194.6
194.7
194.7
194.7
194.7
194.7
194.7
194.7
194.7
194.7
194.7
194.7
194.7
194.7
194.7
194.7
194.7
194.7
194.7
194.7
194.7
194.7
194.7
194.7
194.7
194.7
194.7
194.7
194.7
194.7
194.7
194.7
194.7
194.7
194.7
194.7
194.7
194.7
194.8
194.8
194.8
194.8
194.8
194.8
194.8
194.8
194.8
194.8
194.8
194.8
194.8
194.8
194.8
194.8
194.8
194.8
194.8
194.8
194.8
194.8
194.8
194.9
194.9
194.9
194.9
194.9
194.9
194.9
194.9
194.9
194.9
194.9
194.9
194.9
194.9
194.9
194.9
194.9
194.9
194.9
194.9
194.9
194.9
194.9
194.9
194.9
195.0
195.0
195.0
195.0
195.0
195.0
195.0
195.0
195.0
195.0
195.0
195.0
195.0
195.0
195.0
195.0
195.0
195.0
195.0
195.0
195.0
195.1
195.1
195.1
195.1
195.1
195.1
195.1
195.1
195.1
195.1
195.1
195.1
195.1
195.2
195.2
195.2
195.2
195.2
195.2
195.2
195.2
195.2
195.2
195.2
195.2
195.2
195.2
195.2
195.2
195.2
195.3
195.3
195.3
195.3
195.3
195.3
195.3
195.3
195.3
195.3
195.3
195.3
195.3
195.4
195.4
195.4
195.4
195.4
195.4
195.4
195.5
195.5
195.5
195.5
195.5
195.5
195.5
195.6
195.6
195.6
195.6
195.6
195.6
195.6
195.6
195.6
195.6
195.6
195.6
195.7
195.7
195.7
195.7
195.7
195.7
195.7
195.7
195.7
195.7
195.7
195.7
195.7
195.7
195.8
195.8
195.8
195.9
195.9
195.9
195.9
195.9
195.9
195.9
195.9
195.9
195.9
196.0
196.0
196.0
196.0
196.0
196.0
196.0
196.0
196.1
196.1
196.1
196.2
196.2
196.2
196.2
196.2
196.3
196.3
196.3
196.3
196.3
196.3
196.3
196.3
196.3
196.4
196.4
196.4
196.5
196.5
196.5
196.5
196.5
196.5
196.5
196.6
196.6
196.6
196.6
196.6
196.6
196.6
196.6
196.6
196.6
196.7
196.7
196.7
196.8
196.8
196.8
196.8
196.8
196.9
197.0
197.0
197.0
197.0
197.0
197.1
197.1
197.2
197.2
197.2
197.2
197.2
197.3
197.3
197.3
197.3
197.4
197.4
197.4
197.4
197.5
197.5
197.5
197.6
197.6
197.6
197.7
197.7
197.7
197.8
197.8
197.9
197.9
197.9
197.9
197.9
198.0
198.0
198.0
198.0
198.1
198.1
198.1
198.2
198.2
198.2
198.2
198.2
198.2
198.3
198.3
198.4
198.4
198.4
198.4
198.5
198.6
198.6
198.7
198.7
198.8
198.8
198.8
198.9
198.9
199.0
199.0
199.0
199.0
199.1
199.1
199.1
199.1
199.1
199.1
199.1
199.2
199.2
199.3
199.4
199.4
199.5
199.5
199.5
199.5
199.6
199.6
199.7
199.8
199.8
200.0
200.1
200.1
200.1
200.2
200.2
200.5
200.6
200.8
200.9
201.0
201.1
201.1
201.1
201.1
201.2
201.2
201.4
201.5
201.8
201.8
201.9
202.1
202.1
202.2
202.4
202.4
202.4
202.5
202.6
202.6
202.7
202.9
203.0
203.2
203.2
203.4
203.5
203.5
203.6
203.7
203.8
203.9
203.9
204.0
204.0
204.1
204.2
204.2
204.4
204.4
204.4
204.4
204.6
204.7
204.8
204.8
204.8
204.8
204.9
204.9
204.9
204.9
204.9
205.0
205.0
205.0
205.0
205.0
205.0
205.0
205.0
205.0
205.1
205.1
205.1
205.1
205.1
205.1
205.1
205.1
205.1
205.1
205.1
205.1
205.1
205.2
205.2
205.2
205.2
205.2
205.2
205.2
205.2
205.2
205.2
205.2
205.2
205.2
205.2
205.2
205.2
205.3
205.3
205.3
205.3
205.3
205.3
205.3
205.3
205.3
205.3
205.3
205.3
205.3
205.3
205.3
205.3
205.3
205.3
205.3
205.3
205.3
205.3
205.3
205.3
205.3
205.3
205.3
205.3
205.3
205.3
205.3
205.3
205.3
205.3
205.3
205.3
205.3
205.3
205.4
205.4
205.4
205.4
205.4
205.4
205.4
205.4
205.4
205.4
205.4
205.4
205.4
205.4
205.4
205.4
205.4
205.4
205.4
205.4
205.4
205.4
205.4
205.4
205.4
205.4
205.4
205.4
205.4
205.4
205.4
205.4
205.4
205.4
205.4
205.4
205.4
205.4
205.4
205.4
205.4
205.4
205.4
205.5
205.5
205.5
205.5
205.5
205.5
205.5
205.5
205.5
205.5
205.5
205.5
205.5
205.5
205.5
205.5
205.5
205.5
205.5
205.5
205.5
205.5
205.5
205.5
205.5
205.5
205.5
205.5
205.5
205.5
205.5
205.5
205.5
205.5
205.5
205.5
205.5
205.5
205.5
205.5
205.5
205.5
205.5
205.5
205.5
205.5
205.6
205.6
205.6
205.6
205.6
205.6
205.6
205.6
205.6
205.6
205.6
205.6
205.6
205.6
205.6
205.6
205.6
205.6
205.6
205.6
205.6
205.6
205.6
205.6
205.6
205.6
205.6
205.6
205.6
205.6
205.6
205.6
205.6
205.6
205.6
205.6
205.6
205.6
205.6
205.6
205.6
205.6
205.6
205.6
205.6
205.6
205.6
205.6
205.6
205.6
205.6
205.7
205.7
205.7
205.7
205.7
205.7
205.7
205.7
205.7
205.7
205.7
205.7
205.7
205.7
205.7
205.7
205.7
205.7
205.7
205.7
205.7
205.7
205.7
205.7
205.7
205.7
205.7
205.7
205.7
205.7
205.7
205.7
205.7
205.7
205.7
205.7
205.7
205.7
205.7
205.7
205.7
205.7
205.7
205.8
205.8
205.8
205.8
205.8
205.8
205.8
205.8
205.8
205.8
205.8
205.8
205.8
205.8
205.8
205.8
205.8
205.8
205.8
205.8
205.8
205.8
205.8
205.8
205.8
205.8
205.8
205.8
205.8
205.8
205.8
205.8
205.8
205.8
205.8
205.8
205.8
205.8
205.8
205.9
205.9
205.9
205.9
205.9
205.9
205.9
205.9
205.9
205.9
205.9
205.9
205.9
205.9
205.9
205.9
205.9
205.9
205.9
205.9
205.9
205.9
205.9
205.9
205.9
205.9
205.9
205.9
205.9
205.9
205.9
205.9
205.9
205.9
205.9
205.9
205.9
205.9
205.9
206.0
206.0
206.0
206.0
206.0
206.0
206.0
206.0
206.0
206.0
206.0
206.0
206.0
206.0
206.0
206.0
206.0
206.0
206.0
206.0
206.0
206.0
206.0
206.0
206.0
206.0
206.0
206.0
206.0
206.0
206.0
206.0
206.0
206.0
206.0
206.1
206.1
206.1
206.1
206.1
206.1
206.1
206.1
206.1
206.1
206.1
206.1
206.1
206.1
206.1
206.1
206.1
206.1
206.1
206.1
206.1
206.1
206.2
206.2
206.2
206.2
206.2
206.2
206.2
206.2
206.2
206.2
206.2
206.2
206.2
206.2
206.2
206.2
206.2
206.2
206.2
206.2
206.2
206.2
206.2
206.2
206.2
206.2
206.2
206.2
206.3
206.3
206.3
206.3
206.3
206.3
206.3
206.3
206.3
206.3
206.3
206.3
206.3
206.3
206.3
206.3
206.3
206.4
206.4
206.4
206.4
206.4
206.4
206.4
206.4
206.4
206.4
206.4
206.4
206.4
206.4
206.4
206.4
206.4
206.4
206.5
206.5
206.5
206.5
206.5
206.5
206.5
206.5
206.5
206.5
206.5
206.5
206.5
206.5
206.5
206.5
206.5
206.5
206.5
206.6
206.6
206.6
206.6
206.6
206.6
206.6
206.6
206.6
206.6
206.6
206.6
206.6
206.6
206.7
206.7
206.7
206.7
206.7
206.7
206.7
206.7
206.7
206.7
206.7
206.7
206.7
206.7
206.7
206.7
206.7
206.7
206.8
206.8
206.8
206.8
206.8
206.8
206.8
206.8
206.9
206.9
206.9
206.9
206.9
206.9
206.9
206.9
206.9
206.9
206.9
206.9
206.9
206.9
206.9
206.9
206.9
207.0
207.0
207.0
207.0
207.0
207.0
207.0
207.0
207.0
207.0
207.0
207.0
207.1
207.1
207.1
207.1
207.1
207.1
207.1
207.1
207.2
207.2
207.2
207.2
207.2
207.2
207.2
207.2
207.2
207.2
207.2
207.2
207.2
207.2
207.2
207.2
207.2
207.3
207.3
207.3
207.3
207.3
207.3
207.3
207.3
207.3
207.3
207.3
207.4
207.4
207.4
207.4
207.4
207.4
207.4
207.4
207.4
207.4
207.4
207.4
207.4
207.5
207.5
207.5
207.5
207.5
207.5
207.5
207.5
207.5
207.5
207.5
207.5
207.6
207.6
207.6
207.6
207.6
207.6
207.6
207.6
207.6
207.6
207.7
207.7
207.7
207.7
207.7
207.7
207.7
207.8
207.8
207.8
207.8
207.8
207.8
207.8
207.8
207.8
207.8
207.9
207.9
207.9
207.9
207.9
207.9
207.9
208.0
208.0
208.0
208.0
208.0
208.0
208.0
208.0
208.0
208.1
208.1
208.1
208.1
208.2
208.2
208.2
208.2
208.2
208.2
208.2
208.3
208.3
208.3
208.3
208.3
208.3
208.3
208.4
208.4
208.4
208.4
208.4
208.4
208.5
208.5
208.5
208.5
208.5
208.5
208.5
208.6
208.6
208.6
208.6
208.7
208.7
208.7
208.7
208.8
208.8
208.8
208.8
208.8
208.8
208.8
208.8
208.9
208.9
208.9
208.9
208.9
209.0
209.0
209.0
209.0
209.0
209.0
209.1
209.1
209.1
209.1
209.1
209.2
209.2
209.2
209.2
209.2
209.2
209.3
209.3
209.3
209.3
209.4
209.4
209.4
209.4
209.4
209.4
209.5
209.5
209.5
209.5
209.5
209.5
209.5
209.5
209.5
209.6
209.6
209.6
209.6
209.7
209.7
209.7
209.7
209.7
209.7
209.8
209.8
209.8
209.8
209.9
209.9
209.9
209.9
209.9
209.9
210.0
210.0
210.0
210.0
210.0
210.1
210.1
210.2
210.2
210.3
210.4
210.4
210.4
210.4
210.5
210.5
210.5
210.6
210.6
210.7
210.7
210.7
210.8
210.8
210.8
210.8
210.9
210.9
211.0
211.0
211.1
211.1
211.1
211.2
211.2
211.3
211.3
211.4
211.4
211.4
211.4
211.4
211.4
211.5
211.5
211.5
211.6
211.6
211.6
211.6
211.6
211.7
211.7
211.8
211.8
211.8
211.8
211.9
211.9
211.9
211.9
211.9
211.9
211.9
211.9
212.0
212.0
212.0
212.1
212.1
212.1
212.1
212.1
212.1
212.2
212.2
212.2
212.2
212.3
212.3
212.3
212.3
212.3
212.3
212.4
212.5
212.5
212.5
212.5
212.5
212.5
212.5
212.6
212.6
212.6
212.6
212.6
212.7
212.7
212.7
212.7
212.7
212.7
212.7
212.7
212.7
212.8
212.8
212.8
212.8
212.9
212.9
212.9
212.9
212.9
213.0
213.0
213.0
213.0
213.1
213.1
213.1
213.1
213.1
213.1
213.1
213.1
213.2
213.2
213.2
213.2
213.3
213.3
213.3
213.3
213.3
213.3
213.3
213.3
213.3
213.4
213.4
213.4
213.4
213.4
213.4
213.4
213.4
213.5
213.5
213.5
213.5
213.5
213.5
213.6
213.6
213.6
213.6
213.6
213.6
213.6
213.6
213.6
213.6
213.7
213.7
213.7
213.7
213.7
213.7
213.7
213.7
213.7
213.7
213.8
213.8
213.8
213.8
213.8
213.8
213.8
213.8
213.8
213.8
213.8
213.8
213.8
213.8
213.9
213.9
213.9
213.9
213.9
213.9
213.9
213.9
213.9
213.9
213.9
213.9
213.9
213.9
213.9
213.9
213.9
213.9
214.0
214.0
214.0
214.0
214.0
214.0
214.0
214.0
214.0
214.0
214.0
214.0
214.0
214.0
214.0
214.1
214.1
214.1
214.1
214.1
214.1
214.1
214.1
214.1
214.1
214.1
214.1
214.1
214.1
214.1
214.1
214.1
214.1
214.2
214.2
214.2
214.2
214.2
214.2
214.2
214.2
214.2
214.2
214.2
214.2
214.2
214.2
214.2
214.2
214.2
214.2
214.2
214.2
214.2
214.3
214.3
214.3
214.3
214.3
214.3
214.3
214.3
214.3
214.3
214.3
214.4
214.4
214.4
214.4
214.4
214.4
214.4
214.4
214.4
214.4
214.4
214.4
214.4
214.4
214.4
214.4
214.5
214.5
214.5
214.5
214.5
214.5
214.5
214.5
214.5
214.5
214.5
214.5
214.5
214.5
214.6
214.6
214.6
214.6
214.6
214.6
214.6
214.6
214.6
214.6
214.6
214.6
214.6
214.6
214.7
214.7
214.7
214.7
214.7
214.7
214.7
214.7
214.7
214.7
214.7
214.7
214.7
214.7
214.7
214.7
214.7
214.8
214.8
214.8
214.8
214.8
214.8
214.8
214.8
214.8
214.8
214.8
214.8
214.8
214.9
214.9
214.9
214.9
214.9
214.9
214.9
214.9
214.9
214.9
214.9
214.9
214.9
214.9
214.9
215.0
215.0
215.0
215.0
215.0
215.0
215.0
215.0
215.0
215.0
215.0
215.0
215.0
215.1
215.1
215.1
215.1
215.1
215.1
215.1
215.1
215.1
215.1
215.1
215.1
215.1
215.2
215.2
215.2
215.2
215.2
215.2
215.2
215.2
215.2
215.2
215.2
215.2
215.2
215.2
215.2
215.2
215.3
215.3
215.3
215.3
215.3
215.4
215.4
215.4
215.4
215.4
215.4
215.4
215.4
215.4
215.4
215.4
215.4
215.4
215.4
215.4
215.4
215.5
215.5
215.5
215.5
215.5
215.5
215.5
215.5
215.5
215.5
215.5
215.5
215.5
215.5
215.5
215.5
215.5
215.5
215.6
215.6
215.6
215.6
215.6
215.6
215.6
215.6
215.6
215.6
215.6
215.6
215.6
215.6
215.6
215.6
215.7
215.7
215.7
215.7
215.7
215.7
215.7
215.7
215.7
215.7
215.7
215.7
215.7
215.7
215.7
215.8
215.8
215.8
215.8
215.8
215.8
215.8
215.8
215.8
215.8
215.8
215.8
215.8
215.8
215.8
215.9
215.9
215.9
215.9
215.9
215.9
215.9
215.9
215.9
215.9
215.9
215.9
216.0
216.0
216.0
216.0
216.0
216.0
216.0
216.0
216.0
216.0
216.0
216.0
216.0
216.0
216.0
216.0
216.1
216.1
216.1
216.1
216.1
216.1
216.1
216.1
216.1
216.1
216.1
216.2
216.2
216.2
216.2
216.2
216.2
216.2
216.3
216.3
216.3
216.3
216.3
216.3
216.3
216.3
216.3
216.3
216.4
216.4
216.4
216.4
216.4
216.4
216.4
216.4
216.4
216.4
216.5
216.5
216.5
216.5
216.5
216.5
216.5
216.5
216.6
216.6
216.6
216.6
216.6
216.6
216.7
216.7
216.7
216.7
216.7
216.7
216.7
216.7
216.7
216.7
216.8
216.8
216.8
216.8
216.8
216.9
216.9
216.9
216.9
216.9
216.9
216.9
216.9
217.0
217.0
217.0
217.0
217.0
217.0
217.0
217.0
217.0
217.1
217.1
217.1
217.1
217.1
217.1
217.1
217.1
217.1
217.1
217.1
217.1
217.1
217.2
217.2
217.2
217.2
217.2
217.2
217.2
217.2
217.3
217.3
217.3
217.3
217.3
217.3
217.3
217.3
217.4
217.4
217.4
217.4
217.4
217.4
217.5
217.5
217.5
217.5
217.5
217.5
217.5
217.6
217.6
217.6
217.6
217.6
217.6
217.6
217.6
217.6
217.7
217.7
217.7
217.7
217.7
217.7
217.7
217.7
217.7
217.7
217.8
217.8
217.8
217.8
217.8
217.8
217.9
217.9
217.9
217.9
217.9
217.9
217.9
217.9
217.9
217.9
218.0
218.0
218.0
218.0
218.0
218.1
218.1
218.1
218.1
218.1
218.1
218.1
218.1
218.1
218.1
218.1
218.2
218.2
218.2
218.2
218.2
218.2
218.2
218.2
218.2
218.2
218.2
218.2
218.2
218.2
218.3
218.3
218.3
218.3
218.3
218.3
218.4
218.4
218.4
218.4
218.4
218.5
218.5
218.5
218.5
218.6
218.7
218.7
218.7
218.7
218.7
218.7
218.7
218.8
218.8
218.8
218.8
218.8
218.8
218.8
218.9
218.9
218.9
219.0
219.1
219.1
219.2
219.2
219.3
219.3
219.3
219.3
219.3
219.4
219.4
219.4
219.5
219.5
219.5
219.5
219.6
219.6
219.6
219.6
219.7
219.7
219.7
219.8
219.8
219.8
219.8
219.8
219.8
219.8
219.9
219.9
219.9
219.9
219.9
219.9
219.9
219.9
220.0
220.0
220.0
220.0
220.0
220.1
220.1
220.1
220.1
220.1
220.1
220.1
220.1
220.2
220.2
220.2
220.2
220.2
220.2
220.2
220.2
220.3
220.3
220.3
220.3
220.3
220.3
220.3
220.3
220.3
220.3
220.3
220.3
220.3
220.3
220.3
220.3
220.4
220.4
220.4
220.4
220.4
220.4
220.4
220.4
220.4
220.4
220.4
220.4
220.4
220.4
220.4
220.4
220.4
220.4
220.4
220.5
220.5
220.5
220.5
220.5
220.5
220.5
220.5
220.5
220.5
220.6
220.6
220.6
220.6
220.6
220.6
220.6
220.6
220.6
220.6
220.6
220.6
220.6
220.6
220.6
220.6
220.6
220.6
220.6
220.6
220.7
220.7
220.7
220.7
220.7
220.7
220.7
220.7
220.7
220.7
220.7
220.7
220.7
220.7
220.7
220.7
220.7
220.7
220.7
220.7
220.7
220.8
220.8
220.8
220.8
220.8
220.8
220.8
220.8
220.8
220.8
220.8
220.8
220.8
220.8
220.8
220.8
220.9
220.9
220.9
220.9
220.9
220.9
220.9
220.9
220.9
220.9
220.9
220.9
220.9
220.9
221.0
221.0
221.0
221.0
221.0
221.0
221.0
221.0
221.0
221.0
221.0
221.0
221.0
221.0
221.0
221.0
221.0
221.0
221.1
221.1
221.1
221.1
221.1
221.1
221.1
221.1
221.1
221.1
221.1
221.1
221.1
221.1
221.1
221.1
221.2
221.2
221.2
221.2
221.2
221.2
221.2
221.2
221.2
221.2
221.3
221.3
221.3
221.3
221.3
221.3
221.3
221.3
221.3
221.3
221.3
221.3
221.3
221.3
221.4
221.4
221.4
221.4
221.4
221.4
221.4
221.4
221.4
221.5
221.5
221.5
221.5
221.5
221.5
221.5
221.5
221.5
221.5
221.5
221.5
221.5
221.5
221.6
221.6
221.6
221.6
221.6
221.6
221.6
221.6
221.6
221.6
221.6
221.6
221.6
221.6
221.7
221.7
221.7
221.7
221.7
221.7
221.7
221.7
221.7
221.7
221.7
221.8
221.8
221.8
221.8
221.8
221.8
221.8
221.8
221.8
221.8
221.8
221.8
221.8
221.8
221.9
221.9
221.9
221.9
221.9
221.9
221.9
221.9
221.9
221.9
221.9
221.9
221.9
221.9
221.9
222.0
222.0
222.0
222.0
222.0
222.0
222.0
222.0
222.0
222.0
222.0
222.0
222.1
222.1
222.1
222.1
222.1
222.1
222.1
222.1
222.1
222.1
222.2
222.2
222.2
222.2
222.2
222.2
222.2
222.2
222.2
222.2
222.2
222.2
222.3
222.3
222.3
222.3
222.3
222.3
222.3
222.3
222.4
222.4
222.4
222.4
222.4
222.4
222.5
222.5
222.5
222.5
222.5
222.5
222.6
222.6
222.6
222.6
222.6
222.6
222.6
222.6
222.6
222.7
222.7
222.7
222.7
222.7
222.7
222.7
222.7
222.7
222.8
222.8
222.8
222.8
222.8
222.8
222.8
222.8
222.8
222.8
222.8
222.8
222.9
222.9
222.9
222.9
222.9
222.9
222.9
222.9
222.9
222.9
222.9
222.9
222.9
222.9
223.0
223.0
223.0
223.1
223.1
223.1
223.1
223.1
223.1
223.1
223.1
223.2
223.2
223.2
223.2
223.2
223.3
223.3
223.3
223.3
223.3
223.3
223.3
223.4
223.4
223.4
223.4
223.4
223.4
223.4
223.4
223.4
223.5
223.5
223.5
223.5
223.5
223.5
223.5
223.5
223.5
223.6
223.6
223.6
223.6
223.6
223.6
223.6
223.7
223.7
223.7
223.7
223.7
223.7
223.7
223.7
223.7
223.8
223.8
223.8
223.8
223.8
223.8
223.9
223.9
223.9
223.9
223.9
223.9
223.9
224.0
224.0
224.0
224.0
224.0
224.0
224.0
224.0
224.1
224.1
224.1
224.1
224.1
224.2
224.2
224.2
224.2
224.2
224.3
224.3
224.3
224.3
224.4
224.4
224.4
224.4
224.4
224.4
224.4
224.4
224.4
224.4
224.4
224.5
224.5
224.5
224.5
224.5
224.5
224.5
224.5
224.5
224.5
224.6
224.6
224.6
224.6
224.6
224.7
224.7
224.7
224.7
224.7
224.8
224.8
224.8
224.8
224.8
224.8
224.8
224.8
224.9
224.9
224.9
224.9
224.9
224.9
225.0
225.0
225.0
225.0
225.0
225.0
225.0
225.0
225.0
225.1
225.2
225.2
225.2
225.2
225.3
225.3
225.3
225.3
225.3
225.3
225.3
225.4
225.4
225.4
225.4
225.4
225.4
225.4
225.5
225.5
225.5
225.5
225.6
225.6
225.6
225.7
225.7
225.7
225.8
225.8
225.8
225.8
225.8
225.8
225.9
225.9
225.9
225.9
225.9
225.9
225.9
225.9
225.9
225.9
226.0
226.0
226.1
226.1
226.1
226.1
226.2
226.3
226.3
226.3
226.3
226.3
226.3
226.3
226.3
226.3
226.4
226.4
226.4
226.5
226.5
226.5
226.6
226.6
226.6
226.6
226.6
226.6
226.6
226.8
226.8
226.8
226.8
226.8
226.8
226.8
226.8
226.8
226.8
226.8
226.9
226.9
226.9
227.0
227.1
227.1
227.1
227.1
227.1
227.2
227.2
227.2
227.2
227.2
227.3
227.4
227.4
227.4
227.5
227.5
227.6
227.6
227.6
227.6
227.7
227.7
227.7
227.7
227.8
227.9
227.9
227.9
227.9
227.9
227.9
227.9
228.0
228.1
228.1
228.2
228.2
228.3
228.3
228.3
228.3
228.3
228.3
228.4
228.4
228.5
228.5
228.5
228.6
228.6
228.6
228.7
228.8
228.8
228.8
228.8
228.9
228.9
228.9
229.0
229.1
229.1
229.1
229.1
229.1
229.2
229.2
229.3
229.3
229.3
229.3
229.3
229.3
229.4
229.5
229.5
229.5
229.5
229.5
229.5
229.5
229.6
229.6
229.6
229.7
229.8
229.8
230.0
230.0
230.0
230.1
230.1
230.2
230.3
230.3
230.4
230.5
230.6
230.6
230.6
230.7
230.8
230.9
230.9
230.9
230.9
231.0
231.0
231.0
231.0
231.1
231.1
231.2
231.2
231.2
231.2
231.3
231.3
231.7
231.7
231.8
231.9
232.0
232.0
232.2
232.3
232.3
232.3
232.3
232.4
232.4
232.4
232.4
232.6
232.6
232.6
232.7
232.7
232.8
232.9
232.9
233.1
233.3
233.4
233.4
233.4
233.5
233.6
233.9
233.9
234.3
234.3
234.4
234.4
234.4
234.5
234.5
234.6
234.7
234.8
234.9
234.9
235.0
235.1
235.2
235.2
235.3
235.4
235.6
235.7
235.8
235.8
235.8
235.8
236.1
236.3
236.4
236.5
236.8
237.2
237.4
237.5
237.5
237.5
237.7
237.8
237.9
238.1
238.5
238.5
238.6
238.8
238.9
239.0
239.0
239.0
239.2
239.2
239.2
239.2
239.4
239.5
239.6
239.6
239.7
239.8
239.8
239.8
239.9
239.9
239.9
240.0
240.0
240.0
240.0
240.2
240.2
240.2
240.3
240.3
240.3
240.3
240.4
240.4
240.4
240.5
240.5
240.5
240.6
240.6
240.6
240.7
240.7
240.7
240.8
240.8
240.8
240.9
240.9
240.9
240.9
240.9
240.9
241.0
241.0
241.1
241.2
241.2
241.2
241.2
241.3
241.3
241.4
241.4
241.4
241.4
241.5
241.6
241.6
241.6
241.6
241.6
241.6
241.6
241.6
241.7
241.7
241.7
241.7
241.8
241.9
241.9
241.9
241.9
241.9
242.0
242.0
242.0
242.1
242.1
242.1
242.1
242.2
242.2
242.2
242.2
242.2
242.2
242.3
242.3
242.3
242.3
242.4
242.4
242.4
242.6
242.7
242.7
242.7
242.7
242.8
242.9
242.9
243.0
243.1
243.2
243.2
243.3
243.3
243.5
243.6
243.9
244.0
244.0
244.0
244.1
244.2
244.4
244.4
244.5
244.7
244.7
244.8
245.0
245.1
245.1
245.4
245.4
245.4
245.4
245.4
245.5
245.6
245.6
245.6
245.8
245.9
246.0
246.0
246.1
246.2
246.3
246.4
246.7
247.2
247.3
247.5
247.6
247.6
247.6
248.0
248.1
248.4
248.5
248.6
248.6
248.9
249.1
249.6
249.8
251.3
522.7
522.9
522.9
522.9
522.9
523.0
523.0
523.0
523.0
523.1
523.1
523.1
523.1
523.1
523.1
523.1
523.1
523.2
523.2
523.2
523.2
523.2
523.2
523.2
523.2
523.2
523.2
523.2
523.2
523.2
523.2
523.3
523.3
523.3
523.3
523.3
523.3
523.3
523.3
523.3
523.3
523.3
523.3
523.3
523.3
523.3
523.3
523.3
523.3
523.3
523.3
523.3
523.3
523.3
523.4
523.4
523.4
523.4
523.4
523.4
523.4
523.4
523.4
523.4
523.4
523.4
523.4
523.4
523.4
523.4
523.4
523.4
523.4
523.4
523.4
523.5
523.5
523.5
523.5
523.5
523.5
523.5
523.5
523.5
523.5
523.5
523.5
523.5
523.5
523.5
523.5
523.5
523.5
523.5
523.5
523.5
523.5
523.5
523.5
523.5
523.5
523.6
523.6
523.6
523.6
523.6
523.6
523.6
523.6
523.6
523.6
523.6
523.6
523.6
523.6
523.6
523.6
523.6
523.7
523.7
523.7
523.7
523.7
523.7
523.7
523.7
523.7
523.7
523.7
523.7
523.7
523.7
523.7
523.7
523.7
523.7
523.7
523.7
523.7
523.7
523.7
523.7
523.7
523.7
523.7
523.8
523.8
523.8
523.8
523.8
523.8
523.8
523.8
523.8
523.8
523.8
523.8
523.8
523.8
523.8
523.8
523.8
523.8
523.8
523.8
523.8
523.8
523.8
523.8
523.9
523.9
523.9
523.9
523.9
523.9
523.9
523.9
523.9
523.9
523.9
523.9
523.9
523.9
523.9
524.0
524.0
524.0
524.0
524.0
524.0
524.0
524.0
524.0
524.0
524.0
524.0
524.0
524.0
524.0
524.0
524.1
524.1
524.1
524.1
524.1
524.1
524.1
524.1
524.1
524.1
524.1
524.1
524.1
524.1
524.1
524.1
524.1
524.1
524.2
524.2
524.2
524.2
524.2
524.2
524.2
524.2
524.2
524.2
524.2
524.2
524.2
524.2
524.2
524.2
524.2
524.2
524.2
524.2
524.2
524.2
524.3
524.3
524.3
524.3
524.3
524.3
524.3
524.3
524.3
524.4
524.4
524.4
524.4
524.4
524.4
524.4
524.4
524.4
524.4
524.4
524.4
524.5
524.5
524.5
524.5
524.5
524.5
524.5
524.5
524.5
524.5
524.5
524.6
524.6
524.6
524.6
524.6
524.6
524.6
524.6
524.6
524.6
524.6
524.6
524.6
524.6
524.6
524.7
524.7
524.7
524.7
524.7
524.7
524.7
524.7
524.7
524.7
524.7
524.7
524.7
524.7
524.7
524.7
524.7
524.7
524.8
524.8
524.8
524.8
524.8
524.8
524.8
524.8
524.8
524.8
524.8
524.8
524.9
524.9
524.9
524.9
524.9
524.9
524.9
524.9
524.9
524.9
524.9
524.9
524.9
524.9
524.9
524.9
524.9
524.9
524.9
524.9
525.0
525.0
525.0
525.0
525.0
525.0
525.0
525.0
525.1
525.1
525.1
525.1
525.1
525.1
525.1
525.1
525.1
525.1
525.1
525.1
525.2
525.2
525.2
525.2
525.2
525.2
525.2
525.2
525.2
525.2
525.3
525.3
525.3
525.3
525.3
525.3
525.3
525.4
525.4
525.4
525.4
525.4
525.4
525.4
525.4
525.4
525.4
525.4
525.5
525.5
525.5
525.5
525.5
525.5
525.5
525.5
525.5
525.5
525.5
525.5
525.6
525.6
525.6
525.6
525.6
525.6
525.6
525.6
525.6
525.6
525.6
525.7
525.7
525.7
525.7
525.7
525.7
525.7
525.7
525.7
525.7
525.7
525.7
525.7
525.8
525.8
525.8
525.8
525.8
525.8
525.8
525.8
525.8
525.9
525.9
525.9
525.9
525.9
525.9
525.9
525.9
525.9
525.9
525.9
525.9
526.0
526.0
526.0
526.0
526.0
526.0
526.0
526.0
526.0
526.0
526.0
526.0
526.1
526.1
526.1
526.1
526.1
526.1
526.1
526.1
526.1
526.1
526.2
526.2
526.2
526.2
526.2
526.2
526.2
526.2
526.2
526.2
526.2
526.2
526.2
526.2
526.2
526.2
526.3
526.3
526.3
526.3
526.3
526.3
526.3
526.3
526.3
526.3
526.3
526.4
526.4
526.4
526.4
526.4
526.4
526.4
526.4
526.4
526.5
526.5
526.5
526.5
526.6
526.6
526.6
526.6
526.6
526.6
526.6
526.6
526.6
526.7
526.7
526.7
526.7
526.7
526.7
526.7
526.7
526.7
526.7
526.7
526.7
526.7
526.7
526.7
526.7
526.8
526.8
526.8
526.8
526.8
526.8
526.8
526.8
526.8
526.8
526.8
526.8
526.8
526.8
526.9
526.9
526.9
526.9
526.9
526.9
526.9
526.9
526.9
526.9
526.9
526.9
526.9
526.9
526.9
527.0
527.0
527.0
527.0
527.0
527.0
527.0
527.0
527.0
527.0
527.1
527.1
527.1
527.1
527.1
527.1
527.1
527.2
527.2
527.2
527.2
527.2
527.2
527.2
527.2
527.2
527.2
527.2
527.2
527.2
527.3
527.3
527.3
527.3
527.3
527.3
527.3
527.3
527.3
527.3
527.3
527.3
527.3
527.3
527.3
527.3
527.3
527.3
527.4
527.4
527.4
527.4
527.4
527.4
527.4
527.4
527.4
527.4
527.4
527.4
527.4
527.4
527.5
527.5
527.5
527.5
527.5
527.5
527.5
527.5
527.5
527.5
527.5
527.6
527.6
527.6
527.6
527.6
527.6
527.6
527.6
527.6
527.6
527.6
527.6
527.6
527.7
527.7
527.7
527.7
527.7
527.7
527.7
527.7
527.7
527.7
527.7
527.7
527.8
527.8
527.8
527.8
527.8
527.8
527.8
527.8
527.8
527.8
527.9
527.9
527.9
527.9
527.9
527.9
527.9
527.9
527.9
527.9
527.9
527.9
527.9
527.9
527.9
527.9
527.9
527.9
527.9
527.9
527.9
528.0
528.0
528.0
528.0
528.0
528.0
528.0
528.0
528.0
528.0
528.0
528.0
528.0
528.0
528.0
528.0
528.0
528.0
528.0
528.0
528.1
528.1
528.1
528.1
528.1
528.1
528.1
528.1
528.1
528.1
528.1
528.1
528.1
528.1
528.1
528.1
528.1
528.1
528.1
528.1
528.1
528.2
528.2
528.2
528.2
528.2
528.2
528.2
528.2
528.2
528.2
528.2
528.2
528.2
528.2
528.2
528.2
528.2
528.2
528.2
528.3
528.3
528.3
528.3
528.3
528.3
528.3
528.3
528.3
528.3
528.3
528.3
528.3
528.3
528.3
528.3
528.4
528.4
528.4
528.4
528.4
528.4
528.4
528.4
528.4
528.4
528.4
528.4
528.4
528.4
528.4
528.4
528.4
528.4
528.4
528.4
528.4
528.4
528.4
528.4
528.4
528.4
528.4
528.4
528.4
528.4
528.4
528.4
528.4
528.4
528.4
528.5
528.5
528.5
528.5
528.5
528.5
528.5
528.5
528.5
528.5
528.5
528.5
528.5
528.5
528.5
528.5
528.5
528.5
528.5
528.5
528.6
528.6
528.6
528.6
528.6
528.6
528.6
528.6
528.7
528.7
528.7
528.7
528.7
528.7
528.7
528.7
528.7
528.7
528.7
528.7
528.7
528.7
528.7
528.7
528.7
528.7
528.7
528.7
528.8
528.8
528.8
528.8
528.8
528.8
528.8
528.9
528.9
528.9
528.9
528.9
529.0
529.0
529.0
529.0
529.0
529.0
529.1
529.1
529.1
529.1
529.3
529.3
529.4
529.4
529.4
529.4
529.5
529.5
529.8
529.8
530.0
530.1
530.3
530.3
530.3
530.6
530.7
530.9
531.0
531.1
531.3
531.9
531.9
532.2
532.3
532.5
532.5
532.9
533.0
533.0
533.1
533.1
533.7
534.0
534.1
534.5
534.5
534.6
535.0
535.2
535.2
535.4
535.4
535.6
535.6
535.8
535.8
535.8
535.9
535.9
535.9
535.9
536.0
536.0
536.0
536.2
536.2
536.2
536.2
536.3
536.3
536.4
536.4
536.4
536.4
536.4
536.5
536.5
536.5
536.6
536.6
536.7
536.7
536.7
536.7
536.8
536.8
536.8
536.8
536.9
536.9
536.9
536.9
536.9
536.9
536.9
537.0
537.0
537.0
537.0
537.0
537.1
537.1
537.1
537.2
537.2
537.2
537.2
537.2
537.2
537.2
537.2
537.3
537.3
537.3
537.3
537.3
537.3
537.3
537.3
537.3
537.3
537.4
537.4
537.4
537.4
537.4
537.4
537.5
537.5
537.5
537.5
537.5
537.5
537.5
537.6
537.6
537.6
537.6
537.6
537.6
537.6
537.6
537.6
537.6
537.6
537.6
537.6
537.6
537.6
537.6
537.7
537.7
537.7
537.7
537.7
537.7
537.7
537.7
537.7
537.7
537.7
537.7
537.7
537.7
537.7
537.7
537.7
537.7
537.7
537.7
537.8
537.8
537.8
537.8
537.8
537.8
537.8
537.8
537.8
537.8
537.8
537.8
537.8
537.8
537.8
537.8
537.8
537.8
537.8
537.8
537.8
537.8
537.8
537.8
537.8
537.9
537.9
537.9
537.9
537.9
537.9
537.9
537.9
537.9
537.9
537.9
537.9
537.9
537.9
537.9
537.9
537.9
537.9
538.0
538.0
538.0
538.0
538.0
538.0
538.0
538.0
538.0
538.0
538.0
538.0
538.0
538.0
538.0
538.0
538.0
538.0
538.0
538.0
538.0
538.0
538.0
538.0
538.0
538.1
538.1
538.1
538.1
538.1
538.1
538.1
538.1
538.1
538.1
538.1
538.1
538.1
538.1
538.1
538.1
538.1
538.1
538.1
538.1
538.1
538.1
538.1
538.2
538.2
538.2
538.2
538.2
538.2
538.2
538.2
538.2
538.2
538.2
538.2
538.2
538.2
538.2
538.2
538.2
538.2
538.2
538.2
538.2
538.2
538.2
538.2
538.2
538.3
538.3
538.3
538.3
538.3
538.3
538.3
538.3
538.3
538.3
538.3
538.3
538.3
538.3
538.3
538.3
538.3
538.3
538.3
538.3
538.3
538.3
538.3
538.3
538.3
538.3
538.3
538.3
538.3
538.3
538.4
538.4
538.4
538.4
538.4
538.4
538.4
538.4
538.4
538.4
538.4
538.4
538.4
538.4
538.4
538.4
538.4
538.4
538.4
538.4
538.4
538.4
538.4
538.4
538.4
538.4
538.4
538.4
538.5
538.5
538.5
538.5
538.5
538.5
538.5
538.5
538.5
538.5
538.5
538.5
538.5
538.5
538.5
538.5
538.5
538.5
538.5
538.5
538.5
538.5
538.5
538.5
538.5
538.6
538.6
538.6
538.6
538.6
538.6
538.6
538.6
538.6
538.6
538.6
538.6
538.6
538.6
538.6
538.6
538.6
538.6
538.6
538.6
538.6
538.6
538.6
538.6
538.6
538.7
538.7
538.7
538.7
538.7
538.7
538.7
538.7
538.7
538.7
538.7
538.7
538.7
538.7
538.7
538.7
538.7
538.7
538.7
538.7
538.8
538.8
538.8
538.8
538.8
538.8
538.8
538.8
538.8
538.8
538.8
538.8
538.8
538.8
538.8
538.8
538.8
538.8
538.8
538.8
538.8
538.8
538.8
538.8
538.9
538.9
538.9
538.9
538.9
538.9
538.9
538.9
538.9
538.9
538.9
538.9
538.9
538.9
538.9
538.9
538.9
538.9
538.9
538.9
538.9
539.0
539.0
539.0
539.0
539.0
539.0
539.0
539.0
539.0
539.0
539.0
539.0
539.0
539.0
539.0
539.1
539.1
539.1
539.1
539.1
539.1
539.1
539.1
539.1
539.1
539.1
539.1
539.1
539.1
539.1
539.1
539.1
539.1
539.1
539.1
539.1
539.1
539.1
539.1
539.1
539.2
539.2
539.2
539.2
539.2
539.2
539.2
539.2
539.2
539.2
539.2
539.2
539.2
539.2
539.2
539.2
539.3
539.3
539.3
539.3
539.3
539.3
539.3
539.3
539.3
539.3
539.4
539.4
539.4
539.4
539.4
539.4
539.4
539.4
539.4
539.4
539.4
539.4
539.5
539.5
539.5
539.5
539.5
539.5
539.5
539.5
539.5
539.5
539.5
539.5
539.5
539.6
539.6
539.6
539.6
539.6
539.6
539.6
539.6
539.6
539.6
539.6
539.6
539.6
539.6
539.6
539.6
539.6
539.6
539.6
539.7
539.7
539.7
539.7
539.7
539.7
539.7
539.7
539.7
539.8
539.8
539.8
539.8
539.8
539.8
539.8
539.8
539.8
539.8
539.8
539.8
539.8
539.8
539.8
539.8
539.8
539.8
539.8
539.8
539.8
539.9
539.9
539.9
539.9
539.9
539.9
539.9
539.9
539.9
539.9
539.9
539.9
539.9
539.9
539.9
539.9
539.9
539.9
539.9
539.9
539.9
539.9
539.9
540.0
540.0
540.0
540.0
540.0
540.0
540.0
540.0
540.0
540.0
540.0
540.0
540.0
540.0
540.0
540.0
540.0
540.1
540.1
540.1
540.1
540.1
540.1
540.1
540.1
540.1
540.1
540.1
540.1
540.1
540.1
540.1
540.1
540.1
540.2
540.2
540.2
540.2
540.2
540.2
540.2
540.2
540.2
540.2
540.2
540.2
540.2
540.2
540.2
540.2
540.2
540.2
540.2
540.2
540.3
540.3
540.3
540.3
540.3
540.3
540.3
540.3
540.3
540.3
540.3
540.3
540.3
540.3
540.3
540.3
540.3
540.3
540.3
540.3
540.3
540.3
540.3
540.3
540.3
540.3
540.4
540.4
540.4
540.4
540.4
540.4
540.4
540.4
540.4
540.4
540.4
540.4
540.4
540.4
540.4
540.4
540.4
540.4
540.4
540.4
540.5
540.5
540.5
540.5
540.5
540.5
540.5
540.5
540.5
540.5
540.5
540.5
540.5
540.5
540.5
540.5
540.5
540.5
540.5
540.5
540.5
540.6
540.6
540.6
540.6
540.6
540.6
540.6
540.6
540.6
540.6
540.6
540.6
540.6
540.6
540.6
540.6
540.6
540.6
540.6
540.6
540.7
540.7
540.7
540.7
540.7
540.7
540.7
540.7
540.7
540.7
540.7
540.7
540.7
540.7
540.8
540.8
540.8
540.8
540.8
540.8
540.8
540.8
540.8
540.8
540.8
540.8
540.8
540.8
540.8
540.8
540.8
540.8
540.8
540.9
540.9
540.9
540.9
540.9
540.9
540.9
540.9
540.9
541.0
541.1
541.1
541.1
541.1
541.1
541.1
541.2
541.2
541.2
541.2
541.3
541.3
541.3
541.4
541.4
541.5
541.5
541.5
541.5
541.6
541.6
541.7
541.7
541.7
541.7
541.7
541.8
541.8
541.8
541.8
541.9
541.9
541.9
542.0
542.0
542.0
542.1
542.1
542.2
542.2
542.2
542.2
542.3
542.3
542.4
542.4
542.4
542.5
542.5
542.5
542.6
542.6
542.6
542.6
542.6
542.7
542.7
542.7
542.8
542.8
542.8
542.8
542.9
542.9
542.9
542.9
542.9
542.9
543.0
543.0
543.0
543.0
543.1
543.1
543.1
543.2
543.2
543.2
543.3
543.3
543.3
543.3
543.3
543.3
543.3
543.3
543.3
543.4
543.4
543.4
543.4
543.4
543.5
543.5
543.5
543.5
543.5
543.6
543.6
543.6
543.6
543.6
543.6
543.6
543.6
543.6
543.7
543.7
543.7
543.7
543.7
543.8
543.8
543.8
543.8
543.9
543.9
543.9
543.9
543.9
543.9
543.9
543.9
544.0
544.0
544.0
544.1
544.1
544.1
544.1
544.1
544.1
544.1
544.2
544.2
544.2
544.2
544.2
544.2
544.3
544.3
544.3
544.3
544.3
544.3
544.4
544.4
544.4
544.5
544.5
544.5
544.5
544.5
544.5
544.5
544.5
544.5
544.5
544.5
544.5
544.6
544.6
544.6
544.6
544.7
544.7
544.7
544.7
544.7
544.7
544.7
544.7
544.8
544.8
544.8
544.8
544.8
544.8
544.8
544.8
544.8
544.8
544.8
544.9
544.9
544.9
544.9
544.9
544.9
544.9
544.9
544.9
544.9
544.9
545.0
545.0
545.0
545.0
545.0
545.0
545.0
545.0
545.1
545.1
545.1
545.1
545.1
545.1
545.1
545.1
545.1
545.1
545.2
545.2
545.2
545.2
545.2
545.3
545.3
545.3
545.3
545.3
545.3
545.3
545.3
545.3
545.3
545.4
545.4
545.4
545.4
545.4
545.4
545.4
545.4
545.4
545.5
545.5
545.5
545.5
545.5
545.5
545.5
545.5
545.5
545.5
545.5
545.5
545.6
545.6
545.7
545.7
545.7
545.7
545.7
545.7
545.7
545.7
545.8
545.8
545.8
545.8
545.8
545.8
545.8
545.8
545.8
545.8
545.8
545.8
545.8
545.8
545.8
545.9
545.9
545.9
545.9
545.9
545.9
545.9
545.9
545.9
545.9
545.9
545.9
545.9
545.9
545.9
545.9
545.9
545.9
545.9
545.9
546.0
546.0
546.0
546.0
546.0
546.0
546.0
546.0
546.0
546.0
546.0
546.0
546.0
546.1
546.1
546.1
546.1
546.1
546.1
546.2
546.2
546.2
546.2
546.2
546.2
546.3
546.3
546.3
546.3
546.3
546.3
546.3
546.3
546.3
546.3
546.4
546.4
546.4
546.4
546.4
546.4
546.4
546.4
546.5
546.5
546.5
546.5
546.5
546.5
546.5
546.5
546.6
546.6
546.6
546.6
546.6
546.6
546.6
546.7
546.7
546.7
546.7
546.7
546.7
546.7
546.7
546.7
546.8
546.8
546.8
546.8
546.8
546.8
546.8
546.8
546.8
546.8
546.8
546.9
546.9
546.9
546.9
546.9
546.9
546.9
546.9
546.9
546.9
546.9
547.0
547.0
547.0
547.0
547.0
547.0
547.0
547.0
547.0
547.0
547.0
547.0
547.0
547.0
547.1
547.1
547.1
547.1
547.1
547.1
547.2
547.2
547.2
547.2
547.2
547.2
547.2
547.2
547.2
547.2
547.2
547.2
547.2
547.3
547.3
547.3
547.3
547.3
547.3
547.3
547.3
547.3
547.3
547.4
547.4
547.4
547.4
547.4
547.4
547.4
547.4
547.4
547.4
547.4
547.4
547.4
547.5
547.5
547.5
547.5
547.5
547.5
547.5
547.5
547.5
547.5
547.6
547.6
547.6
547.6
547.6
547.6
547.6
547.6
547.6
547.6
547.6
547.6
547.6
547.6
547.6
547.7
547.7
547.7
547.7
547.7
547.7
547.7
547.7
547.7
547.7
547.7
547.7
547.7
547.7
547.7
547.7
547.7
547.7
547.8
547.8
547.8
547.8
547.8
547.8
547.8
547.9
547.9
547.9
547.9
547.9
547.9
547.9
547.9
547.9
547.9
547.9
547.9
547.9
547.9
547.9
547.9
548.0
548.0
548.0
548.0
548.0
548.0
548.0
548.0
548.0
548.0
548.0
548.0
548.0
548.0
548.0
548.1
548.1
548.1
548.1
548.1
548.1
548.1
548.1
548.1
548.1
548.1
548.1
548.1
548.1
548.1
548.1
548.1
548.1
548.1
548.1
548.2
548.2
548.2
548.2
548.2
548.2
548.2
548.2
548.2
548.3
548.3
548.3
548.3
548.3
548.3
548.3
548.3
548.4
548.4
548.4
548.4
548.4
548.4
548.4
548.4
548.4
548.4
548.4
548.4
548.4
548.4
548.5
548.5
548.5
548.5
548.5
548.5
548.5
548.5
548.5
548.5
548.5
548.5
548.5
548.5
548.5
548.5
548.5
548.6
548.6
548.6
548.6
548.6
548.6
548.6
548.6
548.6
548.7
548.7
548.7
548.7
548.7
548.7
548.7
548.7
548.7
548.7
548.8
548.8
548.8
548.8
548.8
548.9
548.9
548.9
548.9
548.9
548.9
548.9
549.0
549.0
549.0
549.0
549.0
549.0
549.0
549.0
549.0
549.0
549.0
549.0
549.1
549.1
549.1
549.1
549.2
549.2
549.2
549.2
549.2
549.2
549.2
549.2
549.3
549.3
549.3
549.3
549.3
549.3
549.4
549.4
549.4
549.4
549.4
549.4
549.4
549.4
549.4
549.4
549.4
549.4
549.4
549.5
549.5
549.5
549.5
549.5
549.5
549.5
549.5
549.5
549.6
549.6
549.6
549.7
549.7
549.7
549.7
549.8
549.8
549.8
549.8
549.9
549.9
549.9
549.9
549.9
549.9
549.9
550.0
550.0
550.0
550.0
550.0
550.0
550.0
550.0
550.1
550.1
550.1
550.1
550.1
550.2
550.2
550.2
550.2
550.3
550.3
550.4
550.4
550.5
550.5
550.5
550.8
550.8
550.8
550.8
550.8
550.9
551.0
551.1
551.1
551.1
551.1
551.2
551.3
551.3
551.3
551.3
551.4
551.4
551.4
551.4
551.6
551.7
551.7
551.7
551.9
552.0
552.0
552.0
552.0
552.0
552.1
552.1
552.2
552.2
552.2
552.3
552.4
552.5
552.5
553.0
553.0
553.1
553.1
553.3
553.3
553.4
553.4
553.5
553.5
553.7
553.8
553.8
553.8
554.0
554.0
554.2
554.2
554.4
554.4
554.5
554.5
554.5
554.5
554.6
554.6
554.6
554.6
554.6
554.7
554.7
554.7
554.7
554.8
554.8
554.9
554.9
554.9
555.0
555.0
555.0
555.0
555.1
555.1
555.1
555.1
555.1
555.1
555.1
555.1
555.2
555.2
555.2
555.2
555.2
555.2
555.2
555.2
555.2
555.2
555.3
555.3
555.3
555.3
555.3
555.3
555.4
555.4
555.4
555.4
555.4
555.4
555.4
555.4
555.4
555.4
555.4
555.4
555.4
555.4
555.5
555.5
555.5
555.5
555.5
555.5
555.5
555.5
555.6
555.6
555.6
555.6
555.6
555.6
555.6
555.6
555.7
555.7
555.7
555.7
555.7
555.7
555.7
555.7
555.7
555.7
555.7
555.7
555.7
555.7
555.7
555.7
555.7
555.8
555.8
555.8
555.8
555.8
555.8
555.8
555.9
555.9
555.9
555.9
555.9
555.9
555.9
555.9
555.9
555.9
555.9
555.9
556.0
556.0
556.0
556.0
556.0
556.0
556.0
556.1
556.1
556.1
556.1
556.1
556.1
556.1
556.1
556.1
556.1
556.1
556.1
556.1
556.2
556.2
556.2
556.2
556.2
556.2
556.2
556.2
556.2
556.2
556.2
556.2
556.2
556.2
556.2
556.2
556.2
556.3
556.3
556.3
556.3
556.3
556.3
556.3
556.3
556.3
556.3
556.3
556.3
556.3
556.3
556.3
556.3
556.3
556.3
556.3
556.3
556.3
556.3
556.3
556.3
556.3
556.4
556.4
556.4
556.4
556.4
556.4
556.4
556.4
556.4
556.4
556.4
556.4
556.4
556.4
556.4
556.4
556.4
556.4
556.5
556.5
556.5
556.5
556.5
556.5
556.5
556.5
556.5
556.5
556.5
556.5
556.5
556.5
556.5
556.5
556.5
556.5
556.5
556.5
556.5
556.5
556.5
556.5
556.6
556.6
556.6
556.6
556.6
556.6
556.6
556.6
556.6
556.6
556.6
556.6
556.6
556.6
556.6
556.6
556.6
556.6
556.6
556.6
556.6
556.6
556.6
556.6
556.7
556.7
556.7
556.7
556.7
556.7
556.7
556.7
556.7
556.7
556.7
556.7
556.7
556.7
556.7
556.7
556.7
556.7
556.7
556.8
556.8
556.8
556.8
556.8
556.8
556.8
556.8
556.8
556.8
556.8
556.8
556.8
556.8
556.8
556.8
556.8
556.8
556.9
556.9
556.9
556.9
556.9
556.9
556.9
556.9
556.9
556.9
556.9
556.9
556.9
556.9
557.0
557.0
557.0
557.0
557.0
557.0
557.0
557.0
557.0
557.0
557.0
557.0
557.1
557.1
557.1
557.1
557.1
557.1
557.1
557.1
557.1
557.1
557.1
557.1
557.1
557.1
557.1
557.1
557.1
557.1
557.1
557.1
557.1
557.2
557.2
557.2
557.2
557.2
557.2
557.2
557.2
557.2
557.2
557.2
557.2
557.2
557.2
557.3
557.3
557.3
557.3
557.3
557.4
557.4
557.4
557.4
557.4
557.4
557.4
557.4
557.4
557.5
557.5
557.5
557.5
557.5
557.5
557.5
557.5
557.6
557.6
557.6
557.6
557.6
557.6
557.6
557.6
557.6
557.6
557.7
557.7
557.7
557.7
557.7
557.7
557.7
557.7
557.7
557.7
557.7
557.7
557.8
557.8
557.8
557.8
557.8
557.8
557.8
557.8
557.8
557.8
557.8
557.8
557.9
557.9
557.9
557.9
557.9
557.9
557.9
557.9
558.0
558.0
558.0
558.1
558.1
558.1
558.2
558.2
558.2
558.2
558.2
558.2
558.2
558.3
558.3
558.3
558.3
558.3
558.3
558.3
558.4
558.4
558.4
558.4
558.4
558.4
558.4
558.5
558.5
558.6
558.6
558.7
558.7
558.7
558.7
558.7
558.7
558.7
558.8
558.8
558.8
558.9
558.9
558.9
559.0
559.0
559.0
559.2
559.2
559.2
559.2
559.2
559.3
559.3
559.3
559.3
559.3
559.4
559.4
559.4
559.4
559.5
559.5
559.5
559.5
559.5
559.5
559.6
559.6
559.6
559.7
559.7
559.8
559.8
559.8
559.8
559.8
559.9
559.9
560.0
560.0
560.0
560.1
560.1
560.1
560.3
560.3
560.4
560.4
560.5
560.7
560.8
560.8
560.9
561.0
561.0
561.0
561.0
561.1
561.1
561.1
561.1
561.2
561.4
561.5
561.6
561.6
561.6
561.6
561.7
561.8
561.8
561.9
561.9
562.0
562.1
562.1
562.1
562.2
562.3
562.4
562.4
562.4
562.5
562.5
562.5
562.6
562.7
562.7
562.8
562.9
563.0
563.0
563.1
563.1
563.1
563.2
563.3
563.4
563.4
563.4
563.4
563.6
563.6
563.6
563.9
563.9
563.9
564.0
564.0
564.0
564.0
564.1
564.2
564.3
564.3
564.3
564.3
564.6
564.6
564.7
564.7
564.8
564.9
564.9
565.0
565.0
565.0
565.1
565.2
565.2
565.2
565.2
565.3
565.3
565.3
565.4
565.5
565.6
565.6
565.6
565.6
565.7
565.8
565.8
565.8
565.9
566.0
566.1
566.1
566.1
566.2
566.4
566.4
566.4
566.4
566.6
566.7
566.7
566.8
566.9
567.0
567.0
567.0
567.0
567.1
567.1
567.2
567.2
567.3
567.3
567.3
567.4
567.5
567.6
567.7
567.8
567.9
567.9
567.9
568.0
568.1
568.1
568.1
568.2
568.3
568.4
568.4
568.5
568.6
568.7
568.8
568.8
568.8
568.9
569.0
569.0
569.1
569.4
569.4
569.5
569.5
569.6
569.6
569.6
569.8
569.8
570.1
570.2
570.3
570.3
570.4
570.6
570.7
570.7
571.2
571.4
571.5
571.6
571.7
571.8
571.8
572.2
572.3
572.5
572.6
572.9
573.0
573.0
574.0
574.3
574.5
575.4
841.2
841.4
841.4
841.4
841.5
841.5
841.6
841.6
841.6
841.6
841.6
841.6
841.6
841.7
841.7
841.7
841.7
841.7
841.7
841.8
841.8
841.8
841.8
841.8
841.8
841.8
841.8
841.8
841.8
841.8
841.8
841.8
841.8
841.8
841.9
841.9
841.9
841.9
841.9
841.9
841.9
841.9
841.9
841.9
842.0
842.0
842.0
842.0
842.0
842.0
842.0
842.0
842.0
842.0
842.0
842.0
842.0
842.0
842.0
842.0
842.0
842.0
842.0
842.0
842.0
842.0
842.1
842.1
842.1
842.1
842.1
842.1
842.1
842.1
842.1
842.1
842.1
842.1
842.1
842.1
842.1
842.1
842.1
842.1
842.1
842.1
842.1
842.1
842.1
842.1
842.1
842.1
842.1
842.1
842.2
842.2
842.2
842.2
842.2
842.2
842.2
842.2
842.2
842.2
842.2
842.2
842.2
842.2
842.2
842.2
842.2
842.2
842.2
842.2
842.2
842.2
842.3
842.3
842.3
842.3
842.3
842.3
842.3
842.3
842.3
842.3
842.3
842.3
842.3
842.3
842.3
842.3
842.4
842.4
842.4
842.4
842.4
842.4
842.4
842.4
842.4
842.4
842.4
842.4
842.4
842.4
842.4
842.4
842.4
842.4
842.4
842.4
842.4
842.4
842.4
842.4
842.4
842.5
842.5
842.5
842.5
842.5
842.5
842.5
842.5
842.5
842.5
842.5
842.5
842.5
842.5
842.5
842.5
842.5
842.5
842.5
842.5
842.5
842.5
842.5
842.5
842.5
842.5
842.6
842.6
842.6
842.6
842.6
842.6
842.6
842.6
842.6
842.6
842.6
842.6
842.6
842.6
842.6
842.6
842.6
842.6
842.6
842.6
842.7
842.7
842.7
842.7
842.7
842.7
842.7
842.7
842.7
842.7
842.7
842.7
842.7
842.7
842.7
842.7
842.7
842.7
842.7
842.7
842.8
842.8
842.8
842.8
842.8
842.8
842.8
842.8
842.8
842.8
842.8
842.8
842.9
842.9
842.9
842.9
842.9
842.9
842.9
842.9
842.9
842.9
842.9
842.9
842.9
842.9
842.9
842.9
843.0
843.0
843.0
843.0
843.0
843.0
843.0
843.0
843.0
843.0
843.0
843.0
843.0
843.0
843.0
843.0
843.0
843.0
843.0
843.1
843.1
843.1
843.1
843.1
843.1
843.1
843.1
843.1
843.1
843.1
843.1
843.1
843.1
843.1
843.2
843.2
843.2
843.2
843.2
843.2
843.2
843.2
843.2
843.2
843.2
843.2
843.2
843.2
843.2
843.2
843.2
843.2
843.2
843.2
843.2
843.3
843.3
843.3
843.3
843.3
843.3
843.3
843.3
843.3
843.3
843.3
843.3
843.3
843.3
843.3
843.3
843.3
843.4
843.4
843.4
843.4
843.4
843.4
843.4
843.4
843.4
843.4
843.4
843.4
843.4
843.4
843.4
843.4
843.4
843.4
843.5
843.5
843.5
843.5
843.5
843.5
843.5
843.5
843.5
843.5
843.5
843.5
843.5
843.5
843.5
843.5
843.5
843.6
843.6
843.6
843.6
843.6
843.6
843.6
843.6
843.6
843.6
843.6
843.6
843.6
843.6
843.6
843.6
843.6
843.6
843.6
843.6
843.6
843.7
843.7
843.7
843.7
843.7
843.7
843.7
843.7
843.7
843.8
843.8
843.8
843.8
843.8
843.8
843.8
843.8
843.8
843.8
843.8
843.8
843.8
843.8
843.8
843.8
843.8
843.8
843.9
843.9
843.9
843.9
843.9
843.9
843.9
843.9
843.9
843.9
843.9
843.9
844.0
844.0
844.0
844.0
844.0
844.0
844.0
844.0
844.0
844.0
844.0
844.0
844.0
844.0
844.0
844.0
844.0
844.0
844.1
844.1
844.1
844.1
844.1
844.1
844.1
844.1
844.1
844.1
844.1
844.1
844.1
844.1
844.1
844.1
844.1
844.1
844.1
844.2
844.2
844.2
844.2
844.2
844.2
844.2
844.2
844.2
844.2
844.2
844.2
844.2
844.2
844.2
844.2
844.2
844.2
844.2
844.2
844.2
844.2
844.2
844.2
844.2
844.3
844.3
844.3
844.3
844.3
844.3
844.3
844.3
844.3
844.3
844.3
844.3
844.3
844.3
844.3
844.3
844.3
844.3
844.3
844.3
844.4
844.4
844.4
844.4
844.4
844.4
844.4
844.4
844.4
844.4
844.4
844.4
844.4
844.4
844.4
844.4
844.4
844.4
844.5
844.5
844.5
844.5
844.5
844.5
844.5
844.5
844.5
844.5
844.5
844.5
844.5
844.5
844.5
844.5
844.5
844.5
844.5
844.5
844.5
844.6
844.6
844.6
844.6
844.6
844.6
844.6
844.6
844.6
844.6
844.6
844.6
844.6
844.6
844.6
844.6
844.6
844.6
844.6
844.6
844.6
844.6
844.6
844.6
844.6
844.6
844.6
844.6
844.6
844.6
844.6
844.7
844.7
844.7
844.7
844.7
844.7
844.7
844.7
844.7
844.7
844.7
844.7
844.7
844.7
844.7
844.7
844.7
844.7
844.7
844.7
844.7
844.7
844.7
844.7
844.7
844.7
844.7
844.8
844.8
844.8
844.8
844.8
844.8
844.8
844.8
844.8
844.8
844.8
844.8
844.8
844.8
844.8
844.8
844.8
844.8
844.8
844.8
844.8
844.8
844.8
844.8
844.8
844.8
844.9
844.9
844.9
844.9
844.9
844.9
844.9
844.9
844.9
844.9
844.9
844.9
844.9
844.9
844.9
844.9
844.9
844.9
844.9
844.9
844.9
844.9
844.9
844.9
844.9
844.9
844.9
844.9
844.9
844.9
844.9
844.9
844.9
844.9
844.9
844.9
844.9
844.9
845.0
845.0
845.0
845.0
845.0
845.0
845.0
845.0
845.0
845.0
845.0
845.0
845.0
845.0
845.0
845.0
845.0
845.0
845.0
845.0
845.0
845.0
845.0
845.0
845.0
845.0
845.0
845.0
845.0
845.0
845.0
845.0
845.0
845.0
845.0
845.0
845.1
845.1
845.1
845.1
845.1
845.1
845.1
845.1
845.1
845.1
845.1
845.1
845.1
845.1
845.1
845.1
845.1
845.1
845.1
845.1
845.1
845.1
845.1
845.1
845.1
845.1
845.1
845.1
845.1
845.1
845.1
845.1
845.2
845.2
845.2
845.2
845.2
845.2
845.2
845.2
845.2
845.2
845.2
845.2
845.2
845.2
845.2
845.2
845.2
845.2
845.2
845.2
845.2
845.2
845.2
845.2
845.2
845.2
845.2
845.2
845.2
845.2
845.2
845.2
845.2
845.2
845.2
845.2
845.2
845.2
845.2
845.2
845.2
845.2
845.2
845.2
845.3
845.3
845.3
845.3
845.3
845.3
845.3
845.3
845.3
845.3
845.3
845.3
845.3
845.3
845.3
845.3
845.3
845.3
845.3
845.3
845.3
845.3
845.3
845.4
845.4
845.4
845.4
845.4
845.4
845.4
845.4
845.4
845.4
845.4
845.4
845.5
845.5
845.5
845.5
845.5
845.5
845.5
845.5
845.5
845.5
845.5
845.5
845.6
845.6
845.6
845.6
845.7
845.7
845.8
845.8
845.8
845.8
845.8
845.9
846.0
846.0
846.0
846.1
846.2
846.2
846.3
846.3
846.3
846.4
846.4
846.4
846.4
846.5
846.5
846.6
846.7
846.9
846.9
847.1
847.2
847.2
847.2
847.4
847.5
847.5
847.6
847.6
847.7
847.7
847.8
847.8
847.9
847.9
848.0
848.0
848.0
848.0
848.0
848.1
848.1
848.3
848.3
848.4
848.4
848.7
848.7
848.8
848.8
849.0
849.1
849.4
849.5
849.5
849.7
849.9
850.1
850.3
850.6
850.7
850.8
851.1
851.2
851.5
851.5
851.6
851.8
851.8
851.8
851.9
852.0
852.2
852.2
852.3
852.4
852.6
852.6
852.7
852.7
852.7
852.9
852.9
852.9
852.9
852.9
852.9
852.9
853.0
853.0
853.1
853.2
853.2
853.2
853.2
853.2
853.3
853.3
853.3
853.3
853.4
853.4
853.4
853.4
853.4
853.4
853.4
853.5
853.5
853.5
853.5
853.5
853.5
853.5
853.6
853.7
853.7
853.7
853.7
853.7
853.7
853.7
853.7
853.7
853.7
853.7
853.7
853.8
853.8
853.8
853.9
853.9
853.9
853.9
853.9
853.9
853.9
853.9
853.9
854.0
854.0
854.0
854.0
854.0
854.0
854.0
854.0
854.0
854.1
854.1
854.1
854.1
854.1
854.1
854.1
854.1
854.1
854.2
854.2
854.2
854.2
854.2
854.2
854.2
854.2
854.2
854.2
854.2
854.3
854.3
854.3
854.3
854.3
854.3
854.3
854.3
854.3
854.3
854.3
854.3
854.3
854.3
854.3
854.4
854.4
854.4
854.4
854.4
854.4
854.4
854.4
854.4
854.4
854.4
854.4
854.4
854.5
854.5
854.5
854.5
854.5
854.5
854.5
854.5
854.5
854.5
854.5
854.5
854.5
854.5
854.5
854.5
854.5
854.5
854.5
854.5
854.5
854.5
854.5
854.5
854.5
854.5
854.5
854.5
854.6
854.6
854.6
854.6
854.6
854.6
854.6
854.6
854.6
854.6
854.6
854.6
854.6
854.6
854.6
854.6
854.6
854.6
854.6
854.6
854.6
854.6
854.6
854.7
854.7
854.7
854.7
854.7
854.7
854.7
854.7
854.7
854.7
854.7
854.7
854.7
854.7
854.7
854.7
854.7
854.7
854.7
854.7
854.7
854.7
854.7
854.7
854.7
854.8
854.8
854.8
854.8
854.8
854.8
854.8
854.8
854.8
854.8
854.8
854.8
854.8
854.8
854.8
854.8
854.8
854.8
854.8
854.8
854.8
854.8
854.8
854.8
854.8
854.8
854.8
854.8
854.8
854.8
854.8
854.8
854.8
854.8
854.8
854.9
854.9
854.9
854.9
854.9
854.9
854.9
854.9
854.9
854.9
854.9
854.9
854.9
854.9
854.9
854.9
854.9
854.9
854.9
854.9
854.9
854.9
854.9
854.9
855.0
855.0
855.0
855.0
855.0
855.0
855.0
855.0
855.0
855.0
855.0
855.0
855.0
855.0
855.0
855.0
855.0
855.0
855.0
855.0
855.0
855.0
855.0
855.0
855.0
855.0
855.0
855.0
855.0
855.0
855.0
855.0
855.1
855.1
855.1
855.1
855.1
855.1
855.1
855.1
855.1
855.1
855.1
855.1
855.1
855.1
855.1
855.1
855.1
855.1
855.1
855.1
855.1
855.1
855.1
855.1
855.1
855.1
855.1
855.1
855.1
855.2
855.2
855.2
855.2
855.2
855.2
855.2
855.2
855.2
855.2
855.2
855.2
855.2
855.2
855.2
855.2
855.2
855.2
855.2
855.2
855.2
855.2
855.2
855.2
855.2
855.2
855.2
855.2
855.3
855.3
855.3
855.3
855.3
855.3
855.3
855.3
855.3
855.3
855.3
855.3
855.3
855.3
855.3
855.3
855.3
855.3
855.3
855.3
855.3
855.3
855.3
855.3
855.3
855.3
855.3
855.3
855.3
855.3
855.3
855.3
855.3
855.3
855.4
855.4
855.4
855.4
855.4
855.4
855.4
855.4
855.4
855.4
855.4
855.4
855.4
855.4
855.4
855.4
855.4
855.4
855.4
855.4
855.4
855.4
855.4
855.4
855.4
855.4
855.4
855.4
855.4
855.4
855.4
855.5
855.5
855.5
855.5
855.5
855.5
855.5
855.5
855.5
855.5
855.5
855.5
855.5
855.5
855.5
855.5
855.5
855.5
855.5
855.5
855.5
855.5
855.5
855.5
855.5
855.5
855.5
855.5
855.5
855.5
855.5
855.5
855.5
855.5
855.5
855.5
855.5
855.5
855.5
855.5
855.5
855.6
855.6
855.6
855.6
855.6
855.6
855.6
855.6
855.6
855.6
855.6
855.6
855.6
855.6
855.6
855.6
855.6
855.6
855.6
855.6
855.6
855.6
855.6
855.6
855.6
855.6
855.6
855.6
855.6
855.6
855.6
855.6
855.6
855.7
855.7
855.7
855.7
855.7
855.7
855.7
855.7
855.7
855.7
855.7
855.7
855.7
855.7
855.7
855.7
855.7
855.7
855.7
855.7
855.7
855.7
855.7
855.7
855.7
855.7
855.8
855.8
855.8
855.8
855.8
855.8
855.8
855.8
855.8
855.8
855.8
855.8
855.8
855.8
855.8
855.8
855.8
855.8
855.8
855.8
855.8
855.8
855.8
855.8
855.8
855.8
855.8
855.8
855.8
855.8
855.8
855.8
855.8
855.8
855.8
855.8
855.8
855.8
855.8
855.8
855.8
855.8
855.9
855.9
855.9
855.9
855.9
855.9
855.9
855.9
855.9
855.9
855.9
855.9
855.9
855.9
855.9
855.9
855.9
855.9
855.9
855.9
855.9
855.9
855.9
855.9
855.9
855.9
855.9
855.9
855.9
855.9
855.9
855.9
855.9
855.9
856.0
856.0
856.0
856.0
856.0
856.0
856.0
856.0
856.0
856.0
856.0
856.0
856.0
856.0
856.0
856.0
856.0
856.0
856.0
856.0
856.0
856.0
856.0
856.0
856.0
856.0
856.0
856.0
856.0
856.0
856.0
856.0
856.0
856.0
856.0
856.1
856.1
856.1
856.1
856.1
856.1
856.1
856.1
856.1
856.1
856.1
856.1
856.1
856.1
856.1
856.1
856.1
856.1
856.1
856.1
856.1
856.1
856.1
856.1
856.1
856.1
856.1
856.1
856.1
856.1
856.2
856.2
856.2
856.2
856.2
856.2
856.2
856.2
856.2
856.2
856.2
856.2
856.2
856.2
856.2
856.2
856.2
856.2
856.2
856.2
856.2
856.2
856.2
856.2
856.3
856.3
856.3
856.3
856.3
856.3
856.3
856.3
856.3
856.3
856.3
856.3
856.3
856.3
856.3
856.3
856.3
856.3
856.3
856.3
856.3
856.3
856.4
856.4
856.4
856.4
856.4
856.5
856.5
856.5
856.5
856.5
856.6
856.6
856.6
856.6
856.6
856.7
856.7
856.7
856.7
856.7
856.7
856.7
856.7
856.7
856.7
856.7
856.7
856.8
856.8
856.8
856.8
856.9
856.9
856.9
856.9
857.0
857.0
857.0
857.0
857.0
857.0
857.0
857.1
857.1
857.1
857.1
857.2
857.2
857.2
857.3
857.3
857.4
857.4
857.4
857.4
857.4
857.4
857.4
857.5
857.5
857.6
857.6
857.6
857.6
857.7
857.7
857.7
857.8
857.8
857.8
857.8
857.8
857.9
857.9
858.0
858.0
858.0
858.0
858.0
858.0
858.0
858.1
858.1
858.1
858.1
858.2
858.2
858.3
858.3
858.3
858.3
858.4
858.4
858.4
858.4
858.4
858.5
858.5
858.6
858.6
858.6
858.6
858.6
858.7
858.7
858.7
858.7
858.7
858.7
858.7
858.7
858.7
858.7
858.8
858.8
858.9
858.9
858.9
858.9
858.9
858.9
859.0
859.0
859.0
859.0
859.0
859.0
859.0
859.0
859.0
859.0
859.0
859.1
859.1
859.1
859.1
859.1
859.2
859.2
859.2
859.2
859.3
859.3
859.3
859.3
859.3
859.3
859.3
859.3
859.3
859.3
859.3
859.4
859.4
859.4
859.4
859.4
859.4
859.4
859.5
859.5
859.5
859.5
859.5
859.5
859.6
859.6
859.6
859.6
859.6
859.6
859.6
859.7
859.7
859.7
859.7
859.7
859.7
859.7
859.7
859.8
859.8
859.8
859.8
859.8
859.8
859.8
859.8
859.8
859.8
859.9
859.9
859.9
859.9
859.9
859.9
859.9
860.0
860.0
860.0
860.0
860.1
860.1
860.1
860.1
860.1
860.1
860.1
860.1
860.1
860.1
860.2
860.2
860.2
860.2
860.3
860.3
860.3
860.3
860.3
860.3
860.3
860.3
860.3
860.3
860.4
860.4
860.4
860.4
860.4
860.4
860.4
860.4
860.5
860.5
860.5
860.5
860.6
860.6
860.6
860.6
860.6
860.6
860.6
860.6
860.6
860.6
860.7
860.7
860.7
860.7
860.7
860.7
860.7
860.7
860.7
860.8
860.8
860.8
860.8
860.8
860.8
860.8
860.9
860.9
860.9
860.9
860.9
860.9
860.9
860.9
860.9
860.9
860.9
861.0
861.0
861.0
861.0
861.0
861.0
861.0
861.0
861.0
861.0
861.0
861.0
861.0
861.1
861.1
861.1
861.1
861.1
861.1
861.1
861.1
861.1
861.1
861.1
861.1
861.1
861.1
861.2
861.2
861.2
861.2
861.2
861.2
861.2
861.2
861.3
861.3
861.3
861.3
861.3
861.3
861.3
861.3
861.3
861.3
861.3
861.3
861.4
861.4
861.4
861.4
861.4
861.4
861.4
861.4
861.4
861.4
861.4
861.4
861.5
861.5
861.5
861.5
861.5
861.5
861.5
861.5
861.5
861.5
861.5
861.5
861.5
861.6
861.6
861.6
861.6
861.6
861.6
861.6
861.6
861.6
861.6
861.6
861.6
861.6
861.6
861.7
861.7
861.7
861.7
861.7
861.7
861.7
861.7
861.7
861.7
861.7
861.7
861.7
861.7
861.7
861.7
861.7
861.7
861.8
861.8
861.8
861.8
861.8
861.8
861.8
861.8
861.8
861.8
861.8
861.8
861.8
861.8
861.8
861.8
861.9
861.9
861.9
861.9
861.9
861.9
861.9
861.9
861.9
861.9
861.9
861.9
861.9
861.9
861.9
861.9
861.9
862.0
862.0
862.0
862.0
862.0
862.0
862.0
862.0
862.0
862.0
862.0
862.0
862.0
862.0
862.0
862.0
862.1
862.1
862.1
862.1
862.1
862.1
862.1
862.1
862.1
862.1
862.1
862.1
862.1
862.1
862.2
862.2
862.2
862.2
862.2
862.2
862.2
862.2
862.2
862.2
862.2
862.2
862.2
862.3
862.3
862.3
862.3
862.3
862.3
862.3
862.3
862.3
862.3
862.3
862.3
862.3
862.3
862.3
862.3
862.3
862.4
862.4
862.4
862.4
862.4
862.4
862.4
862.4
862.4
862.4
862.4
862.4
862.4
862.4
862.4
862.4
862.4
862.5
862.5
862.5
862.5
862.5
862.5
862.5
862.5
862.5
862.5
862.5
862.5
862.5
862.5
862.5
862.5
862.5
862.5
862.5
862.5
862.5
862.6
862.6
862.6
862.6
862.6
862.6
862.6
862.6
862.6
862.6
862.6
862.6
862.6
862.6
862.6
862.6
862.6
862.6
862.6
862.7
862.7
862.7
862.7
862.7
862.7
862.7
862.7
862.7
862.7
862.7
862.7
862.7
862.7
862.7
862.7
862.7
862.8
862.8
862.8
862.8
862.8
862.8
862.8
862.8
862.8
862.8
862.8
862.8
862.8
862.8
862.9
862.9
862.9
862.9
862.9
862.9
862.9
862.9
862.9
862.9
862.9
862.9
862.9
862.9
862.9
862.9
862.9
862.9
862.9
863.0
863.0
863.0
863.0
863.0
863.0
863.0
863.0
863.0
863.0
863.0
863.0
863.0
863.0
863.0
863.0
863.1
863.1
863.1
863.1
863.1
863.1
863.1
863.1
863.1
863.1
863.1
863.1
863.1
863.1
863.1
863.1
863.1
863.1
863.1
863.1
863.1
863.2
863.2
863.2
863.2
863.2
863.2
863.2
863.2
863.2
863.2
863.2
863.2
863.2
863.2
863.2
863.2
863.2
863.2
863.2
863.2
863.3
863.3
863.3
863.3
863.3
863.3
863.3
863.3
863.3
863.3
863.3
863.3
863.4
863.4
863.4
863.4
863.4
863.4
863.4
863.4
863.4
863.4
863.4
863.4
863.4
863.4
863.4
863.4
863.4
863.4
863.4
863.4
863.4
863.4
863.4
863.4
863.4
863.4
863.4
863.5
863.5
863.5
863.5
863.5
863.5
863.5
863.5
863.5
863.5
863.5
863.5
863.5
863.5
863.5
863.5
863.5
863.5
863.5
863.5
863.6
863.6
863.6
863.6
863.6
863.6
863.6
863.6
863.6
863.7
863.7
863.7
863.7
863.7
863.7
863.7
863.7
863.7
863.7
863.7
863.7
863.7
863.7
863.7
863.7
863.7
863.7
863.8
863.8
863.8
863.8
863.8
863.8
863.8
863.8
863.8
863.8
863.8
863.8
863.9
863.9
863.9
863.9
863.9
863.9
863.9
863.9
863.9
864.0
864.0
864.0
864.0
864.0
864.0
864.0
864.0
864.0
864.0
864.0
864.0
864.1
864.1
864.1
864.1
864.2
864.2
864.2
864.2
864.2
864.2
864.2
864.2
864.3
864.3
864.3
864.3
864.3
864.3
864.3
864.3
864.3
864.3
864.3
864.3
864.4
864.4
864.4
864.5
864.5
864.5
864.5
864.6
864.6
864.6
864.6
864.6
864.6
864.7
864.7
864.7
864.7
864.7
864.8
864.8
864.8
864.8
864.9
864.9
864.9
864.9
864.9
864.9
865.0
865.0
865.1
865.1
865.1
865.1
865.1
865.1
865.2
865.2
865.2
865.3
865.3
865.3
865.3
865.3
865.3
865.4
865.4
865.4
865.4
865.4
865.5
865.5
865.5
865.5
865.5
865.5
865.5
865.5
865.5
865.5
865.6
865.6
865.7
865.8
865.8
865.8
865.9
865.9
866.0
866.0
866.0
866.0
866.1
866.1
866.2
866.2
866.3
866.4
866.4
866.5
866.5
866.6
866.6
866.7
866.8
866.8
866.8
866.9
866.9
866.9
866.9
866.9
866.9
866.9
866.9
866.9
867.0
867.3
867.3
867.4
867.4
867.5
867.5
867.5
867.5
867.5
867.6
867.6
867.6
867.7
867.7
867.7
867.7
867.8
867.8
867.8
867.8
867.9
867.9
868.0
868.0
868.0
868.0
868.1
868.1
868.1
868.1
868.1
868.1
868.1
868.2
868.2
868.2
868.2
868.2
868.2
868.2
868.3
868.3
868.3
868.3
868.3
868.3
868.4
868.4
868.4
868.4
868.4
868.4
868.4
868.4
868.4
868.4
868.4
868.5
868.5
868.5
868.5
868.5
868.5
868.5
868.5
868.5
868.5
868.5
868.5
868.6
868.6
868.6
868.6
868.6
868.6
868.6
868.6
868.6
868.6
868.6
868.6
868.7
868.7
868.7
868.7
868.7
868.7
868.7
868.7
868.7
868.7
868.7
868.7
868.7
868.7
868.8
868.8
868.8
868.8
868.8
868.8
868.8
868.8
868.9
868.9
868.9
868.9
868.9
868.9
868.9
868.9
868.9
868.9
868.9
868.9
868.9
868.9
868.9
868.9
868.9
868.9
868.9
868.9
868.9
868.9
868.9
868.9
869.0
869.0
869.0
869.0
869.0
869.0
869.0
869.0
869.0
869.0
869.0
869.0
869.0
869.0
869.0
869.0
869.0
869.0
869.0
869.0
869.0
869.0
869.1
869.1
869.1
869.1
869.1
869.1
869.1
869.1
869.1
869.1
869.1
869.1
869.1
869.1
869.2
869.2
869.2
869.2
869.2
869.2
869.2
869.2
869.2
869.2
869.2
869.2
869.2
869.2
869.2
869.2
869.2
869.2
869.2
869.2
869.2
869.2
869.2
869.2
869.2
869.2
869.2
869.2
869.3
869.3
869.3
869.3
869.3
869.3
869.3
869.3
869.3
869.3
869.3
869.3
869.3
869.3
869.3
869.3
869.3
869.3
869.3
869.3
869.3
869.3
869.3
869.3
869.3
869.4
869.4
869.4
869.4
869.4
869.4
869.4
869.4
869.4
869.4
869.4
869.4
869.4
869.4
869.4
869.4
869.4
869.4
869.4
869.4
869.4
869.4
869.4
869.4
869.4
869.4
869.4
869.4
869.4
869.5
869.5
869.5
869.5
869.5
869.5
869.5
869.5
869.5
869.5
869.5
869.5
869.5
869.5
869.5
869.5
869.5
869.5
869.5
869.5
869.5
869.5
869.5
869.5
869.6
869.6
869.6
869.6
869.6
869.6
869.6
869.6
869.6
869.6
869.6
869.6
869.6
869.6
869.6
869.6
869.6
869.7
869.7
869.7
869.7
869.7
869.7
869.7
869.7
869.7
869.7
869.7
869.7
869.7
869.7
869.7
869.7
869.7
869.7
869.7
869.7
869.7
869.7
869.7
869.7
869.7
869.8
869.8
869.8
869.8
869.8
869.8
869.8
869.8
869.8
869.8
869.8
869.8
869.8
869.8
869.8
869.8
869.8
869.8
869.8
869.8
869.8
869.8
869.8
869.8
869.8
869.9
869.9
869.9
869.9
869.9
869.9
869.9
869.9
869.9
869.9
869.9
869.9
869.9
869.9
869.9
869.9
869.9
869.9
870.0
870.0
870.0
870.0
870.0
870.0
870.0
870.0
870.0
870.0
870.0
870.0
870.0
870.0
870.0
870.0
870.0
870.1
870.1
870.1
870.1
870.1
870.1
870.1
870.1
870.1
870.1
870.1
870.1
870.1
870.1
870.1
870.1
870.2
870.2
870.2
870.2
870.2
870.2
870.2
870.2
870.2
870.3
870.3
870.3
870.3
870.3
870.3
870.3
870.3
870.3
870.3
870.3
870.3
870.3
870.3
870.3
870.3
870.4
870.4
870.4
870.4
870.4
870.4
870.4
870.4
870.5
870.5
870.5
870.5
870.5
870.5
870.5
870.5
870.5
870.5
870.5
870.5
870.5
870.5
870.5
870.5
870.5
870.6
870.6
870.6
870.6
870.6
870.6
870.6
870.6
870.6
870.6
870.6
870.6
870.6
870.6
870.6
870.6
870.7
870.7
870.7
870.7
870.7
870.7
870.8
870.8
870.8
870.8
870.9
870.9
870.9
870.9
870.9
870.9
870.9
870.9
870.9
870.9
871.0
871.0
871.0
871.0
871.0
871.0
871.0
871.0
871.0
871.0
871.0
871.0
871.1
871.1
871.1
871.1
871.1
871.1
871.1
871.1
871.2
871.2
871.2
871.2
871.3
871.3
871.3
871.3
871.3
871.3
871.3
871.4
871.4
871.4
871.4
871.4
871.4
871.4
871.4
871.5
871.5
871.5
871.5
871.5
871.5
871.5
871.5
871.6
871.6
871.6
871.6
871.6
871.6
871.7
871.7
871.7
871.7
871.7
871.7
871.7
871.8
871.8
871.8
871.8
871.8
871.8
872.0
872.0
872.0
872.0
872.1
872.1
872.1
872.1
872.1
872.2
872.2
872.2
872.2
872.3
872.3
872.3
872.3
872.3
872.3
872.3
872.3
872.4
872.4
872.5
872.5
872.5
872.5
872.6
872.6
872.6
872.6
872.6
872.6
872.6
872.7
872.8
872.8
872.8
872.8
872.8
872.8
872.8
872.8
872.9
873.0
873.0
873.0
873.2
873.2
873.2
873.3
873.3
873.3
873.4
873.4
873.4
873.5
873.5
873.5
873.5
873.5
873.5
873.5
873.5
873.5
873.6
873.6
873.7
873.8
873.8
873.8
873.8
873.8
873.8
873.8
873.9
873.9
873.9
874.0
874.0
874.1
874.1
874.1
874.2
874.2
874.2
874.2
874.2
874.2
874.2
874.3
874.3
874.3
874.3
874.4
874.4
874.4
874.4
874.4
874.5
874.5
874.5
874.6
874.6
874.6
874.6
874.7
874.7
874.7
874.7
874.7
874.7
874.7
874.7
874.7
874.8
874.8
874.8
874.8
874.8
874.9
874.9
874.9
875.0
875.0
875.0
875.0
875.1
875.1
875.1
875.2
875.2
875.3
875.3
875.3
875.4
875.4
875.4
875.4
875.4
875.5
875.5
875.5
875.5
875.5
875.5
875.6
875.6
875.6
875.6
875.6
875.6
875.7
875.7
875.7
875.7
875.8
875.8
875.8
875.8
875.8
875.8
875.8
875.8
875.9
875.9
875.9
875.9
875.9
875.9
875.9
875.9
875.9
876.0
876.0
876.0
876.1
876.1
876.1
876.1
876.1
876.1
876.1
876.1
876.2
876.2
876.2
876.2
876.3
876.3
876.3
876.4
876.4
876.4
876.4
876.4
876.5
876.5
876.5
876.5
876.5
876.5
876.5
876.6
876.6
876.6
876.6
876.6
876.6
876.7
876.7
876.7
876.7
876.7
876.7
876.7
876.7
876.8
876.8
876.8
876.8
876.8
876.8
876.8
876.9
876.9
876.9
876.9
877.0
877.0
877.0
877.0
877.0
877.0
877.0
877.0
877.0
877.0
877.0
877.0
877.1
877.1
877.1
877.1
877.2
877.2
877.2
877.2
877.2
877.2
877.2
877.3
877.3
877.3
877.3
877.3
877.3
877.3
877.3
877.3
877.4
877.4
877.4
877.4
877.5
877.5
877.5
877.5
877.5
877.5
877.5
877.5
877.5
877.5
877.6
877.6
877.6
877.6
877.6
877.6
877.6
877.6
877.6
877.7
877.7
877.7
877.7
877.7
877.7
877.8
877.8
877.8
877.8
877.8
877.8
877.8
877.9
877.9
877.9
877.9
877.9
877.9
877.9
878.0
878.0
878.0
878.0
878.0
878.0
878.0
878.0
878.0
878.1
878.1
878.1
878.1
878.1
878.1
878.1
878.1
878.1
878.1
878.1
878.1
878.2
878.2
878.2
878.2
878.2
878.2
878.2
878.2
878.3
878.3
878.3
878.3
878.3
878.3
878.4
878.4
878.4
878.4
878.4
878.4
878.5
878.5
878.5
878.5
878.5
878.5
878.6
878.6
878.6
878.6
878.7
878.7
878.7
878.7
878.7
878.7
878.7
878.7
878.7
878.7
878.7
878.8
878.8
878.8
878.8
878.8
878.8
878.8
878.8
878.9
878.9
878.9
879.0
879.0
879.0
879.0
879.0
879.0
879.0
879.0
879.1
879.1
879.1
879.1
879.1
879.1
879.1
879.1
879.1
879.1
879.2
879.2
879.2
879.2
879.2
879.2
879.3
879.3
879.3
879.3
879.3
879.3
879.4
879.4
879.4
879.4
879.4
879.5
879.5
879.5
879.5
879.5
879.5
879.6
879.6
879.6
879.6
879.6
879.6
879.6
879.7
879.7
879.7
879.7
879.7
879.7
879.7
879.8
879.8
879.8
879.8
879.8
879.8
879.8
879.9
879.9
879.9
879.9
880.0
880.1
880.1
880.1
880.1
880.1
880.2
880.2
880.2
880.2
880.3
880.3
880.3
880.4
880.4
880.4
880.4
880.4
880.5
880.5
880.5
880.6
880.6
880.6
880.7
880.7
880.7
880.7
880.7
880.7
880.7
880.7
880.8
880.8
880.8
880.8
880.8
880.8
880.9
880.9
880.9
881.0
881.0
881.0
881.0
881.1
881.1
881.2
881.3
881.3
881.3
881.4
881.4
881.4
881.5
881.5
881.5
881.5
881.6
881.6
881.7
881.7
881.7
881.7
881.7
881.7
881.7
881.8
881.8
881.9
882.0
882.0
882.1
882.1
882.1
882.1
882.2
882.2
882.3
882.3
882.3
882.3
882.3
882.4
882.4
882.5
882.5
882.6
882.7
882.7
882.7
882.7
882.7
882.8
882.8
882.8
882.9
882.9
882.9
882.9
883.0
883.0
883.0
883.1
883.1
883.1
883.2
883.3
883.3
883.3
883.3
883.3
883.3
883.3
883.4
883.4
883.4
883.4
883.4
883.5
883.5
883.5
883.5
883.6
883.6
883.6
883.6
883.6
883.7
883.7
883.8
883.8
883.8
883.9
883.9
884.0
884.0
884.0
884.0
884.0
884.0
884.0
884.1
884.1
884.1
884.1
884.1
884.1
884.1
884.2
884.2
884.2
884.2
884.2
884.2
884.2
884.2
884.2
884.3
884.3
884.3
884.3
884.3
884.3
884.3
884.4
884.4
884.4
884.4
884.4
884.4
884.4
884.4
884.5
884.5
884.5
884.6
884.6
884.6
884.6
884.6
884.6
884.6
884.6
884.6
884.6
884.6
884.6
884.6
884.6
884.6
884.7
884.7
884.7
884.7
884.7
884.7
884.7
884.8
884.8
884.8
884.8
884.8
884.8
884.8
884.8
884.9
884.9
884.9
884.9
885.0
885.0
885.0
885.0
885.0
885.0
885.0
885.0
885.0
885.1
885.1
885.1
885.1
885.1
885.2
885.2
885.2
885.2
885.2
885.2
885.2
885.2
885.2
885.3
885.3
885.3
885.3
885.3
885.3
885.3
885.4
885.4
885.4
885.4
885.4
885.4
885.5
885.5
885.5
885.5
885.5
885.5
885.5
885.5
885.6
885.6
885.6
885.6
885.6
885.6
885.6
885.7
885.7
885.7
885.7
885.7
885.7
885.7
885.7
885.8
885.8
885.8
885.8
885.9
885.9
885.9
885.9
886.0
886.0
886.0
886.0
886.0
886.0
886.0
886.1
886.1
886.1
886.1
886.1
886.2
886.3
886.3
886.3
886.3
886.3
886.3
886.4
886.4
886.5
886.5
886.6
886.6
886.6
886.6
886.6
886.6
886.7
886.7
886.7
886.7
886.7
886.8
886.8
886.9
886.9
886.9
887.0
887.0
887.0
887.0
887.1
887.2
887.2
887.2
887.2
887.2
887.3
887.3
887.3
887.3
887.4
887.4
887.4
887.5
887.5
887.5
887.6
887.7
887.7
887.7
887.7
887.7
887.7
887.8
887.8
887.8
887.9
887.9
887.9
887.9
887.9
888.0
888.0
888.0
888.1
888.1
888.1
888.1
888.1
888.1
888.2
888.2
888.2
888.3
888.3
888.3
888.3
888.4
888.4
888.5
888.5
888.5
888.5
888.6
888.8
888.8
888.9
889.0
889.0
889.1
889.1
889.2
889.2
889.3
889.3
889.4
889.5
889.5
889.6
889.6
889.6
889.6
889.7
889.8
889.8
889.9
889.9
889.9
889.9
890.0
890.0
890.0
890.0
890.0
890.0
890.1
890.1
890.1
890.2
890.3
890.4
890.4
890.4
890.5
890.5
890.6
890.6
890.6
890.6
890.7
890.7
890.8
890.8
890.9
890.9
891.0
891.0
891.0
891.1
891.2
891.3
891.4
891.5
891.6
891.8
892.0
892.1
892.2
892.4
892.4
892.5
892.6
892.6
892.8
892.8
892.8
893.0
893.0
893.0
893.0
893.1
893.2
893.3
893.4
893.5
893.5
893.6
893.6
893.7
893.7
893.7
893.8
893.8
893.9
893.9
894.0
894.2
894.2
894.3
894.4
894.6
894.7
894.9
895.0
895.0
895.6
895.6
895.7
896.0
896.5
896.6
897.0
897.3
897.8
898.2
898.7
899.1
899.2
899.7
900.8
901.6
