183.2
183.3
183.3
183.3
183.3
183.3
183.3
183.3
183.3
183.3
183.3
183.3
183.3
183.3
183.3
183.3
183.3
183.3
183.3
183.3
183.3
183.3
183.3
183.3
183.3
183.3
183.3
183.3
183.3
183.4
183.4
183.4
183.4
183.4
183.4
183.4
183.4
183.4
183.4
183.4
183.4
183.4
183.4
183.4
183.4
183.4
183.4
183.4
183.4
183.4
183.4
183.4
183.4
183.4
183.4
183.4
183.4
183.4
183.4
183.4
183.4
183.4
183.4
183.4
183.4
183.4
183.4
183.4
183.4
183.4
183.4
183.5
183.5
183.5
183.5
183.5
183.6
183.6
183.6
183.6
183.6
183.6
183.7
183.7
183.7
183.8
183.8
183.9
183.9
184.1
184.1
184.2
184.3
184.3
184.3
184.4
184.6
184.7
185.0
185.2
188.8
188.9
188.9
188.9
188.9
188.9
188.9
188.9
189.0
189.0
189.0
189.0
189.0
189.0
189.0
189.0
189.0
189.0
189.0
189.0
189.0
189.0
189.0
189.0
189.0
189.0
189.0
189.0
189.0
189.0
189.0
189.0
189.0
189.0
189.0
189.0
189.1
189.1
189.1
189.1
189.1
189.1
189.1
189.1
189.1
189.1
189.1
189.1
189.1
189.1
189.1
189.1
189.1
189.1
189.1
189.1
189.1
189.1
189.2
189.2
189.2
189.2
189.2
189.2
189.2
189.3
189.3
189.3
189.3
189.4
189.4
189.4
189.4
189.5
189.5
189.5
189.6
189.8
189.9
189.9
189.9
189.9
190.1
190.1
190.4
190.4
190.6
191.2
191.3
191.4
191.5
191.9
192.1
192.2
192.3
192.6
192.8
192.8
192.8
192.8
192.8
192.9
192.9
192.9
192.9
192.9
192.9
192.9
192.9
192.9
192.9
192.9
192.9
192.9
193.0
193.0
193.0
193.0
193.0
193.0
193.0
193.0
193.1
193.1
193.1
193.1
193.1
193.1
193.1
193.1
193.1
193.2
193.2
193.2
193.2
193.2
193.2
193.2
193.2
193.2
193.2
193.2
193.2
193.2
193.2
193.3
193.3
193.3
193.3
193.3
193.3
193.3
193.3
193.3
193.4
193.4
193.4
193.5
193.5
193.6
193.6
193.6
193.6
193.7
193.7
193.7
193.7
193.9
193.9
193.9
194.0
194.1
194.1
194.2
194.3
194.3
194.5
194.8
195.0
195.1
195.2
195.2
195.2
195.3
195.8
196.2
196.3
196.9
196.9
197.1
197.3
197.4
197.5
197.5
197.5
197.5
197.5
197.5
197.6
197.7
197.7
197.7
197.7
197.7
197.8
197.8
197.8
197.8
197.8
197.8
197.9
197.9
197.9
197.9
197.9
198.0
198.0
198.0
198.1
198.1
198.1
198.1
198.1
198.2
198.2
198.2
198.2
198.3
198.3
198.3
198.3
198.3
198.4
198.4
198.4
198.4
198.4
198.5
198.5
198.5
198.5
198.6
198.6
198.6
198.6
198.6
198.7
198.7
198.7
198.7
198.8
198.8
198.8
198.8
198.9
199.0
199.0
199.0
199.1
199.2
199.3
199.4
199.5
199.6
199.6
199.8
199.8
199.8
199.9
199.9
200.0
200.3
200.9
201.2
201.2
201.2
201.2
201.2
201.2
201.3
201.3
201.4
201.4
201.4
201.4
201.5
201.5
201.5
201.5
201.6
201.6
201.6
201.6
201.6
201.6
201.6
201.7
201.7
201.7
201.7
201.7
201.8
201.8
201.9
201.9
201.9
201.9
201.9
201.9
202.0
202.0
202.0
202.1
202.1
202.1
202.2
202.2
202.2
202.2
202.3
202.3
202.3
202.3
202.4
202.4
202.4
202.4
202.5
202.5
202.5
202.5
202.6
202.7
202.7
202.7
202.7
202.7
202.7
202.8
202.8
202.8
202.9
203.0
203.0
203.0
203.1
203.1
203.3
203.3
203.3
203.4
203.5
203.7
204.0
204.0
204.1
204.1
204.2
204.4
204.4
204.4
204.7
204.8
204.9
204.9
205.1
205.3
205.3
205.3
205.4
205.4
205.4
205.4
205.4
205.4
205.4
205.5
205.5
205.5
205.5
205.6
205.6
205.6
205.6
205.7
205.7
205.7
205.7
205.8
205.8
205.8
205.8
205.8
205.9
205.9
205.9
206.0
206.0
206.0
206.0
206.0
206.1
206.1
206.1
206.1
206.2
206.2
206.3
206.3
206.3
206.4
206.4
206.4
206.4
206.4
206.4
206.5
206.5
206.5
206.6
206.7
206.7
206.8
206.8
206.8
206.8
206.9
206.9
207.0
207.1
207.1
207.1
207.2
207.2
207.2
207.2
207.3
207.3
207.3
207.5
207.6
207.6
207.6
207.7
207.7
207.7
208.1
208.4
208.5
208.6
208.7
208.9
209.1
209.1
209.1
209.3
209.3
209.3
209.4
209.4
209.4
209.5
209.5
209.5
209.5
209.6
209.7
209.7
209.7
209.8
209.8
209.8
209.8
209.9
209.9
209.9
209.9
210.0
210.0
210.0
210.1
210.1
210.1
210.1
210.1
210.2
210.2
210.2
210.3
210.4
210.4
210.4
210.4
210.4
210.5
210.5
210.6
210.6
210.6
210.7
210.8
210.8
210.9
210.9
210.9
211.0
211.1
211.1
211.1
211.2
211.2
211.2
211.2
211.3
211.5
211.5
211.5
211.5
211.6
211.6
211.7
211.8
211.8
211.8
212.0
212.1
212.1
212.1
212.3
212.4
212.6
212.6
212.6
212.7
212.7
212.8
212.9
213.0
213.1
213.1
213.1
213.1
213.2
213.2
213.3
213.3
213.3
213.3
213.4
213.5
213.5
213.5
213.6
213.6
213.6
213.7
213.7
213.7
213.7
213.7
213.8
213.8
213.9
213.9
213.9
213.9
213.9
214.0
214.0
214.0
214.0
214.0
214.0
214.2
214.2
214.2
214.3
214.3
214.4
214.4
214.4
214.4
214.4
214.4
214.5
214.6
214.6
214.6
214.7
214.8
214.8
214.9
215.0
215.0
215.2
215.2
215.2
215.3
215.3
215.4
215.4
215.4
215.5
215.6
215.6
215.7
215.8
215.8
216.0
216.0
216.0
216.1
216.2
216.2
216.4
216.5
216.5
216.6
216.7
216.8
217.0
217.1
217.2
217.2
217.3
217.3
217.4
217.4
217.4
217.5
217.5
217.5
217.6
217.6
217.6
217.6
217.7
217.7
217.7
217.8
217.8
217.8
217.9
217.9
217.9
217.9
218.1
218.1
218.1
218.2
218.2
218.2
218.2
218.2
218.3
218.3
218.4
218.4
218.5
218.5
218.5
218.5
218.6
218.6
218.6
218.6
218.8
218.8
218.8
218.8
218.9
218.9
218.9
219.0
219.0
219.1
219.1
219.2
219.3
219.4
219.4
219.5
219.6
219.7
219.8
219.8
219.9
219.9
220.0
220.1
220.2
220.3
220.3
220.3
220.4
220.4
220.5
220.5
220.5
220.6
220.6
220.7
220.8
220.9
220.9
220.9
221.0
221.0
221.2
221.2
221.3
221.3
221.3
221.4
221.5
221.5
221.5
221.6
221.6
221.7
221.7
221.8
221.8
221.8
221.9
222.0
222.0
222.1
222.2
222.2
222.2
222.2
222.3
222.4
222.4
222.4
222.4
222.4
222.4
222.5
222.5
222.5
222.5
222.5
222.5
222.6
222.6
222.7
222.7
222.8
222.9
222.9
223.0
223.0
223.0
223.0
223.1
223.1
223.1
223.2
223.2
223.3
223.5
223.6
223.6
223.7
223.8
223.8
223.9
224.0
224.0
224.0
224.3
224.3
224.4
224.5
224.6
225.1
225.1
225.2
225.2
225.2
225.4
225.4
225.6
225.6
225.6
225.7
225.8
225.9
225.9
225.9
225.9
226.0
226.0
226.2
226.3
226.3
226.3
226.4
226.4
226.4
226.5
226.5
226.6
226.6
226.6
226.6
226.6
226.7
226.9
226.9
226.9
227.0
227.0
227.1
227.1
227.1
227.1
227.2
227.2
227.3
227.3
227.4
227.5
227.5
227.5
227.6
227.6
227.6
227.6
227.7
227.7
227.7
227.7
227.8
227.8
228.0
228.1
228.2
228.2
228.3
228.4
228.4
228.5
228.5
228.5
228.6
228.6
228.7
228.7
228.7
228.7
228.9
228.9
228.9
229.0
229.0
229.2
229.2
229.4
229.8
230.2
230.2
230.3
230.3
230.5
230.5
230.7
230.7
230.7
230.9
230.9
230.9
231.0
231.0
231.1
231.1
231.1
231.1
231.2
231.3
231.3
231.3
231.5
231.6
231.6
231.7
231.7
231.7
231.8
231.9
231.9
231.9
232.0
232.1
232.2
232.2
232.2
232.3
232.4
232.4
232.6
232.6
232.6
232.6
232.7
232.7
232.7
232.8
233.0
233.3
233.3
233.4
233.4
233.4
233.4
233.5
233.5
233.7
233.8
233.8
233.9
233.9
234.1
234.2
234.3
234.5
234.5
234.6
234.7
234.7
235.0
235.0
235.1
235.1
235.2
235.3
235.3
235.6
235.6
235.8
235.8
236.1
236.1
236.2
236.6
236.7
236.8
236.9
236.9
237.0
237.1
237.2
237.3
237.3
237.4
237.4
237.5
237.6
237.7
237.9
238.1
238.1
238.4
238.4
238.5
238.5
238.6
238.8
238.9
239.0
239.0
239.2
239.2
239.2
239.2
239.2
239.3
239.3
239.5
239.6
239.8
240.0
240.3
240.6
240.6
240.7
240.8
240.9
241.0
241.1
241.2
241.3
241.3
241.4
241.4
241.5
241.7
241.8
241.8
241.8
241.8
241.9
241.9
242.0
242.3
242.4
242.4
242.6
243.0
243.0
243.0
243.0
243.3
243.5
243.5
243.6
243.8
244.0
244.1
244.1
244.2
244.2
244.8
244.8
245.1
245.5
245.6
245.7
245.8
245.9
246.3
246.8
247.0
247.0
247.1
247.1
247.2
247.5
247.8
247.9
248.1
248.4
248.6
248.8
249.6
249.8
250.1
250.3
250.4
250.8
250.9
251.4
251.4
251.7
252.0
253.0
254.5
255.5
255.8
255.9
257.7
258.5
259.1
259.9
260.8
260.8
261.4
262.1
264.1
267.0
267.4
274.3
274.9
279.0
281.1
506.3
506.4
506.4
506.4
506.4
506.4
506.4
506.5
506.5
506.5
506.5
506.5
506.6
506.6
506.7
506.7
506.8
506.8
506.8
506.8
506.9
506.9
506.9
506.9
507.0
507.0
507.1
507.3
507.3
507.4
507.4
507.7
507.7
507.8
507.9
508.0
508.0
508.0
508.0
508.1
508.1
508.2
508.2
508.2
508.3
508.3
508.4
508.5
508.5
508.8
508.9
508.9
508.9
509.0
509.1
509.1
509.2
509.3
509.3
509.5
509.5
509.6
509.7
509.8
509.8
509.9
510.0
510.0
510.0
510.1
510.1
510.2
510.3
510.3
510.5
510.5
510.6
510.7
510.8
510.8
510.8
510.9
511.0
511.1
511.1
511.1
511.2
511.2
511.2
511.3
511.4
511.4
511.4
511.5
511.5
511.5
511.5
511.5
511.5
511.6
512.7
512.7
512.7
512.8
512.9
512.9
512.9
512.9
512.9
513.0
513.1
513.1
513.1
513.3
513.3
513.3
513.4
513.4
513.4
513.5
513.8
513.9
513.9
514.0
514.0
514.0
514.0
514.1
514.1
514.2
514.2
514.3
514.3
514.3
514.3
514.4
514.4
514.5
514.5
514.5
514.8
514.9
514.9
514.9
515.0
515.1
515.1
515.2
515.2
515.4
515.4
515.5
515.5
515.6
515.7
515.8
515.8
515.8
515.9
515.9
516.0
516.1
516.1
516.2
516.2
516.2
516.4
516.4
516.4
516.4
516.5
516.6
516.9
516.9
517.0
517.0
517.0
517.0
517.0
517.1
517.1
517.2
517.3
517.4
517.5
517.5
517.5
517.5
517.6
517.6
517.7
517.7
517.7
517.7
517.7
517.8
517.8
517.8
518.0
519.1
520.3
520.3
520.6
520.6
520.7
520.7
520.8
520.8
520.8
520.8
520.9
520.9
520.9
520.9
521.0
521.0
521.0
521.0
521.1
521.1
521.1
521.1
521.1
521.2
521.2
521.2
521.3
521.3
521.3
521.3
521.4
521.4
521.4
521.4
521.4
521.4
521.5
521.5
521.5
521.6
521.6
521.7
521.7
521.7
521.8
521.8
521.9
521.9
522.0
522.0
522.0
522.1
522.1
522.2
522.2
522.2
522.2
522.3
522.4
522.4
522.5
522.6
522.7
522.7
522.7
522.8
522.8
522.8
522.8
522.9
522.9
522.9
522.9
523.0
523.1
523.2
523.2
523.2
523.2
523.3
523.4
523.5
523.6
523.6
523.7
523.7
523.8
523.8
523.9
523.9
523.9
523.9
523.9
524.0
524.0
524.1
524.8
525.1
525.8
526.0
526.0
526.1
526.2
526.3
526.3
526.4
526.4
526.4
526.4
526.4
526.4
526.5
526.5
526.6
526.6
526.6
526.6
526.6
526.6
526.7
526.7
526.7
526.7
526.7
526.7
526.7
526.7
526.7
526.7
526.7
526.8
526.8
526.8
526.8
526.8
526.8
526.9
526.9
526.9
527.0
527.0
527.1
527.2
527.2
527.2
527.2
527.2
527.4
527.4
527.5
527.5
527.6
527.6
527.6
527.7
527.7
527.7
527.7
527.8
527.8
527.8
527.9
527.9
527.9
528.0
528.1
528.2
528.2
528.3
528.3
528.4
528.4
528.4
528.4
528.4
528.5
528.5
528.5
528.5
528.6
528.6
528.8
528.9
529.0
529.0
529.3
529.6
529.8
530.0
530.2
530.3
530.6
530.6
530.6
530.7
530.7
530.8
530.8
530.9
530.9
530.9
530.9
531.0
531.0
531.0
531.0
531.1
531.1
531.2
531.2
531.2
531.2
531.3
531.3
531.3
531.3
531.3
531.3
531.4
531.4
531.4
531.5
531.5
531.5
531.5
531.6
531.6
531.6
531.6
531.6
531.6
531.7
531.7
531.8
531.8
532.1
532.1
532.1
532.1
532.3
532.3
532.3
532.4
532.4
532.4
532.6
532.6
532.6
532.6
532.6
532.8
532.8
532.9
533.0
533.0
533.1
533.3
533.3
533.3
533.4
533.5
533.6
533.7
533.8
533.8
533.9
534.0
534.0
534.0
534.2
534.2
534.2
534.4
534.4
534.8
534.9
535.1
535.1
535.1
535.3
535.3
535.4
535.5
535.5
535.5
535.6
535.6
535.6
535.7
535.8
535.8
535.9
535.9
535.9
535.9
535.9
535.9
535.9
535.9
536.0
536.0
536.0
536.1
536.1
536.1
536.1
536.1
536.1
536.2
536.2
536.2
536.2
536.4
536.5
536.5
536.6
536.6
536.7
536.7
536.7
536.7
536.8
536.9
536.9
537.0
537.1
537.1
537.1
537.1
537.1
537.1
537.2
537.2
537.2
537.2
537.4
537.4
537.4
537.5
537.5
537.5
537.5
537.6
537.6
537.6
537.8
537.8
537.9
537.9
537.9
537.9
538.0
538.1
538.1
538.1
538.2
538.3
538.4
538.4
538.4
538.6
538.6
538.7
538.8
539.3
539.6
539.7
539.7
539.8
539.8
539.8
539.9
540.0
540.0
540.1
540.1
540.1
540.1
540.2
540.2
540.3
540.3
540.3
540.3
540.3
540.4
540.4
540.4
540.5
540.5
540.6
540.6
540.6
540.6
540.7
540.7
540.7
540.7
540.7
540.8
540.8
540.8
540.8
540.8
540.9
540.9
540.9
541.0
541.0
541.0
541.1
541.1
541.1
541.1
541.1
541.1
541.2
541.2
541.3
541.3
541.3
541.3
541.3
541.4
541.4
541.4
541.5
541.5
541.5
541.6
541.6
541.6
541.6
541.6
541.8
541.8
542.0
542.0
542.1
542.2
542.3
542.3
542.3
542.4
542.5
542.6
542.7
542.8
542.8
542.8
543.1
543.6
543.7
543.8
543.9
544.0
544.2
544.4
544.5
544.5
544.6
544.6
544.6
544.7
544.8
544.8
544.9
544.9
544.9
545.0
545.0
545.1
545.1
545.1
545.1
545.2
545.2
545.4
545.4
545.4
545.5
545.5
545.6
545.6
545.6
545.6
545.6
545.6
545.7
545.7
545.7
545.8
545.8
545.8
545.8
545.9
546.0
546.0
546.0
546.0
546.0
546.0
546.1
546.1
546.1
546.2
546.2
546.3
546.3
546.3
546.3
546.3
546.5
546.5
546.6
546.6
546.7
546.7
546.7
546.7
546.8
546.8
546.9
547.0
547.0
547.0
547.1
547.1
547.1
547.3
547.5
547.7
547.8
548.0
548.5
548.6
548.8
549.0
549.0
549.0
549.1
549.1
549.2
549.2
549.2
549.2
549.2
549.3
549.3
549.3
549.3
549.4
549.5
549.5
549.6
549.7
549.8
549.9
549.9
549.9
550.0
550.1
550.2
550.2
550.2
550.3
550.3
550.3
550.4
550.4
550.4
550.4
550.5
550.5
550.6
550.6
550.6
550.6
550.6
550.7
550.7
550.7
550.9
550.9
550.9
550.9
550.9
551.0
551.1
551.2
551.2
551.3
551.4
551.4
551.4
551.4
551.4
551.4
551.5
551.5
551.5
551.7
551.8
552.0
552.1
552.1
552.1
552.4
552.5
552.8
552.9
553.0
553.1
553.1
553.2
553.2
553.4
553.6
553.7
553.7
553.8
553.8
553.8
554.0
554.1
554.1
554.1
554.1
554.2
554.2
554.2
554.2
554.3
554.3
554.3
554.5
554.6
554.7
554.7
554.7
554.7
554.8
554.8
554.8
554.9
554.9
555.0
555.0
555.0
555.0
555.1
555.2
555.2
555.2
555.3
555.3
555.3
555.3
555.4
555.4
555.4
555.5
555.5
555.5
555.5
555.6
555.6
555.7
555.7
555.9
556.0
556.0
556.1
556.2
556.2
556.4
556.5
556.5
556.5
556.6
556.8
556.8
557.0
557.0
557.1
557.2
557.3
557.3
557.4
557.5
557.8
557.8
558.0
558.1
558.3
558.3
558.5
558.6
558.6
558.7
558.8
558.8
558.8
559.1
559.1
559.1
559.1
559.1
559.1
559.2
559.3
559.3
559.4
559.4
559.4
559.5
559.5
559.6
559.6
559.8
559.8
559.8
559.8
559.9
559.9
559.9
560.0
560.0
560.1
560.1
560.1
560.2
560.2
560.2
560.3
560.4
560.5
560.5
560.5
560.5
560.5
560.6
560.6
560.6
560.7
560.9
561.0
561.0
561.1
561.6
561.6
561.9
562.0
562.2
562.4
562.7
563.3
563.3
563.3
563.3
563.4
563.5
563.6
563.6
563.7
564.0
564.0
564.1
564.1
564.2
564.3
564.4
564.4
564.7
564.8
565.0
565.0
565.0
565.1
565.2
565.2
565.4
565.4
565.5
565.5
565.7
565.9
566.0
566.0
566.0
566.2
566.3
566.3
566.5
566.5
566.7
566.9
566.9
567.1
567.4
567.5
567.7
567.7
567.7
567.9
568.2
568.3
568.4
568.5
568.5
568.7
568.7
568.9
569.0
569.2
569.3
569.3
569.6
570.1
571.0
571.4
571.6
572.0
572.4
572.5
572.7
572.8
572.8
573.0
573.4
573.5
573.5
573.8
573.9
573.9
573.9
574.6
575.7
576.0
576.2
576.9
577.6
578.4
579.1
579.2
579.3
579.9
580.4
580.7
580.7
581.1
582.3
582.6
582.9
585.7
586.1
586.2
586.3
587.3
593.1
594.4
598.1
677.8
677.8
677.8
677.8
677.8
677.9
677.9
678.1
678.4
678.5
682.5
682.5
682.5
682.5
682.5
682.5
682.5
682.5
682.7
682.9
682.9
682.9
683.2
683.9
684.7
699.0
700.8
825.0
825.1
825.1
825.2
825.2
825.2
825.2
825.2
825.2
825.2
825.2
825.2
825.3
825.3
825.3
825.4
825.4
825.6
825.6
825.7
825.8
825.8
825.8
825.9
825.9
826.0
826.0
826.1
826.1
826.1
826.2
826.2
826.3
826.3
826.3
826.4
826.5
826.5
826.6
826.6
826.6
826.7
826.7
827.0
827.0
827.1
827.1
827.2
827.2
827.2
827.3
827.4
827.4
827.5
827.7
827.8
827.8
827.9
828.0
828.0
828.0
828.1
828.2
828.2
828.2
828.3
828.3
828.4
828.4
828.4
828.4
828.4
828.5
828.5
828.6
828.6
828.7
828.7
828.7
828.7
828.7
828.7
828.8
828.8
828.8
828.8
828.8
828.9
828.9
828.9
828.9
828.9
828.9
828.9
828.9
828.9
828.9
828.9
828.9
829.4
830.9
831.0
831.2
831.3
831.3
831.4
831.4
831.4
831.5
831.5
831.6
831.6
831.6
831.7
831.7
831.8
831.9
831.9
832.0
832.0
832.1
832.1
832.1
832.1
832.2
832.3
832.3
832.3
832.4
832.4
832.4
832.6
832.6
832.6
832.7
832.8
833.0
833.1
833.1
833.1
833.3
833.3
833.3
833.4
833.6
833.7
833.8
833.9
834.0
834.0
834.1
834.1
834.1
834.2
834.3
834.3
834.3
834.3
834.4
834.4
834.4
834.5
834.5
834.5
834.5
834.5
834.6
834.6
834.6
834.7
834.7
834.7
834.8
834.8
834.8
834.9
834.9
834.9
834.9
834.9
834.9
834.9
834.9
834.9
834.9
834.9
834.9
834.9
834.9
835.0
835.0
835.0
835.0
835.0
835.2
835.5
836.2
837.9
838.5
838.5
838.8
838.9
838.9
839.1
839.1
839.2
839.2
839.2
839.2
839.2
839.3
839.3
839.4
839.4
839.4
839.4
839.5
839.5
839.5
839.5
839.6
839.6
839.6
839.6
839.6
839.7
839.8
839.8
839.8
839.9
839.9
839.9
839.9
840.0
840.0
840.0
840.0
840.0
840.1
840.1
840.1
840.2
840.2
840.3
840.4
840.4
840.5
840.5
840.5
840.6
840.6
840.7
840.7
840.7
840.7
840.7
840.8
840.8
840.9
841.0
841.0
841.0
841.1
841.1
841.1
841.2
841.3
841.3
841.3
841.3
841.4
841.4
841.4
841.4
841.4
841.5
841.5
841.5
841.5
841.6
841.6
841.6
841.6
841.6
841.7
841.7
841.7
841.7
841.7
841.7
841.8
841.8
841.8
842.0
842.1
842.8
843.7
843.8
843.9
844.0
844.1
844.1
844.2
844.3
844.3
844.3
844.5
844.5
844.5
844.5
844.5
844.5
844.5
844.7
844.7
844.8
844.8
844.8
844.8
844.8
844.8
844.8
844.9
844.9
844.9
844.9
844.9
844.9
845.0
845.0
845.1
845.2
845.2
845.2
845.2
845.2
845.2
845.3
845.3
845.3
845.3
845.4
845.5
845.6
845.6
845.6
845.6
845.7
845.7
845.7
845.9
845.9
845.9
846.0
846.0
846.0
846.0
846.1
846.1
846.1
846.2
846.2
846.3
846.3
846.4
846.4
846.4
846.4
846.4
846.5
846.5
846.5
846.6
846.6
846.6
846.6
846.6
846.8
846.9
846.9
846.9
847.2
847.6
847.9
847.9
848.1
848.2
848.3
848.4
848.5
848.5
848.5
848.5
848.6
848.7
848.8
848.8
848.8
848.9
848.9
848.9
849.1
849.1
849.1
849.1
849.1
849.1
849.2
849.2
849.2
849.3
849.3
849.3
849.3
849.3
849.4
849.5
849.5
849.6
849.6
849.7
849.7
849.7
849.7
849.8
849.8
849.8
849.9
849.9
849.9
849.9
849.9
849.9
849.9
850.1
850.1
850.1
850.2
850.3
850.3
850.3
850.3
850.4
850.4
850.5
850.5
850.5
850.5
850.7
850.7
850.7
850.7
850.8
850.8
850.8
850.8
850.8
850.9
850.9
850.9
851.0
851.0
851.0
851.0
851.1
851.1
851.1
851.1
851.2
851.2
851.2
851.2
851.8
851.9
852.6
852.8
852.9
853.0
853.2
853.3
853.3
853.4
853.4
853.4
853.4
853.5
853.6
853.6
853.6
853.7
853.7
853.8
853.8
853.9
853.9
853.9
853.9
853.9
853.9
854.0
854.1
854.2
854.2
854.2
854.2
854.3
854.3
854.3
854.4
854.4
854.4
854.4
854.4
854.5
854.6
854.6
854.6
854.6
854.7
854.7
854.7
854.7
854.8
854.8
854.9
854.9
854.9
854.9
855.0
855.0
855.0
855.0
855.1
855.1
855.1
855.1
855.1
855.1
855.2
855.2
855.2
855.2
855.2
855.2
855.3
855.3
855.3
855.3
855.4
855.4
855.4
855.5
855.5
855.5
855.5
855.5
855.5
855.6
855.6
855.6
855.7
856.4
856.8
856.9
857.0
857.1
857.2
857.3
857.3
857.5
857.5
857.6
857.6
857.6
857.6
857.7
857.7
857.8
857.8
857.8
857.8
858.0
858.1
858.1
858.2
858.2
858.2
858.2
858.2
858.3
858.3
858.3
858.5
858.5
858.5
858.5
858.6
858.6
858.6
858.6
858.6
858.6
858.6
858.6
858.7
858.7
858.8
858.8
858.8
858.8
858.9
859.0
859.0
859.0
859.0
859.0
859.1
859.1
859.1
859.1
859.1
859.1
859.2
859.2
859.2
859.2
859.2
859.2
859.3
859.3
859.4
859.4
859.5
859.5
859.5
859.5
859.6
859.6
859.6
859.7
859.8
859.8
859.9
860.0
860.0
860.0
860.1
860.3
860.6
860.7
860.9
861.3
861.5
861.5
861.6
861.8
861.9
861.9
862.0
862.1
862.2
862.2
862.2
862.2
862.2
862.3
862.3
862.3
862.3
862.3
862.4
862.4
862.5
862.5
862.5
862.6
862.6
862.6
862.6
862.7
862.8
862.8
862.9
862.9
862.9
862.9
862.9
862.9
863.0
863.0
863.0
863.0
863.0
863.1
863.1
863.2
863.2
863.3
863.3
863.3
863.3
863.3
863.3
863.4
863.4
863.4
863.5
863.5
863.5
863.5
863.6
863.6
863.6
863.6
863.7
863.7
863.8
863.8
863.8
863.8
863.9
863.9
863.9
863.9
863.9
863.9
864.0
864.1
864.1
864.2
864.5
865.0
865.3
865.7
865.8
865.9
866.0
866.1
866.2
866.2
866.2
866.4
866.5
866.5
866.5
866.5
866.5
866.5
866.6
866.6
866.6
866.7
866.9
866.9
867.0
867.0
867.0
867.2
867.2
867.2
867.2
867.3
867.3
867.3
867.3
867.4
867.4
867.4
867.4
867.4
867.4
867.4
867.5
867.5
867.5
867.5
867.5
867.6
867.6
867.6
867.6
867.7
867.7
867.7
867.7
867.7
867.8
867.8
867.8
867.8
867.9
867.9
867.9
867.9
868.0
868.0
868.0
868.1
868.1
868.1
868.2
868.2
868.2
868.2
868.4
868.5
868.5
868.6
868.7
868.7
868.8
869.0
869.1
869.2
869.3
869.3
869.4
869.5
869.6
869.8
870.0
870.1
870.1
870.2
870.3
870.3
870.3
870.4
870.4
870.5
870.5
870.5
870.5
870.7
870.8
870.8
870.9
870.9
870.9
870.9
871.0
871.1
871.2
871.3
871.4
871.4
871.4
871.5
871.6
871.6
871.6
871.6
871.7
871.8
871.8
871.8
871.9
871.9
871.9
871.9
871.9
871.9
871.9
871.9
872.0
872.1
872.2
872.2
872.2
872.2
872.2
872.2
872.2
872.3
872.3
872.4
872.4
872.5
872.5
872.5
872.5
872.6
872.6
872.6
872.9
872.9
873.0
873.3
873.5
873.5
873.7
873.8
874.3
874.5
874.5
874.6
874.6
874.6
874.7
874.7
874.7
874.7
874.9
874.9
875.0
875.0
875.1
875.1
875.1
875.2
875.2
875.2
875.2
875.3
875.3
875.3
875.3
875.3
875.3
875.4
875.4
875.4
875.5
875.6
875.7
875.7
875.8
876.0
876.0
876.0
876.0
876.0
876.0
876.1
876.1
876.3
876.4
876.5
876.5
876.5
876.6
876.6
876.6
876.7
876.7
876.9
876.9
877.0
877.1
877.1
877.3
877.3
877.3
877.3
877.4
877.4
877.6
877.7
878.0
878.1
878.3
878.3
878.3
878.6
878.8
878.9
879.0
879.2
879.3
879.4
879.5
879.5
879.7
879.7
879.7
879.7
879.7
879.8
879.8
879.8
879.9
879.9
880.0
880.1
880.2
880.2
880.3
880.4
880.5
880.5
880.5
880.6
880.7
880.8
880.8
880.8
881.0
881.1
881.2
881.2
881.3
881.3
881.3
881.3
881.3
881.3
881.4
881.7
881.8
881.8
881.9
881.9
882.0
882.0
882.2
882.2
882.4
882.4
882.4
882.5
882.5
882.5
882.7
882.8
882.8
882.9
883.0
883.1
883.2
883.2
883.3
883.4
883.5
883.6
883.6
883.7
883.7
883.8
884.0
884.0
884.0
884.1
884.1
884.2
884.3
884.3
884.4
884.5
884.5
884.6
884.6
884.6
884.6
884.9
885.0
885.1
885.1
885.1
885.1
885.2
885.4
885.5
885.5
885.5
885.7
885.7
885.7
885.8
885.8
885.9
885.9
885.9
886.0
886.0
886.1
886.4
886.5
886.5
886.6
886.6
886.8
886.8
886.9
887.0
887.0
887.0
887.1
887.4
887.4
887.5
887.6
887.8
887.9
887.9
888.0
888.0
888.1
888.2
888.2
888.4
888.4
888.6
888.7
889.0
889.0
889.0
889.0
889.0
889.0
889.1
889.2
889.4
889.6
889.7
889.9
890.0
890.0
890.1
890.2
890.2
890.2
890.4
890.6
890.7
890.9
890.9
891.0
891.1
891.1
891.2
891.3
891.4
891.6
891.7
892.0
892.1
892.1
892.5
892.6
892.7
892.7
892.9
893.2
893.3
893.5
893.5
893.6
893.6
893.6
893.6
893.7
893.8
894.2
894.2
894.2
894.3
894.3
894.6
894.6
894.7
894.7
894.9
895.1
895.1
895.2
895.4
895.5
895.5
895.5
895.7
895.8
895.9
895.9
896.1
896.3
896.6
896.9
896.9
897.1
897.2
897.3
897.3
897.5
897.5
897.8
897.8
898.1
898.1
898.1
898.3
898.4
898.4
898.6
898.6
898.9
898.9
899.4
899.6
899.8
901.1
901.3
901.4
901.5
902.5
903.1
903.2
903.4
903.5
903.5
903.6
904.1
904.2
905.9
906.3
907.1
907.8
907.9
908.3
908.4
908.9
909.4
910.0
911.2
912.0
912.3
916.1
916.4
917.5
918.1
921.4
927.0
933.3
941.9
997.1
997.3
997.3
997.3
997.3
997.3
997.4
997.7
998.1
998.3
