264
627
479
531
615
485
425
674
578
370
376
454
258
351
464
490
545
284
766
249
415
233
285
343
400
237
465
566
590
519
589
608
722
620
629
761
825
302
360
381
500
668
714
419
433
469
492
226
437
442
504
235
393
439
495
586
598
658
179
260
432
532
719
298
726
738
548
517
539
701
315
328
402
423
609
240
323
357
552
558
587
783
344
421
795
234
369
553
724
736
245
324
413
429
435
665
673
242
320
359
444
471
603
293
318
332
392
483
522
526
538
560
569
594
371
396
403
457
460
472
506
537
619
170
282
410
430
431
445
447
458
478
624
642
672
731
173
322
411
468
752
243
295
300
340
349
690
708
776
142
331
379
559
563
573
633
693
727
836
253
281
704
299
372
406
481
596
626
640
769
818
325
346
348
386
422
428
570
311
404
582
206
246
443
450
493
613
621
659
707
748
254
255
374
520
610
644
815
863
272
389
446
509
530
550
580
597
678
684
697
729
165
215
222
294
388
463
542
728
750
426
438
576
630
250
297
327
334
244
363
513
585
638
687
131
269
296
308
378
384
412
575
601
202
326
333
397
401
618
675
72
204
209
259
321
452
661
759
146
354
387
405
498
583
606
655
730
802
191
380
473
628
671
751
145
184
216
223
263
497
595
715
867
147
280
339
507
622
648
670
712
765
780
70
229
232
307
368
427
436
664
252
319
487
777
169
408
636
639
643
212
634
649
799
801
178
283
329
383
544
688
689
691
740
803
155
186
190
277
303
382
398
503
791
112
201
496
600
756
129
225
289
547
698
847
213
239
276
361
448
732
140
267
355
390
546
623
806
198
257
476
591
685
734
743
168
221
309
312
335
341
362
407
653
111
199
373
502
581
612
616
631
705
733
757
177
217
273
650
800
117
275
534
778
786
876
182
268
313
394
501
660
680
350
474
486
528
541
725
150
337
391
482
491
652
718
721
798
852
152
164
200
219
314
455
811
817
872
565
647
196
218
236
549
104
347
656
720
812
330
338
516
686
515
716
92
193
514
535
695
306
551
556
605
807
895
99
153
635
710
861
114
494
841
292
554
702
804
809
819
833
86
118
646
90
176
238
342
364
706
745
166
562
588
838
88
119
227
301
657
696
842
884
172
188
775
822
871
917
55
108
156
180
310
356
524
571
625
533
567
54
230
456
536
820
424
676
703
124
126
57
130
159
754
699
823
831
851
887
183
262
475
824
197
480
827
874
163
194
417
739
508
855
864
125
205
521
94
102
265
451
572
747
67
80
617
711
115
121
141
162
171
651
682
885
143
477
540
278
345
377
853
157
839
144
287
488
826
83
208
210
555
763
499
667
760
784
785
76
106
175
669
89
116
174
467
694
794
858
910
305
805
97
151
579
247
641
248
409
870
192
304
574
843
107
416
832
95
505
510
62
850
908
110
857
189
709
529
788
846
873
399
762
122
274
527
98
65
181
109
543
136
584
21
85
840
943
105
848
896
929
50
63
637
742
772
84
160
256
461
859
898
962
161
792
511
787
713
892
5
69
148
749
353
912
137
607
789
906
865
888
561
316
767
810
862
866
58
829
79
133
139
52
100
441
790
899
924
128
931
138
882
25
662
868
891
270
770
71
900
46
753
814
73
266
869
134
953
414
101
132
420
880
918
860
881
919
211
466
883
187
462
564
922
774
103
926
3
135
385
834
904
914
925
878
935
158
920
854
737
395
944
23
923
915
934
34
61
779
837
951
484
975
894
886
936
897
959
26
845
19
717
963
261
434
523
744
956
828
47
768
51
877
453
982
75
1
988
32
976
59
907
946
692
947
8
11
997
10
679
977
968
557
29
955
972
835
844
42
966
967
24
56
965
994
12
315
271
367
35
677
