20
36
62
48
66
73
51
70
40
54
68
56
28
65
74
41
31
15
46
79
50
19
61
37
47
57
72
33
52
29
69
38
42
45
71
85
17
27
55
60
35
39
81
87
21
53
84
24
59
43
25
75
63
80
83
16
30
32
67
77
22
26
88
18
91
78
44
5
34
49
4
11
64
86
96
93
98
92
58
3
23
82
7
89
76
90
12
10
94
9
8
36
95
6
99
66
14
13
56
1
0
40
2
62
97
31
48
68
73
52
61
74
85
42
15
59
30
49
38
77
79
71
45
43
47
39
57
22
65
70
33
81
20
28
32
69
64
87
44
27
58
60
67
51
75
54
24
37
46
63
50
16
21
25
88
29
72
96
34
23
91
53
55
35
84
12
73
30
74
40
82
52
17
42
71
66
76
92
77
43
57
80
60
86
45
61
81
33
59
68
26
56
64
62
93
41
72
20
48
40
23
39
57
40
45
47
62
32
24
54
17
63
58
57
19
31
56
61
29
72
71
81
30
39
5
14
42
34
55
22
48
19
52
36
57
30
24
45
66
79
51
46
61
87
66
67
69
23
74
42
16
43
55
52
62
70
32
36
31
37
71
77
25
61
43
51
88
31
28
62
14
39
33
42
60
95
61
66
17
46
77
45
48
55
74
16
71
40
81
38
34
47
22
77
61
