188.9
188.9
188.9
188.9
188.9
188.9
188.9
188.9
188.9
188.9
188.9
188.9
189.0
189.0
189.0
189.0
189.0
189.0
189.0
189.0
189.0
189.0
189.0
189.0
189.0
189.0
189.0
189.0
189.0
189.0
189.0
189.0
189.0
189.0
189.0
189.0
189.0
189.0
189.1
189.1
189.1
189.1
189.1
189.1
189.1
189.1
189.1
189.1
189.1
189.1
189.1
189.1
189.2
189.2
189.2
189.2
189.2
189.3
189.3
189.3
189.3
189.3
189.3
189.3
189.4
189.4
189.4
189.4
189.4
189.4
189.4
189.4
189.5
189.5
189.6
189.6
189.8
189.9
189.9
189.9
190.0
190.1
190.4
190.4
190.4
190.5
190.5
190.6
190.7
190.7
191.0
191.3
191.3
191.4
191.6
191.6
191.8
192.2
192.3
192.7
192.7
192.8
192.8
192.8
192.8
192.8
192.8
192.8
192.8
192.8
192.8
192.8
192.8
192.9
192.9
192.9
192.9
192.9
192.9
192.9
192.9
192.9
192.9
192.9
192.9
193.0
193.0
193.0
193.0
193.0
193.0
193.0
193.0
193.0
193.0
193.0
193.0
193.0
193.0
193.0
193.0
193.0
193.1
193.1
193.1
193.1
193.1
193.1
193.1
193.1
193.2
193.2
193.2
193.2
193.2
193.2
193.2
193.2
193.2
193.3
193.3
193.3
193.3
193.3
193.3
193.4
193.4
193.4
193.4
193.5
193.5
193.6
193.6
193.6
193.7
193.7
193.8
193.9
194.2
194.3
194.3
194.4
194.8
194.8
194.8
195.0
195.1
195.1
195.2
195.2
195.9
196.0
196.5
196.5
196.8
196.9
197.1
197.4
197.5
197.6
197.6
197.6
197.6
197.6
197.6
197.6
197.7
197.7
197.7
197.7
197.7
197.7
197.7
197.8
197.8
197.8
197.8
197.8
197.8
197.9
197.9
197.9
197.9
197.9
197.9
197.9
198.0
198.0
198.0
198.0
198.0
198.0
198.0
198.0
198.0
198.0
198.0
198.0
198.0
198.0
198.1
198.1
198.1
198.1
198.1
198.1
198.1
198.2
198.2
198.2
198.2
198.2
198.3
198.3
198.3
198.3
198.3
198.3
198.3
198.3
198.4
198.4
198.4
198.4
198.5
198.6
198.6
198.6
198.6
198.6
198.6
198.7
198.7
198.9
198.9
198.9
199.0
199.3
199.3
199.5
199.5
199.8
199.8
199.9
200.2
200.3
200.4
200.4
200.4
200.6
200.6
200.7
200.8
200.8
200.8
200.8
200.8
200.9
200.9
200.9
200.9
200.9
201.0
201.0
201.0
201.0
201.0
201.0
201.0
201.1
201.1
201.1
201.1
201.2
201.2
201.2
201.2
201.2
201.2
201.3
201.3
201.3
201.3
201.3
201.3
201.3
201.4
201.4
201.4
201.4
201.4
201.5
201.5
201.5
201.6
201.6
201.7
201.7
201.7
201.7
201.8
201.9
201.9
202.0
202.0
202.0
202.0
202.0
202.1
202.1
202.1
202.2
202.2
202.2
202.3
202.3
202.4
202.4
202.4
202.4
202.4
202.5
202.5
202.6
202.7
202.8
202.8
202.8
202.9
203.0
203.0
203.1
203.1
203.3
203.4
203.9
203.9
204.0
204.1
204.2
204.3
204.4
204.4
204.4
204.4
204.5
204.5
204.5
204.5
204.5
204.5
204.6
204.6
204.6
204.6
204.6
204.6
204.7
204.7
204.7
204.7
204.7
204.7
204.8
204.8
204.9
204.9
205.0
205.0
205.0
205.0
205.0
205.0
205.0
205.0
205.1
205.1
205.1
205.1
205.1
205.1
205.1
205.1
205.1
205.2
205.2
205.3
205.3
205.3
205.3
205.3
205.4
205.4
205.4
205.4
205.4
205.5
205.5
205.5
205.6
205.6
205.8
205.8
205.8
205.8
205.8
206.0
206.0
206.0
206.0
206.0
206.0
206.1
206.1
206.2
206.2
206.2
206.3
206.5
206.5
206.8
206.8
207.0
207.0
207.0
207.1
207.2
207.4
207.4
207.5
207.9
208.2
208.2
208.4
208.5
208.5
208.5
208.6
208.6
208.6
208.6
208.6
208.6
208.6
208.6
208.6
208.7
208.7
208.7
208.7
208.7
208.7
208.8
208.8
208.8
208.8
208.8
208.8
208.9
208.9
208.9
209.0
209.0
209.0
209.0
209.0
209.0
209.0
209.1
209.1
209.2
209.2
209.2
209.2
209.2
209.2
209.3
209.3
209.3
209.3
209.3
209.4
209.4
209.4
209.4
209.4
209.4
209.5
209.6
209.7
209.8
209.9
209.9
210.0
210.0
210.0
210.0
210.1
210.1
210.1
210.1
210.2
210.2
210.2
210.2
210.2
210.2
210.2
210.3
210.3
210.3
210.4
210.5
210.5
210.5
210.5
210.6
210.6
210.9
211.0
211.0
211.1
211.3
211.3
211.3
211.6
211.7
211.7
211.8
211.8
211.8
211.8
211.8
211.9
211.9
211.9
211.9
211.9
212.0
212.0
212.0
212.0
212.0
212.0
212.1
212.1
212.1
212.1
212.2
212.2
212.3
212.3
212.3
212.4
212.4
212.4
212.4
212.4
212.4
212.5
212.5
212.5
212.5
212.5
212.5
212.5
212.6
212.6
212.6
212.6
212.6
212.7
212.7
212.7
212.8
212.8
212.8
212.8
212.9
213.0
213.0
213.1
213.2
213.2
213.3
213.4
213.4
213.4
213.5
213.5
213.5
213.5
213.5
213.6
213.6
213.6
213.6
213.7
213.7
213.7
213.8
213.9
213.9
214.0
214.0
214.0
214.0
214.1
214.1
214.1
214.1
214.2
214.2
214.4
214.5
214.6
214.6
214.6
214.7
214.8
214.8
214.9
215.0
215.1
215.3
215.4
215.5
215.5
215.6
215.6
215.6
215.6
215.6
215.6
215.7
215.7
215.7
215.8
215.8
215.8
215.9
215.9
215.9
216.0
216.0
216.0
216.1
216.1
216.3
216.3
216.3
216.3
216.3
216.3
216.3
216.3
216.4
216.4
216.4
216.4
216.4
216.4
216.4
216.5
216.5
216.5
216.5
216.6
216.6
216.7
216.7
216.7
216.7
216.8
216.8
216.9
216.9
216.9
216.9
216.9
217.0
217.0
217.2
217.2
217.2
217.3
217.3
217.3
217.4
217.4
217.5
217.5
217.5
217.6
217.6
217.7
217.7
217.7
217.8
217.8
217.8
217.8
217.8
217.9
218.0
218.0
218.1
218.1
218.2
218.3
218.3
218.4
218.4
218.5
218.6
218.6
218.6
218.6
218.6
218.6
218.6
218.7
218.7
218.7
218.7
218.7
218.7
218.7
218.8
218.8
218.8
218.8
218.8
218.8
218.9
219.0
219.0
219.0
219.0
219.1
219.1
219.1
219.1
219.2
219.2
219.2
219.4
219.4
219.4
219.5
219.5
219.5
219.5
219.5
219.5
219.5
219.6
219.6
219.6
219.6
219.6
219.7
219.7
219.7
219.8
219.8
219.8
219.9
219.9
220.1
220.1
220.2
220.2
220.2
220.3
220.4
220.5
220.5
220.5
220.7
220.7
220.7
220.7
220.7
220.7
220.8
220.8
220.8
221.0
221.0
221.0
221.1
221.1
221.2
221.2
221.2
221.3
221.3
221.4
221.4
221.6
221.6
221.6
221.7
221.8
221.9
221.9
221.9
222.0
222.0
222.0
222.0
222.0
222.1
222.2
222.2
222.2
222.2
222.2
222.3
222.3
222.4
222.4
222.5
222.5
222.5
222.5
222.5
222.5
222.6
222.6
222.6
222.7
222.7
222.7
222.8
222.8
222.8
222.9
222.9
222.9
222.9
222.9
222.9
223.0
223.0
223.0
223.0
223.0
223.0
223.1
223.1
223.1
223.1
223.2
223.2
223.2
223.2
223.3
223.3
223.3
223.4
223.4
223.5
223.5
223.5
223.6
223.6
223.7
223.7
223.7
223.8
223.9
224.0
224.0
224.1
224.2
224.2
224.2
224.2
224.3
224.3
224.3
224.4
224.4
224.5
224.6
224.7
224.7
224.7
224.8
224.8
224.8
224.8
224.8
224.9
224.9
225.0
225.0
225.0
225.0
225.0
225.2
225.2
225.2
225.2
225.3
225.3
225.4
225.4
225.4
225.4
225.4
225.4
225.5
225.5
225.6
225.6
225.6
225.6
225.7
225.7
225.7
225.8
225.8
226.0
226.0
226.0
226.0
226.0
226.0
226.0
226.1
226.1
226.1
226.1
226.2
226.2
226.2
226.2
226.2
226.3
226.3
226.3
226.3
226.4
226.4
226.4
226.4
226.5
226.6
226.6
226.6
226.7
226.7
226.7
226.8
226.9
226.9
226.9
226.9
227.0
227.0
227.1
227.1
227.2
227.2
227.3
227.4
227.4
227.5
227.5
227.5
227.6
227.6
227.6
227.6
227.6
227.7
227.8
228.0
228.0
228.0
228.1
228.1
228.1
228.1
228.1
228.2
228.2
228.2
228.3
228.3
228.4
228.4
228.4
228.4
228.4
228.4
228.4
228.4
228.5
228.5
228.5
228.5
228.5
228.5
228.6
228.6
228.6
228.7
228.7
228.7
228.7
228.8
228.8
228.8
229.0
229.0
229.0
229.1
229.2
229.2
229.3
229.4
229.4
229.4
229.4
229.4
229.4
229.5
229.5
229.5
229.6
229.6
229.6
229.6
229.6
229.7
229.7
229.8
229.8
229.8
229.8
229.9
230.0
230.1
230.1
230.1
230.1
230.1
230.2
230.2
230.3
230.3
230.3
230.6
230.6
230.7
230.7
230.7
230.8
230.9
230.9
230.9
230.9
230.9
230.9
231.0
231.0
231.0
231.1
231.1
231.1
231.2
231.2
231.4
231.5
231.5
231.5
231.6
231.6
231.6
231.6
231.6
231.6
231.8
231.8
231.8
231.8
231.8
231.8
231.8
231.8
231.8
231.8
231.9
231.9
231.9
231.9
231.9
231.9
232.0
232.1
232.1
232.1
232.1
232.1
232.2
232.2
232.4
232.4
232.4
232.5
232.5
232.6
232.6
232.6
232.6
232.6
232.7
232.7
232.7
232.7
232.7
232.7
232.8
232.8
232.9
232.9
232.9
232.9
232.9
233.0
233.1
233.1
233.1
233.2
233.2
233.2
233.2
233.3
233.3
233.3
233.3
233.4
233.5
233.5
233.6
233.6
233.7
233.8
233.8
233.9
233.9
234.0
234.0
234.1
234.1
234.1
234.1
234.2
234.3
234.3
234.4
234.4
234.4
234.5
234.6
234.6
234.6
234.8
234.8
234.8
234.8
234.8
234.9
234.9
234.9
234.9
234.9
234.9
235.0
235.0
235.0
235.0
235.0
235.0
235.0
235.1
235.1
235.1
235.2
235.2
235.2
235.2
235.2
235.2
235.3
235.3
235.4
235.4
235.4
235.4
235.4
235.5
235.8
235.8
235.8
235.8
235.8
235.8
235.8
235.9
235.9
235.9
235.9
235.9
235.9
235.9
235.9
236.0
236.0
236.1
236.1
236.2
236.2
236.2
236.2
236.2
236.3
236.4
236.4
236.5
236.5
236.5
236.6
236.6
236.7
236.7
236.8
236.8
236.9
237.0
237.1
237.1
237.2
237.3
237.3
237.4
237.4
237.5
237.5
237.6
237.7
237.7
237.7
237.8
237.8
237.8
237.8
237.9
237.9
238.0
238.0
238.1
238.1
238.2
238.2
238.2
238.3
238.3
238.3
238.3
238.3
238.4
238.4
238.4
238.5
238.5
238.5
238.5
238.5
238.6
238.6
238.6
238.6
238.7
238.7
238.7
238.7
238.8
238.8
238.8
238.9
238.9
238.9
238.9
238.9
239.0
239.1
239.1
239.2
239.2
239.2
239.3
239.3
239.3
239.3
239.3
239.4
239.4
239.4
239.4
239.4
239.4
239.4
239.5
239.5
239.5
239.5
239.6
239.6
239.6
239.6
239.6
239.7
239.7
239.7
239.8
239.9
239.9
240.0
240.0
240.2
240.2
240.3
240.3
240.3
240.3
240.3
240.3
240.4
240.6
240.7
240.8
240.8
240.8
240.8
240.9
241.0
241.0
241.0
241.0
241.1
241.1
241.1
241.1
241.2
241.2
241.3
241.3
241.3
241.3
241.3
241.4
241.4
241.5
241.6
241.6
241.6
241.7
241.7
241.7
241.7
241.7
241.7
241.7
241.8
241.8
241.8
241.8
241.9
241.9
241.9
242.0
242.0
242.1
242.1
242.1
242.1
242.1
242.2
242.3
242.4
242.4
242.5
242.5
242.5
242.5
242.5
242.6
242.6
242.6
242.6
242.6
242.6
242.7
242.7
242.7
242.8
242.8
242.8
242.8
242.9
242.9
242.9
242.9
242.9
243.1
243.1
243.2
243.2
243.2
243.2
243.4
243.4
243.5
243.5
243.5
243.6
243.7
243.7
243.7
243.7
243.8
243.9
243.9
244.0
244.0
244.1
244.2
244.2
244.2
244.3
244.3
244.4
244.4
244.4
244.4
244.4
244.4
244.5
244.5
244.6
244.6
244.6
244.6
244.7
244.7
244.7
244.7
244.8
244.9
245.0
245.0
245.0
245.1
245.1
245.1
245.2
245.2
245.2
245.2
245.2
245.3
245.3
245.4
245.4
245.4
245.5
245.5
245.5
245.6
245.6
245.6
245.7
245.7
245.7
245.7
245.8
245.9
245.9
245.9
245.9
246.0
246.0
246.1
246.1
246.1
246.1
246.1
246.1
246.2
246.3
246.3
246.3
246.3
246.3
246.4
246.4
246.5
246.6
246.6
246.6
246.7
246.7
246.8
246.8
246.9
247.0
247.0
247.1
247.2
247.2
247.3
247.3
247.4
247.4
247.4
247.4
247.5
247.5
247.6
247.6
247.6
247.6
247.6
247.6
247.6
247.7
247.7
247.7
247.7
247.7
247.7
247.7
247.7
247.8
247.9
247.9
247.9
248.0
248.0
248.0
248.1
248.1
248.1
248.1
248.2
248.2
248.2
248.2
248.2
248.3
248.4
248.4
248.5
248.5
248.5
248.6
248.6
248.6
248.7
248.7
248.7
248.7
248.7
248.7
248.8
248.8
248.9
248.9
248.9
248.9
249.0
249.0
249.0
249.0
249.1
249.1
249.2
249.2
249.2
249.2
249.2
249.3
249.3
249.3
249.4
249.4
249.5
249.5
249.6
249.6
249.7
249.7
249.8
249.8
249.9
250.0
250.0
250.0
250.1
250.1
250.3
250.4
250.4
250.4
250.4
250.5
250.6
250.6
250.7
250.8
250.8
250.8
250.8
250.8
250.8
250.9
250.9
251.0
251.0
251.0
251.0
251.1
251.1
251.2
251.2
251.2
251.2
251.2
251.2
251.3
251.3
251.3
251.4
251.4
251.4
251.5
251.5
251.6
251.6
251.6
251.6
251.7
251.7
251.8
251.8
251.8
251.9
252.0
252.0
252.0
252.0
252.1
252.1
252.1
252.1
252.1
252.2
252.2
252.2
252.2
252.2
252.3
252.3
252.4
252.4
252.4
252.4
252.4
252.4
252.5
252.5
252.5
252.6
252.6
252.6
252.7
252.7
252.7
252.8
252.8
252.8
252.8
252.9
252.9
252.9
253.1
253.1
253.2
253.2
253.2
253.3
253.4
253.5
253.5
253.6
253.6
253.7
253.8
253.8
253.9
254.0
254.1
254.1
254.2
254.2
254.2
254.4
254.4
254.5
254.5
254.5
254.5
254.5
254.6
254.6
254.6
254.6
254.7
254.7
254.7
254.8
254.8
254.8
254.8
254.8
254.9
254.9
255.0
255.0
255.1
255.1
255.1
255.2
255.2
255.2
255.3
255.3
255.4
255.4
255.4
255.4
255.5
255.5
255.6
255.6
255.6
255.6
255.7
255.7
255.7
255.7
255.8
255.8
255.8
255.8
255.8
255.8
255.8
255.8
255.8
255.8
255.9
255.9
255.9
255.9
255.9
256.0
256.0
256.0
256.1
256.1
256.1
256.1
256.1
256.2
256.2
256.2
256.2
256.3
256.3
256.3
256.4
256.5
256.5
256.6
256.7
256.7
256.9
256.9
257.0
257.0
257.1
257.1
257.1
257.1
257.2
257.2
257.2
257.4
257.5
257.5
257.5
257.6
257.6
257.6
257.6
257.7
257.7
257.8
257.8
257.9
257.9
257.9
258.0
258.0
258.0
258.0
258.0
258.1
258.1
258.2
258.2
258.2
258.2
258.3
258.3
258.4
258.5
258.5
258.6
258.6
258.6
258.6
258.6
258.7
258.7
258.7
258.8
258.8
258.9
258.9
259.0
259.0
259.1
259.1
259.2
259.2
259.2
259.2
259.2
259.2
259.2
259.2
259.2
259.2
259.3
259.3
259.3
259.4
259.5
259.5
259.5
259.5
259.5
259.5
259.6
259.6
259.7
259.7
259.7
259.8
259.9
260.0
260.0
260.0
260.1
260.1
260.2
260.2
260.3
260.3
260.3
260.4
260.4
260.4
260.5
260.5
260.6
260.6
260.7
260.7
260.7
260.9
261.0
261.0
261.0
261.0
261.0
261.1
261.3
261.3
261.4
261.4
261.5
261.5
261.5
261.6
261.6
261.7
261.7
261.7
261.7
261.7
261.7
261.8
261.8
261.8
261.8
261.9
261.9
262.1
262.1
262.1
262.2
262.2
262.2
262.2
262.3
262.4
262.4
262.4
262.4
262.5
262.5
262.5
262.6
262.6
262.6
262.6
262.6
262.7
262.7
262.7
262.7
262.8
262.8
262.9
262.9
262.9
263.0
263.0
263.0
263.1
263.1
263.1
263.1
263.1
263.1
263.2
263.2
263.2
263.2
263.3
263.4
263.4
263.5
263.6
263.6
263.7
263.7
263.7
263.8
263.9
263.9
264.0
264.0
264.1
264.1
264.2
264.2
264.2
264.2
264.3
264.3
264.3
264.3
264.3
264.4
264.5
264.6
264.6
264.6
264.6
264.6
264.7
264.7
264.7
264.7
264.8
264.8
264.9
264.9
264.9
265.0
265.1
265.1
265.1
265.1
265.2
265.2
265.2
265.2
265.3
265.3
265.4
265.4
265.4
265.5
265.5
265.5
265.6
265.6
265.7
265.7
265.8
265.8
265.8
265.8
265.9
265.9
265.9
266.0
266.0
266.1
266.1
266.1
266.1
266.2
266.3
266.3
266.3
266.3
266.4
266.4
266.4
266.5
266.5
266.5
266.6
266.6
266.6
266.7
266.7
266.8
266.8
266.8
266.9
266.9
267.0
267.1
267.1
267.2
267.2
267.3
267.3
267.4
267.4
267.4
267.4
267.6
267.6
267.6
267.6
267.7
267.7
267.7
267.7
267.7
267.8
267.8
267.8
267.9
268.0
268.0
268.0
268.0
268.0
268.1
268.1
268.1
268.1
268.2
268.2
268.2
268.2
268.3
268.3
268.4
268.4
268.5
268.6
268.6
268.6
268.6
268.7
268.8
268.8
268.9
268.9
268.9
269.0
269.0
269.0
269.0
269.0
269.0
269.1
269.1
269.2
269.2
269.2
269.3
269.4
269.4
269.4
269.4
269.5
269.5
269.5
269.6
269.6
269.6
269.8
269.8
269.8
269.9
269.9
270.0
270.0
270.1
270.1
270.2
270.2
270.3
270.3
270.3
270.3
270.3
270.4
270.5
270.6
270.6
270.6
270.7
270.7
270.8
270.8
270.9
271.0
271.1
271.2
271.2
271.2
271.2
271.2
271.4
271.4
271.5
271.5
271.6
271.6
271.6
271.6
271.7
271.8
271.8
271.9
271.9
271.9
272.0
272.1
272.1
272.1
272.1
272.1
272.2
272.2
272.2
272.3
272.3
272.3
272.4
272.6
272.6
272.6
272.6
272.7
272.7
272.7
272.8
272.8
272.8
272.8
272.9
273.0
273.0
273.0
273.1
273.1
273.2
273.2
273.2
273.3
273.3
273.3
273.3
273.3
273.4
273.4
273.4
273.4
273.5
273.5
273.7
273.7
273.8
273.8
273.8
273.8
273.8
273.9
273.9
274.0
274.0
274.0
274.1
274.1
274.1
274.2
274.2
274.3
274.3
274.3
274.4
274.4
274.4
274.4
274.4
274.4
274.5
274.5
274.6
274.6
274.6
274.6
274.6
274.7
274.7
274.7
274.7
274.7
274.8
274.9
274.9
275.0
275.1
275.1
275.1
275.1
275.2
275.3
275.3
275.3
275.3
275.4
275.4
275.5
275.6
275.7
275.7
275.7
275.7
275.8
275.8
275.8
275.9
275.9
276.0
276.0
276.1
276.1
276.1
276.1
276.1
276.2
276.3
276.4
276.4
276.5
276.5
276.5
276.6
276.6
276.6
276.7
276.7
276.8
276.8
277.0
277.0
277.0
277.1
277.1
277.1
277.1
277.2
277.2
277.3
277.3
277.3
277.4
277.5
277.5
277.5
277.6
277.6
277.7
277.7
277.9
277.9
277.9
278.0
278.0
278.0
278.0
278.1
278.1
278.1
278.1
278.2
278.2
278.2
278.3
278.3
278.3
278.3
278.3
278.4
278.5
278.5
278.5
278.5
278.6
278.6
278.6
278.6
278.7
278.8
278.8
278.8
278.8
278.8
279.0
279.0
279.1
279.1
279.2
279.2
279.2
279.3
279.3
279.5
279.5
279.5
279.5
279.5
279.6
279.6
279.6
279.6
279.6
279.7
279.8
279.8
279.8
279.8
279.9
279.9
280.1
280.1
280.1
280.1
280.1
280.2
280.3
280.3
280.3
280.3
280.5
280.5
280.5
280.7
280.8
280.9
280.9
281.0
281.0
281.1
281.1
281.2
281.2
281.2
281.4
281.4
281.4
281.6
281.6
281.6
281.7
281.7
281.8
281.8
281.8
281.8
281.9
282.0
282.1
282.1
282.1
282.1
282.2
282.2
282.2
282.2
282.3
282.3
282.3
282.3
282.4
282.4
282.4
282.5
282.5
282.7
282.7
282.8
282.8
282.8
282.8
282.8
282.9
282.9
283.0
283.0
283.1
283.1
283.2
283.2
283.3
283.5
283.5
283.5
283.6
283.6
283.6
283.6
283.7
283.9
283.9
283.9
284.0
284.1
284.1
284.3
284.3
284.3
284.3
284.3
284.4
284.4
284.5
284.5
284.5
284.5
284.7
284.7
284.7
284.8
284.9
284.9
284.9
285.0
285.0
285.1
285.4
285.5
285.5
285.6
285.6
285.7
285.7
285.8
285.8
285.8
286.0
286.0
286.1
286.2
286.3
286.3
286.4
286.4
286.4
286.5
286.5
286.5
286.6
286.6
286.6
286.6
286.7
286.7
286.7
286.7
286.8
286.8
286.8
286.8
286.9
286.9
286.9
286.9
286.9
286.9
286.9
286.9
286.9
286.9
287.1
287.1
287.1
287.1
287.1
287.1
287.1
287.2
287.2
287.3
287.3
287.4
287.4
287.4
287.5
287.5
287.5
287.5
287.6
287.6
287.7
287.7
287.7
287.9
288.0
288.0
288.1
288.1
288.1
288.1
288.1
288.1
288.1
288.2
288.4
288.4
288.4
288.5
288.6
288.9
288.9
289.0
289.1
289.1
289.3
289.4
289.4
289.5
289.7
289.7
289.8
289.8
289.9
289.9
290.0
290.0
290.0
290.1
290.1
290.1
290.1
290.2
290.2
290.3
290.3
290.3
290.3
290.3
290.3
290.4
290.4
290.4
290.4
290.5
290.5
290.5
290.5
290.6
290.6
290.6
290.6
290.7
290.7
290.7
290.8
290.8
290.9
290.9
290.9
291.0
291.0
291.0
291.1
291.2
291.2
291.2
291.3
291.4
291.4
291.5
291.5
291.5
291.6
291.7
291.7
291.7
291.7
291.8
291.9
292.0
292.0
292.1
292.1
292.2
292.2
292.3
292.3
292.3
292.5
292.5
292.5
292.5
292.7
292.7
292.9
293.0
293.1
293.1
293.3
293.4
293.5
293.6
293.7
293.8
293.8
293.9
293.9
293.9
294.1
294.2
294.2
294.4
294.4
294.5
294.5
294.5
294.6
294.6
294.6
294.6
294.6
294.7
294.7
294.7
294.8
294.9
294.9
294.9
294.9
295.0
295.0
295.1
295.1
295.1
295.2
295.2
295.2
295.4
295.4
295.5
295.5
295.5
295.5
295.5
295.5
295.6
295.6
295.7
295.7
295.8
296.0
296.1
296.1
296.3
296.4
296.5
296.8
296.8
296.8
296.8
296.9
297.0
297.0
297.2
297.2
297.3
297.3
297.4
297.4
297.5
297.6
297.6
297.7
297.7
297.8
297.9
297.9
298.1
298.1
298.2
298.3
298.5
298.6
298.7
298.7
299.1
299.1
299.3
299.3
299.4
299.8
300.3
300.4
300.6
300.8
300.9
301.0
301.2
301.3
301.4
301.5
301.5
301.6
301.6
301.6
301.6
301.6
301.8
301.8
301.9
301.9
302.1
302.2
302.2
302.3
302.4
302.5
302.7
302.7
302.7
302.8
302.8
303.1
303.1
303.2
303.2
303.4
303.6
303.9
303.9
304.0
304.0
304.0
304.0
304.2
304.3
304.4
304.5
304.7
304.8
304.9
305.1
305.1
305.2
305.5
305.5
305.6
305.9
306.1
306.4
307.5
307.5
307.6
307.6
307.6
307.7
307.8
308.0
308.3
308.4
309.0
309.0
309.6
309.6
309.8
310.1
311.8
311.9
312.2
312.5
313.2
313.7
315.1
315.4
315.9
317.3
322.6
334.7
642.9
642.9
642.9
642.9
642.9
642.9
642.9
642.9
642.9
642.9
642.9
642.9
643.0
643.0
643.0
643.0
643.0
643.0
643.0
643.0
643.0
643.0
643.0
643.0
643.0
643.0
643.0
643.0
643.0
643.0
643.0
643.0
643.0
643.0
643.0
643.1
643.1
643.1
643.1
643.1
643.1
643.1
643.1
643.1
643.1
643.2
643.2
643.2
643.2
643.2
643.2
643.2
643.2
643.2
643.2
643.2
643.3
643.3
643.3
643.3
643.3
643.3
643.4
643.4
643.4
643.4
643.5
643.5
643.5
643.5
643.5
643.5
643.6
643.6
643.8
643.8
644.0
644.1
644.2
644.2
644.2
644.5
644.9
644.9
644.9
645.1
645.1
645.3
645.4
645.4
645.7
646.1
646.2
646.3
646.5
646.6
646.7
646.7
646.8
646.8
646.8
646.8
646.8
646.8
646.8
646.9
646.9
646.9
646.9
646.9
646.9
646.9
646.9
646.9
646.9
646.9
647.0
647.0
647.0
647.0
647.0
647.0
647.0
647.0
647.0
647.0
647.0
647.0
647.0
647.0
647.1
647.1
647.1
647.1
647.1
647.1
647.1
647.1
647.1
647.2
647.2
647.2
647.2
647.2
647.2
647.2
647.2
647.2
647.2
647.2
647.2
647.3
647.3
647.3
647.3
647.3
647.4
647.4
647.4
647.4
647.4
647.4
647.4
647.4
647.5
647.5
647.5
647.5
647.6
647.7
647.8
647.8
647.8
647.9
648.0
648.3
648.3
648.4
648.7
648.9
648.9
649.0
649.5
649.8
649.9
649.9
650.0
650.0
650.1
650.2
651.1
651.5
651.5
651.6
651.7
651.7
651.7
651.8
651.8
651.8
651.8
651.8
651.8
651.8
651.9
651.9
651.9
651.9
651.9
651.9
652.0
652.0
652.0
652.0
652.0
652.0
652.0
652.1
652.1
652.1
652.1
652.1
652.2
652.2
652.2
652.2
652.2
652.2
652.2
652.2
652.2
652.2
652.3
652.3
652.3
652.3
652.3
652.3
652.3
652.3
652.3
652.3
652.3
652.3
652.4
652.4
652.4
652.4
652.4
652.4
652.4
652.5
652.5
652.5
652.5
652.5
652.6
652.6
652.6
652.7
652.8
652.8
652.8
652.8
652.8
652.9
652.9
653.0
653.0
653.1
653.1
653.2
653.4
653.5
653.7
653.8
654.0
654.0
654.3
654.4
654.6
655.1
655.2
655.3
655.3
655.5
655.5
655.5
655.5
655.6
655.6
655.6
655.6
655.6
655.7
655.7
655.7
655.7
655.7
655.7
655.7
655.7
655.7
655.8
655.8
655.8
655.8
655.8
655.8
655.8
655.8
655.8
655.9
655.9
655.9
655.9
656.0
656.0
656.0
656.0
656.0
656.0
656.1
656.1
656.1
656.1
656.2
656.2
656.2
656.2
656.2
656.3
656.3
656.3
656.4
656.4
656.5
656.5
656.6
656.7
656.7
656.7
656.8
656.8
656.8
656.9
657.0
657.0
657.0
657.0
657.1
657.2
657.2
657.3
657.3
657.4
657.4
657.4
657.5
657.5
657.5
657.5
657.5
657.6
657.6
657.8
658.0
658.1
658.5
658.5
658.5
658.6
658.6
658.7
658.9
659.0
659.1
659.1
659.2
659.2
659.2
659.2
659.2
659.2
659.3
659.3
659.3
659.3
659.3
659.3
659.3
659.4
659.4
659.4
659.4
659.4
659.4
659.4
659.5
659.6
659.6
659.6
659.6
659.6
659.6
659.6
659.7
659.7
659.7
659.7
659.7
659.8
659.8
659.8
659.8
659.9
659.9
659.9
660.0
660.0
660.0
660.0
660.0
660.0
660.0
660.1
660.1
660.2
660.2
660.2
660.2
660.3
660.3
660.3
660.5
660.5
660.5
660.6
660.6
660.6
660.6
660.7
660.7
660.8
660.8
660.8
660.9
660.9
660.9
660.9
661.0
661.0
661.0
661.0
661.2
661.2
661.3
661.3
661.4
661.6
661.6
661.7
661.7
661.8
661.9
662.0
662.5
662.5
662.6
662.6
662.8
662.9
662.9
663.0
663.0
663.0
663.0
663.0
663.0
663.0
663.0
663.0
663.0
663.0
663.1
663.1
663.1
663.1
663.1
663.2
663.2
663.2
663.2
663.2
663.2
663.3
663.3
663.3
663.3
663.4
663.4
663.4
663.4
663.4
663.5
663.5
663.5
663.6
663.6
663.6
663.6
663.7
663.7
663.7
663.7
663.7
663.7
663.8
663.8
663.8
663.9
664.0
664.0
664.1
664.1
664.1
664.2
664.2
664.2
664.3
664.4
664.4
664.4
664.5
664.5
664.6
664.6
664.6
664.7
664.7
664.7
664.7
664.7
664.8
664.8
664.9
664.9
664.9
665.0
665.1
665.2
665.2
665.2
665.3
665.4
665.4
665.4
665.4
665.5
665.5
665.7
665.8
666.0
666.0
666.0
666.1
666.2
666.3
666.3
666.3
666.3
666.3
666.3
666.3
666.3
666.4
666.4
666.4
666.4
666.4
666.5
666.5
666.5
666.5
666.5
666.6
666.6
666.6
666.6
666.6
666.7
666.7
666.7
666.7
666.7
666.7
666.7
666.8
666.8
666.9
666.9
666.9
666.9
667.0
667.0
667.0
667.0
667.0
667.1
667.1
667.1
667.1
667.1
667.2
667.3
667.3
667.3
667.4
667.5
667.5
667.5
667.7
667.7
667.7
667.8
667.9
667.9
667.9
667.9
668.0
668.0
668.0
668.1
668.2
668.2
668.3
668.3
668.3
668.3
668.4
668.5
668.6
668.6
668.6
668.6
668.7
668.7
668.7
668.8
668.8
668.9
668.9
669.0
669.1
669.3
669.4
669.5
669.5
669.6
669.6
669.6
669.6
669.6
669.7
669.7
669.7
669.7
669.7
669.7
669.7
669.7
669.7
669.8
669.8
669.8
669.8
669.8
669.8
669.9
669.9
669.9
669.9
669.9
669.9
670.0
670.0
670.0
670.0
670.0
670.1
670.1
670.1
670.1
670.1
670.2
670.2
670.2
670.2
670.3
670.3
670.3
670.3
670.4
670.4
670.4
670.4
670.5
670.5
670.5
670.5
670.6
670.8
670.8
670.8
670.8
670.9
671.0
671.1
671.1
671.2
671.2
671.2
671.3
671.3
671.4
671.4
671.4
671.5
671.5
671.6
671.6
671.6
671.6
671.7
671.8
671.8
671.8
671.8
672.0
672.0
672.0
672.1
672.2
672.2
672.2
672.4
672.5
672.5
672.6
672.6
672.7
672.8
672.8
672.8
672.9
672.9
672.9
672.9
672.9
672.9
672.9
672.9
673.0
673.0
673.0
673.0
673.0
673.0
673.0
673.1
673.1
673.1
673.1
673.1
673.1
673.2
673.2
673.2
673.3
673.3
673.3
673.3
673.3
673.3
673.3
673.3
673.3
673.3
673.5
673.5
673.5
673.5
673.5
673.5
673.6
673.6
673.6
673.6
673.6
673.6
673.7
673.7
673.7
673.7
673.7
673.7
673.8
673.8
673.9
673.9
674.1
674.1
674.1
674.1
674.1
674.4
674.4
674.4
674.5
674.5
674.5
674.6
674.7
674.7
674.7
674.8
674.9
674.9
674.9
675.0
675.0
675.1
675.1
675.2
675.3
675.3
675.4
675.5
675.7
675.7
675.7
675.8
675.8
675.8
675.9
675.9
676.0
676.0
676.0
676.1
676.1
676.1
676.1
676.1
676.1
676.1
676.1
676.1
676.1
676.1
676.2
676.2
676.2
676.2
676.3
676.3
676.3
676.3
676.3
676.3
676.4
676.4
676.4
676.4
676.4
676.4
676.4
676.4
676.4
676.5
676.5
676.5
676.5
676.6
676.6
676.6
676.7
676.7
676.7
676.7
676.7
676.7
676.8
676.8
676.8
676.8
676.8
676.9
677.0
677.0
677.1
677.2
677.2
677.2
677.2
677.3
677.3
677.3
677.4
677.5
677.5
677.5
677.6
677.7
677.7
677.7
677.8
677.8
677.8
677.8
677.9
677.9
678.0
678.1
678.1
678.1
678.2
678.2
678.2
678.3
678.4
678.4
678.4
678.5
678.5
678.6
678.6
678.7
678.8
678.8
679.0
679.1
679.1
679.2
679.2
679.2
679.2
679.2
679.2
679.2
679.2
679.3
679.3
679.3
679.3
679.3
679.4
679.4
679.4
679.4
679.4
679.4
679.4
679.5
679.5
679.5
679.6
679.6
679.6
679.6
679.6
679.6
679.6
679.6
679.7
679.7
679.7
679.7
679.8
679.8
679.8
679.8
679.8
679.9
679.9
679.9
679.9
680.0
680.0
680.0
680.0
680.0
680.0
680.0
680.1
680.2
680.2
680.2
680.2
680.3
680.3
680.4
680.5
680.6
680.7
680.8
680.8
680.9
680.9
680.9
681.0
681.0
681.1
681.1
681.1
681.1
681.1
681.2
681.3
681.3
681.3
681.4
681.4
681.4
681.5
681.6
681.6
681.6
681.7
681.7
681.8
681.8
681.9
682.0
682.0
682.1
682.1
682.1
682.2
682.2
682.2
682.2
682.2
682.2
682.2
682.2
682.3
682.3
682.3
682.3
682.3
682.4
682.4
682.4
682.4
682.4
682.5
682.5
682.5
682.5
682.6
682.6
682.6
682.6
682.6
682.6
682.6
682.6
682.6
682.6
682.7
682.7
682.7
682.8
682.8
682.8
682.8
682.8
682.9
682.9
683.0
683.0
683.0
683.0
683.0
683.0
683.0
683.0
683.0
683.1
683.1
683.2
683.2
683.3
683.4
683.5
683.5
683.6
683.7
683.8
683.8
683.8
683.8
683.8
683.9
683.9
684.0
684.0
684.0
684.1
684.1
684.2
684.3
684.4
684.4
684.4
684.5
684.6
684.6
684.7
684.7
684.7
684.7
684.8
684.8
684.9
684.9
685.0
685.1
685.2
685.2
685.3
685.3
685.3
685.3
685.3
685.3
685.3
685.4
685.4
685.4
685.4
685.4
685.4
685.4
685.5
685.5
685.5
685.5
685.5
685.5
685.6
685.6
685.6
685.7
685.7
685.7
685.7
685.7
685.7
685.7
685.7
685.8
685.8
685.8
685.9
685.9
685.9
685.9
685.9
686.0
686.0
686.0
686.1
686.1
686.1
686.1
686.1
686.1
686.1
686.1
686.2
686.3
686.3
686.4
686.4
686.5
686.5
686.7
686.7
686.8
686.8
686.8
686.9
687.0
687.0
687.1
687.1
687.1
687.1
687.2
687.2
687.3
687.3
687.4
687.4
687.4
687.5
687.5
687.5
687.6
687.6
687.7
687.7
687.9
687.9
688.0
688.0
688.0
688.1
688.2
688.2
688.2
688.2
688.3
688.3
688.3
688.3
688.3
688.3
688.3
688.3
688.4
688.4
688.4
688.4
688.4
688.4
688.4
688.4
688.5
688.5
688.5
688.5
688.5
688.6
688.6
688.7
688.7
688.7
688.7
688.7
688.7
688.7
688.7
688.8
688.8
688.9
688.9
688.9
688.9
688.9
689.0
689.0
689.0
689.0
689.0
689.0
689.0
689.1
689.1
689.1
689.1
689.1
689.1
689.1
689.2
689.3
689.3
689.4
689.4
689.4
689.5
689.7
689.7
689.7
689.9
690.0
690.0
690.1
690.1
690.1
690.2
690.2
690.2
690.2
690.3
690.3
690.4
690.4
690.4
690.5
690.5
690.6
690.6
690.7
690.8
690.8
690.8
690.9
691.0
691.0
691.1
691.1
691.1
691.2
691.2
691.2
691.3
691.3
691.3
691.3
691.3
691.3
691.3
691.4
691.4
691.4
691.4
691.4
691.5
691.5
691.5
691.5
691.5
691.5
691.5
691.6
691.6
691.6
691.7
691.7
691.7
691.7
691.7
691.8
691.8
691.8
691.8
691.8
691.8
691.9
691.9
691.9
691.9
692.0
692.0
692.1
692.1
692.1
692.1
692.1
692.2
692.2
692.2
692.2
692.2
692.3
692.3
692.4
692.4
692.4
692.6
692.6
692.8
692.9
693.1
693.2
693.3
693.3
693.3
693.3
693.3
693.3
693.4
693.4
693.5
693.6
693.6
693.7
693.7
693.7
693.8
693.8
693.9
693.9
693.9
694.0
694.1
694.2
694.2
694.2
694.3
694.3
694.3
694.3
694.3
694.3
694.3
694.3
694.4
694.4
694.4
694.4
694.4
694.4
694.4
694.4
694.5
694.5
694.5
694.5
694.5
694.5
694.5
694.6
694.6
694.6
694.7
694.7
694.7
694.7
694.7
694.7
694.7
694.8
694.8
694.8
694.8
694.8
694.8
694.8
694.9
694.9
695.0
695.0
695.1
695.1
695.1
695.1
695.1
695.1
695.1
695.2
695.2
695.2
695.2
695.2
695.3
695.3
695.3
695.4
695.4
695.4
695.4
695.5
695.7
695.7
695.8
695.9
696.0
696.1
696.2
696.3
696.3
696.5
696.6
696.6
696.7
696.7
696.8
696.9
697.0
697.1
697.1
697.2
697.2
697.3
697.3
697.3
697.3
697.3
697.3
697.4
697.4
697.4
697.4
697.4
697.4
697.4
697.4
697.5
697.5
697.5
697.5
697.5
697.5
697.5
697.5
697.5
697.6
697.6
697.7
697.7
697.7
697.7
697.7
697.7
697.8
697.8
697.8
697.9
698.0
698.1
698.1
698.1
698.2
698.2
698.3
698.3
698.3
698.5
698.5
698.6
698.6
698.9
698.9
698.9
698.9
698.9
699.0
699.0
699.1
699.1
699.2
699.3
699.3
699.5
699.5
699.6
699.6
699.7
699.8
699.8
700.1
700.2
700.3
700.3
700.3
700.3
700.3
700.3
700.3
700.3
700.3
700.3
700.3
700.4
700.4
700.4
700.4
700.4
700.5
700.5
700.5
700.5
700.5
700.5
700.5
700.6
700.6
700.6
700.7
700.7
700.7
700.7
700.7
700.7
700.7
700.7
700.8
700.8
700.8
700.8
700.8
700.8
700.8
700.9
700.9
700.9
700.9
701.0
701.0
701.0
701.1
701.1
701.1
701.1
701.2
701.2
701.3
701.5
701.6
701.6
701.7
701.8
701.9
701.9
702.0
702.1
702.2
702.4
702.5
702.6
702.6
702.7
702.8
702.8
702.8
702.8
702.9
702.9
702.9
702.9
703.1
703.2
703.3
703.4
703.4
703.4
703.4
703.4
703.5
703.5
703.5
703.5
703.5
703.5
703.6
703.6
703.6
703.6
703.6
703.6
703.6
703.7
703.7
703.7
703.7
703.7
703.7
703.7
703.8
703.8
703.8
703.8
703.8
703.9
703.9
703.9
703.9
704.0
704.1
704.1
704.1
704.2
704.2
704.4
704.5
704.7
704.8
705.1
705.2
705.2
705.3
705.4
705.5
705.5
705.5
705.7
705.9
705.9
706.0
706.0
706.0
706.1
706.1
706.2
706.3
706.3
706.3
706.4
706.4
706.5
706.5
706.5
706.5
706.5
706.5
706.6
706.6
706.6
706.6
706.7
706.7
706.7
706.7
706.7
706.7
706.7
706.7
706.7
706.8
706.8
706.8
706.8
706.8
706.8
706.8
706.8
706.8
706.9
706.9
706.9
706.9
706.9
706.9
706.9
706.9
707.0
707.0
707.0
707.0
707.0
707.0
707.0
707.1
707.1
707.1
707.1
707.1
707.2
707.2
707.2
707.2
707.2
707.2
707.3
707.9
707.9
708.0
708.2
708.4
708.4
708.5
708.8
709.0
709.0
709.1
709.1
709.1
709.2
709.4
709.4
709.4
709.4
709.5
709.6
709.7
709.7
709.7
709.7
709.7
709.8
709.8
709.8
709.8
709.8
709.8
709.8
709.8
709.8
709.9
709.9
709.9
709.9
709.9
709.9
709.9
709.9
709.9
709.9
710.0
710.0
710.0
710.1
710.1
710.1
710.1
710.1
710.2
710.2
710.2
710.2
710.3
710.3
710.3
710.3
710.3
710.4
710.5
710.6
710.7
711.0
711.1
711.1
711.2
711.2
711.3
711.4
711.7
711.8
711.9
712.1
712.1
712.2
712.5
712.5
712.6
712.7
712.7
712.7
712.8
712.8
712.8
712.8
712.9
712.9
712.9
712.9
712.9
712.9
712.9
712.9
713.0
713.0
713.0
713.1
713.1
713.1
713.1
713.1
713.1
713.1
713.2
713.2
713.2
713.2
713.2
713.2
713.2
713.2
713.3
713.3
713.3
713.3
713.4
713.4
713.4
713.4
713.4
713.4
713.4
713.4
713.5
713.5
713.5
713.5
713.5
713.5
713.6
713.6
713.6
713.6
713.6
713.8
713.9
713.9
714.3
714.3
714.3
714.4
714.5
714.5
714.5
714.7
714.7
714.7
714.8
714.9
714.9
715.0
715.0
715.0
715.2
715.3
715.3
715.3
715.4
715.4
715.4
715.5
715.6
715.7
715.7
716.0
716.0
716.0
716.1
716.2
716.2
716.2
716.2
716.2
716.3
716.3
716.3
716.3
716.4
716.4
716.4
716.4
716.4
716.5
716.6
716.6
716.6
716.6
716.6
716.6
716.6
716.7
716.7
716.7
716.8
716.8
716.8
716.9
717.0
717.0
717.0
717.1
717.2
717.4
717.4
717.5
717.8
717.9
717.9
718.0
718.0
718.1
718.2
718.3
718.3
718.4
718.4
718.5
718.5
718.7
718.7
718.8
718.8
718.9
719.1
719.2
719.3
719.3
719.3
719.3
719.3
719.4
719.4
719.4
719.4
719.5
719.5
719.5
719.6
719.6
719.6
719.6
719.6
719.6
719.7
719.7
719.7
719.7
719.7
719.8
719.8
719.8
719.8
719.8
719.8
719.9
719.9
719.9
720.0
720.0
720.0
720.0
720.0
720.1
720.1
720.2
720.2
720.2
720.3
720.3
720.3
720.3
720.5
720.6
720.7
720.7
720.8
720.8
720.9
721.0
721.0
721.1
721.2
721.2
721.2
721.3
721.6
721.6
721.6
721.7
721.7
721.7
721.8
721.8
721.8
721.9
722.0
722.1
722.1
722.1
722.2
722.2
722.3
722.4
722.4
722.4
722.5
722.6
722.6
722.6
722.6
722.6
722.7
722.8
722.8
722.8
722.8
722.8
722.9
723.0
723.0
723.1
723.1
723.1
723.2
723.2
723.2
723.2
723.3
723.3
723.4
723.4
723.4
723.5
723.5
723.5
723.7
723.8
723.8
723.8
723.8
723.9
723.9
724.0
724.1
724.2
724.2
724.2
724.2
724.2
724.2
724.3
724.3
724.3
724.5
724.5
724.5
724.7
724.8
724.9
724.9
725.0
725.1
725.1
725.1
725.3
725.3
725.3
725.4
725.6
725.7
725.7
725.8
725.8
725.8
725.9
725.9
726.0
726.0
726.0
726.0
726.1
726.1
726.1
726.2
726.2
726.2
726.3
726.3
726.3
726.4
726.4
726.5
726.6
726.6
726.6
726.7
726.8
726.9
726.9
726.9
726.9
726.9
727.0
727.1
727.1
727.2
727.2
727.3
727.3
727.3
727.4
727.5
727.5
727.5
727.6
727.6
727.9
728.0
728.1
728.2
728.2
728.2
728.2
728.3
728.3
728.3
728.3
728.4
728.4
728.4
728.5
728.5
728.5
728.6
728.6
728.6
728.6
728.7
728.7
728.7
728.7
728.8
728.8
728.8
728.8
728.8
728.8
728.8
728.8
728.8
728.9
728.9
729.0
729.0
729.0
729.0
729.0
729.1
729.1
729.1
729.1
729.1
729.1
729.2
729.2
729.2
729.2
729.3
729.3
729.3
729.3
729.4
729.4
729.4
729.4
729.5
729.5
729.5
729.6
729.6
729.6
729.7
729.7
729.7
729.8
729.9
730.0
730.0
730.0
730.1
730.1
730.1
730.3
730.3
730.4
730.5
730.6
730.6
730.6
730.8
730.8
730.8
730.9
731.0
731.0
731.1
731.1
731.2
731.3
731.4
731.5
731.6
731.6
731.7
731.8
731.8
731.8
731.9
731.9
731.9
732.0
732.0
732.0
732.0
732.1
732.1
732.1
732.1
732.2
732.2
732.2
732.3
732.3
732.3
732.3
732.3
732.4
732.4
732.4
732.4
732.5
732.5
732.5
732.6
732.6
732.6
732.7
732.7
732.7
732.8
732.8
732.8
732.8
732.8
732.9
732.9
732.9
732.9
733.1
733.1
733.1
733.1
733.2
733.2
733.3
733.4
733.4
733.4
733.4
733.5
733.6
733.6
733.7
733.7
733.8
733.9
733.9
734.0
734.0
734.0
734.1
734.1
734.2
734.2
734.2
734.3
734.4
734.5
734.6
734.7
734.7
734.7
734.7
734.7
734.9
734.9
735.0
735.0
735.0
735.1
735.1
735.2
735.2
735.2
735.3
735.3
735.3
735.3
735.3
735.4
735.4
735.4
735.5
735.6
735.6
735.6
735.7
735.7
735.7
735.7
735.8
735.8
735.8
735.8
735.8
735.9
735.9
736.0
736.0
736.0
736.0
736.1
736.1
736.2
736.2
736.2
736.3
736.4
736.5
736.5
736.5
736.6
736.6
736.6
736.7
736.7
736.7
736.8
736.8
736.9
736.9
737.0
737.1
737.1
737.1
737.2
737.2
737.2
737.2
737.3
737.3
737.4
737.4
737.6
737.6
737.6
737.7
737.7
737.7
737.8
737.8
737.8
737.8
737.9
737.9
738.0
738.0
738.0
738.1
738.1
738.1
738.2
738.2
738.2
738.4
738.4
738.5
738.5
738.5
738.5
738.6
738.6
738.6
738.6
738.6
738.7
738.8
738.8
738.8
738.8
738.8
738.8
738.9
738.9
738.9
739.0
739.0
739.0
739.1
739.1
739.1
739.1
739.1
739.2
739.2
739.2
739.2
739.3
739.3
739.4
739.5
739.5
739.5
739.5
739.5
739.5
739.5
739.6
739.6
739.6
739.6
739.7
739.7
739.7
739.8
739.9
739.9
739.9
740.1
740.2
740.2
740.3
740.3
740.3
740.4
740.4
740.4
740.5
740.6
740.6
740.7
740.8
740.9
740.9
740.9
741.0
741.1
741.1
741.2
741.2
741.2
741.2
741.3
741.3
741.3
741.3
741.4
741.4
741.4
741.4
741.5
741.6
741.6
741.7
741.7
741.7
741.8
741.8
741.8
741.8
741.8
741.8
741.9
741.9
741.9
741.9
742.0
742.1
742.1
742.2
742.2
742.2
742.2
742.2
742.3
742.3
742.3
742.4
742.4
742.4
742.5
742.5
742.5
742.5
742.6
742.6
742.6
742.7
742.7
742.7
742.8
742.8
742.9
743.0
743.0
743.0
743.1
743.1
743.2
743.2
743.2
743.3
743.3
743.3
743.4
743.4
743.5
743.5
743.6
743.7
743.8
743.8
743.8
743.8
743.9
744.0
744.0
744.0
744.1
744.2
744.3
744.3
744.3
744.5
744.7
744.7
744.8
744.8
744.8
744.8
744.8
744.8
744.9
744.9
745.0
745.1
745.1
745.1
745.1
745.3
745.3
745.4
745.4
745.4
745.5
745.5
745.5
745.6
745.6
745.6
745.6
745.6
745.6
745.7
745.7
745.8
746.0
746.0
746.1
746.1
746.1
746.1
746.2
746.2
746.2
746.2
746.3
746.3
746.3
746.3
746.3
746.4
746.4
746.4
746.5
746.5
746.6
746.6
746.6
746.6
746.7
746.7
746.8
746.8
746.9
747.0
747.0
747.0
747.1
747.1
747.1
747.1
747.2
747.2
747.3
747.3
747.3
747.3
747.5
747.5
747.5
747.5
747.6
747.6
747.6
747.8
747.8
747.9
748.0
748.1
748.2
748.2
748.3
748.3
748.3
748.3
748.4
748.5
748.5
748.5
748.5
748.5
748.6
748.6
748.7
748.7
748.7
748.8
748.9
748.9
748.9
748.9
748.9
749.0
749.0
749.0
749.0
749.2
749.3
749.3
749.3
749.3
749.3
749.3
749.4
749.4
749.4
749.5
749.5
749.5
749.5
749.6
749.6
749.6
749.6
749.6
749.7
749.7
749.7
749.7
749.8
749.8
749.8
750.0
750.2
750.3
750.3
750.3
750.3
750.3
750.4
750.4
750.6
750.7
750.7
750.8
750.8
750.8
750.9
750.9
750.9
750.9
751.0
751.1
751.1
751.2
751.5
751.5
751.5
751.6
751.6
751.6
751.7
751.7
751.8
751.8
751.9
751.9
751.9
752.0
752.1
752.1
752.1
752.1
752.1
752.2
752.3
752.3
752.4
752.4
752.5
752.5
752.5
752.6
752.6
752.7
752.8
752.8
752.8
752.8
752.9
752.9
752.9
752.9
753.0
753.0
753.0
753.0
753.1
753.1
753.1
753.1
753.2
753.2
753.2
753.2
753.2
753.3
753.4
753.5
753.6
753.6
753.6
753.7
753.7
753.8
753.8
753.9
753.9
754.0
754.0
754.0
754.1
754.1
754.1
754.1
754.3
754.3
754.4
754.5
754.5
754.6
754.6
754.7
754.7
754.7
754.9
755.0
755.0
755.2
755.3
755.3
755.3
755.4
755.4
755.6
755.7
755.7
755.7
755.8
755.8
755.8
755.9
755.9
755.9
755.9
756.0
756.0
756.0
756.1
756.2
756.2
756.3
756.4
756.4
756.6
756.6
756.6
756.6
756.8
756.8
756.8
756.9
756.9
756.9
757.0
757.1
757.1
757.1
757.2
757.2
757.3
757.3
757.4
757.4
757.4
757.4
757.5
757.5
757.5
757.6
757.6
757.6
757.6
757.9
757.9
757.9
757.9
758.0
758.1
758.1
758.1
758.2
758.3
758.4
758.4
758.6
758.7
758.7
758.7
758.8
758.8
758.8
758.8
758.9
758.9
759.1
759.2
759.3
759.3
759.4
759.4
759.5
759.6
760.3
760.6
760.7
760.7
760.8
760.8
761.0
761.1
761.1
761.1
761.2
761.2
761.3
761.3
761.5
761.6
761.6
761.7
761.7
761.8
761.9
762.1
762.1
762.1
762.2
762.2
762.3
762.3
762.3
762.5
762.5
762.5
762.6
762.7
762.8
762.8
762.9
762.9
763.1
763.1
763.1
763.3
763.4
763.4
763.5
763.5
763.6
763.6
763.6
763.8
763.8
763.8
763.9
764.0
764.2
764.2
764.3
764.4
764.4
764.5
764.5
764.6
764.7
764.8
764.9
764.9
765.2
765.2
765.2
765.3
765.5
765.6
765.7
765.7
765.7
765.9
766.0
766.0
766.0
766.1
766.2
766.2
766.3
766.4
766.4
766.5
766.6
766.6
766.7
766.9
766.9
767.1
767.3
767.5
767.5
767.5
767.7
767.7
767.8
768.0
768.0
768.4
768.4
768.6
768.6
768.7
768.8
768.9
769.1
769.1
769.3
769.4
769.5
769.7
769.8
769.8
770.0
770.2
770.2
770.2
770.3
770.4
770.4
770.5
770.5
770.7
770.7
770.8
770.8
770.9
771.0
771.0
771.0
771.1
771.2
771.4
771.4
771.6
771.7
772.0
772.0
772.0
772.2
772.3
772.6
772.8
773.1
773.3
773.5
773.5
773.6
773.6
773.7
774.1
774.2
774.2
774.4
774.7
774.8
775.0
775.4
775.5
775.7
775.9
776.1
776.3
776.5
776.8
777.0
777.1
777.1
778.2
778.6
779.3
779.5
779.7
779.9
780.0
780.3
780.4
780.5
780.9
781.0
781.3
781.4
783.2
783.5
784.0
785.1
787.4
789.1
791.3
798.1
800.7
807.7
