169.2
169.2
169.2
169.2
169.2
169.2
169.2
169.2
169.2
169.2
169.2
169.2
169.2
169.2
169.2
169.2
169.2
169.2
169.2
169.3
169.3
169.3
169.3
169.3
169.3
169.3
169.3
169.3
169.3
169.3
169.3
169.3
169.3
169.3
169.3
169.3
169.3
169.3
169.3
169.3
169.3
169.3
169.3
169.3
169.3
169.3
169.3
169.3
169.3
169.3
169.3
169.3
169.3
169.3
169.3
169.3
169.3
169.3
169.3
169.3
169.3
169.3
169.3
169.3
169.3
169.3
169.3
169.3
169.3
169.3
169.3
169.3
169.3
169.4
169.4
169.4
169.4
169.6
169.6
169.6
169.6
169.6
169.6
169.6
169.7
169.7
169.7
169.9
169.9
170.0
170.0
170.1
170.1
170.1
170.1
170.2
170.3
170.4
170.6
170.8
173.8
173.8
173.9
173.9
173.9
173.9
173.9
173.9
173.9
173.9
173.9
173.9
173.9
173.9
173.9
173.9
173.9
173.9
173.9
173.9
173.9
173.9
173.9
173.9
173.9
173.9
173.9
173.9
173.9
173.9
173.9
173.9
173.9
173.9
173.9
173.9
173.9
173.9
173.9
173.9
173.9
173.9
173.9
173.9
173.9
173.9
173.9
173.9
173.9
173.9
173.9
173.9
173.9
173.9
173.9
174.0
174.0
174.0
174.0
174.0
174.0
174.0
174.0
174.0
174.0
174.0
174.1
174.1
174.1
174.1
174.1
174.1
174.2
174.2
174.2
174.3
174.3
174.8
174.9
174.9
174.9
174.9
174.9
174.9
175.1
175.2
175.2
175.5
175.5
175.6
175.6
175.9
175.9
176.0
176.0
176.1
176.4
176.6
176.9
177.3
177.5
177.5
177.5
177.5
177.5
177.5
177.5
177.6
177.6
177.6
177.6
177.6
177.6
177.6
177.6
177.6
177.6
177.6
177.6
177.6
177.6
177.6
177.7
177.7
177.7
177.7
177.7
177.7
177.7
177.7
177.7
177.7
177.7
177.7
177.7
177.7
177.8
177.8
177.8
177.8
177.8
177.8
177.8
177.8
177.8
177.8
177.8
177.8
177.8
177.9
177.9
177.9
177.9
177.9
177.9
177.9
177.9
177.9
178.0
178.0
178.0
178.0
178.0
178.0
178.0
178.1
178.1
178.3
178.3
178.3
178.3
178.3
178.3
178.4
178.4
178.7
178.8
179.7
179.7
179.8
179.9
179.9
180.0
180.1
180.3
180.5
180.6
180.8
180.9
180.9
181.3
181.5
181.8
181.9
182.2
182.2
182.2
182.3
182.3
182.3
182.3
182.3
182.4
182.4
182.4
182.5
182.5
182.5
182.5
182.5
182.5
182.6
182.6
182.6
182.6
182.6
182.6
182.7
182.7
182.7
182.7
182.7
182.8
182.8
182.8
182.8
182.9
182.9
182.9
182.9
182.9
182.9
183.0
183.0
183.0
183.0
183.0
183.0
183.0
183.1
183.1
183.1
183.1
183.1
183.2
183.2
183.2
183.2
183.2
183.2
183.3
183.3
183.3
183.3
183.3
183.4
183.4
183.4
183.5
183.5
183.5
183.5
183.7
183.7
183.8
183.8
183.8
183.9
183.9
184.0
184.1
184.1
184.2
184.5
184.5
185.0
185.1
187.2
187.2
187.8
187.9
188.0
188.4
188.6
189.2
189.7
189.9
190.7
190.8
190.8
191.0
191.0
191.2
191.3
191.3
191.3
191.3
191.4
191.4
191.5
191.5
191.6
191.6
191.6
191.7
191.8
191.8
191.9
191.9
191.9
191.9
191.9
191.9
191.9
191.9
192.0
192.0
192.1
192.1
192.1
192.2
192.2
192.2
192.2
192.2
192.2
192.2
192.2
192.2
192.3
192.3
192.3
192.3
192.3
192.3
192.4
192.4
192.4
192.4
192.4
192.4
192.4
192.4
192.5
192.5
192.5
192.5
192.5
192.6
192.6
192.6
192.7
192.7
192.7
192.8
192.8
192.9
193.0
193.0
193.1
193.1
193.1
193.2
193.4
193.4
193.6
193.7
194.1
194.3
194.5
195.0
195.3
195.5
195.5
195.7
195.8
195.8
195.8
195.9
195.9
196.0
196.1
196.1
196.1
196.2
196.2
196.2
196.2
196.3
196.3
196.3
196.3
196.4
196.5
196.5
196.5
196.5
196.5
196.5
196.6
196.6
196.6
196.6
196.6
196.7
196.7
196.7
196.8
196.8
196.8
196.8
196.8
196.8
196.9
196.9
196.9
196.9
196.9
196.9
197.0
197.0
197.0
197.0
197.0
197.0
197.1
197.1
197.1
197.1
197.1
197.1
197.1
197.2
197.2
197.2
197.3
197.3
197.3
197.3
197.3
197.3
197.3
197.4
197.4
197.6
197.6
197.6
197.6
197.7
197.7
197.7
197.8
197.8
198.0
198.0
198.1
198.3
198.4
198.5
198.5
198.8
198.8
198.9
198.9
199.0
199.1
199.1
199.1
199.1
199.3
199.3
199.4
199.4
199.4
199.5
199.5
199.5
199.6
199.8
199.9
199.9
199.9
199.9
200.0
200.0
200.1
200.1
200.1
200.1
200.3
200.3
200.3
200.3
200.3
200.4
200.5
200.5
200.6
200.6
200.6
200.7
200.7
200.7
200.7
200.7
200.8
200.8
200.8
200.8
200.9
200.9
200.9
200.9
201.0
201.0
201.0
201.0
201.1
201.1
201.1
201.1
201.2
201.2
201.2
201.3
201.3
201.3
201.3
201.3
201.4
201.4
201.4
201.4
201.4
201.4
201.5
201.5
201.6
201.6
201.7
201.8
201.9
201.9
202.0
202.0
202.2
202.3
202.4
202.4
202.4
202.8
202.9
202.9
202.9
202.9
203.0
203.1
203.1
203.1
203.2
203.2
203.4
203.4
203.5
203.5
203.6
203.6
203.6
203.6
203.7
203.8
204.0
204.1
204.2
204.2
204.3
204.3
204.4
204.4
204.5
204.5
204.5
204.5
204.6
204.6
204.8
204.8
204.9
204.9
204.9
204.9
204.9
205.1
205.1
205.2
205.2
205.3
205.3
205.4
205.4
205.5
205.5
205.5
205.5
205.7
205.7
205.7
205.7
205.7
205.8
205.8
205.8
205.9
206.0
206.0
206.0
206.1
206.1
206.2
206.2
206.2
206.3
206.3
206.3
206.4
206.4
206.4
206.5
206.6
206.6
206.6
206.6
206.6
206.6
206.7
206.7
206.7
206.9
207.0
207.0
207.2
207.2
207.3
207.3
207.6
207.7
207.7
208.0
208.1
208.1
208.3
208.4
208.5
208.5
208.5
208.5
208.8
208.8
208.9
209.0
209.1
209.2
209.2
209.4
209.5
209.5
209.5
209.6
209.6
209.7
210.0
210.1
210.2
210.4
210.6
210.6
210.6
210.7
210.8
210.9
211.0
211.0
211.1
211.2
211.2
211.3
211.5
211.5
211.7
211.8
211.9
212.0
212.0
212.3
212.6
212.6
212.7
212.9
212.9
212.9
212.9
213.1
213.1
213.2
213.2
213.2
213.2
213.3
213.4
213.5
213.5
213.5
213.6
213.6
213.7
213.8
213.8
213.8
213.8
214.1
214.2
214.2
214.2
214.3
214.3
214.4
214.5
214.5
214.6
214.7
214.9
214.9
215.0
215.1
215.1
215.3
215.3
215.5
215.5
215.5
215.7
215.7
215.8
215.8
215.9
215.9
216.5
216.5
216.9
217.0
217.2
217.4
217.4
217.5
217.6
218.3
218.4
218.6
218.8
218.8
218.8
218.9
219.0
219.1
219.2
219.2
219.4
219.4
219.4
219.4
219.7
219.8
219.8
219.8
219.8
219.9
220.0
220.2
220.2
220.2
220.3
220.3
220.3
220.4
220.5
220.6
220.6
220.6
220.7
220.8
220.8
220.8
220.9
220.9
221.0
221.0
221.0
221.0
221.1
221.1
221.1
221.3
221.3
221.3
221.4
221.4
221.5
221.6
221.6
221.7
221.7
221.7
221.9
221.9
221.9
222.0
222.0
222.0
222.2
222.2
222.4
222.4
222.4
222.4
222.8
223.0
223.0
223.1
223.2
223.2
223.4
223.5
223.9
224.0
224.3
224.3
224.4
224.5
224.6
224.9
224.9
224.9
224.9
225.0
225.2
225.3
225.4
225.5
225.5
225.5
225.7
225.7
225.7
225.8
225.9
225.9
226.0
226.0
226.0
226.1
226.2
226.3
226.4
226.5
226.5
226.6
226.6
226.6
226.7
226.9
226.9
226.9
227.0
227.0
227.0
227.0
227.0
227.1
227.3
227.4
227.4
227.4
227.4
227.4
227.5
227.5
227.6
227.6
227.7
227.7
227.8
227.8
227.8
227.9
228.0
228.0
228.0
228.2
228.2
228.3
228.5
228.6
228.6
228.6
228.6
228.8
228.9
228.9
229.0
229.0
229.2
229.3
229.4
229.5
229.8
230.0
230.0
230.0
230.0
230.1
230.2
230.2
230.3
230.3
230.3
230.3
230.4
230.4
230.4
230.5
230.6
230.6
230.7
230.7
230.7
230.8
230.9
231.0
231.0
231.1
231.1
231.1
231.1
231.3
231.3
231.3
231.4
231.4
231.5
231.6
231.6
231.6
231.7
231.7
231.7
231.7
231.9
231.9
232.1
232.1
232.1
232.1
232.1
232.1
232.2
232.2
232.3
232.5
232.5
232.5
232.5
232.5
232.6
232.6
232.8
232.8
232.8
232.8
233.1
233.1
233.2
233.2
233.3
233.3
233.3
233.5
233.5
233.9
234.0
234.0
234.1
234.2
234.2
234.2
234.2
234.4
234.5
234.6
234.6
234.6
234.7
234.7
234.8
234.8
234.9
235.0
235.1
235.1
235.3
235.3
235.3
235.4
235.4
235.4
235.6
235.7
235.7
235.8
236.2
236.3
236.3
236.3
236.4
236.4
236.4
236.5
236.6
236.6
236.7
236.7
236.8
236.8
236.8
236.8
236.9
236.9
236.9
237.0
237.0
237.3
237.4
237.4
237.4
237.5
237.6
237.7
237.7
237.7
238.1
238.1
238.1
238.2
238.2
238.3
238.4
238.5
238.6
238.6
238.8
239.0
239.1
239.2
239.4
239.4
239.5
239.8
239.9
240.2
240.2
240.2
240.3
240.6
240.7
240.8
240.8
241.1
241.5
241.6
241.6
241.9
242.2
242.2
242.3
242.4
242.6
242.6
242.6
242.7
242.8
242.8
243.2
243.3
243.4
243.4
243.6
243.6
243.7
243.7
243.7
243.9
244.2
244.3
244.3
244.3
244.3
244.4
244.5
245.1
245.1
245.2
245.5
245.6
246.2
246.3
246.4
246.5
246.5
246.7
246.8
247.1
247.2
247.4
247.6
247.6
247.6
247.7
247.8
247.8
248.0
248.1
248.3
248.9
249.1
249.6
249.8
249.8
250.1
250.1
250.3
250.3
251.1
251.2
252.4
252.5
253.4
253.8
254.9
255.2
255.8
255.8
256.1
257.0
258.4
258.4
261.6
263.3
265.1
266.5
268.0
271.1
274.0
282.6
375.5
375.5
375.6
375.6
375.6
375.6
375.7
375.7
375.7
375.7
375.7
375.7
375.7
375.7
375.7
375.7
375.7
375.7
375.7
375.7
375.8
375.8
375.8
375.8
375.9
375.9
375.9
375.9
375.9
375.9
376.0
376.0
376.0
376.0
376.0
376.1
376.1
376.1
376.1
376.1
376.1
376.1
376.2
376.2
376.2
376.2
376.2
376.2
376.2
376.2
376.2
376.2
376.2
376.2
376.2
376.2
376.2
376.2
376.2
376.2
376.2
376.2
376.2
376.2
376.2
376.2
376.2
376.2
376.2
376.2
376.2
376.2
376.2
376.2
376.2
376.2
376.2
376.2
376.2
376.2
376.2
376.2
376.2
376.2
376.2
376.2
376.2
376.2
376.2
376.2
376.3
376.3
376.3
376.3
376.3
376.3
376.3
376.3
376.3
376.3
380.2
380.2
380.3
380.3
380.3
380.3
380.4
380.4
380.5
380.5
380.5
380.5
380.6
380.6
380.6
380.6
380.6
380.6
380.7
380.7
380.7
380.7
380.7
380.7
380.7
380.7
380.7
380.7
380.7
380.7
380.7
380.7
380.7
380.7
380.7
380.7
380.7
380.7
380.7
380.7
380.7
380.7
380.7
380.7
380.7
380.7
380.7
380.7
380.7
380.7
380.7
380.7
380.7
380.7
380.7
380.7
380.7
380.7
380.7
380.7
380.7
380.7
380.7
380.7
380.7
380.7
380.7
380.7
380.7
380.8
380.8
380.8
380.8
380.8
380.8
380.8
380.8
380.8
380.8
380.9
380.9
380.9
380.9
381.0
381.0
381.2
381.2
381.6
381.7
381.7
381.8
381.9
382.0
382.6
382.6
382.9
383.1
383.2
383.7
384.1
384.3
384.3
384.3
384.3
384.4
384.4
384.4
384.4
384.4
384.4
384.4
384.4
384.4
384.4
384.4
384.5
384.5
384.5
384.5
384.5
384.5
384.5
384.5
384.5
384.5
384.5
384.5
384.5
384.5
384.5
384.5
384.5
384.5
384.6
384.6
384.6
384.6
384.6
384.6
384.6
384.6
384.6
384.6
384.6
384.6
384.6
384.6
384.6
384.6
384.7
384.7
384.7
384.7
384.7
384.7
384.7
384.7
384.8
384.8
384.8
384.8
384.8
384.8
384.8
384.8
384.8
384.9
384.9
384.9
384.9
384.9
384.9
384.9
385.0
385.0
385.0
385.1
385.7
385.7
385.8
385.9
386.0
386.1
386.2
386.2
386.7
386.8
386.9
387.0
387.1
387.3
387.6
387.9
388.7
388.9
388.9
388.9
388.9
389.0
389.0
389.0
389.0
389.1
389.2
389.2
389.2
389.2
389.2
389.2
389.2
389.2
389.3
389.3
389.3
389.3
389.3
389.4
389.4
389.4
389.4
389.5
389.5
389.5
389.5
389.5
389.6
389.6
389.6
389.6
389.6
389.6
389.7
389.7
389.7
389.7
389.7
389.7
389.8
389.8
389.8
389.8
389.9
389.9
389.9
389.9
389.9
390.0
390.0
390.0
390.0
390.1
390.1
390.1
390.1
390.1
390.2
390.3
390.3
390.3
390.4
390.5
390.5
390.5
390.5
390.6
390.6
390.7
390.8
390.8
390.9
391.0
391.0
391.2
391.3
392.1
392.3
392.8
393.3
393.3
393.4
393.9
394.0
394.4
394.7
395.2
395.3
396.4
396.5
396.8
396.9
397.0
397.2
397.3
397.4
397.4
397.4
397.5
397.6
397.7
397.8
397.9
397.9
398.0
398.2
398.2
398.2
398.3
398.4
398.4
398.5
398.5
398.6
398.6
398.7
398.7
398.8
398.8
398.9
399.0
399.1
399.1
399.2
399.2
399.3
399.4
399.4
399.4
399.4
399.4
399.5
399.5
399.6
399.6
399.6
399.6
399.7
399.7
399.7
399.7
399.8
399.8
399.8
399.8
399.8
399.9
399.9
400.0
400.0
400.1
400.1
400.1
400.3
400.4
400.4
400.5
400.6
400.7
400.7
400.8
401.0
401.5
401.5
401.6
401.6
401.8
401.8
401.8
401.8
401.9
401.9
402.0
402.1
402.1
402.1
402.1
402.3
402.5
402.6
402.6
402.6
402.7
402.7
402.7
402.9
402.9
402.9
403.0
403.1
403.1
403.1
403.2
403.2
403.3
403.4
403.5
403.6
403.6
403.7
403.7
403.8
403.9
404.0
404.0
404.1
404.1
404.1
404.1
404.2
404.2
404.2
404.2
404.3
404.3
404.3
404.3
404.4
404.4
404.5
404.6
404.7
404.7
404.7
404.8
404.8
404.8
404.8
404.8
404.9
404.9
405.0
405.0
405.1
405.1
405.1
405.2
405.2
405.3
405.4
405.6
405.6
405.7
405.8
405.9
405.9
406.0
406.0
406.2
406.3
406.4
406.5
406.5
406.5
406.5
406.5
406.6
406.7
406.7
406.7
406.8
407.0
407.0
407.0
407.0
407.1
407.1
407.2
407.2
407.2
407.3
407.3
407.3
407.4
407.4
407.4
407.4
407.4
407.4
407.4
407.5
407.6
407.7
407.7
407.7
407.7
407.7
407.8
407.8
407.8
407.8
407.9
407.9
408.0
408.0
408.0
408.0
408.0
408.1
408.1
408.2
408.3
408.3
408.4
408.4
408.4
408.5
408.5
408.5
408.5
408.5
408.6
408.6
408.6
408.9
409.0
409.0
409.1
409.1
409.1
409.2
409.2
409.3
409.3
409.4
409.5
409.5
409.6
409.7
410.0
410.2
410.3
410.3
410.3
410.3
410.4
410.4
410.4
410.4
410.5
410.6
410.6
410.6
410.6
410.7
410.8
410.8
411.0
411.0
411.2
411.2
411.3
411.3
411.3
411.4
411.4
411.4
411.5
411.5
411.5
411.5
411.6
411.6
411.6
411.6
411.7
411.7
411.8
411.8
411.9
412.1
412.1
412.1
412.1
412.2
412.3
412.3
412.3
412.4
412.5
412.5
412.5
412.6
412.6
412.7
412.7
412.7
412.8
412.8
412.8
412.8
412.9
413.0
413.1
413.1
413.1
413.1
413.2
413.3
413.4
413.4
413.4
413.5
413.5
413.6
413.6
413.7
413.8
413.8
413.9
414.0
414.1
414.2
414.2
414.2
414.3
414.4
414.5
414.5
414.6
414.7
414.7
414.8
414.9
415.2
415.3
415.4
415.4
415.5
415.5
415.6
415.6
415.6
415.7
415.8
415.8
415.9
416.0
416.0
416.1
416.2
416.3
416.6
416.8
416.8
416.9
416.9
417.0
417.2
417.2
417.2
417.2
417.3
417.4
417.4
417.4
417.5
417.5
417.5
417.7
417.7
417.7
417.8
417.9
417.9
418.0
418.1
418.1
418.1
418.3
418.3
418.3
418.4
418.5
418.6
418.7
418.7
418.7
418.9
418.9
418.9
418.9
419.0
419.2
419.2
419.4
419.4
419.4
419.5
419.5
419.5
419.6
419.8
419.9
419.9
419.9
420.0
420.0
420.0
420.0
420.3
420.6
420.6
420.6
421.0
421.0
421.0
421.1
421.1
421.2
421.2
421.3
421.4
421.4
421.5
421.7
421.7
421.7
421.8
421.9
422.0
422.1
422.1
422.2
422.3
422.6
422.7
423.1
423.5
423.5
423.5
423.5
423.6
423.9
423.9
424.3
424.5
424.6
424.6
424.7
425.1
425.2
425.4
425.4
425.4
425.4
425.5
425.6
425.6
425.7
425.7
425.9
426.2
426.5
426.5
426.7
426.8
426.9
427.0
427.2
427.3
427.3
427.5
427.5
427.6
427.8
427.9
428.0
428.1
428.2
428.2
428.8
429.1
429.3
429.6
430.1
430.2
430.4
430.5
430.5
430.6
431.0
431.0
431.0
431.0
431.6
432.0
432.2
432.3
432.6
433.0
433.5
433.5
433.5
433.5
433.6
433.9
434.5
434.5
434.6
434.7
434.7
435.3
435.3
435.3
435.3
435.4
435.6
435.9
436.0
436.0
436.0
436.1
436.4
436.4
436.4
436.5
436.5
436.6
436.6
436.8
436.8
436.9
437.3
437.4
437.5
437.7
437.9
437.9
438.1
438.6
438.7
438.7
438.8
438.8
438.8
439.0
439.2
439.2
439.6
439.8
440.0
440.1
440.3
440.5
440.6
440.7
440.9
441.3
441.3
441.4
441.5
441.6
441.6
441.7
441.9
442.0
442.0
442.1
442.4
443.1
443.3
443.4
443.4
443.5
443.6
443.7
443.8
444.0
444.0
445.5
445.5
445.5
445.7
446.8
447.1
447.3
447.4
447.6
448.0
448.9
449.6
449.7
449.8
450.0
450.7
451.4
451.6
453.0
453.1
453.4
453.5
453.8
453.9
454.2
454.2
455.0
455.5
455.8
456.3
456.6
456.8
459.6
460.5
461.5
464.1
465.1
466.1
468.8
473.5
475.1
475.8
479.4
489.6
582.4
582.4
582.4
582.4
582.4
582.5
582.5
582.5
582.5
582.6
582.6
582.6
582.6
582.6
582.6
582.6
582.6
582.7
582.7
582.7
582.7
582.7
582.8
582.8
582.8
582.8
582.8
582.8
582.8
582.8
582.9
582.9
582.9
582.9
582.9
582.9
582.9
582.9
583.0
583.0
583.0
583.0
583.0
583.0
583.1
583.1
583.1
583.1
583.1
583.1
583.1
583.2
583.2
583.2
583.2
583.2
583.3
583.3
583.3
583.3
583.3
583.3
583.3
583.4
583.4
583.4
583.4
583.4
583.4
583.4
583.4
583.4
583.4
583.4
583.4
583.4
583.4
583.5
583.5
583.5
583.5
583.5
583.5
583.5
583.5
583.5
583.5
583.5
583.5
583.5
583.5
583.5
583.5
583.5
583.5
583.5
583.5
583.5
583.5
583.5
587.2
587.2
587.2
587.2
587.2
587.2
587.2
587.2
587.3
587.3
587.4
587.4
587.4
587.4
587.4
587.4
587.5
587.5
587.5
587.5
587.5
587.6
587.6
587.6
587.6
587.7
587.7
587.7
587.7
587.7
587.7
587.7
587.8
587.8
587.8
587.8
587.9
587.9
587.9
587.9
587.9
587.9
587.9
587.9
587.9
587.9
587.9
587.9
587.9
587.9
588.0
588.0
588.0
588.0
588.0
588.0
588.0
588.0
588.0
588.0
588.0
588.0
588.0
588.0
588.0
588.0
588.0
588.0
588.0
588.0
588.0
588.0
588.0
588.0
588.0
588.0
588.0
588.0
588.0
588.0
588.0
588.0
588.1
588.1
588.1
588.2
588.3
588.6
588.7
588.7
588.8
589.0
589.1
589.6
589.7
590.0
590.2
590.3
590.8
591.3
591.5
591.5
591.5
591.5
591.6
591.6
591.6
591.6
591.6
591.6
591.6
591.6
591.6
591.6
591.6
591.6
591.7
591.7
591.7
591.7
591.7
591.7
591.7
591.7
591.7
591.7
591.7
591.7
591.7
591.7
591.7
591.7
591.7
591.7
591.7
591.7
591.7
591.7
591.7
591.7
591.7
591.7
591.8
591.8
591.8
591.8
591.8
591.8
591.8
591.8
591.8
591.8
591.8
591.8
591.8
591.8
591.8
591.8
591.8
591.8
591.8
591.8
591.8
591.8
591.8
591.9
591.9
591.9
591.9
591.9
591.9
591.9
591.9
591.9
591.9
592.0
592.1
592.7
592.7
592.7
593.0
593.0
593.2
593.2
593.2
593.8
593.8
593.8
594.0
594.1
594.3
594.6
594.8
595.6
596.0
596.1
596.1
596.2
596.2
596.2
596.2
596.2
596.2
596.2
596.3
596.3
596.3
596.3
596.3
596.4
596.4
596.4
596.4
596.4
596.5
596.5
596.5
596.5
596.5
596.5
596.5
596.6
596.6
596.6
596.7
596.7
596.7
596.7
596.7
596.7
596.7
596.7
596.8
596.8
596.8
596.8
596.8
596.8
596.8
596.8
596.8
596.8
596.8
596.9
596.9
596.9
596.9
596.9
597.0
597.0
597.0
597.0
597.1
597.1
597.2
597.2
597.2
597.2
597.2
597.2
597.3
597.3
597.3
597.4
597.4
597.4
597.5
597.6
597.6
597.7
597.7
597.7
598.0
598.1
598.9
598.9
599.5
600.1
600.1
600.3
600.5
600.7
601.1
601.4
602.1
602.1
603.1
603.1
603.5
603.7
603.8
604.0
604.1
604.2
604.3
604.3
604.4
604.5
604.6
604.6
604.7
604.7
604.9
604.9
605.1
605.2
605.2
605.2
605.3
605.3
605.4
605.5
605.5
605.5
605.5
605.6
605.6
605.8
606.0
606.0
606.2
606.2
606.3
606.3
606.3
606.4
606.4
606.4
606.5
606.5
606.5
606.5
606.5
606.5
606.6
606.6
606.6
606.6
606.6
606.6
606.6
606.6
606.6
606.7
606.7
606.7
606.7
606.7
606.8
606.9
606.9
607.0
607.0
607.1
607.2
607.2
607.3
607.4
607.4
607.5
607.7
607.8
607.8
608.0
608.0
608.0
608.1
608.4
608.5
608.5
608.5
608.7
608.7
608.7
608.7
608.8
608.9
609.0
609.0
609.1
609.1
609.2
609.2
609.3
609.4
609.5
609.5
609.6
609.7
609.8
609.8
609.8
609.9
610.0
610.0
610.2
610.4
610.4
610.4
610.4
610.5
610.5
610.5
610.6
610.7
610.7
610.8
610.8
610.9
610.9
610.9
610.9
610.9
611.0
611.0
611.1
611.1
611.1
611.1
611.2
611.2
611.2
611.3
611.3
611.3
611.3
611.4
611.4
611.4
611.4
611.5
611.5
611.5
611.6
611.6
611.6
611.6
611.7
611.7
611.7
612.0
612.0
612.1
612.1
612.2
612.3
612.3
612.4
612.4
612.5
612.9
613.0
613.0
613.0
613.0
613.0
613.0
613.1
613.2
613.2
613.2
613.2
613.4
613.4
613.4
613.4
613.4
613.5
613.5
613.5
613.5
613.5
613.5
613.5
613.6
613.6
613.6
613.7
613.7
613.8
613.8
613.8
613.8
613.9
614.0
614.0
614.1
614.1
614.2
614.2
614.2
614.4
614.4
614.5
614.5
614.5
614.6
614.7
614.7
614.8
614.9
614.9
614.9
615.0
615.0
615.0
615.0
615.0
615.0
615.0
615.3
615.4
615.4
615.4
615.5
615.6
615.6
615.6
615.7
615.7
615.7
615.8
615.9
615.9
616.0
616.0
616.0
616.0
616.0
616.1
616.3
616.4
616.5
616.6
616.6
616.6
616.6
616.7
616.9
616.9
617.0
617.0
617.0
617.0
617.0
617.1
617.1
617.1
617.1
617.3
617.4
617.4
617.6
617.6
617.7
617.7
617.7
617.8
617.8
617.8
617.8
617.9
617.9
617.9
618.0
618.0
618.1
618.2
618.2
618.2
618.3
618.3
618.4
618.5
618.6
618.6
618.7
618.7
618.7
618.8
618.8
619.0
619.0
619.0
619.1
619.1
619.1
619.2
619.3
619.3
619.3
619.5
619.5
619.6
619.6
619.6
619.6
619.7
619.7
619.7
619.8
619.9
619.9
620.0
620.2
620.3
620.4
620.4
620.5
620.5
620.6
620.7
620.8
620.8
620.9
620.9
621.0
621.1
621.1
621.2
621.2
621.2
621.2
621.3
621.5
621.8
621.9
622.0
622.1
622.1
622.1
622.2
622.2
622.2
622.3
622.3
622.5
622.6
622.6
622.7
622.7
622.8
622.8
623.0
623.0
623.1
623.1
623.2
623.2
623.3
623.3
623.3
623.5
623.5
623.6
623.6
623.7
623.7
623.7
623.7
623.9
623.9
624.0
624.1
624.1
624.3
624.3
624.3
624.3
624.5
624.7
624.7
624.7
624.8
625.0
625.1
625.2
625.3
625.4
625.4
625.4
625.5
625.5
625.5
625.6
625.7
625.7
625.8
625.8
625.9
626.1
626.4
626.5
626.6
626.6
626.6
626.7
626.7
626.7
626.7
626.8
627.1
627.2
627.4
627.4
627.4
627.6
627.7
627.7
627.8
628.0
628.0
628.1
628.4
628.4
628.5
628.6
628.7
628.8
628.9
628.9
629.1
629.2
629.2
629.3
629.5
630.0
630.1
630.1
630.3
630.4
630.6
630.7
630.9
630.9
630.9
630.9
631.1
631.1
631.2
631.2
631.4
631.5
631.6
631.9
632.2
632.3
632.4
632.6
632.7
632.8
632.8
633.1
633.2
633.2
633.3
633.4
633.5
633.6
633.7
633.8
633.8
633.9
634.0
634.0
634.3
634.4
634.5
634.6
634.7
635.4
635.6
635.6
635.7
635.8
636.0
636.0
636.3
636.6
636.7
636.8
636.8
637.2
637.3
638.0
638.1
638.1
638.2
638.2
638.8
639.0
639.6
639.8
639.8
640.0
640.2
640.3
640.8
640.9
641.1
641.1
641.2
641.2
641.2
641.2
641.4
641.5
641.6
641.7
641.7
641.9
641.9
642.1
642.1
642.2
642.3
642.4
642.5
642.6
642.7
642.7
642.8
642.9
643.1
643.2
643.3
643.4
644.3
644.4
644.5
644.6
644.7
644.9
645.0
645.3
645.5
645.6
645.7
645.7
645.8
646.0
646.0
646.2
646.4
646.5
646.7
647.1
647.2
647.2
647.2
647.3
647.5
647.7
647.7
647.7
648.1
648.2
648.6
648.6
648.8
648.8
649.0
649.1
649.3
649.8
650.0
650.0
651.1
651.4
651.5
651.7
652.0
653.3
653.4
653.7
653.7
653.8
654.8
656.0
656.5
657.7
657.7
657.8
659.1
661.6
662.5
663.3
665.4
666.8
669.9
677.7
686.3
789.7
789.7
789.7
789.7
789.8
789.8
789.8
789.8
789.8
789.9
789.9
789.9
789.9
789.9
789.9
789.9
789.9
789.9
790.0
790.0
790.0
790.0
790.0
790.0
790.0
790.1
790.1
790.1
790.1
790.2
790.2
790.2
790.2
790.2
790.2
790.2
790.2
790.2
790.2
790.3
790.3
790.3
790.3
790.3
790.3
790.3
790.4
790.4
790.4
790.4
790.4
790.4
790.5
790.5
790.5
790.5
790.5
790.5
790.5
790.6
790.6
790.6
790.6
790.6
790.6
790.6
790.6
790.6
790.6
790.6
790.6
790.6
790.6
790.6
790.6
790.6
790.6
790.6
790.6
790.6
790.7
790.7
790.7
790.7
790.7
790.7
790.7
790.7
790.7
790.7
790.7
790.7
790.7
790.7
790.7
790.7
790.7
790.7
790.7
790.7
794.5
794.5
794.5
794.5
794.5
794.5
794.5
794.5
794.6
794.6
794.7
794.7
794.7
794.8
794.8
794.8
794.8
794.8
794.8
794.8
794.8
794.9
794.9
794.9
794.9
795.0
795.0
795.0
795.0
795.0
795.0
795.0
795.1
795.1
795.1
795.1
795.1
795.1
795.1
795.1
795.2
795.2
795.2
795.2
795.2
795.2
795.2
795.2
795.2
795.2
795.2
795.2
795.2
795.2
795.2
795.2
795.2
795.2
795.2
795.2
795.2
795.2
795.2
795.2
795.2
795.2
795.2
795.2
795.2
795.2
795.2
795.2
795.2
795.2
795.2
795.2
795.2
795.2
795.2
795.2
795.2
795.2
795.3
795.3
795.3
795.5
795.6
795.9
796.0
796.0
796.1
796.2
796.4
796.9
797.0
797.2
797.4
797.5
798.0
798.5
798.8
798.8
798.8
798.8
798.8
798.8
798.8
798.8
798.8
798.8
798.8
798.9
798.9
798.9
798.9
798.9
798.9
798.9
798.9
798.9
798.9
798.9
798.9
798.9
798.9
798.9
798.9
798.9
798.9
798.9
798.9
798.9
799.0
799.0
799.0
799.0
799.0
799.0
799.0
799.0
799.0
799.0
799.0
799.0
799.0
799.0
799.0
799.0
799.0
799.0
799.0
799.0
799.0
799.0
799.0
799.0
799.0
799.1
799.1
799.1
799.1
799.1
799.1
799.1
799.1
799.1
799.1
799.1
799.1
799.1
799.1
799.2
799.2
799.2
799.2
799.3
799.4
800.0
800.0
800.0
800.2
800.3
800.4
800.5
800.5
801.0
801.1
801.1
801.3
801.4
801.5
801.8
802.1
802.9
803.3
803.3
803.3
803.3
803.4
803.4
803.4
803.4
803.5
803.5
803.5
803.6
803.6
803.6
803.6
803.6
803.6
803.6
803.6
803.6
803.7
803.7
803.7
803.7
803.8
803.8
803.8
803.8
803.8
803.8
803.9
803.9
803.9
804.0
804.0
804.0
804.0
804.0
804.0
804.0
804.0
804.0
804.0
804.0
804.1
804.1
804.1
804.1
804.1
804.1
804.1
804.2
804.2
804.2
804.2
804.3
804.3
804.3
804.3
804.4
804.4
804.5
804.5
804.5
804.5
804.5
804.5
804.6
804.6
804.6
804.7
804.7
804.8
804.9
804.9
804.9
805.0
805.0
805.3
805.4
806.2
806.2
806.8
807.3
807.4
807.5
807.8
808.0
808.4
808.6
809.4
809.4
810.2
810.3
810.7
810.9
811.0
811.3
811.4
811.4
811.5
811.5
811.6
811.7
811.7
811.8
811.9
811.9
812.0
812.1
812.2
812.3
812.3
812.4
812.4
812.5
812.5
812.5
812.5
812.6
812.6
812.7
812.8
812.8
812.9
813.0
813.1
813.1
813.1
813.2
813.2
813.3
813.3
813.3
813.3
813.4
813.4
813.4
813.4
813.4
813.5
813.5
813.5
813.5
813.5
813.6
813.6
813.6
813.6
813.6
813.7
813.7
813.7
813.7
813.7
813.7
813.8
813.8
813.9
814.1
814.1
814.1
814.3
814.3
814.3
814.7
814.7
814.8
814.8
814.9
815.0
815.0
815.1
815.4
815.4
815.5
815.5
815.7
815.7
815.8
815.8
815.8
816.0
816.1
816.1
816.2
816.2
816.3
816.3
816.5
816.5
816.6
816.6
816.7
816.8
816.8
816.9
816.9
816.9
817.0
817.2
817.2
817.3
817.3
817.4
817.5
817.5
817.5
817.5
817.5
817.6
817.6
817.6
817.7
817.7
817.8
817.8
817.8
817.9
817.9
817.9
817.9
817.9
817.9
817.9
818.0
818.0
818.1
818.2
818.2
818.2
818.2
818.3
818.3
818.3
818.3
818.3
818.4
818.4
818.5
818.5
818.6
818.6
818.6
818.7
818.7
818.9
818.9
819.0
819.0
819.1
819.1
819.1
819.2
819.3
819.3
819.7
819.7
819.7
819.7
819.7
819.8
819.8
819.8
819.9
819.9
820.0
820.0
820.1
820.2
820.2
820.2
820.2
820.2
820.2
820.3
820.3
820.3
820.3
820.4
820.4
820.4
820.5
820.5
820.5
820.6
820.6
820.7
820.7
820.8
820.8
820.8
821.0
821.0
821.0
821.0
821.1
821.2
821.3
821.3
821.3
821.4
821.5
821.6
821.6
821.7
821.7
821.7
821.7
821.8
821.8
821.8
821.8
821.8
821.9
822.0
822.1
822.3
822.3
822.3
822.4
822.4
822.4
822.5
822.5
822.6
822.6
822.7
822.7
822.8
822.8
822.8
822.9
822.9
822.9
823.0
823.0
823.3
823.4
823.4
823.4
823.4
823.5
823.5
823.7
823.7
823.7
823.7
823.7
823.8
823.8
823.8
823.8
823.9
823.9
824.0
824.1
824.1
824.3
824.4
824.4
824.5
824.5
824.6
824.6
824.6
824.7
824.7
824.7
824.7
824.7
824.8
824.8
825.0
825.1
825.1
825.1
825.1
825.2
825.4
825.4
825.4
825.4
825.5
825.5
825.5
825.6
825.7
825.8
825.8
825.9
826.0
826.0
826.0
826.0
826.1
826.2
826.2
826.2
826.4
826.4
826.5
826.5
826.6
826.6
826.6
826.7
826.8
826.8
826.9
827.0
827.1
827.3
827.4
827.4
827.5
827.5
827.6
827.6
827.7
827.7
827.7
827.8
827.9
828.0
828.0
828.1
828.1
828.1
828.2
828.2
828.8
828.8
828.8
828.8
828.9
828.9
828.9
829.0
829.1
829.1
829.1
829.2
829.3
829.3
829.3
829.4
829.5
829.6
829.6
829.7
829.9
830.0
830.0
830.0
830.1
830.1
830.2
830.2
830.3
830.5
830.5
830.5
830.5
830.6
830.7
830.7
830.7
830.7
830.7
831.0
831.2
831.2
831.3
831.3
831.3
831.5
831.7
831.7
831.8
831.8
831.9
832.0
832.0
832.1
832.1
832.2
832.3
832.3
832.5
832.7
832.7
832.7
832.8
832.8
833.0
833.0
833.1
833.3
833.3
833.7
833.8
833.9
833.9
834.0
834.0
834.0
834.1
834.2
834.6
834.6
834.7
834.8
834.9
834.9
835.0
835.1
835.2
835.3
835.3
835.5
835.5
835.6
835.7
835.7
835.9
836.1
836.4
836.5
836.5
836.6
836.6
836.7
836.8
837.2
837.4
837.4
837.5
837.5
837.5
837.6
837.6
837.7
837.8
837.9
838.0
838.2
838.3
838.4
838.5
838.7
838.9
839.0
839.6
839.6
839.8
839.9
839.9
839.9
840.1
840.1
840.3
840.3
840.5
840.6
840.6
840.6
840.8
840.9
841.0
841.0
841.1
841.2
841.4
841.7
841.7
842.0
842.1
842.1
842.1
842.7
842.7
842.9
843.1
843.3
843.3
843.5
843.6
843.7
843.8
844.0
844.1
844.3
844.3
844.4
844.5
845.1
845.3
845.4
845.7
845.8
846.1
846.1
846.7
846.7
846.9
846.9
846.9
847.0
847.1
847.1
847.1
847.2
847.2
847.3
847.3
847.4
847.4
847.5
847.9
848.0
848.1
848.1
848.1
848.1
848.2
848.2
848.3
848.4
848.4
848.6
848.8
848.9
848.9
849.0
849.8
849.9
850.1
850.3
850.5
851.1
851.2
851.4
851.4
851.5
851.6
851.7
851.9
852.1
852.3
852.3
852.3
852.4
852.7
852.7
852.9
853.4
853.4
853.5
853.5
853.8
853.9
853.9
854.6
854.7
854.8
855.2
855.4
855.6
855.8
856.1
856.2
856.2
856.4
857.1
857.5
857.7
857.9
858.0
858.4
858.5
858.8
859.2
859.4
860.1
860.2
860.7
860.9
861.0
861.1
861.9
863.2
863.3
863.4
863.4
863.5
863.8
864.8
865.0
865.2
865.3
865.4
867.2
867.6
867.7
867.7
868.2
868.2
870.8
872.3
872.9
873.1
875.7
876.6
877.3
878.4
878.4
880.4
883.8
885.0
885.8
996.9
996.9
996.9
996.9
997.0
997.0
997.0
997.0
997.1
997.1
997.1
997.1
997.1
997.1
997.1
997.1
997.1
997.2
997.2
997.2
997.2
997.2
997.2
997.2
997.3
997.3
997.4
997.4
997.4
997.4
997.4
997.4
997.4
997.5
997.5
997.5
997.5
997.5
997.5
997.5
997.5
997.5
997.5
997.6
997.6
997.6
997.6
997.7
997.7
997.7
997.7
997.7
997.7
997.8
997.8
997.8
997.8
997.8
997.8
997.8
997.8
997.9
997.9
997.9
997.9
997.9
997.9
997.9
997.9
997.9
997.9
997.9
997.9
997.9
997.9
997.9
997.9
997.9
997.9
997.9
997.9
997.9
997.9
997.9
997.9
997.9
997.9
997.9
997.9
997.9
997.9
998.0
998.0
998.0
998.0
998.0
998.0
998.0
998.0
998.0
