2091
9040
4479
5541
6688
9612
1797
2511
1526
8564
3176
2673
5528
7073
1753
3712
5883
6983
3496
8717
9983
1081
3500
478
3197
3527
1799
3511
9651
1637
7064
7636
9782
3174
3456
7266
455
872
9169
9238
9503
1579
2729
5294
793
2546
5060
150
36
5246
5422
6803
7613
8276
4782
4643
5415
550
620
3291
4198
7751
248
7430
602
1311
1854
2245
3316
5569
6073
7928
4549
9070
2352
2556
4871
4879
7211
8865
3824
5183
6801
5924
5624
6875
127
5160
5566
13
542
783
5664
8344
1204
5488
6802
7149
2149
3032
4183
8074
454
1622
1947
2089
4648
5096
5561
1828
8931
768
1995
3466
4773
8707
9138
401
4348
8246
1956
2713
6610
8817
187
11
642
8916
615
6810
9441
202
7848
7963
8898
1107
4636
9860
3648
7688
8976
4305
1776
2993
6675
7374
4376
5201
5433
7687
96
1517
3945
5474
6273
8068
8748
907
2953
5480
6142
3126
4669
4726
2145
3438
5158
8137
8684
2083
2853
1214
1691
3257
5337
805
2035
2837
3124
4339
235
3931
5411
8257
9478
9688
320
2803
3367
6457
6953
7660
9276
1961
7210
7513
9708
494
1539
2180
4335
193
1328
4370
5961
7783
7968
9179
9753
527
3775
3790
4463
4638
6030
3703
5686
7914
2233
4108
5365
6199
7618
7740
4796
5089
5427
7457
121
251
397
1139
1724
3524
3922
7516
7951
8320
9098
3248
7800
8456
8906
3766
6837
7018
4164
9450
55
1787
3671
4427
4658
5052
5467
9747
459
5986
7847
8682
2510
2720
2734
5968
8115
9401
771
2567
2820
3476
3588
3798
4266
4953
6347
6505
6840
8269
1163
1804
2418
2761
6187
9261
9332
3425
3623
7231
8881
9423
9787
1100
1173
2467
3254
4846
5219
5671
6226
7183
7534
8735
9565
1412
2388
4436
5085
5464
7547
8447
4411
4635
6846
2272
6299
7836
8667
9929
2605
4166
2876
3009
4112
4344
7386
480
1223
2353
2793
2976
3098
4728
2305
2736
4262
5781
6994
8771
8841
940
3969
6126
6486
6665
7222
8217
8258
1185
2490
2735
2796
4443
5638
6200
8100
8266
960
2821
5531
7289
9930
6886
7504
7938
7948
8049
662
1996
3673
9173
1757
2422
3859
966
2705
5244
5390
7134
7622
8413
1247
1258
3834
5748
5851
1121
5697
6414
7582
8135
6795
7344
9107
5
313
314
1209
1228
1472
2218
3419
4822
4831
5610
7442
8026
266
663
908
2277
2457
2897
4639
5180
7258
8348
9536
587
1266
5548
6608
6894
6987
8502
9568
9615
9887
819
3012
3704
5115
5178
6538
2992
6166
9435
898
1338
2969
4927
5732
6152
6536
9440
2395
2866
4763
5271
294
2396
4209
5167
6092
7051
8154
143
1609
1805
1856
3979
6903
2755
4541
7037
8358
2172
2303
2414
2919
3684
5270
9846
1590
2621
6790
7471
7498
4131
5933
6449
8010
8191
2733
4394
4451
6789
641
1408
3695
4707
807
863
2423
3307
5917
6032
9820
632
4057
7113
8974
9159
1439
1686
2137
2685
3973
6423
6678
7255
8327
9571
114
355
1655
3056
5235
5670
6068
7992
8270
9911
667
1880
2650
4020
7738
7762
348
1111
1962
4264
5558
6740
9042
2559
4232
7291
63
1740
2861
3981
4692
5501
7999
217
1585
2232
2785
1374
9158
9814
3826
4222
4670
5357
6995
1658
5470
8610
2801
4258
5199
5592
298
1634
2412
5461
5652
8512
2130
3841
7886
8445
9686
2965
3271
4157
4439
7159
7532
8094
921
1154
2003
2716
5570
8132
1532
2552
3544
4929
6689
8036
8463
9414
1763
1948
2628
4332
5272
5458
6051
6433
6720
6725
1137
2369
2384
2970
4601
5886
6686
7087
7787
9848
404
1369
1602
1736
5843
5949
7882
8534
378
5311
5520
6927
7218
8008
788
2235
3224
6050
7314
7337
9269
9282
9411
2237
2884
2945
3797
5726
8205
699
2843
4606
5329
5730
82
1281
1498
2830
7351
7899
9578
1755
4939
5990
6168
8028
449
3856
4205
5828
7446
9262
2100
7995
9117
3205
4516
818
955
1987
2463
4845
7600
7942
8294
8966
9077
9530
9623
9667
1433
2075
5516
7131
9151
2790
3151
4565
5426
597
3504
4597
4694
4769
9703
8803
8997
388
799
1283
1287
4080
4221
4271
4792
8950
9601
977
1531
3726
4343
5200
6132
6394
6444
1483
3362
3985
4488
4931
6025
8888
9588
5647
521
2658
5972
6832
8804
7708
7936
8372
9760
679
1586
2079
5350
5580
6668
1059
1164
1421
2502
4290
5240
5805
5960
6887
7151
2080
4141
5910
7608
7745
7980
8157
2294
3742
4801
5861
207
1063
3394
4799
5029
7544
8680
9852
3368
3753
3793
4031
5039
6630
701
1319
1525
3634
6528
7819
8034
8209
890
5206
6798
7308
8805
9301
724
1572
2327
3033
5187
8484
8571
9421
9954
1636
2099
4277
9977
180
1084
2268
1102
4068
4105
9250
9552
522
825
1788
5251
7889
239
363
1511
2292
4219
5791
1839
3302
823
4346
7697
8059
9825
1798
2110
6033
8664
206
2475
3475
4988
7780
8040
111
269
1353
1522
2390
5819
6181
6550
7757
7857
8466
1536
1784
3219
7408
3094
3100
1672
2443
3529
4508
7604
9218
9889
2142
3061
3352
4424
5204
6895
9928
9997
1217
1669
2152
5675
6769
1752
2194
3606
6794
6868
7685
8728
1383
2026
3662
4794
4821
2301
4736
7377
5302
8523
4779
5072
6944
7680
8069
8987
27
749
6398
8824
319
2261
2323
2697
2982
3108
5640
7229
8416
9946
3208
3653
7962
8883
9110
9593
471
539
1503
1540
2895
3227
4627
5137
5341
9633
2052
4523
9797
1737
5530
5746
9011
2460
4615
4781
7577
7607
8362
1971
4777
5964
6286
7058
7311
8361
8567
344
592
1980
2432
3138
3220
5776
517
796
3136
6080
6816
510
2170
7223
7677
86
1313
1699
4081
4253
6292
8215
2607
2777
3934
6466
9777
122
866
4558
4642
4776
5386
6949
94
2341
2355
2905
3627
4234
4966
6692
7909
8665
3609
3739
6873
6926
834
1747
2000
3384
6188
6247
214
1471
4554
7863
8710
104
702
3290
5417
5844
8511
9317
8
1551
1644
8980
9412
9927
190
2535
5938
8485
3982
8025
420
3615
4152
5132
8072
8326
8878
1831
4545
7578
8827
608
846
4588
1126
3007
3574
6940
6952
8872
326
1117
4327
5711
5812
7490
8793
9822
570
1394
6227
9100
281
1486
1825
1942
2371
4559
9201
9334
2059
2465
7096
9018
9867
3187
5002
6052
7333
9312
9679
341
4705
5424
7461
9556
3674
6224
1231
3560
5756
6108
7816
9153
9906
9
3643
3681
3767
4199
6055
6146
8492
8834
9398
3313
6113
8600
8601
2903
1372
3099
6240
6317
6834
8012
9051
1147
2696
7784
8731
9160
3023
853
2370
5252
8607
59
351
2279
5212
5962
6626
6881
7503
1777
3096
8490
9369
9939
2299
3907
7192
2265
3986
4032
8636
5028
6985
7191
7610
9180
727
1710
6138
7737
9968
589
1960
3465
5208
5527
5763
7913
8723
770
1888
4192
4401
7041
8065
8123
2037
2774
3505
8206
8395
4646
6565
7317
8629
8249
8671
243
1279
1642
3253
4369
4826
9505
1576
3243
7129
7117
666
2207
2421
5101
5663
6218
2711
2780
2904
7093
7870
1693
2874
7398
9871
253
2439
8797
277
573
4308
6492
6745
6972
7464
7668
8651
603
1966
3608
6061
9570
9721
9921
4
1687
6908
7290
8412
9122
9602
283
1165
1965
4504
4995
5309
4783
6327
6420
7827
9319
1767
2470
3573
8432
1659
2583
5521
14
4024
4696
7505
8798
304
7
1237
4680
6555
6853
752
1127
2728
6704
7620
7729
8486
791
1073
1298
2726
5864
9257
8384
8902
2677
3582
5529
6228
8194
9813
453
1879
9533
329
7123
9460
9785
9956
237
255
532
9099
9726
2017
2620
3925
5477
6358
7092
7856
230
871
3298
5808
8439
496
5430
6407
1344
4847
5537
8509
9859
451
1973
4270
9236
1010
1838
6302
6869
696
2935
6294
153
9504
9768
703
2985
3259
3949
5956
9532
5074
5205
7678
9884
30
2244
2775
4233
4725
5004
5313
6062
6945
2141
2759
5051
5503
5721
7553
8088
8814
4743
5764
6509
7010
387
2385
9272
309
8406
5260
5628
6942
917
6632
484
2978
3073
4092
6422
1098
2701
3049
3155
3876
4137
5446
9514
79
2952
3855
6357
8251
693
2088
2686
3561
7803
7902
7965
364
2537
4285
6557
7752
8459
5758
254
4868
5533
2044
3836
7964
4724
6362
4486
2031
1381
4056
5210
5359
5957
6124
7160
1219
3321
3694
4600
7047
9336
1324
1685
1921
6212
8825
2198
2901
6097
8604
9471
9654
2509
2827
5653
5821
5846
7721
7744
8701
8789
9984
843
5050
5929
8401
9749
9982
199
353
4432
5738
6456
8558
156
4903
5188
8098
9894
2367
3538
3994
5946
1709
7841
9416
2376
3006
3559
8517
4298
6468
8075
5578
5860
9227
3825
4150
4238
4619
6513
8761
1706
4456
4526
5345
9068
2528
5630
6091
8311
9464
142
4284
6902
7445
64
5114
2906
6560
3015
5838
6101
5435
7904
8166
445
3930
6416
208
223
9637
233
6089
7670
6743
8417
9178
688
1110
9491
9881
3387
5425
5723
9243
9481
2684
6710
8880
9776
1453
3146
9036
460
3464
5607
7883
8758
584
4571
9145
362
4149
7953
437
6872
7679
9613
1773
4714
5239
6251
3134
9470
2508
4529
5519
5642
6014
1832
4422
5082
6031
8557
8586
9081
7973
9020
5379
9109
638
2054
5284
1182
8458
9475
3072
4015
6613
6990
7324
4010
9934
1268
986
4467
1343
2852
4204
4735
5264
5314
5420
3942
5328
1738
2881
1162
5105
8638
9684
936
7219
4798
5299
6551
7107
8173
9723
1239
4785
5453
8153
3185
7396
1178
2572
8200
8339
4704
6026
7424
8335
1253
5498
6040
1049
4741
8267
8764
288
964
3143
7572
8006
84
9473
9493
1918
2121
2183
4089
5179
7059
5232
120
1756
2364
2413
5184
5500
1629
1688
2169
4036
4881
9500
8182
8868
9278
1087
6478
181
9451
3116
1845
4793
9974
6874
8011
1428
2888
7896
2610
4957
2845
3424
7388
7809
9844
585
2124
4196
391
1874
3449
3637
5576
7788
9161
21
91
3335
7168
7888
3163
7979
4827
7606
8528
92
2220
6614
9483
3494
7576
9659
1007
3180
3656
6701
9604
1386
1432
5202
838
1728
3357
4404
6376
9002
2806
9075
2300
6679
3017
3988
6263
1554
2221
4753
8363
8960
2086
7006
7246
4147
6120
8788
9190
448
3904
6237
118
1056
1323
1387
4132
4505
5128
9222
366
1057
3120
6491
6581
6954
8290
552
2313
8168
9961
7919
9212
2429
4918
2135
4581
6877
8551
69
3102
4760
5209
2554
6747
947
2330
8783
1400
2505
8474
4349
4626
5156
8614
5745
7048
8437
7590
1091
7193
1543
209
4721
6131
7986
2882
5274
7128
8259
3749
2434
3156
4319
979
2452
3282
5234
6160
8374
514
627
3898
4655
5959
1538
3345
4282
4824
5005
5555
3250
7176
842
2010
4215
6117
8454
8681
9730
4480
7261
7412
9191
9795
7563
9330
4703
7462
3644
4120
8214
931
3620
6793
6890
8967
3852
4136
9537
3696
4519
6348
3181
5878
7295
4913
9707
1074
1679
3320
8969
9388
146
3732
5372
7349
3441
1926
2018
2731
4683
9681
6428
3433
7958
4775
6848
8831
9582
2660
6439
6191
8066
4143
5544
6063
8193
2104
3587
5783
6506
8411
5147
3119
6937
1870
2297
3162
8712
6210
6517
7629
8189
8635
1016
2326
4391
9658
416
3301
1120
5370
9207
1061
2318
2612
5144
5699
1599
2597
6234
2177
3478
5195
6497
884
2106
7716
8422
8699
4476
9740
674
2081
2354
2934
3868
7876
5996
8211
5429
7126
8549
3236
7392
9072
9166
3083
4742
5482
7974
8630
1402
1704
2564
7514
9315
2428
7335
8874
3284
5181
7393
9949
2410
3672
3417
4392
7497
9468
1941
4385
4853
6136
4562
6730
9652
732
1557
7036
4697
4932
9298
2087
3135
8324
1509
2167
6213
9046
725
2788
8882
2431
8650
821
1663
2456
628
7934
2762
7403
7699
2941
4433
5645
4180
4280
4312
7675
8975
1641
3889
5648
8857
9535
856
941
1529
4825
4896
7907
8371
4795
7753
8055
8654
4668
8263
8491
868
8225
9754
3857
5816
7425
6406
722
3312
7527
2517
2609
2320
8261
3585
5035
8180
7277
5238
7477
7766
575
3005
9487
2594
2598
5418
6958
1403
4286
6986
9489
1793
3717
5472
5514
5731
7152
7560
5952
7415
1938
8640
345
9521
706
490
4536
2282
3897
7142
7198
8022
810
1739
5643
6971
593
9340
3251
4585
9778
3541
4538
6182
934
5852
8442
376
1620
3567
5823
7463
2690
6093
1530
7950
8232
9531
8398
4978
9189
141
1380
1761
677
3664
8245
9341
6635
7927
8858
6956
9430
8096
5483
6988
6627
261
616
6667
8302
8778
7072
3262
4583
5077
6533
4963
5135
7429
2238
6593
537
1915
3786
2933
6835
2314
4045
2811
3724
2752
4577
8516
915
1220
3411
7484
2155
6336
7443
8718
3923
4127
8325
8885
4289
5439
9204
987
3350
3638
6467
7564
466
1017
7298
7440
9043
9484
644
6721
523
8653
2670
9622
8377
1419
9944
3850
6410
2839
5826
9926
305
433
7015
8003
8163
664
136
9459
2345
6282
6777
8224
9526
2870
7357
9064
9833
999
1701
1829
6499
564
4309
1614
2631
6912
2181
3089
4252
5006
1746
2139
2640
9917
3487
5725
6938
6948
8332
280
9594
3150
5169
5298
296
2392
787
2715
4419
1235
8900
7240
4317
4751
5796
3240
8698
2659
3408
6880
6662
9386
4283
5416
7658
26
1624
6585
6677
2
809
5778
6979
9662
2266
3228
9452
690
7167
8023
7098
9485
1021
4203
299
5511
8334
5023
4050
5282
4922
70
184
4991
6631
9390
2430
4469
8620
1150
6629
9097
3844
3762
4874
9755
1275
7301
4267
7105
607
4000
6125
5678
6246
2365
3579
6060
9900
2311
3054
5565
9165
3520
4125
4428
34
5522
6663
2246
7371
1927
4115
6220
6384
8284
9597
2950
8316
773
1842
5850
652
6430
1869
9549
1922
3723
3819
1101
6049
6319
5126
1549
1855
7021
9699
72
193
511
2153
5327
5401
6056
7124
1499
8501
9199
408
4340
372
1623
6891
6393
8331
9780
3960
125
7813
1904
2016
9083
1523
8790
1504
9000
1207
3215
4772
8355
9966
6989
65
3763
9507
9646
3502
1193
4207
7705
1765
8562
1930
5044
1312
7702
2721
4123
9233
2011
3481
2202
9384
493
4257
3
6817
9343
3331
8695
3958
4691
4837
4883
5904
7235
8124
9980
4992
483
586
1271
1939
6628
2056
6217
6450
8839
8711
2214
7127
2291
1745
9410
8029
396
6295
6904
8083
8644
8875
874
9529
4247
6963
2254
2267
5099
8104
8565
1670
5801
6575
924
5018
1513
2347
5656
2956
6896
477
4011
9171
6852
7967
9130
3255
8087
8424
2557
8013
134
7175
8929
9324
2150
8451
983
6980
6176
100
3688
4745
7649
8388
5351
8807
2647
7338
3783
5991
7646
882
2562
4223
4913
827
4019
4333
5857
1808
5586
7305
2049
177
4261
6296
2702
4908
4193
5236
8186
8218
2986
223
3218
4109
178
8995
9480
8907
5124
7204
4930
6075
4044
5661
32
536
1994
7197
7763
7852
756
5443
5794
4269
5281
6314
7382
4429
5540
6345
755
1340
9167
76
392
6112
3097
3207
3718
7920
2725
3479
6448
2375
6005
3349
3948
7287
629
3037
5465
8285
318
403
1946
6387
7838
8041
1625
328
1423
5014
3779
6855
9488
9215
9356
7609
9904
3621
7063
7970
709
6332
6735
5259
5288
7029
8091
9837
7385
8275
1468
2174
7981
8425
6978
257
4211
4562
8089
272
5809
3736
3630
5735
1542
7728
2372
167
5892
6621
9162
4176
8887
7404
3434
9627
4865
6209
9477
9496
5877
4722
9841
6264
8666
9187
263
6634
311
1977
246
8899
2653
7982
3375
4248
6586
6369
8692
7009
2836
6180
815
1026
6391
4167
8714
3702
2103
4850
3518
7820
6715
244
6933
7900
1322
2377
6128
8820
2813
5368
8697
8890
9456
9466
7511
3188
415
2639
6755
8854
806
7046
7228
9457
665
3358
3444
9264
963
8947
164
1630
5008
7086
9599
2426
5486
6722
9564
5394
9986
1345
4351
8624
9634
6705
7044
7283
132
1138
8741
6390
1819
7822
3626
900
4730
4236
8690
8078
1397
1347
8366
5074
1410
3288
5937
8349
5598
95
3707
7254
7108
1097
8722
1341
3046
6546
8341
735
7075
331
1013
6968
7081
9801
2179
8623
9696
2157
8678
9082
4625
9091
60
3754
29
6612
5323
8912
4729
8018
9925
5753
7707
3789
2841
3060
6156
8852
1594
9217
9519
4509
4632
6236
48
2942
1884
6997
7146
489
6916
8998
406
3883
2408
9963
5488
2732
340
1858
467
4982
1575
3292
4389
7161
9665
2566
3383
5658
5046
7996
5526
1255
5069
8202
8515
8537
8304
1932
8095
2675
4996
2966
3658
8128
9186
9244
3916
2185
8118
5802
9702
5711
7864
3293
9054
7282
4673
7602
1892
6070
476
4038
8064
6515
7684
2344
8423
5384
8978
6211
6331
5283
5655
5800
2117
5635
654
2579
2773
9563
1033
2076
6600
1558
2768
4674
6385
9012
9866
3404
1316
7843
7846
6069
8612
1211
4766
7187
3913
5216
9922
2671
2171
3967
7011
4809
6781
8397
4873
9903
5250
5573
6233
7875
3439
6737
1682
7300
3548
6275
2830
3976
8760
2817
1456
2575
1562
6488
8352
6186
6195
8192
9009
9714
8674
9628
6363
2868
9443
618
7326
726
1337
3827
5646
7239
7520
6373
369
6568
1553
6521
1584
5134
2068
3026
5728
58
1250
3030
8689
5286
241
2858
2389
9673
8657
9737
4070
6955
9363
5551
5923
258
2338
8364
1058
2915
4936
3022
8296
8344
3459
8720
1647
1750
1931
5086
7367
4492
6574
6163
4381
1934
4009
4833
5858
1772
574
185
1837
2644
3416
3510
7008
9279
3164
7196
2797
1276
8592
7186
5669
6537
8609
6139
2664
7486
2946
2573
6828
7530
2541
4117
1159
8478
3869
20
4497
6104
9893
6559
3050
5267
5515
9164
2772
3152
4653
9056
9641
1157
1997
6889
8149
2689
7544
5485
5305
5493
9446
5913
9829
3558
7138
9268
1184
6257
9676
374
5257
4481
9053
1909
801
5623
2342
4869
1481
7156
6921
4370
446
7172
3110
8254
1723
5277
8901
7217
6007
1310
5618
5729
2204
425
8208
3655
4791
2645
9003
5759
8092
741
2683
7410
4069
9449
8195
9013
4501
9888
559
9757
4187
9195
6999
491
2015
5293
9103
8799
1384
8158
6099
3901
3590
3442
5509
4624
9458
9194
2240
4834
3171
5058
9017
6008
9692
2968
6582
4505
4709
7825
8555
8530
2857
8662
9576
6661
2938
7937
3780
5022
3344
5291
1840
1751
4507
9148
2914
8242
6115
7012
2096
8791
3729
5475
9220
9385
231
2040
2886
5564
5679
1004
9289
8105
9149
8461
113
6110
7379
8063
7346
6307
9826
5233
5786
5849
4935
2163
9899
3998
4384
5626
6649
8606
6758
975
7985
2608
5710
1350
4727
5128
2223
6085
6526
662
8764
6230
8201
107
4085
1080
6399
7917
9689
4168
8481
4352
6192
3899
4949
3455
7640
9708
3794
5727
1573
1806
9134
7869
5171
5778
8643
3342
405
959
2908
6698
7549
8150
497
509
501
6059
2205
4010
5879
3004
8821
8986
7654
8632
9436
6564
1935
9981
4952
418
1516
6048
9499
9773
639
1712
902
7691
8272
4919
2854
8572
6165
6347
9851
3035
3765
8020
3555
4323
6023
2249
7921
8062
6202
9492
77
3954
4767
8738
9347
3223
5839
7521
9395
343
9442
57
8079
2000
6543
9323
2041
797
5266
2312
2102
9494
3829
8521
9661
8598
761
696
3326
5292
7347
8171
4755
922
5769
6510
5318
972
9657
3329
4129
8536
1596
2750
2036
9898
2680
167
906
1897
9918
553
2779
4388
3340
7537
3072
3890
1678
2275
5868
6116
3426
6753
8175
9914
3309
9229
9810
8880
3881
7076
4327
8303
5532
8235
8250
8994
5929
766
2954
5831
1291
7665
1770
7037
7233
7539
9371
2545
4860
8222
8522
1141
2212
3862
5819
6472
5374
6894
3603
5968
9415
5887
6270
8992
3506
2688
2600
7213
8605
4206
1200
5856
4301
8811
5709
9272
8247
1570
145
4532
290
8196
2256
8255
3523
4631
8277
2255
4973
6659
7993
5924
6738
9413
3519
4048
8378
6208
2014
2504
3864
4001
5859
5716
1405
2580
2289
4114
8810
220
5770
2239
3848
1591
8787
2225
5606
7039
716
1174
6096
6241
6858
2584
7786
3084
3611
7232
535
5193
2896
3542
8379
1416
3321
4021
5712
7287
1106
5981
8301
9862
9245
9444
1009
2531
9938
4355
994
5997
1912
6119
468
647
2084
7832
9562
5989
4878
5559
3955
6205
5338
7474
813
4723
6714
4482
6285
4543
1868
8396
4443
3909
1167
7997
6262
1070
2771
9271
8162
6157
302
6961
1206
4491
5893
8279
8295
4978
8485
861
5536
1467
1744
2909
3267
9970
3941
4139
1616
4007
836
854
5713
9157
6516
219
5835
3233
6065
6996
8394
8015
2425
4100
9121
6693
5594
6044
527
1232
9223
175
7494
8265
2297
1303
6780
2283
5145
5581
1660
165
8430
8608
3892
3163
512
7569
9677
6250
3602
1029
6639
7453
4923
3386
269
6287
6415
8268
6683
8757
7330
1536
601
1566
3391
1478
7535
1612
1578
8142
4862
7682
8548
400
6932
3139
7852
6004
6395
9293
597
2918
2634
4820
4857
413
3490
2554
475
569
3640
8941
6500
8545
9552
6799
3418
3774
2459
1867
1378
2265
9513
2668
9048
2903
1005
8962
2707
472
6365
1188
1978
2415
978
7368
870
7778
1942
1834
7975
1018
4458
1971
7420
7795
3876
1189
1444
2144
6239
7580
210
5398
3995
4593
1212
6577
3379
3613
6713
9722
4415
169
572
7053
9061
2642
4627
2262
4362
8546
6400
6470
6775
9188
6609
953
7495
9955
87
1714
4739
7632
5824
6424
5380
3056
4836
7400
6681
7801
3709
9133
5619
2308
6599
415
4892
1889
6674
559
9710
5326
7823
833
1940
3032
9756
746
6669
5192
3719
6216
9985
5263
5460
5170
7299
4166
4961
1163
2808
5978
9869
5534
1244
913
2948
9337
9758
2889
9818
3044
8886
1125
2795
4975
4804
2629
4073
6015
7269
451
1278
7456
7522
1508
4592
5104
5608
8554
9919
116
3528
3903
9172
4578
2593
1987
4905
686
8864
1648
3302
2013
4286
7062
4051
5644
8706
9346
6447
4798
9932
260
1541
2563
4976
2755
1896
5918
8427
3089
1209
6147
5599
8004
2480
7048
1001
1769
2355
2898
9159
6064
6666
6167
8637
6221
1992
3370
5164
4552
3364
2842
9274
3355
4572
7816
3272
4899
8579
4967
7903
9598
9505
6802
7354
7642
577
3783
259
2496
945
3013
9901
131
1217
4187
2467
884
9256
9872
2282
2354
4213
3781
9664
6573
5026
308
1890
3332
473
5221
5298
1249
6916
9558
236
6656
3632
3320
1496
3518
1917
2019
1498
2578
566
5338
6542
1852
2692
2483
8177
7283
5103
3380
9373
8334
7547
6906
9643
4947
3957
6504
3006
1315
7143
3264
2905
4396
2744
6190
9515
1426
3229
4907
6392
2412
4765
6153
1826
5560
9880
6014
7615
739
2113
268
5243
2238
4750
2344
9650
6418
573
9451
5557
8312
3980
7325
499
4174
7527
7797
7284
249
1928
3625
9912
2971
8016
5019
8282
9717
3105
1172
6443
1205
1306
453
3978
7288
9847
6030
8028
6083
5312
1592
5568
1181
6967
5369
2524
6069
9609
5140
1729
3629
720
1210
5520
764
6308
7862
5862
6324
1271
2315
5780
7507
6790
7334
1351
4404
3706
6249
4216
7742
1962
4644
6716
8133
3134
1136
1369
4993
1145
9778
7918
8234
7112
1613
2208
3746
8126
3744
3257
4234
6759
726
6027
8297
8709
9589
7018
1395
2168
2138
3376
6435
3713
7216
9655
7215
640
1617
7612
3543
7624
6724
5953
8031
2885
5181
5676
1713
5362
3961
4808
5793
9735
9978
8752
1588
8037
5217
2227
2046
3323
6562
2215
9807
2997
4929
9784
288
8103
3400
2865
1810
3297
2257
8642
85
6731
7524
2211
2244
2610
7637
539
3449
4197
8934
5033
6946
198
3130
9396
5156
2009
3874
3482
4195
7278
283
42
2139
5940
3850
1836
3029
7104
8854
668
3396
1827
9926
5210
54
3241
5367
9950
3885
2920
5076
5753
9469
5957
4762
4142
2327
2671
9975
1581
6531
2428
7011
139
2917
2952
1589
3243
6507
486
6768
835
4402
2683
6348
395
2654
8505
8238
4477
2980
7450
4810
5612
9172
1198
2658
8287
883
5343
4838
4386
6205
4553
1882
4998
7090
6096
6887
1849
6813
1473
4771
7663
6074
5082
3989
2924
2855
5670
7250
3116
3982
4363
6253
2622
1298
4146
5242
9418
8883
9890
1336
7690
7846
7301
6973
3675
356
3206
4782
1078
4074
564
5108
4964
618
2652
8564
8020
8525
6218
9232
1295
202
7340
4094
4425
7348
1523
2011
3576
8518
6854
2907
9335
4579
123
867
3499
709
4606
1236
7010
5577
2030
6054
9866
4413
3103
4387
6442
2630
1263
324
7738
9971
557
3663
6935
1743
9162
948
554
2515
5435
2703
274
44
9339
5308
4639
6680
2670
7688
6610
4546
6384
9537
4559
9578
3016
9263
6453
9397
1067
2010
6920
5412
7191
5845
5400
3983
7258
2218
4184
8042
9477
1296
6585
2235
3343
1899
6978
2701
6987
9106
7376
1733
6878
8114
2120
1059
6388
7457
3347
1113
5280
132
4589
6311
9520
4437
1717
6787
8360
6238
6584
4732
5053
6062
8444
7139
8090
9427
9565
9089
937
3677
1196
7050
4005
7033
5167
7942
191
1302
8770
2272
2462
7833
1943
4284
3540
8549
9183
8648
7720
2193
2570
3535
8346
3493
5732
5880
2471
8080
1328
6377
2394
7835
5818
9865
9540
5847
1071
4898
1658
7713
5474
7240
3468
4789
2523
1661
3648
8769
7694
7902
2280
314
6499
6211
9246
8617
6152
9119
8343
5404
4917
5169
3720
7214
6268
5402
2328
8686
3184
3642
4729
6601
432
1252
5307
9390
5710
5895
7773
2481
9822
2992
5833
9372
7831
3536
2332
7915
435
4797
1692
4260
4452
4464
5734
6614
3470
8597
5481
9436
631
7038
9382
495
3811
7045
7926
758
159
679
4426
7309
9835
812
1644
4279
7013
376
8040
8227
9357
4654
5752
3844
8652
657
1105
2479
8638
4167
7505
9364
463
2073
3388
9096
6984
1684
8466
9806
9838
3207
5037
6908
3202
8175
4405
9856
1760
4920
389
1324
6408
7732
9521
2262
7572
4245
443
545
8502
7928
2501
1495
6931
3390
8668
6296
1203
1632
4182
6331
9403
4793
8744
9019
2278
5349
6821
2079
9588
1687
5973
7491
7564
4324
9900
4408
4668
7465
2039
6134
4148
3914
4700
1806
6366
434
9530
6725
7235
2529
3787
4665
9478
2827
8231
9987
5970
2026
8361
3175
4566
7001
9448
6582
291
7839
3871
4713
4716
8957
4030
2192
2196
3513
8516
1681
9421
7968
7380
6971
6637
3058
9642
1570
4723
3598
4804
5352
433
6389
4977
5590
9038
2733
73
2002
8056
9543
7876
2281
4014
9716
201
8447
1686
2234
5791
6964
4179
7668
2783
7943
4966
8008
6804
5965
9456
3879
4882
1389
250
6831
1124
3933
9718
4233
3986
4373
5673
8140
9909
5482
7082
3425
9796
3689
8150
4799
3094
6655
1637
8963
1757
3158
6373
3150
6100
1603
4147
6301
438
3575
5158
5087
5758
7379
6088
98
1924
971
8980
176
5005
9974
430
8288
4039
5088
6212
9956
3084
7244
7676
1098
1108
1561
9854
7402
9297
5884
4173
5494
5684
7957
8614
832
3481
1557
6482
4048
2806
1151
7679
7606
1357
5289
4299
927
6312
7030
2576
5798
2846
7169
2387
5875
8927
7383
8135
1726
647
9651
3875
1667
4693
6576
1595
8685
1525
2356
535
727
9180
5920
1619
6968
6535
6815
8889
2618
9898
9371
1546
708
8770
6017
4163
6962
1921
3572
5848
1158
4409
6454
5141
4900
7643
3199
5083
3512
3099
4856
4419
484
3287
6214
1677
9374
6470
1013
1029
2127
4995
7884
8589
9046
4316
633
6578
5249
8043
6529
6080
2087
1291
5998
7843
962
1973
5214
3324
9621
2785
1844
2288
855
5265
1000
710
2681
5858
8731
7742
2502
7976
7807
6107
7414
1951
8168
8101
3042
3303
2192
368
599
3850
6986
7220
5921
644
4954
3255
1031
2434
7247
9379
731
2121
1492
4551
7605
427
140
1487
3213
2996
7552
6051
7939
5579
4925
5073
6584
3926
8803
1537
2204
7008
6902
2944
5191
468
4421
8215
3064
986
8230
8474
3045
1886
4006
2180
2263
6310
7151
3918
6455
1015
481
5737
4999
3439
4530
1922
1171
287
9585
845
8676
8226
2937
1995
1256
6316
3601
3796
2282
2820
5216
7317
762
7116
8896
47
5903
6478
9608
3577
5309
8036
1
3179
2045
9949
5926
4876
984
5302
8721
7265
8141
9751
6005
8933
8700
9545
4943
89
6114
828
3770
8342
7917
3717
7453
8328
7691
8272
9326
1958
6624
6246
6811
1129
3594
9562
6086
2437
7303
5864
1227
3768
5804
3611
8500
6848
5656
3902
5468
7790
1796
771
7369
706
4131
6527
9929
9170
3087
7193
5233
5306
8086
5313
1101
3823
5961
7315
278
1341
3117
4348
3680
3418
391
1413
275
6044
8414
8264
2477
6937
8990
119
6329
9888
1653
8125
4967
6364
4736
5109
4501
834
3113
650
8587
8815
3249
458
2068
7617
9447
4970
4392
2920
7923
595
244
90
1790
9831
1268
4220
3420
900
2359
7205
8245
912
217
5055
5212
9773
7234
4764
9672
6651
8345
6462
4380
6994
9847
493
6608
6903
7545
9839
3465
9012
6567
3826
6269
4585
514
163
9951
6621
1918
2589
6292
4957
4390
1343
1682
456
3382
7476
8067
7988
8053
1127
1274
2064
5897
4844
7869
1392
3218
1848
1243
746
1688
2072
7386
9803
7064
8194
9965
1809
5610
877
3818
5816
7627
4767
279
4545
6457
3008
1831
6513
9681
424
3723
2602
3236
4574
8890
9103
7521
1269
79
1522
1133
5354
2449
7195
268
3973
5396
5715
9124
4375
195
5557
6888
1044
3777
3307
6536
4092
4726
2870
8844
5941
3804
9727
8605
5687
2753
7557
2347
5496
6623
8439
9520
1778
9741
8943
1148
8683
2951
8504
9373
4135
5755
9982
5691
6520
9181
7571
1747
2118
1422
7398
2878
6433
6847
4327
5355
2266
1599
4568
4506
1980
3838
6061
9697
3710
4840
9957
5846
6618
3288
6037
1887
2876
5784
7255
933
755
2070
7652
5840
3672
3200
4600
6170
623
8929
5359
7770
7583
8323
2628
5224
6175
3339
4301
7972
8987
1957
3654
6672
7455
9094
6972
2674
3047
4696
9155
9665
4061
8378
403
521
3131
7723
1097
6055
7559
3511
5170
3721
9409
7000
4178
9869
3765
1539
1799
2057
7175
2863
3581
8259
7406
3616
3250
926
964
5254
4055
1919
1639
5248
3778
5692
7795
6378
4367
9777
9915
1948
8343
4549
894
7711
7555
25
698
5477
8758
1205
2538
145
2321
544
1346
4627
982
5807
872
4989
2189
7229
4854
5778
9968
993
6349
1635
2936
703
856
8996
1464
249
1907
5181
656
1391
5821
8313
2550
6254
5639
9100
4360
4824
7519
323
5093
5394
6012
4745
246
6515
8879
664
9768
9132
8567
6063
8917
7931
8509
8491
9416
6371
7530
4164
6828
9043
7297
7145
7055
3130
3814
3965
108
8147
2337
4607
8012
1053
1224
1418
8276
4062
2925
7324
9605
5182
4438
7898
7650
2485
8622
1160
8868
8709
7600
8852
316
774
3994
5125
8708
8057
64
3954
3267
9485
4365
9236
478
1211
2786
3316
4459
6294
1669
2560
3684
5095
1608
2690
6691
8329
224
59
3750
8428
2335
8902
4785
6200
9573
2179
2432
156
5743
615
5016
2240
3192
4832
113
938
4465
9690
271
4345
6000
4912
9215
2105
4524
3538
5324
8951
7549
1884
6852
7223
5655
3002
9535
1593
5112
3881
4456
9993
351
8009
4036
3198
4207
4547
1046
5131
541
7168
8510
9217
4283
4541
2332
8918
9941
5032
1840
4805
6375
915
7397
9964
3010
4011
1437
3929
9407
9134
5485
7417
9068
1030
3475
4561
1817
5275
2682
1673
8882
95
3967
8808
1299
1225
5976
1106
2793
8445
1218
1410
3558
6052
4249
7948
9817
7583
4399
5277
6564
4923
6667
5069
4651
5479
9903
690
8337
8904
6824
9638
8303
6761
7449
8238
9675
3798
8139
2226
1228
4208
5601
7203
1741
5008
8985
6307
5916
7775
1866
4032
3411
3992
8039
7596
4183
1762
2912
2997
6611
262
6685
8156
5366
8588
2491
5680
1485
2695
8524
7601
974
3795
5200
734
8058
6140
4230
7271
640
5580
8997
6065
4177
7385
4806
790
3619
6939
7188
7338
1181
2237
2283
3107
2774
6179
6249
9967
9583
3609
5762
6152
8183
1057
4328
9461
6751
9335
585
9251
9096
9238
3610
6059
1095
8935
3603
4530
8369
8733
7332
1207
1038
1082
7930
3308
5004
7126
7470
3103
9440
7875
5389
5594
630
1800
6730
1751
9548
7611
9165
3874
9865
1472
9122
6895
8698
4469
6845
5388
5906
480
3188
1332
2808
6003
354
22
6613
1112
3984
4694
3998
9985
8729
1431
2722
5598
1666
8752
7279
2185
5525
4207
684
5090
2343
9702
8994
1020
4944
7337
9410
9558
3596
4382
8173
924
9723
8895
5351
7351
4122
193
1783
1317
918
3066
6160
6486
6047
6423
8940
2924
7313
3923
8349
9596
2525
3474
3357
6884
2086
3678
7797
5432
523
1370
3181
9431
3260
9265
3528
7542
1122
1573
426
5167
4400
2165
2566
8352
2625
3945
6941
8025
7215
7767
1815
4905
3127
4638
5810
8953
4575
1821
2088
6505
2730
8692
3690
4077
1808
3526
5274
5681
6412
3827
7633
6035
5222
7833
4401
6163
6449
545
6233
5857
9239
3892
4984
2247
5490
5827
6688
7498
1088
3895
7381
9704
2303
7839
3617
3077
9591
4946
4416
6082
7874
8118
328
3018
3160
6228
3165
1233
8196
205
2633
2729
6110
2974
9245
3922
1335
2886
5187
4408
622
6785
7914
6491
577
2644
378
9241
4479
8172
3429
4425
8217
3862
7340
6590
96
6541
7364
8669
4102
1398
5776
1343
424
2025
3444
7438
7625
8646
8549
1077
4387
4895
9372
1442
4674
253
103
1819
8747
2127
7227
8640
8805
7191
9338
1681
8595
1985
4480
8832
4548
7085
1201
3915
2187
2671
3685
1070
474
9997
8880
621
198
3383
3306
7467
8782
6352
9882
7300
2052
4727
7358
313
568
3841
4634
3441
5637
7423
956
2352
9792
1270
2723
9422
2596
668
2227
7416
8978
4292
4500
1758
2174
2188
1415
6315
7726
9411
3546
7043
5935
8216
9819
4878
6432
3629
8859
1553
172
1706
1631
3906
5560
4484
3201
4917
55
7788
2106
2181
5137
5493
6958
8950
6707
3146
4012
120
7153
6074
1465
9117
1955
6381
5418
5736
6276
9752
9495
3453
9481
3168
9866
2789
9074
5318
7260
4463
8528
6573
2325
2191
3694
7604
5060
3011
8496
564
5573
1125
520
164
179
905
620
1316
5452
4812
6135
6909
5337
7657
929
3063
1458
2756
3642
4874
5852
636
8933
9703
7989
2748
6311
496
5473
8305
1107
7594
8083
6438
8681
9337
7481
9570
652
3490
5609
1601
505
2797
7339
3093
6396
2032
5102
8673
5542
4972
2271
4883
1520
1963
1935
305
4697
8249
3041
4228
2398
2228
2321
4743
4231
2608
6011
297
3666
6526
8380
9182
9936
8106
9312
7331
2022
9949
531
1746
748
7823
8302
4665
7364
3452
6323
5634
8287
6995
5979
3306
8392
9996
9921
9677
7027
4730
3113
6401
2478
1334
7649
751
5900
2260
2302
2327
7281
9065
2213
9136
5460
6694
7712
9636
3494
1162
1575
2906
8055
5970
9538
9827
2458
107
3381
2026
5973
5255
374
8352
2684
3086
5682
1408
3037
3706
8102
6488
7832
3614
1781
8863
5995
9571
1851
7891
2908
8564
5746
8906
6186
109
5816
891
4200
5974
1804
6466
7314
2024
3829
7750
2122
7342
1364
1880
5301
5423
2709
6272
26
7619
4339
5420
5163
2767
1493
3483
6192
1946
6807
2632
2958
2377
1258
6679
658
1036
8753
3219
8787
9814
2144
2138
9028
6918
308
5828
2440
7086
5513
4842
5020
3590
4991
7721
1787
4010
152
6746
2919
3466
8033
1167
1674
3800
4800
4029
7817
7736
8072
5826
212
753
9653
9767
2362
9889
4683
5092
7716
9444
661
2558
8693
8743
976
3024
1581
3126
9435
2005
6760
7159
6682
6662
9281
8964
237
6783
9085
5071
9240
9634
5307
3767
5248
5923
5782
7919
1347
4576
6217
8864
1373
3761
2333
1052
3118
655
1772
6247
4910
6214
5549
693
6382
3351
5915
1518
6774
3719
5300
3947
9614
3488
6435
8928
2153
3268
8289
3340
3004
9201
137
6734
1040
1911
3406
9815
7563
368
7232
8179
3131
4072
8404
1003
4816
6299
961
6811
9718
1204
9606
5581
7380
7117
375
6907
2001
2689
6805
2540
4657
5735
8118
7393
356
6649
9579
245
1103
7819
3101
2943
4161
8005
5287
4631
7006
3884
9469
60
7630
5089
8796
1455
6287
9324
3475
9316
3419
9834
4527
2308
944
8456
4964
2717
814
3797
3979
6155
9199
773
3431
8617
7282
1116
6425
7868
5844
4205
5459
7131
7146
4962
9010
7052
4738
5800
6758
392
6511
8862
7334
3502
2706
9736
825
3224
9540
2677
5517
312
9628
1385
5638
6791
9515
1235
1234
9986
6772
9340
8530
2067
2356
3232
4546
3457
8267
8307
2874
5898
1448
1987
7238
1619
122
6203
1203
4837
5407
5014
8112
4033
5640
2475
6064
351
7259
9099
1551
7375
3826
8016
2040
6148
5160
2634
9396
6225
5006
3326
4126
371
9499
4619
7862
932
5278
5948
3763
5605
8559
8792
4427
3121
9219
6157
4269
7787
9002
9544
2039
7424
216
8384
2012
699
1039
5726
5911
5122
8760
5647
9336
4332
7182
1753
7308
3144
50
9093
9863
7459
3533
5194
8319
6944
4046
6309
1293
1416
1879
8626
7359
5944
9486
2060
7503
3140
973
2456
6660
9006
6501
8742
4841
3481
1984
7757
1543
5696
8860
1027
8514
5565
5931
6849
1757
9777
3640
4699
1685
2430
3374
9077
9739
2319
9104
5402
5266
3655
2965
4017
3541
6042
1535
9786
6048
2863
1063
48
4262
8111
9923
3324
8179
9290
731
5378
6197
7177
8936
8999
1738
2391
782
5794
4539
2894
8980
1917
762
804
5862
7224
2161
3331
2817
9582
5621
8604
8736
4458
5932
8353
330
3839
9138
1365
2283
8683
1386
1006
5772
6630
2605
3075
5396
9355
2198
2454
4724
7039
7490
3019
2622
2336
2796
1922
7926
8257
7263
5062
110
5191
339
4731
6658
8868
5049
7088
9617
9752
9225
43
3808
8120
4087
9870
6911
4518
2095
8023
8830
416
8961
4734
5528
6743
3886
2192
3506
1308
3890
9747
6454
965
2470
9131
7466
8086
1199
6594
8552
9487
7627
7355
9003
5514
3361
2677
3003
5475
7881
5207
1866
7588
8407
8828
9037
5361
9948
6496
7986
5994
8430
4141
2030
4896
8531
4607
5690
6389
6036
646
3894
1536
7458
5381
8848
4350
4671
4881
5243
7942
1661
1247
1716
3503
5023
9743
334
3093
7555
2871
8336
8731
1183
5685
7681
4023
4810
4088
9947
2102
7478
1090
166
8150
9503
7906
7136
6119
1771
9568
8447
2957
9069
6665
1444
3246
4279
6185
8011
6843
2020
7573
816
2515
2881
9590
1112
619
228
4736
8369
2947
8797
5985
3568
510
2572
5445
2285
5264
7394
9026
7886
1084
5678
6742
298
5981
4493
321
7096
5428
8903
7242
1212
3020
3522
1306
5510
5433
8446
3071
7921
4361
8600
761
4956
5806
8741
3239
3482
4397
2619
7206
8451
5354
7872
2339
23
3133
2981
5230
7115
9024
9597
5487
7399
4271
9250
5097
203
8444
6068
2609
5281
4321
7469
2698
9500
6846
9167
4809
3068
6567
6020
7740
2925
2539
1957
5620
5050
5084
5157
5531
141
9413
1105
3737
3975
5503
8999
6367
8387
5928
3957
8144
8989
2884
3278
8846
7021
1138
248
6926
8262
5166
556
5819
1675
6272
3959
3755
8605
7162
7434
5575
8352
6866
4594
9213
230
2895
6988
8136
4556
7080
9080
173
2745
6819
9856
5453
5365
8081
8798
3120
238
811
5455
5464
8088
3461
6862
8526
3583
3639
4473
1724
7187
914
1428
6397
3948
5742
2457
9959
4113
7426
4916
2678
6820
1469
7174
7683
8163
3474
1944
6258
6260
8947
6016
4770
8002
3479
8901
2535
2538
4969
9442
1632
3467
8827
6657
4139
967
7539
7861
1768
4272
6696
6619
7904
6138
1704
5930
615
7614
8185
9536
7245
1248
2345
2221
4986
7742
2065
6741
3843
4508
9765
2612
6256
2458
9298
1489
5104
1377
3014
910
7855
3501
9647
1154
5580
8398
1400
6702
2275
5805
1509
1832
7204
9086
8046
1
7161
1844
2256
5790
6945
4232
4758
7633
8724
2423
5711
2000
6097
2524
8288
1576
1877
4197
1028
8243
522
2518
1415
4347
1161
8508
6227
6165
4666
1320
4760
937
5865
8749
9821
8458
9492
5702
2687
3282
3881
4006
7570
2542
8091
4213
6508
1524
6076
429
5271
4660
7577
9534
5358
285
8511
8898
9975
9112
2791
7710
1874
1633
827
1202
2104
4688
662
6304
9714
4302
1648
11
3980
4166
9367
5099
3203
6363
2236
8499
537
6385
5999
8423
4484
1764
4765
5804
2249
2775
896
8664
1042
6188
4525
6223
9852
1121
6250
4323
9950
6724
3809
3671
5964
1378
4427
4640
6500
4409
3319
7875
9426
5120
7409
1692
6499
4288
2561
5703
1189
9527
9652
2166
1241
9876
9384
6450
5148
1662
4154
9972
4786
3573
1135
8393
7500
1318
8348
6709
1592
521
373
1959
3795
3962
2966
4604
4911
3508
4616
398
5559
2289
5798
9702
8205
8837
2392
7339
2723
1453
5341
3714
9212
9417
9873
8160
9125
6593
7347
8013
1397
5884
2752
5524
5305
3610
2873
8809
6854
7107
8249
2469
9829
9346
2006
445
9543
2564
7665
5218
5737
9053
6891
3418
7252
132
3078
3098
7671
4644
5943
7765
2942
3977
8772
5508
739
8598
1406
1949
6885
7401
743
9394
8299
1428
7084
964
4037
3937
3830
3898
6771
628
2396
7976
8497
5788
3582
6151
8169
7269
4568
2299
5704
7228
536
3192
6427
6698
7744
21
9480
9231
261
1775
7298
3579
8359
1722
1621
7728
5578
8561
562
7664
2699
1014
3844
305
2229
442
2799
7767
1156
290
3155
6240
9900
7073
7323
2234
2313
88
1424
6449
6447
1868
2158
5934
533
1749
1910
8695
2921
5755
4850
563
5127
5232
4295
4833
4823
6479
2591
9810
4558
8241
9118
2813
5940
2300
7181
7842
6914
307
1551
4227
1160
1012
4324
1513
2149
7738
5674
3704
5843
8012
5011
4147
9307
2523
8982
4258
8554
4138
1547
2051
390
1772
2562
51
6208
7544
8824
8061
2055
8684
2544
5966
6319
906
1544
6726
1956
6608
2343
5418
468
548
2833
3767
6140
9955
4189
6802
3213
4989
7015
571
2182
1852
8471
9648
4601
3152
2185
8680
4967
8969
7890
8805
603
4611
9005
4661
3549
9207
186
2171
2435
626
1696
6024
8703
9248
8954
5815
8783
5585
4639
960
423
5539
7638
7758
8507
2857
8066
7341
7711
4783
6202
1774
529
3391
5969
9690
2307
8142
5322
4423
7016
5330
1725
9915
9130
2359
413
744
6477
9777
8850
6524
9009
6153
1905
103
507
401
5767
5313
1232
3409
7768
9685
560
7003
3879
9961
4011
7184
1818
5911
1490
8816
880
567
5689
1794
694
1534
1711
9092
2879
4245
580
8143
5775
171
8861
2424
4462
5875
9827
3170
6296
7782
784
891
4633
4742
8285
589
1067
5312
1783
1701
9729
803
5244
6931
3310
6767
3037
7725
5478
2896
9902
8004
2643
9254
703
5738
5046
237
8537
9845
2841
4191
5251
6509
7087
1606
1793
5864
7489
1564
8058
5101
711
3493
8495
8597
3832
4876
7463
2460
6663
8089
6585
5462
7261
5548
6850
593
3665
8748
9391
5387
2381
5245
167
1973
7229
809
2631
1566
7639
1825
4297
3265
261
337
9415
7541
9110
8758
7168
2010
8138
923
1624
56
9621
6617
9196
9404
2162
1299
6717
3297
2693
9379
3708
63
8349
1174
3058
1809
6414
1338
7785
4624
3523
8823
3596
6622
4921
7684
6405
6439
1218
3944
6586
7537
1357
757
6880
61
916
6298
1054
881
1538
9748
3087
7078
550
2748
4309
6722
9577
1011
3236
7249
4137
9549
2599
7243
1617
8047
969
5964
5870
4545
4340
5383
5402
6322
6547
8889
1652
3589
5060
6604
1643
9490
6828
6869
8649
8966
152
2998
4
2354
6197
8270
3987
2082
6706
8992
1126
8036
2357
5973
858
9353
3480
8208
6690
8052
1728
5417
771
5978
1215
1506
8751
6110
5391
8307
3581
6011
4905
6588
8010
2705
1520
5609
4894
1361
1829
9964
274
3564
6889
3790
9165
634
796
2975
6868
927
3088
1630
2830
7262
8946
4246
9782
176
6430
492
8463
7419
6489
2043
5903
6103
7686
3712
8825
8945
4360
7859
2463
7790
9172
399
2195
2716
6816
358
3128
3417
7048
9498
172
5338
5082
7981
4276
7271
6408
2384
2569
3195
6286
3357
5231
6595
7470
8994
6200
179
3733
1771
4118
4608
4549
1898
5380
1443
5922
1720
3958
4111
2769
5400
426
2816
7687
8210
979
637
3296
9962
386
5687
4834
5335
7386
4211
4519
140
1623
7495
7634
4460
6079
3873
8132
7968
6674
2726
5361
4702
5328
3717
9341
1578
8360
6299
7222
9559
1459
2200
2844
5180
1333
3988
9563
86
7514
8275
798
4919
732
6669
1079
2804
9516
1539
931
3341
8762
9722
9345
2978
9188
9489
8535
540
8166
3174
8204
7912
7996
4287
4860
1555
3402
9317
1073
7063
9325
184
270
8339
6117
2955
9998
5106
2517
6528
1323
8787
738
3231
6467
8032
2711
1292
1287
5346
9987
9719
5654
4146
6679
9591
8836
5005
3149
1359
3664
1430
2366
3635
8454
2497
5649
5963
4442
6013
8424
3089
1815
6440
6754
3594
4887
4789
2628
6731
8105
8881
9839
3724
7171
8918
1934
528
3557
2318
4745
9175
3785
4169
6473
7120
9938
236
1655
2018
197
240
251
1853
1410
7351
306
4326
6029
9843
8456
9427
3645
7002
5301
8315
9121
4663
9065
4773
8460
5586
5004
664
8715
4830
9210
8593
7802
477
2114
7823
1018
3500
3998
9287
1062
2187
3838
7010
2623
9459
5382
6619
1101
2386
9907
9338
2696
751
5362
6282
7884
3802
9329
9694
7414
4993
4022
9450
4776
800
427
7372
1142
8392
