6.4
7.0
7.7
8.5
8.8
8.8
9.2
9.4
10.1
10.4
10.6
10.7
10.7
10.8
10.8
11.0
11.0
11.1
11.2
11.3
11.4
11.4
11.5
11.5
11.6
11.6
11.6
11.7
11.9
11.9
11.9
11.9
12.1
12.1
12.2
12.6
12.6
12.7
12.8
13.0
13.0
13.0
13.1
13.1
13.3
13.3
13.4
13.4
13.5
13.5
13.5
13.6
13.6
13.6
13.6
13.6
13.7
13.8
13.9
13.9
13.9
14.0
14.0
14.0
14.1
14.1
14.2
14.2
14.2
14.2
14.3
14.3
14.3
14.3
14.4
14.4
14.4
14.4
14.5
14.5
14.6
14.7
14.8
14.8
14.9
14.9
14.9
14.9
15.0
15.0
15.0
15.0
15.0
15.0
15.0
15.1
15.1
15.1
15.2
15.2
15.2
15.2
15.3
15.3
15.4
15.5
15.5
15.5
15.5
15.6
15.6
15.7
15.8
15.8
15.8
15.8
15.9
15.9
15.9
15.9
16.0
16.1
16.1
16.2
16.2
16.2
16.2
16.2
16.3
16.3
16.4
16.5
16.5
16.5
16.5
16.5
16.6
16.6
16.6
16.6
16.6
16.7
16.7
16.7
16.8
16.8
16.8
16.8
16.8
16.8
16.8
16.8
16.9
16.9
17.0
17.0
17.0
17.0
17.0
17.1
17.2
17.2
17.3
17.3
17.3
17.4
17.4
17.5
17.6
17.6
17.6
17.6
17.6
17.6
17.6
17.7
17.7
17.7
17.7
17.7
17.8
17.8
17.8
17.8
17.9
17.9
17.9
18.0
18.0
18.0
18.1
18.1
18.2
18.2
18.2
18.2
18.3
18.3
18.3
18.3
18.3
18.4
18.4
18.4
18.5
18.5
18.6
18.6
18.7
18.7
18.7
18.8
18.8
18.8
18.8
18.9
18.9
18.9
18.9
19.0
19.0
19.0
19.1
19.1
19.1
19.1
19.1
19.2
19.2
19.2
19.2
19.2
19.3
19.3
19.3
19.3
19.4
19.4
19.4
19.5
19.5
19.5
19.5
19.5
19.6
19.7
19.7
19.8
19.8
19.8
19.8
19.9
19.9
20.0
20.1
20.1
20.2
20.2
20.2
20.2
20.2
20.2
20.3
20.3
20.3
20.4
20.4
20.5
20.5
20.5
20.6
20.6
20.6
20.6
20.6
20.6
20.7
20.7
20.7
20.7
20.7
20.8
20.8
20.8
20.8
20.8
20.9
20.9
20.9
21.0
21.0
21.0
21.1
21.1
21.1
21.1
21.3
21.3
21.3
21.3
21.3
21.3
21.4
21.4
21.4
21.4
21.5
21.5
21.5
21.5
21.6
21.6
21.6
21.6
21.7
21.7
21.7
21.8
21.8
21.8
21.9
21.9
21.9
21.9
21.9
21.9
21.9
22.0
22.0
22.0
22.1
22.1
22.1
22.2
22.2
22.2
22.2
22.3
22.3
22.3
22.3
22.3
22.3
22.4
22.4
22.4
22.4
22.4
22.4
22.4
22.5
22.6
22.6
22.6
22.7
22.7
22.8
22.8
22.9
22.9
22.9
22.9
23.0
23.0
23.1
23.2
23.2
23.3
23.3
23.3
23.3
23.4
23.4
23.4
23.5
23.5
23.5
23.5
23.5
23.5
23.5
23.6
23.6
23.6
23.7
23.7
23.8
23.8
23.9
23.9
23.9
24.0
24.0
24.1
24.1
24.1
24.2
24.2
24.2
24.2
24.3
24.3
24.3
24.3
24.4
24.5
24.5
24.5
24.5
24.6
24.6
24.6
24.6
24.8
25.0
25.0
25.0
25.0
25.0
25.0
25.1
25.1
25.1
25.1
25.2
25.2
25.2
25.3
25.4
25.4
25.4
25.4
25.4
25.4
25.5
25.6
25.6
25.6
25.6
25.6
25.7
25.7
25.8
25.8
25.8
25.8
25.8
25.9
25.9
25.9
25.9
26.0
26.0
26.1
26.2
26.2
26.2
26.2
26.3
26.3
26.3
26.3
26.4
26.4
26.4
26.4
26.5
26.5
26.5
26.5
26.5
26.5
26.6
26.6
26.6
26.6
26.6
26.7
26.7
26.7
26.8
26.8
26.8
26.8
26.8
26.8
26.9
26.9
26.9
26.9
26.9
27.0
27.0
27.0
27.0
27.0
27.1
27.1
27.2
27.2
27.2
27.3
27.3
27.3
27.3
27.4
27.4
27.4
27.5
27.6
27.6
27.7
27.7
27.7
27.8
27.8
27.8
27.8
27.8
27.9
27.9
27.9
27.9
27.9
28.0
28.0
28.0
28.0
28.1
28.1
28.1
28.1
28.1
28.1
28.2
28.3
28.3
28.3
28.3
28.4
28.4
28.4
28.4
28.4
28.5
28.5
28.5
28.6
28.7
28.7
28.7
28.7
28.8
28.8
28.8
28.9
28.9
29.0
29.0
29.0
29.1
29.1
29.1
29.2
29.3
29.3
29.3
29.3
29.4
29.5
29.5
29.5
29.6
29.6
29.6
29.6
29.6
29.7
29.7
29.8
29.9
29.9
29.9
29.9
29.9
29.9
30.0
30.0
30.0
30.1
30.1
30.1
30.1
30.1
30.2
30.2
30.2
30.3
30.3
30.3
30.4
30.4
30.5
30.5
30.5
30.5
30.5
30.7
30.7
30.8
30.8
30.9
30.9
31.0
31.0
31.0
31.1
31.1
31.2
31.3
31.3
31.3
31.4
31.4
31.4
31.4
31.5
31.5
31.5
31.5
31.6
31.6
31.6
31.6
31.6
31.7
31.7
31.7
31.7
31.8
31.9
31.9
31.9
31.9
31.9
32.1
32.1
32.1
32.2
32.2
32.2
32.2
32.3
32.3
32.3
32.3
32.4
32.4
32.5
32.5
32.5
32.5
32.6
32.6
32.6
32.7
32.7
32.7
32.7
32.8
32.8
32.8
32.9
33.0
33.0
33.1
33.1
33.2
33.2
33.2
33.2
33.4
33.4
33.4
33.4
33.5
33.5
33.5
33.5
33.5
33.5
33.5
33.6
33.6
33.6
33.7
33.7
33.7
33.8
33.8
33.8
33.9
34.0
34.0
34.1
34.1
34.1
34.1
34.1
34.1
34.2
34.2
34.2
34.2
34.2
34.2
34.3
34.3
34.3
34.3
34.3
34.4
34.4
34.5
34.5
34.5
34.5
34.5
34.5
34.6
34.6
34.7
34.7
34.8
34.9
34.9
34.9
35.0
35.0
35.1
35.2
35.2
35.2
35.3
35.3
35.4
35.4
35.6
35.6
35.7
35.7
35.8
35.8
35.9
36.0
36.0
36.0
36.0
36.1
36.1
36.1
36.1
36.2
36.2
36.2
36.3
36.3
36.4
36.5
36.5
36.5
36.6
36.6
36.6
36.6
36.7
36.7
36.7
36.7
36.7
36.8
36.9
36.9
36.9
37.0
37.0
37.0
37.0
37.1
37.1
37.2
37.2
37.2
37.3
37.4
37.5
37.6
37.6
37.6
37.6
37.6
37.6
37.6
37.8
37.8
37.9
38.0
38.0
38.1
38.2
38.2
38.2
38.2
38.3
38.3
38.4
38.5
38.5
38.6
38.6
38.6
38.6
38.6
38.6
38.7
38.8
38.8
38.8
38.8
38.9
38.9
38.9
39.0
39.0
39.1
39.2
39.3
39.3
39.4
39.4
39.5
39.6
39.6
39.6
39.6
39.7
39.8
39.8
39.9
39.9
39.9
40.0
40.0
40.0
40.0
40.0
40.1
40.1
40.1
40.2
40.2
40.2
40.2
40.3
40.3
40.3
40.4
40.4
40.5
40.5
40.6
40.6
40.6
40.7
40.7
40.7
40.8
40.8
40.8
40.8
40.8
40.9
40.9
40.9
41.0
41.0
41.0
41.1
41.1
41.1
41.2
41.2
41.3
41.3
41.3
41.4
41.4
41.4
41.4
41.5
41.6
41.6
41.6
41.6
41.6
41.6
41.7
41.7
41.8
41.8
42.0
42.2
42.4
42.4
42.5
42.5
42.5
42.7
42.7
42.7
42.8
42.8
42.9
42.9
43.0
43.0
43.0
43.0
43.1
43.1
43.1
43.2
43.3
43.3
43.3
43.4
43.4
43.5
43.6
43.6
43.6
43.7
43.7
43.8
43.8
43.8
43.9
43.9
43.9
43.9
43.9
44.0
44.0
44.0
44.1
44.1
44.1
44.1
44.1
44.2
44.2
44.2
44.2
44.2
44.3
44.3
44.4
44.4
44.6
44.7
44.7
44.7
44.7
44.7
44.8
44.8
44.8
44.9
44.9
45.0
45.0
45.0
45.0
45.1
45.1
45.2
45.3
45.3
45.4
45.5
45.5
45.5
45.6
45.6
45.6
45.7
45.8
45.8
45.9
46.0
46.0
46.1
46.1
46.2
46.3
46.4
46.4
46.4
46.5
46.5
46.5
46.6
46.6
46.7
46.7
46.7
46.8
46.8
46.8
46.8
46.8
46.9
46.9
46.9
47.0
47.1
47.2
47.2
47.2
47.3
47.3
47.3
47.4
47.4
47.4
47.4
47.5
47.6
47.6
47.6
47.6
47.6
47.7
47.8
47.8
47.8
47.8
47.8
47.9
47.9
47.9
47.9
48.1
48.2
48.2
48.2
48.3
48.4
48.4
48.4
48.5
48.5
48.5
48.5
48.5
48.5
48.6
48.6
48.6
48.7
48.7
48.9
48.9
48.9
48.9
48.9
48.9
49.1
49.3
49.3
49.4
49.4
49.5
49.5
49.6
49.7
49.9
49.9
50.0
50.0
50.0
50.0
50.1
50.2
50.2
50.2
50.2
50.4
50.5
50.5
50.6
50.7
50.7
50.8
50.8
50.8
50.9
50.9
51.1
51.1
51.1
51.1
51.2
51.2
51.3
51.3
51.3
51.4
51.5
51.5
51.7
51.8
51.8
51.9
52.0
52.0
52.2
52.2
52.2
52.3
52.4
52.5
52.5
52.5
52.6
52.6
52.7
52.8
52.9
53.0
53.0
53.0
53.1
53.1
53.1
53.2
53.2
53.4
53.4
53.5
53.5
53.7
53.7
53.8
53.8
53.8
53.8
53.8
53.9
53.9
53.9
53.9
54.0
54.0
54.1
54.1
54.1
54.2
54.3
54.3
54.3
54.5
54.5
54.6
54.6
54.6
54.7
54.8
54.8
54.8
54.9
55.0
55.2
55.3
55.3
55.4
55.4
55.4
55.4
55.5
55.5
55.6
55.6
55.6
55.7
55.7
55.8
55.9
55.9
56.0
56.1
56.1
56.1
56.1
56.2
56.3
56.3
56.3
56.4
56.5
56.5
56.5
56.6
56.7
56.7
56.7
56.7
56.7
56.8
56.8
56.8
56.9
57.0
57.1
57.2
57.4
57.4
57.5
57.5
57.7
57.7
57.7
57.8
57.8
57.9
57.9
58.0
58.2
58.2
58.4
58.4
58.4
58.7
58.7
58.8
58.8
59.0
59.0
59.1
59.1
59.1
59.3
59.3
59.4
59.4
59.5
59.6
59.6
59.7
59.8
59.8
59.8
59.8
59.8
60.0
60.0
60.0
60.2
60.3
60.4
60.6
60.6
60.7
60.7
60.8
60.9
60.9
60.9
61.0
61.1
61.1
61.1
61.1
61.2
61.3
61.3
61.4
61.4
61.6
61.7
61.7
61.8
61.9
62.0
62.0
62.1
62.2
62.2
62.4
62.5
62.6
62.6
62.6
62.7
62.8
62.8
62.8
62.9
62.9
62.9
63.1
63.1
63.1
63.2
63.2
63.5
63.5
63.6
63.7
63.7
63.8
63.8
63.9
63.9
63.9
64.0
64.1
64.1
64.2
64.2
64.4
64.4
64.5
64.6
64.8
64.8
64.9
64.9
65.0
65.0
65.1
65.1
65.2
65.2
65.3
65.3
65.5
65.5
65.6
65.8
65.8
65.8
65.9
66.0
66.0
66.0
66.1
66.2
66.3
66.3
66.4
66.5
66.6
66.7
66.7
66.9
66.9
66.9
67.0
67.0
67.1
67.2
67.3
67.3
67.3
67.3
67.4
67.5
67.5
67.7
67.7
67.7
67.8
67.9
68.0
68.2
68.5
68.6
68.7
68.8
68.8
68.9
69.0
69.1
69.1
69.1
69.1
69.1
69.2
69.3
69.7
69.7
69.7
69.8
70.0
70.0
70.0
70.2
70.5
70.5
70.6
70.6
70.8
70.8
70.9
71.0
71.0
71.2
71.3
71.4
71.5
71.7
71.7
72.0
72.1
72.1
72.2
72.3
72.3
72.5
72.5
72.8
72.9
73.3
73.3
73.5
73.6
73.7
73.7
73.8
73.8
73.9
73.9
73.9
74.0
74.1
74.1
74.3
74.9
75.0
75.0
75.0
75.2
75.3
75.3
75.4
75.4
75.5
75.7
75.9
76.0
76.0
76.0
76.1
76.2
76.3
76.6
76.6
76.7
76.7
76.8
76.8
76.8
76.9
76.9
76.9
77.0
77.1
77.2
77.6
77.7
77.7
77.9
77.9
78.1
78.1
78.2
78.2
78.2
78.3
78.6
78.6
78.6
78.6
78.6
78.8
78.9
78.9
79.0
79.1
79.1
79.2
79.3
79.3
79.6
79.8
80.0
80.0
80.0
80.1
80.2
80.3
80.3
80.3
80.4
80.6
80.7
80.8
80.9
81.0
81.0
81.2
81.2
81.4
81.5
81.6
81.7
81.9
82.1
82.4
82.5
82.5
82.5
82.6
82.9
83.0
83.1
83.3
83.4
83.4
83.5
83.5
83.6
83.6
83.6
83.6
84.0
84.0
84.1
84.1
84.2
84.3
84.3
84.4
84.4
84.4
84.5
84.6
84.6
84.6
84.7
84.7
84.8
84.8
84.9
85.1
85.2
85.3
85.3
85.5
85.5
85.6
85.8
85.9
85.9
86.2
86.3
86.3
86.3
86.3
86.4
86.4
86.5
86.9
87.3
87.3
87.7
87.7
88.0
88.1
88.3
88.5
88.6
88.6
88.7
88.8
88.8
88.9
89.1
89.2
89.4
89.5
89.7
89.8
90.1
90.2
90.2
90.3
90.4
90.5
90.5
90.6
90.9
91.0
91.1
91.2
91.3
91.5
91.7
91.7
91.7
91.8
91.9
92.0
92.0
92.0
92.1
92.1
92.1
92.2
92.3
92.6
92.7
92.8
92.9
93.0
93.2
93.2
93.2
93.3
93.6
93.9
94.0
94.1
94.8
94.8
95.2
95.4
95.5
95.5
95.5
95.7
95.9
96.0
96.1
96.2
96.4
96.7
96.9
96.9
97.0
97.1
97.2
97.3
97.4
97.6
97.7
97.9
97.9
98.1
98.1
98.2
98.2
98.3
98.4
98.9
99.3
99.4
99.6
99.6
99.7
100.0
100.0
100.1
100.3
100.4
100.6
100.6
100.8
100.8
101.0
101.0
101.1
101.1
101.2
101.3
101.4
101.7
101.8
101.8
101.8
101.9
102.2
102.3
102.4
102.6
102.7
102.9
102.9
103.3
103.3
103.5
103.6
103.7
104.1
104.1
104.2
104.2
104.2
104.4
104.5
104.5
104.6
105.0
105.2
105.3
105.4
105.6
105.9
106.0
106.1
106.2
106.5
106.9
107.0
107.0
107.5
107.9
107.9
107.9
108.0
108.3
108.3
108.3
108.5
108.5
108.6
108.9
108.9
109.0
109.0
109.1
109.3
109.5
109.9
110.2
110.2
110.4
110.4
110.5
110.6
111.0
111.0
111.4
111.5
111.6
111.6
111.8
112.0
112.1
112.3
112.6
112.8
113.0
113.1
113.4
113.5
113.7
114.3
114.5
114.5
114.7
114.8
114.9
114.9
115.1
115.3
115.4
115.6
115.9
116.0
116.4
116.9
117.0
117.0
117.8
118.2
118.3
118.4
118.6
119.1
119.3
119.6
119.6
119.6
119.7
119.8
119.8
120.0
120.6
120.7
121.0
121.8
121.8
121.9
122.1
122.2
122.3
122.3
122.3
122.7
122.9
123.0
123.2
123.8
124.3
124.5
124.6
124.6
126.0
126.0
126.1
126.1
126.3
126.8
127.1
127.2
127.8
127.9
128.4
128.7
129.0
129.1
129.1
129.1
129.2
129.5
129.6
129.8
129.9
130.4
130.6
131.9
132.1
132.3
132.4
133.1
133.2
133.3
133.5
133.7
133.8
133.9
134.1
134.1
134.2
134.2
134.4
134.6
134.6
134.8
135.1
135.4
135.9
135.9
136.0
136.0
136.2
136.6
136.6
137.9
138.3
138.7
138.7
138.8
138.8
139.3
139.7
139.9
140.3
141.2
141.4
141.7
141.8
142.2
142.2
142.2
142.5
143.1
143.1
143.6
143.7
144.0
145.1
145.3
145.4
145.9
146.2
146.3
146.4
146.6
146.7
147.0
147.2
147.3
147.4
147.5
147.6
147.7
147.9
148.3
148.4
148.6
149.2
149.3
149.4
149.7
149.9
149.9
149.9
150.2
150.3
151.1
151.3
151.8
152.6
153.1
153.3
153.6
153.6
154.0
154.4
154.7
154.8
154.9
155.7
155.9
156.0
156.6
156.7
157.5
158.0
158.0
159.0
160.2
160.6
160.7
160.9
161.1
161.2
161.7
161.7
161.8
162.5
162.9
163.0
163.6
164.2
164.5
164.6
164.7
165.6
165.8
165.9
166.1
166.1
166.2
166.4
166.6
166.7
166.7
166.7
166.8
167.6
168.8
169.1
169.7
169.9
170.8
170.8
171.4
171.8
173.3
173.6
174.0
174.7
174.8
175.4
175.5
175.9
176.1
176.1
176.4
176.9
177.7
178.0
179.9
180.6
180.6
181.7
181.8
183.1
183.3
184.3
184.9
185.3
185.5
185.8
185.8
186.4
187.8
188.4
188.7
189.2
189.4
189.8
190.0
190.7
192.2
192.6
194.1
194.1
194.5
195.1
195.4
196.0
196.1
196.4
197.0
197.5
197.9
198.7
198.9
199.8
200.0
200.2
201.7
202.1
202.2
202.9
203.1
203.2
203.7
203.8
203.8
203.8
204.1
204.4
205.0
206.5
206.5
207.2
208.4
208.6
208.9
209.1
209.4
210.0
210.7
211.1
211.3
211.5
212.9
213.1
213.6
214.2
215.6
216.6
216.8
217.1
217.6
218.6
219.0
219.2
219.5
219.9
220.5
221.1
221.2
221.4
221.4
222.3
222.8
223.9
224.5
225.2
225.3
225.3
226.2
226.3
227.2
227.4
227.6
228.1
228.3
228.9
229.5
229.6
229.9
230.1
230.2
230.4
230.4
230.9
231.3
231.8
231.9
232.6
232.7
233.1
233.3
233.4
233.5
233.7
233.8
234.0
234.5
234.6
234.8
235.0
235.1
236.1
236.4
236.8
237.6
237.7
237.8
239.4
239.5
240.3
241.8
242.1
243.2
243.7
245.7
245.9
246.7
247.3
248.5
249.0
249.4
250.0
250.5
250.6
250.8
250.9
250.9
251.8
251.8
253.3
256.6
257.3
257.3
257.5
258.5
258.8
259.5
260.2
260.2
260.5
261.7
263.2
263.8
264.2
264.2
265.2
265.3
265.4
266.0
266.4
267.1
267.4
267.6
267.7
269.8
270.6
270.7
271.3
272.3
273.2
273.8
274.9
275.3
275.4
275.7
276.0
276.6
276.6
276.8
277.5
277.6
278.0
278.2
278.3
278.5
279.1
280.0
280.3
280.5
280.5
282.0
282.3
282.5
282.8
282.8
283.3
283.3
283.5
283.8
284.4
284.4
284.6
285.3
286.1
286.3
286.3
286.7
287.1
288.1
288.3
289.0
289.4
290.0
290.8
291.4
291.5
292.3
292.6
292.7
293.4
293.5
294.4
294.6
295.3
296.0
296.5
296.5
296.6
297.4
297.6
298.5
298.6
298.7
298.8
299.0
299.2
299.9
301.3
301.7
301.8
301.9
302.8
303.3
303.9
304.3
304.3
305.8
307.2
307.7
307.8
309.7
310.2
310.5
310.6
311.8
313.5
313.6
314.6
315.8
316.5
317.2
317.7
317.8
317.8
318.9
319.4
319.8
319.9
320.2
321.2
321.5
322.2
322.3
323.0
323.1
323.4
323.5
323.9
324.6
324.8
325.1
325.9
327.2
328.1
328.4
329.6
331.9
332.3
332.9
332.9
334.3
334.5
334.7
334.8
337.1
337.5
337.7
337.7
338.2
338.3
338.8
339.4
340.0
340.0
340.8
341.1
341.7
342.5
343.4
343.6
344.3
344.5
344.6
344.6
345.1
345.7
346.7
347.0
347.6
347.7
348.9
349.7
349.8
350.3
350.6
351.0
352.6
353.0
353.1
353.4
353.5
354.6
355.2
355.2
355.2
355.5
355.6
358.1
358.7
360.1
360.9
361.5
361.9
362.4
362.5
362.6
362.7
362.9
363.2
364.0
365.3
366.0
366.5
367.0
367.9
367.9
368.1
368.2
369.5
369.7
369.8
371.1
371.7
371.9
372.7
373.0
375.9
377.5
377.8
378.6
378.7
379.0
379.1
379.2
379.7
380.0
380.2
380.7
380.7
380.8
382.0
383.8
384.6
385.1
385.1
385.2
385.6
385.8
385.8
386.6
387.1
387.1
388.5
389.4
389.8
390.5
391.1
391.3
391.3
391.7
392.6
393.2
393.9
395.2
395.3
395.5
395.9
396.1
396.6
397.4
398.1
398.6
399.0
399.5
403.6
403.9
404.6
405.2
406.7
406.7
407.8
407.8
407.8
407.9
408.1
408.4
408.6
410.1
410.5
411.2
412.0
412.5
414.1
414.3
414.3
414.6
415.0
417.3
418.5
419.5
419.9
420.4
420.6
420.9
420.9
421.5
421.6
422.4
422.7
422.8
422.9
424.3
424.7
424.8
424.8
425.7
426.1
426.5
427.0
427.0
428.6
428.8
429.5
429.9
430.5
430.9
430.9
431.4
431.9
432.1
433.1
435.3
435.4
435.5
435.6
436.1
436.1
436.3
436.7
439.9
440.2
440.3
440.8
440.9
441.1
441.1
441.4
441.4
441.8
441.9
442.1
442.2
443.4
443.9
444.2
445.8
445.8
446.1
447.0
447.2
447.9
448.4
448.6
448.7
449.0
450.3
451.5
452.2
452.9
453.1
453.1
453.4
454.0
454.2
454.6
454.9
455.0
455.2
455.5
455.7
456.0
456.2
456.4
456.9
457.3
457.3
458.6
459.0
460.3
460.3
461.4
461.4
461.8
461.9
462.2
464.1
464.2
464.4
465.1
466.0
466.7
467.0
469.0
469.2
469.3
469.3
469.5
469.9
470.4
470.5
471.2
471.3
473.1
476.3
476.8
476.8
477.1
477.8
477.8
477.8
478.6
478.6
479.0
479.3
479.5
479.6
479.8
479.9
480.1
480.1
480.1
480.6
482.1
482.3
482.5
482.7
482.7
483.8
484.7
484.8
484.8
485.6
485.7
485.8
486.8
487.0
487.3
488.5
489.0
489.6
490.1
490.2
491.6
492.6
492.7
492.8
493.0
493.1
493.3
493.5
494.5
494.7
495.6
496.6
496.7
497.2
497.4
497.9
498.0
498.3
498.7
499.1
499.1
499.1
499.3
499.9
500.0
500.2
500.5
500.8
501.1
501.4
501.5
501.7
503.2
503.4
504.1
504.5
504.8
505.1
505.5
505.5
510.1
510.3
511.1
511.4
511.5
511.6
511.8
512.3
512.5
512.6
512.7
512.9
513.6
514.0
514.1
514.3
514.7
516.8
517.1
518.0
518.9
519.3
519.7
519.9
520.1
520.1
521.4
521.7
521.7
521.8
521.9
522.3
522.6
523.2
524.3
524.6
524.9
525.3
525.3
525.4
526.7
526.9
526.9
527.4
527.7
528.6
529.2
531.6
532.2
532.3
532.3
532.4
533.6
535.3
536.0
536.7
536.7
536.9
537.0
537.5
538.0
538.2
538.6
540.7
541.0
541.9
542.2
542.5
543.4
544.0
544.2
544.9
545.0
545.2
545.4
545.8
546.9
547.2
547.4
547.4
547.5
548.5
548.7
549.7
550.1
550.6
551.9
552.1
553.4
554.0
554.3
554.9
555.4
556.2
556.5
557.0
557.2
557.2
557.8
557.8
558.5
559.2
559.4
559.7
560.5
561.5
561.6
561.9
562.3
563.0
563.3
563.3
564.0
564.1
565.1
565.1
565.4
566.4
566.9
568.7
569.0
569.0
569.3
570.2
570.8
571.3
571.9
573.4
573.9
573.9
575.8
576.3
576.5
577.6
577.9
577.9
578.0
578.2
578.9
579.5
579.6
580.5
581.2
581.5
581.5
582.2
582.5
582.6
582.8
583.3
583.9
584.0
584.9
585.2
585.3
585.8
586.4
586.4
586.9
587.0
587.9
589.0
589.6
590.2
590.6
590.8
591.9
592.5
592.6
593.0
593.0
593.9
594.1
595.5
595.7
596.5
596.6
598.0
599.0
599.0
599.1
599.7
600.1
600.2
600.5
601.4
601.8
601.9
603.2
603.6
604.8
605.3
606.4
606.4
606.4
607.9
607.9
608.5
608.9
609.5
609.9
610.2
611.1
611.7
611.8
611.9
612.9
613.1
613.3
613.9
614.1
615.1
615.5
615.5
616.3
617.1
618.1
618.2
618.3
618.3
619.2
620.0
620.2
620.3
620.5
620.8
621.7
622.7
622.8
622.8
622.9
623.5
623.6
623.6
624.0
624.5
624.7
625.0
625.2
625.9
626.9
627.3
627.4
627.9
629.4
629.4
629.7
630.0
630.1
630.6
630.7
630.8
631.5
631.8
632.0
632.2
632.5
633.3
633.3
634.3
634.3
634.9
636.6
637.3
637.3
638.2
638.8
639.5
639.7
639.7
639.8
640.8
641.0
641.0
641.4
641.8
641.9
642.3
642.4
642.7
642.8
642.9
643.5
643.6
644.4
644.9
645.0
646.2
647.2
647.3
647.4
647.5
648.2
648.5
649.8
649.9
650.1
650.5
650.6
651.0
651.2
651.2
651.4
651.5
652.1
652.4
653.2
653.3
653.4
653.8
654.6
654.8
655.0
655.6
655.9
655.9
656.3
656.4
656.5
657.9
658.7
659.5
659.7
659.7
659.7
659.8
660.7
662.8
663.3
664.1
665.0
665.1
665.5
665.9
665.9
666.1
666.9
667.5
667.6
667.7
668.3
668.4
668.4
668.6
668.8
669.9
670.3
670.8
671.0
671.1
671.2
671.3
671.4
671.5
672.5
672.9
673.7
674.0
674.1
674.3
674.7
675.6
675.8
676.2
677.9
678.1
678.5
678.5
678.6
679.7
679.9
680.2
680.9
681.1
681.3
681.6
681.8
681.9
682.3
682.4
682.8
683.0
683.4
683.4
683.7
683.8
683.9
684.5
684.9
685.5
685.7
685.9
686.0
686.1
686.4
686.7
686.8
688.4
688.7
688.8
689.4
690.1
690.1
690.3
691.1
691.3
693.9
694.4
695.0
696.0
696.0
697.7
697.7
698.4
698.6
698.8
699.4
699.8
700.4
701.4
701.4
703.1
703.2
703.6
703.6
703.9
703.9
704.1
704.4
704.5
705.2
705.4
705.5
705.8
705.9
706.4
706.7
707.3
707.7
709.0
709.6
709.8
710.0
710.2
710.5
710.7
711.3
712.8
712.9
712.9
714.0
714.0
714.1
714.1
714.4
715.5
716.1
716.9
717.0
717.1
717.9
718.4
718.7
718.7
719.3
720.0
720.1
721.1
721.6
722.2
723.4
723.8
724.1
724.4
725.0
725.2
725.8
726.1
726.4
726.4
726.4
727.6
728.9
729.1
729.2
729.2
729.5
729.5
729.8
729.8
730.2
730.2
730.6
730.6
733.0
733.2
733.2
733.3
733.8
734.7
734.9
734.9
737.2
738.3
738.4
740.4
740.4
740.5
741.4
741.7
742.0
742.9
743.1
743.6
743.7
743.7
744.6
745.1
745.3
746.1
746.3
748.0
748.8
749.2
749.4
750.0
750.2
750.3
751.0
751.4
752.2
753.1
753.2
754.1
754.7
754.7
757.4
757.7
758.3
758.7
759.8
761.0
761.3
761.8
761.8
762.0
763.1
763.3
764.4
764.7
765.0
765.4
766.0
766.0
766.7
767.4
767.7
767.9
768.8
768.9
768.9
769.0
769.1
770.5
770.6
771.6
771.7
772.4
773.3
774.4
775.3
775.5
775.7
776.3
777.5
777.5
777.7
778.5
778.7
779.3
780.2
781.1
781.7
782.5
782.7
782.8
782.9
783.1
783.1
783.2
783.5
784.5
784.8
786.3
787.0
788.4
788.9
789.2
789.2
789.3
789.8
790.1
790.4
791.7
791.7
791.9
792.4
792.7
793.4
793.6
793.6
794.4
794.7
795.5
795.7
796.4
796.6
797.4
797.5
798.3
798.3
799.9
800.3
800.8
801.1
801.3
801.5
803.0
803.4
804.1
805.5
805.7
806.2
806.2
806.7
806.9
807.2
807.8
809.0
809.1
810.2
810.2
811.1
811.9
812.8
812.9
813.4
813.7
815.0
815.3
815.3
815.6
815.9
816.7
816.7
817.9
818.0
818.0
818.1
818.2
818.5
818.7
819.5
819.6
819.7
820.2
820.3
820.6
821.1
822.1
822.3
822.6
822.9
824.4
824.5
824.6
824.8
825.1
825.2
825.2
825.3
826.8
827.1
828.3
829.2
829.3
830.5
830.9
831.0
831.1
831.2
831.7
831.7
832.3
832.8
834.7
836.0
836.0
836.3
837.2
837.8
837.9
839.2
839.3
841.5
843.0
843.9
844.1
844.6
845.0
845.0
845.8
846.0
846.2
846.3
847.0
847.5
847.8
848.1
848.7
849.2
849.7
850.1
850.2
850.4
850.5
851.0
851.2
851.2
851.5
851.9
852.5
852.9
854.6
854.7
854.9
855.1
855.2
855.3
855.8
855.9
856.6
856.9
858.1
858.5
858.8
861.4
862.7
862.7
862.9
863.7
864.1
864.1
864.8
865.1
865.2
865.2
865.7
865.8
867.5
867.7
867.9
869.8
869.8
870.0
871.6
872.1
872.7
874.3
874.6
874.6
876.5
876.6
877.0
877.5
877.6
877.9
878.6
879.4
880.0
880.1
881.3
882.5
882.9
883.2
883.3
883.6
883.9
883.9
883.9
884.6
884.9
885.6
885.8
885.9
886.0
886.0
888.0
888.4
889.1
889.7
889.8
891.6
892.4
893.4
893.7
894.7
895.2
895.2
896.0
896.3
897.0
898.7
898.9
899.2
899.3
900.0
900.5
900.6
900.8
902.2
902.8
903.0
903.0
903.2
904.5
905.5
905.6
905.7
906.3
906.3
906.8
906.8
907.5
907.9
910.3
912.0
913.0
913.7
913.9
913.9
914.0
914.1
914.3
914.9
914.9
915.2
915.2
915.5
915.6
915.9
916.6
917.5
918.5
918.8
919.4
920.4
920.4
921.2
921.6
921.6
922.7
922.7
923.0
923.1
923.3
923.4
923.7
923.7
924.0
924.5
925.2
926.4
926.9
927.1
927.3
927.4
927.6
928.5
929.6
930.1
930.2
930.6
931.0
933.0
933.2
934.1
934.3
934.3
934.8
935.0
935.2
935.4
936.2
936.5
936.7
938.3
938.3
938.7
939.5
939.5
939.6
939.9
940.2
940.5
940.8
941.2
941.8
942.3
942.3
944.1
944.7
945.0
945.8
946.8
946.8
947.1
947.1
947.2
947.3
947.9
949.5
949.5
950.1
950.1
950.7
950.8
951.3
951.3
953.1
953.3
953.7
953.7
953.9
954.4
954.9
955.9
956.3
957.0
957.7
957.9
958.4
959.4
959.6
959.9
960.2
960.5
961.2
962.4
962.8
963.1
963.2
963.4
964.3
965.1
965.5
965.6
966.5
967.1
967.6
967.6
967.7
968.4
968.5
968.7
969.1
969.9
970.1
970.3
971.4
971.8
971.8
972.5
972.7
972.8
972.8
972.9
973.2
973.5
974.1
974.4
974.5
974.8
976.1
976.1
976.4
976.4
976.9
977.7
978.1
978.3
978.3
979.2
979.4
979.8
980.6
980.9
981.3
981.4
981.6
982.1
982.3
982.5
982.8
984.5
984.7
984.9
985.1
985.3
985.4
986.3
986.7
987.1
987.5
987.6
987.7
987.9
988.3
988.6
989.8
990.0
990.0
990.8
990.8
990.9
991.0
991.3
991.3
992.7
992.8
993.0
994.9
995.5
996.8
997.2
998.0
998.1
999.2
999.5
