195.9
195.9
195.9
195.9
195.9
195.9
195.9
196.0
196.0
196.0
196.0
196.0
196.0
196.0
196.0
196.0
196.0
196.0
196.0
196.0
196.0
196.0
196.0
196.0
196.0
196.0
196.0
196.0
196.0
196.0
196.0
196.0
196.0
196.0
196.0
196.0
196.0
196.0
196.0
196.0
196.0
196.0
196.0
196.1
196.1
196.1
196.1
196.1
196.1
196.1
196.1
196.1
196.1
196.1
196.1
196.1
196.1
196.1
196.1
196.1
196.1
196.1
196.1
196.1
196.1
196.1
196.1
196.1
196.1
196.1
196.2
196.2
196.2
196.2
196.2
196.2
196.3
196.3
196.3
196.3
196.3
196.3
196.4
196.5
196.5
196.6
196.6
196.8
196.8
197.0
197.1
197.2
197.3
197.3
197.4
197.6
197.9
198.0
198.5
198.8
201.9
201.9
202.0
202.0
202.1
202.1
202.1
202.1
202.1
202.1
202.1
202.1
202.1
202.1
202.1
202.1
202.1
202.1
202.1
202.1
202.1
202.2
202.2
202.2
202.2
202.2
202.2
202.2
202.2
202.2
202.2
202.2
202.2
202.2
202.2
202.3
202.3
202.3
202.3
202.3
202.3
202.3
202.3
202.3
202.3
202.3
202.3
202.3
202.3
202.3
202.3
202.3
202.4
202.4
202.4
202.4
202.4
202.4
202.4
202.4
202.4
202.4
202.4
202.5
202.5
202.5
202.5
202.5
202.5
202.6
202.6
202.6
202.6
202.7
202.7
202.8
202.9
203.1
203.2
203.3
203.3
203.4
203.6
203.8
203.9
204.2
204.3
205.3
205.5
206.0
206.3
206.9
207.2
207.6
207.6
208.4
208.6
208.6
208.6
208.6
208.6
208.6
208.6
208.6
208.7
208.7
208.7
208.7
208.7
208.7
208.7
208.7
208.7
208.7
208.7
208.7
208.8
208.8
208.8
208.8
208.8
208.8
208.8
208.8
208.8
208.8
208.8
208.8
208.8
208.8
208.8
208.8
208.9
208.9
208.9
208.9
208.9
208.9
208.9
208.9
208.9
208.9
208.9
208.9
209.0
209.0
209.0
209.0
209.0
209.0
209.0
209.0
209.0
209.0
209.1
209.1
209.1
209.1
209.2
209.3
209.3
209.3
209.4
209.4
209.4
209.4
209.5
209.5
209.5
209.7
209.8
209.8
209.8
209.8
209.9
209.9
210.0
210.1
210.1
210.2
210.2
210.6
210.7
210.7
210.9
211.0
211.1
211.1
211.5
212.2
212.3
213.1
213.1
213.2
213.2
213.2
213.2
213.2
213.3
213.3
213.3
213.3
213.3
213.3
213.4
213.4
213.4
213.4
213.5
213.5
213.5
213.5
213.5
213.5
213.5
213.5
213.5
213.5
213.6
213.6
213.7
213.7
213.7
213.7
213.7
213.7
213.7
213.7
213.8
213.8
213.9
213.9
213.9
213.9
213.9
213.9
213.9
214.0
214.0
214.0
214.0
214.0
214.1
214.1
214.1
214.1
214.1
214.1
214.2
214.3
214.3
214.4
214.4
214.5
214.5
214.5
214.6
214.6
214.7
214.8
214.8
214.9
215.0
215.3
215.3
215.4
215.5
215.6
215.7
215.7
215.7
216.2
216.7
216.7
217.3
217.3
217.4
217.5
217.9
217.9
217.9
217.9
218.8
219.0
219.2
219.6
219.7
219.8
219.8
219.9
219.9
219.9
219.9
220.0
220.0
220.1
220.2
220.2
220.3
220.4
220.4
220.5
220.5
220.6
220.6
220.6
220.7
220.7
220.8
220.8
220.8
221.0
221.0
221.0
221.0
221.1
221.2
221.3
221.3
221.4
221.5
221.6
221.6
221.7
221.7
221.8
221.8
221.8
221.8
221.9
221.9
222.0
222.1
222.1
222.3
222.4
222.4
222.4
222.4
222.4
222.5
222.5
222.5
222.7
222.7
222.8
222.8
223.0
223.1
223.2
223.3
223.3
223.5
223.5
223.8
223.9
224.0
224.6
224.6
224.7
224.7
225.1
225.6
225.6
225.7
225.7
226.3
226.6
227.1
227.2
228.9
231.2
232.3
235.8
238.1
239.7
240.1
243.0
245.9
247.2
250.4
250.6
254.8
257.8
258.0
516.0
516.0
516.0
516.0
516.0
516.1
516.1
516.1
516.1
516.1
516.2
516.2
516.3
516.3
516.3
516.3
516.3
516.3
516.3
516.4
516.5
516.6
516.6
516.6
516.6
516.7
516.7
516.7
516.7
516.8
516.9
516.9
516.9
516.9
516.9
516.9
516.9
517.0
517.0
517.0
517.0
517.0
517.0
517.0
517.0
517.1
517.1
517.1
517.1
517.1
517.1
517.1
517.1
517.1
517.1
517.1
517.1
517.1
517.2
517.2
517.2
517.2
517.2
517.2
517.2
517.2
517.2
517.2
517.2
517.2
517.2
517.2
517.2
517.2
517.2
517.2
517.2
517.2
517.2
517.2
517.2
517.2
517.2
517.2
517.2
517.2
517.2
517.2
517.2
517.2
517.2
517.2
517.2
517.2
517.2
517.2
517.2
517.3
517.3
517.3
522.8
522.9
523.0
523.1
523.1
523.1
523.1
523.2
523.2
523.2
523.2
523.2
523.2
523.3
523.3
523.3
523.3
523.3
523.3
523.3
523.3
523.3
523.3
523.3
523.3
523.3
523.3
523.3
523.3
523.3
523.3
523.3
523.3
523.3
523.3
523.3
523.3
523.3
523.3
523.4
523.4
523.4
523.4
523.4
523.4
523.4
523.4
523.4
523.4
523.4
523.4
523.4
523.4
523.4
523.5
523.5
523.5
523.5
523.5
523.5
523.5
523.5
523.5
523.5
523.5
523.5
523.5
523.5
523.5
523.5
523.5
523.5
523.5
523.5
523.5
523.6
523.6
523.6
523.6
523.6
523.6
523.6
523.7
523.7
523.8
523.9
524.2
525.0
525.1
525.1
525.4
526.1
526.4
527.5
527.5
528.4
529.2
529.6
530.6
532.4
534.4
534.6
534.6
534.6
534.6
534.7
534.7
534.7
534.7
534.7
534.7
534.8
534.8
534.8
534.8
534.8
534.8
534.8
534.8
534.9
534.9
534.9
534.9
534.9
534.9
534.9
534.9
534.9
534.9
534.9
534.9
534.9
534.9
534.9
535.0
535.0
535.0
535.0
535.1
535.1
535.1
535.1
535.1
535.1
535.1
535.2
535.2
535.2
535.2
535.2
535.2
535.3
535.3
535.3
535.3
535.4
535.4
535.4
535.4
535.6
535.6
535.6
535.6
535.6
535.6
535.7
535.7
535.7
535.7
535.8
535.8
535.8
535.8
535.8
535.8
535.9
535.9
535.9
535.9
535.9
535.9
536.0
536.0
536.0
536.2
536.5
536.5
536.6
537.1
537.1
537.4
537.6
537.6
537.8
538.4
538.4
539.4
539.5
539.5
539.5
539.5
539.6
539.6
539.6
539.7
539.7
539.7
539.7
539.7
539.8
539.8
539.8
539.9
539.9
540.0
540.0
540.0
540.0
540.0
540.0
540.0
540.1
540.1
540.1
540.2
540.2
540.2
540.2
540.2
540.2
540.3
540.3
540.3
540.3
540.4
540.4
540.4
540.4
540.5
540.5
540.5
540.5
540.6
540.6
540.6
540.6
540.6
540.7
540.7
540.7
540.7
540.7
540.7
540.8
540.8
540.8
540.8
541.0
541.2
541.3
541.3
541.5
541.5
541.5
541.5
541.6
541.7
541.9
541.9
542.0
542.2
542.2
542.3
542.4
542.4
543.0
543.1
543.7
543.8
543.9
544.1
544.4
544.8
544.9
545.4
545.6
545.6
545.7
545.7
545.7
545.8
545.8
546.0
546.0
546.1
546.1
546.2
546.2
546.3
546.4
546.5
546.5
546.6
546.7
546.7
546.7
546.7
546.8
546.8
546.8
546.9
547.0
547.1
547.1
547.1
547.1
547.2
547.2
547.2
547.2
547.3
547.3
547.4
547.4
547.4
547.5
547.7
547.7
547.7
547.8
547.9
547.9
548.0
548.0
548.1
548.1
548.2
548.2
548.3
548.4
548.4
548.4
548.6
548.7
548.9
549.0
549.3
549.3
549.4
549.5
549.5
549.7
549.7
549.7
550.0
550.0
550.2
550.7
550.9
551.2
551.8
551.8
551.9
552.4
552.5
552.6
553.0
553.1
553.3
553.9
554.1
554.9
558.7
564.3
564.5
567.6
567.8
571.4
572.0
573.7
574.0
576.2
586.2
587.0
592.9
833.6
833.6
833.6
833.7
833.7
833.8
833.8
833.8
833.8
833.8
833.8
833.8
833.9
833.9
834.0
834.0
834.0
834.1
834.2
834.2
834.3
834.3
834.3
834.4
834.4
834.4
834.4
834.5
834.5
834.6
834.6
834.6
834.6
834.8
834.9
835.0
835.0
835.0
835.0
835.1
835.1
835.1
835.1
835.1
835.1
835.1
835.1
835.2
835.2
835.2
835.2
835.3
835.3
835.3
835.3
835.3
835.3
835.3
835.3
835.3
835.3
835.3
835.3
835.3
835.3
835.3
835.3
835.4
835.4
835.4
835.4
835.4
835.4
835.4
835.4
835.4
835.4
835.4
835.4
835.4
835.4
835.4
835.4
835.4
835.4
835.4
835.4
835.4
835.4
835.4
835.4
835.4
835.4
835.4
835.4
835.4
835.4
835.4
835.4
835.4
841.0
841.1
841.2
841.2
841.3
841.3
841.3
841.3
841.3
841.4
841.4
841.4
841.4
841.5
841.5
841.5
841.6
841.6
841.6
841.6
841.6
841.6
841.6
841.7
841.7
841.7
841.7
841.7
841.7
841.7
841.7
841.7
841.7
841.8
841.8
841.8
841.8
841.8
841.8
841.8
841.8
841.8
841.8
841.8
841.8
841.8
841.8
841.8
841.8
841.8
841.8
841.9
841.9
841.9
841.9
841.9
841.9
841.9
841.9
841.9
841.9
841.9
841.9
841.9
841.9
841.9
841.9
841.9
842.0
842.0
842.0
842.0
842.0
842.0
842.0
842.0
842.0
842.0
842.0
842.0
842.0
842.0
842.0
842.0
842.0
842.1
842.1
842.7
842.8
843.0
843.0
843.6
843.9
845.2
845.2
846.1
846.8
847.4
848.4
850.4
854.8
855.0
855.0
855.0
855.0
855.1
855.1
855.2
855.2
855.2
855.3
855.3
855.3
855.3
855.3
855.3
855.3
855.3
855.4
855.4
855.4
855.4
855.4
855.4
855.5
855.5
855.5
855.5
855.6
855.6
855.6
855.6
855.7
855.7
855.7
855.7
855.7
855.7
855.8
855.8
855.8
855.9
855.9
855.9
855.9
856.0
856.0
856.1
856.1
856.1
856.1
856.1
856.1
856.2
856.2
856.4
856.4
856.4
856.4
856.5
856.5
856.7
856.7
856.8
856.8
856.8
856.9
857.0
857.1
857.1
857.3
857.4
857.4
857.4
857.4
857.5
857.5
857.6
857.6
857.6
857.6
857.7
857.7
857.7
857.7
857.8
857.9
857.9
858.0
858.2
858.3
858.9
859.1
859.2
859.9
860.0
860.0
860.0
860.1
860.2
860.2
860.2
860.2
860.3
860.3
860.4
860.4
860.4
860.5
860.5
860.6
860.6
860.7
860.7
860.9
860.9
860.9
860.9
861.0
861.1
861.1
861.1
861.2
861.2
861.2
861.2
861.2
861.2
861.2
861.3
861.3
861.3
861.3
861.3
861.3
861.4
861.4
861.4
861.4
861.5
861.5
861.6
861.6
861.7
861.8
861.9
861.9
862.0
862.1
862.2
862.2
862.2
862.3
862.3
862.5
862.5
862.6
862.7
862.8
863.4
863.6
863.6
863.7
863.9
863.9
863.9
863.9
863.9
864.0
864.1
864.1
864.2
864.4
864.5
864.6
864.7
865.1
865.1
865.5
865.6
866.0
866.0
866.2
866.3
866.3
866.4
866.5
866.5
866.5
866.5
866.8
866.9
866.9
866.9
867.0
867.0
867.0
867.0
867.1
867.3
867.4
867.5
867.5
867.6
867.6
867.6
867.6
867.8
867.9
868.0
868.2
868.3
868.4
868.4
868.5
868.5
868.7
868.8
868.8
868.9
869.0
869.0
869.0
869.1
869.1
869.1
869.1
869.3
869.3
869.4
869.4
869.5
869.5
869.5
869.5
869.5
869.6
869.6
869.8
869.9
869.9
869.9
870.1
870.1
870.5
870.6
871.0
871.6
871.6
872.3
872.5
872.6
872.6
872.6
873.0
873.3
873.4
873.6
874.2
874.7
876.3
876.6
876.6
876.7
876.8
876.8
878.0
878.7
879.4
879.8
879.9
879.9
880.1
880.6
880.8
880.8
881.0
881.8
882.1
882.2
882.9
883.7
884.2
884.6
885.4
886.2
886.3
886.4
886.7
887.7
888.2
888.7
890.0
890.1
891.9
892.3
892.8
893.0
893.4
895.3
901.7
905.9
911.9
916.4
923.7
