42
45
28
35
36
38
39
40
41
43
44
46
47
48
49
50
51
53
54
55
56
25
26
27
29
30
31
32
33
34
37
52
57
58
59
60
17
19
20
21
22
23
24
61
62
63
64
65
66
67
13
14
15
16
18
69
70
11
12
68
72
73
74
71
75
76
77
78
9
10
79
80
81
8
82
83
84
85
5
6
7
86
3
4
87
90
91
88
89
92
2
94
95
93
1
96
97
98
0
42
44
45
54
28
35
38
40
47
51
53
55
56
22
34
36
39
43
46
48
50
57
62
67
21
26
27
29
31
32
41
49
52
58
59
60
17
20
25
30
37
61
63
64
65
66
69
70
13
14
16
19
23
33
11
12
15
24
73
74
78
81
72
77
79
99
18
75
76
80
10
68
9
71
82
83
8
84
85
7
6
86
5
87
4
90
3
88
89
91
92
2
94
93
95
1
54
96
42
35
40
44
45
67
28
38
47
53
55
56
62
97
34
36
48
51
57
21
22
46
50
60
17
31
32
39
66
69
81
14
26
29
41
43
52
58
59
63
64
65
70
13
20
25
27
49
61
78
98
11
12
15
73
74
16
23
30
37
77
79
19
33
80
0
72
83
9
10
24
75
76
8
82
85
18
84
68
7
71
99
6
86
5
87
90
4
3
89
92
91
88
42
54
35
38
40
44
45
47
55
56
36
46
48
50
51
53
28
34
39
43
52
57
32
41
49
58
59
60
29
31
37
62
27
61
67
26
30
33
63
64
65
21
22
25
66
20
69
94
2
23
70
17
19
24
14
72
73
13
15
16
74
11
12
18
68
77
75
78
93
71
76
79
81
80
95
9
10
8
1
83
97
82
96
85
84
7
6
54
42
98
35
40
44
45
55
56
38
47
48
51
53
28
34
36
46
50
57
86
5
39
62
43
52
60
67
31
32
41
49
58
59
87
29
90
26
27
37
61
63
64
65
66
21
22
30
4
25
33
69
3
20
70
0
17
23
89
92
73
91
99
19
24
72
88
13
14
16
74
15
77
12
78
11
18
68
81
75
76
79
80
71
10
9
83
8
82
94
2
84
85
54
42
44
93
7
35
45
55
56
38
40
47
53
95
48
51
6
28
34
36
46
50
57
62
67
86
39
52
60
31
43
58
59
32
41
49
97
21
22
29
63
65
96
26
27
61
64
66
87
1
37
69
5
25
30
33
70
17
20
90
23
73
4
13
14
19
24
72
74
3
81
16
77
78
12
15
11
88
89
92
76
18
68
79
75
80
91
54
71
98
42
10
44
35
55
83
9
38
40
45
56
47
53
82
48
51
57
62
8
28
34
36
46
50
67
39
60
52
31
32
43
58
59
85
41
65
29
49
63
64
66
21
22
26
61
84
0
27
25
37
69
30
70
33
7
20
17
94
2
99
23
73
6
19
72
13
14
24
74
86
77
16
78
12
15
81
5
11
68
76
87
93
18
54
75
79
80
95
42
71
90
4
44
1
3
35
40
55
56
10
38
45
62
47
53
67
9
28
83
34
36
48
51
57
96
46
82
92
97
8
50
88
89
60
39
31
52
65
21
22
32
58
59
64
66
91
43
63
26
29
41
61
69
49
70
85
25
27
84
20
30
37
17
73
33
23
7
74
72
13
14
19
77
78
98
24
6
16
81
12
15
76
2
11
86
54
75
79
80
18
68
94
0
5
42
44
55
56
35
38
40
45
47
53
48
50
51
57
87
46
62
34
36
52
71
28
39
60
67
10
43
58
59
4
41
49
83
3
31
32
90
9
82
29
61
63
64
65
66
21
22
26
27
37
8
93
25
30
33
69
70
95
99
1
20
85
89
92
17
88
23
84
73
91
72
19
24
74
96
13
14
54
16
77
7
78
97
15
81
12
42
11
44
55
56
68
76
35
45
18
38
40
47
53
62
75
48
51
57
79
6
46
50
67
80
28
34
36
60
39
52
71
86
58
59
31
43
32
41
49
65
63
64
29
61
66
2
22
10
21
26
27
5
69
25
37
83
9
30
70
87
33
94
82
20
98
4
8
90
3
17
23
73
72
0
19
85
54
74
13
24
84
14
77
16
78
15
42
89
92
12
81
44
68
76
88
11
35
55
56
62
93
45
75
38
40
53
67
79
1
7
18
47
48
51
57
91
28
80
95
34
36
46
50
60
52
71
39
58
59
99
6
43
65
31
41
64
66
32
49
63
21
22
61
26
29
69
96
27
86
10
37
70
25
30
97
33
83
20
9
54
82
17
73
5
8
23
87
42
72
2
44
55
56
74
19
24
35
38
40
45
53
62
13
14
47
77
90
3
4
48
57
85
51
67
78
94
46
16
28
34
36
50
84
15
60
68
81
12
76
52
39
59
11
18
58
75
31
43
65
79
32
63
64
66
41
80
49
61
29
71
98
21
22
26
27
69
92
7
25
37
70
30
88
89
33
54
20
91
6
10
73
17
93
23
42
0
83
9
44
72
82
86
1
55
56
35
62
95
38
40
45
74
19
24
53
47
67
57
8
28
48
51
13
14
34
77
36
46
50
60
68
78
5
16
15
39
52
65
76
81
87
59
64
12
31
58
66
18
63
75
85
11
32
43
96
97
41
61
79
84
29
21
22
49
69
26
71
80
27
70
99
3
90
4
25
37
2
30
54
20
33
94
73
17
42
7
23
44
72
10
55
56
35
62
38
40
45
53
47
74
48
51
57
67
83
19
50
92
9
24
28
46
82
34
36
60
88
89
6
52
39
58
59
77
13
14
43
41
65
31
32
49
63
64
68
78
8
16
61
66
86
91
15
76
29
12
81
21
22
26
27
54
69
98
18
37
75
11
25
70
79
30
33
71
80
85
5
20
42
84
95
44
93
56
87
55
62
1
35
73
38
40
45
53
17
23
47
57
67
48
51
72
46
50
28
34
36
60
0
52
4
59
19
39
58
74
3
24
43
65
90
10
64
31
32
41
63
66
49
61
7
77
13
68
14
29
83
9
54
16
26
27
69
82
2
21
22
78
96
37
15
70
76
25
30
12
33
97
8
18
75
81
11
6
42
71
79
20
44
56
62
55
92
35
80
86
73
88
38
40
45
67
94
53
89
23
57
17
47
72
28
48
51
34
46
50
36
60
84
85
91
52
19
39
59
65
24
58
64
74
31
43
63
66
32
61
41
5
49
99
29
54
68
77
69
13
26
14
21
22
27
10
70
87
16
25
37
15
30
78
76
33
42
9
44
55
56
83
75
18
35
45
53
62
12
38
40
47
57
82
7
48
51
71
81
4
20
50
67
11
46
3
79
34
36
60
28
52
73
8
59
90
58
23
39
43
72
1
17
65
80
63
64
41
93
31
32
54
61
66
49
95
98
19
6
24
29
74
27
69
26
68
21
22
37
2
30
42
25
44
56
70
77
86
33
55
84
35
53
62
13
38
40
45
47
48
57
14
51
16
50
85
46
67
36
60
76
34
78
15
20
28
52
10
59
92
18
58
39
71
75
43
65
88
12
64
0
63
73
23
54
61
31
32
41
66
72
89
5
9
11
49
81
79
17
83
82
29
24
69
27
19
26
91
74
80
8
37
42
68
21
96
22
30
56
25
44
55
62
70
33
35
7
38
40
45
53
94
47
57
48
67
51
77
50
87
97
46
60
34
28
36
13
52
59
20
39
58
4
14
16
65
76
64
3
63
71
43
54
66
18
31
61
73
78
15
23
32
72
75
41
49
29
6
12
17
69
84
10
27
90
26
11
42
55
56
24
44
53
37
57
79
19
45
47
48
51
62
35
38
40
50
21
22
46
70
25
30
33
68
74
81
52
60
67
59
36
58
34
39
9
54
80
28
85
43
65
63
64
83
61
86
41
77
32
66
31
82
49
20
29
71
73
42
55
56
72
44
23
53
76
8
13
57
27
45
47
48
51
37
38
40
50
62
16
35
69
46
26
14
52
60
59
33
30
36
58
18
54
67
34
75
39
15
78
17
25
43
2
21
22
24
70
28
68
65
63
19
61
64
41
5
32
66
49
31
74
12
11
1
42
55
56
44
7
29
53
57
45
20
38
47
48
51
62
35
40
50
79
37
46
27
60
52
59
77
54
36
69
72
58
26
33
34
67
30
73
23
39
71
43
81
80
28
10
63
65
61
64
25
41
76
68
70
22
99
32
66
88
21
31
49
92
93
16
18
24
84
9
13
42
56
44
55
62
17
14
19
29
45
53
35
57
40
38
47
48
75
51
50
46
27
60
54
37
52
59
67
15
58
36
34
33
39
30
78
89
20
74
63
69
43
64
65
26
28
61
72
41
82
23
66
83
32
31
49
4
56
73
71
70
42
55
57
68
25
44
53
6
45
62
40
38
48
35
60
51
28
35
26
27
29
30
31
32
33
34
36
38
39
40
42
45
25
37
41
43
44
46
47
67
21
22
48
49
51
53
54
62
63
64
66
20
23
24
50
52
55
56
57
58
59
60
61
65
69
19
68
70
17
71
72
73
16
18
74
13
14
15
75
76
77
11
12
78
79
80
9
81
10
8
82
83
84
7
28
35
34
38
40
42
45
67
26
29
31
32
36
39
44
47
54
6
25
27
30
46
48
51
62
21
22
33
41
43
50
53
55
56
60
63
64
65
66
69
5
37
49
52
57
58
61
20
23
59
70
24
85
19
73
17
68
72
74
71
16
18
77
14
15
75
86
13
76
3
4
78
11
12
79
80
81
2
87
9
10
90
91
82
92
88
8
83
89
1
84
54
28
35
42
67
38
40
44
45
62
34
21
22
26
31
36
47
55
56
32
39
46
48
51
53
69
25
29
57
66
70
94
20
27
43
50
60
64
65
95
7
30
41
63
73
85
17
23
52
58
59
61
6
49
93
33
37
74
0
19
24
72
96
16
5
77
13
75
14
15
68
76
18
78
86
97
79
11
12
71
80
81
3
4
98
10
87
9
82
83
90
42
54
99
8
38
40
44
45
47
35
36
46
48
50
51
53
55
56
34
39
43
57
88
28
41
49
52
2
31
32
37
58
59
60
29
33
91
92
27
30
62
26
61
67
63
65
89
21
22
25
64
66
84
20
69
23
24
70
17
19
85
7
1
72
73
14
16
68
13
15
18
74
6
11
71
77
12
75
76
78
94
5
79
81
86
80
95
93
10
54
42
4
9
35
44
45
3
38
40
47
53
55
56
36
46
48
50
51
28
34
39
57
0
43
52
96
31
32
41
49
58
59
60
62
8
67
82
29
37
83
26
27
30
33
21
22
61
63
64
65
66
87
25
97
20
69
23
70
17
90
19
24
73
84
72
2
88
98
14
16
13
15
68
74
92
18
85
7
77
91
12
89
11
71
75
76
78
6
79
81
80
5
1
54
10
42
44
99
9
35
38
40
45
55
86
46
47
48
51
53
56
36
50
57
28
34
39
41
43
49
52
58
59
60
62
94
31
32
37
67
29
3
4
26
27
30
33
82
8
21
22
61
63
65
83
25
64
66
20
69
23
70
95
17
24
93
19
73
87
72
14
16
13
68
74
84
15
18
90
0
96
77
11
12
71
85
76
78
54
75
97
7
81
42
79
88
92
2
35
44
38
40
45
55
56
80
91
47
48
51
53
89
6
28
34
36
46
50
57
62
39
43
52
60
67
31
32
41
49
58
59
10
29
37
26
27
61
63
64
65
98
9
21
22
30
33
66
25
5
69
20
86
70
23
82
83
8
17
24
1
19
73
4
72
3
13
14
16
74
94
68
15
18
77
12
99
11
71
78
84
87
54
75
76
42
44
79
81
85
35
90
95
38
40
45
55
56
80
93
47
53
62
7
28
48
51
57
67
34
36
46
50
39
52
60
31
32
41
43
49
58
59
6
26
29
65
88
10
21
22
27
37
61
63
64
66
96
25
30
33
92
9
69
89
91
2
20
70
97
0
23
17
82
24
83
5
8
19
73
86
72
74
13
14
16
54
68
15
18
42
77
35
44
98
4
11
12
55
56
78
3
38
40
45
62
71
76
47
53
67
75
28
48
51
57
34
36
46
50
81
84
79
1
60
39
52
80
87
94
31
32
43
58
59
41
49
65
85
26
29
63
64
66
21
22
27
61
37
25
30
33
69
7
90
70
20
10
9
23
17
6
95
24
73
93
99
19
72
88
82
54
83
92
8
74
14
13
16
68
89
91
15
18
42
77
86
2
5
35
44
96
55
56
62
12
40
45
67
78
11
38
53
71
76
28
47
75
97
48
51
57
34
36
46
50
79
81
60
39
52
4
31
58
59
80
3
32
43
65
66
84
21
22
41
49
63
64
0
26
29
61
27
69
25
30
37
85
33
70
87
20
10
23
7
17
9
54
1
24
73
19
72
90
98
94
42
6
74
14
35
44
13
16
55
56
62
68
82
83
8
40
45
67
15
18
38
77
28
53
47
48
57
34
36
51
12
46
78
88
11
50
60
71
76
92
39
75
86
31
52
59
65
5
32
58
64
66
81
41
43
63
79
89
93
95
21
22
26
29
49
61
91
69
27
80
2
25
30
37
70
33
84
20
4
54
3
23
85
17
73
96
10
19
24
99
42
72
9
7
87
35
44
62
74
97
55
56
14
67
13
16
38
40
45
68
28
53
15
18
47
77
57
82
83
0
6
8
34
48
51
36
90
12
46
60
78
50
76
1
11
71
65
75
31
39
52
59
64
66
22
58
63
21
26
32
43
79
81
94
41
61
69
29
49
25
27
70
37
80
86
5
30
33
54
20
88
92
98
84
17
23
89
42
73
91
2
19
24
35
62
72
85
10
3
4
67
93
9
28
74
95
13
14
7
16
68
77
15
18
60
87
65
82
83
8
12
66
78
31
39
52
59
63
64
76
6
11
58
71
21
22
26
32
75
43
61
69
96
29
41
27
49
70
81
25
79
54
90
30
37
33
80
97
20
99
42
23
0
1
17
73
86
5
62
94
19
24
67
72
84
88
74
92
10
85
14
9
13
89
16
68
77
46
60
91
4
15
18
50
3
65
2
66
7
64
78
12
31
39
63
21
22
52
58
59
76
82
83
98
11
26
32
69
8
61
71
75
29
43
70
41
87
93
25
27
54
81
95
49
79
6
30
37
33
20
42
44
35
55
56
80
45
38
40
23
53
62
17
73
90
67
28
19
24
72
74
86
96
84
5
10
13
14
65
68
16
66
77
85
97
9
64
15
18
31
63
39
21
22
52
88
92
94
1
26
32
58
69
78
12
61
29
43
70
76
11
41
71
4
25
27
75
82
83
89
0
3
49
99
7
8
91
30
37
42
81
20
33
44
79
35
55
56
2
23
73
80
87
6
17
67
72
19
24
74
93
98
90
95
13
14
66
68
84
10
16
77
86
15
31
63
18
21
22
39
59
69
9
26
52
58
85
5
32
70
61
78
12
29
54
76
25
43
11
27
41
75
42
71
44
35
49
82
83
96
20
30
37
38
40
45
55
56
81
8
33
62
79
88
47
53
92
7
28
57
4
48
51
67
97
3
17
23
73
89
94
1
34
80
60
72
91
19
24
6
87
65
74
2
64
66
0
14
13
68
77
16
21
22
69
26
99
10
18
32
61
15
70
84
29
43
90
78
9
25
27
12
41
42
76
86
44
85
11
35
49
93
30
38
40
45
55
56
71
75
5
20
37
95
33
53
81
79
82
83
23
73
98
8
17
7
80
72
19
24
4
88
92
74
3
89
96
6
21
94
13
14
22
68
69
77
26
87
16
32
70
91
97
1
61
15
18
29
10
25
43
42
78
27
35
41
44
76
84
2
12
38
40
9
45
55
56
49
11
20
28
30
37
47
53
71
75
33
34
48
57
85
36
51
90
81
86
46
73
79
23
50
60
17
83
0
82
5
8
65
72
80
19
64
66
24
63
74
7
93
99
95
21
22
69
26
32
4
13
14
68
77
70
3
16
29
88
92
43
6
25
15
18
27
41
98
38
40
45
78
89
10
28
47
49
76
12
20
30
37
57
87
33
51
75
91
9
11
71
84
60
94
73
23
81
96
17
79
1
85
65
72
2
64
66
83
86
82
90
19
80
97
24
8
74
5
69
21
22
26
32
70
7
77
13
14
29
68
43
16
35
42
44
25
27
38
40
41
45
56
15
55
18
28
34
47
53
36
48
57
78
0
49
51
30
37
46
76
4
20
33
50
3
6
10
12
60
93
75
88
11
71
73
92
23
95
9
17
65
81
84
64
66
79
87
89
63
72
99
85
19
24
83
80
82
91
61
69
74
21
22
26
32
86
94
8
70
98
29
43
90
77
13
14
25
41
68
1
2
27
28
45
5
16
47
96
34
49
51
7
15
18
30
37
60
78
20
33
76
97
12
65
10
73
75
23
64
11
17
63
66
71
31
81
4
6
9
72
79
3
84
19
61
69
21
22
24
32
26
74
88
92
80
83
70
82
85
87
29
43
38
40
0
45
89
93
25
28
8
27
34
41
47
53
68
77
13
14
36
48
57
51
95
16
46
49
50
86
91
60
30
37
15
20
33
18
65
78
76
90
59
5
39
52
64
73
12
31
63
66
7
23
58
17
75
94
2
10
11
71
61
72
81
32
79
69
1
19
21
22
26
99
9
24
98
43
29
74
70
6
84
80
96
4
28
34
41
3
27
83
25
51
82
77
85
49
60
68
97
14
13
37
8
30
16
33
92
87
88
20
65
15
59
64
18
63
66
78
31
58
73
76
23
89
12
86
17
61
75
32
11
71
72
69
91
5
7
10
21
22
81
26
43
93
79
19
29
67
90
24
70
95
74
0
28
47
9
34
48
57
36
41
46
51
25
27
50
80
60
49
84
2
94
77
83
6
68
30
37
82
13
14
65
33
59
39
52
64
4
16
20
85
31
58
63
66
1
8
3
15
73
18
78
61
23
42
76
32
44
62
17
56
35
55
12
69
75
38
40
43
72
87
21
22
26
45
53
67
71
96
11
29
47
98
28
34
48
57
36
70
88
92
19
41
46
51
81
24
50
79
10
74
86
27
60
99
7
25
49
97
89
5
9
37
80
30
59
65
33
39
52
68
77
64
58
63
66
90
20
31
13
14
91
83
16
84
61
62
73
82
15
32
6
35
55
18
23
38
40
76
78
93
17
43
45
53
69
85
8
47
67
48
57
2
21
22
26
72
29
34
51
95
12
28
36
46
75
4
50
71
41
70
3
11
19
60
24
27
49
74
81
94
0
25
79
59
10
52
37
39
65
30
1
33
58
64
87
63
31
68
80
66
77
9
42
86
7
20
62
44
13
56
61
92
14
55
35
88
16
32
73
38
40
45
53
67
5
15
23
83
47
57
69
18
43
48
78
82
17
26
28
34
51
76
84
96
21
22
36
89
29
46
50
72
41
70
60
75
8
12
71
90
6
27
85
19
24
49
91
11
25
74
59
52
65
39
81
79
98
64
30
37
58
97
42
63
31
33
66
44
56
62
55
10
68
35
61
77
4
20
53
54
38
40
45
32
47
57
48
67
80
2
43
51
13
73
3
14
46
50
34
36
69
9
28
16
23
29
26
41
21
22
60
93
15
18
72
17
70
99
7
76
78
49
27
87
86
59
82
83
95
52
71
75
25
65
19
24
39
12
94
37
42
58
64
30
63
74
84
62
5
31
33
44
56
66
55
11
92
1
8
35
54
53
61
38
40
79
45
32
47
48
57
81
67
68
20
51
88
0
43
46
50
85
34
36
77
6
28
69
73
29
41
26
60
23
89
10
13
14
22
80
21
16
70
72
90
49
17
27
18
59
15
52
76
39
65
9
25
78
91
42
64
24
58
71
19
62
63
30
37
44
54
75
31
56
66
55
33
74
35
4
53
61
12
38
40
82
45
47
57
48
67
32
51
83
43
3
11
46
50
68
20
34
36
96
28
7
79
69
84
81
29
60
73
41
77
26
86
8
23
22
21
2
87
70
49
72
27
13
59
14
65
52
5
16
80
39
17
42
54
62
64
25
58
63
76
85
56
18
44
55
66
10
15
31
37
53
78
30
57
61
97
24
35
71
51
33
40
45
48
19
38
47
50
67
43
46
74
75
60
32
6
36
34
41
68
28
49
69
59
52
98
9
29
20
54
42
65
12
39
73
56
58
55
62
93
26
44
64
95
63
92
27
53
70
57
51
72
77
22
37
48
88
35
45
47
50
61
66
21
38
40
82
46
79
23
43
83
31
60
33
67
30
11
94
36
41
81
49
25
34
59
32
52
54
42
56
76
28
58
55
71
39
90
44
65
62
69
53
57
63
64
68
29
51
17
24
48
47
50
16
45
37
38
40
19
61
35
46
13
74
1
14
43
84
89
60
66
27
80
18
67
26
33
41
36
49
78
59
70
52
54
30
31
34
75
42
72
73
7
56
20
32
8
15
55
58
44
39
53
57
62
51
48
63
22
50
47
45
65
64
38
40
21
28
46
37
77
61
35
25
91
23
43
60
54
69
