2091
9040
9612
4479
1526
1797
2511
5541
6688
3176
7073
8564
2673
5528
1753
6983
3712
5883
8717
3496
1081
9983
3500
1799
3197
3511
3527
9651
1637
9782
7064
455
9503
3174
3456
9169
1579
2729
7636
150
7266
8276
5060
7613
478
793
872
2546
5294
4782
5246
5415
6803
9238
550
4198
3291
602
1311
4643
7430
7928
620
1854
3316
5569
6073
248
2245
5422
6801
7751
4549
4871
7211
8865
3824
5924
9070
4879
5160
5566
5624
2556
6875
7149
13
542
6802
127
783
4648
8344
2149
4183
5561
5664
1622
3032
5096
2089
5488
36
454
1828
4773
9138
1204
2352
1947
3466
8707
11
187
768
1956
2713
4348
8246
8817
8916
202
642
615
7963
1107
4636
6610
6810
7848
8976
9441
5183
9860
7688
1995
7687
907
1517
5201
5433
8068
401
1776
5480
96
2953
4376
4669
5474
6142
2993
3945
4726
5158
6273
7374
8137
8074
8684
8748
1214
2083
2145
2837
2853
3438
235
2035
3124
3126
5411
1691
3257
4305
9688
9276
494
1539
3367
3931
7660
8257
8898
9708
1328
2180
7210
193
1961
2803
6457
7513
7968
4638
5961
9753
527
3775
4335
4339
4370
4463
5337
7914
9179
320
805
6030
7740
8931
3790
1139
3703
7457
7951
9098
9478
2233
5365
6199
7783
8320
8906
251
3524
3648
4796
5686
7618
3248
3766
3922
4108
6837
5089
5427
7018
7516
121
5052
9747
397
8456
55
459
1787
3671
9401
2734
4164
4427
4953
5986
6953
7847
8269
1163
2510
6840
9261
4658
5467
5968
6187
8682
9787
1100
1173
1724
1804
5219
6347
9423
2567
2720
3425
3623
4266
4411
7183
8881
2388
2761
5671
6299
9332
2418
4846
7547
7836
8667
9450
9929
2272
2605
2876
3009
4344
6505
8735
480
2793
2820
6226
9565
2976
3588
3798
4728
5085
6846
8841
940
2305
2353
3254
4112
4262
7386
771
2467
2736
2796
3969
4166
4635
5781
6126
7222
8115
1185
1412
2490
2821
7289
8100
8258
960
4443
6886
7938
1757
4436
8049
8447
9930
662
1996
5531
7504
8266
9173
6200
7134
8217
8771
966
2705
3673
5390
7534
1121
3859
5748
6994
2735
7622
8135
313
2218
2422
2457
6795
7442
7582
9107
5
1258
3098
3419
3834
1209
5244
5697
9536
9615
2897
9568
314
819
1472
2992
4822
6538
8026
9887
587
1266
3012
4639
5732
6166
9435
908
2969
5115
9440
5178
5180
5464
5610
6092
6152
6536
7948
8154
2277
2396
6608
6894
7258
294
898
2395
2866
6903
6987
7051
8502
4541
4831
6790
2172
2414
4927
5271
5933
8191
8348
3476
3704
4209
7037
8358
143
1338
2755
2919
4763
7471
9846
807
1408
1856
4131
8010
2423
4394
5270
863
2621
3695
5917
6665
6789
9159
641
1228
3973
6423
6678
8413
9820
1439
1590
2137
3979
4057
5670
7498
8270
8974
9571
114
632
667
3056
4020
6032
6068
7762
355
1655
1686
5167
5558
6486
7255
9911
1111
1223
1880
2685
4451
7344
2559
2861
3981
7291
63
2650
1962
348
2232
6449
7113
7738
8327
3307
4670
6740
9158
1585
4222
5470
8610
1247
1658
2801
4258
5501
217
2412
3826
4232
5357
9814
921
1374
1805
5235
5652
9686
1154
1634
2003
3841
4157
4439
5638
7886
8094
8132
8512
3271
6995
6051
8445
8463
9414
1948
2369
2628
4332
4692
9848
1369
1609
2965
5458
5592
6927
8036
2552
4707
5570
7218
9042
1740
1763
2130
2733
7087
8534
2785
2884
2970
4601
6689
7314
8008
1532
3684
4606
5520
5949
7992
378
788
1602
2716
3797
5461
1281
6686
6725
7337
7787
7882
82
2235
2303
3856
4939
5311
5329
6433
7351
449
2830
3544
5828
6050
6720
7532
7999
8205
9282
9578
298
2384
2945
4516
4845
7159
9667
699
7899
7942
4205
1987
2075
2100
4769
8028
9262
9530
955
1433
1498
2237
2463
3205
3504
4565
4694
5726
5990
8294
9703
404
597
818
2790
4264
7995
8950
3985
4080
4488
5516
5730
9601
3726
1531
4343
6444
8888
9117
9269
9588
3224
3362
5200
6394
6832
1755
4931
6132
8997
1736
4929
6668
8966
9760
977
1483
4597
5350
6887
7446
1287
1586
4141
4221
4801
5426
5580
5647
5960
6168
7151
7608
388
5240
5272
9077
1283
1421
2079
2294
2502
207
3368
3742
4290
7708
9623
890
3634
4792
5861
5910
8209
8805
2080
5805
6630
7980
8484
8680
9411
3793
4271
5851
9954
701
1572
2099
7745
9301
724
3394
4277
7544
1102
2268
2843
5206
9250
266
522
1319
1636
2327
6528
7308
679
1084
8372
8571
239
1788
3302
4219
6675
9421
825
9825
1525
4105
5039
5251
8034
8157
1798
3033
4031
5791
7600
9552
206
521
2475
3219
4346
7408
7889
8059
1511
5819
7780
8466
269
1536
3475
5029
8664
9218
180
3529
5204
7604
9997
1353
6414
7857
2443
3061
5675
1217
2292
3100
6895
7697
9151
111
1522
1752
2301
3352
6794
9928
1383
2152
3753
6550
6868
7680
7685
2323
3094
5199
6944
8069
2658
2697
6398
7962
8416
8523
319
1059
3208
3606
7229
8728
1669
1784
2390
3662
4424
8883
9946
471
1503
2895
3108
4068
4779
9977
27
1839
2110
4508
5640
6769
7377
9011
1540
2052
4777
4821
7311
1971
1980
2194
7058
8361
9110
9797
517
3136
3227
5964
7577
7607
344
796
823
1737
2170
5776
7223
8567
9593
1313
3138
6080
86
3220
4081
4253
5187
5972
6798
539
592
2142
4615
6466
7677
7757
9777
866
1699
2905
3627
3934
8040
4523
214
834
1747
2000
4642
8362
94
510
3609
4234
4558
6286
6926
7863
8987
702
5341
6188
9633
4736
6692
9317
9927
8
104
190
2777
3384
3739
4627
5386
8665
2355
2535
4988
6816
8485
8824
2432
3982
5417
8980
9412
5938
1672
4152
6949
8072
4545
4588
8878
1126
1831
5844
1942
3007
5132
5302
6940
281
608
2026
5711
8872
1117
1394
8793
9334
570
2460
9867
2371
5424
6952
9312
4559
6108
2465
9556
1551
1825
4327
7333
9679
2903
5746
6052
6055
7096
9201
1063
3643
3674
4199
6025
6247
7461
7816
341
1644
3099
6146
6317
8600
9906
9
6181
8731
8827
2059
2370
5252
9160
9889
2696
3023
5962
7490
8490
8492
9398
846
2279
3313
7503
9051
1372
3653
8012
8607
351
853
1486
6292
9369
3767
3986
5028
6834
6985
7610
7909
8636
8834
59
1710
2299
3290
3681
5812
799
3907
4032
7737
2265
5208
5527
6033
6138
727
1231
2261
8723
4192
6626
8206
6224
6565
770
3096
4646
7913
8065
8671
9180
243
589
1279
3243
3465
4826
6113
8629
1642
7129
9018
7784
9968
1147
3560
5663
6881
8601
8710
9505
1576
1777
2904
4369
6240
2421
7191
1888
4966
6972
3608
5101
6218
2439
7870
8797
3574
7290
7819
9153
603
3253
7464
9721
283
573
1687
4995
6420
8412
1965
6492
6908
8651
1165
1767
2583
3187
9319
4
253
1659
2780
2874
3573
5521
4680
9570
14
277
6704
7729
8432
8486
304
2774
5309
5864
7398
8798
1073
2470
4696
5072
8511
4024
4783
5756
6061
6555
6853
7505
7620
7
666
1127
1879
6228
7093
7123
7827
9956
2677
2726
9257
9533
2017
5477
329
9813
9939
532
1164
1960
7092
7856
8194
9099
9726
5430
6327
230
1237
2607
2620
4847
5808
3925
5002
6302
6358
8509
791
1344
9122
453
1966
9236
9785
4270
8439
9859
1973
9460
1838
6294
153
3949
5763
451
696
30
1010
2935
8123
9884
2985
5004
7668
8384
1693
4233
9504
9768
255
2141
2244
4504
5051
7010
387
2385
4743
5956
8814
7936
9532
703
4725
5205
6062
6745
2759
5537
5764
6509
8088
496
8406
917
1471
2701
4137
5260
2952
2978
6357
309
7678
8251
9514
79
2686
3073
6422
7902
364
5628
5758
6942
7553
2044
3561
5530
7752
7965
5446
254
1098
2088
5533
4486
4868
6557
6945
7964
1298
5359
6362
1381
3694
4600
484
871
3855
4056
8249
4092
1685
2031
2537
3876
6212
7160
1324
5210
8701
9336
843
2198
5653
7721
3259
3321
5050
5188
7744
9982
9984
353
5738
8604
3006
4432
4781
4903
5846
7841
8401
156
4724
6124
8215
9416
9894
2376
2901
8902
9749
1709
2728
6869
8825
752
9654
199
3538
4298
6097
6456
8558
2367
2775
3994
6513
8098
8517
8761
749
4238
8075
4456
4619
6632
1706
3559
5578
9227
9464
2528
5345
6468
693
3505
5946
142
5114
5838
5860
6560
7445
1921
5630
8166
3015
5957
7231
4150
5435
6091
7803
326
2906
4284
9272
3825
3930
5503
6089
6101
6743
9881
7670
8417
9243
9871
688
5425
7047
9178
3146
9637
1453
6710
8880
2684
4571
223
4776
9145
9613
362
445
584
1110
7679
7883
9481
64
460
9068
9471
7953
8758
9470
437
8557
9491
4714
6251
8789
2508
3387
4422
9081
1832
4529
5642
5723
9109
1219
3134
5379
6990
7578
8458
9475
4149
5821
7324
2054
6613
4467
6416
9934
1773
3072
1268
5239
8311
986
1162
5328
5607
1738
1343
9684
4015
4204
8459
8638
9723
5284
7219
638
2509
5420
1178
1182
2572
4704
4785
7107
1253
5264
6026
6031
6872
8200
8339
8395
8586
9020
4798
233
5105
6551
8173
3185
7396
8153
7572
1049
5313
8006
8267
9036
9473
3143
6040
288
3464
4089
1918
4741
4881
5232
2169
2183
2413
5184
7059
8764
9500
1688
5453
120
964
2121
4036
7973
9278
1087
8868
9974
6014
9451
4793
6874
7896
1428
2845
7192
7388
2610
2888
7809
8011
585
936
1629
3424
1845
3449
4196
91
4526
4957
5576
3335
7168
7788
7979
9161
5500
9776
92
6478
6614
391
3163
3637
7888
5082
1007
3017
3116
5519
8182
8528
1386
5202
6376
9493
3494
7576
3357
1728
4827
9075
3180
2086
4404
6263
2220
6120
7131
1554
7006
8363
9604
1056
5179
6237
6954
2341
4147
4735
5128
5212
6491
7246
8960
9002
2221
4505
4753
6581
8168
84
1057
2429
3120
9212
9844
1323
4918
7919
8788
4581
8290
8551
3988
366
3942
5209
1400
2135
2300
2313
69
838
5745
8783
947
6877
118
3102
8335
9961
4349
7590
8614
1091
5314
209
2554
7986
2330
1543
7048
7128
181
1239
3656
627
9602
514
979
2452
4721
8437
3749
4319
6160
3049
4824
7176
2882
2505
3282
4132
4282
4655
5234
6117
7261
7563
8454
8474
3345
4215
4703
8374
9483
552
931
3298
1538
3644
4480
7412
9191
9330
3156
8214
9730
842
3620
5498
5555
3852
2434
3181
5878
7904
8967
9388
6348
6793
6747
7462
8681
3696
4519
4760
5274
8969
9537
146
3250
9659
3732
4136
1926
4683
2731
448
2806
5372
9582
2660
4143
1387
5156
5783
7958
8066
3433
4775
6848
9681
2827
5147
5544
1074
2010
2018
3898
6063
8193
3119
6439
6701
8189
8635
5959
6191
7629
9658
1679
2104
2364
3301
6517
6890
7295
1120
4391
5144
8831
2597
6234
416
2207
3478
5370
6210
3441
9795
2177
2297
2318
3162
4476
5195
7716
8699
9740
3868
2354
5996
1016
8422
4120
1870
5429
7126
2934
3083
7392
8549
3236
7514
1704
3284
3587
7606
7974
8211
9072
9949
2428
2564
7349
2081
9166
6497
3417
5482
7876
2326
4392
7335
7393
884
3672
1599
1941
4562
7036
8874
5181
9298
4697
674
4385
9468
2087
6136
2788
821
2410
1557
2167
4433
7699
732
7424
8882
9652
6506
7497
1641
1663
8371
8857
628
8975
2941
7907
9207
8650
941
2456
2612
3889
4180
4668
4932
7675
8654
1529
2762
4312
4825
9535
725
3312
3857
722
856
868
4795
5035
2517
4308
7425
8180
8491
7277
7477
7527
2609
7766
9315
2594
2598
8055
2320
9489
1403
1793
3717
5472
6986
5418
5929
8640
706
4010
575
7317
7415
490
4286
7142
7753
9521
1739
7560
6406
7198
934
5731
2282
3251
3582
5643
7934
376
593
3541
9778
1620
1938
3567
7463
5514
7950
3320
8022
8398
8411
810
5852
3155
4585
4913
5823
8442
5952
9531
1761
6971
4536
8232
9189
9341
7927
677
1380
3664
4978
8096
9046
6667
8245
6956
8263
3262
6627
3897
8858
7072
4583
6593
616
6182
7403
3724
2314
1915
4577
5135
261
4045
7484
3923
6336
7443
8778
987
3786
4289
1530
5074
6533
8325
8516
6467
915
2933
4127
1017
7564
1220
2670
2752
6721
6988
7440
8718
9484
3411
8377
537
3638
7429
2811
5077
2238
3350
466
523
1419
3850
9926
7298
5826
6410
6777
7357
136
305
1701
9526
9622
2870
4309
6912
664
1829
5699
6282
8261
999
6938
280
6730
9204
296
2631
5169
6499
644
8003
433
787
1614
5006
6635
8900
4280
4419
5298
3487
1235
2392
3089
6948
6902
2640
6662
4751
6880
8332
2659
3408
4963
8885
3240
5778
1746
7015
2715
9452
26
7658
9459
809
3904
6979
9662
9944
2
2155
6585
7167
690
2266
5511
299
5282
4922
1021
1624
9917
345
3150
4317
70
3585
5023
564
4742
1061
5439
7240
3135
4469
1150
5725
6631
8023
9390
1275
8620
2430
3762
3844
4874
7301
2345
4267
6629
9755
6125
6677
7105
2311
6246
2365
3579
5565
5678
3520
607
3228
9386
34
4991
8334
4428
1927
2246
5522
3054
8316
9165
9340
1842
2950
9199
652
6663
9597
4115
9549
4125
1922
5850
6060
8284
9097
184
773
6049
6319
1855
2982
1101
2153
8224
8501
5645
7021
9699
5126
5401
7371
1904
408
1499
3960
6393
3819
7098
511
1523
5327
6220
9780
9594
1207
6891
372
9000
3836
7124
8355
9900
65
6056
72
3502
4050
7705
9083
9646
6989
8562
9507
2181
4772
7702
1549
4123
8331
125
1193
8698
6430
493
1930
9233
3331
4257
4837
2011
2202
9980
2016
9343
483
586
3215
4992
8711
1765
2214
3481
7127
1939
7193
7235
1271
1312
3958
6628
1745
6817
6217
9410
6904
3
6295
2267
8875
2254
8083
8644
5801
5099
6963
1623
396
9384
5018
1513
477
2291
8029
4883
9171
1670
4207
9130
2956
4011
8087
8424
5656
7967
2347
3005
6227
6852
2150
6575
9222
2056
4247
8929
2557
9324
7649
8124
4691
8388
6176
5351
100
3688
8807
9529
8565
6980
874
8451
7646
882
2562
4223
1808
5586
6296
5857
3255
134
3783
2049
4333
7305
208
2986
3218
4193
924
8218
1504
4019
177
983
178
6896
2702
827
6075
4044
1994
4930
8907
32
8186
4261
5124
756
7382
7763
7197
536
2647
6112
4109
6005
7204
392
3948
755
3207
6314
3718
5465
3037
4269
1946
3479
6448
8285
1340
6387
629
7838
7287
8041
403
1625
76
9356
9488
1423
3621
5540
7063
9921
7970
6332
8091
5288
6345
709
2375
5794
7852
9167
9904
2174
3349
3763
1468
4562
7385
7029
8275
5259
5991
5443
6735
4211
6978
8013
257
3630
8425
272
5892
3736
6621
9162
2372
328
6209
7404
8887
7728
3434
1542
9187
6264
4176
311
4865
8089
1977
8666
2653
9841
3375
4745
8899
9215
246
2836
6180
9627
1026
5014
6407
7820
7981
7982
9477
6391
6933
244
5483
5877
6586
167
263
3702
4248
8692
9837
1322
3518
7175
2813
9456
8697
5368
8820
3723
4850
4554
7900
3188
415
6634
2377
7009
806
8714
9466
8890
4167
9457
963
2639
7228
8854
8225
8947
5008
3358
9564
5486
9264
5394
6722
3444
7046
164
2426
8624
7283
1345
665
7044
6705
8690
900
1397
2103
8741
3288
9599
132
8366
9043
2839
4236
95
7822
9496
9634
9986
4351
4730
7086
8722
3046
7075
6390
1138
1341
7254
6968
331
6546
2179
1819
7108
5598
9801
4625
5323
9091
3754
4729
9082
9696
5753
1630
8852
1347
8018
8623
1594
2157
7081
8912
4509
9217
60
3789
7146
8678
1410
4722
5937
6916
489
6236
8341
3883
5488
2408
1884
2942
735
4000
8998
9519
1858
1575
4982
9665
3292
7161
3383
3626
467
1013
340
1255
8202
5046
5526
5658
6612
7707
8095
3658
4996
8078
8515
8537
2185
9244
9963
8118
2675
3916
8128
9702
5802
3293
2732
2966
6997
9186
5711
4673
7282
7602
8064
476
8423
5384
6515
6331
5635
2579
5283
9054
2773
4038
1033
1558
2117
2344
5655
6600
1892
5069
6385
6069
7843
9563
1316
654
7846
2076
8978
9866
8612
5216
4766
9922
1211
2768
9012
2671
2171
7864
7011
4873
4492
6233
6781
3967
7300
8397
1682
3439
6275
3976
2830
3913
8760
2817
2575
6070
5573
6195
4674
6186
7875
1562
9009
6363
2868
6384
5250
9628
7239
1337
7520
5646
6488
6568
6373
369
4340
1553
7326
3026
3827
6521
3030
8674
58
8689
1250
4389
5134
241
2389
9673
8657
5923
2338
5551
7996
6955
1058
9363
4936
1750
3459
8364
8720
9737
5728
8296
258
6163
6574
1647
1772
4009
574
4833
5086
1584
9707
185
7008
3164
3416
2797
2068
8592
1837
9279
4809
3510
8304
6737
7196
7486
1276
7367
2664
6139
8352
8609
2946
4381
2573
5286
9100
2541
6828
9893
4497
20
6559
7186
6855
5515
1159
2644
6537
3869
5267
8478
9164
6889
8149
1157
2689
9641
2772
9056
7544
5305
1931
9446
1997
5493
1456
9829
7138
9268
1184
4117
4481
374
6257
5858
2342
4370
1909
9676
6104
446
1481
3558
5277
7156
1723
801
6007
7172
3110
5618
1310
6156
425
5623
3655
4869
5913
2204
8092
9443
741
8901
9003
7410
9449
4069
2683
5759
5729
491
559
8254
2015
9103
4501
9013
6999
8158
9053
9195
9903
3590
9888
6099
3442
5509
9194
3171
9017
8349
4834
9692
9458
2968
3901
9757
2915
8799
5058
2240
5293
8530
6582
7825
6661
8555
8662
9576
2857
4624
4709
3780
5022
1934
5291
3344
1751
7937
4507
8242
9148
1840
7217
2914
6115
7338
2096
6008
3050
5475
9385
2886
2040
231
5564
2938
8105
9220
1004
113
9289
6110
9149
8195
5044
5233
7346
9899
9826
5679
4384
2163
6649
6307
5786
4935
3998
7985
6758
8461
5849
7379
2608
8606
975
1350
726
5710
6526
107
1080
7917
8063
4085
4352
6230
9689
8695
3794
9708
1573
9134
4168
4949
8643
5778
5171
405
1806
3342
6399
959
2908
8764
3455
7549
7640
8632
8821
2711
6698
497
1935
6564
8986
9436
3004
6059
8150
1516
9981
2205
8201
4952
9773
902
3899
8272
418
1712
4919
2854
3035
639
8572
6165
3765
4323
9851
5879
7691
8738
9347
6202
2249
3223
5839
3555
4767
7921
343
7521
9395
1402
3954
6048
9442
8079
2312
57
8521
9494
5266
797
3829
77
2041
3326
8171
7347
6510
5318
972
9657
3329
4129
7654
5769
2000
9898
1596
906
553
1897
922
9323
2680
9918
2779
167
761
3426
3890
696
1678
4388
5868
6116
8175
9914
9229
6753
6543
8880
3881
3309
2275
3072
7076
5532
4327
8250
8303
2954
7537
766
9810
8598
9371
4860
7233
7665
8235
6472
7037
7539
1291
5968
9415
8222
3603
3862
6270
2212
5292
3506
4705
8992
2688
4206
8522
9661
4301
5856
1200
8811
5887
5709
4532
7213
8605
8196
290
9272
8255
8247
7993
145
4973
2255
6659
3523
6738
8378
3519
3864
5859
6208
2014
2545
2289
4001
5716
3848
8787
1591
5238
8810
2580
6096
7039
1174
4048
2600
3084
9413
6858
535
6241
7786
5770
3321
8536
8277
1416
5193
1106
8379
2584
2504
9245
1009
5981
9862
994
4114
4355
6119
9444
2531
9938
2084
647
1405
468
9562
8301
3955
5831
6205
5559
5338
6285
813
3542
4482
4543
6714
7287
1868
3909
1167
4878
4755
1912
6262
2771
4443
9271
1070
4021
5606
302
1206
8162
5893
4491
4978
861
5536
1467
8485
6157
8279
9970
1616
5713
4139
8295
219
4007
5835
1744
6065
6996
8015
8394
9157
6044
3941
527
9223
6693
175
1232
4100
6961
3233
5145
5581
7494
1660
6780
2283
2297
8430
836
5594
7569
8608
1303
165
6250
3892
1029
3602
3386
6639
5989
220
9121
512
269
8268
2909
6683
7330
8757
601
1536
4923
4631
1566
8142
4862
8548
1612
7852
1578
6395
413
6004
2554
9293
2634
4820
3490
6415
475
8941
569
3774
2918
8545
2459
1478
1378
400
2265
2903
8962
9513
1188
6799
1867
1005
2707
3139
6365
1978
2415
4857
978
3022
9677
7975
7778
4458
1018
1971
870
1834
7420
210
7368
6577
3613
6713
7795
1444
1189
9722
3995
1212
7580
3379
4415
6239
3876
9925
169
2144
9061
7053
597
2642
4593
4627
2750
9188
8546
4362
6470
6609
9955
953
4739
7495
7632
6400
5380
572
4836
2262
3056
6424
1714
6599
2308
9133
4892
7400
6681
1889
4187
415
6674
3032
833
9710
9756
1940
7801
5619
3719
716
9985
5263
6216
5170
746
5460
2808
4961
1163
1244
7299
5534
9758
9337
9818
913
9048
1125
4166
2629
7823
2948
4804
7269
7456
4975
4073
4592
6015
7522
1278
116
5104
9172
5608
3528
6775
4905
8864
686
1987
6669
9919
8554
4578
2593
7062
3302
2013
4051
9346
8706
4286
5644
9932
2563
1541
1648
8427
1896
9869
5599
1209
5918
1001
8004
8637
6666
9159
4552
2355
5164
3364
6167
2480
3370
3355
6221
7816
4899
4572
8579
3272
9274
9598
3089
7903
4967
7642
9505
3783
945
2496
577
9901
4213
131
2354
9664
2282
308
3013
260
5026
3781
5221
9872
3332
884
473
9558
3632
5298
1890
6656
3320
236
259
1249
3518
1917
7354
5338
2019
1217
1496
2483
5103
9256
3380
9373
8177
3957
6516
6906
1942
6504
1315
9643
2905
7547
7143
9515
4396
3229
6190
6392
8334
2412
1426
6153
7283
9880
4765
1826
7615
739
6014
5243
6128
5560
6147
6418
268
2238
9451
2113
8312
499
3980
2898
4750
9650
7284
2744
1928
5557
7797
7527
8016
2344
3264
3105
9717
2971
5019
1306
4907
1172
6443
1205
9847
9912
8028
3978
5312
6030
1181
6967
5369
9609
1592
3629
249
720
5568
6324
764
2315
5780
6308
1271
6069
5520
5140
1210
3706
7742
6249
1351
1962
4216
6716
4644
1136
2578
4993
7507
3625
1145
8133
6083
7918
7862
2208
9778
7112
3744
1369
7325
1613
4174
4234
6759
6027
6790
4947
7334
8297
2168
7018
9589
2138
3713
9655
8709
1395
7216
6724
5953
5676
3257
5793
8031
3961
7215
7612
9978
8752
5181
453
1713
5362
5217
9735
8037
2227
3376
9807
5862
2997
3323
288
2215
8103
9784
2257
2244
6731
2211
8642
85
7524
2610
3400
7637
3449
3297
4404
8934
1769
2139
726
5156
4195
7278
3482
198
3130
3874
42
6946
5940
6562
8854
3029
668
54
5367
3396
3241
9926
3885
7104
4762
1827
9975
2671
9950
4142
1581
5957
7011
9469
2327
2917
2952
6531
3243
2428
139
2683
835
5076
6348
618
6768
395
8505
1589
4477
6507
5753
7450
8238
4810
1198
883
4838
8287
4386
6205
7090
640
1882
2980
4998
5343
6096
6887
6074
2654
1473
9172
8020
5082
4553
4402
2924
3116
3982
9418
2622
2865
6253
4771
7250
9890
4363
3989
5242
1298
3206
1336
5670
7846
564
3675
6813
4782
2652
8564
1078
8525
2658
9232
202
7690
1295
7340
2011
6854
8518
1523
4425
3576
2907
2885
7348
3543
867
709
9335
5577
7010
2030
4387
6054
1236
9396
3499
324
1617
2630
9971
6218
1743
6442
557
3663
9162
948
7301
6935
4579
44
9339
6680
7688
5435
2670
3103
4546
9578
6384
9397
9263
4094
2010
6920
7191
5412
5108
9537
5400
1067
3983
4606
3016
4184
4639
1296
9477
7258
6978
8042
274
2009
1899
6878
2235
7457
2701
1733
2120
1570
2515
1113
3343
4589
8360
4437
3347
6311
132
5053
6585
6388
6987
8090
2218
7376
8444
6238
3677
9565
937
9089
6062
7738
1196
5167
7033
2272
7833
2462
8114
8770
1302
2193
9183
1943
8648
6435
3493
7720
3535
7942
8346
5732
1328
7835
3540
4732
9540
5847
9865
1071
6584
4898
7713
1658
4789
7050
6211
5880
3648
2280
5474
7694
8769
5845
9119
8617
6499
6152
5169
4917
5404
7214
5402
3642
2523
3184
8686
4729
9390
5307
3720
2328
9822
2481
5895
5833
6268
2332
2992
1252
4797
7831
7915
7773
6610
4260
6614
9372
5710
1692
3134
5481
7038
758
631
4426
3811
7926
5734
9246
9835
3536
495
812
7309
9382
159
4464
6601
9436
679
376
4279
8040
435
8227
8652
1644
5752
9357
657
1105
2479
2073
8638
3388
9096
9838
9364
9806
8466
3844
5037
3207
8175
3202
4654
1760
4167
7732
1684
6408
389
432
6984
545
2262
2501
8668
7045
7928
1495
6931
6296
1203
8597
8502
443
4182
7240
6331
8744
463
9403
5973
1632
1687
5349
9588
6821
4668
7491
6134
7465
9900
3914
4408
2039
9530
2529
1806
4723
6725
6908
9987
8231
9478
4324
8361
9448
291
4566
434
3175
5970
7001
8957
3787
4700
6582
2196
2192
4030
9421
2278
8516
4713
7968
6389
9642
2026
2733
6971
3058
5352
3871
7380
433
4716
4977
3598
9543
7876
2281
2002
9038
1686
9716
73
4179
8056
7839
5791
7668
7013
8447
4014
2783
201
8008
9019
2234
3879
5965
4882
1389
7943
1124
9718
4665
6964
3986
2827
5673
6831
9796
3689
8150
6804
9909
3094
3158
4793
8963
6100
6655
4966
6373
3575
5087
5158
6637
1924
438
1757
6088
1603
176
98
8288
9956
9974
1108
5005
7676
191
4039
8980
9854
3933
5088
7244
7379
9297
4147
6212
7402
1098
4173
9456
1561
3084
4799
8614
3481
6482
5494
1557
7679
1637
2806
7606
1151
1357
971
7957
8140
5684
7030
5798
7169
2387
8927
4299
832
2846
5875
4373
5280
4693
5289
7383
1667
1595
7572
8685
1525
1726
6576
647
535
2576
5920
1619
6968
9651
9180
1546
8889
8770
1921
3572
727
5848
6017
2618
6454
9371
4900
3199
708
4163
3099
3512
6312
4856
4148
2356
6301
5083
6500
484
8062
1158
6470
6214
4419
2127
6578
6080
8043
5249
2087
1013
4316
7884
6529
9046
7843
1973
633
3875
5998
9621
3324
5214
5265
7643
6962
855
2785
1677
2288
1844
7742
7505
3850
5858
6107
8731
7414
1951
3042
4995
710
368
599
8135
9374
7976
9898
8101
2192
644
4954
7247
5921
731
1492
3255
4551
7605
9379
2121
7807
1031
3213
3303
6986
140
2996
7552
3926
8803
427
5579
2204
2502
6051
4925
2944
7939
7220
4421
5073
5191
7008
1537
8230
4006
8474
986
3045
4804
3918
6310
2180
1886
4999
1000
5737
481
845
1922
1171
6455
3287
287
8676
7151
2937
2282
9585
1256
1995
3796
7317
5216
762
6316
2820
47
5903
9608
9949
2045
1
3577
5302
8141
8226
9751
8721
962
5141
8215
3601
9545
984
4943
8896
3439
8036
8700
3064
7453
3770
89
7917
7116
3717
4876
6114
5926
1958
6624
8272
6246
6811
3611
1129
6902
1227
5864
7691
8500
8933
3768
6848
1015
9562
2437
5656
3902
5468
9326
6005
5804
6086
7790
7369
7303
1796
828
6527
706
9929
5233
9170
3087
5306
1101
5961
3823
3418
7315
3117
2920
3680
1341
8328
275
8414
1413
8990
6044
2477
8264
4348
6329
6364
5109
6937
9888
1653
4967
8086
119
650
4501
8815
8168
4736
834
8587
3249
9447
4392
4970
244
5313
458
3113
90
3420
7923
1268
8245
9831
4220
7205
912
9773
5212
8125
4764
7234
900
9672
6651
493
6903
6608
8345
4380
6994
278
3826
9839
9847
3465
6567
9012
1918
9951
6292
4390
7545
1682
6621
2589
3382
5055
456
1291
8067
7476
7988
1127
2064
7869
1848
6478
746
7386
1243
4957
8053
1688
2072
4585
9803
1809
1274
7064
4545
5816
3008
6513
9965
3818
279
7627
9103
8194
9520
2359
877
1269
6584
1831
5610
2449
7195
2602
268
1392
4375
5396
771
5715
195
6888
8890
1044
6536
3307
4092
5557
2870
3218
9124
3777
8605
79
5687
5941
4726
7557
6623
8844
595
9727
8943
1133
8683
9741
1148
2347
5691
2753
9181
8439
9982
4135
9373
6520
1747
7398
3236
2878
1422
2266
2951
6847
4568
6433
8343
4767
1778
5755
6061
1599
1980
9697
7571
9957
4840
1522
7255
5496
7652
2876
5840
3200
3710
755
6170
1887
3672
8929
5846
6037
2070
7583
8323
5359
6175
5224
5784
6618
3339
8987
7770
6672
1957
3804
2118
3654
2628
4301
9094
4506
3047
3838
7455
8504
9155
4061
403
521
3131
623
7559
5170
9409
9665
6055
7000
4178
2674
1799
7175
2057
1539
3511
2863
4696
926
1097
8259
4055
964
1639
5248
5692
1919
4367
6972
7795
9915
9777
1948
4574
7406
3721
5477
7555
3778
3616
6378
2538
25
1346
5807
3250
698
3581
872
7229
1205
2189
4627
4989
5778
9869
2321
703
993
2936
8758
1635
1464
4530
6349
1907
8313
656
1391
5821
2550
4360
894
5181
8996
7519
323
9100
5394
5639
6515
4745
5093
8879
664
246
6254
9132
7931
8917
8491
4164
9968
5254
6063
6371
6828
3130
3814
9416
7521
4607
1053
8567
4062
7055
8276
1418
2925
7324
1224
9605
7898
7145
2337
108
7650
4438
8852
8622
5125
1160
8057
8868
3954
2485
7600
4365
8708
3316
6294
5095
1669
2690
8709
2560
2786
3750
8428
224
9485
3684
59
2335
9573
1608
478
6200
3267
8329
2240
3192
774
9236
5016
5743
2432
9690
113
271
156
4912
2105
8951
5324
938
6691
7223
5112
5655
8012
1884
8009
3198
351
9215
4547
541
3538
1046
1593
4283
615
4456
4805
3288
5131
7397
3010
3929
4011
3475
6375
4541
1030
915
5275
8918
3002
8882
1673
1817
9217
2682
5485
2263
1437
9068
4207
4561
5976
3967
1106
1211
2793
9407
3558
4832
9134
1410
1299
8902
1218
4249
9993
9964
6564
7549
4923
5069
4651
7168
8904
2179
9903
6667
64
4399
9638
8238
2226
1840
9675
8445
1228
8303
5479
1741
7203
5008
4208
8139
8985
690
3798
9817
1866
5916
1225
7775
8039
4032
6307
6824
1762
6611
6685
2997
3992
5680
2695
4183
2912
7596
8588
6140
145
5366
734
3411
7271
3795
4177
8997
7385
6065
8058
4806
6939
4230
5601
3619
4036
790
5580
974
2332
7188
7338
3107
2283
2774
5762
9967
9461
5200
8183
1181
7530
8524
585
9335
6059
6179
3610
8369
1207
5004
6751
9096
9583
1057
1082
7930
1095
3308
7126
630
3603
7470
8733
1800
3103
7611
7875
1472
6730
9548
3874
5594
4469
5389
3609
1038
5388
9865
8698
480
6845
9122
6895
7332
3188
5906
3984
4328
6003
9165
22
354
8156
4694
2722
8935
9985
3998
1431
8729
9238
6457
8752
5090
5598
1112
9702
4944
5525
7337
9410
9723
8994
4382
3596
7351
1020
1332
2185
1317
8895
1783
3066
1666
5351
6423
9596
6884
8349
7279
250
3678
5432
7797
2343
523
3181
3357
2924
3474
9265
6160
8940
1573
9431
3923
8352
8808
5167
3260
6941
7767
3127
1815
3945
4638
7215
8953
3528
4575
4400
8025
1821
2730
2165
7542
3690
8692
9558
1343
3526
7633
193
1370
1808
5681
3827
4401
6035
545
8173
6233
6449
4984
6505
3892
2088
1088
5490
5857
2247
2303
544
6688
7381
9239
3077
9704
7874
4077
7498
8118
328
4416
3018
8196
3895
3617
5222
1233
2633
3165
2729
622
5187
6110
6163
2974
424
6785
1681
2886
4408
3922
378
3160
9591
7914
9241
9245
3429
8217
3862
5776
8172
8549
2644
4102
8646
7364
6541
7839
7625
9372
4387
8669
1442
7438
1077
3444
4479
253
1335
7191
7227
8805
9338
4480
1985
4674
1201
8832
8640
2187
103
3915
7085
2671
4524
1070
8880
6352
9997
198
8782
9882
918
8747
7358
1819
3841
2127
3685
3306
5637
313
568
4634
3383
5827
7423
4727
2052
8595
9792
1270
9422
1758
2174
2188
4500
1415
6315
4292
8978
3441
7726
2596
5935
4878
9819
8216
1553
4895
2227
1631
668
3629
96
3906
5560
55
6432
2181
6958
1706
2106
7788
3201
8950
5137
4917
4012
9117
5493
7153
1955
3146
6381
6276
5736
6074
9752
3453
9481
9495
1465
2723
5318
9411
7260
4425
120
4463
6573
2191
3011
8496
9074
1125
2325
5060
164
905
4812
6909
8528
3694
620
5337
172
3642
2756
3063
1458
7657
179
4874
636
564
5852
496
5473
6311
6135
8933
6438
8305
2789
7989
8681
929
9570
1107
7481
7594
4946
7339
2797
5609
9337
652
1601
6396
9703
3490
3093
8673
4972
5542
4883
2271
1520
1935
3041
1963
2748
2032
2398
2228
4743
297
5452
7364
9936
9949
7331
9182
2321
8106
2022
3666
4231
305
6011
8380
3452
1746
6323
6526
6995
4697
9996
8392
1751
5634
9312
4228
4730
3113
8287
2478
751
5979
9677
9921
748
2302
9136
1334
9065
7281
6401
7712
8055
1162
9636
2213
9827
1316
2906
2026
5460
2458
3381
5973
374
1575
5255
5900
1408
3037
3614
3706
426
8102
8863
3086
6694
2684
1781
6488
7891
7823
5682
2608
6186
109
9571
2908
8509
8564
5974
7649
1851
2024
1804
7314
5746
891
2709
5301
7750
3829
5423
8352
2122
4339
7342
1880
5163
6272
5420
5816
3483
26
4200
6807
6412
6679
658
8753
2958
7619
1036
2138
1258
3219
9028
6918
8787
6707
5513
2440
7086
5020
6746
3466
4010
8033
1674
5970
3800
4800
2632
2377
7721
1167
8072
4842
1787
9653
2362
9444
9889
7716
7736
9814
2005
152
6682
4991
9767
6760
8964
661
3024
212
1581
3126
6662
5092
9281
976
5071
8693
6783
9085
9240
237
5307
9435
3767
5782
5923
1347
3590
8864
6217
8743
1052
8302
1946
5248
1772
1373
655
4910
5549
6214
4576
5102
6382
5915
3351
2333
1518
3719
5300
9614
3268
3118
693
6734
9201
8289
753
6774
7817
9815
3131
1040
7563
3947
1003
8404
1204
1911
6299
8179
4072
375
5735
2689
3340
4657
9606
9718
2540
356
7393
8118
1103
245
9579
961
3101
7380
2001
8928
4631
5287
8005
5581
9469
5089
6435
60
1455
7006
8796
2943
6907
7630
9834
3419
4527
944
8456
4964
6192
7232
2717
3761
3431
8617
3797
6287
7282
773
1116
6425
4205
5459
9316
7131
2153
7146
3979
9010
7052
5844
7334
8862
6758
6805
2706
3502
4548
6511
7117
3475
392
2677
9736
825
4738
5800
9540
312
1385
9628
1235
9986
9340
6791
814
5638
3224
3232
6811
4546
3457
8267
1619
1987
5898
1448
6203
7832
4033
2874
2356
5640
6064
5407
1203
4837
7375
351
6148
8307
9099
5160
2067
2475
3826
1551
2040
7259
5006
3326
8016
2634
6225
371
9499
5278
4619
932
3763
8792
7862
8559
8530
5605
9396
4269
3121
5948
9544
7787
308
7919
2012
5911
2039
4427
9219
5122
5726
5647
1039
216
6157
7182
1753
7308
9002
9093
3533
8760
8319
9863
699
6944
8112
1416
5194
1879
1293
9336
8626
7459
7503
9486
2060
2456
3140
5517
6660
2308
6501
4841
6309
7757
3481
1984
1543
973
5696
50
4046
8860
5565
1757
8514
8742
3640
1027
9777
9006
1685
3374
2430
7359
5266
9077
4017
6849
3655
5931
9786
9739
1535
2863
6048
2965
1063
8111
4262
3324
3541
122
48
731
8936
5378
9290
2391
6197
1738
782
2894
4539
762
9515
1917
7224
5862
2817
8980
5621
9582
3331
4458
8353
9923
1365
8604
3839
8736
1006
1386
7177
2283
9355
2605
7490
2198
7039
2161
2622
8257
5772
7926
2454
5932
8683
2796
5062
4724
2336
7088
339
5049
5191
110
1922
9225
9138
4731
8868
3808
2095
4518
3019
8961
8830
43
7263
3886
5528
3890
416
9747
3506
6743
2192
4734
2470
965
6594
7466
1308
8120
8023
8552
9487
7355
8086
9003
5514
8384
7627
7881
3361
5207
7588
8828
9037
5475
8407
9617
4087
6496
5994
5396
8430
7986
4607
4896
646
3894
6389
5690
8848
4671
4126
2030
5243
4881
5381
7942
1247
4350
1661
334
3093
7555
9743
1716
3503
5023
8999
2871
8336
8531
5685
4088
4810
8731
7478
166
9503
7136
6119
4699
1090
2957
1771
6665
1444
9947
7681
9948
6658
6843
2102
8011
816
7573
4279
9590
4736
228
8369
6185
6454
9568
619
5985
5678
298
5264
5445
9069
7886
1084
7394
7242
6742
321
2881
3020
2572
5981
9026
3246
5510
1212
2285
5433
8446
7921
761
4956
8741
4361
3239
4397
5354
23
2619
8600
2020
5573
2981
8451
7115
9024
3133
6036
5230
5487
4271
5097
8444
7399
5281
9250
203
6068
2609
9500
7906
9167
4321
6846
3068
6567
4493
5620
6020
9597
1957
2698
2539
5050
5157
1105
5084
141
7740
3975
8144
5503
8387
5928
6367
1138
2884
3957
248
7021
556
6926
7469
5166
7434
3755
8989
4594
3278
5819
230
6272
3959
7080
9080
4556
8136
2745
2895
6819
5575
9856
5453
8352
5455
5531
811
238
3461
3120
8798
173
6862
8081
4473
8526
1724
8088
914
3168
3583
5742
3639
6397
4113
9959
2457
4916
7426
1469
2339
2678
7683
3737
3474
6260
8262
6820
8947
8163
1675
7174
8901
4969
1944
4139
8002
3467
7162
9442
2535
8827
4272
7861
2538
7539
967
1768
6619
1632
6016
6138
6696
6988
7872
8185
7614
5930
7245
1248
9536
1704
7742
2221
6258
3948
5365
2065
2612
1489
9298
6741
6256
1377
3014
5104
7855
9765
3501
6657
8398
9647
1154
6702
1400
2458
1509
5805
8046
1
9086
1832
4809
2256
5790
7204
1844
7161
4232
8724
2275
1877
8288
2423
1576
2524
1028
910
522
4758
9213
4197
2000
4347
7633
1866
6227
1415
8243
3881
4666
937
5702
6165
8458
3282
4508
8749
2687
5865
4760
1161
9492
4484
429
4213
1320
1524
7577
9534
8898
4660
6076
6508
7710
8511
5271
9112
2791
5358
827
1874
2104
4688
6097
7096
9714
662
1202
11
9367
3203
6363
3980
4302
615
8499
6385
8846
6304
8423
2249
2236
9975
5804
896
8664
2518
2775
4525
6188
4166
6223
4323
1121
4006
6724
7159
3671
5964
4640
4409
3809
3319
7875
1428
1633
6500
9852
2542
6499
4288
5120
7904
2561
7570
9652
2166
1241
9527
9384
6450
1662
1692
9972
6250
8393
1318
7500
1135
6709
8091
9950
1592
3795
8348
9876
398
3508
4911
1959
2289
3573
4616
373
4604
2392
2723
7339
2966
5341
5703
3714
8837
9212
4154
9702
9873
5798
9125
8249
5524
3962
2752
6593
2873
521
8160
3610
5305
7107
5884
8205
6854
7347
8809
9821
445
9543
2469
9346
1397
9053
132
7665
3977
5943
5218
2564
2006
6891
1949
1406
739
4644
8598
7671
3418
6885
3098
8299
964
7084
3830
2396
9394
4037
8169
5788
3582
743
3192
7744
21
6427
7228
6698
7269
9480
261
1775
8497
8359
2299
9231
5508
7298
3078
8561
3844
7664
1722
5704
305
536
3579
1014
562
1621
4568
6240
7767
6151
7073
2234
1424
9426
2229
1749
1910
5934
9900
5755
6447
533
2313
6771
8695
2158
442
2921
5232
9810
4823
563
2591
8241
7842
6479
290
2813
4833
2300
3898
1551
4850
4227
307
5578
3704
2149
628
1513
5843
8012
4324
6914
1764
4147
7738
7323
2523
8982
7181
9307
9118
2051
390
4138
8824
5674
5966
6319
2544
1428
5011
5418
6726
51
2562
2343
906
2833
8684
468
1012
6608
3767
88
2055
6140
9955
3155
1544
4989
7015
6802
4189
548
7544
8471
1547
1868
571
3213
8680
1956
2185
4967
9648
4601
9005
4258
5127
8805
1852
8969
4661
2182
7976
603
3549
626
4611
6024
8554
8703
1696
9248
186
5815
5585
960
4639
8783
7638
9207
5539
7758
7890
7341
8507
8066
1772
529
4783
7711
1774
5322
7016
3391
9915
1725
5969
2307
9130
9690
2359
6477
6202
413
1905
401
744
4423
6449
103
507
6153
8142
9777
8850
5767
5313
7768
3409
560
2857
9685
7003
1232
423
4011
7184
9961
1818
567
9092
1711
1794
5911
5689
2879
880
5775
171
9829
4245
1490
3879
9827
4462
7782
6296
5875
8285
4742
3170
1783
5312
8143
8861
1701
803
6931
3310
6767
3037
5402
5478
9009
1067
9902
8004
2643
8537
2424
6509
8816
237
703
1564
7725
2841
5361
9845
5251
8495
8597
711
8058
5864
5101
4295
3832
4191
6663
7463
6585
9254
5462
7261
6850
3665
8748
9391
8089
1793
784
2460
5387
7489
7229
2381
1566
809
5046
5245
4876
1973
1825
3265
4297
2631
337
7541
891
8758
9110
9415
56
7168
2010
5548
6717
9621
1624
9379
7639
9196
63
8349
2693
3297
7785
3523
3708
1809
3058
3596
4624
9404
1338
1218
1357
4921
6405
6298
6622
7537
61
757
1054
6880
2162
550
6722
3087
9577
916
4309
3236
9748
1011
2748
593
6586
1174
7249
1538
6439
1299
2599
3944
1617
4545
5870
5964
7078
7243
7684
8889
6604
6322
3589
6828
9549
8047
8966
4
8649
5383
6869
2354
3987
6706
4340
1126
8992
6197
2357
5973
969
2082
2998
6547
8270
8208
9353
8036
6690
858
1728
771
5978
6588
3581
8307
6011
6110
8010
1520
2705
8052
5417
5609
1506
4905
4894
6414
1361
9964
3564
634
3790
274
6868
1215
8751
2975
927
3480
9165
9782
176
6430
3088
8463
7262
8946
796
6489
6945
8825
4246
5903
2463
2716
399
3128
9172
1630
2043
358
2195
2830
3712
3417
6103
6816
4360
5082
7271
7686
7981
3195
5231
8994
6200
5428
8945
4276
6408
3733
4608
4118
5922
1443
1771
5380
3357
2384
1898
3958
5400
3937
492
2816
4111
7687
2769
9498
179
6286
7790
9962
979
2569
8210
140
5687
4519
5335
7634
4460
6595
6079
3873
7968
5328
637
8132
4834
3717
4211
6674
386
1578
2726
8360
4702
7386
7048
9341
1459
7495
9563
3296
798
8275
6299
7514
732
4919
1079
6669
2200
9516
2804
5180
3341
9559
931
9188
881
7912
9722
540
7996
8204
8535
3402
270
1073
7063
8339
2955
8166
1539
1720
9489
184
1323
1623
2978
5106
2517
426
2711
8787
9325
6117
8032
1287
3231
6467
4287
9998
3988
5346
9719
4146
9987
5654
5005
6679
3149
1359
1430
1292
8424
6013
3635
4442
2497
5963
9317
4789
6731
9591
2628
4887
6754
1815
9839
3724
528
7171
1934
3594
8918
3557
2366
7120
2318
8881
8454
9938
4169
6473
197
2018
1853
3785
236
7351
4326
306
1410
6440
6029
9843
8456
9427
7002
5649
9065
9121
4663
5301
4745
4773
664
5004
9210
5586
8593
1655
8715
477
8460
7802
3645
1018
7823
3838
9287
2386
5382
2623
6619
9907
3500
8315
7010
8836
751
5362
7884
6282
9329
9694
4993
9338
2187
800
