264
479
674
627
485
531
425
258
545
233
370
766
465
490
284
376
454
615
249
343
464
285
351
237
578
360
469
415
714
519
668
437
432
439
722
369
442
761
344
495
298
302
400
548
323
444
483
589
598
235
419
620
701
736
783
245
318
402
500
587
590
240
586
825
532
658
724
726
226
315
381
413
566
673
552
608
672
393
421
517
719
173
260
328
379
423
458
492
340
392
396
411
255
324
349
357
371
693
776
179
234
539
560
738
320
435
553
253
403
457
526
550
594
621
624
633
708
406
430
538
569
665
243
300
558
603
327
573
795
815
293
295
433
563
619
731
311
359
443
530
537
597
642
242
322
389
431
559
640
170
206
504
509
542
684
142
282
428
447
460
601
752
836
250
346
410
445
609
644
704
863
259
348
397
404
493
626
690
332
388
450
463
575
582
697
331
473
659
675
478
730
246
374
386
728
729
191
471
334
576
222
254
269
380
513
750
802
263
426
472
481
498
606
618
216
296
307
326
422
446
585
596
165
297
372
384
429
629
638
204
294
299
408
452
613
628
678
687
705
769
777
382
412
707
748
190
201
202
339
405
436
580
671
308
325
363
368
390
732
112
272
281
438
455
661
129
378
427
622
634
639
169
280
506
507
712
727
759
178
209
223
225
630
649
354
383
387
570
595
643
655
691
715
186
780
145
329
267
398
468
544
648
765
303
333
497
520
583
664
818
335
600
610
616
283
656
152
487
801
131
252
522
688
756
72
155
198
229
631
751
215
547
698
778
184
491
660
695
791
401
407
720
800
168
199
289
652
799
236
313
355
847
309
104
147
244
277
551
636
347
733
70
182
257
716
745
740
743
319
872
680
689
111
140
219
534
657
670
314
321
650
685
725
798
803
876
117
373
448
496
502
809
217
273
482
703
812
486
541
706
364
565
757
822
841
895
86
92
196
275
146
268
350
734
125
312
623
817
183
188
330
342
341
515
213
218
238
164
647
212
546
811
516
635
653
718
852
177
549
676
867
172
200
503
806
153
474
521
567
823
194
556
819
130
287
562
90
180
394
861
864
721
827
839
108
514
646
221
337
763
262
838
887
786
208
338
555
391
524
159
476
94
499
83
362
536
554
699
851
884
114
150
176
533
824
118
156
306
917
480
785
807
831
55
301
702
696
760
175
232
784
76
80
494
102
292
572
591
739
804
820
826
88
588
853
855
162
278
144
166
475
874
163
227
794
157
409
417
885
54
119
304
310
788
833
99
110
871
67
305
510
669
805
220
361
467
141
581
896
106
424
488
205
843
57
85
870
121
143
356
535
749
579
584
316
540
126
842
107
528
775
116
910
122
543
133
84
929
617
95
477
89
105
115
858
873
189
266
762
456
882
124
466
62
377
605
136
137
846
854
898
151
943
65
353
850
899
906
912
529
98
109
148
832
908
97
682
962
247
860
132
796
840
787
211
160
814
101
21
742
174
868
574
790
919
63
276
810
892
935
192
230
789
561
770
891
925
857
5
865
862
50
187
926
959
73
462
625
931
58
737
792
193
420
508
869
138
3
829
768
904
25
607
918
71
161
484
416
772
878
944
274
527
951
977
828
662
866
135
34
988
26
717
265
877
47
881
767
154
897
915
434
103
51
963
975
1
