39
40
49
11
12
13
14
15
16
17
18
19
20
21
22
23
24
26
27
28
29
30
31
32
33
34
35
36
37
38
41
42
43
44
45
46
47
48
50
51
52
53
54
55
56
57
58
59
60
61
62
63
64
65
66
67
68
69
70
71
73
8
9
10
25
72
74
75
76
77
78
79
80
81
82
83
84
85
7
86
5
6
87
3
4
88
89
90
91
2
92
1
93
94
95
0
96
97
98
99
12
18
21
29
31
35
37
38
39
40
41
43
44
45
47
48
49
51
52
53
56
11
13
14
15
16
17
19
20
22
23
24
26
27
28
30
32
33
34
36
42
46
50
54
55
57
58
59
60
61
62
63
64
65
66
67
68
69
71
73
25
70
72
74
8
9
10
75
76
77
78
80
81
82
83
79
84
85
7
86
6
5
87
4
88
89
3
90
91
2
92
1
93
94
95
96
0
41
42
43
44
45
46
47
48
49
50
51
52
53
97
26
27
28
29
30
31
32
33
34
35
36
37
38
39
40
54
55
56
57
58
59
60
98
18
19
20
21
22
23
24
25
61
62
63
64
65
66
11
12
13
14
15
16
17
67
68
69
8
9
10
70
71
72
73
74
75
76
77
7
78
6
79
80
81
82
5
83
84
85
86
99
4
87
88
89
3
90
91
2
92
1
93
94
95
96
0
97
98
99
99
99
99
0
99
97
98
2
0
93
94
95
96
1
4
89
90
91
97
92
75
19
72
73
74
20
21
27
69
70
71
23
24
28
29
30
31
32
33
34
37
39
44
48
49
62
66
68
25
26
35
36
38
40
41
42
43
45
46
47
50
52
53
54
55
56
57
58
59
60
61
64
65
67
51
63
99
3
98
2
7
6
5
12
87
88
93
84
81
82
83
79
85
13
14
9
10
16
11
94
80
15
90
96
89
0
95
8
78
86
91
76
17
77
1
4
18
22
75
19
74
92
73
97
72
71
69
21
70
20
39
40
11
12
13
14
15
16
17
18
19
20
21
22
23
24
26
27
28
29
30
31
32
33
34
35
36
37
38
41
42
43
44
45
46
47
48
49
50
51
52
53
54
55
56
57
58
59
60
61
62
63
64
65
66
67
68
69
71
8
9
10
25
70
72
73
74
75
76
77
78
79
80
81
82
83
84
85
86
6
7
5
4
87
88
3
89
90
91
2
92
1
93
94
95
0
96
97
98
99
12
31
35
37
38
39
40
41
42
43
44
45
47
48
49
51
52
53
56
11
15
17
18
19
21
22
24
28
29
30
32
33
34
36
46
50
54
57
59
60
13
14
16
20
23
26
27
55
58
61
62
63
64
65
66
67
68
69
71
73
25
70
72
74
75
9
10
76
77
82
8
78
79
80
81
83
84
85
7
86
6
5
87
4
88
89
3
90
91
2
92
1
93
95
94
96
0
97
98
99
31
49
52
53
56
37
38
40
43
44
47
48
12
21
29
30
35
39
41
45
51
57
59
17
18
22
23
26
28
32
33
34
36
42
46
50
54
60
11
14
15
19
20
24
27
55
58
61
64
13
16
62
63
65
69
25
66
67
68
71
73
70
72
74
10
75
76
9
77
78
80
82
8
81
83
79
84
85
6
7
5
4
31
52
53
56
2
3
12
21
17
18
22
23
1
11
14
15
19
64
13
16
69
68
71
73
86
70
0
72
74
75
76
77
78
80
81
82
83
79
87
84
88
90
89
91
92
85
93
4
2
3
94
95
96
1
97
98
86
0
99
87
88
90
89
91
92
93
94
95
96
1
97
98
0
99
93
94
95
96
1
97
98
0
99
93
2
3
94
95
96
97
1
98
0
4
93
99
94
3
95
96
2
97
98
92
1
5
4
93
88
94
95
96
89
90
0
99
3
91
2
7
92
97
6
98
5
87
88
1
86
10
93
9
48
52
53
56
57
59
41
44
45
47
50
51
54
35
38
39
40
42
43
46
90
4
8
89
85
94
91
95
96
83
74
73
71
92
72
70
16
7
99
69
84
68
17
97
19
21
66
18
20
3
67
64
65
22
23
63
62
80
24
79
78
25
87
6
61
81
86
98
2
27
60
75
10
26
28
32
88
13
58
85
82
30
31
0
37
29
36
12
5
55
59
34
33
49
83
57
56
11
76
40
52
38
47
48
14
15
51
42
41
77
43
39
45
53
50
54
35
9
44
46
74
11
12
13
14
15
16
17
18
19
20
21
22
23
24
26
27
28
29
30
31
32
33
34
35
36
37
38
39
40
41
42
43
44
45
46
47
48
49
50
51
52
53
54
55
56
57
58
59
60
61
62
63
64
65
66
67
68
69
71
8
9
10
25
70
72
73
74
75
76
77
78
79
80
81
82
83
84
85
7
86
5
6
4
87
88
3
89
90
91
92
2
1
93
94
95
0
96
97
98
99
12
31
35
37
38
39
40
41
42
43
44
45
46
47
48
49
51
52
53
56
11
15
17
18
19
21
22
26
27
28
29
30
32
33
34
36
50
54
57
59
13
14
16
20
23
24
25
55
58
60
61
62
64
65
69
71
63
66
67
68
70
72
73
74
75
9
10
76
77
78
80
82
83
8
79
81
84
85
7
86
6
5
87
4
88
89
3
90
91
2
92
1
93
94
95
96
0
97
98
99
31
49
53
21
37
40
43
44
47
48
52
56
12
17
18
29
30
35
38
39
41
42
45
46
51
59
11
14
15
19
20
22
23
26
27
28
32
33
34
36
50
54
55
57
60
13
16
24
58
61
25
62
64
65
69
63
66
67
68
71
73
70
72
9
10
74
76
75
77
78
80
82
83
8
81
79
84
85
7
5
6
4
3
31
49
53
2
21
37
40
52
56
12
17
18
29
30
59
86
1
11
14
15
19
20
22
23
60
13
16
61
62
64
65
69
63
66
67
68
71
73
0
70
72
74
76
75
77
78
80
79
81
82
83
87
88
84
89
90
91
92
85
93
94
95
96
97
98
4
3
2
1
99
0
92
93
94
95
96
97
98
99
0
97
98
99
0
97
98
1
99
0
94
95
96
2
97
98
1
93
99
4
0
94
95
96
3
2
97
98
92
1
4
93
87
88
94
96
99
95
90
89
0
3
7
91
2
97
6
92
5
98
86
87
9
1
71
84
88
72
73
70
15
18
69
12
13
19
14
68
8
17
66
67
64
4
24
65
85
93
20
23
21
62
63
61
81
82
22
90
25
60
80
89
27
26
78
29
58
83
59
30
79
7
28
32
55
57
33
37
31
56
91
94
52
54
40
49
53
51
39
34
47
36
38
35
50
96
44
41
42
45
95
43
48
10
46
76
74
77
75
99
16
92
11
84
3
9
6
73
86
81
39
40
44
47
48
49
20
21
22
23
24
26
27
28
29
30
31
32
33
34
35
36
37
38
41
42
43
45
46
50
51
52
53
54
55
56
57
58
59
60
61
62
63
64
65
66
67
68
69
70
71
11
12
13
14
15
16
17
18
19
25
72
73
74
75
76
78
8
9
10
77
79
80
81
82
83
84
85
6
7
86
5
87
4
88
89
2
3
90
91
92
1
93
94
95
96
0
97
98
99
40
43
44
47
29
31
32
33
34
35
36
37
38
39
41
42
45
46
48
49
50
51
52
53
54
56
59
19
21
22
23
24
26
27
28
30
55
57
58
60
61
62
63
64
65
67
11
12
15
17
18
20
25
66
68
69
70
71
72
73
13
14
16
74
75
76
77
78
10
80
82
9
79
81
83
8
84
85
7
86
6
5
87
4
88
89
3
91
90
2
92
1
93
94
95
96
0
97
98
53
31
40
43
44
47
48
49
52
56
29
34
37
38
39
41
42
45
50
51
54
57
59
60
61
21
22
23
26
27
28
30
32
33
35
36
46
58
64
12
17
18
19
20
24
55
62
63
65
66
14
15
25
67
68
69
71
11
13
70
72
73
99
16
74
75
76
77
10
78
80
9
82
79
81
8
83
84
85
7
6
5
4
21
22
23
64
2
3
12
17
18
19
14
15
68
69
71
11
13
70
72
73
86
1
74
75
76
77
78
80
0
82
79
81
83
87
88
84
90
89
91
92
85
93
4
94
95
96
2
3
97
86
98
1
0
99
87
88
90
89
91
92
93
94
95
96
97
1
98
0
99
93
94
95
96
97
1
98
0
93
99
3
2
94
95
96
97
1
98
92
4
0
93
3
94
95
96
2
99
89
90
91
97
92
6
5
98
1
4
87
88
93
89
90
94
95
91
96
7
3
0
2
92
6
99
5
97
98
10
9
87
88
86
8
82
14
83
12
13
69
70
18
68
85
19
23
93
1
20
22
66
11
21
67
90
89
25
64
65
24
4
63
62
26
61
28
27
30
91
31
32
60
29
78
33
36
37
58
76
80
34
59
35
38
39
40
55
79
77
42
49
56
57
47
48
74
52
94
50
51
45
53
54
43
41
46
84
44
75
96
81
95
7
92
82
71
73
15
83
72
16
17
14
10
11
12
13
14
15
17
18
21
28
29
30
31
32
33
35
36
37
38
39
40
41
42
43
44
46
47
48
49
51
52
53
74
75
82
83
8
9
10
16
19
20
22
23
24
25
26
27
34
45
50
54
55
56
57
58
59
60
61
62
63
64
65
66
67
68
69
70
71
72
73
76
77
78
79
80
81
84
85
86
7
5
6
87
88
89
90
91
3
4
92
2
1
93
95
94
96
97
0
98
99
12
11
15
31
35
36
37
38
39
40
41
42
43
44
45
46
47
48
49
52
53
13
14
16
17
18
19
21
22
23
24
26
27
28
29
30
32
33
34
50
51
54
56
57
59
71
73
82
83
9
10
20
25
55
58
60
61
62
63
64
65
66
67
68
69
70
72
74
75
76
77
78
80
81
84
8
79
85
86
7
6
5
87
88
4
89
90
91
92
3
2
1
93
95
94
96
97
0
98
99
12
11
31
44
47
49
52
53
13
14
15
17
18
19
21
29
30
35
37
38
40
43
45
48
51
56
16
22
23
26
28
32
34
39
41
42
46
54
57
59
20
24
27
33
36
50
55
60
61
71
73
25
58
62
64
65
69
82
9
10
63
66
67
68
70
72
74
75
76
80
83
78
81
77
79
8
84
85
86
7
6
5
4
3
2
12
1
11
31
44
47
49
52
53
13
14
15
17
18
19
21
29
30
35
37
38
40
43
45
48
51
56
87
16
22
23
26
28
32
57
59
88
0
20
24
60
61
71
73
89
90
91
62
64
65
69
92
9
10
63
66
67
68
70
72
74
75
76
80
78
81
82
83
77
79
93
84
94
95
96
97
98
85
99
3
1
0
93
94
95
96
97
98
99
0
99
0
99
0
99
1
97
98
0
3
2
99
93
1
94
96
95
97
4
92
98
0
3
2
6
87
5
88
93
89
86
90
91
94
1
96
95
99
7
10
9
4
12
11
13
77
85
92
15
74
75
14
16
72
76
18
71
73
69
19
70
67
68
22
66
8
64
65
17
20
24
62
63
23
25
61
21
26
29
27
30
60
58
28
59
31
32
33
55
35
37
57
56
34
49
51
54
97
36
38
45
47
50
52
53
39
41
44
40
46
42
43
48
87
6
88
80
78
81
3
98
86
5
79
82
2
83
0
85
77
39
40
11
12
13
14
15
16
17
18
19
20
21
22
23
24
26
27
28
29
30
31
32
33
34
35
36
37
38
41
42
43
44
45
46
47
48
49
50
51
52
53
54
56
57
59
60
61
62
63
64
65
66
67
68
69
71
8
9
10
25
55
58
70
72
73
74
75
76
77
78
79
80
81
82
83
84
85
86
6
7
5
4
87
88
3
89
90
91
2
92
1
93
95
0
94
96
97
98
99
40
47
49
12
31
34
35
36
37
38
39
41
42
43
44
45
46
48
51
52
53
56
11
15
17
18
19
21
22
23
24
26
27
28
29
30
32
33
50
54
55
57
59
60
64
13
14
16
20
25
58
61
62
63
65
66
67
68
69
70
71
73
72
74
75
9
10
76
77
78
80
82
83
8
79
81
84
85
7
86
6
5
87
4
88
89
3
90
91
2
92
1
93
94
95
96
0
97
98
31
43
47
49
52
53
56
12
21
37
38
39
40
44
45
48
59
99
17
18
22
23
26
29
30
34
35
41
42
51
54
57
60
11
14
15
19
20
24
27
28
32
33
36
46
50
61
13
16
55
58
62
63
64
65
25
66
67
68
69
71
73
70
72
10
74
9
75
76
77
82
78
80
83
8
81
79
84
85
7
86
6
