174.3
174.3
174.4
174.4
174.4
174.4
174.5
174.5
174.5
174.5
174.5
174.5
174.5
174.5
174.5
174.6
174.6
174.6
174.6
174.6
174.6
174.7
174.7
174.7
174.7
174.7
174.7
174.7
174.7
174.7
174.7
174.8
174.8
174.8
174.8
174.8
174.8
174.8
174.8
174.8
174.8
174.9
174.9
174.9
174.9
174.9
174.9
174.9
174.9
174.9
175.0
175.0
175.0
175.0
175.0
175.0
175.0
175.0
175.0
175.0
175.0
175.0
175.1
175.1
175.1
175.1
175.2
175.2
175.2
175.2
175.3
175.3
175.3
175.4
175.4
175.4
175.4
175.5
175.5
175.5
175.6
175.6
175.6
176.0
176.0
176.2
176.4
176.5
176.7
176.8
177.5
177.6
177.9
178.0
178.1
178.5
178.5
180.0
182.0
182.4
339.0
339.1
339.1
339.2
339.2
339.2
339.2
339.2
339.2
339.2
339.2
339.2
339.3
339.3
339.3
339.3
339.3
339.3
339.4
339.4
339.4
339.4
339.4
339.4
339.4
339.4
339.4
339.4
339.4
339.5
339.5
339.5
339.5
339.5
339.5
339.5
339.5
339.5
339.5
339.5
339.5
339.6
339.6
339.6
339.6
339.6
339.6
339.6
339.7
339.7
339.7
339.7
339.7
339.7
339.7
339.7
339.7
339.7
339.7
339.7
339.7
339.7
339.8
339.8
339.8
339.8
339.8
339.9
340.0
340.0
340.0
340.0
340.0
340.0
340.1
340.1
340.1
340.1
340.2
340.2
340.2
340.2
340.3
340.6
340.6
340.8
341.1
341.2
341.3
341.4
342.0
342.2
342.4
342.6
342.6
343.0
343.0
344.4
346.3
346.8
497.5
497.6
497.6
497.6
497.6
497.6
497.7
497.7
497.7
497.7
497.7
497.7
497.7
497.7
497.7
497.7
497.7
497.8
497.8
497.8
497.8
497.8
497.8
497.8
497.9
497.9
497.9
497.9
497.9
497.9
497.9
497.9
497.9
497.9
497.9
497.9
498.0
498.0
498.0
498.0
498.0
498.0
498.0
498.0
498.0
498.0
498.0
498.1
498.1
498.1
498.1
498.1
498.1
498.1
498.1
498.1
498.1
498.1
498.2
498.2
498.2
498.2
498.2
498.2
498.3
498.3
498.3
498.3
498.4
498.4
498.4
498.4
498.5
498.5
498.5
498.5
498.6
498.6
498.6
498.6
498.7
498.7
498.8
499.0
499.1
499.3
499.6
499.6
499.7
499.8
500.4
500.6
500.9
501.0
501.1
501.4
501.5
502.9
504.7
505.2
655.9
656.0
656.0
656.0
656.0
656.1
656.1
656.1
656.1
656.1
656.1
656.1
656.1
656.1
656.1
656.2
656.2
656.2
656.2
656.2
656.2
656.2
656.2
656.2
656.3
656.3
656.3
656.3
656.3
656.3
656.3
656.3
656.3
656.3
656.3
656.3
656.4
656.4
656.4
656.4
656.4
656.4
656.4
656.5
656.5
656.5
656.5
656.5
656.5
656.5
656.5
656.5
656.5
656.5
656.5
656.6
656.6
656.6
656.6
656.6
656.6
656.6
656.7
656.7
656.7
656.7
656.7
656.8
656.8
656.8
656.8
656.8
656.9
656.9
656.9
656.9
657.0
657.0
657.0
657.0
657.1
657.1
657.2
657.5
657.5
657.6
658.0
658.0
658.1
658.2
658.8
659.1
659.2
659.4
659.5
659.8
659.9
661.2
663.1
663.6
814.5
814.6
814.6
814.6
814.6
814.6
814.7
814.7
814.7
814.7
814.7
814.8
814.8
814.8
814.8
814.8
814.8
814.8
814.8
814.8
814.8
814.8
814.9
814.9
814.9
814.9
814.9
814.9
814.9
814.9
814.9
815.0
815.0
815.0
815.0
815.0
815.0
815.0
815.0
815.0
815.0
815.0
815.0
815.0
815.1
815.1
815.1
815.1
815.1
815.1
815.1
815.1
815.1
815.1
815.2
815.2
815.2
815.2
815.2
815.2
815.2
815.2
815.2
815.3
815.3
815.3
815.3
815.4
815.4
815.4
815.4
815.5
815.5
815.5
815.5
815.6
815.6
815.6
815.6
815.7
815.7
815.7
815.8
816.1
816.1
816.3
816.5
816.6
816.8
816.9
817.5
817.7
817.9
818.0
818.1
818.4
818.4
819.9
821.7
822.2
973.2
973.2
973.3
973.3
973.3
973.3
973.3
973.3
973.3
973.3
973.3
973.3
973.4
973.4
973.4
973.4
973.4
973.4
973.4
973.5
973.5
973.5
973.5
973.5
973.5
973.5
973.5
973.5
973.5
973.6
973.6
973.6
973.6
973.6
973.6
973.6
973.6
973.6
973.6
973.6
973.7
973.7
973.7
973.7
973.7
973.7
973.7
973.7
973.7
973.7
973.7
973.7
973.8
973.8
973.8
973.8
973.8
973.8
973.8
973.8
973.8
973.9
973.9
973.9
973.9
973.9
973.9
974.0
974.0
974.0
974.0
974.1
974.1
974.1
974.2
974.2
974.2
974.2
974.2
974.3
974.3
974.3
974.5
974.7
974.7
974.9
975.2
975.3
975.4
975.5
976.1
976.3
976.5
976.6
976.7
977.1
977.1
978.4
980.4
980.9
