172.3
172.3
172.4
172.4
172.4
172.4
172.4
172.4
172.4
172.5
172.5
172.5
172.5
172.5
172.5
172.5
172.5
172.5
172.5
172.5
172.6
172.6
172.6
172.6
172.6
172.6
172.6
172.6
172.6
172.6
172.6
172.6
172.6
172.6
172.6
172.6
172.6
172.6
172.6
172.7
172.7
172.7
172.7
172.7
172.7
172.7
172.7
172.7
172.7
172.7
172.7
172.7
172.7
172.7
172.8
172.8
172.8
172.8
172.8
172.8
172.8
172.8
172.8
172.8
172.8
172.8
172.8
172.8
172.8
172.9
172.9
172.9
172.9
172.9
172.9
173.0
173.0
173.0
173.0
173.1
173.1
173.1
173.2
173.4
173.5
173.6
173.7
173.7
173.7
174.0
174.1
174.3
174.3
174.7
174.7
175.3
176.1
176.3
176.7
177.4
196.8
197.6
198.0
198.2
198.7
199.2
199.4
199.9
200.8
200.8
202.7
203.1
203.7
204.7
206.5
207.6
209.7
210.5
212.4
214.8
215.7
223.7
337.2
337.2
337.2
337.2
337.3
337.3
337.3
337.3
337.3
337.4
337.4
337.4
337.4
337.4
337.4
337.4
337.4
337.4
337.4
337.4
337.4
337.4
337.4
337.4
337.4
337.4
337.4
337.5
337.5
337.5
337.5
337.5
337.5
337.5
337.5
337.5
337.5
337.5
337.5
337.5
337.5
337.5
337.5
337.5
337.5
337.5
337.5
337.6
337.6
337.6
337.6
337.6
337.6
337.6
337.6
337.6
337.6
337.6
337.6
337.6
337.6
337.6
337.6
337.6
337.6
337.7
337.7
337.7
337.7
337.7
337.7
337.7
337.7
337.8
337.8
337.8
337.8
337.8
337.8
337.9
337.9
338.0
338.0
338.2
338.2
338.4
338.5
338.5
338.5
338.8
338.8
339.0
339.0
339.4
339.5
340.1
340.8
340.8
341.3
342.1
365.8
366.0
367.8
369.0
369.9
370.7
372.3
374.2
376.6
376.8
392.9
495.7
495.7
495.7
495.7
495.7
495.7
495.7
495.8
495.8
495.8
495.8
495.8
495.8
495.9
495.9
495.9
495.9
495.9
495.9
495.9
495.9
495.9
495.9
495.9
495.9
495.9
495.9
495.9
495.9
495.9
495.9
495.9
495.9
495.9
495.9
495.9
495.9
496.0
496.0
496.0
496.0
496.0
496.0
496.0
496.0
496.0
496.0
496.0
496.0
496.0
496.1
496.1
496.1
496.1
496.1
496.1
496.1
496.1
496.1
496.1
496.1
496.1
496.1
496.1
496.1
496.1
496.2
496.2
496.2
496.2
496.2
496.2
496.2
496.2
496.2
496.3
496.3
496.3
496.3
496.3
496.4
496.4
496.5
496.7
496.7
496.9
496.9
497.0
497.0
497.3
497.3
497.5
497.5
497.9
498.0
498.6
499.3
499.3
499.8
500.6
526.8
526.9
527.0
527.7
532.9
533.6
534.7
536.8
538.4
560.7
654.1
654.1
654.1
654.1
654.2
654.2
654.2
654.2
654.2
654.2
654.2
654.3
654.3
654.3
654.3
654.3
654.3
654.3
654.3
654.3
654.3
654.3
654.3
654.3
654.3
654.3
654.3
654.3
654.3
654.4
654.4
654.4
654.4
654.4
654.4
654.4
654.4
654.4
654.4
654.4
654.4
654.4
654.4
654.4
654.4
654.4
654.4
654.4
654.5
654.5
654.5
654.5
654.5
654.5
654.5
654.5
654.5
654.5
654.5
654.5
654.5
654.5
654.5
654.6
654.6
654.6
654.6
654.6
654.6
654.6
654.6
654.6
654.6
654.7
654.7
654.7
654.7
654.7
654.8
654.8
654.8
654.8
654.9
655.1
655.1
655.3
655.4
655.4
655.5
655.7
655.7
655.9
655.9
656.3
656.4
656.9
657.7
657.7
658.2
658.9
684.7
685.4
686.5
688.8
690.5
691.7
692.7
695.6
698.8
706.6
812.7
812.7
812.7
812.8
812.8
812.8
812.8
812.8
812.8
812.9
812.9
812.9
812.9
812.9
812.9
812.9
812.9
812.9
812.9
812.9
812.9
812.9
812.9
812.9
812.9
813.0
813.0
813.0
813.0
813.0
813.0
813.0
813.0
813.0
813.0
813.0
813.0
813.0
813.0
813.0
813.0
813.0
813.0
813.0
813.0
813.0
813.1
813.1
813.1
813.1
813.1
813.1
813.1
813.1
813.1
813.1
813.1
813.1
813.1
813.1
813.1
813.1
813.1
813.2
813.2
813.2
813.2
813.2
813.2
813.2
813.2
813.3
813.3
813.3
813.3
813.3
813.3
813.3
813.4
813.4
813.4
813.5
813.5
813.7
813.8
813.9
813.9
814.0
814.1
814.3
814.4
814.5
814.5
814.9
815.0
815.6
816.3
816.3
816.8
817.5
844.1
844.4
844.9
845.1
850.5
850.5
851.7
853.4
856.2
863.8
971.3
971.3
971.4
971.4
971.4
971.4
971.4
971.4
971.5
971.5
971.5
971.5
971.5
971.5
971.5
971.5
971.5
971.5
971.5
971.5
971.6
971.6
971.6
971.6
971.6
971.6
971.6
971.6
971.6
971.6
971.6
971.6
971.6
971.6
971.6
971.6
971.6
971.6
971.6
971.6
971.6
971.6
971.6
971.6
971.7
971.7
971.7
971.7
971.7
971.7
971.7
971.7
971.7
971.7
971.7
971.7
971.7
971.7
971.7
971.7
971.8
971.8
971.8
971.8
971.8
971.8
971.8
971.8
971.8
971.8
971.8
971.8
971.9
971.9
971.9
971.9
972.0
972.0
972.0
972.0
972.0
972.1
972.1
972.3
972.4
972.5
972.6
972.6
972.7
972.9
972.9
973.1
973.1
973.6
973.7
974.2
974.9
975.0
975.4
976.2
