552
433
504
289
545
672
258
598
587
674
736
435
447
738
490
627
665
391
492
542
726
578
626
670
280
393
554
620
695
721
439
495
673
690
321
619
628
415
600
615
455
469
256
302
398
457
477
522
531
668
693
795
836
343
437
464
480
498
573
590
719
722
264
299
341
383
431
586
776
108
233
237
284
517
558
652
653
740
766
386
442
500
515
566
569
728
783
798
88
242
344
506
597
791
850
351
533
618
701
249
260
357
381
405
419
459
479
513
532
539
624
360
454
570
727
324
397
403
421
493
530
650
749
820
179
234
254
411
505
609
658
676
697
707
769
205
316
406
438
467
514
642
765
209
312
392
423
468
536
678
735
871
240
323
326
560
580
595
712
734
803
184
275
285
292
293
371
372
441
481
503
621
666
675
698
732
756
867
924
206
212
245
297
318
417
448
633
646
659
777
819
232
266
352
443
496
520
644
671
729
104
331
370
380
402
425
491
519
526
613
634
648
703
711
731
761
799
884
340
348
388
410
432
444
472
497
605
606
631
724
750
814
870
109
227
243
353
373
376
427
460
471
511
608
629
744
778
829
246
485
486
507
508
616
643
656
661
688
702
704
748
811
117
170
220
229
295
298
315
356
458
563
571
576
630
651
699
760
864
219
347
400
544
548
592
801
873
131
165
216
255
269
306
364
378
426
436
463
546
551
553
684
692
757
878
226
253
300
334
349
408
568
625
694
718
794
863
164
238
271
369
404
465
478
499
541
575
579
660
708
818
859
122
198
311
314
368
379
446
509
596
636
682
716
805
846
137
199
202
241
259
281
283
310
412
476
534
547
623
751
786
55
126
142
213
322
333
359
363
422
430
582
583
638
745
759
308
309
319
346
450
588
612
680
837
118
186
296
382
396
502
543
593
685
689
700
706
752
815
824
854
171
327
328
384
501
567
585
655
714
715
848
858
83
86
114
147
191
204
223
277
279
320
325
365
401
413
574
601
635
686
825
2
72
181
193
218
250
274
278
282
338
377
389
474
510
647
742
87
273
332
335
355
374
461
466
550
555
565
691
709
843
79
92
111
128
148
177
268
294
387
428
512
523
637
817
831
847
857
887
215
221
301
390
603
669
743
807
841
908
943
90
169
188
222
262
267
361
445
529
591
687
774
852
907
130
182
244
304
362
473
494
516
549
562
594
705
773
800
806
136
174
190
200
451
475
483
537
556
622
696
832
163
247
329
488
525
564
589
640
717
833
97
99
129
145
151
482
535
725
771
896
922
138
161
173
175
407
581
737
802
25
153
210
235
252
272
350
538
842
54
112
307
385
429
489
747
785
63
69
140
146
183
217
276
313
337
354
452
559
617
780
808
33
134
166
434
632
110
116
540
763
787
812
882
32
65
70
106
157
172
330
358
414
730
809
969
208
584
772
790
823
840
853
861
866
73
228
288
394
449
639
827
892
935
19
80
94
178
303
720
57
251
470
657
754
160
225
424
822
865
881
956
189
649
679
753
889
34
56
923
928
133
176
257
270
287
395
614
103
194
207
230
236
561
641
834
844
855
911
68
139
197
557
577
792
796
872
890
895
115
155
211
248
399
599
876
883
888
920
936
27
462
898
903
982
98
150
158
263
456
610
710
762
804
886
917
76
105
159
168
572
739
915
124
518
664
839
868
885
951
954
239
713
826
899
929
22
71
100
784
914
84
192
224
775
788
85
290
524
741
851
912
918
919
984
91
201
521
662
932
938
61
62
723
779
5
52
339
879
948
162
265
420
925
934
152
366
860
95
336
611
768
770
957
972
67
121
125
926
167
416
528
845
906
3
196
214
409
654
677
797
910
995
21
64
89
132
869
952
149
317
862
931
11
49
143
828
959
42
135
487
991
0
156
261
955
960
28
29
107
994
59
101
144
901
305
345
810
945
942
944
958
58
286
793
821
900
874
231
453
733
767
838
894
527
484
604
607
891
4
7
93
902
102
120
141
36
835
979
999
966
998
939
44
789
897
973
975
96
14
963
988
51
893
375
904
9
40
53
180
930
967
16
60
976
813
81
45
830
971
992
119
880
962
965
985
50
46
968
909
947
993
602
764
983
47
877
24
953
8
74
41
941
977
39
1
342
10
23
997
37
13
987
949
961
916
927
978
203
75
875
17
6
856
746
66
38
35
447
990
154
667
974
460
12
43
513
323
367
464
315
980
48
781
609
756
435
402
981
349
921
533
718
320
659
450
443
370
674
403
269
425
289
498
745
492
615
548
559
751
765
777
480
142
173
297
455
295
299
393
734
600
815
493
642
933
495
190
166
653
187
373
314
555
360
437
300
170
545
233
589
717
390
624
871
646
198
633
736
740
391
539
696
117
440
436
350
635
720
749
161
656
820
660
634
157
278
140
552
196
554
98
273
412
538
423
794
218
268
377
613
803
395
404
647
502
587
783
802
334
400
247
510
416
709
225
528
177
640
678
340
374
468
138
473
727
433
649
18
641
666
208
280
346
417
752
863
194
702
808
520
526
596
625
263
446
563
348
355
410
597
217
676
313
507
584
484
337
603
277
585
285
441
616
324
780
726
488
591
308
853
246
191
237
255
621
139
887
496
800
430
405
129
344
86
200
322
631
829
411
267
661
376
439
677
837
499
721
547
744
713
843
683
524
144
254
454
249
581
819
284
832
881
458
414
486
401
408
844
479
331
215
601
690
582
541
305
532
551
347
550
769
657
310
529
618
262
503
536
854
860
448
419
104
743
176
287
614
838
748
805
663
671
336
456
847
282
76
108
576
491
865
409
715
732
362
797
175
290
599
386
384
489
583
353
549
775
569
812
814
325
378
363
354
719
796
447
315
251
265
670
153
438
592
562
364
165
451
462
460
112
182
83
252
184
770
862
424
474
259
574
593
99
107
276
962
824
152
146
501
369
302
494
95
212
238
114
722
216
169
223
692
141
477
123
148
186
372
514
899
367
471
464
244
506
737
870
691
289
434
695
293
560
759
245
371
224
330
789
644
370
542
358
383
197
187
699
427
205
219
65
332
425
713
461
807
304
463
321
504
802
273
709
466
760
785
499
637
920
766
784
629
323
849
765
431
872
798
533
833
295
400
530
615
177
398
403
723
810
597
939
903
634
170
768
559
777
72
528
198
608
485
518
539
852
884
897
791
606
554
731
445
200
734
478
443
729
675
756
513
285
201
351
379
298
826
130
808
196
266
736
436
349
473
625
681
609
604
544
324
366
339
576
496
262
477
373
484
404
495
437
715
640
355
754
369
454
537
670
733
363
613
642
699
370
581
538
170
432
813
518
526
519
494
649
676
589
710
274
415
299
640
457
553
312
600
551
364
362
422
198
159
298
448
99
769
690
280
225
489
410
777
391
285
709
191
658
763
621
246
267
173
308
250
241
339
218
219
338
142
343
520
368
535
531
404
417
469
518
557
493
661
272
756
468
754
292
606
578
235
331
374
702
588
526
560
237
492
609
796
589
233
597
533
359
119
403
465
316
647
348
615
341
208
425
689
437
801
498
683
360
672
273
198
648
364
673
431
513
126
791
456
642
618
591
631
709
330
480
468
675
479
392
837
502
815
381
226
520
306
404
401
282
627
715
371
729
616
672
576
285
695
263
389
260
607
411
817
320
778
207
803
67
541
290
311
387
659
294
314
884
721
720
600
513
341
752
633
719
422
623
441
670
478
526
759
374
203
775
889
658
210
636
272
493
619
584
492
684
466
680
640
575
627
533
822
362
431
823
622
253
264
507
331
674
676
734
791
558
449
802
697
644
536
329
665
347
425
688
388
522
777
865
473
369
498
635
397
563
510
691
390
843
186
204
698
284
454
744
653
613
450
275
550
554
468
785
539
299
396
445
404
531
649
730
460
557
334
534
406
405
868
552
705
693
515
681
305
725
701
289
546
587
664
486
569
379
656
483
293
413
436
779
615
386
784
614
581
578
642
625
801
304
355
268
591
806
575
749
452
624
488
433
461
696
763
704
524
752
239
272
665
314
364
618
675
605
455
646
51
798
146
714
702
335
371
423
654
658
541
393
334
754
785
295
666
783
157
710
415
809
216
308
370
376
448
457
403
425
959
108
280
170
218
633
836
282
544
613
328
629
718
184
861
273
726
205
682
361
690
486
639
743
539
530
674
204
315
490
360
581
438
536
498
302
727
691
744
542
454
330
747
565
711
408
817
535
713
353
373
257
439
368
370
165
814
254
784
418
229
146
524
715
349
499
725
600
351
734
272
248
607
403
783
684
237
582
447
410
445
455
811
250
344
500
512
539
347
308
791
468
282
559
298
460
313
419
666
369
437
593
549
551
676
268
450
584
635
264
513
629
641
464
219
436
709
730
620
597
754
473
170
733
196
814
395
400
575
707
510
458
735
337
200
824
854
633
