277
417
622
312
382
533
666
212
501
581
768
262
304
424
494
532
612
650
340
341
358
610
624
680
688
343
401
460
502
518
231
251
282
405
428
526
559
588
674
743
254
323
366
408
441
466
476
486
524
589
253
269
380
388
432
562
599
605
662
672
257
279
383
404
436
475
499
509
545
551
555
692
758
300
316
330
332
393
394
418
462
492
503
505
549
602
619
623
696
328
362
409
429
488
490
512
525
569
613
643
677
689
726
259
336
392
395
407
442
489
519
574
597
670
372
400
412
480
491
536
537
571
673
686
244
264
333
344
360
390
399
443
445
452
454
457
527
531
590
660
697
795
353
355
356
473
560
575
580
675
729
796
191
219
287
297
377
384
430
507
523
630
636
683
691
702
713
724
741
789
791
167
182
290
309
327
351
359
415
420
467
520
544
565
578
626
628
302
319
335
339
342
363
373
479
485
621
639
646
695
714
754
771
794
294
322
326
338
386
389
483
498
543
568
576
587
598
706
711
731
766
781
783
247
260
281
284
357
371
387
453
541
584
629
633
642
647
659
685
715
798
809
261
291
346
369
406
416
426
455
539
564
570
593
618
637
638
645
663
664
667
703
718
738
763
778
799
805
826
192
229
241
274
303
308
385
451
468
497
508
522
547
554
561
567
736
746
801
806
847
160
173
225
256
276
295
313
396
411
419
548
577
582
606
735
737
749
762
248
307
325
331
367
402
410
435
448
471
517
521
579
620
690
701
777
803
804
817
174
239
273
288
348
398
422
438
477
487
516
534
540
556
563
585
586
595
604
661
665
704
723
732
750
836
838
163
202
209
220
223
245
306
324
403
431
439
459
461
465
631
668
676
698
774
790
797
176
195
199
444
456
627
708
755
811
849
271
299
305
314
349
449
450
635
654
694
725
730
744
756
800
828
207
285
364
368
463
464
511
515
542
573
603
608
707
716
765
773
802
162
181
240
292
413
427
481
506
510
550
557
601
611
655
785
852
865
151
184
213
275
280
301
320
470
474
482
681
712
829
190
345
370
478
495
504
625
669
808
835
210
232
243
278
318
397
425
500
632
634
641
684
721
767
775
819
156
197
270
289
317
376
469
514
705
782
807
823
824
186
193
224
252
255
267
296
434
546
583
594
614
727
825
840
851
862
211
233
236
381
433
458
513
552
651
671
739
751
787
830
150
198
205
216
365
391
607
609
640
658
719
734
740
753
834
853
139
146
161
171
194
203
329
378
440
648
788
249
315
592
656
710
742
815
843
188
265
311
354
484
617
649
657
764
779
846
148
178
179
235
591
644
653
679
752
816
221
230
258
321
334
352
493
745
793
822
842
848
175
208
529
682
709
717
747
877
142
152
286
615
616
813
263
472
553
558
687
733
814
833
841
228
268
283
310
423
447
600
693
769
810
845
141
183
204
234
374
818
165
347
893
137
350
361
437
748
112
126
201
242
266
375
414
652
720
760
820
867
133
145
164
761
872
878
155
206
222
528
535
596
759
214
337
757
786
869
446
144
189
217
226
496
776
821
856
876
180
530
812
832
857
861
888
143
238
772
119
728
827
140
293
699
700
792
237
566
678
837
855
118
130
250
896
102
272
864
123
298
875
158
770
86
113
134
157
572
831
132
170
379
722
871
889
120
135
881
131
147
421
784
883
168
780
859
149
128
172
870
885
166
844
858
538
866
868
100
185
873
215
218
129
886
89
115
136
99
880
854
860
138
154
246
127
894
83
98
108
850
104
227
890
169
153
911
125
900
906
93
863
887
874
177
106
898
116
200
884
124
882
97
879
905
76
895
122
901
159
914
110
90
897
105
912
117
839
96
111
902
109
908
891
95
920
910
187
91
892
107
931
57
75
94
927
88
85
904
915
916
899
78
121
101
82
81
924
84
74
932
277
417
382
622
312
533
304
424
494
501
581
262
340
341
612
666
532
343
610
358
401
624
518
212
405
460
466
524
650
688
323
408
428
441
526
559
680
282
588
476
486
251
502
599
380
674
768
279
432
509
555
605
254
551
562
231
316
383
499
505
662
253
269
475
330
362
429
436
492
300
332
393
462
503
512
602
619
366
404
409
545
589
623
257
328
394
488
549
743
372
388
442
569
689
692
407
412
525
643
672
696
336
395
571
574
758
597
670
489
537
677
480
491
590
613
519
726
333
418
531
536
490
392
580
686
355
575
660
344
473
264
400
673
259
560
675
297
457
527
626
353
430
523
578
443
452
683
697
351
373
445
630
713
729
309
356
360
363
507
636
691
520
565
646
390
639
724
335
339
399
695
415
544
319
628
244
389
420
659
454
467
543
587
702
377
387
541
584
327
498
219
290
485
621
633
685
795
796
281
338
342
593
642
731
789
302
576
714
718
741
754
284
479
791
287
564
637
647
663
667
618
357
371
384
547
629
738
322
468
539
771
416
737
453
664
703
548
554
570
182
276
522
577
579
385
783
794
261
426
763
256
359
247
568
711
248
497
567
620
735
798
273
308
471
487
521
606
706
325
483
715
563
665
402
419
561
736
241
367
396
191
346
516
585
313
451
645
766
223
229
326
431
556
749
661
762
295
517
690
701
676
274
288
438
750
406
403
461
598
638
799
291
422
635
803
410
534
806
439
477
435
801
225
331
540
631
595
668
704
732
781
809
627
508
826
411
805
192
608
777
386
654
755
694
557
746
725
459
756
294
324
465
542
601
260
712
209
506
655
444
449
510
427
778
817
774
470
603
773
455
271
573
707
239
804
448
515
611
800
744
684
173
202
785
669
797
275
398
723
495
634
550
303
413
464
463
504
698
625
368
604
641
614
765
716
586
828
318
469
199
767
775
681
811
734
753
292
739
730
167
278
836
658
648
434
174
719
708
277
417
382
312
304
533
622
262
494
501
581
212
532
666
424
341
369
612
343
358
340
401
610
624
518
688
768
466
680
160
251
526
405
307
582
650
441
460
524
559
588
245
282
323
306
348
502
408
476
486
240
349
428
674
162
305
432
456
662
253
299
314
450
195
207
254
380
605
743
231
279
509
555
562
599
181
243
285
301
505
511
163
362
474
551
499
758
184
213
220
269
316
332
692
232
280
364
425
289
300
317
320
330
481
623
197
370
383
397
429
475
602
619
672
847
211
296
436
492
790
255
270
478
500
512
696
210
372
689
233
393
267
328
381
442
482
503
545
589
677
176
394
462
194
433
643
365
376
216
412
513
514
186
252
329
336
404
407
613
632
670
726
198
409
458
705
151
249
345
488
546
569
571
590
440
480
721
311
531
549
574
849
235
525
537
660
257
580
583
592
609
838
395
491
519
594
865
190
536
829
366
552
597
193
675
729
787
617
651
671
742
782
333
354
489
640
686
740
819
388
575
802
830
391
807
852
150
259
264
378
673
751
161
418
490
560
656
710
789
808
230
315
840
205
683
236
630
724
796
493
679
697
727
795
156
355
392
713
344
473
764
824
146
268
321
578
657
565
591
626
682
779
171
188
221
263
283
351
445
527
607
649
653
265
309
400
553
752
179
297
374
745
791
182
334
457
529
636
646
353
691
443
687
693
733
258
430
472
484
639
695
853
363
523
628
788
825
834
822
139
507
520
600
373
815
835
823
183
175
352
361
437
685
798
266
644
731
390
813
178
718
842
452
659
335
356
747
783
615
741
754
851
310
846
389
709
717
141
399
447
761
771
201
224
543
703
848
286
347
738
843
360
284
281
485
642
219
339
587
593
702
769
584
596
793
809
387
420
794
319
652
737
302
541
616
544
558
663
714
667
415
633
748
203
244
338
763
148
222
414
621
664
757
342
564
629
535
781
728
735
845
547
256
479
647
576
720
112
760
816
327
377
618
841
126
290
803
820
833
276
862
189
539
467
766
375
577
620
637
810
776
554
155
229
826
468
750
454
818
165
814
217
548
749
423
736
799
869
204
759
867
371
570
247
498
579
665
872
273
528
357
561
416
145
792
522
337
762
806
711
563
777
385
755
805
192
496
325
238
453
322
521
144
877
606
164
402
287
676
242
167
701
133
530
715
878
690
585
214
661
248
241
556
487
446
566
419
772
277
417
382
533
622
312
384
666
304
359
501
581
494
532
326
386
424
262
483
612
294
406
568
598
610
624
260
340
346
426
451
455
291
341
343
396
508
261
308
497
567
680
274
313
401
518
526
638
688
295
358
411
517
191
435
438
471
559
650
303
331
367
410
422
431
448
466
477
524
212
405
460
534
540
706
403
502
588
645
674
251
459
465
595
282
288
323
439
516
225
398
408
461
324
441
444
449
239
428
476
486
586
631
223
432
599
604
605
662
271
551
608
768
279
380
509
555
573
627
668
253
368
427
463
506
510
515
562
464
505
542
557
635
470
654
746
413
499
550
589
601
611
269
275
316
704
732
254
602
603
231
623
672
692
694
698
362
492
504
619
655
300
475
495
549
723
292
383
429
436
462
625
689
707
330
332
512
545
758
209
393
318
469
574
634
641
669
712
726
173
677
696
743
774
328
404
503
613
643
202
407
569
614
744
372
442
490
716
725
525
670
684
394
412
488
537
278
519
571
590
681
801
409
660
491
489
597
336
199
480
531
536
580
773
257
395
686
729
174
434
673
756
575
778
560
675
753
658
765
797
333
648
730
683
713
724
767
697
264
734
259
355
392
418
626
800
804
344
473
630
388
457
578
775
366
527
708
739
719
523
646
565
351
691
353
445
817
297
400
636
695
785
639
309
520
430
628
373
507
363
659
443
452
587
335
738
718
485
543
685
356
389
390
420
795
544
541
593
642
584
667
633
703
731
621
702
828
360
399
796
339
663
798
182
281
811
284
637
479
737
387
415
754
319
741
576
836
564
714
783
302
539
547
791
629
789
771
618
342
664
647
338
244
577
735
498
554
468
620
290
522
467
377
579
561
219
794
548
763
665
277
417
382
454
768
312
622
212
533
809
666
262
304
327
781
847
167
287
501
581
322
424
494
532
799
826
838
229
612
688
160
357
624
680
711
766
805
247
340
341
371
610
806
849
865
343
743
358
385
416
453
650
803
369
401
715
192
518
526
570
777
241
251
276
405
466
674
790
195
273
325
402
502
588
736
749
762
829
852
245
256
282
419
460
524
559
163
323
582
750
755
758
248
441
521
662
307
408
428
486
563
690
181
220
231
348
476
606
672
835
176
253
306
432
487
556
701
819
162
380
661
692
824
279
585
599
605
802
207
254
349
456
551
555
562
589
676
840
862
240
299
509
808
851
853
151
184
213
269
314
726
305
450
505
696
825
285
499
511
823
830
316
807
197
300
362
623
677
689
301
330
481
492
602
619
232
332
383
436
475
787
834
429
462
545
721
782
795
474
512
549
643
796
846
848
280
328
393
404
815
843
243
317
842
156
193
211
255
364
425
503
613
190
267
320
370
372
407
500
574
670
789
289
394
442
482
740
822
150
210
296
478
525
569
788
139
161
186
233
270
514
632
729
194
216
336
376
412
433
488
490
660
705
742
833
146
171
397
519
537
571
257
381
409
546
590
686
751
779
841
845
877
252
365
480
489
651
724
491
531
673
764
816
249
671
727
345
395
536
597
791
188
259
513
552
580
675
205
235
236
592
683
713
813
893
329
458
583
783
867
198
594
609
640
697
440
575
656
710
264
311
617
679
230
333
366
418
560
691
178
182
355
630
657
798
392
752
793
179
344
388
527
810
878
457
473
523
814
872
126
354
578
607
682
745
626
653
771
818
391
646
695
148
315
794
351
445
820
112
183
224
353
565
639
733
221
628
636
687
836
141
268
283
309
493
769
869
400
529
191
297
693
731
203
258
484
553
591
718
738
741
507
649
685
778
378
443
520
761
175
363
717
754
817
876
263
430
659
856
201
373
374
747
334
896
265
600
644
709
720
321
335
352
472
485
703
801
888
702
452
587
615
861
356
543
616
748
800
390
389
361
541
544
642
667
737
219
760
857
133
437
155
889
621
763
420
663
706
757
821
864
360
828
266
584
593
714
142
339
399
558
633
189
281
652
832
347
837
387
447
479
774
875
145
222
596
776
792
319
637
173
137
284
732
310
359
647
785
164
415
564
414
773
174
286
568
576
735
302
728
871
629
759
567
645
704
539
547
483
535
804
384
855
664
144
204
342
165
217
261
811
827
202
223
618
199
367
497
119
209
756
438
426
859
765
244
123
308
338
225
786
451
471
516
577
152
725
885
295
595
598
313
883
439
461
86
102
517
635
881
554
143
396
291
375
528
638
668
812
274
767
431
326
346
406
694
113
534
620
288
608
712
403
423
886
631
120
873
522
627
239
468
118
410
435
498
746
831
561
707
508
331
477
866
579
868
655
540
422
654
797
665
238
557
603
880
214
542
870
601
131
548
684
858
