8258
8073
8176
8153
8154
8206
8212
8241
7975
7981
8084
8174
8272
8067
8096
8129
8181
8185
8232
7870
7971
8015
8017
8040
8074
8148
8269
8300
8306
8319
8322
8380
7980
7983
7987
8034
8075
8094
8118
8196
8200
8234
8237
7959
7994
8029
8065
8076
8120
8125
8145
8162
8262
8270
8273
8276
8289
8333
8355
8382
8036
8054
8100
8134
8144
8187
8207
8229
8253
8254
8261
8281
8285
8307
8357
7774
7900
7901
7915
8032
8082
8087
8093
8110
8111
8122
8127
8136
8173
8218
8243
8264
8265
8266
8286
8308
8327
8334
7906
8028
8071
8140
8143
8178
8179
8184
8194
8197
8199
8201
8230
8257
8260
8279
8368
8395
8403
7787
7856
7952
8060
8061
8077
8103
8128
8131
8149
8180
8195
8216
8233
8236
8238
8249
8250
8301
8309
8313
8331
8344
8369
8376
8378
8391
8401
8414
7749
7889
7949
7951
7953
7963
7966
8024
8043
8047
8068
8099
8105
8107
8135
8165
8167
8172
8203
8220
8221
8223
8242
8252
8259
8275
8292
8296
8304
8317
8325
8328
8347
8359
8383
8384
7878
7880
7891
7895
7903
7942
8007
8048
8089
8092
8124
8163
8170
8192
8224
8245
8291
8310
8314
8316
8329
8377
8379
8387
8390
8400
8408
8425
8455
6234
7913
7916
7961
7973
7990
8001
8018
8025
8027
8070
8081
8088
8090
8091
8102
8116
8166
8198
8215
8246
8263
8277
8283
8284
8294
8299
8315
8321
8356
8402
8430
8473
8487
7872
7886
7910
7926
7938
7960
7976
8057
8064
8069
8078
8085
8098
8150
8159
8169
8190
8191
8214
8251
8302
8303
8311
8336
8349
8360
8364
7815
7857
7877
7899
7912
7923
7978
7979
7995
8002
8006
8019
8020
8023
8049
8052
8083
8097
8101
8115
8160
8186
8193
8205
8217
8247
8318
8323
8338
8350
8351
8365
8392
8393
8396
8411
8440
6237
7826
7896
7914
7946
7962
7972
7985
7991
7993
7997
7998
8005
8046
8112
8156
8157
8164
8219
8239
8255
8278
8337
8342
8348
8388
8399
8413
8420
8421
8432
8450
8495
7767
7771
7825
7865
7927
7996
8030
8050
8059
8066
8113
8133
8138
8177
8183
8202
8209
8228
8231
8288
8324
8341
8374
8385
8407
8410
8416
8423
8484
6171
7794
7805
7861
7909
7947
7950
7982
7986
8008
8123
8130
8152
8161
8210
8222
8248
8290
8353
8389
8394
8415
8453
8454
8472
6135
6141
6235
7710
7868
7928
7935
7941
7943
7945
7988
8031
8063
8095
8121
8139
8151
8155
8211
8320
8358
8361
8362
8373
8381
8427
8451
8479
8508
7686
7711
7792
7848
7866
7867
7875
7908
7934
7936
7937
7954
7968
8010
8013
8037
8041
8042
8053
8058
8109
8119
8141
8267
8271
8345
8354
8371
8375
8404
8412
8422
8452
8524
6043
6214
6306
7765
7802
7811
7818
7822
7824
7832
7837
7845
7902
7925
7977
7999
8003
8009
8012
8072
8240
8295
8297
8343
8449
8481
8485
8490
8519
8528
5954
6011
6052
6225
7719
7744
7869
7871
7930
7932
7940
8014
8016
8044
8137
8147
8158
8204
8244
8339
8372
8406
8439
8443
8483
8491
5802
5905
6111
6281
6284
6326
6335
7713
7721
7784
7800
7810
7834
7838
7846
7853
7855
7876
7892
7917
7921
7922
7931
7933
7956
7964
8039
8051
8104
8326
8346
8366
8367
8435
8444
8463
8465
8467
8478
8511
5933
6173
6209
6254
6267
6415
6513
6637
7402
7639
7732
7769
7796
7844
7863
7883
7969
7974
8000
8011
8033
8038
8062
8086
8189
8226
8274
8287
8370
8418
8424
8431
8442
8445
8457
8459
8493
8499
5820
5866
5886
6051
6320
6343
6409
6459
7048
7552
7618
7729
7808
7821
7884
7920
7948
7957
8021
8055
8142
8386
8397
8433
8437
8474
8486
8522
8529
8533
5874
5875
6094
6106
6182
6188
6307
6351
6497
6552
7726
7739
7759
7801
7819
7841
7843
7864
7873
7887
7890
7967
8026
8080
8332
8405
8441
5860
5925
5964
6183
6219
6247
7514
7527
7698
7752
7786
7803
7823
7847
7893
7898
7929
7989
8045
8458
8489
8503
8505
5806
5839
5908
6113
6129
6133
6194
6208
6224
6253
6271
6286
6325
6332
6399
6454
6460
6468
6476
6677
7256
7570
7777
7780
7804
7809
7829
7835
7839
7850
7858
7881
7955
7992
8022
8108
8213
8235
8298
8352
8417
8448
8471
8476
8501
8541
5577
5792
5881
6022
6029
6072
6081
6095
6098
6116
6156
6319
6433
6539
6664
7536
7812
7816
7885
7905
7924
7944
8335
8363
8428
8464
8488
8509
8513
8518
5815
5842
5871
5924
5962
6089
6179
6211
6328
6347
6371
6374
6447
6494
6669
7046
7459
7720
7725
7753
7790
7897
7911
7970
8056
8168
8188
8398
8475
8500
8525
5449
5848
5856
5916
5946
5974
6086
6120
6143
6154
6165
6278
6291
6310
6342
6410
6470
6549
6557
6681
6788
6806
7251
7397
7598
7660
7668
7768
7852
7862
7958
7984
8480
8512
5553
5650
5781
5785
5859
5885
5958
6074
6099
6119
6140
6197
6202
6207
6238
6245
6248
6270
6292
6294
6305
6334
6413
6479
6609
6744
7535
7553
7691
7695
7708
7735
7746
7795
7833
7874
8515
8577
5684
5705
5771
5821
5934
5963
6003
6044
6093
6168
6242
6383
6417
6457
6532
6645
6708
7462
7566
7664
7681
7692
7723
7727
7737
7754
7757
7773
7813
7820
7840
7854
7879
8429
8436
8447
8470
8507
8532
5660
5786
5849
5872
5904
5921
6010
6071
6126
6128
6203
6240
6260
6264
6277
6317
6323
6333
6396
6403
6406
6499
6516
6573
7145
7428
7474
7516
7613
7667
7702
7718
7751
7758
7830
7882
7904
8035
8482
8496
8504
5620
5685
5794
5829
5923
5943
5967
6030
6069
6084
6121
6213
6215
6229
6262
6298
6308
6336
6518
6616
6726
7126
7231
7259
7298
7304
7489
7551
7594
7606
7688
7709
7738
7761
7770
7797
7828
7851
8477
8538
8546
5542
5570
5753
5897
5945
5969
6088
6092
6101
6114
6122
6136
6170
6174
6175
6193
6198
6201
6256
6269
6290
6295
6297
6368
6393
6458
6501
6503
6579
6587
6702
6798
6954
7069
7299
7488
7522
7563
7593
7683
7888
8462
8535
8536
8548
8564
4983
5580
5612
5698
5751
5861
5985
5999
6026
6028
6057
6102
6103
6127
6137
6158
6162
6249
6282
6285
6303
6316
6329
6345
6354
6362
6398
6505
6512
6535
6615
6623
6705
6730
7191
7335
7383
7528
7530
7533
7601
7612
7651
7663
7677
7684
7741
7827
8438
8456
8494
8517
8550
8553
5574
5731
5739
5773
5793
5834
5940
5942
5955
5959
5983
6032
6039
6110
6115
6139
6144
6157
6176
6185
6189
6261
6263
6299
6300
6357
6360
6438
6484
6508
6556
6585
6633
6639
6917
6960
7079
7136
7169
7180
7265
7288
7321
7361
7495
7562
7609
7623
7644
7650
7748
7764
8446
8492
8542
8576
5534
5735
5750
5763
5776
5789
5791
5853
5857
5902
5922
5961
5981
5982
5990
6025
6037
6125
6181
6258
6289
6472
6541
6554
6598
7375
7491
7519
7523
7592
7599
7621
7631
7652
7670
7689
7712
7743
7760
7779
7781
7817
7860
7939
8460
8466
8506
8520
8521
8523
8531
8549
8573
5770
5796
5810
5818
5826
5865
5888
5891
5892
5948
5972
6108
6138
6216
6279
6322
6370
6381
6397
6407
6426
6537
6631
6632
6643
6680
6712
6801
6818
7061
7286
7374
7382
7614
7714
7722
7766
7772
7789
8497
8516
8540
5415
5590
5713
5769
5777
5835
5978
6002
6007
6027
6046
6149
6191
6206
6228
6231
6251
6276
6315
6330
6340
6375
6430
6667
6735
6764
6774
6891
6956
7006
7018
7027
7090
7151
7242
7252
7330
7365
7366
7423
7458
7487
7508
7524
7544
7586
7596
7616
7624
7678
7814
7918
8469
8526
8534
8537
8584
5554
5623
5662
5665
5930
5950
5987
6035
6060
6097
6145
6159
6180
6184
6246
6272
6283
6388
6489
6544
6646
6657
6686
6704
6711
6713
6863
6900
6911
6912
6918
7010
7028
7122
7141
7146
7176
7178
7318
7376
7380
7408
7498
7554
7559
7578
7602
7608
7619
7630
7672
7676
7762
7763
7842
7907
8510
8514
8530
8559
8562
8587
5038
5506
5625
5669
5677
5683
5688
5716
5756
5845
5850
5854
5876
5890
5903
5912
6090
6109
6152
6226
6318
6337
6422
6449
6478
6481
6496
6527
6553
6572
6576
6627
6727
6728
6768
6858
7182
7244
7289
7324
7373
7409
7427
7431
7463
7581
7646
7665
7706
7724
7747
7793
8582
5435
5486
5500
5616
5643
5670
5689
5693
5734
5737
5747
5748
5828
5847
6040
6070
6118
6124
6155
6169
6172
6252
6293
6311
6321
6352
6376
6419
6434
6487
6517
6568
6578
6592
6593
6601
6610
6654
6656
6661
6683
6700
6782
6812
6836
6909
6942
6955
6985
7144
7161
7203
7314
7320
7362
7478
7543
7625
7633
7634
7734
7783
7836
8558
8567
8613
5353
5365
5420
5527
5700
5755
5764
5900
5911
5927
5932
5971
5989
5998
6016
6034
6061
6117
6190
6200
6366
6400
6424
6448
6455
6581
6582
6668
6729
6794
6808
6862
6879
6908
6921
6965
6984
7005
7011
7197
7216
7238
7300
7338
7343
7371
7407
7470
7569
7649
7657
7669
7716
7731
7785
7791
7798
8560
8568
8583
5379
5461
5536
5562
5642
5681
5694
5787
5837
5852
5906
5928
5979
6038
6067
6082
6167
6221
6350
6353
6358
6359
6404
6408
6435
6445
6477
6519
6536
6561
6591
6878
6925
7043
7047
7060
7124
7268
7284
7393
7440
7443
7511
7515
7517
7547
7595
7635
7653
7659
7674
7715
8543
8571
5476
5526
5568
5582
5602
5603
5697
5715
5798
5838
5914
5939
5941
5995
5996
6009
6017
6024
6059
6062
6210
6265
6274
6304
6338
6344
6346
6369
6416
6486
6502
6510
6530
6584
6589
6629
6635
6641
6662
6690
6753
6845
6876
7026
7115
7120
7177
7248
7269
7424
7433
7435
7452
7468
7485
7567
7577
7647
8502
8565
8566
8569
8580
4984
5099
5348
5557
5636
5654
5686
5742
5758
5782
5800
5823
5844
5919
5926
6042
6064
6080
6100
6142
6147
6160
6164
6178
6217
6218
6232
6520
6575
6577
6625
6647
6695
6724
6736
6740
6769
6775
6777
6802
6814
6880
6894
6898
6986
7109
7117
7121
7272
7329
7348
7360
7434
7520
7605
7638
7662
7694
7755
7859
8555
8572
8579
8600
5324
5334
5385
5439
5464
5511
5592
5645
5663
5674
5720
5816
5879
5883
5887
5929
5937
5984
6000
6004
6077
6104
6186
6196
6313
6339
6349
6382
6392
6395
6444
6446
6492
6514
6515
6523
6529
6540
6571
6618
6621
6671
6672
6715
6761
6914
6930
6966
6972
6982
6983
6989
7036
7053
7063
7085
7170
7225
7235
7237
7331
7425
7447
7457
7479
7542
7582
7603
7629
7640
7648
7687
7696
7704
7778
8539
4592
4873
4895
4925
5056
5112
5308
5395
5428
5504
5520
5528
5538
5547
5646
5703
5732
5743
5749
5761
5833
5858
5935
5952
5973
6076
6083
6187
6199
6268
6312
6314
6373
6425
6427
6436
6463
6482
6483
6493
6507
6533
6548
6714
6739
6751
6829
6854
6885
6943
6947
6948
6993
7119
7128
7163
7166
7240
7283
7315
7316
7351
7381
7417
7421
7432
7450
7482
7494
7503
7512
7537
7548
7576
7590
7697
8561
8594
5223
5266
5399
5518
5560
5589
5594
5649
5652
5673
5704
5724
5746
5807
5819
5895
5910
6012
6033
6041
6066
6192
6387
6405
6412
6428
6442
6498
6543
6563
6580
6663
6747
6759
6824
6967
6970
6987
7000
7042
7059
7066
7107
7192
7254
7261
7282
7306
7327
7342
7344
7379
7395
7464
7497
7550
7557
7564
7573
7575
7585
7632
7699
7736
7756
8547
8563
8598
8601
5442
5475
5545
5581
5729
5745
5762
5765
5804
5841
5878
5893
5991
6049
6050
6054
6123
6151
6177
6222
6418
6421
6439
6462
6528
6555
6599
6716
6752
6755
6928
6935
6992
7015
7070
7186
7188
7220
7355
7410
7439
7453
7460
7467
7531
7539
7546
7588
7617
7637
7682
7701
7806
8545
4564
4764
4859
4921
5072
5074
5279
5321
5474
5584
5597
5606
5744
5801
5817
5855
5863
5880
5884
5907
5960
5970
5975
6005
6132
6163
6241
6273
6453
6471
6565
6722
6770
6823
6838
6840
6872
6881
6897
6901
7080
7142
7273
7281
7302
7319
7406
7418
7441
7451
7461
7641
7655
7675
7685
7730
7775
7831
4683
4994
5019
5210
5291
5297
5433
5458
5575
5605
5647
5664
5757
5767
5788
5814
5825
5882
5936
5966
5988
5997
6107
6204
6212
6287
6301
6377
6583
6696
6706
6893
6916
6953
6979
7030
7097
7127
7135
7138
7218
7387
7405
7414
7446
7501
7509
7513
7541
7568
7622
7656
7666
7705
7788
7807
8554
8575
8581
8606
4906
5055
5335
5465
5618
5624
5846
5917
5931
6130
6161
6250
6327
6378
6411
6437
6452
6473
6495
6594
6634
6658
6691
6709
6720
6783
6784
6791
6796
6804
6819
6846
6963
6999
7003
7007
7058
7068
7100
7102
7108
7140
7317
7490
7506
7600
7607
7627
8544
4518
5214
5270
5278
5285
5314
5408
5427
5489
5558
5617
5622
5627
5706
5718
5768
5790
5822
5824
5830
5909
5968
6058
6379
6450
6469
6521
6564
6595
6600
6673
6679
6694
6732
6756
6933
6950
7089
7091
7101
7105
7149
7150
7162
7195
7217
7294
7322
7323
7353
7426
7483
7486
7587
4558
4883
5393
5413
5488
5491
5493
5573
5588
5591
5599
5666
5709
5710
5808
5877
5894
5898
6008
6014
6031
6078
6239
6255
6324
6602
6640
6682
6697
6725
6750
6757
6803
6817
6961
6974
6995
7021
7050
7062
7183
7275
7358
7372
7390
7413
7416
7507
7579
7671
7717
7728
8570
8574
8592
8596
4492
4667
4754
4868
5133
5316
5350
5398
5630
5702
5741
5784
5867
5920
5947
5965
6068
6402
6440
6488
6509
6597
6792
6886
6889
6899
6902
6938
6969
7012
7233
7369
7392
7448
7465
7473
7475
7499
7534
7558
7597
7673
7680
7693
8551
8578
4846
4894
5107
5239
5246
5284
5296
5360
5522
5563
5648
5653
5657
5726
5738
5772
5843
5944
6075
6205
6288
6302
6348
6423
6429
6465
6485
6648
6763
6807
6848
6892
6919
6936
6978
7013
7067
7098
7099
7118
7125
7181
7199
7274
7279
7332
7349
7352
7378
7398
7437
7532
7628
8593
4537
4680
4821
4888
5281
5287
5328
5355
5391
5446
5510
5567
5696
5699
5711
5719
5722
5775
5811
5915
5949
5977
6001
6045
6153
6166
6195
6259
6296
6355
6365
6524
6550
6560
6567
6590
6699
6718
6780
6790
6799
6830
6841
6868
6882
6905
6945
6981
6996
7087
7094
7111
7113
7123
7133
7172
7179
7185
7190
7212
7394
7412
7420
7518
7645
8629
4624
4874
4933
5095
5139
5267
5337
5367
5418
5421
5566
5598
5610
5632
5760
5840
5957
6309
6525
6566
6614
6626
6754
6765
6810
6922
6958
7034
7051
7065
7241
7363
7370
7436
7444
7472
7492
7500
7525
7583
7611
8614
4497
4587
4635
4698
4783
5048
5110
5233
5357
5392
5469
5551
5593
5604
5613
5614
5615
5687
5692
5986
6401
6443
6606
6811
6834
6837
6910
6964
6988
7095
7173
7219
7223
7309
7328
7333
7340
7438
7455
7529
7556
7565
4597
4656
4688
4904
4911
4914
5014
5047
5071
5131
5132
5143
5257
5262
5271
5354
5377
5483
5508
5578
5637
5701
5869
5980
6394
6475
6480
6491
6608
6624
6642
6649
6787
6815
6883
6896
6927
6951
7020
7056
7132
7187
7224
7350
7354
7386
7610
8624
4585
4734
4912
4971
4991
5026
5070
5080
5228
5289
5320
5383
5443
5456
5468
5473
5482
5509
5561
5576
5668
5680
5870
6020
6021
6230
6361
6420
6506
6613
6628
6652
6687
6707
6805
6813
6855
6861
6865
6870
6920
6949
6971
7230
7285
7356
7504
7526
8591
8616
8621
8633
4301
4334
4487
4666
4891
4970
5082
5111
5332
5370
5384
5422
5426
5438
5514
5633
5678
5730
5836
6356
6364
6456
6546
6638
6651
6653
6684
6688
6693
6742
6793
6835
6843
6852
6874
6907
7032
7131
7167
7194
7214
7226
7234
7245
7266
7277
7287
7339
7367
7396
8588
8589
8599
4665
4877
4962
5020
5113
5198
5249
5374
5417
5455
5569
5595
5631
5676
5799
5889
5976
6146
6441
6467
6474
6504
6569
6605
6776
6833
6851
6877
7004
7175
7208
7255
7313
7400
7480
7493
8603
8611
8628
4156
4628
4919
4947
4961
5165
5195
5315
5358
5414
5448
5462
5507
5641
5725
5754
5780
5851
5899
6331
6380
6545
6666
6719
6767
6849
6856
6866
7016
7054
7073
7078
7106
7389
7411
7589
7661
8595
8608
8627
8639
4433
4477
4495
4581
4644
4790
4814
4852
5151
5176
5182
5288
5293
5419
5499
5519
5571
5579
5611
5626
5640
6023
6096
6604
6612
6758
6890
6904
6915
7008
7093
7196
7264
7307
7326
7419
7445
7471
7580
8623
8640
4386
4491
4521
4813
4830
4860
4885
4952
4974
5035
5052
5077
5079
5141
5390
5411
5436
5513
5651
6048
6431
6464
6660
6701
6760
6785
6913
7037
7129
7262
7290
7295
7364
7385
7401
7449
7477
7505
7604
4562
4571
4692
4770
4803
4899
4905
4927
4998
5114
5120
5128
5187
5205
5245
5258
5323
5339
5375
5402
5429
5655
5672
5736
5779
5832
5918
6266
6551
6906
7081
7171
7174
7243
7263
7334
7346
7415
7484
7521
7658
7703
8620
4776
4802
4988
4992
5068
5163
5164
5180
5188
5199
5302
5515
5583
5695
5714
5717
5766
6013
6275
6531
6559
6586
6617
6636
6659
6676
6678
6939
6977
7025
7222
7246
7292
7700
4411
4425
4439
4763
4809
4898
4956
4980
5031
5098
5102
5207
5276
5330
5366
5425
5497
5512
5535
5555
5621
5638
5639
5667
5675
6065
6227
6685
6703
6859
6941
6952
6975
6990
7305
7310
7347
7404
7466
7476
8586
8605
8619
4238
4649
4767
5166
5185
5356
5432
5466
5524
5532
5635
5658
5805
5809
6056
6367
6461
6570
6644
6778
6976
7035
7049
7092
7229
3603
4540
4567
4575
4710
4711
4834
4944
5010
5022
5140
5148
5155
5227
5250
5303
5450
5472
5529
5552
5629
5707
5868
6223
6526
6611
6650
6674
6692
6873
6923
6932
6980
7071
7215
7270
7291
7341
7584
8607
8634
3692
4423
4539
4566
4604
4703
4757
4817
4845
4853
4926
4973
5100
5238
5304
5351
5387
5400
5492
5494
5951
6233
6389
6562
6596
6717
6773
6825
6869
6959
7114
7312
8590
8604
8622
4432
4549
4725
4749
4774
4907
4959
5015
5046
5053
5062
5066
5186
5192
5363
5380
5386
5470
5502
5572
5596
5609
5797
6341
6414
6511
6558
6797
6895
6940
6994
7052
7193
7198
7204
7345
3657
4289
4508
4684
4715
4726
4737
4869
4879
4949
5094
5158
5204
5255
5318
5344
5394
5454
5530
6085
6655
6675
6822
6857
6998
7029
7076
7088
7168
7502
7636
4086
4476
4651
4847
4870
4900
5018
5075
5183
5184
5234
5352
5440
5447
5463
5619
5862
7033
7096
7130
7134
7206
7211
7422
7481
7572
4465
4569
4652
4661
4678
4755
4775
4864
5004
5032
5054
5083
5089
5121
5189
5361
5424
5484
5490
5501
5559
5712
5740
6047
6689
6741
7075
7083
7200
7210
7260
8635
8652
4190
4541
4625
4697
4704
4784
4829
4951
4997
5108
5144
5190
5283
5431
5521
5541
5546
5938
6721
6853
7022
7205
7296
4617
4731
4843
4903
4934
4975
4989
5039
5085
5088
5106
5127
5150
5159
5226
5273
5306
5307
5319
5389
5600
5608
5671
6091
6574
6603
6743
6771
6850
6871
6957
6997
7001
7017
7023
7139
7249
8659
3697
4306
4399
4502
4565
4655
4669
4824
4826
4887
4890
4955
4977
5058
5118
5126
5134
5172
5467
5690
5727
5774
6779
6946
7038
7074
7165
7239
7540
8585
4482
4526
4671
4714
4804
4848
4886
4943
5024
5043
5265
5341
5388
5451
5540
5644
6053
6385
6887
7039
7055
7143
7209
7227
4417
4515
4607
4641
4693
4727
4738
4771
4837
4920
5033
5153
5178
5191
5261
5349
5364
5368
5376
5396
5405
5505
5873
6748
6821
7155
8674
4841
4987
5086
5087
5215
5243
5274
5345
5372
5407
5457
5496
6280
6670
6847
6929
6968
7082
7189
7303
7368
7549
4340
4547
4553
4602
4752
4781
4851
4857
4862
4917
5021
5060
5181
5343
5444
5525
6112
6547
6588
6734
6749
6867
7103
7267
7442
8617
8632
4290
4384
4552
4696
5096
5109
5219
5225
5229
5254
5272
5286
5471
5956
6622
6800
7031
7137
7391
8636
8638
8650
4052
4203
4347
4402
4449
4598
4616
4709
4780
4916
4954
4969
4993
5028
5064
5078
5105
5161
5206
5222
5268
5634
6015
7024
7184
7213
8637
3963
4536
4606
4733
4769
4941
4965
5090
5347
5378
5459
5478
5723
6826
7009
7072
7280
8625
4407
4659
4932
4966
4981
5025
5147
5156
5331
5336
5412
5661
6786
7153
7301
8615
8658
4364
4467
4533
4681
4716
4718
4730
4940
4979
5063
5103
5129
5275
5401
6844
6884
7336
7571
4104
4352
4385
4427
4428
4490
4493
4627
4648
4687
4713
4736
4762
4924
5037
5092
5170
5202
5251
5406
6733
7045
7057
7154
7156
7159
7430
8610
8631
3514
4169
4506
4650
4675
4861
4930
5006
5093
5201
5256
5312
5325
5326
5423
6542
8618
8643
3706
3806
4098
4212
4224
4319
4468
4570
4603
4670
4743
4758
4876
4882
4982
5044
5168
5171
5224
5327
5416
6820
6937
3563
4015
4344
4545
4586
4621
4629
4782
4810
4897
4986
5011
5013
5041
5154
5292
5381
5565
5659
5679
7002
7308
7337
8654
4324
4336
4363
4419
4568
4647
4663
4745
4791
4820
4823
4881
4884
5029
5241
5481
6944
7110
8655
3955
4330
4512
4514
4548
4712
4744
4799
4822
4825
4871
4928
4945
5177
5194
5252
5301
5322
5369
5485
6809
7147
8644
3763
4063
4393
4471
4494
4550
4620
4626
4664
4685
4827
4832
4840
4915
4996
5001
5138
5157
5550
6723
7311
8626
4246
4295
4513
4574
4595
5065
5173
5218
5311
5382
8681
3959
4026
4061
4258
4690
4761
4793
4875
5209
5212
5232
5242
5253
5280
5317
5516
7084
8667
4499
4507
4555
4609
4707
4742
4801
4836
4918
4963
4964
5203
5230
5260
5585
7357
4314
4316
4371
4599
4668
4828
4835
4910
4972
4990
5005
5294
5295
5342
7403
3703
3836
3949
4065
4368
4478
4529
4544
4615
4662
4938
5036
5050
5061
5067
5104
5117
6864
8686
3622
3888
3986
4014
4022
4285
4337
4441
4498
4580
4622
4722
4748
4795
4958
5123
5403
5487
7271
4147
4207
4472
4504
4708
4831
4872
5049
5193
5208
5298
5495
3718
4108
4485
4520
4554
4588
4654
4686
4706
5097
5124
5152
5404
5549
8661
4112
4751
4922
4942
5017
5480
5586
6731
7207
3716
4279
4483
4605
4639
4740
4805
4968
5002
6827
8645
8649
8677
3662
4028
4134
4349
4542
4600
4637
4676
4724
4913
4999
5003
5137
5167
5269
6131
3774
3909
4366
4524
4611
4717
4773
4866
4867
4931
4967
5008
5016
5135
5340
5441
8672
3982
4241
4275
4379
4401
4531
4896
5160
5628
4765
4892
4909
4923
4978
5040
5073
5196
5200
3778
4054
4356
4453
4484
4596
4612
4613
4699
4777
4778
5373
5479
4160
4248
4322
4381
4503
4589
4614
4854
5216
5217
5259
5477
3620
3696
4043
4049
4420
4509
4525
4556
4796
5042
5045
7399
8630
3939
4397
4422
4534
4535
4561
4576
4601
8651
8673
4254
4438
4440
4445
4496
4583
4645
4746
4768
4797
4807
4939
5116
5299
5313
5453
7574
8656
3967
4042
4233
4264
4410
4426
4590
4672
4787
4858
4929
4946
4960
5101
5248
5282
5290
3749
4004
4430
4559
4747
4759
4812
4855
5000
5175
5237
5329
6772
6831
7496
8660
3612
3642
3714
3816
4421
4660
4721
4785
4786
5007
5309
5430
4172
4205
4350
4448
4519
4579
4792
5264
8668
8679
3915
4083
4179
4228
4260
4267
4329
4455
4800
4880
5069
5244
4608
4633
4901
5231
4117
4291
4374
4378
4461
4815
4950
5362
8641
8687
4126
4251
4265
4294
4323
4594
4634
4657
4689
4694
4695
4893
5543
8662
3807
3943
3979
4261
4358
4375
4842
3965
4389
4392
4442
4530
4543
4557
4632
4723
5091
5174
5338
3561
3936
4450
4489
4819
5136
5236
4020
4204
4435
8208
8648
8707
3931
4213
4444
4464
4522
4957
5305
8646
3922
4096
4159
4475
5012
5142
8689
4234
4268
4284
4310
4345
4353
4359
4563
4976
5009
5057
8653
8680
3643
3764
4409
4412
4741
4816
5498
3951
4365
4395
4415
4679
4798
4818
4839
4948
3715
4094
4119
4185
4223
4623
4772
6962
8671
3823
3945
4636
4674
5452
8669
4266
4346
5240
4099
4107
4274
4863
5119
5179
3626
3640
3911
4111
4288
4341
4808
4097
4372
4413
4551
4095
4631
5122
3808
4038
4252
4451
4528
4756
4865
5371
3741
4114
4138
4168
4735
4935
4995
4447
4653
5434
3768
4021
4304
4327
4505
4572
4141
4176
4206
4370
4732
5145
5310
3779
4339
4391
4719
3667
4071
4152
4383
4573
4750
5130
8678
3581
3886
3947
4315
4546
5059
5235
8642
3636
4089
4760
3737
3934
4272
4325
4355
3756
4129
4191
4269
4313
4794
5084
3709
3791
4102
4137
4367
4458
4577
4789
5197
3752
3940
4058
4416
4517
4682
3743
3796
3901
3925
3998
4106
4582
4640
8693
3536
3629
3978
4113
4148
4227
4332
3624
3627
3707
4175
4199
4236
4380
4501
3972
4373
4677
6875
3802
3826
3885
3921
3966
4454
4739
3508
3977
4183
4908
5027
3639
3647
3980
4013
4630
5213
5523
5708
8690
3770
4171
4230
4387
8688
3609
3633
3720
4456
3594
3912
4229
4305
4394
4619
5034
3572
3577
3905
4035
4307
4474
3876
4139
4216
3543
3669
4007
4131
4201
5051
8663
3747
3820
3883
4064
4225
4226
4446
4705
8670
3895
4193
4481
4034
4041
4135
4181
4463
4591
8657
3601
4000
4048
4162
4220
4237
4343
3788
3941
4009
4068
4142
4437
3539
3540
3787
3956
4046
4278
4466
4511
4728
3813
8682
3906
3993
4849
3575
3950
4418
4443
4532
4658
3736
4037
4406
4510
5346
3712
3908
4259
3746
4342
4431
4144
4702
3916
4937
3695
5076
4308
4643
5556
8684
3769
4235
4833
3850
3975
3588
3765
4044
4197
3944
4177
3565
5211
8664
3623
4031
4247
3659
3553
4100
4118
3585
3665
4025
4249
4157
3785
4578
3989
3649
4029
4400
4376
4074
4262
3789
4184
4187
4850
4312
5081
8683
3327
3465
5220
3560
4121
4030
4369
4149
4469
3801
3833
4209
3580
4434
4088
4429
3890
3839
4424
4403
3597
3621
3683
3721
4240
3898
4173
4351
3784
4045
3992
4072
4273
4170
4211
3668
3798
4165
4335
3805
3879
4161
4092
3766
8685
4012
4618
4318
3688
3996
4001
4298
4023
3579
4610
3635
3780
3497
3702
4328
4516
8698
3758
8696
3722
4180
3444
5359
4091
3638
3554
3454
3899
8666
4348
4779
4145
3663
4856
3958
4219
4538
3759
4263
3903
4217
5115
4128
3518
4076
3713
4281
3644
3889
4257
8258
8073
8176
8174
8067
8084
8154
8185
8212
7975
8206
8241
8269
8272
7981
8015
8017
8034
8040
8096
8118
8129
8153
8181
8237
8145
8148
8162
8196
8234
7971
8094
8100
8120
8200
8232
8253
8306
8322
8380
7870
8074
8144
8229
8262
8270
8276
8281
8300
8319
8382
7959
7980
7983
8075
8082
8122
8179
8265
8327
8333
8395
7987
8065
8093
8110
8125
8261
8264
8289
7994
8029
8036
8054
8076
8087
8127
8131
8134
8230
8257
8266
8273
8279
8286
8355
8357
7787
7906
7953
8061
8199
8236
8238
8249
8250
8252
8254
8301
8307
7901
7915
7951
8032
8043
8047
8143
8173
8187
8207
8224
8233
8260
8308
8334
8344
8376
7856
7900
8060
8111
8136
8149
8163
8180
8216
8218
8243
8285
8317
8368
8369
8403
8414
7774
7903
7963
7966
8024
8028
8071
8102
8103
8107
8135
8140
8184
8192
8194
8203
8245
8292
8296
8310
8329
8383
8391
7895
7913
7949
7952
8001
8077
8092
8099
8116
8128
8165
8167
8178
8195
8197
8201
8220
8294
8313
8356
8378
8384
6234
7938
7961
8007
8025
8070
8081
8098
8159
8166
8170
8259
8275
8304
8314
8325
8331
8349
8400
8402
7889
7973
7990
8069
8085
8105
8172
8186
8223
8251
8283
8284
8309
8316
8321
8328
8351
8359
8377
8401
8473
7749
7878
7886
7995
8027
8052
8057
8068
8089
8097
8124
8157
8160
8221
8255
8277
8311
8347
8387
8408
8430
7880
7891
7942
7960
7978
8002
8048
8078
8156
8164
8242
8263
8303
8364
8365
8379
8390
8413
8425
6237
7912
7916
7946
7976
7998
8006
8050
8064
8091
8190
8246
8291
8299
8302
8324
8393
8399
8411
8450
8455
7857
7865
7872
7909
8018
8046
8049
8083
8088
8090
8133
8193
8198
8215
8315
8338
8341
8342
8360
8374
8388
8396
8416
8432
8487
7910
7926
7962
8020
8112
8113
8115
8169
8191
8210
8214
8217
8248
8278
8318
8336
8337
8353
6171
7815
7826
7868
7979
7991
7993
7996
8019
8150
8152
8177
8183
8209
8231
8239
8247
8348
8389
8392
7877
7899
7914
7923
7968
7985
7997
8030
8121
8123
8130
8155
8205
8323
8350
8420
7767
7861
7896
7941
7943
7982
7986
8023
8037
8066
8101
8109
8151
8228
8320
8381
8410
8415
8421
8427
8440
8453
7794
7927
7934
7972
8008
8058
8141
8211
8219
8222
8288
8290
8422
8423
8495
6141
7802
7824
7825
7875
7902
7950
8005
8012
8059
8095
8119
8267
8297
8361
8484
7771
7805
7845
7925
7928
7940
8009
8138
8147
8202
8343
8354
8407
8454
8491
8519
6235
7837
7945
8031
8044
8139
8161
8339
8371
8385
8394
8439
8472
8524
5954
6135
7818
7921
7931
7935
7947
7956
8003
8072
8271
8358
8373
8463
8481
8508
7710
7711
7832
7846
7867
7932
7936
7977
7988
8014
8041
8053
8226
8240
8295
8362
8479
6052
6326
7792
7834
7848
7855
7866
7892
7908
7937
7954
8063
8345
8372
8375
8412
8451
8452
8511
7732
7853
7999
8010
8013
8042
8104
8137
8287
8366
8404
8445
8457
8467
8490
5933
7744
7769
7869
7933
7957
8000
8039
8386
8483
8499
8522
8528
6209
6214
6284
6306
7686
7729
7765
7811
7822
7838
7871
7917
7948
7967
8011
8016
8055
8158
8204
8406
8424
8433
8435
8449
8474
8478
8485
6043
7713
7784
7841
7864
7922
7969
7974
8038
8062
8244
8274
8459
8465
5886
6011
7402
7719
7726
7810
7844
7893
7930
8026
8326
8405
8493
6182
6225
7698
7752
7801
7821
7876
7920
7964
8033
8051
8080
8142
8332
8346
8397
8417
8418
8437
8444
5905
6281
6335
6513
7514
7618
7786
7796
7800
7808
7887
7989
8022
8045
8367
8431
8442
8443
6111
6320
6415
6454
7721
7777
7835
7883
7898
8086
8213
8335
8503
5925
6307
6459
6552
7552
7823
7847
7850
7890
8021
8352
8428
5802
5860
5866
6051
6173
6188
6497
6637
7048
7639
7858
7863
8189
8370
8448
8471
8501
8505
8533
5820
5875
6113
6254
6267
6351
7759
7780
7884
7924
7944
8188
8298
8441
8509
8518
5815
5839
6022
6072
6116
6129
6183
6332
6409
6460
6669
7256
7527
7668
7804
7929
8056
8476
8486
5871
5874
6106
6343
7803
7843
7873
8458
8529
5916
6074
6224
6291
6374
6549
6677
7251
7790
7839
8108
8168
8235
8398
6081
6208
6219
6325
6399
6468
6664
7739
7812
7819
7829
7881
7992
8475
8489
8513
5781
5964
6094
6247
6253
6271
7955
8363
5792
5842
5924
6086
6098
6119
6120
6207
6342
6433
6494
6539
6557
7459
7725
7735
7816
7885
7905
8464
8500
8512
5859
5908
6133
6609
7809
7840
8447
8504
5785
5806
5946
6029
6211
6238
6245
6286
6310
6334
6476
7570
7691
7708
7984
8480
8515
5934
6194
6292
6317
6319
7692
7882
8035
8496
8541
6003
6089
6143
6248
7566
7723
7753
7852
7897
8488
8577
5577
5848
5849
5881
6095
6156
6179
6371
6532
7536
7551
7688
7720
7754
7768
7911
7958
8525
5684
6099
6264
6305
6413
6470
6479
6708
6744
6788
7664
7797
7813
7828
7854
7862
7874
7970
8436
5786
5962
5969
6328
6347
6396
6681
8462
5650
5885
5958
5974
6071
6084
6093
6270
7046
7535
7598
7746
7757
7758
7773
7830
5449
5660
5856
6154
6165
6170
6193
6262
6278
6806
7488
7660
7761
7770
8482
8546
8553
5771
5963
6140
6197
6202
6277
6383
6406
6410
6417
6447
7397
7695
7727
7737
7795
7820
7833
7904
8429
8456
5570
5753
5861
6028
6121
6308
6368
6393
6503
6512
6579
6616
7594
7677
7741
7764
7827
7888
8477
8548
5553
5821
6044
6168
6260
6294
7553
7601
7606
7879
8494
8507
5921
6010
6069
6088
6136
6229
6256
6295
6298
6336
6345
6458
6499
6615
6645
6798
7169
7299
7462
7663
7667
7702
7751
7851
8438
8470
8564
5834
5902
5904
5961
6103
6128
6242
6282
6323
6403
6457
6508
6585
7191
7383
7621
7652
5685
5943
5945
6126
6174
6213
6333
6518
7259
7428
7474
7681
7738
8532
5731
5999
6157
6185
6249
6261
6269
6316
6360
6398
6960
7612
7644
7650
8446
8460
8516
8523
8550
8576
5705
5794
5872
5923
6122
6201
6203
6573
6587
7145
7304
7489
7519
7592
7613
7631
7743
7781
6039
6057
6110
6198
6215
6535
6730
6954
7491
7522
7651
7683
7712
8517
8538
5773
6144
6240
6381
6397
6516
6537
6726
7231
7298
7586
7678
7748
8506
8549
4983
5542
5897
6092
6297
6702
7069
7516
7563
7709
7718
5534
5793
5955
6025
6139
6303
6354
6541
6556
6705
7180
7495
7562
7779
7789
5620
5829
6007
6030
6101
6251
6501
6631
6680
6774
7018
7523
7918
8466
5698
5967
5983
6114
6176
6362
6438
6623
6639
7126
7265
7288
7335
7623
7684
7939
8535
8542
8573
5763
5789
5972
6189
6263
6472
6554
7599
7760
5810
6109
6162
6216
6228
6496
6572
6643
7544
7593
7762
7907
5580
5739
5751
5982
6102
6158
6175
6290
6505
6544
7321
7375
7533
7860
8521
8536
5818
5940
6032
6037
6115
6138
6181
6191
6206
6289
6315
6407
7361
7614
7714
7817
8492
5590
6060
6097
6272
6388
6735
7528
7619
8469
8526
8530
8534
8537
8587
5612
5985
6026
6127
6180
6329
6357
6942
7530
7609
7724
8531
5574
5735
5769
5776
5865
5959
6258
6484
6801
6917
7061
7624
7772
5737
5891
6340
6711
6713
6768
6900
7010
7409
7463
7487
7554
7559
7665
7763
7766
7814
8510
8582
5625
5670
5747
5750
5764
5903
5942
6137
6299
6300
6527
6879
6918
7136
7318
7431
7498
7649
5796
5853
5857
5922
5948
5990
6285
6370
6426
6434
6633
7079
7151
7382
7458
7634
7689
8497
5623
5713
5777
5892
5978
6159
6657
6891
7090
7408
5828
5876
6034
6061
6553
6568
6601
6661
7144
7146
7324
7407
7578
7676
7706
8567
5852
5989
6038
6108
6117
6125
6352
6449
6598
6700
7338
7722
8520
8558
5415
5791
5826
5835
5950
5981
6279
6712
7027
7286
7366
7508
7616
7670
5669
5890
6283
6430
6592
6593
6646
6911
6912
6956
7178
7242
7330
7602
7672
5527
5616
5689
5850
6172
6226
6576
7005
7373
7734
7785
5536
5888
5941
6070
6322
6376
6632
6690
6808
6921
8502
8540
8571
5770
6027
6149
6210
6375
6404
6818
7028
7252
7374
7380
7577
7647
7842
5554
5665
6046
6090
6184
6276
6422
6478
6517
6727
7524
7608
7625
5643
5716
5748
5845
5847
6152
6366
6419
7669
7747
5755
6200
6338
6502
7043
7452
7470
7547
7674
8565
5476
5715
6002
6035
6082
6231
6358
6416
6589
6641
6667
6695
6736
6764
6863
7006
7122
7269
7376
7423
7424
7434
7435
7511
7596
7859
8559
8584
5506
5930
6059
6118
6145
6520
6629
6704
7365
7581
7630
8514
5688
6487
6686
6728
7320
7427
7543
7716
6321
6424
6836
7216
7659
7836
5787
6221
6274
6435
6591
6878
7268
7468
7515
7605
5683
5987
6004
6178
6246
6318
6481
6489
6492
6575
6662
7141
7272
7778
8580
5662
5677
5758
6040
6330
6529
7176
7203
7447
8562
5353
5837
5854
6186
6190
6812
6858
6862
7238
7300
7595
7793
8543
5979
6062
6067
6668
6955
7569
6519
7120
7177
7443
5686
5912
5939
6775
7063
7182
8569
5038
5756
5929
6311
6337
6514
6577
6740
6782
6993
7289
7638
7646
8613
5365
5500
5700
5734
6169
6373
6627
6739
7244
7314
7450
7497
7657
7731
7783
8560
8583
5693
5900
5927
5928
6016
6353
6561
6578
6610
6683
6985
7047
7161
5562
5838
6304
6880
7393
7653
5568
6142
6814
6930
7109
7567
7629
7640
5645
5926
6000
6080
6100
6395
6427
6635
7117
7704
5800
5935
5973
6218
6293
6436
6656
7053
7381
7457
7503
7590
7633
5486
5545
5932
6124
6187
6428
6654
7197
7315
7395
7460
7478
7699
5435
5589
5694
5998
6041
6155
6445
6448
6543
6909
6987
7362
7467
7635
5914
6017
6350
6486
6582
6908
7115
7371
7715
7798
5823
6160
6510
6769
7348
5385
5464
5557
5636
6344
6571
6621
6724
6845
7121
7237
7755
8555
5883
6444
6894
6947
7479
5399
5594
5816
5952
5984
6083
6507
6515
6563
6989
7011
7036
7582
7736
5520
5642
5745
5971
6498
6533
6984
7417
8568
5526
5681
5906
6033
6252
6412
6581
6729
6965
7060
7284
7655
7791
5420
5461
5603
5911
6132
6400
6455
6584
6716
6794
7343
8545
5379
6147
6265
6530
6536
6625
6647
6753
6755
7124
7319
8566
6024
6077
6540
7248
7485
7542
5099
6042
6446
6777
7085
7329
8572
8579
6715
6829
6982
6463
6482
6618
6914
6943
6966
7548
4895
5581
6425
6483
7119
6049
6123
6192
6359
6408
6838
7015
7517
7682
5475
5584
5697
5975
5996
6477
7406
7418
7453
7461
4683
4984
5798
6107
6167
6177
6217
6986
7218
7387
7433
7439
7440
7501
7831
5324
5582
5592
5606
5801
6064
6346
6722
6770
6925
7775
5511
6349
7807
8539
5538
5742
5761
5782
6076
7135
7414
7494
7520
6983
7107
7425
5528
5732
8547
5646
7240
7576
7617
6418
6752
7585
5855
5863
6453
7306
7379
6241
6901
7441
5991
6009
6204
7026
7705
4859
5624
6050
6164
7446
7694
5334
5602
5654
5674
5720
6369
6720
6876
6893
7648
7788
5995
6802
5439
5919
6212
6327
7662
5112
5428
6314
6714
7360
7696
8544
8600
5395
6161
6473
7573
7603
7632
4925
5807
5819
6387
6747
7042
7059
7128
7282
7701
5858
6854
7166
7192
5910
6580
7070
8563
5518
5673
6442
7564
7806
5724
6471
7254
5765
5880
7656
5882
7637
5321
5348
5465
5597
5744
5970
7675
5937
6437
6392
6583
6672
6898
7331
6058
6761
7697
5844
6493
7105
7170
7568
4883
5266
5703
6232
6255
6671
7225
7512
7687
5663
6961
7550
7728
8601
5547
6078
6130
7100
7327
6602
6673
7066
5833
6012
6885
7220
7482
6268
7163
4764
6199
6439
5884
5895
6970
7000
7531
6565
5878
6528
7410
7513
6979
7142
7641
6005
5830
6972
5706
6382
4873
5056
5308
8561
5879
7162
7283
7421
8594
6548
7101
7316
7351
6312
6732
4592
5560
5710
5887
5931
6313
6523
6640
7003
7235
6196
6339
6594
7717
5718
5824
6759
5504
5630
5743
6104
6933
6948
7217
7426
7671
5393
5749
6928
7183
7432
7588
7673
7537
7546
5649
7756
6872
7050
7342
7685
5762
8551
6014
6222
6488
6663
8598
7273
5907
6405
7261
8581
4868
5729
5893
5966
6151
7539
8554
7666
5605
5817
7490
6916
5664
7509
6963
7150
5825
7102
7007
6564
6495
7058
5627
6411
5704
5223
5558
7575
8592
7344
6031
6967
7587
5652
7186
6694
6751
5841
6066
7392
7730
5599
7464
7080
7557
6823
6462
6824
7558
6792
6881
5784
6599
7645
5804
6992
6402
5920
5936
6696
5210
5433
6163
6485
7628
7302
4921
5019
5960
6691
7138
7541
8606
5335
5427
5618
5822
6324
6725
7021
7323
5768
6817
7448
5316
5493
5746
6935
7188
7372
5072
6008
6054
6239
6763
6840
6897
7534
7680
4994
5391
5442
5575
5719
6001
6045
6287
6355
6365
6377
6421
6555
6718
7190
7281
7355
7398
7405
5314
5566
5610
5840
6288
6465
6524
6595
6634
6706
7332
5489
5622
5808
5909
6250
6450
6658
6819
7030
7062
7065
7089
7390
7486
7506
7579
5133
5843
6469
7091
7294
7369
7473
4564
5074
5279
5458
5474
5510
5647
5722
5757
5772
5997
6068
6273
6796
6902
6922
6938
7118
7179
7185
7233
7279
7378
7451
7518
7597
4874
5270
5291
5328
5355
5551
5573
5617
5687
5767
5988
6301
6682
6709
6783
6791
6804
6837
6846
7087
7195
7483
7611
7622
8575
4492
4754
4894
5696
5702
5726
5741
5775
5790
5811
5898
5965
5977
6153
6379
6697
6910
6995
7067
7094
7322
7499
4783
5055
5143
5297
5354
5408
5591
5709
5788
5814
5917
5957
6296
6443
6452
6475
6525
6600
6608
6784
6830
6834
6883
6953
6964
6988
6999
7051
7097
7127
7328
7413
7472
7556
7600
7607
7627
8593
4518
4537
5047
5233
5278
5296
5360
5488
5561
5648
5738
5760
5869
5877
6075
6205
6302
6521
6567
6590
6597
6807
6848
6892
6958
7099
7125
7132
7199
7224
7352
7353
7370
7394
7465
7507
7529
8570
8591
8621
4558
4906
5214
5228
5239
5281
5285
5522
5578
5846
5867
5949
5968
6166
6309
6361
6378
6509
6614
6679
6687
6750
6756
6780
6799
6803
6886
6950
6969
6974
6996
7034
7056
7068
7108
7111
7140
7149
7167
7187
7212
7275
7317
7363
7367
7532
7565
7693
8574
8578
8596
4846
4911
5110
5267
5482
5588
5613
5666
5730
5870
5894
5915
5947
6423
6429
6560
6566
6624
6642
6651
6684
6754
6757
6790
6855
6868
6889
6905
6919
6981
7012
7013
7234
7274
7285
7339
7349
7386
7416
7420
4656
4667
4680
4688
4877
4933
5026
5095
5246
5374
5383
5398
5413
5414
5421
5438
5448
5455
5491
5514
5563
5641
5657
5711
5944
6020
6021
6440
6441
6491
6626
6649
6699
6719
6899
6978
7020
7113
7123
7172
7181
7245
7356
7358
7389
7400
7437
7444
7475
7492
8599
8614
8629
4487
4888
4891
4962
5014
5048
5071
5107
5139
5165
5198
5249
5284
5315
5337
5350
5367
5384
5473
5508
5653
5680
5699
5780
5836
5899
5980
6023
6195
6259
6348
6364
6380
6456
6569
6606
6613
6648
6653
6688
6693
6776
6787
6815
6835
6852
6861
6877
6882
6904
6907
6915
6927
6949
6951
7095
7098
7133
7173
7175
7223
7307
7309
7313
7411
7412
7493
7500
7525
7583
7604
7610
7661
8588
8624
4334
4386
4587
4597
4624
4666
4790
4821
4904
4927
4971
5070
5141
5245
5287
5289
5293
5323
5402
5418
5429
5446
5468
5483
5509
5567
5598
5614
5631
5632
5633
5655
5754
5918
6266
6356
6394
6401
6474
6506
6550
6638
6666
6760
6765
6793
6805
6810
6811
6841
6849
6865
6866
6890
6896
6936
6945
7078
7106
7194
7196
7208
7219
7230
7263
7264
7266
7333
7340
7354
7401
7436
7455
7471
7477
7521
7703
8616
8627
4495
4497
4581
4635
4698
4852
4914
4919
4970
4991
5020
5052
5080
5111
5120
5131
5132
5180
5199
5257
5262
5288
5357
5358
5392
5456
5469
5507
5535
5571
5593
5604
5615
5637
5651
5672
5692
5701
5799
5851
5986
6230
6275
6420
6464
6467
6480
6546
6628
6660
6678
6813
6843
6913
6920
6971
6977
7008
7037
7073
7093
7129
7131
7241
7277
7287
7334
7350
7438
7480
7504
7526
7580
8608
8633
8640
4301
4585
4665
4692
4734
4912
4947
5035
5077
5082
5102
5113
5176
5258
5271
5276
5303
5320
5332
5366
5370
5377
5390
5417
5422
5425
5426
5436
5443
5462
5512
5576
5583
5595
5621
5629
5640
5667
5668
5676
5678
5725
5809
5832
5889
5976
6048
6065
6096
6146
6331
6504
6545
6570
6586
6605
6636
6652
6674
6676
6701
6703
6707
6742
6758
6833
6870
6874
6941
6976
7004
7016
7025
7032
7052
7054
7092
7174
7215
7222
7226
7255
7270
7326
7385
7396
7476
7505
7584
8589
8595
8603
8619
3603
4156
4411
4423
4433
4491
4521
4562
4628
4767
4770
4776
4803
4814
4898
4905
4944
4952
4961
4974
4988
4992
4998
5015
5031
5098
5114
5158
5166
5182
5187
5195
5205
5238
5250
5304
5339
5351
5356
5386
5394
5400
5419
5499
5513
5519
5524
5569
5572
5579
5638
5658
5707
5714
5717
5736
5766
5797
5805
5868
5951
6013
6227
6389
6414
6431
6531
6596
6604
6611
6612
6617
6650
6685
6767
6773
6785
6797
6825
6851
6856
6873
6895
6932
6990
6994
7035
7171
7204
7214
7229
7262
7292
7295
7305
7312
7341
7364
7415
7419
7445
7449
7481
7484
7502
7589
7636
7658
8586
8604
8607
8611
8623
8628
4238
4439
4477
4540
4549
4571
4644
4649
4651
4703
4763
4775
4813
4830
4834
4845
4860
4885
4899
4956
4973
5022
5053
5054
5066
5068
5079
5128
5140
5150
5151
5159
5163
5188
5207
5227
5302
5330
5344
5352
5361
5375
5387
5411
5424
5447
5472
5515
5521
5529
5532
5541
5552
5609
5611
5619
5626
5635
5695
5779
5862
6056
6091
6223
6233
6461
6526
6551
6559
6562
6574
6644
6675
6717
6743
6778
6859
6869
6939
6959
7017
7033
7049
7075
7081
7096
7193
7210
7243
7246
7290
7291
7310
7345
7346
7347
7422
7572
7700
8590
8620
8622
8639
3697
4425
4476
4508
4526
4539
4566
4575
4604
4669
4678
4710
4725
4726
4731
4749
4802
4809
4817
4826
4879
4886
4907
4926
4980
5010
5018
5024
5043
5046
5058
5089
5094
5100
5106
5121
5127
5144
5148
5164
5183
5184
5185
5204
5307
5318
5363
5380
5431
5432
5440
5450
5463
5466
5470
5484
5492
5494
5497
5530
5555
5559
5608
5639
5675
5873
5938
6280
6367
6385
6558
6603
6655
6659
6692
6771
6853
6887
6906
6923
6940
6946
6952
6957
6968
6975
6980
6998
7001
7022
7029
7038
7039
7071
7074
7083
7134
7143
7189
7206
7209
7211
7227
7239
7249
7260
7404
7466
7549
8605
8634
3692
4190
4289
4399
4417
4432
4502
4515
4541
4567
4569
4598
4602
4607
4617
4625
4641
4652
4655
4684
4711
4714
4715
4727
4737
4755
4757
4771
4774
4784
4824
4829
4837
4841
4848
4853
4857
4869
4870
4887
4890
4900
4903
4916
4934
4941
4943
4949
4959
4987
5004
5021
5033
5062
5075
5083
5085
5096
5105
5108
5109
5118
5155
5178
5181
5186
5189
5191
5192
5219
5234
5243
5254
5255
5265
5274
5319
5341
5343
5364
5368
5376
5389
5396
5407
5444
5451
5454
5467
5471
5490
5501
5502
5505
5540
5546
5596
5671
5712
5727
5740
5774
6015
6047
6053
6085
6341
6511
6547
6622
6689
6721
6741
6748
6749
6800
6822
6826
6847
6850
6857
7023
7055
7076
7082
7103
7114
7130
7139
7165
7168
7198
7200
7205
7368
8585
8635
8652
8674
3657
4086
4306
4347
4364
4384
4402
4428
4465
4553
4565
4570
4661
4671
4693
4697
4704
4709
4718
4733
4752
4781
4804
4843
4847
4851
4862
4864
4920
4932
4940
4951
4954
4955
4965
4966
4975
4977
4979
4989
4997
5006
5028
5032
5039
5060
5078
5086
5087
5088
5090
5093
5126
5134
5153
5156
5190
5215
5222
5226
5261
5273
5275
5283
5286
5306
5345
5347
5349
5372
5378
5412
5459
5478
5496
5525
5600
5634
5644
5659
5690
5723
5956
6588
6670
6779
6820
6821
6844
6867
6871
6937
6997
7009
7057
7072
7088
7155
7156
7159
7213
7267
7280
7296
7301
7303
7336
7391
7540
7571
8615
8617
8659
4015
4026
4052
4203
4212
4295
4319
4340
4344
4407
4427
4449
4467
4482
4490
4493
4506
4533
4536
4545
4547
4552
4568
4586
4603
4606
4616
4626
4659
4681
4687
4730
4736
4738
4742
4758
4769
4782
4793
4810
4822
4823
4825
4882
4917
4924
4930
4969
4986
4993
5013
5025
5064
5092
5129
5147
5154
5161
5170
5172
5173
5201
5206
5225
5229
5241
5251
5256
5268
5272
5325
5327
5388
5405
5406
5416
5423
5457
5481
5661
5679
6112
6542
6734
6929
6944
7024
7031
7084
7153
7154
7184
7430
7442
8610
8618
8625
8626
8632
8636
8637
8638
8643
8650
8654
8658
3514
3563
3703
3706
3963
3986
4061
4065
4098
4104
4169
4224
4246
4290
4324
4352
4363
4368
4385
4393
4419
4441
4468
4494
4498
4504
4507
4512
4513
4514
4529
4548
4550
4554
4595
4599
4621
4627
4629
4647
4648
4650
4664
4670
4675
4686
4696
4708
4712
4713
4716
4743
4745
4761
4762
4780
4791
4799
4801
4820
4827
4828
4835
4836
4840
4861
4871
4872
4876
4881
4884
4897
4913
4915
4918
4928
4938
4945
4964
4972
4981
4982
5001
5011
5029
5037
5041
5044
5061
5063
5065
5067
5103
5152
5157
5168
5171
5177
5193
5194
5202
5203
5209
5224
5232
5252
5253
5292
5301
5311
5312
5322
5326
5331
5336
5369
5382
5401
5404
5585
5586
6731
6733
6786
6864
6884
7002
7045
7110
7137
7308
7311
7337
7357
7403
8631
8644
8655
8667
3763
3806
3888
3949
3955
3959
4022
4063
4147
4207
4254
4258
4279
4285
4314
4316
4330
4336
4337
4371
4471
4472
4478
4485
4499
4520
4544
4555
4574
4588
4589
4600
4605
4609
4614
4615
4620
4639
4654
4662
4663
4668
4685
4690
4699
4717
4722
4724
4740
4744
4748
4795
4805
4832
4866
4875
4892
4909
4910
4922
4931
4942
4958
4963
4967
4978
4990
4996
5002
5003
5005
5017
5036
5050
5073
5097
5104
5117
5123
5124
5135
5137
5138
5167
5208
5212
5216
5217
5218
5230
5242
5259
5260
5280
5295
5298
5317
5342
5373
5381
5477
5479
5480
5485
5487
5495
5516
5550
5565
5628
6723
6809
7147
7207
7271
8661
8677
8681
3622
3642
3716
3718
3774
3778
3836
3909
3967
4014
4028
4043
4108
4112
4134
4160
4179
4233
4241
4248
4260
4275
4322
4349
4356
4366
4375
4379
4381
4397
4420
4422
4426
4440
4483
4496
4503
4524
4525
4531
4534
4542
4561
4576
4580
4583
4612
4613
4622
4637
4672
4676
4695
4706
4707
4746
4747
4751
4759
4765
4768
4773
4777
4778
4786
4792
4800
4807
4815
4831
4855
4858
4867
4880
4896
4901
4923
4946
4960
4968
4999
5007
5008
5042
5049
5116
5160
5196
5200
5269
5282
5294
5329
5340
5362
5403
5430
5441
5543
5549
6131
6772
6827
6831
7399
7496
7574
8630
8645
8649
8651
8668
8672
8686
3612
3620
3662
3696
3714
3749
3915
3931
3939
3965
3979
3982
4004
4042
4049
4054
4083
4117
4172
4205
4213
4228
4251
4264
4265
4266
4267
4284
4291
4310
4323
4358
4374
4392
4395
4401
4409
4410
4415
4421
4430
4438
4442
4444
4445
4453
4455
4484
4509
4519
4530
4535
4543
4556
4557
4559
4563
4579
4590
4596
4601
4608
4611
4623
4645
4660
4679
4723
4741
4787
4796
4797
4812
4816
4818
4819
4842
4854
4863
4893
4929
4939
4950
4976
5000
5012
5016
5040
5045
5069
5101
5174
5175
5231
5237
5248
5290
5299
5305
5309
5313
5338
5452
5453
8641
8648
8656
8660
8673
8679
3561
3626
3643
3715
3741
3807
3816
3911
3922
3936
3943
4020
4071
4094
4095
4096
4099
4111
4114
4126
4159
4168
4176
4185
4204
4206
4223
4234
4261
4268
4288
4294
4315
4329
4341
4345
4346
4350
4353
4359
4365
4372
4378
4389
4391
4412
4413
4435
4448
4450
4461
4464
4489
4505
4528
4551
4572
4594
4631
4632
4633
4634
4653
4657
4674
4682
4689
4694
4721
4750
4760
4772
4785
4794
4798
4808
4839
4865
4935
4948
4957
5009
5057
5091
5119
5122
5136
5142
5145
5179
5236
5244
5264
5310
5434
5498
6962
8646
8653
8662
8669
8671
8687
8689
8707
3581
3627
3640
3709
3752
3756
3764
3768
3770
3779
3791
3808
3823
3826
3901
3925
3940
3945
3947
3951
3966
3978
3998
4021
4038
4089
4097
4106
4107
4119
4138
4141
4148
4152
4175
4183
4191
4199
4227
4230
4236
4252
4269
4272
4274
4304
4305
4327
4332
4339
4355
4362
4367
4370
4380
4383
4416
4447
4451
4458
4475
4501
4517
4522
4546
4573
4636
4640
4677
4732
4735
4756
4789
4908
4995
5059
5084
5213
5235
5240
5371
5523
6875
8227
8642
8670
8678
8680
3405
3418
3429
3455
3459
3460
3464
3496
3500
3508
3517
3527
3533
3534
3545
3555
3557
3572
3577
3584
3592
3594
3598
3600
3609
3613
3617
3629
3636
3639
3647
3667
3670
3672
3685
3690
3700
3707
3717
3719
3720
3737
3743
3744
3747
3748
3750
3754
3776
3781
3782
3796
3800
3802
3819
3821
3834
3840
3842
3844
3853
3861
3865
3866
3870
3885
3886
3887
3891
3893
3895
3905
3912
3919
3934
3952
3961
3962
3964
3968
3972
3980
3988
3991
3997
4000
4006
4007
4013
4035
4036
4039
4041
4058
4059
4064
4069
4102
4105
4109
4113
4123
4129
4131
4135
4137
4139
4142
4146
4154
4162
4166
4171
4178
4181
4186
4188
4193
4195
4214
4215
4220
4225
4226
4229
4232
4237
4239
4242
4244
4250
4259
4270
4276
4280
4283
4287
4296
4302
4307
4311
4313
4320
4325
4333
4338
4342
4373
4377
4387
4394
4396
4437
4456
4466
4474
4481
4510
4577
4582
4619
4630
4658
4702
4719
4728
4739
4833
4844
4849
5027
5034
5051
5130
5197
5708
8657
8682
8688
8692
8693
8695
8699
8700
8712
8713
8714
8719
8722
8759
8760
2649
3224
3245
3262
3280
3311
3317
3323
3336
3338
3342
3343
3353
3358
3359
3376
3378
3380
3392
3401
3407
3408
3410
3422
3431
3439
3441
3450
3461
3471
3473
3478
3480
3482
3484
3486
3488
3490
3492
3499
3504
3506
3515
3519
3520
3524
3525
3526
3532
3536
3537
3539
3540
3542
3543
3547
3551
3552
3558
3562
3589
3593
3599
3601
3605
3610
3614
3615
3616
3623
3624
3625
3628
3631
3632
3633
3641
3645
3653
3654
3655
3656
3660
3669
3674
3675
3677
3678
3679
3681
3684
3686
3689
3693
3694
3695
3699
3701
3704
3705
3710
3724
3726
3728
3729
3730
3733
3736
3738
3745
3746
3755
3760
3761
3762
3769
3775
3783
3787
3788
3797
3803
3809
3810
3812
3813
3820
3827
3828
3829
3832
3835
3837
3838
3845
3847
3848
3849
3855
3857
3859
3864
3871
3873
3876
3877
3881
3882
3883
3892
3894
3896
3897
3906
3908
3910
3913
3916
3921
3923
3926
3928
3929
3933
3938
3941
3942
3950
3954
3956
3957
3970
3973
3974
3976
3977
3981
3983
3987
3993
3994
3999
4002
4003
4005
4009
4010
4018
4031
4033
4034
4037
4040
4046
4047
4048
4055
4056
4057
4066
4067
4068
4070
4073
4077
4084
4087
4090
4093
4100
4103
4110
4115
4116
4125
4130
4132
4144
4150
4151
4155
4158
4163
4167
4182
4184
4189
4192
4196
4197
4198
4201
4210
4216
4218
4221
4231
4235
4247
4249
4256
4278
4282
4286
4299
4303
4309
4312
4317
4321
4343
4354
4360
4388
4398
4406
4418
4431
4443
4446
4454
4457
4463
4511
4527
4532
4591
4638
4643
4705
4729
4937
5076
5346
5556
6243
8106
8282
8330
8663
8664
8676
8690
8701
8702
8705
8709
8710
8711
8715
8720
8721
8726
8728
8729
8732
8737
8738
8740
8746
8750
8751
2482
2861
3006
3057
3119
3182
3189
3193
3226
3241
3242
3269
3271
3273
3274
3285
3287
3303
3315
3320
3324
3326
3327
3329
3332
3334
3337
3344
3351
3357
3367
3368
3369
3372
3391
3397
3398
3399
3403
3404
3409
3411
3412
3413
3414
3417
3419
3420
3421
3427
3430
3434
3435
3446
3449
3451
3458
3463
3467
3468
3472
3475
3481
3483
3487
3494
3498
3501
3502
3507
3509
3521
3529
3535
3541
3546
3550
3553
3559
3560
3564
3565
3566
3567
3568
3569
3571
3573
3574
3575
3585
3586
3587
3588
3590
3591
3595
3596
3602
3607
3611
3618
3630
3646
3649
3651
3659
3665
3666
3673
3691
3698
3708
3711
3712
3731
3734
3739
3740
3742
3751
3757
3765
3771
3772
3777
3789
3790
3792
3793
3794
3795
3799
3801
3811
3814
3817
3818
3824
3830
3831
3841
3846
3850
3852
3854
3858
3860
3862
3868
3874
3878
3880
3884
3890
3900
3902
3907
3914
3920
3927
3932
3944
3946
3953
3960
3969
3975
3984
3985
3989
3990
3995
4011
4017
4019
4024
4025
4027
4029
4044
4060
4074
4079
4080
4081
4085
4101
4118
4122
4143
4149
4157
4174
4177
4187
4200
4208
4240
4245
4255
4262
4297
4308
4357
4376
4400
4429
4436
4469
4578
4673
4788
4811
4889
5081
5211
5220
8225
8684
8704
8708
8716
8717
8718
8723
8730
8731
8733
8736
8741
8742
8743
8744
8745
8748
8749
8762
8771
8773
8776
8779
2122
2202
2261
2299
2325
2403
2417
2435
2469
2485
2526
2534
2561
2571
2691
2783
2945
2974
2988
3004
3016
3085
3149
3181
3183
3196
3210
3213
3244
3257
3258
3276
3278
3279
3284
3286
3307
3308
3321
3330
3335
3341
3345
3350
3354
3355
3363
3364
3365
3375
3382
3384
3385
3387
3394
3395
3396
3402
3424
3425
3426
3433
3436
3440
3442
3443
3445
3448
3452
3453
3456
3457
3462
3465
3466
3470
3477
3489
3495
3505
3510
3528
3530
3531
3580
3597
3652
3658
3661
3671
3683
3687
3721
3735
3784
3785
3804
3815
3822
3825
3833
3839
3843
3867
3872
3898
3904
3918
3992
4030
4045
4050
4062
4078
4088
4121
4124
4161
4165
4170
4173
4194
4202
4209
4273
4300
4331
4335
4351
4369
4403
4414
4424
4434
4462
4470
4593
4850
5277
8146
8256
8409
8675
8683
8685
8694
8703
8735
8739
8747
8753
8754
8755
8761
8765
8766
8767
8770
8772
8778
8780
8782
8787
8788
2081
2212
2274
2316
2345
2346
2365
2385
2390
2395
2407
2419
2431
2445
2453
2454
2458
2459
2477
2494
2497
2515
2522
2536
2554
2557
2592
2609
2617
2635
2652
2661
2663
2677
2706
2719
2725
2762
2778
2779
2780
2785
2799
2805
2806
2810
2812
2825
2843
2864
2882
2901
2919
2924
2929
2934
2954
2958
2983
2986
3003
3017
3050
3055
3058
3060
3078
3092
3099
3103
3161
3177
3178
3179
3180
3184
3192
3215
3219
3221
3222
3223
3228
3230
3231
3233
3235
3243
3248
3254
3267
3270
3277
3282
3292
3294
3299
3300
3302
3305
3312
3314
3316
3319
3328
3333
3339
3340
3347
3348
3356
3360
3361
3362
3366
3373
3379
3381
3386
3388
3389
3400
3406
3415
3428
3474
3549
3579
3621
3634
3637
3664
3668
3688
3702
3722
3766
3780
3798
3805
3863
3879
3930
3996
4001
4012
4023
4053
4072
4092
4133
4140
4180
4211
4277
4298
4318
4328
4405
4584
4610
4618
5359
8208
8305
8696
8775
8777
8783
8784
8792
8793
8796
8804
1741
1966
1975
2013
2025
2058
2105
2107
2135
2157
2160
2173
2199
2203
2219
2235
2243
2250
2262
2263
2269
2277
2280
2283
2295
2298
2301
2312
2320
2331
2332
2340
2349
2353
2360
2364
2392
2396
2404
2409
2414
2427
2430
2451
2463
2464
2466
2475
2486
2495
2505
2517
2521
2538
2539
2545
2550
2568
2577
2584
2607
2620
2630
2647
2654
2658
2659
2669
2671
2675
2676
2699
2704
2707
2723
2727
2738
2742
2756
2763
2773
2774
2791
2792
2795
2796
2798
2800
2804
2809
2814
2817
2822
2831
2839
2851
2874
2890
2905
2926
2938
2942
2946
2948
2955
2967
2968
2969
3001
3030
3044
3069
3075
3079
3082
3089
3102
3114
3118
3120
3127
3129
3130
3131
3141
3143
3150
3163
3165
3166
3174
3197
3199
3202
3206
3212
3225
3232
3238
3240
3247
3256
3259
3260
3263
3264
3266
3275
3288
3289
3290
3293
3295
3301
3309
3322
3325
3349
3352
3371
3377
3393
3416
3444
3447
3485
3497
3516
3556
3578
3635
3638
3648
3758
3899
4091
4348
4486
4516
4779
4856
6105
6244
7919
8079
8171
8698
8706
8752
8769
8774
8781
8786
8790
8791
8795
8797
8805
8807
8813
8816
8830
1785
1873
1918
1953
1954
1960
1998
2006
2016
2019
2047
2062
2078
2088
2095
2099
2111
2125
2130
2141
2178
2188
2195
2207
2225
2233
2242
2244
2251
2254
2267
2275
2281
2286
2289
2291
2294
2297
2300
2309
2318
2321
2324
2328
2333
2336
2347
2348
2354
2355
2357
2361
2366
2368
2377
2380
2384
2393
2394
2399
2406
2408
2412
2418
2420
2421
2423
2426
2432
2436
2437
2439
2441
2461
2476
2479
2488
2490
2492
2496
2500
2501
2504
2509
2510
2512
2514
2518
2523
2549
2552
2563
2564
2572
2573
2579
2588
2590
2593
2597
2605
2610
2611
2622
2631
2641
2651
2656
2664
2678
2679
2682
2685
2686
2693
2711
2714
2718
2722
2736
2741
2744
2747
2748
2750
2751
2752
2764
2821
2844
2845
2868
2875
2879
2881
2887
2898
2899
2900
2903
2915
2918
2922
2927
2928
2932
2935
2940
2970
2972
2977
2984
2990
2995
3002
3007
3025
3028
3032
3033
3034
3036
3037
3041
3062
3064
3065
3077
3090
3094
3095
3098
3105
3106
3125
3145
3146
3148
3152
3153
3158
3169
3186
3187
3191
3195
3200
3203
3208
3211
3217
3218
3220
3229
3234
3237
3239
3252
3265
3296
3297
3304
3310
3313
3331
3370
3374
3423
3454
3479
3554
3663
3958
4145
4219
4538
4936
6134
8004
8182
8280
8419
8666
8763
8785
8789
8794
8800
8801
8803
8812
8819
8822
8825
8829
8835
1774
1872
1884
1914
1931
1948
1971
1972
1982
2009
2012
2039
2043
2065
2069
2080
2083
2084
2086
2089
2094
2096
2101
2103
2108
2112
2116
2117
2124
2137
2144
2151
2162
2163
2165
2175
2176
2179
2182
2186
2191
2215
2220
2234
2236
2238
2239
2247
2249
2253
2255
2260
2265
2284
2285
2287
2303
2304
2305
2308
2313
2315
2323
2329
2334
2338
2350
2352
2356
2358
2359
2363
2369
2374
2375
2379
2382
2398
2401
2405
2415
2416
2422
2425
2440
2443
2450
2455
2456
2460
2468
2470
2471
2473
2483
2499
2502
2507
2516
2519
2528
2532
2535
2543
2546
2548
2553
2556
2558
2559
2567
2569
2575
2581
2583
2586
2587
2594
2596
2601
2606
2612
2616
2618
2626
2640
2660
2662
2667
2680
2684
2688
2696
2700
2702
2710
2713
2715
2724
2728
2729
2745
2758
2765
2768
2771
2781
2787
2793
2794
2811
2823
2835
2838
2841
2855
2857
2862
2866
2872
2880
2886
2889
2895
2913
2941
2953
2956
2957
2961
2965
2966
2978
2981
2985
2994
2997
3005
3008
3011
3014
3019
3020
3021
3024
3042
3046
3048
3049
3052
3054
3056
3059
3080
3081
3086
3087
3093
3104
3107
3115
3133
3135
3136
3147
3154
3159
3164
3172
3175
3185
3188
3194
3205
3216
3255
3261
3268
3283
3298
3306
3759
3856
3903
4076
4263
5115
5656
5778
6063
6079
8126
8498
8798
8799
8802
8806
8809
8814
8820
8823
8826
8842
8846
8847
1706
1729
1743
1744
1767
1806
1816
1825
1854
1913
1927
1933
1935
1940
1946
1947
1951
1955
1956
1958
1961
1973
1980
1981
1984
1990
1991
1992
1995
2014
2021
2026
2028
2033
2036
2037
2040
2056
2072
2076
2082
2085
2090
2092
2118
2123
2128
2129
2133
2136
2139
2143
2145
2156
2166
2168
2169
2170
2171
2172
2185
2189
2190
2193
2200
2201
2205
2208
2209
2216
2226
2227
2232
2237
2240
2256
2257
2259
2271
2272
2288
2292
2296
2302
2317
2326
2335
2337
2341
2342
2343
2362
2372
2383
2391
2410
2424
2429
2433
2438
2442
2448
2452
2457
2462
2467
2472
2480
2481
2487
2498
2503
2508
2513
2525
2531
2533
2541
2542
2547
2560
2562
2566
2574
2580
2582
2589
2595
2598
2603
2604
2608
2624
2625
2628
2629
2632
2633
2634
2637
2642
2646
2648
2653
2681
2689
2692
2695
2697
2709
2720
2730
2731
2732
2735
2740
2753
2755
2759
2769
2770
2782
2784
2788
2790
2807
2819
2833
2840
2842
2847
2848
2853
2858
2863
2877
2885
2888
2891
2902
2904
2907
2908
2911
2912
2914
2923
2931
2949
2950
2971
2976
2979
2989
2991
2996
2999
3009
3012
3013
3015
3023
3029
3039
3051
3063
3072
3073
3074
3076
3083
3088
3091
3096
3097
3108
3113
3116
3117
3122
3123
3126
3132
3137
3138
3139
3140
3151
3157
3162
3167
3171
3214
3227
3518
4128
4217
5564
5803
5812
6036
6150
6236
7247
7679
7799
7849
8132
8810
8811
8817
8821
8824
8827
8828
8831
8832
8833
8834
8837
8838
8841
8850
1644
1650
1672
1683
1710
1753
1757
1764
1768
1777
1779
1802
1822
1827
1840
1841
1852
1878
1886
1888
1899
1902
1903
1910
1915
1916
1924
1926
1929
1938
1945
1950
1957
1959
1962
1963
1970
1974
1976
1979
1986
1988
1989
1993
1994
2000
2003
2010
2022
2023
2027
2031
2032
2041
2044
2045
2049
2052
2053
2060
2061
2063
2068
2070
2074
2075
2093
2098
2106
2120
2121
2127
2132
2138
2140
2146
2150
2152
2153
2154
2158
2159
2161
2164
2180
2183
2192
2194
2206
2214
2221
2223
2241
2246
2252
2258
2268
2290
2293
2310
2351
2371
2373
2386
2402
2411
2446
2465
2478
2489
2506
2511
2529
2537
2540
2555
2565
2570
2576
2613
2615
2619
2623
2627
2643
2645
2655
2666
2668
2672
2673
2687
2690
2708
2726
2733
2746
2749
2754
2761
2766
2777
2786
2789
2813
2815
2816
2826
2836
2856
2859
2860
2865
2870
2871
2878
2884
2893
2896
2959
2987
3026
3027
3035
3040
3047
3053
3068
3071
3100
3101
3110
3121
3124
3170
3173
3204
3246
3291
3713
4281
5827
5864
5992
5994
6055
6073
6087
6386
6665
7894
8114
8117
8268
8293
8426
8434
8836
8839
8845
8854
8855
8858
8862
1546
1582
1624
1628
1630
1637
1652
1654
1659
1666
1669
1676
1678
1685
1691
1696
1717
1723
1724
1733
1735
1737
1738
1740
1749
1756
1763
1766
1770
1776
1781
1788
1789
1792
1795
1803
1807
1815
1818
1843
1844
1846
1855
1863
1866
1868
1880
1891
1893
1894
1895
1904
1911
1912
1917
1921
1923
1925
1934
1937
1941
1944
1965
1968
1983
1987
1996
1997
1999
2002
2005
2008
2017
2020
2030
2035
2038
2050
2055
2057
2064
2066
2073
2077
2087
2100
2102
2109
2115
2119
2142
2147
2167
2197
2198
2204
2211
2218
2230
2231
2245
2248
2264
2279
2306
2307
2311
2314
2322
2339
2344
2367
2376
2381
2387
2397
2428
2444
2474
2484
2493
2520
2527
2544
2578
2585
2602
2621
2638
2639
2665
2683
2712
2737
2739
2743
2760
2772
2797
2803
2824
2827
2828
2850
2854
2876
2883
2894
2906
2909
2920
2921
2925
2943
2947
2951
2952
2975
2998
3000
3018
3022
3031
3038
3109
3128
3155
5517
5548
5587
5682
5752
8461
8552
8556
8840
8844
8848
8853
8859
8865
8866
8869
8873
8875
1585
1592
1595
1597
1617
1631
1635
1647
1656
1660
1661
1670
1673
1677
1680
1681
1688
1689
1698
1700
1707
1713
1714
1718
1719
1727
1730
1742
1754
1769
1782
1783
1791
1798
1808
1809
1814
1819
1820
1826
1836
1848
1856
1857
1858
1862
1876
1877
1879
1882
1885
1890
1896
1901
1907
1908
1909
1930
1939
1949
1967
1977
1978
1985
2007
2024
2029
2051
2054
2067
2079
2104
2110
2126
2131
2134
2148
2155
2181
2184
2187
2196
2229
2276
2319
2447
2650
2657
2670
2703
2775
2801
2802
2830
2834
2849
2852
2916
2937
2960
2992
3190
3207
3644
3676
5531
5533
5901
5913
6006
6148
6220
6432
8312
8849
8851
8852
8856
8857
8860
8864
8870
8871
8872
8876
8877
8878
8883
1486
1496
1501
1528
1557
1563
1574
1576
1586
1587
1588
1599
1606
1610
1615
1620
1622
1625
1627
1634
1636
1638
1642
1648
1649
1651
1655
1657
1662
1671
1674
1675
1694
1695
1701
1702
1703
1709
1711
1712
1715
1721
1726
1728
1736
1739
1745
1746
1747
1748
1750
1751
1752
1758
1765
1771
1778
1780
1786
1790
1812
1813
1821
1823
1828
1830
1834
1838
1845
1851
1861
1864
1874
1875
1881
1883
1887
1889
1897
1900
1906
1922
1928
1932
1936
1969
2011
2015
2018
2046
2071
2114
2149
3070
3608
3725
3732
3948
3971
4806
5397
5607
5728
5733
5783
6018
6257
6390
6620
6710
7615
7965
8863
8879
8884
8898
8910
1474
1497
1504
1538
1545
1547
1548
1551
1552
1556
1561
1570
1572
1573
1580
1581
1583
1589
1590
1594
1600
1604
1605
1607
1609
1612
1613
1616
1619
1621
1623
1626
1640
1653
1663
1665
1667
1684
1687
1704
1705
1720
1731
1755
1759
1772
1773
1775
1784
1787
1793
1794
1799
1810
1831
1832
1833
1835
1842
1849
1850
1853
1859
1867
1870
1892
1905
1919
1920
1943
1952
2048
2213
2491
3523
3538
3723
3869
3917
4051
4127
4271
4902
5125
5460
5537
5544
5601
5721
5831
5896
6363
6391
7469
7707
7776
7782
8867
8868
8885
8888
8889
8897
8901
1483
1505
1508
1513
1517
1520
1542
1543
1544
1550
1553
1558
1562
1577
1579
1591
1603
1608
1614
1632
1645
1646
1658
1679
1686
1690
1699
1716
1722
1725
1732
1734
1760
1761
1800
1801
1805
1860
1865
1869
1871
3570
3680
3682
3727
3924
4488
4720
4838
4878
5409
5437
5953
5993
6538
7429
7456
7545
7654
8527
8557
8882
8886
8890
8892
8926
8929
1448
1470
1476
1479
1481
1484
1485
1507
1515
1524
1526
1531
1539
1540
1541
1554
1564
1565
1566
1567
1575
1598
1601
1639
1643
1693
1697
1708
1762
1796
1804
1829
1898
3383
3522
3544
3548
3582
3606
3753
3786
4293
4452
4479
5023
5300
5503
5813
6019
6372
6384
7201
7228
7620
8468
8602
8609
8874
8891
8896
8900
8904
8905
8909
8914
8918
8922
8936
1393
1414
1433
1454
1457
1469
1472
1473
1488
1491
1492
1518
1523
1529
1535
1536
1560
1568
1578
1618
1633
3209
3476
3511
3583
3650
3767
3851
4243
4500
4701
4985
5030
5169
5333
5410
5445
5691
5795
6466
6737
7377
7560
7591
7626
7733
7750
8597
8612
8647
8893
8895
8899
8902
8906
8907
8908
8911
8912
8915
8916
8921
8927
8945
1403
1439
1441
1446
1449
1450
1461
1466
1482
1489
1490
1493
1494
1498
1500
1503
1506
1511
1512
1516
1532
1555
1692
1839
3937
4008
4382
4390
4459
4691
4953
5149
5162
5539
6534
6738
6860
7148
7236
7258
7690
7740
8903
8920
8928
8937
8939
8943
8944
8948
8951
1392
1406
1410
1416
1425
1434
1438
1440
1442
1447
1455
1458
1459
1465
1468
1478
1480
1499
1502
1522
1527
1530
1533
1534
1537
1549
1569
2867
3067
3250
3390
3437
3469
3576
3889
4082
4480
4560
4753
6490
6522
6607
6766
6832
7293
7359
7538
7555
7642
7742
8665
8894
8913
8917
8923
8933
8935
8938
8940
8942
8955
1386
1395
1396
1404
1405
1411
1412
1413
1420
1421
1427
1428
1432
1445
1460
1462
1464
1475
1519
1521
2829
3493
3503
3619
4292
4646
4766
5221
6630
6745
6746
7040
7104
7202
7643
7745
8930
8931
8941
8947
8952
8954
8956
8958
8960
8967
8969
1376
1380
1381
1391
1418
1422
1423
1426
1430
1431
1435
1451
1452
1453
1463
1471
2808
3253
3513
3935
4032
4222
4326
4473
4523
5146
5247
6451
6795
6842
6903
7064
7152
7157
7158
7250
7297
8950
8957
8959
8961
8966
8971
8974
1341
1360
1366
1370
1371
1379
1385
1390
1394
1397
1398
1400
1401
1402
1408
1415
1419
1443
2717
2776
3604
3773
4153
4253
4257
4408
5263
6762
6789
6839
6931
6991
7019
7077
7221
7278
7388
8924
8932
8949
8953
8963
8964
8970
8975
8976
8982
8991
1352
1357
1361
1365
1368
1369
1373
1374
1375
1378
1382
1384
1389
1407
1409
1417
1424
1429
1436
1444
1456
2327
2388
2389
2449
2599
2701
2705
2944
2982
3111
3249
3346
4075
4404
4460
4642
4700
6500
6619
6781
6888
7086
7112
7253
7276
7561
8946
8968
8973
8983
8988
8992
8993
9000
1317
1333
1336
1340
1342
1343
1345
1358
1359
1363
1364
1367
1372
1388
1399
2278
2846
2963
2993
3281
3491
4120
4164
6816
6924
6926
6934
6973
7044
7164
7232
7454
8691
8724
8934
8962
8972
8977
8979
8984
8998
9004
9005
1328
1332
1334
1339
1347
1350
1387
2174
2370
2524
2530
2644
2757
2767
2818
2832
2933
2939
3134
3156
3198
3438
4016
4136
6698
7014
7160
7325
8980
8985
8989
8990
9002
9011
9012
9013
9023
1310
1312
1321
1335
1337
1344
1346
1348
1351
1354
1355
1362
2059
2273
2282
2674
2721
2820
2973
2980
3010
3045
3112
3236
3251
8727
8758
8994
9006
9014
9018
1300
1301
1319
1325
1329
2091
2330
2400
2591
2614
2636
2698
2962
3061
3066
6828
7257
9003
9007
9008
9009
9015
9016
9019
9020
9025
9026
9027
9029
9034
1295
1299
1304
1307
1311
1313
1315
1316
1318
1323
1326
1327
1331
1338
2034
2210
2217
2600
2694
2869
2873
3043
7041
8756
8764
8986
8987
8995
9010
9028
9032
9033
9044
9060
1275
1281
1286
1293
1294
1305
1308
1309
1314
1320
1942
2222
2551
2734
2837
2910
2917
8734
8997
9021
9024
9031
9037
9046
1257
1259
1276
1283
1284
1291
1298
1306
1322
1324
1330
1602
1811
1824
2004
2097
2228
2434
2716
2892
2964
3084
3142
3201
9040
9042
9045
9048
9050
9057
9084
1254
1267
1268
1269
1285
1287
1288
1289
1290
1296
1297
1302
1847
2897
9022
9030
9035
9038
9041
9043
9053
1256
1262
1274
1278
1682
1964
2001
2042
2177
3176
8808
9039
9052
9056
9061
9062
9076
1191
1229
1237
1247
1250
1252
1258
1265
1266
1270
1271
1273
1279
1282
1303
1559
1593
1629
1664
1668
1817
8340
8768
9036
9047
9049
9058
9059
9067
9068
9071
9079
9081
9093
1208
1210
1221
1223
1227
1231
1232
1236
1240
1249
1260
1263
1280
1292
1797
2113
2224
8818
9054
9065
9070
9086
9087
9091
9126
1212
1222
1230
1234
1239
1245
1246
1248
1253
1261
1277
1596
1837
8697
8815
9051
9069
9078
9085
9113
9114
1198
1214
1225
1226
1228
1235
1241
1243
1251
1611
1641
3512
9055
9073
9075
9089
9090
9103
9104
9109
1202
1206
1207
1209
1218
1224
1238
1244
1495
1509
1525
8725
9066
9074
9077
9096
9097
9106
1203
1211
1215
1220
1242
1264
1510
1514
9083
9099
9107
9112
9153
1167
1177
1178
1185
1186
1187
1195
1197
1204
1213
1255
8175
9063
9088
9095
9100
9102
9108
9116
9120
9128
9132
9133
1141
1156
1181
1184
1189
1196
1200
1205
1571
9092
9098
9101
9123
9134
9135
9145
9151
9158
9159
1140
1146
1148
1173
1183
1192
1193
1199
1201
1216
1477
3432
3875
9094
9115
9117
9119
9121
9124
9131
9147
1136
1139
1162
1163
1165
1170
1171
1174
1180
1190
8861
9122
9125
9138
9146
9166
1129
1132
1149
1150
1152
1155
1158
1172
1175
1182
1437
1487
8757
9118
9127
9148
9185
9187
1116
1128
1131
1134
1147
1154
1166
1168
1176
1467
3318
9110
9111
9129
9136
9140
9141
9142
9168
1086
1115
1133
1142
1143
1145
1161
1169
1188
9130
9149
9167
9178
9183
1100
1114
1118
1119
1122
1144
1153
1160
1179
1377
5759
8887
9139
9144
9150
9152
9154
9160
9165
9179
9180
9189
9192
1090
1092
1099
1103
1109
1125
1135
1159
1164
3272
8843
9156
9157
9162
9163
9175
9184
1084
1106
1110
1113
1137
9137
9170
9173
9176
9188
9199
1083
1087
1088
1107
1120
1121
8919
9169
9177
9205
9209
1093
1104
1105
1112
1138
1356
1383
9164
9186
9193
9194
9200
1091
1094
1096
1111
1127
8881
9155
9171
1080
1085
1089
1353
2930
3160
9182
9190
9195
9196
9197
1054
1057
1073
1078
1082
1101
9198
9203
9206
1075
1123
1349
9172
9202
9207
9208
9212
9234
1055
1065
1069
1072
1076
9181
9201
9213
9217
9219
9221
9230
9254
1070
2378
9204
9214
9231
1058
1066
8880
9229
9233
9244
1034
1053
1060
2270
9223
9232
9250
1027
1064
1067
1071
2266
8925
9215
9218
9220
9239
9240
9241
9257
9260
1037
1040
1061
1074
9222
9228
9265
9275
9296
992
1022
1025
1041
1063
4361
9211
9236
9252
9256
2413
9245
9246
9248
9251
9318
1019
1038
1042
1048
1068
9226
9235
9238
9253
9258
9267
9270
9294
1009
1023
1032
1044
1051
9225
9243
9249
9262
9290
1031
1046
1050
9259
9274
9277
9288
9301
994
1030
1035
1043
1049
1052
1059
9237
9247
9261
9263
9266
9283
1015
1033
9227
9242
9264
9268
9269
9278
9293
9306
1004
1008
1010
1047
1272
9284
9285
1012
1016
1017
1020
1026
8996
9273
9287
999
1018
2936
9272
9291
9297
9304
962
989
997
9276
945
969
987
990
995
1001
1014
9279
956
963
982
1013
9286
9289
9295
9310
9316
943
960
1002
1011
9280
9298
9303
9307
9311
1003
1006
9308
936
951
985
993
1021
1024
9305
9314
9319
952
953
971
998
1000
1005
9302
946
947
955
968
980
984
3168
9255
9313
966
967
975
976
981
1233
9320
941
949
950
970
978
979
988
996
1007
8981
9338
942
965
991
9292
9325
913
937
959
3144
9017
9324
9326
9328
9329
9330
9336
939
957
964
974
9322
954
977
983
986
928
9317
9335
9359
9332
932
9321
9327
9345
935
948
961
9300
9315
9333
9349
9351
944
972
9331
940
9339
9344
916
925
9001
910
9323
917
9340
9352
9362
9366
912
918
933
9358
893
931
938
1217
8978
9363
1194
1219
9356
898
909
919
926
927
930
7384
9341
892
920
929
934
9348
9369
906
908
922
9353
9355
9379
9384
903
923
9374
887
911
9334
9350
9372
9393
896
9377
9383
9387
882
889
9364
9354
9360
9376
899
9346
9357
874
879
888
900
9367
9392
9398
861
863
886
9381
9390
881
907
9388
9403
873
884
1151
1584
9371
9375
872
9365
9368
9373
9386
9389
9402
894
9391
869
9412
9435
901
883
9401
9380
9397
9440
862
877
890
897
891
9378
9385
9394
9399
871
852
824
895
9410
880
9361
9404
9408
9439
1130
9411
851
853
878
858
859
9395
9419
9437
9432
9434
845
868
9430
9396
9409
9433
864
1117
850
9425
9429
848
856
9416
855
1124
9405
9413
1102
822
9417
9441
9451
876
9418
835
866
9421
849
870
9428
9455
840
854
800
9072
837
9415
830
842
860
9414
9465
9424
9426
9461
806
832
841
9431
9442
9449
797
827
834
847
875
846
9476
9420
9438
831
9445
9459
792
867
9450
9406
9475
805
9479
9105
9448
815
816
836
9423
9436
9452
9466
814
843
790
820
819
1157
821
784
810
1097
9478
8258
8073
8176
8174
7975
8067
8084
8154
8185
8206
8212
8241
8269
8272
7981
8015
8017
8034
8040
8096
8118
8129
8145
8148
8153
8162
8181
8196
8234
8237
7870
7971
8074
8094
8100
8120
8144
8200
8229
8232
8253
8262
8270
8276
8281
8300
8306
8319
8322
8380
8382
7959
7980
7983
7987
7994
8036
8054
8065
8075
8082
8087
8093
8110
8122
8125
8127
8134
8179
8230
8257
8261
8264
8265
8266
8286
8289
8327
8333
8357
8395
7787
7901
7906
7915
7953
8029
8032
8061
8076
8131
8143
8173
8187
8199
8233
8236
8238
8249
8250
8252
8254
8273
8279
8301
8307
8308
8334
8344
8355
8376
7774
7856
7900
7903
7951
8024
8028
8043
8047
8060
8092
8099
8102
8107
8111
8136
8140
8149
8163
8180
8192
8203
8207
8216
8218
8224
8243
8245
8260
8285
8292
8296
8310
8313
8317
8329
8368
8369
8383
8391
8403
8414
6234
7895
7913
7938
7949
7952
7963
7966
8001
8025
8070
8071
8077
8081
8085
8098
8103
8116
8128
8135
8165
8166
8167
8170
8178
8184
8194
8195
8197
8201
8220
8283
8284
8294
8304
8314
8321
8325
8331
8349
8351
8356
8378
8384
8400
8402
7749
7878
7886
7889
7960
7961
7973
7990
7995
8007
8027
8052
8057
8068
8069
8089
8097
8105
8124
8157
8159
8160
8172
8186
8221
8223
8251
8255
8259
8275
8277
8309
8311
8316
8328
8347
8359
8377
8379
8387
8401
8408
8425
8430
8473
6237
7857
7865
7880
7891
7912
7916
7942
7946
7976
7978
7998
8002
8006
8018
8048
8050
8064
8078
8083
8088
8090
8091
8133
8156
8164
8190
8193
8198
8242
8246
8263
8291
8299
8302
8303
8315
8324
8338
8341
8342
8360
8364
8365
8374
8388
8390
8393
8399
8411
8413
8416
8432
8450
8455
8487
6171
7815
7826
7868
7872
7909
7910
7926
7962
7979
7991
7993
7996
8019
8020
8046
8049
8112
8113
8115
8150
8152
8169
8177
8183
8191
8209
8210
8214
8215
8217
8231
8239
8247
8248
8278
8318
8336
8337
8348
8353
8389
8392
8396
7767
7824
7861
7877
7896
7899
7914
7923
7934
7941
7943
7968
7982
7985
7986
7997
8023
8030
8037
8066
8101
8109
8121
8123
8130
8151
8155
8205
8228
8320
8323
8350
8381
8410
8415
8420
8421
8422
8427
8440
8453
6141
7794
7802
7805
7825
7837
7845
7875
7902
7925
7927
7928
7940
7945
7950
7972
8005
8008
8009
8012
8044
8058
8059
8095
8119
8138
8141
8147
8211
8219
8222
8267
8288
8290
8297
8343
8354
8361
8394
8407
8423
8439
8454
8484
8491
8495
8519
5954
6135
6235
7710
7711
7771
7818
7846
7921
7931
7935
7936
7947
7956
7977
7988
8003
8031
8041
8072
8139
8161
8202
8226
8271
8339
8358
8362
8371
8373
8385
8463
8472
8479
8481
8508
8524
5933
6052
6326
7732
7744
7769
7792
7832
7834
7848
7853
7855
7866
7867
7869
7892
7908
7932
7933
7937
7954
7957
8014
8053
8063
8104
8240
8287
8295
8345
8366
8372
8375
8386
8404
8412
8445
8451
8452
8457
8467
8483
8511
8528
5886
6043
6209
6214
6284
6306
7402
7686
7729
7765
7811
7822
7838
7864
7871
7917
7948
7967
7999
8000
8010
8011
8013
8016
8026
8039
8042
8055
8137
8158
8204
8406
8424
8433
8435
8449
8474
8478
8485
8490
8493
8499
8522
5905
6011
6182
6225
6281
6335
6454
7698
7713
7719
7726
7752
7784
7800
7801
7810
7821
7841
7844
7876
7893
7920
7922
7930
7964
7969
7974
8033
8038
8051
8062
8080
8142
8244
8274
8326
8332
8335
8346
8397
8405
8417
8418
8437
8444
8459
8465
5925
6111
6307
6320
6415
6459
6513
6552
6637
7048
7514
7552
7618
7721
7777
7786
7796
7808
7823
7835
7847
7850
7883
7887
7890
7898
7989
8021
8022
8045
8086
8213
8352
8367
8428
8431
8442
8443
8503
5802
5815
5820
5839
5860
5866
5871
5875
6022
6051
6072
6113
6116
6129
6173
6183
6188
6254
6267
6332
6351
6409
6460
6497
6669
7256
7527
7639
7668
7759
7780
7804
7858
7863
7884
7924
7929
7944
8188
8189
8298
8370
8448
8471
8476
8486
8501
8505
8509
8518
8533
5781
5874
5916
6074
6106
6208
6219
6224
6291
6325
6343
6374
6549
6677
7251
7790
7803
7819
7829
7839
7843
7873
8056
8108
8168
8235
8398
8441
8458
8489
8529
5792
5842
5859
5924
5946
5964
6081
6086
6094
6098
6119
6120
6207
6247
6253
6271
6342
6399
6433
6468
6494
6539
6557
6609
6664
7459
7725
7735
7739
7812
7816
7840
7881
7885
7905
7955
7992
8363
8447
8464
8475
8500
8504
8512
8513
5785
5806
5849
5908
5934
6029
6089
6133
6194
6211
6238
6245
6248
6286
6292
6310
6317
6319
6334
6476
6532
7551
7566
7570
7688
7691
7692
7708
7809
7882
7984
8035
8480
8488
8496
8515
8577
5577
5684
5786
5848
5881
5969
6003
6095
6099
6143
6156
6179
6264
6270
6305
6371
6396
6413
6470
6479
6708
6744
6788
7536
7664
7720
7723
7753
7754
7768
7797
7813
7828
7852
7854
7874
7897
7911
7958
7970
8436
8462
8525
8541
5650
5660
5771
5885
5958
5962
5974
6071
6084
6093
6140
6170
6193
6262
6278
6308
6328
6347
6383
6410
6417
6681
7046
7488
7535
7598
7727
7746
7757
7758
7761
7770
7773
7830
7862
8456
8482
8546
8553
5449
5553
5570
5753
5821
5856
5861
5902
5921
5961
5963
6010
6028
6044
6069
6088
6103
6121
6136
6154
6165
6168
6197
6202
6256
6260
6277
6282
6294
6298
6368
6393
6406
6447
6499
6503
6508
6512
6579
6616
6645
6798
6806
7191
7299
7383
7397
7462
7553
7594
7601
7621
7660
7667
7677
7695
7702
7737
7741
7751
7764
7795
7820
7827
7833
7851
7879
7888
7904
8429
8470
8477
8494
8548
8564
5685
5731
5834
5904
5943
5945
5999
6126
6128
6174
6185
6213
6229
6242
6249
6261
6269
6295
6316
6323
6333
6336
6345
6360
6398
6403
6457
6458
6585
6615
6960
7169
7259
7428
7474
7519
7592
7606
7612
7631
7644
7650
7652
7663
7681
7738
7743
7781
8438
8446
8460
8507
8516
8523
8532
8550
5705
5773
5794
5872
5923
6039
6057
6110
6122
6144
6157
6198
6201
6203
6215
6381
6397
6518
6535
6537
6573
6587
6730
6954
7145
7304
7489
7491
7522
7586
7613
7651
7678
7683
7712
7748
8506
8517
8538
8549
8576
4983
5534
5542
5793
5829
5897
5955
6007
6025
6092
6139
6240
6251
6297
6303
6354
6516
6541
6556
6631
6680
6702
6705
6726
6774
7018
7069
7180
7231
7298
7495
7516
7523
7562
7563
7709
7718
7779
7789
7918
8466
5620
5698
5763
5789
5810
5967
5972
5983
6030
6101
6109
6114
6176
6189
6216
6228
6263
6362
6438
6472
6496
6501
6544
6554
6572
6623
6639
6643
7126
7265
7288
7335
7544
7599
7623
7684
7760
7762
7939
8535
8542
8573
5580
5590
5739
5751
5818
5940
5982
6032
6037
6060
6097
6102
6115
6138
6158
6162
6175
6180
6181
6191
6206
6272
6289
6290
6315
6388
6407
6505
6735
6942
7321
7361
7375
7533
7593
7614
7619
7714
7724
7817
7860
7907
8469
8492
8521
8526
8530
8534
8536
8537
8587
5574
5612
5625
5735
5737
5747
5764
5769
5776
5865
5891
5903
5959
5985
6026
6127
6258
6329
6340
6357
6434
6484
6527
6711
6713
6768
6801
6879
6900
6917
6918
7010
7061
7318
7409
7431
7463
7487
7498
7528
7530
7554
7559
7609
7624
7634
7649
7766
7772
7814
8510
8531
8582
5623
5670
5713
5750
5777
5796
5828
5853
5857
5876
5892
5922
5942
5948
5978
5990
6034
6038
6137
6159
6285
6299
6300
6352
6370
6426
6449
6553
6601
6633
6657
6661
6700
6891
7079
7090
7136
7144
7146
7151
7324
7338
7382
7407
7408
7458
7578
7665
7676
7689
7763
8497
8558
8567
5415
5669
5689
5791
5826
5835
5850
5852
5890
5950
5981
5989
6061
6070
6108
6117
6125
6172
6226
6279
6283
6376
6430
6568
6592
6598
6646
6712
6911
6912
6956
7005
7027
7178
7242
7286
7330
7366
7373
7508
7616
7670
7672
7706
7722
7734
8520
5527
5536
5554
5616
5770
5888
5941
6027
6046
6149
6210
6276
6322
6375
6404
6422
6478
6576
6593
6632
6690
6727
6808
6818
6921
7028
7252
7374
7380
7577
7602
7647
7785
8502
8540
8571
5476
5643
5665
5715
5716
5748
5755
5845
5847
6059
6082
6090
6152
6184
6200
6338
6358
6366
6416
6419
6502
6517
6520
6589
6629
6641
6695
6736
6764
7043
7269
7424
7434
7435
7452
7470
7511
7524
7547
7608
7625
7669
7674
7747
7842
7859
8565
5506
5688
5758
5787
5930
6002
6004
6035
6118
6145
6178
6186
6221
6231
6274
6321
6435
6487
6591
6662
6667
6686
6704
6728
6836
6863
7006
7122
7216
7268
7272
7320
7365
7376
7423
7427
7468
7515
7543
7581
7596
7630
7659
7716
7836
8514
8559
8584
5353
5662
5677
5683
5854
5987
6040
6246
6318
6330
6424
6489
6492
6529
6575
6812
6858
6862
6878
6955
7141
7176
7203
7447
7605
7778
7793
8580
5686
5837
5929
5939
5979
6062
6067
6190
6373
6481
6514
6519
6577
6668
6740
6775
6993
7063
7120
7177
7238
7289
7300
7443
7497
7569
7595
7638
8543
8562
8569
5038
5365
5500
5645
5693
5700
5734
5756
5800
5838
5912
5928
6016
6169
6311
6337
6353
6561
6578
6610
6627
6683
6739
6782
6985
7047
7109
7161
7182
7244
7314
7393
7450
7646
7657
7731
7783
8560
8583
8613
5545
5562
5568
5900
5926
5927
5935
5973
6000
6080
6100
6142
6187
6218
6304
6395
6427
6428
6436
6543
6635
6814
6880
6930
7053
7117
7315
7381
7395
7457
7460
7503
7567
7629
7640
7653
7699
7704
5435
5589
5694
5823
5914
5932
5998
6017
6041
6124
6155
6160
6293
6350
6445
6448
6486
6582
6654
6656
6769
6908
6909
6987
7115
7197
7362
7371
7467
7478
7590
7633
7635
7798
5385
5399
5464
5486
5520
5557
5594
5636
5745
5816
5883
5952
5984
6083
6132
6344
6444
6498
6507
6510
6515
6533
6563
6571
6621
6724
6845
6894
6947
6989
7036
7121
7237
7348
7417
7479
7582
7715
7736
7755
8555
5420
5461
5526
5642
5681
5906
5911
5971
6033
6252
6265
6400
6412
6455
6530
6581
6716
6729
6755
6794
6965
6984
7011
7060
7284
7319
7343
7655
7791
8545
8566
8568
4895
5099
5379
5603
6024
6042
6077
6147
6446
6483
6536
6540
6584
6618
6625
6647
6715
6753
6777
6829
6914
6966
6982
7085
7124
7248
7329
7485
7542
7548
8572
8579
4683
5475
5581
5584
5606
5801
5975
6049
6107
6123
6177
6192
6425
6463
6482
6722
6838
6943
7015
7119
7218
7387
7406
7418
7439
7461
7501
7682
7831
8208
4487
4877
4962
4984
5026
5374
5383
5414
5482
5511
5514
5641
5697
5730
5798
5869
5899
5918
5996
6023
6064
6167
6217
6309
6346
6349
6359
6380
6408
6441
6477
6651
6653
6693
6719
6770
6776
6835
6852
6904
6915
6925
6986
7106
7132
7135
7167
7175
7224
7234
7245
7263
7264
7307
7313
7339
7367
7389
7400
7401
7411
7414
7433
7440
7453
7517
7565
7775
7807
8293
8591
8599
4386
4518
4537
4581
4587
4597
4624
4656
4680
4688
4692
4783
4790
4846
4874
4891
4911
4927
4933
5035
5047
5052
5071
5095
5110
5141
5143
5165
5180
5198
5199
5228
5233
5245
5246
5249
5267
5281
5293
5296
5315
5323
5324
5337
5354
5358
5360
5384
5398
5402
5418
5421
5425
5429
5438
5448
5455
5473
5488
5508
5512
5522
5535
5538
5551
5561
5563
5571
5578
5582
5583
5592
5613
5621
5629
5631
5646
5648
5651
5653
5655
5657
5680
5687
5696
5711
5738
5742
5754
5760
5761
5780
5782
5811
5832
5836
5867
5870
5877
5894
5898
5915
5947
5949
5957
5977
5980
6020
6021
6075
6076
6166
6195
6205
6259
6266
6296
6302
6348
6356
6361
6364
6378
6401
6423
6429
6440
6443
6456
6464
6474
6475
6491
6509
6525
6550
6560
6566
6567
6569
6590
6597
6608
6613
6614
6624
6626
6638
6642
6649
6666
6674
6676
6678
6684
6687
6688
6697
6699
6754
6760
6780
6787
6790
6793
6799
6803
6807
6815
6830
6834
6837
6848
6849
6855
6861
6866
6868
6877
6882
6883
6886
6890
6892
6905
6907
6910
6919
6920
6927
6941
6951
6958
6964
6969
6976
6977
6978
6981
6983
6988
6996
7012
7013
7020
7034
7037
7051
7052
7056
7068
7078
7087
7092
7094
7095
7098
7099
7107
7108
7111
7113
7123
7125
7129
7133
7140
7149
7172
7173
7181
7187
7194
7196
7199
7212
7215
7223
7230
7266
7270
7274
7275
7285
7309
7317
7322
7328
7334
7349
7352
7353
7356
7363
7370
7386
7394
7412
7416
7420
7425
7436
7444
7465
7471
7472
7475
7476
7477
7492
7493
7494
7500
7507
7520
7521
7529
7556
7584
7604
7661
7703
8539
8588
8593
8596
8614
8616
8621
8627
8629
4301
4334
4492
4495
4497
4521
4558
4635
4665
4666
4667
4698
4754
4776
4821
4852
4888
4894
4898
4904
4906
4914
4919
4970
4971
4991
4992
5014
5015
5020
5031
5048
5055
5070
5077
5082
5102
5107
5111
5120
5131
5132
5139
5158
5214
5239
5257
5271
5276
5278
5284
5285
5287
5288
5289
5297
5303
5328
5350
5351
5355
5356
5357
5366
5367
5386
5392
5394
5400
5408
5413
5436
5446
5456
5462
5468
5469
5483
5491
5507
5509
5510
5528
5567
5573
5576
5588
5591
5593
5598
5604
5614
5615
5617
5632
5633
5638
5658
5666
5667
5672
5676
5678
5692
5699
5701
5702
5709
5717
5722
5725
5726
5732
5741
5766
5772
5775
5788
5790
5799
5805
5809
5814
5843
5846
5851
5855
5863
5868
5889
5917
5944
5951
5965
5968
5986
5988
5991
6048
6050
6065
6068
6096
6153
6227
6241
6275
6301
6379
6389
6394
6418
6420
6452
6453
6467
6480
6504
6506
6521
6546
6570
6586
6596
6600
6605
6606
6617
6628
6636
6648
6650
6660
6679
6682
6701
6703
6709
6750
6752
6756
6757
6765
6783
6784
6791
6797
6804
6805
6810
6811
6825
6833
6841
6843
6865
6874
6889
6895
6896
6899
6901
6902
6913
6922
6936
6938
6945
6949
6950
6953
6971
6974
6990
6994
6995
6999
7004
7008
7016
7025
7032
7054
7067
7073
7093
7097
7118
7127
7131
7174
7179
7185
7195
7204
7208
7219
7222
7226
7233
7240
7241
7277
7279
7287
7306
7312
7326
7333
7340
7341
7350
7354
7358
7369
7378
7379
7385
7413
7415
7422
7437
7438
7441
7455
7480
7481
7483
7484
7499
7504
7505
7518
7525
7526
7532
7576
7580
7583
7585
7597
7600
7607
7610
7611
7617
7627
7636
7693
8547
8570
8574
8578
8595
8603
8604
8608
8619
8624
8633
8640
3603
4156
4411
4423
4549
4562
4564
4571
4585
4628
4731
4734
4767
4770
4775
4803
4834
4845
4859
4905
4912
4944
4947
4952
4961
4974
4988
4998
5054
5058
5074
5080
5113
5114
5133
5140
5159
5166
5176
5187
5205
5238
5250
5258
5262
5270
5279
5291
5304
5320
5332
5344
5352
5370
5377
5390
5417
5422
5426
5443
5458
5474
5519
5521
5524
5532
5541
5572
5579
5595
5602
5608
5622
5624
5637
5640
5647
5668
5707
5719
5757
5767
5797
5808
5840
5862
5909
5976
5997
6013
6091
6146
6204
6212
6230
6233
6250
6273
6288
6327
6331
6414
6431
6450
6461
6465
6469
6524
6531
6545
6574
6604
6611
6612
6644
6652
6658
6685
6707
6717
6720
6742
6743
6758
6773
6785
6796
6813
6819
6846
6851
6870
6873
6893
6932
6939
6946
7017
7026
7030
7035
7062
7065
7091
7171
7209
7214
7229
7246
7255
7262
7291
7292
7294
7295
7305
7345
7390
7396
7398
7419
7446
7449
7451
7473
7486
7502
7572
7579
7622
7658
7705
7788
8575
8586
8607
8622
8623
4238
4425
4433
4439
4476
4477
4491
4526
4539
4540
4651
4669
4703
4725
4814
4837
4841
4860
4885
4886
4899
4973
5022
5053
5066
5068
5079
5094
5098
5112
5150
5151
5182
5188
5195
5227
5314
5318
5330
5334
5339
5343
5361
5363
5375
5387
5391
5419
5424
5440
5447
5463
5472
5489
5499
5513
5515
5529
5530
5552
5566
5569
5609
5610
5619
5654
5674
5695
5714
5720
5736
5919
5938
5995
6001
6009
6045
6056
6161
6164
6223
6239
6280
6314
6355
6365
6369
6377
6473
6526
6551
6562
6595
6603
6634
6675
6706
6714
6718
6763
6767
6771
6778
6802
6856
6869
6876
6887
6957
6959
7001
7022
7033
7038
7049
7075
7089
7096
7143
7189
7190
7193
7210
7211
7227
7243
7281
7290
7310
7332
7360
7364
7445
7506
7549
7589
7648
7662
7694
7700
8544
8589
8590
8600
8611
8628
8639
8674
3697
4399
4502
4508
4515
4575
4625
4641
4644
4649
4655
4678
4726
4749
4763
4802
4809
4813
4824
4826
4830
4870
4879
4887
4907
4925
4956
4980
4994
5010
5021
5024
5033
5043
5072
5083
5089
5106
5121
5127
5128
5144
5148
5163
5164
5178
5183
5184
5204
5207
5219
5254
5274
5302
5307
5316
5341
5380
5395
5407
5411
5428
5431
5432
5439
5442
5450
5466
5467
5470
5484
5492
5494
5497
5501
5505
5559
5575
5611
5626
5635
5639
5712
5779
5807
5819
5858
5873
5910
6008
6015
6054
6287
6385
6387
6421
6547
6555
6558
6559
6580
6655
6659
6747
6840
6853
6854
6859
6906
6923
6968
6975
6980
6998
7023
7039
7042
7055
7059
7070
7074
7081
7083
7103
7128
7134
7166
7206
7239
7249
7260
7282
7346
7347
7355
7372
7405
7466
7534
7573
7603
7632
7680
7696
7701
8620
8634
8635
3692
4190
4347
4402
4417
4432
4553
4566
4567
4569
4598
4602
4604
4607
4617
4652
4709
4710
4711
4714
4733
4755
4757
4771
4781
4784
4817
4857
4900
4916
4926
4941
4954
4959
4965
4966
4987
5004
5018
5046
5062
5096
5100
5105
5108
5109
5155
5181
5185
5186
5189
5192
5243
5255
5265
5345
5349
5389
5396
5444
5451
5454
5471
5490
5493
5518
5555
5671
5673
5675
5723
5724
5727
5746
5768
5880
6341
6367
6442
6471
6511
6622
6692
6741
6749
6800
6817
6822
6826
6844
6867
6897
6935
6940
6952
7009
7021
7029
7057
7071
7072
7076
7082
7114
7159
7165
7188
7192
7198
7205
7213
7254
7301
7368
7404
7448
7564
7571
7637
7806
8563
8585
8605
8652
3657
4289
4306
4344
4364
4384
4428
4541
4570
4586
4661
4671
4684
4693
4704
4715
4718
4727
4737
4752
4774
4782
4810
4829
4843
4848
4853
4862
4869
4890
4903
4920
4932
4934
4940
4943
4979
4997
5006
5032
5075
5085
5086
5093
5118
5126
5191
5215
5234
5261
5286
5319
5321
5364
5368
5376
5412
5465
5502
5540
5546
5596
5597
5600
5644
5659
5690
5740
5744
5765
5774
5822
5882
5970
6047
6053
6085
6324
6437
6588
6689
6721
6725
6748
6820
6821
6847
6850
6857
6937
7130
7139
7155
7156
7296
7323
7336
7391
7656
7675
8182
8615
4086
4319
4465
4565
4616
4687
4697
4736
4804
4822
4823
4847
4851
4864
4924
4949
4951
4989
5013
5028
5039
5060
5078
5087
5090
5134
5154
5156
5222
5226
5241
5251
5273
5275
5335
5347
5348
5372
5378
5416
5459
5478
5496
5525
5618
5634
5679
5956
6058
6583
6670
6871
6898
6961
6997
7088
7105
7168
7200
7267
7280
7331
7568
8610
8617
8625
8643
8650
8658
4015
4026
4052
4061
4212
4295
4368
4507
4513
4529
4533
4545
4547
4603
4606
4626
4659
4730
4742
4758
4793
4801
4825
4828
4883
4918
4928
4930
4955
4975
4977
5025
5088
5092
5153
5161
5170
5172
5173
5190
5206
5283
5306
5327
5388
5405
5423
5427
5457
5481
5585
5703
5844
5937
6078
6130
6232
6255
6392
6602
6672
6673
6761
6779
6944
7084
7100
7154
7170
7184
7303
7357
7512
7540
7697
7728
8606
8618
8626
8636
8638
8654
8659
4224
4393
4419
4427
4482
4490
4493
4498
4506
4536
4554
4568
4595
4599
4629
4675
4681
4686
4738
4745
4762
4799
4820
4827
4840
4872
4882
4884
4897
4915
4917
4972
4986
5061
5171
5194
5201
5203
5225
5229
5232
5252
5256
5266
5272
5325
5406
5547
5661
5663
5833
5960
6012
6112
6493
6671
6691
6731
6734
6885
6929
7002
7024
7031
7066
7225
7327
7430
7541
7550
7687
8601
3703
3963
3986
4065
4104
4169
4203
4246
4290
4324
4337
4340
4352
4363
4385
4407
4441
4449
4467
4504
4514
4552
4600
4621
4664
4670
4696
4708
4712
4740
4761
4764
4769
4780
4791
4835
4861
4866
4876
4881
4913
4938
4942
4964
4982
4993
5001
5011
5017
5019
5041
5064
5067
5103
5129
5147
5152
5168
5177
5193
5268
5326
5404
5586
5884
5895
6199
6268
6439
6542
7138
7153
7163
7220
7337
7403
7442
7482
7531
8631
8632
8637
3706
4022
4468
4478
4494
4499
4512
4520
4548
4550
4574
4615
4620
4647
4648
4650
4713
4724
4748
4805
4836
4875
4892
4909
4910
4921
4922
4945
4958
4969
4981
5003
5029
5037
5050
5063
5097
5117
5157
5167
5230
5253
5292
5295
5301
5311
5312
5331
5401
5495
5628
5878
6565
6786
6864
6884
6970
7000
7110
7137
7207
7271
7308
8644
8667
3514
3563
3778
3806
4098
4179
4248
4254
4258
4316
4336
4371
4381
4422
4544
4583
4589
4605
4614
4627
4639
4654
4663
4690
4699
4716
4743
4746
4786
4871
4946
4960
4978
5044
5065
5073
5116
5137
5138
5202
5208
5209
5216
5217
5224
5242
5280
5322
5336
5369
5373
5382
5477
5479
5480
5485
5487
5565
6485
6528
6733
7045
7142
7302
7311
7410
7513
7574
7628
7641
8651
8655
3888
3949
4147
4160
4279
4285
4330
4356
4426
4472
4485
4503
4525
4542
4662
4685
4717
4722
4744
4747
4778
4795
4800
4807
4901
4931
4967
5002
5036
5104
5123
5135
5259
5260
5269
5317
5381
5430
5433
6005
6163
6772
6831
6979
7147
8661
8677
3642
3763
3774
3909
3955
3959
3967
4028
4063
4207
4260
4314
4375
4379
4471
4555
4588
4609
4637
4668
4792
4815
4858
4963
4990
5005
5124
5160
5196
5210
5212
5218
5282
5298
5550
5830
6723
6809
7162
8227
8668
8672
8686
3836
4004
4014
4043
4213
4233
4251
4265
4275
4291
4322
4358
4374
4392
4415
4442
4455
4524
4531
4534
4543
4561
4580
4613
4672
4695
4706
4707
4768
4816
4818
4832
4855
4867
4880
4968
4996
4999
5049
5200
5294
5338
5342
5362
5441
5516
5543
5549
5706
5879
5920
5931
6131
6382
6972
7003
7101
7496
8630
8649
8681
3622
3716
3939
4108
4112
4172
4241
4266
4372
4395
4397
4410
4420
4440
4496
4530
4551
4563
4576
4612
4622
4623
4660
4676
4679
4741
4759
4765
4773
4777
4808
4812
4819
4831
4873
5007
5042
5056
5069
5308
5329
5452
5710
5824
6548
6594
6640
6732
6827
7283
7316
7399
7421
7717
8561
8594
8673
3662
3718
3982
4054
4094
4114
4134
4185
4206
4288
4310
4349
4366
4409
4438
4444
4483
4528
4592
4596
4723
4751
4796
4863
4896
4923
5000
5008
5040
5119
5174
5231
5305
5340
5403
5453
5560
5630
5718
5887
5936
6196
6312
6313
6523
6696
6933
7351
7426
8645
8660
3620
3626
3749
3931
3965
3979
4111
4228
4284
4323
4341
4401
4416
4421
4453
4484
4519
4556
4559
4601
4611
4645
4682
4798
4842
4854
4939
4948
4976
5012
5016
5237
5290
5309
5393
5743
6104
6339
6402
6759
6962
7183
7217
7235
7671
8256
8641
8648
8653
8656
3612
3696
3709
3741
3915
3978
4042
4071
4083
4099
4117
4168
4204
4205
4236
4267
4268
4272
4315
4355
4389
4391
4445
4458
4509
4535
4546
4557
4579
4640
4653
4750
4760
4787
4794
4797
4893
5045
5101
5145
5310
5504
5749
6488
6928
6948
7546
7588
7673
3714
3715
3756
3791
3816
3911
4049
4095
4126
4148
4176
4261
4264
4345
4359
4378
4380
4413
4430
4448
4505
4572
4590
4608
4631
4634
4674
4865
4929
4950
4957
5009
5059
5091
5122
5136
5213
5236
5244
5248
5434
5498
5649
6014
6872
6875
7050
7342
7432
7537
7756
8551
8679
3627
3643
3752
3770
3826
3912
3966
3998
4021
4041
4106
4138
4139
4159
4220
4223
4225
4329
4332
4350
4353
4412
4435
4447
4450
4461
4481
4489
4501
4510
4517
4594
4633
4721
4728
4785
4839
4935
5175
5179
5235
5264
5299
5313
5762
5804
6663
6992
7685
8282
8598
8670
8671
8678
8687
3561
3581
3720
3764
3807
3823
3901
3922
3925
3943
3951
4020
4031
4107
4141
4171
4175
4183
4199
4226
4230
4252
4259
4294
4305
4327
4346
4365
4383
4677
4702
4732
4772
4868
5051
5057
5142
5240
5371
5523
5907
6222
6405
7261
7273
8642
8669
8689
3629
3905
3936
4064
4096
4181
4193
4234
4451
4456
4464
4466
4632
4636
4657
4689
4694
4908
5084
5729
8646
8662
8707
3640
3695
3768
3769
3779
3895
3940
3945
4000
4089
4097
4152
4184
4227
4235
4249
4269
4312
4339
4367
4387
4475
4522
4735
4789
4833
4849
6151
7539
8581
8680
8682
3539
3623
3636
3667
3746
3747
3801
3947
3950
4013
4038
4119
4131
4144
4149
4162
4191
4237
4240
4274
4307
4325
4370
4995
5893
5966
7666
8554
8657
3508
3577
3594
3702
3789
3890
3906
3980
4048
4102
4113
4135
4247
4335
4342
4437
4474
4573
4577
4658
4739
4756
4937
5359
5605
5817
8664
3572
3585
3601
3609
3707
3721
3722
3736
3737
3784
3808
3876
3956
4007
4035
4058
4100
4137
4142
4170
4173
4197
4278
4304
4343
4373
4443
4619
4643
4719
5556
7645
8171
8688
8696
3327
3639
3647
3649
3743
3802
3886
3898
3916
3934
3989
4076
4161
4219
4229
4281
4313
4394
4403
4463
4511
4532
4630
4705
5027
5130
8693
3536
3553
3560
3597
3624
3633
3659
3820
3883
3885
3972
3993
4088
4118
4348
4351
4446
4469
4582
4856
5034
5076
5220
5346
7490
8685
8690
3588
3663
3688
3788
3796
3839
3850
3921
3977
4025
4034
4129
4157
4165
4180
4216
4400
4429
4454
4538
4779
5197
6916
3540
3665
3669
3683
3766
3787
3903
4037
4046
4074
4187
4263
4328
4434
4610
5211
5664
5708
6599
8663
3543
3575
3713
3908
4009
4023
4068
4145
4201
4262
4273
4418
4431
4578
4591
5081
5115
7150
7509
3444
3497
3579
3759
3780
3798
3805
3813
3899
3941
3992
3996
4030
4044
4045
4121
4308
4618
5825
6963
8004
3580
3638
3712
3765
3785
3944
3975
4029
4072
4091
4406
6564
7102
8683
8684
3454
3668
4177
4209
4298
4376
4405
4593
7007
3465
3565
3833
3904
3958
4092
4369
5277
8666
8675
4001
4424
4811
4850
5627
6495
7058
3518
3793
3815
3828
4012
4110
4211
4317
4788
8126
8305
3621
3879
4128
4194
4318
6411
8698
3889
4192
4200
4217
8079
8694
3554
3635
3648
3758
4208
4516
4844
5558
3644
4053
4084
4101
4255
4257
4311
4486
8703
3689
3856
3880
4133
4140
4338
4462
4470
4584
5223
5704
8714
3500
3658
3995
4017
4050
4155
4245
4256
4360
4436
4889
4936
7575
8592
8704
3358
3681
3864
4105
4414
8280
8330
3578
3600
3684
3781
3824
3840
3842
3964
3968
4178
4232
6031
7587
8722
3418
3458
3468
3634
3651
3830
4067
4069
4270
4277
4331
6243
7344
8409
8706
3598
3675
3831
3919
3946
3985
3988
4124
4300
8692
3460
3474
3556
3562
3812
3818
3987
3997
4231
4527
6967
3519
3534
3637
3710
3719
3804
3834
3863
4010
4078
4130
4202
4302
8225
3396
3480
3517
3590
3664
3708
3930
4122
4396
3526
3532
3574
3729
3853
3962
4282
8676
8716
3343
3455
3499
3617
3661
3687
3814
3865
3874
3918
3960
4062
4333
3429
3555
3728
3817
3867
3984
4006
4085
4093
4103
4132
4210
4357
4673
8106
3382
3484
3551
3654
3666
3693
3847
3871
3877
3920
4070
4115
4116
4151
4154
4239
4242
5652
6694
3459
3679
3742
3754
3810
3878
3891
4081
8699
3464
3467
3557
3567
3652
3854
4060
4167
4309
3407
3587
3605
3705
4174
4362
8132
3478
3670
3866
3976
4059
4186
4195
7186
8695
3375
3607
3772
3829
3849
3954
4079
4287
4457
3545
3686
3760
3771
3800
4040
4320
8709
3336
3592
3717
3844
3857
3893
3952
4024
3461
3473
3685
3897
3927
3334
3591
3677
3845
3926
4036
4125
4198
4283
4296
4303
3821
4090
6751
3533
3584
3613
3616
3672
3700
3750
3870
3923
4109
4188
4297
3550
3776
3782
3887
3942
3953
4080
4123
3755
3957
4166
8732
3631
4214
4280
5841
8759
3317
3690
3744
4250
3819
3882
3973
3999
4321
8117
8713
3404
3494
3614
3655
3910
3974
4163
8717
3376
3520
3552
3678
3762
3797
3896
3991
4039
4244
7392
8705
3280
3527
3738
3748
3399
3496
3881
4033
4146
4218
4729
6066
8712
3777
3969
3970
4003
8715
8728
3338
3507
3564
3724
3835
3855
3861
3961
4056
4150
4158
4276
4377
3405
4215
3645
8268
3884
4077
4388
3269
3472
3602
3660
3691
3873
3894
4354
8730
8733
8751
3439
3775
4047
4638
8702
8729
3422
3730
3783
3837
4196
8700
8710
8737
3431
3486
3506
3558
3761
8719
8760
3401
3938
4019
4073
4087
3699
3994
4005
3547
3589
3359
3504
3632
3674
3482
3525
3537
3704
3733
3378
3599
3981
3990
4002
3568
3615
3630
4398
5599
8721
3471
3694
4018
8708
2649
3224
3529
3701
3726
4299
7730
8711
3488
3656
3342
3490
3408
4189
3832
4286
3487
3535
3803
8740
3524
4057
3245
3625
3913
3593
3628
3745
3311
3450
3907
3734
3794
7464
3498
3521
4027
4143
4182
3403
3757
3790
8744
3421
3451
3501
3610
3611
3646
3892
3929
3372
3353
3420
3559
3983
3441
3542
3641
8750
3323
3380
3653
8746
3859
3900
5784
3189
3673
3271
3573
3795
8741
3413
3711
4055
4221
3242
3397
3848
8743
3492
3392
7080
3410
3262
8146
3868
3326
3411
3541
3368
3419
3596
3933
3344
3827
7557
3274
3324
3515
3463
8726
3351
6823
8723
8771
3057
3569
3509
3475
3862
3928
8701
3315
3434
8736
3571
3809
8738
3838
3502
3398
3566
3332
3417
3740
8258
8073
8176
8174
8067
8084
8154
8185
8212
8258
8073
8154
8212
8185
8258
8073
8258
8258
