58
60
61
62
63
65
66
78
79
80
81
82
83
84
85
41
44
46
47
48
49
50
51
52
53
54
55
56
57
59
64
67
68
69
70
71
72
73
74
75
76
77
86
22
25
34
35
36
37
38
39
40
42
43
45
87
12
13
14
15
16
17
18
19
20
21
23
24
26
27
28
29
30
31
32
33
88
7
8
9
10
11
89
4
5
6
90
3
91
92
93
2
94
95
0
1
96
97
98
99
80
78
81
82
84
79
83
85
58
60
61
62
65
75
77
63
66
67
70
52
64
69
72
74
76
49
50
53
54
55
56
57
59
68
71
73
47
51
46
48
41
42
44
35
36
40
43
86
34
38
39
45
37
87
25
26
30
21
22
24
13
19
23
27
29
31
32
12
28
33
15
17
18
20
14
16
88
8
10
9
11
7
6
89
4
5
90
3
91
92
93
2
94
95
96
65
62
61
64
58
57
58
59
60
61
62
63
64
65
66
67
68
69
70
71
72
73
74
75
76
77
78
79
80
81
82
83
84
85
41
42
43
44
45
46
47
48
49
50
51
52
53
54
55
56
57
86
19
21
22
24
25
26
29
30
34
35
36
37
38
39
40
87
8
12
13
14
15
16
17
18
20
23
27
28
31
32
33
88
6
7
9
10
11
89
4
5
90
3
91
92
93
2
94
95
1
96
0
98
97
99
78
80
81
79
82
84
58
61
62
65
75
77
83
85
60
63
66
67
70
52
59
64
69
71
72
74
76
49
50
53
54
56
57
68
73
47
51
55
46
48
41
42
44
86
35
36
43
38
39
40
45
34
37
87
25
30
21
24
26
13
22
27
29
31
32
19
23
28
33
88
12
17
20
15
16
18
14
8
10
9
11
89
7
90
6
4
5
91
92
3
93
94
95
2
96
98
97
99
58
62
61
65
1
64
52
58
59
60
61
62
63
64
65
66
67
68
69
70
71
72
73
74
75
76
77
78
79
80
81
82
83
84
85
34
35
36
37
38
39
40
41
42
43
44
45
46
47
48
49
50
51
53
54
55
56
57
86
87
12
13
14
15
16
17
18
19
20
21
22
23
24
25
26
27
28
29
30
31
32
33
88
7
8
9
10
11
4
5
6
89
90
3
91
92
93
2
94
95
0
1
96
97
98
99
58
61
62
65
67
78
57
59
60
63
64
66
69
70
71
75
80
54
56
72
74
77
79
82
51
52
53
68
73
76
81
84
50
55
83
85
47
49
42
46
48
44
41
45
86
43
35
37
38
39
87
40
36
34
88
26
30
31
32
24
25
33
27
29
28
21
13
20
22
23
19
17
89
12
15
16
18
14
90
9
10
11
8
7
6
91
4
5
92
93
3
94
95
2
96
98
97
99
58
62
65
61
67
64
59
60
63
69
54
56
57
66
71
75
47
49
50
51
52
53
55
70
72
74
78
80
41
42
46
48
68
73
76
77
79
81
82
83
84
85
37
38
39
43
44
45
34
35
36
40
86
87
13
18
19
20
21
22
23
24
25
26
27
28
29
30
31
32
33
58
61
62
65
88
12
14
15
16
17
1
7
8
9
10
11
89
4
5
6
90
3
91
92
0
93
2
94
95
96
98
67
97
99
64
59
60
63
69
56
57
66
71
54
70
75
78
51
53
80
47
72
74
77
82
49
50
52
55
68
76
79
81
84
73
83
46
48
85
42
58
62
41
44
45
61
65
43
35
37
38
39
86
36
40
34
87
24
25
26
30
31
32
33
29
27
28
88
21
22
23
20
13
19
17
18
15
16
12
14
67
10
89
9
11
8
90
7
6
5
4
91
92
3
93
1
94
2
95
0
96
97
98
99
64
59
69
63
75
57
71
56
78
60
54
47
66
70
80
51
82
47
49
50
52
53
54
55
56
57
58
59
60
61
62
63
64
65
66
67
68
69
70
71
72
73
74
75
76
77
78
79
80
81
82
83
84
85
25
26
30
34
35
36
37
38
39
40
41
42
43
44
45
46
48
51
86
87
10
12
13
14
15
16
17
18
19
20
21
22
23
24
27
28
29
31
32
33
88
6
7
8
9
11
89
4
5
90
3
91
92
2
93
94
95
1
96
0
98
97
99
58
61
62
65
60
63
64
66
67
69
75
78
56
57
59
70
71
72
74
77
80
53
54
73
76
79
81
82
84
49
50
51
52
55
68
83
85
47
42
46
48
41
44
86
43
45
35
37
38
39
40
87
34
36
88
25
26
29
30
31
32
33
24
27
28
21
22
20
23
13
19
89
17
18
15
12
14
16
90
9
10
11
8
7
6
91
5
4
92
93
3
94
2
95
96
1
97
0
98
99
47
58
48
46
41
62
35
42
61
65
51
67
64
34
38
39
44
45
56
57
69
75
78
36
37
49
50
52
53
54
59
60
63
66
70
71
77
79
80
81
82
83
84
85
25
26
40
43
55
68
72
73
74
76
19
21
22
23
24
27
28
29
30
31
32
33
46
47
48
58
61
62
86
87
12
13
14
15
16
17
18
20
35
41
42
88
7
8
9
10
11
4
5
6
65
89
90
3
91
92
93
2
94
95
1
96
0
97
98
99
51
67
64
75
44
56
57
69
34
38
54
59
63
78
39
45
49
50
52
53
58
60
66
70
71
80
82
36
37
55
61
62
74
77
79
81
84
43
47
68
72
73
76
83
85
40
46
48
26
41
42
65
25
30
31
33
35
24
29
32
86
22
23
27
28
20
21
13
17
18
19
87
15
16
12
14
10
88
8
9
11
7
6
89
5
90
4
3
91
92
93
2
94
95
1
96
0
97
98
99
51
67
64
75
69
57
56
58
59
54
58
60
61
62
63
65
66
75
77
78
79
80
81
82
83
84
85
34
35
36
37
38
39
40
41
42
43
44
45
46
47
48
49
50
51
52
53
55
56
57
59
64
67
68
69
70
71
72
73
74
76
86
12
13
14
15
16
17
18
19
20
21
22
23
24
25
26
27
28
29
30
31
32
33
87
88
7
8
9
10
11
4
5
6
89
90
3
91
92
93
2
94
95
0
1
96
97
98
99
58
62
47
61
65
67
78
41
42
44
46
48
50
51
54
56
57
59
60
63
64
66
69
71
75
80
82
34
35
38
39
45
49
52
53
55
70
74
77
79
81
84
36
37
40
43
68
72
73
76
83
85
25
26
24
30
31
32
33
22
23
27
28
29
86
20
21
13
17
18
19
15
16
87
12
10
14
8
9
11
88
7
6
5
89
4
90
3
91
92
93
2
94
95
1
96
0
97
98
99
58
61
75
77
78
79
80
81
82
83
84
85
35
36
40
41
42
43
44
45
46
47
48
49
50
51
52
53
54
55
56
57
59
60
62
63
64
65
66
67
68
69
70
71
72
73
74
76
86
12
13
15
16
17
18
19
20
21
22
23
24
25
26
27
28
29
30
31
32
33
34
37
38
39
87
7
8
9
10
11
14
88
4
5
6
89
90
3
91
92
93
2
94
95
0
1
96
97
98
99
58
62
61
65
46
47
48
51
54
56
57
59
60
63
64
67
69
75
78
41
42
49
50
52
53
55
66
70
71
77
80
82
35
38
39
44
45
72
73
74
76
79
81
83
84
34
36
37
40
43
68
85
25
26
30
31
32
33
24
29
86
22
23
27
28
17
20
21
13
18
19
87
15
16
12
10
14
88
8
9
11
7
6
89
5
90
4
3
91
92
93
2
94
95
1
96
0
97
98
99
78
79
80
81
82
83
84
85
35
36
40
41
42
43
44
46
47
48
49
50
51
52
53
54
55
56
57
58
59
60
61
62
63
64
65
66
67
68
69
70
71
72
73
74
75
76
77
12
13
15
17
19
21
22
23
24
25
26
27
28
29
30
31
32
33
34
37
38
39
45
86
87
7
8
9
10
11
14
16
18
20
88
4
5
6
89
90
3
91
92
93
2
94
95
0
1
96
98
97
99
58
61
62
47
64
65
67
46
48
51
53
54
56
57
59
60
63
66
69
71
75
78
80
41
42
44
49
50
52
55
70
74
77
79
81
82
35
37
38
39
45
68
72
73
76
83
84
85
34
36
40
43
25
26
30
31
32
33
24
29
86
22
23
27
28
17
20
21
13
18
19
87
15
16
12
10
14
88
8
9
11
7
6
89
5
90
4
3
91
92
93
2
94
95
1
96
0
97
98
99
78
79
80
81
82
83
84
85
35
36
40
41
42
43
44
46
47
48
49
50
51
52
53
54
55
56
57
58
59
60
61
62
63
64
65
66
67
68
69
70
71
72
73
74
75
76
77
12
13
15
17
19
21
22
23
24
25
26
27
28
29
30
31
32
33
34
37
38
39
45
86
87
7
8
9
10
11
14
16
18
20
88
4
5
6
89
90
3
91
92
93
2
94
95
0
1
96
98
97
99
58
61
62
65
47
64
67
46
48
51
53
54
56
57
59
60
63
66
69
70
71
75
78
80
41
42
44
49
50
52
55
72
74
77
79
81
82
84
35
37
38
39
45
68
73
76
83
85
34
36
40
43
25
26
30
31
32
33
24
29
86
22
23
27
28
17
20
21
13
18
19
87
15
16
12
10
14
88
8
9
11
7
6
89
5
90
4
3
91
92
93
2
94
95
1
96
0
97
98
99
78
79
80
81
82
83
84
85
35
36
40
41
42
43
44
46
47
48
49
50
51
52
53
54
55
56
57
58
59
60
61
62
63
64
65
66
67
68
69
70
71
72
73
74
75
76
77
12
13
15
17
19
21
22
23
24
25
26
27
28
29
30
31
32
33
34
37
38
39
45
86
87
7
8
9
10
11
14
16
18
20
88
4
5
6
89
90
3
91
92
93
2
94
95
0
1
96
98
97
99
58
61
62
65
47
64
67
46
48
51
53
54
56
57
59
60
63
66
69
70
71
75
78
80
41
42
44
49
50
52
55
72
74
77
79
81
82
84
35
37
38
39
45
68
73
76
83
85
34
36
40
43
25
26
30
31
32
33
24
29
86
22
23
27
28
17
20
21
13
18
19
87
15
16
12
10
14
88
8
9
11
7
6
89
5
90
4
3
91
92
93
2
94
95
1
96
0
97
98
99
78
79
80
81
82
83
84
85
35
36
40
41
42
43
44
46
47
48
49
50
51
52
53
54
55
56
57
58
59
60
61
62
63
64
65
66
67
68
69
70
71
72
73
74
75
76
77
12
13
15
17
19
21
22
23
24
25
26
27
28
29
30
31
32
33
34
37
38
39
45
86
87
7
8
9
10
11
14
16
18
20
88
4
5
6
89
90
3
91
92
93
2
94
95
0
1
96
98
97
99
58
61
62
65
47
64
67
46
48
51
53
54
56
57
59
60
63
66
69
70
71
75
78
80
41
42
44
49
50
52
55
72
74
77
79
81
82
84
35
37
38
39
45
68
73
76
83
85
34
36
40
43
25
26
30
31
32
33
24
29
86
22
23
27
28
17
20
21
13
18
19
87
15
16
12
10
14
88
8
9
11
7
6
89
5
90
4
3
91
92
93
2
94
95
1
96
0
97
98
99
78
79
80
81
82
83
84
85
35
36
40
41
42
43
44
46
47
48
49
50
51
52
53
54
55
56
57
58
59
60
61
62
63
64
65
66
67
68
69
70
71
72
73
74
75
76
77
12
13
15
17
19
21
22
23
24
25
26
27
28
29
30
31
32
33
34
37
38
39
45
86
87
7
8
9
10
11
14
16
18
20
88
4
5
6
89
90
3
91
92
93
2
94
95
0
1
96
98
97
99
58
61
62
65
47
64
67
46
48
51
53
54
56
57
59
60
63
66
69
70
71
75
78
80
41
42
44
49
50
52
55
72
74
77
79
81
82
84
35
37
38
39
45
68
73
76
83
85
34
36
40
43
25
26
30
31
32
33
24
29
86
22
23
27
28
17
20
21
13
18
19
87
15
16
12
10
14
88
8
9
11
7
6
89
5
90
4
3
91
92
93
2
94
95
1
96
0
97
98
99
78
79
80
81
82
83
84
85
35
36
40
41
42
43
44
46
47
48
49
50
51
52
53
54
55
56
57
58
59
60
61
62
63
64
65
66
67
68
69
70
71
72
73
74
75
76
77
12
13
15
17
19
21
22
23
24
25
26
27
28
29
30
31
32
33
34
37
38
39
45
86
87
7
8
9
10
11
14
16
18
20
88
4
5
6
89
90
3
91
92
93
2
94
95
0
1
96
98
97
99
58
61
62
65
47
64
67
46
48
51
53
54
56
57
59
60
63
66
69
70
71
75
78
80
41
42
44
49
50
52
55
72
74
77
79
81
82
84
35
37
38
39
45
68
73
76
83
85
34
36
40
43
25
26
30
31
32
33
24
29
86
22
23
27
28
20
21
13
17
18
19
87
15
16
12
10
14
88
8
9
11
7
6
89
5
90
4
3
91
92
93
2
94
95
1
96
0
97
98
99
78
79
80
81
82
83
84
85
35
36
40
41
42
43
44
46
47
48
49
50
51
52
53
54
55
56
57
58
59
60
61
62
63
64
65
66
67
68
69
70
71
72
73
74
75
76
77
12
13
15
17
19
21
22
23
24
25
26
27
28
29
30
31
32
33
34
37
38
39
45
86
87
7
8
9
10
11
14
16
18
20
88
4
5
6
89
90
3
91
92
93
2
94
95
0
1
96
98
97
99
58
61
62
65
47
64
67
46
48
51
53
54
56
57
59
60
63
66
69
70
71
75
78
80
41
42
44
49
50
52
55
72
74
77
79
81
82
84
35
37
38
39
45
68
73
76
83
85
34
36
40
43
25
26
30
31
32
33
24
29
86
22
23
27
28
20
21
13
17
18
19
87
15
16
12
10
14
88
8
9
11
7
6
89
5
90
4
3
91
92
93
2
94
95
1
96
0
97
98
99
78
79
80
81
82
83
84
85
35
36
40
41
42
43
44
46
47
48
49
50
51
52
53
54
55
56
57
58
59
60
61
62
63
64
65
66
67
68
69
70
71
72
73
74
75
76
77
12
13
15
17
19
21
22
23
24
25
26
27
28
29
30
31
32
33
34
37
38
39
45
86
87
7
8
9
10
11
14
16
18
20
88
4
5
6
89
90
3
91
92
93
2
94
95
0
1
96
98
97
99
58
61
62
65
47
64
67
46
48
51
53
54
56
57
59
60
63
66
69
70
71
75
78
80
41
42
44
49
50
52
55
72
74
77
79
81
82
84
35
37
38
39
45
68
73
76
83
85
34
36
40
43
25
26
30
31
32
33
24
29
86
22
23
27
28
20
21
13
17
18
19
87
15
16
12
10
14
88
8
9
11
7
6
89
5
90
4
3
91
92
93
2
94
95
1
96
0
97
98
99
78
79
80
81
82
83
84
85
35
36
40
41
42
43
44
46
47
48
49
50
51
52
53
54
55
56
57
58
59
60
61
62
63
64
65
66
67
68
69
70
71
72
73
74
75
76
77
12
13
15
17
19
21
22
23
24
25
26
27
28
29
30
31
32
33
34
37
38
39
45
86
87
7
8
9
10
11
14
16
18
20
88
4
5
6
89
90
3
91
92
93
2
94
95
0
1
96
98
97
99
58
61
62
65
47
64
67
46
48
51
53
54
56
57
59
60
63
66
69
70
71
75
78
80
41
42
44
49
50
52
55
72
74
77
79
81
82
84
35
37
38
39
45
68
73
76
83
85
34
36
40
43
25
26
30
31
32
33
24
29
86
22
23
27
28
20
21
13
17
18
19
87
15
16
12
10
14
88
8
9
11
7
6
89
5
90
4
3
91
92
93
2
94
95
1
96
0
97
98
99
78
79
80
81
82
83
84
85
35
36
40
41
42
43
44
46
47
48
49
50
51
52
53
54
55
56
57
58
59
60
61
62
63
64
65
66
67
68
69
70
71
72
73
74
75
76
77
12
13
15
17
19
21
22
23
24
25
26
27
28
29
30
31
32
33
34
37
38
39
45
86
87
7
8
9
10
11
14
16
18
20
88
4
5
6
89
90
3
91
92
93
2
94
95
0
1
96
98
97
99
58
61
62
65
47
64
67
46
48
51
53
54
56
57
59
60
63
66
69
70
71
75
78
80
41
42
44
49
50
52
55
72
74
77
79
81
82
84
35
37
38
39
45
68
73
76
83
85
34
36
40
43
25
26
30
31
32
33
24
29
86
22
23
27
28
20
21
13
17
18
19
87
15
16
12
10
14
88
8
9
11
7
6
89
5
90
4
3
91
92
93
2
94
95
1
96
0
97
98
99
