183.0
183.0
183.1
183.1
183.1
183.1
183.1
183.1
183.1
183.1
183.1
183.1
183.1
183.1
183.1
183.1
183.1
183.1
183.1
183.1
183.1
183.1
183.1
183.1
183.1
183.1
183.1
183.1
183.1
183.1
183.1
183.1
183.1
183.1
183.1
183.1
183.1
183.1
183.1
183.1
183.1
183.1
183.1
183.1
183.1
183.1
183.1
183.1
183.1
183.1
183.1
183.1
183.1
183.1
183.1
183.1
183.1
183.1
183.1
183.1
183.2
183.2
183.2
183.2
183.2
183.2
183.2
183.2
183.2
183.2
183.2
183.2
183.2
183.2
183.2
183.3
183.3
183.4
183.4
183.4
183.4
183.5
183.5
183.5
183.6
183.6
183.6
183.8
183.8
183.9
183.9
184.0
184.0
184.1
184.1
184.2
184.3
184.4
184.7
185.0
188.3
188.3
188.3
188.3
188.3
188.3
188.3
188.3
188.3
188.3
188.3
188.3
188.3
188.3
188.3
188.3
188.3
188.3
188.3
188.3
188.3
188.3
188.4
188.4
188.4
188.4
188.4
188.4
188.4
188.4
188.4
188.4
188.4
188.4
188.4
188.4
188.4
188.4
188.4
188.4
188.4
188.4
188.4
188.4
188.4
188.4
188.4
188.4
188.4
188.4
188.4
188.4
188.4
188.5
188.5
188.5
188.5
188.5
188.5
188.5
188.5
188.5
188.5
188.5
188.6
188.6
188.6
188.6
188.7
188.7
188.7
188.7
188.8
188.8
188.8
188.8
188.8
189.3
189.4
189.4
189.4
189.5
189.5
189.5
189.8
189.9
190.0
190.5
190.5
190.6
190.7
191.1
191.1
191.2
191.2
191.4
191.7
191.9
191.9
191.9
191.9
191.9
191.9
191.9
191.9
192.0
192.0
192.0
192.0
192.1
192.1
192.1
192.1
192.1
192.1
192.1
192.1
192.1
192.1
192.1
192.1
192.1
192.1
192.1
192.1
192.2
192.2
192.2
192.2
192.2
192.2
192.2
192.2
192.2
192.2
192.2
192.3
192.3
192.3
192.3
192.3
192.3
192.3
192.3
192.3
192.3
192.3
192.4
192.4
192.4
192.4
192.4
192.4
192.4
192.5
192.5
192.5
192.5
192.5
192.6
192.6
192.6
192.6
192.6
192.7
192.7
192.8
192.9
192.9
193.0
193.0
193.0
193.0
193.1
193.2
193.3
193.6
194.3
194.4
194.5
194.5
194.7
194.7
194.7
195.2
195.7
195.8
196.1
196.2
196.4
196.5
196.5
196.5
196.6
196.6
196.6
196.6
196.7
196.7
196.7
196.8
196.8
196.8
196.9
196.9
196.9
196.9
196.9
197.0
197.0
197.0
197.1
197.1
197.1
197.1
197.1
197.1
197.1
197.1
197.1
197.2
197.2
197.2
197.2
197.3
197.3
197.3
197.3
197.3
197.3
197.3
197.4
197.4
197.4
197.4
197.5
197.5
197.5
197.6
197.6
197.6
197.6
197.6
197.6
197.7
197.7
197.7
197.8
197.8
197.8
197.8
197.8
197.8
197.9
197.9
198.0
198.0
198.0
198.0
198.2
198.2
198.3
198.4
198.5
198.6
198.6
198.7
198.8
198.8
198.9
199.0
199.2
199.6
199.7
200.2
200.6
201.5
201.9
201.9
201.9
202.7
202.7
203.1
203.9
204.1
204.3
204.5
204.6
204.8
204.8
205.0
205.0
205.1
205.2
205.4
205.5
205.6
205.6
205.7
205.8
205.9
206.0
206.1
206.2
206.2
206.4
206.5
206.6
206.6
206.6
206.7
206.7
206.8
206.9
207.1
207.3
207.3
207.5
207.6
207.7
207.8
207.9
208.0
208.0
208.1
208.1
208.2
208.3
208.3
208.3
208.4
208.4
208.5
208.6
208.6
208.6
208.7
208.7
208.8
208.9
209.2
209.2
209.3
209.3
209.3
209.3
209.7
209.9
210.4
210.5
210.6
211.0
211.0
211.4
211.5
211.6
211.7
211.8
211.8
212.2
212.6
213.3
213.4
213.5
213.8
213.9
214.5
214.6
216.0
218.0
221.3
223.9
351.3
351.3
351.3
351.3
351.3
351.3
351.3
351.3
351.3
351.3
351.3
351.3
351.3
351.3
351.3
351.3
351.3
351.3
351.3
351.3
351.3
351.3
351.3
351.3
351.3
351.3
351.3
351.3
351.3
351.3
351.3
351.3
351.3
351.3
351.3
351.3
351.3
351.3
351.3
351.3
351.3
351.3
351.4
351.4
351.4
351.4
351.4
351.4
351.4
351.4
351.4
351.4
351.4
351.4
351.4
351.4
351.4
351.4
351.4
351.4
351.4
351.4
351.4
351.4
351.4
351.4
351.4
351.4
351.4
351.4
351.5
351.5
351.5
351.5
351.5
351.5
351.5
351.7
351.7
351.7
351.7
351.8
351.8
351.8
351.9
351.9
352.0
352.1
352.2
352.3
352.4
352.5
352.5
352.5
352.6
352.7
352.9
353.0
353.3
353.6
356.9
357.0
357.0
357.0
357.0
357.1
357.1
357.1
357.1
357.1
357.1
357.1
357.1
357.1
357.1
357.1
357.1
357.1
357.1
357.1
357.2
357.2
357.2
357.2
357.2
357.2
357.2
357.2
357.2
357.2
357.2
357.2
357.2
357.2
357.2
357.2
357.2
357.2
357.2
357.2
357.2
357.2
357.3
357.3
357.3
357.3
357.3
357.3
357.3
357.3
357.3
357.3
357.3
357.3
357.3
357.3
357.3
357.4
357.4
357.4
357.4
357.4
357.4
357.4
357.4
357.4
357.4
357.5
357.6
357.6
357.6
357.6
357.6
357.7
357.7
357.8
357.8
358.3
358.3
358.3
358.4
358.4
358.5
358.5
358.8
358.9
359.0
359.6
359.7
359.8
360.0
360.5
360.5
361.0
361.0
361.5
362.2
362.4
363.1
363.1
363.1
363.1
363.1
363.1
363.1
363.2
363.2
363.2
363.2
363.2
363.2
363.2
363.2
363.3
363.3
363.3
363.3
363.3
363.3
363.3
363.3
363.3
363.3
363.3
363.3
363.3
363.4
363.4
363.4
363.4
363.4
363.4
363.4
363.4
363.4
363.4
363.4
363.4
363.4
363.5
363.5
363.5
363.5
363.5
363.5
363.5
363.5
363.5
363.5
363.5
363.6
363.6
363.6
363.6
363.6
363.6
363.7
363.7
363.7
363.7
363.8
364.0
364.0
364.0
364.0
364.0
364.1
364.2
364.3
364.3
364.5
364.6
364.6
364.7
364.7
364.8
364.9
364.9
365.0
365.0
365.2
365.3
365.6
365.7
365.8
365.9
365.9
366.1
366.2
366.7
366.8
367.6
367.6
367.7
367.8
367.9
367.9
367.9
367.9
368.0
368.0
368.0
368.1
368.1
368.2
368.2
368.2
368.3
368.3
368.3
368.4
368.4
368.4
368.4
368.4
368.4
368.4
368.5
368.5
368.5
368.5
368.6
368.6
368.6
368.6
368.6
368.6
368.6
368.7
368.7
368.7
368.8
368.8
368.8
368.8
368.8
368.9
368.9
369.0
369.0
369.0
369.0
369.0
369.1
369.1
369.1
369.1
369.1
369.2
369.3
369.3
369.4
369.4
369.4
369.5
369.5
369.6
369.6
369.7
369.7
369.7
369.8
369.9
370.1
370.3
370.3
370.3
370.4
370.5
370.7
370.7
370.7
370.8
371.2
372.0
372.5
372.6
373.0
373.3
373.4
373.5
373.7
373.9
374.8
374.9
375.0
375.1
375.1
375.2
375.3
375.3
375.3
375.5
375.5
375.6
375.8
376.0
376.1
376.1
376.1
376.2
376.4
376.4
376.5
376.5
376.6
376.7
376.8
376.8
376.8
376.8
376.9
377.0
377.1
377.1
377.3
377.4
377.5
377.7
377.8
377.8
377.9
377.9
377.9
378.0
378.0
378.1
378.1
378.2
378.3
378.4
378.5
378.5
378.7
378.9
379.1
379.3
379.4
379.5
379.6
379.7
379.9
380.2
380.2
380.2
380.3
380.3
380.4
380.5
380.5
380.8
380.9
381.1
381.1
381.4
381.4
381.5
382.2
383.1
383.2
384.1
384.4
384.6
385.7
386.8
387.2
387.2
387.4
387.4
392.8
398.3
509.3
509.3
509.3
509.4
509.4
509.4
509.4
509.4
509.4
509.4
509.4
509.4
509.4
509.4
509.4
509.4
509.4
509.4
509.4
509.4
509.4
509.4
509.4
509.4
509.4
509.4
509.4
509.4
509.4
509.4
509.4
509.4
509.4
509.4
509.4
509.4
509.4
509.4
509.4
509.4
509.4
509.4
509.4
509.4
509.4
509.4
509.4
509.4
509.4
509.4
509.4
509.4
509.4
509.4
509.5
509.5
509.5
509.5
509.5
509.5
509.5
509.5
509.5
509.5
509.5
509.5
509.5
509.5
509.5
509.5
509.5
509.5
509.5
509.5
509.6
509.6
509.6
509.7
509.8
509.8
509.8
509.8
509.8
509.9
509.9
510.0
510.0
510.2
510.2
510.3
510.4
510.5
510.5
510.6
510.6
510.7
510.9
511.0
511.3
511.6
514.8
514.9
514.9
514.9
514.9
514.9
514.9
514.9
514.9
514.9
514.9
514.9
514.9
514.9
514.9
515.0
515.0
515.0
515.0
515.0
515.0
515.0
515.0
515.0
515.0
515.0
515.0
515.0
515.0
515.0
515.1
515.1
515.1
515.1
515.1
515.1
515.1
515.1
515.1
515.1
515.1
515.1
515.1
515.1
515.1
515.1
515.1
515.1
515.1
515.2
515.2
515.2
515.2
515.2
515.2
515.2
515.2
515.2
515.2
515.2
515.2
515.3
515.3
515.3
515.3
515.3
515.3
515.3
515.4
515.4
515.4
515.4
515.4
515.5
515.6
515.6
515.6
516.1
516.2
516.2
516.3
516.3
516.3
516.3
516.6
516.7
516.8
517.4
517.5
517.5
517.6
518.1
518.2
518.7
518.7
519.1
519.7
519.9
520.8
520.8
520.8
520.8
520.8
520.8
520.8
520.8
520.8
520.9
520.9
520.9
520.9
520.9
520.9
520.9
520.9
520.9
521.0
521.0
521.0
521.0
521.0
521.0
521.0
521.0
521.0
521.0
521.0
521.0
521.0
521.1
521.1
521.1
521.1
521.1
521.1
521.1
521.1
521.1
521.1
521.1
521.1
521.1
521.1
521.1
521.1
521.1
521.1
521.2
521.2
521.2
521.2
521.2
521.2
521.3
521.3
521.3
521.3
521.4
521.4
521.4
521.4
521.5
521.6
521.7
521.7
521.7
521.7
521.8
521.9
521.9
521.9
522.0
522.1
522.1
522.2
522.4
522.4
522.4
522.6
522.6
522.8
522.8
523.1
523.2
523.3
523.4
523.5
523.7
523.7
524.1
524.3
525.1
525.1
525.2
525.4
525.5
525.5
525.5
525.6
525.6
525.6
525.7
525.7
525.7
525.8
525.8
525.8
525.8
525.9
525.9
525.9
525.9
526.0
526.0
526.0
526.0
526.0
526.1
526.1
526.1
526.1
526.1
526.2
526.2
526.2
526.2
526.3
526.3
526.3
526.3
526.4
526.4
526.4
526.4
526.5
526.5
526.5
526.5
526.5
526.5
526.6
526.6
526.7
526.7
526.7
526.7
526.7
526.7
526.8
526.8
527.0
527.0
527.1
527.1
527.2
527.2
527.3
527.3
527.3
527.5
527.5
527.6
527.7
527.8
527.8
528.1
528.2
528.2
528.3
528.3
528.4
528.6
528.7
529.1
529.8
530.5
530.7
530.7
531.1
531.2
531.7
532.1
532.2
532.8
533.0
533.1
533.5
533.7
533.7
534.0
534.2
534.2
534.2
534.3
534.4
534.5
534.6
534.7
535.0
535.2
535.2
535.3
535.4
535.5
535.6
535.7
535.9
535.9
535.9
536.0
536.1
536.1
536.2
536.3
536.6
536.7
536.7
536.8
537.2
537.3
537.3
537.5
537.7
537.9
538.1
538.1
538.1
538.1
538.2
538.2
538.3
538.4
538.6
538.6
538.6
538.8
538.9
539.0
539.0
539.0
539.2
539.4
539.4
539.8
539.9
539.9
540.3
540.3
540.4
540.7
541.0
541.6
541.7
541.8
541.9
542.4
542.8
542.9
543.5
543.7
544.1
544.5
545.2
545.4
545.5
545.5
545.7
545.9
548.7
549.1
551.1
552.4
560.2
570.0
667.2
667.2
667.2
667.2
667.2
667.2
667.2
667.2
667.2
667.2
667.2
667.2
667.2
667.2
667.2
667.2
667.2
667.2
667.2
667.2
667.3
667.3
667.3
667.3
667.3
667.3
667.3
667.3
667.3
667.3
667.3
667.3
667.3
667.3
667.3
667.3
667.3
667.3
667.3
667.3
667.3
667.3
667.3
667.3
667.3
667.3
667.3
667.3
667.3
667.3
667.3
667.3
667.3
667.3
667.3
667.3
667.3
667.3
667.4
667.4
667.4
667.4
667.4
667.4
667.4
667.4
667.4
667.4
667.4
667.5
667.5
667.5
667.5
667.5
667.6
667.6
667.6
667.8
667.8
667.8
667.8
667.9
667.9
667.9
668.0
668.1
668.1
668.3
668.3
668.4
668.5
668.6
668.7
668.7
668.7
668.8
669.0
669.2
669.5
669.8
672.5
672.5
672.5
672.5
672.6
672.6
672.6
672.6
672.6
672.6
672.6
672.6
672.6
672.6
672.6
672.6
672.6
672.7
672.7
672.7
672.7
672.7
672.7
672.7
672.7
672.7
672.7
672.7
672.7
672.7
672.7
672.7
672.7
672.7
672.8
672.8
672.8
672.8
672.8
672.8
672.8
672.8
672.8
672.8
672.8
672.8
672.8
672.8
672.8
672.9
672.9
672.9
672.9
672.9
672.9
672.9
672.9
672.9
672.9
672.9
672.9
672.9
673.0
673.0
673.0
673.1
673.1
673.1
673.2
673.2
673.2
673.4
673.4
673.4
673.5
673.6
673.7
674.3
674.3
674.4
674.4
674.4
674.5
674.6
674.8
675.1
675.1
675.7
675.8
676.0
676.1
676.6
676.7
677.0
677.1
677.5
678.2
678.3
678.3
678.3
678.3
678.3
678.3
678.3
678.4
678.4
678.4
678.4
678.4
678.4
678.4
678.4
678.4
678.4
678.4
678.4
678.4
678.5
678.5
678.5
678.5
678.5
678.5
678.5
678.5
678.5
678.5
678.5
678.5
678.5
678.5
678.6
678.6
678.6
678.6
678.6
678.6
678.6
678.6
678.6
678.6
678.7
678.7
678.7
678.7
678.7
678.7
678.7
678.7
678.7
678.8
678.8
678.8
678.8
678.8
678.8
678.8
678.9
678.9
679.1
679.1
679.1
679.1
679.2
679.3
679.3
679.3
679.3
679.4
679.5
679.6
679.8
679.9
679.9
680.2
680.2
680.4
680.4
680.5
680.6
680.8
680.8
681.1
681.3
681.4
681.6
681.6
681.8
682.0
682.4
682.6
682.9
682.9
682.9
683.0
683.0
683.0
683.0
683.0
683.1
683.2
683.2
683.2
683.3
683.3
683.3
683.3
683.3
683.4
683.4
683.4
683.4
683.4
683.5
683.5
683.5
683.5
683.5
683.5
683.5
683.6
683.6
683.6
683.6
683.6
683.6
683.7
683.7
683.7
683.7
683.7
683.8
683.8
683.8
683.8
683.9
683.9
684.0
684.0
684.0
684.1
684.1
684.1
684.1
684.1
684.2
684.3
684.3
684.3
684.3
684.4
684.4
684.5
684.5
684.7
684.7
684.7
684.8
684.8
684.9
684.9
685.0
685.0
685.6
685.7
685.7
686.0
686.1
686.3
686.4
686.4
687.1
687.4
687.6
688.2
689.1
689.9
689.9
690.2
690.4
690.5
690.5
690.6
690.6
691.0
691.0
691.1
691.2
691.2
691.4
691.4
691.7
691.8
691.9
691.9
691.9
692.0
692.2
692.2
692.3
692.5
692.6
692.7
692.8
692.8
692.9
693.0
693.1
693.1
693.4
693.4
693.5
693.7
693.8
693.9
693.9
694.0
694.1
694.2
694.4
694.5
694.5
694.6
694.7
694.7
694.7
694.9
694.9
695.0
695.1
695.4
695.5
695.6
696.1
696.2
696.2
696.3
696.3
696.7
696.8
697.0
697.1
697.6
697.9
698.0
698.1
698.9
698.9
699.0
699.4
699.5
699.5
699.6
699.6
701.0
701.6
702.7
703.1
704.3
704.8
706.0
712.0
712.4
826.2
826.2
826.2
826.2
826.2
826.2
826.2
826.2
826.2
826.2
826.2
826.2
826.2
826.2
826.2
826.2
826.2
826.2
826.2
826.2
826.2
826.2
826.3
826.3
826.3
826.3
826.3
826.3
826.3
826.3
826.3
826.3
826.3
826.3
826.3
826.3
826.3
826.3
826.3
826.3
826.3
826.3
826.3
826.3
826.3
826.3
826.3
826.3
826.3
826.3
826.3
826.3
826.3
826.3
826.3
826.3
826.3
826.3
826.3
826.3
826.3
826.3
826.3
826.3
826.3
826.3
826.3
826.3
826.3
826.3
826.3
826.3
826.3
826.3
826.3
826.3
826.4
826.5
826.5
826.5
826.5
826.5
826.5
826.6
826.6
826.7
826.7
826.9
826.9
826.9
827.0
827.1
827.1
827.3
827.3
827.4
827.6
827.6
827.9
828.2
831.6
831.7
831.7
831.7
831.7
831.7
831.7
831.7
831.7
831.7
831.7
831.7
831.7
831.8
831.8
831.8
831.8
831.8
831.8
831.8
831.8
831.8
831.8
831.8
831.8
831.8
831.8
831.8
831.8
831.8
831.8
831.8
831.8
831.8
831.8
831.9
831.9
831.9
831.9
831.9
831.9
831.9
831.9
831.9
831.9
831.9
831.9
831.9
831.9
831.9
831.9
831.9
831.9
831.9
831.9
831.9
831.9
832.0
832.0
832.0
832.0
832.0
832.0
832.0
832.0
832.0
832.0
832.0
832.0
832.0
832.0
832.0
832.0
832.0
832.1
832.1
832.1
832.7
832.7
832.7
832.8
832.8
832.9
832.9
833.2
833.2
833.5
834.0
834.0
834.1
834.1
834.5
834.6
835.2
835.3
835.6
836.1
836.2
837.0
837.5
837.6
837.6
837.6
837.6
837.6
837.6
837.6
837.6
837.7
837.7
837.7
837.7
837.7
837.7
837.7
837.7
837.7
837.7
837.7
837.7
837.7
837.7
837.7
837.7
837.8
837.8
837.8
837.8
837.8
837.8
837.8
837.8
837.8
837.8
837.8
837.8
837.8
837.8
837.8
837.8
837.8
837.8
837.8
837.8
837.9
837.9
837.9
837.9
837.9
837.9
837.9
837.9
837.9
838.0
838.0
838.0
838.0
838.0
838.0
838.0
838.0
838.1
838.1
838.2
838.2
838.2
838.2
838.2
838.2
838.3
838.4
838.4
838.4
838.4
838.5
838.6
838.7
839.0
839.1
839.1
839.3
839.3
839.3
839.3
839.8
839.9
839.9
840.0
840.2
840.2
840.4
841.0
841.0
841.5
841.6
841.9
842.0
842.0
842.0
842.1
842.1
842.1
842.2
842.2
842.2
842.2
842.2
842.3
842.3
842.4
842.4
842.4
842.4
842.4
842.4
842.5
842.5
842.5
842.5
842.5
842.5
842.5
842.5
842.6
842.6
842.6
842.7
842.7
842.7
842.7
842.7
842.7
842.8
842.8
842.8
842.8
842.8
842.8
842.8
842.9
842.9
842.9
842.9
842.9
842.9
842.9
842.9
842.9
843.0
843.0
843.1
843.1
843.1
843.2
843.2
843.2
843.3
843.3
843.3
843.4
843.4
843.4
843.6
843.6
843.7
843.8
843.8
844.0
844.0
844.1
844.1
844.1
844.2
844.5
844.5
845.4
845.9
846.1
846.4
846.5
846.6
846.7
847.1
847.8
847.8
848.2
848.2
848.8
849.2
849.2
849.2
849.2
849.3
849.5
849.5
849.6
849.7
849.8
849.9
849.9
850.1
850.2
850.2
850.2
850.2
850.3
850.4
850.5
850.6
850.6
850.7
850.7
850.7
850.7
850.8
851.0
851.1
851.1
851.3
851.3
851.6
851.6
851.6
851.7
851.8
851.9
851.9
852.0
852.0
852.0
852.0
852.1
852.1
852.1
852.2
852.2
852.2
852.2
852.4
852.5
852.5
852.7
852.7
852.7
852.8
852.9
853.1
853.2
853.5
853.5
853.6
853.6
853.8
853.8
853.9
854.1
854.2
854.2
854.8
855.2
855.5
855.7
855.7
855.8
855.9
856.0
856.3
856.5
857.5
857.7
857.7
860.4
863.6
865.8
985.1
985.1
985.1
985.1
985.1
985.1
985.1
985.1
985.1
985.1
985.1
985.1
985.1
985.1
985.1
985.1
985.1
985.1
985.1
985.1
985.1
985.1
985.1
985.1
985.1
985.1
985.1
985.1
985.1
985.1
985.1
985.1
985.1
985.1
985.1
985.1
985.1
985.1
985.1
985.1
985.1
985.1
985.2
985.2
985.2
985.2
985.2
985.2
985.2
985.2
985.2
985.2
985.2
985.2
985.2
985.2
985.2
985.2
985.2
985.2
985.2
985.2
985.2
985.2
985.2
985.2
985.2
985.2
985.2
985.2
985.3
985.3
985.3
985.3
985.3
985.3
985.3
985.5
985.5
985.5
985.5
985.6
985.6
985.6
985.7
985.8
985.8
986.0
986.0
986.1
986.2
986.3
986.3
986.4
986.4
986.5
986.7
986.8
987.1
987.5
990.7
990.8
990.8
990.8
990.8
990.8
990.8
990.9
990.9
990.9
990.9
990.9
990.9
990.9
990.9
990.9
990.9
990.9
990.9
990.9
990.9
990.9
991.0
991.0
991.0
991.0
991.0
991.0
991.0
991.0
991.0
991.0
991.0
991.0
991.0
991.0
991.0
991.0
991.0
991.0
991.0
991.0
991.1
991.1
991.1
991.1
991.1
991.1
991.1
991.1
991.1
991.1
991.1
991.1
991.1
991.1
991.1
991.2
991.2
991.2
991.2
991.2
991.3
991.3
991.3
991.3
991.3
991.3
991.4
991.4
991.4
991.4
991.5
991.6
991.6
991.7
991.7
992.3
992.3
992.3
992.4
992.4
992.5
992.5
992.8
993.0
993.1
993.7
993.8
994.0
994.1
994.6
994.7
995.1
995.1
995.6
996.3
996.5
997.6
997.7
997.7
997.7
997.8
997.8
997.8
997.8
997.8
997.8
997.8
997.8
997.9
997.9
997.9
997.9
997.9
997.9
997.9
997.9
997.9
997.9
997.9
997.9
997.9
997.9
997.9
997.9
998.0
998.0
998.0
998.0
998.0
998.0
998.0
998.0
998.0
998.0
998.0
998.0
998.0
998.0
998.0
998.0
998.1
998.1
998.1
998.1
998.1
998.1
998.1
998.1
998.1
998.2
998.2
998.2
998.2
998.2
998.3
998.3
998.3
998.3
998.4
998.5
998.6
998.6
998.7
998.7
998.8
998.8
998.8
998.9
999.0
999.0
999.1
999.2
999.2
999.4
999.4
999.4
999.6
999.6
999.8
999.8
