53
57
59
54
55
56
58
60
61
51
50
52
62
63
64
65
66
67
49
48
46
47
44
43
45
69
42
40
41
68
70
72
37
71
38
39
73
35
34
36
74
32
33
75
76
77
28
30
31
78
27
29
17
25
79
18
20
21
22
26
12
80
23
13
14
15
16
24
11
19
10
81
82
9
83
8
54
53
84
55
51
56
57
62
50
67
59
60
58
61
52
65
66
64
49
63
7
46
47
48
42
44
45
6
85
69
43
40
41
35
38
70
5
39
34
37
72
73
36
86
32
71
74
28
68
33
29
30
31
75
27
3
21
77
25
76
78
22
26
4
17
20
23
79
18
19
24
80
87
12
14
15
81
13
11
16
90
54
82
2
92
91
83
89
88
53
10
55
62
67
50
51
56
57
46
47
9
48
84
42
45
66
8
35
44
49
60
52
59
65
58
61
34
40
64
38
94
63
41
69
39
28
70
36
43
32
85
74
95
73
37
21
29
72
1
31
27
30
25
33
22
26
78
75
77
20
76
71
17
23
93
68
79
86
7
80
24
19
18
81
96
14
6
12
15
13
83
5
16
82
11
97
87
84
0
81
82
84
85
86
87
91
92
83
88
89
10
79
16
90
13
14
8
15
17
78
4
11
3
6
7
9
12
42
43
48
56
23
35
40
45
46
51
60
80
38
41
44
47
50
53
54
25
34
39
49
52
55
57
58
94
26
28
33
37
59
93
18
19
22
27
31
32
36
30
97
21
29
76
5
62
67
95
96
61
63
64
20
65
66
77
24
69
75
70
2
72
68
98
73
74
71
1
0
99
79
81
14
78
15
16
17
82
13
84
10
83
85
8
11
12
35
80
86
23
54
56
42
48
60
25
40
45
46
47
51
9
28
34
38
43
50
53
87
41
44
55
57
22
39
58
26
49
67
76
88
89
92
7
19
21
27
59
62
18
32
52
90
91
31
6
29
33
36
37
75
77
30
66
63
64
65
69
61
70
3
20
4
24
72
74
73
5
68
94
71
93
2
95
78
79
81
96
97
14
17
82
83
15
13
84
16
85
11
35
54
80
8
10
98
1
56
12
48
60
23
42
40
45
67
25
28
46
51
53
34
47
50
86
38
57
76
55
62
9
21
22
41
43
44
58
26
39
77
0
59
75
27
49
66
19
87
52
69
70
18
32
31
64
65
7
29
36
63
30
89
92
61
90
33
37
74
88
20
91
6
72
99
73
4
3
24
68
5
71
94
81
79
78
2
35
45
46
48
54
40
42
47
50
34
38
41
43
44
51
53
56
39
49
55
83
93
28
36
37
52
57
14
32
58
59
60
27
31
33
17
29
30
25
26
62
21
23
67
95
13
22
61
82
15
63
84
16
64
65
66
97
85
19
20
11
69
12
18
24
8
70
80
10
96
72
76
68
75
73
77
9
74
71
1
98
86
35
54
42
45
46
47
48
87
34
40
50
53
56
28
38
51
6
7
41
44
55
39
57
43
49
60
90
32
52
58
78
36
59
25
27
37
67
79
92
0
17
29
31
62
14
30
26
33
88
21
3
23
81
89
22
61
66
63
64
65
4
91
13
15
69
16
19
20
70
83
5
11
82
12
18
24
99
80
72
84
76
75
73
74
77
10
8
68
85
71
9
94
2
54
35
78
93
79
86
28
48
53
56
34
45
42
46
47
97
17
50
67
40
51
55
81
87
57
95
7
14
38
60
62
6
25
44
39
41
21
90
58
49
59
96
22
32
52
66
23
26
27
43
92
36
83
88
15
29
31
82
89
13
65
30
69
16
64
70
63
91
3
61
80
37
1
12
84
11
33
4
19
76
20
75
74
98
77
18
85
72
8
10
5
73
24
78
9
0
68
86
79
81
94
71
87
2
99
7
14
83
6
17
93
90
82
88
95
97
92
89
54
84
80
35
67
91
13
15
28
85
96
21
3
11
12
48
4
47
53
56
8
25
34
40
42
45
46
50
51
16
38
55
41
44
49
57
62
23
39
43
22
52
60
36
37
76
32
58
10
27
59
31
33
70
75
26
29
30
66
77
5
54
35
69
74
86
1
98
19
61
20
64
63
65
18
28
78
81
24
53
48
56
47
51
45
46
50
34
42
55
87
40
9
73
38
57
44
41
49
39
60
67
79
43
52
58
62
72
21
36
94
25
32
37
59
54
29
27
31
30
33
83
14
66
26
17
35
68
88
22
7
23
90
61
63
64
71
65
28
69
13
92
15
70
0
93
19
20
6
89
16
53
56
11
34
48
47
45
51
67
46
50
55
24
42
57
40
62
60
12
38
2
18
44
74
82
21
41
85
39
73
25
58
75
91
59
66
72
76
84
49
52
8
32
54
80
36
29
77
43
27
95
30
31
37
68
26
35
61
64
3
22
33
65
10
63
99
23
17
69
97
78
71
14
28
70
9
79
4
67
81
15
5
62
19
13
20
96
56
16
24
66
21
34
73
60
72
25
53
11
86
18
74
75
83
57
12
48
76
45
87
55
47
51
68
77
46
98
42
1
7
50
65
64
22
69
40
70
58
94
27
23
63
71
38
29
26
59
17
32
51
53
54
55
56
57
60
16
17
21
22
28
35
40
41
42
44
45
46
47
48
49
50
52
58
59
61
62
65
66
67
12
14
15
19
20
23
25
26
27
29
30
31
32
34
36
38
39
43
63
64
69
13
18
24
33
37
70
11
68
72
73
74
8
9
10
71
75
77
78
79
76
80
81
82
83
84
6
7
5
85
86
3
4
87
90
91
88
89
92
2
94
93
95
1
54
96
35
67
28
51
53
55
97
21
42
45
47
48
50
56
57
60
62
17
34
40
46
66
22
25
38
41
44
49
58
59
23
26
32
39
64
65
69
27
29
31
36
52
61
63
70
78
14
19
30
43
74
15
16
20
73
79
0
12
13
33
37
75
81
11
18
72
77
24
76
98
80
82
83
8
10
68
71
9
84
85
99
86
7
6
5
87
3
88
89
90
4
91
92
54
35
67
53
28
48
51
55
56
62
45
47
50
57
34
42
46
60
66
21
40
38
41
44
58
59
69
70
78
39
49
52
65
17
25
64
79
22
32
61
81
36
63
74
94
2
27
29
23
26
43
31
75
14
30
73
77
15
93
72
11
37
76
82
95
13
19
20
83
33
80
12
16
18
8
24
84
10
68
85
1
71
9
96
97
86
7
98
0
87
6
5
88
35
54
90
3
89
48
28
67
92
45
51
53
42
47
50
56
57
34
40
55
41
46
38
44
49
36
39
60
4
32
43
52
37
58
62
91
27
30
31
33
59
29
21
25
26
66
61
22
63
64
65
23
20
69
54
70
19
24
35
17
14
18
78
13
48
11
15
16
28
68
72
53
67
73
74
45
51
81
12
56
57
71
34
42
47
50
55
75
79
40
46
41
60
38
62
77
39
44
49
76
36
58
32
43
52
59
27
31
66
8
10
29
37
9
30
21
25
33
61
26
63
64
65
80
83
22
54
99
69
23
35
70
20
82
17
19
24
84
67
18
28
48
14
72
7
68
73
53
74
45
51
56
57
78
13
15
11
16
62
71
2
34
55
50
75
42
47
60
85
6
12
46
40
77
79
5
66
41
76
38
44
58
39
81
49
21
32
52
59
36
3
25
27
65
29
31
43
64
1
4
26
69
61
63
30
70
9
80
8
10
22
37
86
23
33
54
94
17
20
35
83
87
82
19
93
67
0
74
72
73
24
14
18
78
84
15
75
68
90
77
92
89
28
79
95
13
12
16
71
11
76
7
88
81
96
48
62
85
6
91
98
53
2
97
5
56
57
80
66
45
51
21
8
70
34
60
4
9
3
10
55
83
50
69
86
42
82
47
22
25
17
40
46
74
78
1
94
23
14
84
99
26
58
38
41
65
73
64
87
79
75
90
20
81
44
0
77
89
27
39
59
63
19
72
12
49
52
85
18
31
32
92
29
7
15
6
11
93
13
36
76
61
91
88
16
30
95
43
80
2
83
3
97
96
24
8
5
86
10
4
67
98
82
54
68
87
94
35
37
33
90
99
84
17
78
79
81
12
14
16
21
22
75
77
80
82
83
11
13
15
18
19
20
23
74
76
84
9
10
24
25
26
28
73
85
8
27
29
69
70
30
31
32
34
35
66
67
71
72
86
36
40
45
51
62
65
68
33
37
38
39
41
42
44
46
47
48
49
50
53
54
55
56
60
61
63
64
43
52
57
58
59
87
5
6
89
90
91
7
88
92
4
3
94
93
95
2
96
97
1
98
17
78
0
21
79
81
28
22
35
67
74
14
23
25
75
83
15
34
54
70
77
80
82
12
13
16
19
26
45
51
62
66
69
73
76
11
20
27
29
32
40
42
46
47
48
53
55
99
18
31
38
50
56
57
60
30
39
41
44
49
65
84
24
36
58
59
64
72
85
10
43
61
63
8
37
52
9
33
68
71
86
87
7
88
6
89
90
91
5
92
3
4
94
93
54
35
67
28
78
81
21
2
62
79
34
48
51
53
95
45
47
56
66
70
74
17
42
46
50
55
57
40
60
69
22
25
38
75
14
23
83
41
44
65
77
26
29
32
39
49
58
64
73
27
59
31
76
82
15
36
52
63
80
30
61
11
72
12
13
19
43
20
84
85
96
16
18
37
33
97
8
10
24
1
68
9
98
71
86
7
87
0
6
88
89
90
5
92
91
3
4
54
35
67
99
28
48
45
34
40
51
42
46
47
53
32
38
41
50
56
36
39
44
49
55
27
29
31
43
57
21
30
33
37
25
26
52
58
60
59
22
23
62
66
17
20
61
14
63
64
65
19
24
69
79
70
15
78
81
18
74
13
16
72
73
68
75
11
77
12
71
76
83
54
8
9
35
67
80
10
28
45
48
82
34
51
53
42
47
40
46
56
94
38
50
55
57
84
41
44
2
32
39
49
21
60
27
29
31
36
62
66
25
43
52
26
30
58
59
85
37
33
22
23
17
61
64
65
69
7
63
70
20
19
14
74
79
24
78
6
72
73
86
15
18
75
81
77
68
5
13
16
76
71
54
12
67
11
1
3
35
4
83
87
93
80
90
95
28
89
48
9
8
45
82
92
53
51
34
56
10
47
96
42
55
46
57
91
21
40
50
88
62
84
66
38
0
60
97
25
41
44
39
98
32
49
69
17
22
26
27
58
59
70
85
29
52
31
23
36
30
43
64
65
78
79
74
61
63
14
20
37
81
73
19
33
75
7
72
77
94
2
15
18
76
86
24
6
13
12
99
16
11
83
67
80
68
5
54
71
87
3
82
4
8
84
35
90
10
92
9
89
88
1
28
91
93
95
85
48
79
81
78
97
21
96
45
51
53
0
17
56
66
98
14
34
7
47
57
62
86
42
55
74
94
70
6
40
50
83
46
69
25
60
2
22
87
99
23
75
15
38
13
90
41
44
76
27
77
80
3
12
26
39
92
32
49
58
89
11
52
4
43
36
88
59
82
31
16
29
37
54
30
48
8
51
47
50
53
35
42
45
33
46
19
20
55
56
40
64
65
73
57
61
84
93
63
91
5
34
18
38
60
28
95
10
44
41
85
97
49
39
72
67
58
52
62
32
54
43
59
96
24
27
36
51
47
48
50
53
37
45
46
55
42
56
66
35
57
25
40
31
30
29
33
26
61
34
38
21
9
60
63
65
44
68
1
64
81
41
86
49
22
28
58
39
23
52
54
69
59
98
17
87
62
32
51
53
43
71
50
47
55
56
48
36
67
45
46
57
78
94
37
20
42
35
27
40
61
6
79
70
66
34
33
30
83
38
60
31
14
29
7
44
19
18
17
21
12
13
14
15
16
19
22
23
11
18
20
24
25
26
27
28
10
29
30
31
32
34
35
42
78
79
81
8
9
36
38
39
40
41
43
44
45
46
47
48
49
50
51
54
55
74
75
77
80
33
37
52
53
56
57
60
66
67
69
70
73
76
82
83
58
59
61
62
64
65
71
72
84
63
68
85
6
7
86
5
87
3
4
90
91
88
89
92
2
94
95
93
96
97
1
21
28
98
17
35
22
54
23
25
34
67
78
14
26
42
45
46
47
48
51
79
81
0
12
13
15
19
27
29
32
38
40
50
53
55
56
74
16
39
41
44
49
57
60
62
66
69
70
11
20
30
31
36
75
77
18
43
58
65
73
76
80
82
83
24
52
59
64
10
33
37
61
63
8
72
84
9
85
71
99
68
86
7
6
87
5
88
89
3
90
91
92
4
54
35
94
28
67
21
2
34
48
53
42
45
46
47
51
55
56
62
78
50
57
81
93
40
60
66
79
17
25
38
70
22
41
44
69
74
14
39
49
23
26
27
29
32
58
59
65
95
52
64
75
31
36
83
15
30
43
63
73
77
61
11
82
12
13
19
76
20
80
72
16
37
84
85
8
18
33
10
24
96
1
97
9
68
71
98
86
7
87
0
6
5
88
89
90
92
3
91
4
54
35
28
48
67
42
45
34
40
46
47
51
53
38
41
50
39
44
49
55
56
32
36
43
37
57
21
27
29
30
31
52
33
60
25
26
58
99
59
22
23
62
17
66
20
61
14
19
24
63
64
65
15
69
18
70
13
79
78
16
54
81
11
74
12
72
35
73
68
71
75
77
67
83
28
76
8
48
9
10
42
45
34
51
47
53
80
46
50
56
40
55
38
57
41
44
39
49
21
32
60
36
82
27
43
25
29
31
52
62
2
30
58
26
37
59
66
33
84
22
23
94
17
61
64
65
7
63
20
69
85
19
70
24
14
6
54
15
74
18
78
79
13
72
73
5
35
16
67
75
12
11
68
77
81
86
3
71
4
76
28
1
48
45
53
34
51
80
83
42
56
8
47
55
57
46
50
87
9
21
60
62
10
40
93
90
95
66
38
41
82
44
89
25
39
49
32
92
58
0
26
27
52
29
36
59
22
17
31
43
84
69
23
30
70
91
96
65
64
88
61
63
37
20
74
78
97
14
33
79
85
19
98
7
73
15
81
2
72
24
75
18
54
77
13
6
12
67
16
11
76
5
86
94
68
71
35
80
83
3
4
99
8
82
10
28
87
9
48
84
21
1
53
90
89
56
51
45
62
34
42
66
92
78
17
57
60
85
79
55
91
88
95
50
14
81
0
47
93
7
46
70
25
40
6
69
74
23
22
38
97
41
2
44
26
58
96
39
49
75
15
83
86
32
52
27
43
59
13
36
54
29
65
37
48
31
50
51
53
3
11
30
42
47
35
45
55
56
64
12
46
98
33
77
57
4
63
40
20
61
34
94
76
16
19
38
73
8
60
41
87
44
28
80
49
5
18
58
39
52
67
82
54
43
59
62
90
32
50
51
36
48
53
24
47
10
55
72
84
37
46
56
42
45
99
57
27
35
92
40
66
25
33
89
31
29
30
26
34
38
61
60
41
65
44
88
21
63
64
49
58
91
54
39
52
28
59
68
22
43
51
53
23
9
85
50
55
47
48
56
32
93
36
45
62
46
57
1
69
37
42
71
97
67
35
95
17
40
20
27
38
34
60
33
61
81
96
41
70
78
