6.3
7.9
7.9
8.1
8.2
8.3
8.6
8.8
8.8
8.9
9.0
9.2
9.5
9.9
9.9
10.1
10.3
10.3
10.5
10.5
10.5
10.7
10.9
11.0
11.1
11.2
11.3
11.3
11.5
11.6
11.9
11.9
12.2
12.2
12.3
12.3
12.4
12.4
12.6
12.7
12.7
12.7
12.7
12.7
12.8
12.9
12.9
12.9
13.0
13.0
13.1
13.1
13.2
13.2
13.2
13.3
13.4
13.5
13.5
13.6
13.7
13.7
13.7
13.8
13.8
13.8
13.8
13.8
13.8
13.9
13.9
13.9
14.0
14.1
14.1
14.1
14.1
14.1
14.2
14.2
14.3
14.3
14.4
14.4
14.4
14.4
14.5
14.5
14.5
14.5
14.6
14.6
14.7
14.7
14.7
14.7
14.7
14.8
14.8
14.8
14.9
14.9
14.9
15.0
15.0
15.1
15.1
15.1
15.2
15.2
15.2
15.2
15.2
15.3
15.3
15.4
15.4
15.5
15.5
15.5
15.6
15.7
15.7
15.7
15.8
15.8
15.8
15.8
15.8
15.9
15.9
15.9
15.9
15.9
15.9
16.0
16.0
16.0
16.0
16.0
16.0
16.1
16.1
16.1
16.1
16.1
16.1
16.1
16.2
16.2
16.3
16.3
16.3
16.4
16.4
16.4
16.5
16.5
16.5
16.6
16.7
16.7
16.7
16.7
16.7
16.7
16.8
16.8
16.8
17.0
17.0
17.0
17.1
17.1
17.1
17.1
17.1
17.2
17.2
17.2
17.2
17.3
17.3
17.4
17.4
17.4
17.4
17.4
17.5
17.6
17.6
17.6
17.6
17.7
17.7
17.7
17.7
17.8
17.8
18.0
18.1
18.1
18.2
18.2
18.2
18.2
18.2
18.3
18.3
18.3
18.4
18.4
18.4
18.4
18.4
18.4
18.4
18.4
18.4
18.4
18.5
18.6
18.6
18.7
18.7
18.7
18.7
18.7
18.7
18.7
18.9
18.9
18.9
19.0
19.0
19.0
19.0
19.1
19.1
19.1
19.1
19.2
19.3
19.3
19.3
19.3
19.3
19.4
19.4
19.4
19.4
19.5
19.5
19.5
19.5
19.5
19.5
19.6
19.6
19.6
19.6
19.6
19.7
19.8
19.8
19.8
19.8
19.8
19.9
19.9
19.9
20.0
20.0
20.2
20.2
20.2
20.3
20.3
20.3
20.3
20.4
20.4
20.5
20.5
20.5
20.5
20.5
20.6
20.6
20.6
20.6
20.6
20.7
20.7
20.7
20.8
20.8
20.9
20.9
21.0
21.0
21.1
21.3
21.3
21.4
21.4
21.5
21.5
21.6
21.6
21.6
21.7
21.8
21.8
21.8
21.8
21.9
21.9
21.9
21.9
21.9
21.9
22.0
22.1
22.1
22.1
22.1
22.1
22.1
22.2
22.2
22.2
22.2
22.3
22.3
22.3
22.4
22.4
22.4
22.4
22.5
22.5
22.5
22.5
22.5
22.5
22.5
22.5
22.5
22.6
22.6
22.6
22.6
22.6
22.6
22.6
22.8
22.8
22.8
22.8
22.8
22.8
22.8
22.9
22.9
22.9
23.0
23.0
23.0
23.0
23.1
23.1
23.1
23.1
23.2
23.2
23.3
23.4
23.4
23.4
23.4
23.4
23.4
23.5
23.5
23.5
23.5
23.5
23.5
23.6
23.6
23.7
23.7
23.8
23.8
23.8
23.8
23.8
23.8
23.9
23.9
23.9
23.9
23.9
23.9
24.0
24.0
24.0
24.0
24.0
24.1
24.1
24.1
24.2
24.2
24.2
24.3
24.3
24.3
24.4
24.4
24.4
24.4
24.4
24.4
24.5
24.5
24.5
24.6
24.6
24.6
24.6
24.7
24.7
24.7
24.7
25.0
25.0
25.0
25.0
25.1
25.1
25.1
25.1
25.2
25.2
25.2
25.2
25.3
25.3
25.3
25.3
25.3
25.3
25.4
25.4
25.4
25.5
25.5
25.6
25.6
25.6
25.7
25.7
25.7
25.8
25.8
25.8
25.8
25.8
25.8
25.9
25.9
26.0
26.0
26.0
26.0
26.0
26.1
26.1
26.2
26.3
26.4
26.5
26.5
26.5
26.5
26.6
26.6
26.6
26.6
26.7
26.7
26.7
26.7
26.7
26.7
26.7
26.7
26.7
26.7
26.8
26.8
26.8
26.8
26.9
27.0
27.0
27.0
27.1
27.1
27.1
27.1
27.1
27.1
27.3
27.3
27.3
27.5
27.5
27.5
27.5
27.5
27.5
27.5
27.6
27.6
27.6
27.7
27.7
27.7
27.7
27.7
27.7
27.7
27.7
27.8
27.8
27.9
27.9
27.9
27.9
27.9
27.9
28.0
28.0
28.0
28.1
28.1
28.1
28.2
28.2
28.2
28.2
28.2
28.2
28.3
28.3
28.3
28.3
28.4
28.4
28.4
28.4
28.5
28.5
28.6
28.6
28.6
28.6
28.6
28.7
28.7
28.7
28.8
28.8
28.9
28.9
28.9
29.0
29.0
29.0
29.0
29.0
29.1
29.1
29.1
29.2
29.2
29.3
29.4
29.4
29.4
29.4
29.4
29.6
29.6
29.6
29.6
29.6
29.7
29.7
29.7
29.8
29.8
29.8
29.9
29.9
29.9
30.0
30.0
30.0
30.1
30.1
30.1
30.2
30.2
30.2
30.2
30.2
30.3
30.4
30.4
30.4
30.4
30.4
30.4
30.4
30.5
30.5
30.5
30.6
30.6
30.6
30.6
30.7
30.7
30.8
30.8
30.8
30.8
30.8
30.9
30.9
30.9
31.0
31.0
31.0
31.0
31.1
31.1
31.2
31.2
31.2
31.2
31.2
31.3
31.3
31.3
31.4
31.4
31.4
31.5
31.5
31.5
31.6
31.6
31.6
31.6
31.6
31.7
31.7
31.8
31.9
31.9
31.9
31.9
32.0
32.1
32.1
32.1
32.2
32.2
32.3
32.3
32.3
32.4
32.5
32.5
32.5
32.6
32.6
32.6
32.6
32.6
32.6
32.7
32.7
32.8
32.9
32.9
32.9
32.9
33.0
33.0
33.0
33.0
33.0
33.0
33.0
33.1
33.1
33.1
33.1
33.1
33.1
33.2
33.2
33.2
33.3
33.3
33.4
33.4
33.5
33.5
33.6
33.6
33.6
33.6
33.8
33.8
33.8
33.9
33.9
33.9
33.9
34.0
34.0
34.0
34.0
34.1
34.1
34.1
34.2
34.2
34.2
34.3
34.3
34.3
34.3
34.4
34.4
34.5
34.5
34.5
34.5
34.6
34.7
34.8
34.8
34.8
34.8
34.9
34.9
34.9
34.9
34.9
34.9
34.9
35.0
35.0
35.0
35.0
35.0
35.1
35.1
35.1
35.1
35.1
35.2
35.2
35.2
35.2
35.3
35.3
35.3
35.4
35.5
35.5
35.6
35.7
35.7
35.7
35.7
35.7
35.8
35.8
35.9
35.9
35.9
35.9
36.0
36.1
36.1
36.1
36.2
36.2
36.2
36.2
36.2
36.3
36.3
36.3
36.3
36.3
36.4
36.4
36.4
36.4
36.6
36.6
36.7
36.7
36.7
36.7
36.8
36.8
36.9
37.0
37.0
37.0
37.0
37.0
37.1
37.1
37.1
37.1
37.1
37.2
37.2
37.3
37.3
37.3
37.3
37.4
37.4
37.4
37.4
37.6
37.6
37.7
37.7
37.7
37.7
37.8
37.8
37.8
37.8
37.9
37.9
38.0
38.0
38.2
38.2
38.2
38.2
38.2
38.2
38.2
38.2
38.3
38.3
38.3
38.4
38.4
38.4
38.5
38.5
38.5
38.7
38.7
38.7
38.7
38.7
38.8
38.8
38.8
39.0
39.0
39.0
39.0
39.0
39.1
39.1
39.2
39.2
39.2
39.2
39.3
39.3
39.3
39.3
39.4
39.4
39.4
39.4
39.4
39.5
39.6
39.6
39.6
39.6
39.6
39.7
39.7
39.7
39.7
39.7
39.7
39.8
39.8
39.8
39.8
39.9
39.9
40.0
40.0
40.0
40.0
40.0
40.1
40.2
40.3
40.3
40.3
40.4
40.4
40.4
40.4
40.5
40.5
40.5
40.6
40.6
40.6
40.6
40.7
40.7
40.7
40.8
40.8
40.9
41.0
41.0
41.0
41.0
41.0
41.0
41.1
41.1
41.1
41.1
41.1
41.1
41.2
41.2
41.3
41.3
41.3
41.4
41.4
41.5
41.5
41.6
41.7
41.7
41.7
41.8
41.8
41.8
41.8
41.8
41.9
41.9
41.9
41.9
41.9
42.0
42.0
42.0
42.1
42.1
42.1
42.1
42.2
42.2
42.2
42.2
42.2
42.2
42.3
42.3
42.3
42.4
42.4
42.4
42.4
42.4
42.5
42.5
42.5
42.6
42.6
42.6
42.6
42.6
42.6
42.6
42.6
42.8
42.8
42.9
43.1
43.2
43.2
43.2
43.2
43.3
43.3
43.3
43.4
43.4
43.4
43.5
43.5
43.5
43.5
43.5
43.6
43.6
43.6
43.7
43.7
43.7
43.8
43.8
44.0
44.0
44.0
44.1
44.1
44.2
44.2
44.2
44.2
44.2
44.3
44.3
44.3
44.3
44.3
44.4
44.5
44.5
44.5
44.6
44.6
44.6
44.6
44.7
44.7
44.7
44.7
44.8
44.8
44.8
45.0
45.0
45.1
45.2
45.3
45.3
45.4
45.4
45.4
45.4
45.4
45.4
45.5
45.5
45.5
45.5
45.6
45.6
45.8
45.9
45.9
45.9
45.9
45.9
45.9
46.0
46.0
46.2
46.2
46.2
46.3
46.3
46.4
46.5
46.5
46.6
46.7
46.7
46.8
46.8
46.9
46.9
46.9
46.9
46.9
46.9
47.0
47.1
47.3
47.4
47.4
47.4
47.5
47.6
47.6
47.6
47.6
47.6
47.7
47.8
47.8
47.9
47.9
48.0
48.1
48.2
48.2
48.3
48.4
48.5
48.5
48.5
48.5
48.6
48.6
48.6
48.6
48.6
48.7
48.7
48.7
48.7
48.7
48.8
48.9
49.1
49.2
49.2
49.2
49.2
49.3
49.4
49.6
49.6
49.6
49.6
49.7
49.9
49.9
49.9
50.0
50.0
50.0
50.0
50.1
50.2
50.2
50.2
50.2
50.3
50.4
50.5
50.6
50.6
50.6
50.6
50.7
50.8
51.0
51.0
51.1
51.3
51.3
51.4
51.4
51.4
51.4
51.5
51.5
51.6
51.7
51.8
51.8
51.8
51.9
52.0
52.1
52.1
52.4
52.6
52.7
52.7
52.8
52.8
52.9
52.9
52.9
53.1
53.1
53.2
53.3
53.3
53.3
53.3
53.3
53.3
53.4
53.4
53.4
53.5
53.5
53.5
53.5
53.5
53.8
53.8
53.8
53.9
53.9
54.0
54.0
54.0
54.0
54.1
54.1
54.2
54.3
54.3
54.3
54.3
54.4
54.4
54.5
54.6
54.6
54.7
54.7
55.0
55.1
55.1
55.2
55.2
55.3
55.3
55.4
55.4
55.5
55.6
55.6
55.7
55.7
55.7
55.7
55.8
55.8
55.9
56.0
56.0
56.0
56.0
56.1
56.1
56.2
56.2
56.2
56.2
56.2
56.3
56.3
56.3
56.4
56.4
56.5
56.5
56.6
56.6
56.6
56.7
56.7
56.7
56.7
56.7
56.8
56.9
56.9
57.0
57.0
57.0
57.0
57.1
57.2
57.2
57.2
57.2
57.3
57.6
57.7
57.7
57.7
57.9
58.0
58.0
58.1
58.2
58.2
58.2
58.3
58.5
58.5
58.5
58.5
58.5
58.5
58.7
58.8
58.9
58.9
58.9
59.0
59.0
59.0
59.1
59.1
59.2
59.2
59.2
59.2
59.3
59.3
59.4
59.5
59.5
59.7
59.7
59.7
60.0
60.0
60.0
60.1
60.1
60.2
60.2
60.2
60.2
60.2
60.3
60.3
60.3
60.3
60.4
60.5
60.5
60.5
60.6
60.6
60.6
60.7
60.8
60.9
61.0
61.0
61.1
61.1
61.2
61.2
61.2
61.3
61.4
61.5
61.8
61.8
61.8
61.9
61.9
61.9
62.0
62.0
62.1
62.1
62.2
62.2
62.2
62.4
62.4
62.5
62.5
62.5
62.6
62.7
62.8
62.8
62.9
62.9
62.9
62.9
63.1
63.1
63.2
63.2
63.2
63.2
63.3
63.3
63.3
63.3
63.3
63.4
63.5
63.5
63.7
63.8
64.0
64.1
64.2
64.3
64.3
64.4
64.4
64.5
64.5
64.5
64.5
64.6
64.6
64.6
64.6
64.7
64.7
64.7
64.8
64.9
64.9
65.2
65.3
65.5
65.5
65.6
65.6
65.7
65.8
66.0
66.0
66.2
66.4
66.5
66.5
66.6
66.6
66.7
66.8
66.9
66.9
66.9
67.0
67.0
67.0
67.0
67.1
67.2
67.3
67.4
67.6
67.6
67.6
67.8
67.8
67.9
68.0
68.1
68.1
68.1
68.2
68.2
68.2
68.3
68.3
68.4
68.4
68.5
68.5
68.5
68.7
69.0
69.1
69.1
69.3
69.4
69.5
69.7
69.8
69.9
69.9
69.9
70.0
70.1
70.2
70.3
70.3
70.3
70.5
70.6
70.6
70.6
70.7
70.7
70.7
70.8
70.9
70.9
70.9
71.0
71.0
71.1
71.1
71.2
71.4
71.5
71.6
71.7
71.7
71.8
71.8
72.0
72.0
72.1
72.1
72.1
72.2
72.3
72.5
72.6
72.6
72.6
72.6
72.7
72.8
72.9
72.9
73.0
73.1
73.2
73.3
73.8
73.9
74.0
74.3
74.3
74.3
74.3
74.3
74.4
74.5
74.6
74.6
74.7
74.7
74.7
74.7
74.8
74.9
75.1
75.3
75.3
75.4
75.4
75.4
75.6
75.6
75.6
75.7
75.7
75.7
75.8
75.8
75.9
75.9
75.9
76.1
76.3
76.3
76.6
76.8
76.8
76.9
76.9
77.0
77.0
77.2
77.4
77.6
77.6
77.7
77.8
78.1
78.2
78.2
78.3
78.3
78.4
78.7
78.8
78.9
79.0
79.0
79.1
79.2
79.2
79.3
79.3
79.4
79.5
79.7
79.7
79.9
80.0
80.1
80.2
80.6
81.0
81.1
81.1
81.2
81.3
81.4
81.5
81.7
81.8
81.9
81.9
82.1
82.2
82.4
82.4
82.4
82.5
82.8
82.9
83.2
83.4
83.4
83.4
83.5
83.6
83.6
83.8
83.9
84.1
84.2
84.3
84.4
84.4
84.6
84.7
85.0
85.0
85.1
85.1
85.1
85.3
85.4
85.4
85.5
86.0
86.2
86.3
86.5
86.7
87.0
87.1
87.1
87.1
87.1
87.2
87.3
87.4
87.4
87.6
87.7
87.8
87.8
87.9
87.9
88.1
88.1
88.2
88.2
88.4
88.5
88.6
88.7
88.7
88.9
89.2
89.3
89.6
90.0
90.1
90.5
90.6
90.6
90.8
90.8
90.9
91.0
91.0
91.1
91.4
91.4
91.4
91.5
91.8
92.0
92.2
93.0
93.0
93.0
93.1
93.1
93.1
93.1
93.2
93.4
93.8
94.2
94.5
94.6
94.7
94.7
95.1
95.1
95.2
95.5
95.5
95.8
95.9
95.9
95.9
95.9
96.0
96.4
96.5
96.6
96.7
97.0
97.1
97.3
97.7
98.0
98.0
98.2
98.2
98.3
98.5
98.5
98.5
98.8
98.9
99.0
99.3
100.1
100.4
100.4
100.5
100.6
100.9
100.9
101.4
101.4
101.4
101.6
101.7
101.7
101.7
101.8
101.9
101.9
102.1
102.1
102.1
102.2
102.3
102.7
102.8
102.8
102.8
102.9
102.9
102.9
103.5
103.6
103.8
104.4
104.6
104.6
104.7
104.7
104.9
105.0
105.1
105.2
105.6
105.7
105.7
105.7
105.8
105.9
106.1
106.1
106.3
106.4
106.4
106.4
106.4
106.5
106.6
106.8
106.9
107.0
107.7
107.8
107.8
107.9
107.9
107.9
108.0
108.1
108.2
108.5
108.5
109.3
109.3
109.3
109.3
109.5
109.6
109.6
109.8
110.0
110.5
110.5
110.8
110.8
111.2
111.3
111.4
111.4
111.4
112.1
112.1
112.2
112.2
112.3
112.4
112.6
112.7
112.9
113.0
113.1
113.2
113.2
113.4
113.5
113.7
113.8
113.9
113.9
114.0
114.3
114.7
114.8
115.0
115.0
115.1
115.1
115.3
115.6
115.7
115.8
115.8
115.8
115.9
116.0
116.0
116.1
116.2
116.8
116.8
117.1
117.2
117.2
117.7
118.5
118.5
118.5
118.6
119.2
119.4
119.7
120.4
120.4
120.8
121.0
121.3
121.4
121.5
121.5
121.6
121.9
121.9
122.0
122.0
122.2
122.3
122.3
122.6
122.7
122.7
122.7
122.8
122.8
123.0
123.3
123.4
123.8
124.3
124.3
124.7
124.9
125.2
125.3
125.7
126.0
126.6
127.2
127.2
127.7
127.8
128.2
128.3
128.9
129.0
129.0
129.1
129.3
129.4
129.7
129.7
129.8
129.8
130.5
130.7
131.3
131.8
131.9
132.0
132.2
132.4
132.4
132.5
132.5
132.6
132.6
133.0
133.3
133.5
133.5
133.7
134.2
134.5
134.5
134.5
134.6
135.0
135.2
135.4
135.5
135.5
136.2
136.4
136.5
136.7
136.7
136.9
137.0
137.2
137.3
137.4
138.0
138.0
138.5
138.9
139.1
139.3
139.5
139.7
139.7
139.9
140.1
140.3
140.4
140.5
140.7
140.7
141.0
141.4
141.5
142.0
142.0
142.2
142.5
142.6
142.8
143.1
143.2
143.8
143.8
144.1
144.3
144.8
145.5
145.5
145.8
146.4
146.6
146.7
146.8
147.2
147.4
147.5
147.6
147.7
147.7
148.0
148.2
148.2
148.5
148.9
149.1
149.2
149.4
150.4
151.0
151.1
151.5
151.6
152.2
152.7
152.8
152.9
152.9
154.0
154.0
154.0
154.4
155.1
155.3
155.7
155.7
155.9
155.9
156.0
156.4
157.5
157.8
158.2
158.7
158.7
158.8
159.2
159.3
159.3
159.9
159.9
160.0
160.2
160.2
160.2
160.4
160.4
160.4
160.6
160.6
161.2
161.4
161.6
162.0
162.4
163.4
163.7
163.8
164.3
164.5
164.5
165.3
165.3
165.3
165.4
165.5
166.2
166.5
166.6
166.6
166.7
166.9
167.0
167.1
167.2
167.7
167.8
167.8
167.8
167.9
167.9
168.6
168.9
168.9
169.0
169.3
169.4
169.5
169.7
170.5
171.2
171.3
171.3
171.5
172.1
174.2
174.4
174.7
175.5
175.5
175.6
175.9
176.1
176.2
176.3
176.7
177.0
177.1
177.2
177.5
177.6
177.6
177.7
177.8
178.0
178.1
178.4
178.4
178.8
178.8
179.0
179.2
180.0
180.3
180.5
180.6
180.6
180.7
180.9
181.1
181.3
181.4
181.6
181.9
182.1
182.1
182.1
182.8
183.9
183.9
184.0
184.3
184.3
184.3
184.3
184.9
185.6
185.6
185.7
186.9
187.8
187.9
188.0
188.2
188.7
188.7
188.8
188.8
188.9
189.1
189.3
190.0
190.2
190.2
190.5
190.6
190.7
191.5
191.7
192.3
192.7
193.2
193.4
193.7
193.7
193.9
194.2
195.0
195.2
195.2
195.3
195.8
195.8
196.4
196.9
197.2
197.8
197.8
198.0
198.3
198.4
198.9
199.0
199.6
199.8
200.1
200.5
200.6
201.0
201.2
201.6
202.4
204.1
204.2
204.4
205.1
205.5
206.1
207.5
207.7
207.9
208.0
208.7
208.7
208.9
209.2
209.4
209.7
210.0
210.2
210.3
210.7
211.9
213.7
213.9
214.0
214.7
214.8
215.3
215.4
215.6
215.8
216.0
216.3
216.4
216.6
217.0
218.3
218.5
218.9
219.0
219.0
219.6
219.6
219.7
220.5
220.7
221.1
221.7
221.8
222.8
223.3
223.5
223.7
224.3
224.7
224.8
225.5
225.5
225.7
226.0
226.0
226.1
226.3
226.3
227.6
227.7
228.7
229.2
229.2
229.3
230.5
231.7
231.8
232.1
232.1
232.6
232.7
232.9
233.0
233.2
234.1
234.8
236.2
236.5
236.7
236.8
237.5
237.8
238.4
239.3
239.3
239.7
239.9
240.0
240.2
240.4
240.7
240.8
241.2
242.2
242.7
242.7
242.8
243.4
243.5
243.8
244.0
245.3
245.4
246.0
246.3
246.4
247.2
248.0
248.7
248.8
249.1
249.4
250.3
250.6
251.5
251.7
252.0
252.1
252.4
252.8
252.9
253.6
254.4
254.5
254.6
256.1
256.4
256.5
256.5
256.5
257.2
257.6
257.8
258.3
259.2
259.5
259.9
260.2
260.2
260.8
261.2
261.5
261.7
262.3
262.7
263.2
264.8
265.2
265.5
266.0
266.4
267.2
267.6
267.8
268.6
269.0
269.2
269.7
270.2
270.5
271.7
271.9
272.4
272.4
272.4
272.7
273.0
273.4
273.5
273.7
273.9
274.5
274.5
274.8
276.1
277.5
277.6
278.4
278.5
278.5
278.8
280.2
280.3
280.6
281.4
281.6
282.1
282.3
283.9
284.3
284.4
284.7
284.7
285.1
285.3
285.7
286.0
287.0
287.6
288.0
288.1
288.3
288.4
288.6
289.7
289.8
290.6
290.6
291.1
291.1
292.4
293.2
293.3
293.3
294.2
295.0
295.1
295.1
295.5
295.6
296.6
298.1
298.2
299.2
299.4
301.1
301.2
301.4
301.9
302.4
302.8
303.6
305.0
305.6
306.7
308.1
308.6
308.7
308.9
309.4
309.8
311.0
311.4
312.3
312.4
312.6
313.1
313.6
313.6
315.1
315.4
315.4
315.6
316.0
316.3
317.2
317.3
318.4
318.8
319.5
319.6
321.5
322.2
323.3
323.6
323.9
323.9
324.0
324.3
324.6
324.8
325.1
325.3
325.5
326.4
327.8
328.3
328.8
329.1
329.5
329.7
330.2
330.4
331.4
331.5
331.6
331.7
332.3
332.4
332.4
332.5
332.8
332.9
333.4
333.6
334.1
334.7
336.9
337.2
337.9
338.6
338.7
338.8
338.9
339.1
339.9
340.7
341.0
341.5
342.0
342.6
342.7
342.7
343.0
343.0
343.3
343.4
343.5
344.0
344.2
345.3
345.5
345.6
345.8
346.0
346.2
347.1
347.2
347.5
347.7
348.2
349.0
350.8
350.9
350.9
351.0
351.1
351.4
351.9
352.0
352.4
352.7
353.5
353.8
354.4
354.5
354.5
354.9
355.4
355.5
355.9
357.4
357.5
357.7
357.9
357.9
358.4
360.1
360.2
361.1
361.2
361.5
361.9
362.0
362.7
363.1
363.7
363.8
364.4
364.5
364.5
365.1
365.6
365.8
365.8
366.3
366.6
367.2
367.3
367.4
367.8
368.0
368.5
368.6
369.1
370.1
370.5
370.6
370.9
371.0
371.4
371.5
371.8
371.8
372.0
372.4
373.1
373.6
374.0
374.5
375.0
376.0
376.3
376.8
377.0
377.1
378.5
378.5
381.2
381.9
382.3
382.4
382.5
382.6
383.2
383.5
383.6
384.0
384.1
384.1
384.6
384.8
385.0
385.2
385.8
385.9
386.0
386.9
387.7
387.8
388.1
388.4
388.6
388.9
389.2
389.5
390.2
390.4
390.5
390.8
391.2
391.3
391.4
392.0
392.7
393.2
393.3
393.7
394.3
394.4
394.7
395.1
395.2
395.3
396.7
396.7
396.9
397.2
397.3
397.3
397.7
397.8
398.3
398.9
399.0
399.1
399.4
399.7
399.7
400.0
400.3
400.3
400.8
401.0
401.2
401.5
401.9
402.2
402.6
402.8
402.9
403.6
404.3
405.7
405.8
408.1
408.1
408.3
408.4
408.7
408.8
409.0
409.1
409.4
409.5
409.5
409.6
410.0
411.1
411.7
411.8
412.0
412.3
412.5
413.2
413.7
414.9
415.7
416.3
416.7
417.0
417.3
417.4
417.7
419.1
419.7
420.4
420.8
420.9
421.1
421.7
421.8
422.1
422.2
424.7
425.0
425.6
425.6
425.6
425.8
425.9
427.0
427.1
428.8
429.0
429.1
429.9
430.0
430.6
430.6
430.7
431.1
431.1
431.5
431.7
431.9
431.9
433.8
433.8
434.1
434.5
435.1
435.7
435.8
435.9
435.9
436.1
436.4
437.0
437.2
437.2
437.9
438.2
438.2
439.1
439.5
439.8
440.3
440.9
441.0
441.1
441.5
441.9
441.9
443.2
443.5
443.5
443.5
443.9
444.3
444.8
445.1
445.4
445.6
446.1
446.4
446.9
447.6
447.9
448.5
448.6
449.1
450.6
452.2
452.3
453.4
453.6
453.7
453.9
454.0
454.1
454.3
454.8
454.9
455.9
455.9
456.5
456.7
456.8
457.1
457.4
457.4
457.5
458.5
458.9
459.8
459.8
460.0
460.5
460.7
460.8
461.0
461.4
461.4
461.7
461.7
461.8
462.3
462.3
462.5
462.6
462.9
463.3
463.3
463.8
464.1
464.2
465.9
467.3
467.4
467.7
467.8
467.9
468.4
469.5
469.5
470.4
470.6
471.1
471.6
472.0
472.2
473.3
473.6
473.7
473.8
474.3
474.7
474.8
474.8
474.8
475.0
475.0
475.8
475.8
476.7
476.8
477.5
477.5
477.6
478.1
479.0
479.6
479.7
480.1
480.2
480.6
480.6
481.1
481.5
481.8
482.0
482.7
482.9
483.1
483.8
484.0
484.1
484.8
485.2
486.3
486.8
487.0
487.1
487.7
488.7
489.6
490.4
490.5
490.6
491.0
492.0
492.1
492.2
492.4
492.6
492.9
493.2
493.3
493.9
494.1
494.2
494.3
494.4
494.9
495.6
496.5
497.2
499.8
500.0
500.6
501.4
501.9
502.0
502.2
502.3
502.4
502.5
503.0
503.8
505.0
505.3
505.7
506.0
506.1
507.8
507.9
508.2
508.4
510.5
510.7
511.5
512.4
512.4
512.6
512.8
513.4
513.6
514.2
514.5
514.8
515.1
515.5
515.9
516.1
516.1
516.4
517.1
517.2
517.5
517.6
517.9
518.1
518.2
518.7
519.4
519.9
520.1
520.2
521.1
521.3
521.4
522.0
522.3
522.4
522.5
522.9
523.1
523.2
523.3
523.7
525.0
525.5
525.6
525.7
526.3
526.4
526.7
526.8
527.8
527.9
528.0
528.2
528.6
528.6
528.7
529.0
529.4
529.6
529.9
530.0
530.9
531.2
531.5
532.2
532.3
532.9
533.7
533.8
533.9
534.2
534.3
534.7
535.3
535.9
536.2
536.2
536.2
537.1
537.7
539.9
540.5
540.8
540.9
541.0
541.1
541.2
541.6
541.9
542.2
542.2
542.3
542.6
542.8
542.8
543.0
543.2
543.4
543.5
544.4
544.7
545.2
545.3
545.5
545.6
545.7
546.0
546.1
546.6
546.9
547.3
547.7
547.7
547.7
549.1
549.3
549.4
549.9
551.5
551.7
551.7
552.0
552.4
553.0
553.8
555.2
555.4
555.7
555.8
557.2
557.9
557.9
558.1
558.7
559.2
559.2
559.3
559.3
559.4
559.9
560.1
560.4
560.6
560.7
561.0
561.6
563.1
563.4
563.6
565.0
565.5
565.7
565.9
566.6
567.5
568.0
568.8
568.9
569.0
569.5
569.9
570.0
570.4
570.8
571.0
571.4
571.6
571.8
572.2
574.0
574.3
574.3
574.5
575.1
575.7
575.7
576.6
576.8
576.9
577.1
577.2
577.5
577.7
577.8
578.0
578.6
578.8
578.9
579.6
579.9
580.2
580.7
580.9
581.4
582.4
582.6
582.9
583.0
583.7
583.8
584.1
584.1
584.5
584.5
584.8
584.9
586.1
586.8
587.7
588.0
588.7
588.9
589.5
589.6
590.5
590.6
590.7
591.0
591.2
591.5
591.6
592.2
593.7
593.8
593.9
594.0
594.2
594.3
594.6
594.6
595.1
595.7
597.0
597.1
597.4
597.7
597.8
597.9
599.2
599.4
599.9
600.0
600.1
600.3
600.5
600.6
601.3
602.1
602.9
603.0
604.0
604.3
604.5
604.6
605.0
605.2
605.7
605.7
605.8
607.9
608.0
608.0
608.4
609.0
609.2
609.7
610.3
610.6
611.2
612.2
612.4
612.6
612.7
612.9
613.3
614.1
614.3
614.7
614.9
615.1
615.9
615.9
616.5
616.7
617.5
617.6
618.4
619.0
620.2
620.3
620.4
621.8
622.0
622.1
622.6
623.9
624.0
624.6
625.2
625.6
625.8
626.3
626.4
626.7
627.2
627.5
627.9
627.9
628.0
628.0
628.3
628.5
628.5
628.6
629.7
630.0
630.2
630.9
631.0
631.2
631.4
631.4
631.5
631.8
632.1
632.2
632.5
632.8
632.8
633.7
633.9
634.5
634.5
634.7
635.5
635.8
635.9
635.9
636.2
636.8
637.4
637.7
638.7
639.7
639.8
639.9
640.3
641.3
641.4
642.1
642.3
642.4
642.6
642.7
642.8
642.9
642.9
643.0
643.3
643.4
643.6
643.8
643.8
643.8
644.0
644.9
644.9
645.1
645.1
645.1
646.2
646.7
647.5
648.2
648.4
649.5
650.1
650.5
650.7
650.8
650.8
650.9
651.0
651.4
651.6
651.7
651.8
651.9
652.3
652.7
652.7
653.3
654.0
654.1
654.5
654.5
655.0
655.5
655.9
656.2
656.2
658.0
658.1
658.2
659.0
659.3
659.5
659.5
659.6
660.3
660.3
661.3
662.0
662.8
663.5
663.6
663.9
664.2
664.2
664.5
665.2
665.6
665.6
666.0
666.4
666.6
666.6
666.7
667.3
667.9
667.9
668.4
668.9
670.0
670.4
670.4
671.8
671.8
672.6
672.8
673.3
673.5
673.6
674.1
674.4
675.1
675.3
675.5
675.5
676.6
676.8
676.9
677.0
677.1
677.4
677.5
677.9
678.3
678.4
678.4
678.7
678.7
678.9
679.1
679.2
679.8
680.0
680.1
680.2
680.4
682.0
682.6
682.7
682.9
682.9
683.1
683.4
683.6
683.9
684.2
684.5
684.6
685.0
685.0
685.6
686.8
686.8
686.9
687.1
688.3
688.4
689.2
690.0
691.0
691.9
692.0
692.2
692.9
693.2
693.4
694.0
694.4
695.0
695.3
695.4
695.8
695.8
696.0
696.0
696.2
697.0
697.1
697.3
697.3
697.6
697.8
697.9
698.4
698.5
698.5
699.0
699.1
699.3
700.1
700.3
700.6
702.4
703.0
703.8
704.7
705.1
705.6
705.8
706.1
706.3
706.3
706.6
706.8
707.0
707.0
708.9
709.6
709.8
709.8
710.0
710.5
711.0
711.0
711.4
711.6
711.7
712.1
712.2
712.2
712.6
713.3
713.9
714.5
714.6
714.9
715.1
716.7
716.7
717.3
717.5
717.5
717.9
719.1
719.7
719.9
720.1
720.4
720.5
720.5
720.5
720.6
720.7
721.1
721.5
722.0
722.3
722.4
723.2
723.7
724.1
724.4
724.9
724.9
724.9
725.0
725.9
726.6
726.7
728.0
728.2
728.3
728.6
729.2
729.4
729.7
730.0
730.1
730.2
731.0
731.9
731.9
732.1
732.4
732.4
732.6
732.7
732.9
732.9
733.5
733.7
734.2
735.3
735.4
735.8
736.4
736.8
736.8
737.2
737.4
737.6
737.8
738.1
738.1
738.6
738.6
739.4
740.0
740.1
740.2
740.3
740.3
741.2
741.9
741.9
742.2
742.8
743.8
744.0
745.4
745.8
745.8
745.8
745.9
746.2
747.3
748.8
749.6
751.1
751.3
752.2
752.5
752.5
752.6
753.3
753.4
753.4
753.8
754.3
754.6
754.8
755.0
755.4
755.9
756.3
758.0
758.2
758.3
758.4
758.6
759.4
759.6
760.5
760.8
762.5
762.8
763.1
763.1
763.2
763.2
763.3
763.9
764.2
764.5
765.5
765.8
766.3
766.6
766.9
767.9
768.7
769.5
769.5
769.6
769.7
770.0
770.0
770.0
770.3
770.6
771.7
771.7
772.0
772.6
773.2
773.7
773.8
774.4
775.4
775.8
776.0
776.6
777.8
777.8
778.2
778.3
778.4
778.8
780.2
780.9
781.4
781.6
781.6
781.8
782.0
782.2
782.3
783.1
783.9
783.9
784.2
785.4
785.4
785.6
786.3
786.8
787.5
787.6
788.3
788.7
789.1
789.3
789.9
790.0
790.0
790.2
790.4
790.6
791.1
791.7
791.9
792.1
792.4
792.4
792.5
792.7
793.3
793.5
793.6
794.0
794.4
794.7
794.9
795.1
796.0
796.4
796.4
796.7
796.8
796.9
797.6
797.7
798.0
798.7
799.0
799.3
799.3
799.4
799.6
801.0
801.2
801.3
802.0
802.0
802.2
802.4
803.7
803.8
804.8
804.9
805.0
806.1
806.7
807.6
808.4
808.6
808.8
808.9
809.2
809.5
809.5
809.6
809.8
810.7
811.3
811.6
812.1
813.1
813.4
813.9
814.0
814.2
814.2
814.4
814.5
814.6
814.8
815.2
815.2
815.2
815.6
816.1
816.2
816.4
817.0
817.4
817.9
818.6
819.0
820.5
820.5
820.8
821.0
821.9
822.0
822.1
822.1
822.5
823.0
823.9
824.3
824.6
825.2
825.9
825.9
826.8
827.5
827.6
827.7
827.7
827.9
828.2
828.3
828.7
828.9
829.0
829.2
829.2
829.4
829.4
829.6
829.9
830.0
830.8
831.1
831.3
831.6
832.1
832.4
832.5
832.8
833.0
834.0
834.0
834.2
835.0
835.4
835.5
836.0
836.1
836.4
836.5
836.6
837.0
837.7
838.5
838.8
840.2
840.4
840.8
841.4
841.7
841.7
841.9
842.8
842.8
843.1
843.4
843.8
844.0
844.1
844.4
846.0
846.1
846.2
846.3
846.5
846.6
849.4
850.0
850.1
850.4
851.0
852.2
852.6
853.4
853.6
854.3
854.4
854.5
854.7
854.8
855.0
855.6
856.3
856.6
857.2
858.5
858.6
859.4
859.5
859.5
859.6
860.1
860.7
860.8
860.9
861.3
861.3
861.5
861.5
861.7
861.7
861.9
862.1
862.7
862.9
862.9
863.4
863.4
863.4
864.4
864.7
865.0
865.6
865.7
866.4
867.4
868.2
868.2
868.3
868.6
868.7
869.6
869.8
870.1
870.1
870.8
871.1
871.1
871.4
871.5
872.2
872.4
873.0
874.4
874.4
874.5
874.6
875.0
875.3
876.0
876.4
876.9
877.3
877.5
877.6
877.9
878.2
878.8
879.4
879.5
879.5
879.7
879.7
880.1
880.6
881.3
882.9
883.1
883.6
883.8
883.9
885.0
885.2
885.2
885.2
885.5
885.7
885.9
886.2
886.7
887.9
888.0
889.1
889.2
889.4
890.0
890.0
890.7
891.6
891.6
892.0
892.6
892.6
892.9
892.9
893.2
893.2
893.4
893.6
894.5
894.5
894.7
894.9
895.2
895.4
895.7
895.7
895.8
896.6
897.2
897.4
897.8
898.9
900.2
900.4
900.5
900.6
900.9
901.0
901.8
901.9
902.2
902.2
903.0
903.0
903.7
903.8
904.4
904.6
904.9
904.9
905.1
905.2
905.6
905.7
905.9
906.0
906.3
906.9
907.3
907.4
908.0
908.2
908.4
908.6
908.7
909.0
910.3
911.2
911.9
912.1
912.6
912.9
913.1
913.3
914.1
914.7
915.5
915.8
916.1
916.2
916.5
917.0
917.3
917.8
918.4
918.9
919.0
919.5
919.6
919.7
919.7
920.1
920.8
920.8
921.1
921.5
922.4
922.5
923.4
923.5
924.5
924.6
925.5
925.6
926.8
927.3
928.0
928.1
928.2
928.9
929.1
929.2
929.4
929.5
930.5
931.2
931.2
931.4
931.6
931.8
932.0
932.1
932.2
932.7
932.8
933.6
933.7
934.0
935.2
935.3
935.8
935.8
935.9
936.6
936.9
937.0
937.2
937.2
937.5
937.5
937.7
937.7
937.9
939.2
939.3
940.8
940.8
940.9
941.1
942.2
942.3
944.5
944.8
945.2
945.6
946.2
946.5
946.9
947.5
947.6
947.8
948.3
948.4
948.6
948.7
948.8
949.1
949.2
949.4
949.7
950.3
950.3
951.7
951.9
952.2
952.2
952.8
953.2
953.2
953.9
953.9
954.0
954.3
954.4
954.9
955.0
955.7
955.9
956.5
956.8
956.9
957.7
958.0
958.1
958.3
959.3
959.8
960.5
961.0
961.2
961.4
961.9
962.3
962.5
964.6
964.7
964.8
965.0
965.1
965.8
965.9
966.1
966.7
967.1
967.2
967.6
967.6
967.8
968.8
969.6
971.0
971.1
971.2
971.2
971.5
971.5
971.7
971.8
972.0
972.1
972.1
972.4
972.4
972.7
974.0
974.3
974.3
974.8
975.1
975.2
975.6
976.1
976.2
976.7
977.0
977.0
977.0
977.1
977.3
977.3
978.0
979.0
979.2
979.3
980.0
980.6
980.7
981.7
982.4
982.8
983.2
983.3
983.5
983.7
984.2
984.6
984.6
984.7
984.9
985.1
985.1
985.4
985.5
985.9
986.5
986.6
986.9
988.0
988.0
988.9
989.1
989.6
990.2
990.3
990.5
990.6
991.0
991.7
992.7
992.8
993.3
994.2
994.7
994.9
995.2
995.3
995.7
995.7
995.8
995.9
995.9
996.3
996.6
997.2
997.5
997.6
998.3
998.3
998.5
998.5
999.0
999.0
999.2
