5507
1111
5351
9788
3766
3349
23
6191
6542
1862
3004
8209
5020
299
794
613
37
5985
6047
8450
8969
8731
8914
8207
4094
835
4173
7700
8925
6574
5378
5927
518
9261
5572
6665
227
2318
3288
3249
4826
7020
7952
8841
4815
7651
9434
9502
4979
5120
4582
6969
2061
5426
8100
5933
6526
60
3602
8683
1484
6143
9313
1529
2128
4632
5239
7970
8778
233
2034
6764
8642
3659
5575
7895
8899
9358
721
6589
1466
8849
832
1570
5879
6359
2586
3536
4903
9606
4737
6029
813
821
3600
5041
6339
433
3408
9315
1182
5595
9444
3017
6173
378
1639
8465
598
3631
6232
7040
7129
218
5676
501
7482
343
2218
5352
3286
5779
7742
9009
429
4114
6141
9068
9949
384
424
1271
3325
4106
7365
4548
5484
6676
6869
7291
9060
550
2907
4615
5220
8391
9325
9526
6147
9565
2424
3684
4104
1926
3271
5250
1592
5478
8733
865
3045
4239
4616
5828
7722
8762
4449
5325
6403
5203
6532
8820
290
3434
3967
4409
9424
0
487
6605
8055
2956
3385
1071
1159
4995
7556
8515
2105
2451
4400
8304
8561
1838
2673
7193
8984
4912
9093
4417
3109
7703
342
2151
2433
3747
5627
1504
2182
5804
1468
3530
4817
4828
6680
6782
7734
7737
8189
8864
277
2827
9726
35
3059
3380
5297
6094
7884
8691
334
5867
5976
111
1413
4097
4650
5058
5569
6790
7305
1781
5207
6464
7372
8690
9930
976
1928
4610
9414
5939
6150
6888
8070
8243
8368
785
834
7132
7940
8922
4851
2698
3936
4035
5249
6131
1870
5960
7304
4060
4215
3638
4554
9523
475
2797
8413
9555
989
6447
941
1402
5383
5682
6787
288
753
1129
3187
6198
2569
4065
7136
2297
6368
1214
8576
2823
4165
8030
2307
6876
8325
9906
3605
7922
2718
7228
9394
9388
1388
2942
4842
6616
315
4027
6454
6601
7999
8099
7708
814
4571
4902
5652
6753
8622
2286
4757
6484
9296
3413
6922
6935
1945
3467
5525
5629
58
193
379
1337
5186
6823
6834
8716
9029
2376
3360
4426
5425
8084
8250
9597
243
586
1647
4590
5154
6810
7725
110
2041
3178
1706
2990
4009
5709
30
1371
1533
5735
5947
6221
8319
2486
6343
6600
7181
7614
9162
81
2695
2721
3215
3949
6146
2747
4483
4348
7381
716
1241
1614
2153
3363
5699
1783
3021
4898
4899
6924
7685
524
1018
2881
8103
8108
1724
2437
4936
1305
3119
9772
257
1434
9531
536
1791
4271
5328
8838
8850
3472
8344
9215
4503
6004
7816
9007
1323
7175
7461
9032
1354
2439
5099
9491
3932
3972
5113
9480
919
1109
3411
8399
2796
3052
3389
6058
9019
9260
2463
2646
6582
6736
7309
6448
8943
9528
2194
6431
6966
2462
4993
6399
8822
9142
9336
2652
4083
2722
3702
4077
4806
8763
1966
6958
2379
4530
1080
1326
6022
6125
9122
934
5842
6225
7860
1291
1350
1768
1881
2643
5733
5849
7156
7223
9409
2188
3751
3933
5534
2410
259
2082
9763
2962
5587
5848
7013
7382
8774
1903
2660
3112
1401
1555
3226
3806
3809
5335
6945
3277
5893
9515
1605
2494
2536
2765
4136
5401
6751
9123
4698
6847
1638
1963
3658
7189
8353
9411
370
465
6238
5732
9230
9485
2068
2357
5637
7323
8051
8667
139
3669
5492
9642
2337
3067
3648
9271
3323
8110
931
1154
7027
9038
9101
2278
5134
7307
3817
4999
2966
8960
9871
1171
4016
5767
5834
6487
4205
5364
8315
1265
4141
328
3533
4427
5924
7457
7825
380
1429
2637
5242
8424
5244
5563
6893
1344
2746
5589
902
6383
7271
796
1658
1980
642
4178
9793
258
864
2444
3151
3190
4748
3039
6364
6446
7039
7838
8565
8834
2566
3613
3778
478
886
1082
2245
7683
7930
1645
3222
4594
5331
9483
1315
8981
9156
337
2336
4079
5112
3886
8852
984
3821
8294
9761
9824
1093
2825
5852
3183
6040
9637
2565
5158
7090
1207
1340
1722
1883
2369
2095
9923
8910
126
1801
3712
7633
8739
7682
9314
9886
1480
9064
6476
7720
8783
7233
801
5604
6894
1234
1277
2009
3581
7075
8145
59
8651
646
2792
8807
9435
9589
1060
1178
2249
3149
6933
7455
7580
397
3180
6199
7808
8538
8888
1216
3895
4792
3205
4664
3024
3586
1157
1681
2553
2741
5209
6583
683
690
5480
5081
5936
9437
9661
2528
5488
7721
9828
5312
6804
8011
2020
2835
5354
3688
4255
6855
7112
3341
8997
4308
6714
7458
7973
8685
3034
278
3816
8501
8998
1918
4336
5338
5675
6967
7879
9429
3136
3556
3846
4129
4367
2944
3090
7622
7953
8824
6200
6618
7131
9415
1776
2476
9104
195
1953
4145
5496
722
5510
8162
8654
8677
2543
9486
1755
4034
4244
6046
4084
4486
9645
9898
2959
4343
6436
8303
8416
510
2950
8586
8710
9140
1703
1933
4132
7005
6102
8014
495
1984
2063
3998
2768
3246
6950
165
5916
5919
7202
9522
3980
5206
7493
7581
9100
3708
7499
3038
3575
3851
5165
1773
6409
8674
8812
6559
8120
4653
6516
7122
8897
71
526
4763
8371
4353
7730
7378
9680
467
4029
5821
5949
6731
7776
9413
9869
1698
3392
6794
1846
3242
9910
1936
7417
8439
6229
8049
8640
8851
9157
123
5124
6910
5014
5717
7158
8579
9796
486
3233
1282
2092
5321
7352
317
2576
4689
6720
2352
3170
4366
6621
9439
9743
554
873
7155
7496
8832
127
341
1110
3622
4445
7047
55
1808
3890
8093
1907
5591
3366
5258
7019
7573
8376
4776
6003
3088
8122
9331
3311
6425
7229
7983
7747
8500
8725
2133
4171
4578
5566
298
751
4720
1213
6210
3465
2624
2889
3070
3963
5487
9365
252
1616
2728
3073
3364
9839
2270
5548
2274
6475
8038
4340
9005
1105
7713
2104
1382
8694
8829
177
4202
4248
4651
8062
2
2042
3074
5241
5552
463
5984
7463
1262
2562
5096
6926
171
471
5381
6239
7437
9196
1141
3626
6861
652
6585
8226
9121
9247
3355
6664
8618
2069
4482
5635
7558
7916
8498
8930
8996
2399
6898
8363
4941
1387
2587
3793
6390
5476
5556
8729
1235
1609
9506
617
3760
5409
8467
9934
1908
4246
4910
469
470
6512
2093
9044
1231
4585
8347
6473
8817
1061
1220
1288
4682
5472
2167
4043
4476
4915
7955
6111
957
5082
6005
164
391
1847
9611
991
1498
4221
7694
2475
2929
4656
7666
9865
6489
7082
1689
4455
1311
3608
5446
6186
7270
7572
6132
6329
6722
7294
5870
9847
167
33
101
2261
5788
8478
8484
507
2895
1200
4264
7468
3865
4460
5686
1048
8637
159
2499
3610
2208
9468
543
975
2847
4431
8989
9622
3401
7351
6009
2112
4957
4990
228
1543
1815
2685
3063
7374
1166
2211
6623
2852
5152
9583
9079
4020
9687
4717
1419
130
237
6350
6592
994
5166
5559
8503
9289
582
2079
3042
8594
9442
396
8597
9341
3155
5161
7546
7585
4099
5538
1126
4305
7681
8649
2055
5450
7691
8191
93
537
2231
8367
4701
953
1007
4820
8860
8929
9518
1762
2049
5537
7412
8493
2024
7434
1690
4037
1059
6841
8351
2748
4819
5038
8345
6428
7370
7054
929
3002
3877
9866
7620
186
4645
7450
2172
2204
2876
3840
6316
9279
810
1775
3020
6695
7488
7487
411
3189
5068
7553
8853
9904
3991
4256
4322
447
3483
4867
8952
9224
4972
5980
6104
2373
5427
5959
8004
8986
9451
3138
8713
2623
1035
2877
4361
6853
4304
5482
9814
437
1850
3150
7474
1428
5344
6613
5065
6781
2338
8672
4262
9624
5651
2303
3553
696
2446
4232
4866
2401
4388
3192
497
5741
5841
9401
675
6051
2842
2861
7426
7898
9265
644
685
2975
1804
9387
2122
9461
4721
5448
9980
2922
3591
5847
6700
9460
4175
4330
8779
1720
5889
6609
8578
5305
2763
7251
7443
8990
2582
412
1217
2381
9410
4143
5240
9760
8298
3075
8258
9677
9212
1702
4831
5393
7220
8323
9158
5464
4448
398
5077
9862
1750
4380
9685
2696
6142
623
4379
4592
6851
7538
8689
5054
6983
8369
4797
5322
9698
2190
3244
4850
4660
8128
253
2240
2394
7257
8065
8
72
1321
5543
5468
350
3384
3879
1479
1655
2556
7390
1346
6587
1496
4494
2014
3597
7672
8781
9578
75
1885
607
2225
3308
9312
438
7313
9581
124
783
5324
8573
4956
6537
8886
4783
9719
1493
6579
7772
8190
539
5132
5205
2523
4603
5164
5479
575
9020
694
1123
2985
6197
311
948
4877
6378
8884
395
2701
4840
3216
2658
7274
2705
3905
4878
6011
6162
6641
2450
4437
4919
8895
516
5918
6678
7791
2830
7549
8813
9953
117
6363
8071
1952
2057
3796
6948
7759
4155
8492
1593
6970
8932
8991
4015
8537
1967
6276
9109
9734
1524
4697
9623
4026
4250
7645
7812
86
8224
318
9562
444
1752
6673
7194
9596
1687
3
4832
8946
9579
6027
8287
9427
2925
7397
1697
8658
4612
6348
6826
8220
6978
263
7098
2458
9773
390
8134
6903
1201
7533
8192
113
4347
6509
1855
5056
5230
1767
1435
2866
6523
5584
7004
8475
841
241
1083
5614
453
6267
808
5754
4283
9357
8784
9981
4192
8581
3875
8912
923
7459
2691
7182
9125
7604
153
6814
115
5210
7964
8199
6899
4760
673
5583
2848
5758
2046
314
9971
9595
6762
1203
1517
4799
5456
7771
6766
327
8172
8773
5498
6421
9498
9791
4328
9075
9592
949
4659
887
6747
9696
2927
6774
7489
936
3206
4940
5500
8976
917
2174
3462
5088
2884
9392
4300
3043
9295
7888
8472
4935
5920
9141
963
1100
6864
6079
6802
4620
4320
8736
969
6907
9802
4046
4098
5780
2310
3910
9799
5812
9167
8210
9188
9619
8712
868
8197
8627
2914
3861
8059
282
842
2676
4661
2840
2366
6536
8632
9269
2690
3044
9417
3382
735
2010
4317
7664
7540
7121
4040
5138
1656
1890
9961
9452
1972
7084
2375
528
4917
3080
5923
6165
8255
1227
1744
4978
7800
2700
8169
9184
9497
3499
6065
9831
3898
5687
771
9959
715
5621
6486
7347
8160
9354
4772
4290
538
4675
8335
8961
3359
4354
3474
6874
4201
7750
451
1922
4876
2619
8277
1102
9767
5024
7329
1442
170
5187
7068
7117
6220
8238
1641
8269
910
726
9374
4471
196
1095
5483
1275
8684
7061
553
268
2071
8903
2677
5243
5921
6940
3711
6393
3962
1440
4502
8726
3365
8270
500
3077
908
3735
3993
9481
1069
1625
1784
3030
3196
5001
9636
8546
759
2077
3422
4428
5318
2398
5037
3848
9348
7359
2530
2659
5878
9126
4092
9897
5308
9829
1027
8826
4162
1552
1469
7091
2252
4846
8187
5151
313
5031
7366
9337
3051
7979
3143
6750
7756
2145
6050
6434
2407
6768
9709
579
4796
7971
2807
8843
6441
5253
25
1458
4062
9379
4764
9438
4237
6303
2364
1004
2259
4197
3762
8268
2324
6990
1602
1312
2902
3140
5126
2986
3496
8676
1426
9884
8075
4920
8455
2436
2900
6606
9812
9152
2263
1249
2948
708
748
1039
6152
6190
1142
4011
8882
5084
930
5520
3185
4443
3204
2198
1832
5167
6130
2761
5663
2207
4848
567
9811
9504
945
2542
8548
4091
3082
5649
9575
2292
5799
4008
3105
4951
9304
4672
2251
3715
3402
5793
492
510
9041
7445
3687
169
4193
5951
734
2625
2680
6222
7627
1031
4153
9935
2100
9861
3693
5228
8286
8867
5994
7697
3423
8536
1092
2178
6467
4865
7041
8166
1086
1253
1121
1629
8385
1161
8022
3137
1989
8590
6556
2238
3484
7404
4023
8958
8663
9752
5463
9888
3177
7163
5913
5605
6824
1841
1301
5272
6501
4335
5922
2322
7824
5851
943
6944
1761
2708
3550
6639
2184
2053
4259
8549
9695
5908
351
4695
1902
146
1144
2005
5917
8625
2282
5737
52
9858
9183
1471
6638
8083
8947
7154
3203
4451
5771
3749
7123
8409
4168
6066
9471
3565
1437
4734
4031
4357
5823
9054
8735
6380
4671
7504
9195
6642
1499
1962
2647
7767
4436
9984
9989
4980
6561
1684
7135
8341
8758
2344
5539
7980
1183
8670
730
4520
2548
80
7738
2149
6497
7032
7781
3985
2749
3387
9650
601
6871
6905
8529
7961
1450
2461
9860
8402
3048
6314
3538
158
8066
8249
5931
1263
1981
7367
9828
2668
8360
7946
7696
4325
1119
3444
4477
9339
6629
7698
8428
8350
7141
7427
2136
5553
1258
4923
5710
698
7146
7263
1834
7056
9381
3000
7859
1534
9292
3046
7822
704
1528
4559
7348
3346
3505
4115
4714
6273
8487
7709
3123
7403
7906
8144
5180
2217
5385
1139
3676
884
6850
7292
175
4285
9834
353
3881
4608
9275
8414
1286
3107
3803
4875
1181
1572
2947
441
7042
1056
3589
7462
8165
5193
8971
9448
7025
9958
8072
1595
1954
1177
4469
2397
2455
7615
255
5509
9633
3370
9700
2360
2707
3113
4756
3904
8194
309
5347
8448
6358
6529
3227
8435
6514
8313
650
2295
1322
6334
8456
4658
9712
4298
6932
6367
6687
1711
6054
7885
7475
4859
2936
9294
9916
5505
3966
8012
4247
1232
4041
4238
6627
8750
1255
8550
6538
9062
7826
634
4968
820
6860
9558
2321
7570
3087
3169
4492
9378
163
1337
6701
1743
4637
6746
8532
6951
3255
3106
5136
6401
6581
405
2752
4491
1575
2118
5396
5619
8045
1285
921
9244
1492
7217
9844
5915
1567
4904
4833
2719
6397
764
8938
6636
7085
407
2319
2540
9306
2846
8321
1189
8292
3294
7028
7238
7170
8429
825
6934
9615
2453
344
5435
1231
622
6388
2335
6362
7356
8052
5965
2253
8200
8954
978
7752
6799
9301
5795
284
1298
8016
2395
1066
9253
3511
9638
4947
7997
5814
7332
1213
4297
8537
9046
9675
136
3703
761
2956
1096
8789
7790
8668
9759
3551
8438
9761
2827
7514
7247
6569
7655
550
8256
1521
5564
8502
7796
272
9288
3153
8289
2024
5153
9561
1014
566
8378
4472
1769
8551
616
5465
7735
1237
7116
2787
9155
2340
6587
8704
2127
6240
3053
2205
5157
6384
5750
9049
213
4616
920
3646
9489
5981
2101
8555
5102
9964
5348
8490
3925
2815
9563
4535
5340
9418
4173
7984
8498
204
1420
2092
9825
8384
6809
3096
8563
3424
6721
9397
1921
2341
8158
7096
8235
1996
4483
8417
9142
900
6064
5454
2377
32
1571
8473
9111
4316
421
9691
2126
819
2920
337
8043
4515
6236
2089
7315
9246
9818
7635
1042
4249
8318
366
8713
1529
4720
3490
1271
4814
9993
2478
7556
5942
7546
5569
1338
6285
7955
5022
355
1310
7601
1594
8504
8714
9845
7124
2193
2022
7467
3092
4103
4468
9873
4125
8594
1147
9099
2656
4858
3049
9025
889
5992
6117
274
9308
7115
6475
6340
9327
3476
1188
3913
4946
658
7296
7969
3011
9017
7081
125
3995
3765
4004
4133
5267
8517
236
6889
2581
9204
6159
9483
5677
8425
9764
9898
6982
7479
2802
1040
1695
9494
1735
4984
2069
1584
3976
2621
1878
1197
3652
6531
8974
37
2595
1198
5457
6820
1077
3057
443
3221
8803
922
230
9830
7510
8610
7622
7305
6143
1463
3366
2102
1021
3853
4489
6407
781
8098
4841
3548
233
1001
2421
87
5005
8211
6346
6739
9760
8015
2124
4267
348
9170
2346
8507
9331
3072
5405
9137
6155
301
9660
304
3109
4544
3812
9359
318
4852
8267
1891
1438
5358
5976
3892
3669
692
6130
72
3719
2246
7804
5056
4362
7605
4456
7148
3276
8662
3797
737
2365
4551
9667
3364
8401
6078
7361
9980
5445
2631
392
436
5551
2096
2113
1896
3558
2277
5817
1354
4084
3045
2702
7110
5456
5201
6018
2857
9313
2925
7166
7265
7120
1335
7334
9614
6715
2309
8422
3356
5936
509
3421
6677
6604
9069
8509
4389
1947
4650
1119
84
3533
1306
5993
8826
5623
9235
4587
6298
8059
9444
2462
8368
74
2655
7626
3290
7597
2039
342
45
1497
231
5294
6178
8370
3108
1297
1265
2851
4127
1820
395
7036
874
4767
9353
1186
3432
9629
9138
3969
5597
295
8883
7973
4896
7162
6438
579
2382
7446
5495
7088
1865
4752
2684
2594
7912
8162
8491
338
6092
5174
8025
9333
246
4346
5822
6245
866
3542
249
4365
7506
9620
7830
515
8818
4901
987
2451
3347
784
7545
5027
3194
7883
8379
2367
2460
2219
6218
1103
8822
3101
6808
4939
4378
1880
6046
3176
372
7672
1805
8716
2772
8885
3518
2615
159
1127
4444
6702
4482
374
1543
5587
2237
4217
8672
1314
724
5764
2010
9462
4528
8150
8759
2240
5751
1568
3729
2698
8663
1810
4149
6198
8796
4997
5598
8155
5009
796
7159
5180
351
8708
3906
6184
6492
952
4211
6243
4172
449
811
6360
7899
9765
1290
1329
8509
323
4979
6442
7529
9596
7264
1851
2053
3191
3592
5631
1083
9215
7811
5449
2534
5261
7209
1740
629
4352
5407
3371
3567
8204
4512
9909
3876
3192
3223
1254
7161
5701
6904
5967
3436
6470
6955
3566
5468
3760
1757
4035
9164
6332
8130
1859
5485
7521
7903
3046
269
3095
8271
9985
326
5271
3881
9218
6907
8990
3934
8857
9864
3554
2777
7526
953
1874
3789
7181
8932
9416
5296
1566
2501
1369
4128
1607
879
6569
876
2371
3688
5346
1080
9673
9553
3836
8089
4640
5510
6073
3988
570
8094
7009
5473
9027
1625
2121
8429
6428
1501
9548
311
3862
7316
4564
6447
2111
3635
891
4709
1994
9300
5603
3869
8755
8163
3245
5786
1365
3998
7732
3453
1038
5181
3174
6775
328
3511
9140
1626
8302
5429
465
7671
8248
7331
4176
9856
4883
4241
905
2480
9951
8541
2262
7019
5657
2402
1509
2291
6196
1623
976
4306
2339
3603
7685
5183
7668
6522
3061
4322
7921
1927
6763
2078
8999
6644
3287
7784
8153
2004
1389
7759
6812
3777
1095
5379
5854
9939
7910
8869
6712
3766
4666
702
5513
3482
481
3383
2261
5859
3937
2619
6284
8732
3389
6171
9688
1674
2179
7409
7
5958
180
5916
2577
7816
6634
6040
3828
1778
8495
849
250
8242
8737
7320
3670
948
2252
5835
775
797
257
8547
721
178
3406
5821
6975
3215
1448
9440
2058
5314
2964
3816
906
1818
2183
9500
8250
362
5662
8332
5628
1895
1977
6106
1732
3743
4080
4875
5447
3638
282
2924
284
703
5895
780
9385
9642
5669
2331
1993
7559
8525
4155
4785
6591
127
6580
256
4262
963
5423
6048
688
5728
5399
7838
5622
7592
3259
7909
7204
4053
7069
627
4519
4166
5146
5301
5836
7258
2361
3018
5071
7657
9111
8132
9865
4083
664
7878
5582
8614
4092
5557
6324
2512
5083
7417
7462
9286
1263
3996
4478
9177
1751
9208
7949
5455
4380
4024
8892
3571
2272
9733
168
4439
62
2654
8467
4007
1232
7538
1460
278
1398
2101
47
1536
4872
5154
7987
1116
5687
1593
155
2477
977
5766
4626
5908
2914
3794
9161
7008
4699
611
2513
1742
4513
4385
6722
3636
226
919
6549
8210
7471
9371
5893
4348
4298
2474
7612
4003
2821
295
1814
2264
3164
3183
7680
4201
2768
3216
6087
800
5318
2557
2431
318
2124
2791
9236
6677
5242
1848
5511
3352
7302
5209
3622
4754
9261
7373
8788
9139
63
6479
1782
2984
6499
4249
4677
7177
2296
2038
3724
7049
7766
3121
3765
1175
7999
6863
9271
142
207
107
7306
1244
7278
2214
583
8790
4351
7148
358
7188
9115
9810
3910
9486
967
8161
5917
7993
2060
2919
8413
4721
8245
3336
7904
4761
2155
4889
11
9113
9792
7992
3530
9386
3812
1021
4194
6337
4749
2927
6215
6181
5206
2326
485
6618
2673
9087
4725
1924
2006
1540
3291
2757
2736
5507
4124
9653
8281
5553
8262
6724
5839
8498
1061
2265
1706
6429
3427
9538
8062
2995
5144
6277
792
6322
6759
5711
8450
5105
9611
1959
9556
2574
1337
2299
2172
4790
3892
9044
4043
2883
4381
2258
3708
5699
1317
7390
2373
3490
6331
5613
6251
1295
2184
9814
5448
9426
4960
739
5968
7492
7539
3755
5626
1082
7023
7710
1729
8599
5876
7594
2861
5785
5409
3991
834
3144
3462
3422
9564
6743
5565
1733
1274
3542
487
965
1046
2849
598
6679
4187
5712
4888
7197
4425
9379
9803
5424
7452
5342
9913
5685
828
4349
6037
572
1415
5470
2158
7182
9763
6122
9202
2019
8220
2976
3798
5092
9716
5971
9995
1750
6082
3234
1117
2368
6684
7047
7113
3786
7130
8545
1584
5344
8779
2733
8587
1318
6658
6265
6599
275
1397
995
9346
8444
3282
2732
3795
5099
2027
5941
9870
1097
6953
9319
9377
9384
4718
5431
4498
5784
5541
4185
1039
1357
8037
6715
8282
8911
9480
1634
3391
9006
420
5979
1407
9074
124
7052
9739
3706
7490
2874
3955
3220
7911
6022
3113
1819
5526
3127
3931
3780
7402
1853
1657
1966
7092
860
6624
1346
3888
375
8574
8509
6168
5660
6487
7555
7391
2891
5097
4793
5187
7336
6129
7317
7655
8508
3763
2425
8470
1794
2310
1150
4327
3959
2035
5502
4491
6548
8343
6320
5462
7527
3213
9822
7116
8383
7931
8711
1091
4044
427
7198
4377
6961
2641
9064
2598
7359
4934
1518
1223
1359
6475
1562
6401
3629
5504
9194
9686
5363
9071
3683
4232
8217
3394
4766
8055
4772
1973
9581
1881
6262
1237
1505
7941
7522
3335
9435
2780
4827
5213
8346
6281
3717
9937
7507
7254
8285
3770
9926
4821
8447
3464
961
5387
1399
3901
7006
2653
382
1843
5584
8558
2012
8109
8594
5370
5434
8730
6546
7572
1279
4789
5975
3809
6212
4633
8644
3056
5645
173
1498
795
2661
2088
4398
101
2383
8072
2165
9206
5392
4412
7239
9506
1726
4861
5864
6579
187
9655
2978
2554
5396
7146
3411
8437
1230
4886
6849
3055
2139
4890
9032
6661
8321
8033
209
2022
629
199
7442
2710
4382
3842
5287
4064
7857
195
6837
9219
7854
8616
8858
7158
9915
9460
2095
4939
4211
7384
6457
7744
5212
5369
8635
586
4596
7922
4223
4323
2275
5404
8099
514
7708
16
5734
3601
6424
714
8672
4427
6235
2721
3211
4284
6817
4268
7076
2406
9010
1743
1075
4225
2417
1791
2145
2323
4770
8742
5096
6456
9472
8551
9437
6402
1573
5317
6591
8632
3952
3591
4042
8988
5084
7176
4459
5475
121
2427
3434
1405
1635
1871
6228
3570
6997
544
8655
3285
2438
5870
8492
2723
2534
370
7565
565
8645
361
71
3916
3756
4806
7827
1313
803
686
3400
9876
3270
9015
8048
1834
8607
9056
7017
7500
9710
7866
6784
4535
5846
932
3902
4112
8454
1490
8548
3197
6349
7395
2917
2482
1847
7248
4317
3657
2563
1259
4242
4139
5480
9779
9270
7713
7475
9667
1703
9680
6252
1298
644
6696
7078
3537
6180
462
7976
6568
9412
5074
2260
7418
5239
5642
7686
5601
759
8053
1941
3576
7955
2709
3581
6891
6625
1775
3345
4415
7724
1997
6411
2151
6571
1630
8506
2715
9639
1449
6870
6079
9033
5481
9661
3095
3744
3709
4324
14
6632
7208
844
9541
5730
498
3725
2981
7891
6892
8328
5799
8213
4720
8862
6963
8754
271
9949
2634
534
396
9829
4310
1458
8311
3607
6968
353
1289
6399
2081
2760
96
4350
9607
3971
6820
5318
2827
7916
9023
8535
3510
3146
901
3229
1832
5864
625
7684
7619
8145
6435
4076
9080
3073
1644
1436
7001
9269
2252
9558
865
4228
912
6326
8826
410
2046
6443
1510
1559
9662
103
1412
2113
5784
8985
1341
7939
3043
8409
301
2288
4602
8660
8310
3526
4798
3665
4514
7299
381
2855
3280
1476
8571
5948
8867
853
4440
653
287
5667
1217
2423
5778
442
1765
1606
2127
3421
3869
4193
781
871
2321
1316
605
7658
3308
2584
2543
8298
9682
5755
6676
329
7195
9729
7917
4165
3676
8987
5567
9871
2296
5330
2880
4611
9911
5668
8585
6295
6702
2537
9928
2327
4616
9869
6563
439
2619
5038
4475
4628
418
9176
9936
212
3245
5777
7934
6640
7994
2334
4863
9380
8597
4744
5252
4764
6501
1957
2066
3089
5056
1070
1979
9656
3274
551
1422
4087
5451
4850
400
5719
7263
5813
9775
4703
7139
5484
285
206
4620
883
6493
1597
1250
650
6873
9117
3250
1756
1790
9367
7165
1844
7799
7432
2403
7715
2934
5244
2025
5412
2019
7374
6752
1948
6723
547
5519
3263
3574
5034
8929
8979
1829
328
2975
7323
641
3661
2248
9854
3711
2751
6289
9179
2601
4347
6805
7702
2501
9492
4977
5720
1033
640
9980
1287
6655
9540
7057
1856
1054
4090
5657
8167
4393
6342
4867
7828
1306
737
5800
7422
5450
9306
9633
6470
5606
2103
9268
3685
4737
9501
890
5470
5182
546
916
2175
4488
3134
6084
8272
5765
9811
3668
9399
3237
8921
7986
7750
8656
3273
6648
548
1560
1329
2269
9579
3424
5804
5149
4148
8291
9205
1090
2718
2939
7579
5542
2256
3153
5086
7580
5241
9303
2692
205
6749
6099
7170
4422
4819
5378
6659
3106
8758
6778
9098
8366
182
1293
6514
9210
1647
3984
9503
8077
9320
3074
9290
2708
6960
6767
4630
4348
874
5889
3655
5125
9229
2108
2085
3404
2899
6983
9328
1578
7035
4269
4789
8385
892
8223
6795
8687
8951
7297
9874
3492
8706
1221
4362
4151
5275
745
8344
6167
6746
5312
9351
1516
2203
4647
2336
6921
9083
6832
2610
3206
4374
4085
3319
1447
5654
2205
5634
9642
6062
1810
6134
9381
341
449
7672
3899
4083
4903
5217
7618
7885
2040
4877
5296
482
3452
5839
2153
3364
2515
3337
7056
9549
9972
3413
8638
6171
7549
383
2528
2159
7923
4774
5148
3854
910
812
8889
791
1485
3236
3960
9979
900
761
7929
7745
9645
6949
9147
5246
6044
2714
