75
612
837
156
441
610
394
911
211
576
17
712
594
63
152
815
46
939
195
91
85
179
795
870
100
278
832
47
208
908
520
648
107
120
133
224
316
956
88
103
295
466
733
831
232
240
445
841
957
980
106
79
587
598
785
509
555
694
937
710
919
738
884
974
734
786
943
819
748
641
948
871
606
396
428
754
898
53
588
663
735
687
422
142
474
182
826
779
10
968
114
563
744
65
501
822
508
21
357
312
778
222
258
268
220
601
490
912
570
674
153
421
973
215
477
697
953
457
513
200
537
294
909
270
346
659
903
627
192
438
458
528
852
184
28
127
83
561
519
991
265
154
543
356
0
411
241
886
673
157
19
348
658
434
371
40
704
525
522
448
761
230
767
495
739
276
330
87
487
48
985
261
660
638
902
702
762
62
69
180
887
885
864
43
523
175
863
92
247
882
308
476
503
372
726
611
284
274
130
927
843
287
768
111
277
407
116
373
970
403
546
746
39
617
58
703
541
317
140
944
76
187
464
510
162
213
582
306
425
994
2
639
126
268
493
35
866
74
386
395
31
341
585
650
204
807
562
129
751
468
336
992
859
828
587
641
25
228
368
220
65
629
712
814
440
936
437
766
534
166
559
706
893
112
97
271
754
832
619
249
638
351
741
581
257
907
430
850
964
455
380
476
596
116
552
6
395
391
461
314
296
682
27
588
278
295
7
167
35
573
834
33
255
141
385
96
4
294
857
779
601
501
504
341
693
533
272
747
37
241
23
912
642
995
920
431
304
519
589
891
473
457
666
903
153
451
152
130
889
884
280
855
151
175
844
902
150
479
985
679
529
745
230
353
75
237
233
235
764
647
717
843
931
869
790
123
162
838
890
144
340
495
375
688
315
712
839
730
604
93
161
122
53
986
827
231
855
681
823
882
432
414
251
463
134
346
568
574
473
382
753
