417
432
460
581
612
624
373
401
441
502
532
533
589
358
366
394
424
454
477
486
492
501
505
507
509
512
519
541
551
565
574
586
588
597
599
622
277
327
332
343
360
372
382
388
392
395
405
408
412
418
426
429
430
466
473
476
478
483
497
499
503
518
523
526
539
545
547
548
563
571
577
580
582
585
587
593
610
626
666
688
689
691
696
323
336
359
369
380
386
400
407
409
410
452
453
457
459
463
467
485
488
490
491
498
508
513
515
524
544
549
552
555
559
569
575
576
578
584
605
606
613
621
631
639
643
650
670
282
287
308
309
320
340
341
344
355
356
364
367
384
387
390
398
416
431
435
436
462
468
479
480
482
489
500
520
521
522
525
534
537
554
557
560
561
562
564
570
590
602
618
619
628
629
630
633
641
660
672
680
686
251
294
297
300
322
331
333
346
351
353
362
363
376
383
399
403
404
406
411
414
427
428
437
443
455
456
458
461
464
470
475
484
487
493
494
504
511
517
536
542
556
567
573
594
598
603
616
617
623
627
632
638
640
647
654
662
668
673
674
677
692
231
262
269
284
290
304
312
316
318
326
330
335
338
339
349
368
375
377
389
396
397
413
419
433
434
438
439
442
445
448
449
450
451
471
472
495
516
531
540
543
546
550
558
568
579
592
595
609
611
620
634
642
649
657
659
663
667
669
690
703
714
723
729
743
254
257
274
289
299
302
306
307
319
342
345
352
357
365
378
385
393
402
415
422
465
474
481
506
510
527
528
566
591
596
601
608
614
625
636
644
645
646
648
661
675
676
681
683
697
698
704
711
718
726
261
264
280
281
285
292
295
305
310
311
315
317
325
328
329
348
370
374
379
381
391
420
423
425
447
469
496
535
583
604
635
637
665
671
684
695
702
705
707
709
713
715
731
253
260
267
270
271
275
278
279
291
313
347
371
440
444
446
514
529
530
538
607
651
653
655
664
694
701
724
738
754
758
795
212
233
240
242
247
249
255
259
266
276
288
303
314
321
324
361
553
572
600
656
658
679
682
685
708
712
716
730
733
736
737
740
768
219
243
244
248
256
272
273
296
301
337
421
615
652
678
693
700
706
717
719
721
734
735
741
742
746
747
749
750
755
763
228
239
258
265
268
283
334
350
687
710
744
752
762
783
182
191
229
238
263
286
354
722
725
739
765
766
771
775
777
778
803
202
209
220
223
225
226
241
245
252
293
720
727
745
751
785
195
199
216
221
232
237
246
699
732
748
753
760
774
789
790
797
804
214
222
234
235
298
728
756
764
772
779
781
791
796
203
206
211
217
224
236
757
759
767
773
782
794
163
198
201
207
213
215
230
770
776
798
799
806
176
192
197
208
218
761
786
787
793
801
805
807
809
813
173
178
190
193
204
205
210
227
250
769
788
802
167
186
189
780
800
179
183
784
826
162
184
194
792
156
165
168
174
175
188
811
814
817
828
151
160
171
181
200
164
177
196
808
810
818
820
835
838
180
815
819
827
834
155
157
824
825
829
836
141
161
170
185
812
816
823
143
152
822
830
851
146
169
172
187
832
847
853
833
852
149
150
158
159
166
821
837
846
849
145
831
842
843
848
862
144
154
840
856
137
841
845
148
153
866
140
147
864
877
844
858
860
867
872
855
865
130
132
139
142
859
854
857
134
136
861
869
870
131
876
133
850
863
120
129
839
127
874
888
138
868
135
875
878
126
128
871
119
879
881
873
880
115
123
116
893
883
885
112
124
110
102
113
118
122
121
889
106
117
886
887
896
93
884
890
911
111
882
895
86
902
105
125
104
108
109
894
906
891
114
897
95
97
98
107
900
101
96
99
100
898
901
905
89
83
92
103
892
920
94
91
904
908
912
914
899
907
916
90
909
910
919
917
88
84
85
903
915
918
82
924
75
87
72
81
921
78
913
923
931
74
76
80
925
926
930
70
928
932
57
929
60
79
927
939
937
63
71
52
922
64
68
77
66
67
940
73
59
933
58
938
935
936
48
69
61
54
934
53
948
49
942
65
945
47
949
56
62
958
946
941
953
55
944
952
46
50
51
954
943
44
45
950
28
962
38
41
947
959
37
42
43
957
36
967
34
33
955
964
971
951
970
24
39
10
31
978
956
976
26
35
32
975
18
969
972
968
25
963
1
19
960
22
40
13
30
20
12
16
965
373
401
432
417
424
372
405
407
441
966
17
343
382
392
394
395
412
429
460
408
430
332
380
410
426
358
387
400
416
466
367
398
409
431
435
453
486
336
360
389
403
414
418
427
457
459
463
323
341
351
355
356
359
362
376
388
390
411
437
452
461
462
505
363
366
383
384
386
399
419
428
476
477
492
512
277
327
340
353
365
369
377
396
397
402
415
433
434
436
439
443
454
464
467
468
473
502
393
404
406
413
438
442
449
455
485
490
532
333
344
346
364
368
385
445
451
479
480
489
497
499
501
509
519
309
312
357
381
420
422
448
458
491
498
503
526
331
335
338
339
342
370
374
375
450
456
471
478
483
488
494
507
533
308
371
378
425
465
470
487
523
300
316
318
328
330
361
379
391
444
475
504
524
539
541
322
349
423
446
469
484
518
520
304
319
352
440
482
515
522
537
282
317
325
326
329
345
472
508
521
545
551
565
311
447
481
493
495
500
544
547
310
320
347
474
513
517
548
297
315
348
421
525
543
571
574
581
281
306
511
516
534
549
989
5
290
302
314
510
555
284
294
313
496
506
531
536
540
552
563
580
588
287
289
324
527
542
554
557
564
589
299
354
550
559
560
561
575
593
974
262
288
292
305
307
321
337
577
986
29
278
285
350
514
535
546
556
569
584
585
273
275
528
529
562
576
578
587
612
295
570
586
590
597
599
610
977
21
291
14
334
530
566
606
624
987
251
271
274
276
280
296
301
567
264
269
279
303
538
558
568
573
582
602
261
267
270
579
595
605
553
592
283
613
253
266
594
603
622
286
628
596
601
598
608
617
619
621
626
254
255
298
583
591
643
256
268
272
639
9
257
293
572
609
611
618
630
641
27
249
616
623
263
620
627
629
259
614
631
633
248
260
604
666
600
258
625
632
650
635
642
980
265
634
637
646
660
688
231
607
638
640
647
11
247
636
663
240
233
645
648
667
670
2
4
241
644
654
659
680
0
15
244
252
662
689
691
692
979
243
668
669
673
674
649
661
672
696
212
677
238
615
657
665
239
676
229
653
655
664
686
232
246
656
223
245
651
690
219
242
683
684
703
3
675
973
671
681
695
985
8
652
704
235
685
658
6
237
682
697
23
679
961
230
729
711
236
726
687
714
202
698
713
715
718
705
707
221
678
694
701
702
723
182
209
211
216
220
226
693
199
225
228
721
724
731
712
738
192
197
250
719
733
217
222
706
709
215
736
191
195
700
716
725
735
201
234
737
207
213
708
730
734
755
214
717
740
743
742
720
749
982
750
758
710
722
210
747
739
189
224
163
178
699
218
746
183
741
768
203
193
732
754
745
753
765
162
186
728
752
204
727
762
167
744
763
995
173
783
992
168
748
174
179
198
756
795
205
206
981
171
194
760
771
176
757
777
993
188
190
775
773
751
766
7
764
991
227
184
785
181
789
767
988
164
175
790
779
774
759
794
155
781
803
997
770
160
983
796
761
791
778
165
994
156
782
800
170
772
151
776
141
180
161
797
798
799
996
999
143
169
990
984
769
150
787
813
998
809
784
792
332
373
401
432
277
343
417
358
382
394
424
460
366
392
441
323
327
336
359
372
405
360
388
395
407
408
430
282
309
400
486
341
364
412
418
426
454
340
356
369
380
384
409
410
429
466
505
287
344
376
386
398
416
435
452
502
512
290
294
300
304
312
326
333
351
355
367
387
390
414
453
459
462
476
477
492
509
251
262
269
308
338
342
346
353
383
399
411
448
457
463
467
497
503
526
581
281
319
322
331
362
377
389
501
519
532
612
231
297
316
320
330
335
363
397
403
427
428
431
455
461
464
473
499
533
284
285
289
318
339
357
365
404
415
419
443
458
468
483
488
539
545
551
589
624
212
253
254
299
310
329
368
396
402
406
436
478
490
498
507
518
523
597
292
302
370
378
385
393
439
442
449
451
480
485
491
541
574
257
264
273
306
307
311
349
413
433
437
438
445
450
479
482
489
537
544
571
588
599
261
274
278
291
305
314
317
325
328
345
348
375
381
456
475
484
487
508
515
525
565
580
587
593
610
622
688
275
288
295
315
352
391
434
465
494
547
559
563
585
586
249
279
420
422
423
504
522
524
549
555
577
582
696
219
248
260
271
280
303
313
379
470
481
500
513
520
534
536
569
584
606
666
691
233
371
374
493
511
521
548
552
554
562
575
578
605
621
650
689
240
255
267
270
276
361
425
444
446
471
517
564
570
576
590
626
804
324
495
527
540
543
560
561
602
613
628
643
670
680
743
758
795
239
266
268
301
321
347
469
516
531
542
557
568
639
672
686
806
182
191
229
244
256
472
546
619
623
629
660
677
690
692
703
711
723
729
768
789
163
202
242
243
247
259
272
350
440
474
558
595
603
631
633
641
673
718
726
220
286
510
550
567
627
630
640
669
674
704
826
223
228
447
506
528
573
594
601
618
662
668
714
763
208
225
232
234
258
265
283
296
334
354
556
598
616
620
638
754
803
805
199
209
238
241
245
263
608
611
617
642
654
657
659
663
667
675
676
683
731
750
783
195
216
221
226
514
579
646
647
661
709
762
777
796
807
817
828
836
176
421
592
609
632
634
636
645
665
697
715
724
736
738
749
778
801
162
192
207
496
530
596
604
614
684
695
702
707
785
786
791
809
811
835
203
211
235
337
529
535
566
637
644
698
705
713
742
755
775
788
794
819
820
829
214
237
583
625
648
649
681
701
730
740
741
765
790
802
814
823
201
213
222
246
252
591
635
717
733
734
737
771
781
793
797
838
706
735
747
752
766
810
825
167
190
193
197
198
217
293
298
538
553
651
655
664
671
694
712
746
779
782
808
816
824
834
186
206
682
716
725
799
815
862
173
210
230
607
656
685
700
719
721
798
818
827
847
853
160
572
600
679
739
744
767
772
774
205
215
653
708
710
720
813
843
852
146
179
204
678
693
727
760
851
224
236
732
751
800
848
151
181
183
615
658
745
748
764
822
157
172
178
218
687
787
830
846
152
177
652
780
832
833
849
164
174
189
196
753
756
156
184
194
757
773
776
877
171
185
200
722
770
840
227
250
759
145
158
761
821
837
175
812
842
856
865
168
188
728
769
831
844
866
165
845
872
155
166
792
858
867
857
864
139
148
149
187
784
860
141
161
699
137
861
870
159
841
859
154
869
130
144
150
170
180
147
876
854
132
143
863
136
169
888
142
855
133
153
850
129
131
140
120
878
134
874
871
881
875
138
126
893
880
119
879
868
135
839
873
885
127
883
123
128
116
112
115
887
896
122
124
113
889
118
890
886
882
93
102
902
86
105
110
121
911
900
117
106
906
891
107
895
894
897
884
108
905
111
98
97
898
100
901
114
99
920
96
892
104
914
91
103
95
373
395
401
405
417
382
407
424
392
394
408
412
430
441
372
403
426
387
409
429
432
380
418
398
400
410
416
367
414
431
411
389
390
386
427
376
383
397
399
435
388
358
396
404
415
377
393
343
413
384
419
428
406
374
453
369
433
437
360
362
438
385
460
378
381
402
363
365
366
452
355
436
356
434
420
422
443
364
379
361
425
442
457
351
375
449
341
368
461
353
462
332
357
359
463
391
466
371
445
451
370
423
455
439
459
340
458
454
464
450
336
346
468
344
448
467
456
421
446
476
440
479
486
342
352
447
444
471
333
335
323
470
473
349
327
469
480
492
477
339
331
328
475
465
491
490
612
624
688
696
689
691
231
581
666
212
589
622
277
597
670
680
743
599
610
650
686
251
551
587
588
621
626
660
672
674
677
690
692
703
723
729
795
574
593
605
631
639
643
673
704
711
714
718
726
758
262
282
532
571
580
585
623
628
633
641
662
668
669
182
219
269
287
505
512
545
563
577
582
586
606
613
619
629
630
640
709
191
253
254
502
519
533
584
602
675
676
754
768
233
257
309
509
526
539
541
565
569
578
590
627
638
646
647
654
657
659
667
683
715
731
738
763
163
290
497
501
518
547
555
559
576
632
642
661
663
665
681
695
697
707
713
724
750
783
202
248
249
264
281
294
332
432
460
503
523
544
549
554
562
575
603
616
618
620
634
684
698
702
736
749
789
803
220
229
240
261
289
300
304
312
343
401
499
552
560
564
568
570
617
636
701
705
730
737
747
762
777
195
199
225
228
244
247
260
274
297
299
308
373
417
483
486
548
561
595
598
601
611
637
644
645
648
649
716
733
734
740
741
742
775
778
209
223
239
242
243
255
284
285
323
424
441
507
515
525
536
537
558
608
708
717
755
785
804
176
226
273
322
326
327
336
358
366
382
394
488
508
522
534
540
557
567
594
609
614
625
655
664
671
682
694
706
712
735
746
752
765
771
797
192
216
221
275
278
292
302
316
319
320
392
485
498
513
524
592
604
651
719
721
744
766
162
203
214
238
271
279
295
310
318
338
359
372
430
454
466
477
478
489
492
504
520
521
527
573
635
653
685
700
725
779
790
796
207
232
234
245
256
266
267
270
291
330
360
388
405
482
484
487
511
517
542
543
546
550
556
579
596
656
679
727
739
781
791
806
167
190
198
201
211
237
241
259
268
280
288
305
306
307
329
395
407
408
418
426
476
494
500
516
531
693
710
774
794
173
197
206
213
222
235
272
276
303
317
341
344
400
429
452
457
459
462
473
493
583
658
678
720
732
751
760
772
782
809
193
217
258
265
311
314
315
333
340
364
369
410
412
453
463
467
481
495
566
591
607
753
767
798
799
186
325
351
356
376
380
398
409
416
435
490
528
745
748
805
813
178
208
210
215
246
313
346
355
384
386
448
468
480
600
652
687
764
807
151
160
263
301
348
353
367
387
390
411
414
428
431
455
461
464
491
506
510
535
773
787
801
826
179
204
205
224
230
331
335
339
342
345
362
363
377
383
399
427
553
615
722
756
757
759
786
181
218
252
283
286
321
389
436
458
472
479
530
572
770
156
183
324
397
415
419
443
451
456
474
529
728
776
788
793
800
802
164
174
184
189
296
347
357
365
402
403
404
406
437
442
449
450
475
761
817
171
236
368
396
433
439
445
514
828
349
350
370
385
434
438
465
496
538
175
194
328
334
375
393
413
422
470
769
811
168
352
378
699
784
814
165
227
381
391
471
820
835
836
155
188
298
420
423
446
810
819
250
354
371
374
379
469
792
808
337
425
444
780
815
829
141
146
293
361
816
818
824
825
161
823
834
838
440
447
157
177
827
170
180
152
172
847
196
853
143
150
822
852
200
830
145
158
843
851
862
185
421
848
169
846
812
832
833
849
837
148
840
149
166
821
831
842
137
159
187
139
845
856
877
144
866
154
872
147
844
858
865
130
867
132
864
841
860
857
870
136
153
859
869
131
133
855
140
142
861
129
134
120
876
138
854
863
126
888
850
135
874
119
878
127
123
871
875
128
881
839
880
868
893
116
879
115
883
124
873
112
113
885
122
118
102
110
93
86
121
105
887
106
125
889
896
107
117
101
108
111
886
98
890
109
100
94
97
882
902
99
92
83
114
88
104
90
96
891
897
900
911
76
89
91
894
906
884
95
85
905
72
895
103
78
898
57
901
81
84
920
912
907
908
74
75
70
60
68
87
80
52
916
82
401
417
432
460
277
373
441
332
358
424
612
343
366
382
392
394
405
624
688
372
430
486
581
696
323
327
336
359
388
395
407
408
418
426
429
502
512
689
691
795
282
360
400
410
412
454
466
477
505
532
589
743
309
340
364
380
398
409
452
457
459
463
476
492
501
509
597
622
666
758
231
251
287
341
369
376
384
386
387
416
435
453
462
467
473
497
499
503
519
526
533
545
551
680
262
269
294
300
308
344
356
367
390
411
483
518
539
541
574
588
599
610
686
692
723
729
768
290
333
346
351
355
383
389
399
414
461
464
478
490
523
563
571
580
586
587
593
650
670
672
677
718
726
763
304
312
320
322
326
338
353
362
363
427
428
431
443
448
455
468
480
488
498
507
565
577
585
621
626
674
690
703
704
711
714
754
789
803
212
281
289
297
318
319
331
339
377
397
403
404
406
419
436
458
485
489
491
515
544
547
549
555
582
605
606
628
631
639
643
660
662
673
709
783
254
257
316
330
335
342
357
365
396
413
415
437
442
445
449
450
451
456
475
479
482
508
524
525
537
559
584
590
613
633
641
669
731
738
750
777
804
253
264
284
285
299
302
310
329
349
368
378
393
402
433
439
484
487
494
504
548
552
554
562
569
575
576
578
602
623
668
683
724
749
762
778
261
274
306
307
370
375
385
434
438
465
500
511
513
522
534
536
561
564
570
619
629
630
640
654
675
676
707
715
736
771
775
785
797
219
233
249
275
292
305
311
345
381
470
481
493
520
521
560
603
618
627
647
657
659
663
667
695
697
713
737
740
742
796
248
260
271
273
278
295
315
317
325
328
348
352
391
420
422
423
516
517
540
543
557
558
568
617
620
638
642
646
661
665
681
684
698
701
702
730
733
734
741
747
755
766
790
806
240
255
279
280
288
291
303
314
371
374
379
425
471
495
527
542
546
567
594
595
598
616
632
634
645
705
717
746
752
765
779
791
809
182
229
242
267
270
313
444
446
531
601
636
649
712
716
735
781
794
798
799
243
244
247
266
276
361
469
472
510
550
556
573
579
592
608
611
644
648
671
706
708
719
744
774
782
805
813
826
191
225
239
259
268
321
440
474
528
614
637
655
664
694
725
727
760
767
772
202
220
228
256
272
301
347
447
506
596
604
609
625
682
700
721
739
751
764
801
807
223
265
324
566
635
651
679
685
710
732
195
209
226
238
245
258
296
350
535
583
591
656
693
720
786
787
163
199
216
221
232
241
263
283
286
496
514
653
678
745
748
773
793
800
802
234
334
529
530
607
658
753
756
788
817
828
176
203
211
237
246
354
421
553
757
759
776
207
214
235
337
600
687
722
761
770
835
192
201
252
538
652
811
198
206
213
217
222
572
769
810
814
819
820
836
197
615
728
224
298
808
823
824
829
162
167
173
190
193
208
215
293
784
792
815
818
825
186
205
210
230
780
816
834
838
178
204
236
218
699
179
827
151
160
181
183
184
847
853
189
852
156
194
227
250
843
174
822
830
851
862
171
175
848
164
188
832
833
846
168
849
165
812
837
840
821
155
842
831
877
146
161
177
200
141
196
845
856
866
157
170
180
844
858
865
872
152
172
867
185
864
150
857
860
841
143
158
145
169
859
869
861
870
855
876
166
149
159
187
148
854
863
137
888
139
154
850
144
878
874
871
130
147
881
875
153
132
893
868
880
133
839
879
136
131
140
142
883
885
129
873
120
134
138
126
135
889
886
887
896
119
127
890
123
128
902
911
882
897
900
895
115
884
894
112
904
892
116
906
905
914
891
113
122
118
124
102
909
110
93
121
86
920
105
106
898
901
899
910
117
903
915
919
917
107
931
108
913
98
907
111
97
926
932
924
930
918
100
908
912
927
99
921
114
928
916
923
937
939
104
91
96
432
424
441
401
405
417
460
373
412
429
395
407
430
394
408
426
466
486
372
382
392
410
453
463
416
435
457
459
492
505
387
400
409
418
427
431
452
462
476
477
512
380
398
403
414
461
473
343
411
437
454
468
502
532
358
367
389
419
428
436
439
443
464
467
479
485
490
491
499
501
509
519
526
533
376
383
386
388
390
433
434
438
442
455
480
497
507
360
396
399
415
445
449
483
489
498
503
523
539
332
384
397
406
413
451
456
458
478
488
541
366
393
402
404
448
470
471
487
494
504
518
524
551
336
356
359
362
363
369
377
385
422
450
465
475
545
565
341
351
355
365
420
425
484
515
520
522
537
581
340
368
446
544
547
571
574
353
364
374
381
469
472
482
500
508
521
327
423
444
493
495
513
517
534
548
549
580
323
357
375
378
440
481
525
543
555
563
588
589
344
370
371
379
447
511
516
554
577
612
346
361
391
536
552
559
561
593
333
474
510
531
557
560
575
584
587
597
331
339
342
527
540
542
550
562
564
569
576
585
590
599
610
624
335
338
506
556
578
586
349
496
546
570
606
936
277
309
330
352
421
605
308
312
345
528
535
602
933
322
328
514
529
566
567
573
582
316
318
558
613
622
300
319
326
329
530
568
595
325
347
579
628
320
348
592
603
619
621
626
304
317
594
639
643
311
538
553
598
617
618
641
601
608
630
282
310
315
596
611
623
591
629
631
666
583
616
620
627
633
297
306
324
354
609
294
314
337
688
302
313
572
614
642
650
660
281
284
287
290
350
604
632
646
670
321
625
634
637
638
640
647
289
299
305
307
635
663
689
691
654
667
680
292
600
636
648
662
696
285
659
668
669
672
673
674
692
288
295
607
645
677
334
661
275
278
644
657
676
686
262
649
665
273
296
301
280
655
703
291
651
653
664
683
684
690
303
656
675
276
671
681
695
264
271
274
279
615
697
704
261
269
251
270
652
682
685
267
679
711
729
283
658
714
726
715
723
698
705
701
707
713
718
286
687
694
702
266
298
253
293
678
693
738
712
929
272
724
731
256
268
719
721
254
733
95
255
257
709
743
716
736
737
735
922
949
700
725
263
706
717
734
740
708
730
755
749
750
249
710
742
747
758
720
260
259
722
739
754
741
768
258
248
265
746
745
762
727
732
752
765
699
744
753
783
728
763
748
795
247
756
231
240
244
241
760
252
766
771
243
775
233
751
777
925
773
757
764
785
767
246
803
238
774
779
789
759
790
778
781
940
229
770
223
239
761
796
794
232
242
945
103
212
245
791
797
935
798
772
799
219
938
800
125
235
782
776
953
958
804
230
787
948
813
809
432
277
401
417
460
373
424
441
332
358
394
343
366
382
327
372
392
405
323
336
359
360
388
395
430
486
282
309
407
408
412
418
426
429
400
454
492
502
612
231
251
287
340
341
364
369
384
386
398
409
410
453
466
477
505
512
532
581
212
269
300
344
356
380
452
457
463
476
501
509
624
262
290
294
308
376
387
390
416
459
462
473
519
533
182
304
312
322
326
333
351
383
411
414
435
467
497
499
503
526
551
589
597
191
289
297
319
320
338
346
353
355
362
367
399
427
478
483
498
518
539
541
545
574
622
688
253
257
281
316
330
331
342
363
377
389
403
428
431
436
448
455
461
464
488
490
507
523
599
696
163
254
264
285
299
318
335
339
397
404
419
437
443
468
485
489
491
571
580
666
691
202
220
225
284
302
310
349
396
406
449
458
480
515
563
565
577
586
587
588
610
689
195
219
228
233
274
292
306
329
357
365
368
393
402
413
415
433
442
450
456
504
508
524
537
544
547
582
585
593
650
249
261
273
307
311
385
439
445
451
475
479
482
484
487
494
525
569
584
606
621
670
680
199
209
248
275
278
288
291
305
325
345
370
375
378
438
513
522
548
549
552
554
555
559
576
605
626
628
643
686
743
176
203
216
221
234
260
279
295
314
315
317
328
348
381
434
465
470
520
534
575
590
602
613
672
677
692
758
795
162
192
226
240
255
271
352
391
422
423
500
521
536
562
564
570
578
639
660
690
703
723
726
729
207
214
229
247
280
303
313
374
379
420
471
481
493
511
517
543
561
629
631
641
662
673
674
704
711
714
718
768
211
239
242
267
371
425
472
495
516
540
560
603
619
623
630
633
669
167
173
190
198
201
206
213
243
244
259
266
268
270
276
321
444
446
527
531
558
627
640
668
754
789
193
197
222
237
256
361
542
550
557
567
568
595
618
638
642
667
763
186
208
217
272
301
324
347
469
546
573
594
598
616
617
620
654
657
663
675
676
683
709
731
806
160
223
440
474
556
608
611
632
646
647
659
661
665
715
738
750
783
803
151
178
205
210
224
232
238
241
245
258
265
447
506
510
601
695
697
707
724
736
749
762
777
778
179
204
215
286
296
350
528
592
634
636
645
698
702
713
804
156
181
184
263
283
579
609
648
681
684
701
705
740
755
775
785
796
805
826
183
496
566
596
604
637
644
649
730
737
741
742
752
791
801
807
218
235
334
354
514
535
583
614
625
717
733
734
747
765
766
790
797
164
655
664
706
716
735
746
771
809
171
188
189
194
236
337
421
530
591
635
651
671
694
712
779
781
794
817
174
175
246
252
529
682
719
725
744
786
799
828
227
553
656
685
700
708
721
782
788
793
165
679
727
739
772
774
798
802
811
835
836
155
168
250
538
607
653
678
693
820
146
298
572
600
710
720
732
751
760
767
810
813
814
819
829
161
230
658
745
764
823
293
687
748
787
808
815
816
824
825
838
141
152
769
800
818
834
177
652
753
756
773
157
172
180
615
170
196
722
757
776
784
792
827
852
853
143
150
759
770
847
185
200
780
862
728
761
843
851
145
158
822
848
169
830
833
846
699
849
832
840
148
149
166
837
812
821
877
159
187
831
842
139
856
137
844
845
866
858
865
872
154
867
130
144
147
857
860
864
132
841
861
859
870
869
133
142
129
136
153
876
131
140
855
120
134
854
863
138
888
850
126
878
871
874
135
875
119
127
881
893
880
123
868
879
839
128
883
885
873
116
112
115
122
887
118
124
896
113
889
102
93
86
886
890
110
105
121
902
882
106
117
911
109
895
107
900
101
891
894
897
884
906
108
98
100
97
111
905
94
898
92
89
114
83
901
90
99
920
88
914
91
76
892
96
95
85
104
373
401
405
372
394
395
417
424
432
382
392
407
412
408
441
343
380
429
387
426
430
400
409
410
358
367
398
403
416
418
332
360
376
386
388
389
414
383
384
390
411
431
460
336
341
355
356
369
396
427
435
453
359
362
363
366
397
399
404
340
351
377
393
419
437
466
353
365
402
413
415
428
452
74
327
364
368
385
406
436
459
463
323
433
434
443
457
461
344
357
374
381
438
439
462
346
378
420
449
455
486
370
375
422
442
454
464
333
342
371
379
425
445
451
361
391
476
331
335
339
450
458
467
473
477
492
338
448
468
479
349
423
456
277
308
309
312
330
352
345
471
480
505
322
328
440
470
485
491
318
444
446
465
475
478
489
490
502
512
316
319
469
483
498
300
325
326
329
347
494
499
421
447
488
497
501
503
509
320
348
472
487
507
519
532
317
311
526
304
315
482
484
310
504
523
524
481
533
474
493
520
78
282
495
500
518
306
337
354
539
297
314
324
508
515
541
60
313
537
294
521
522
281
350
517
284
302
321
290
513
544
510
511
287
307
496
543
545
547
565
289
299
305
506
525
548
551
534
549
82
285
292
516
288
334
531
540
295
527
536
555
571
581
563
275
514
542
552
574
278
296
550
554
273
557
262
301
528
529
535
84
580
291
559
564
588
280
546
560
561
575
303
556
538
589
276
530
562
569
577
584
593
279
576
264
271
274
261
578
270
566
267
269
570
585
590
567
587
283
573
586
599
251
558
568
597
610
553
606
582
266
75
286
579
612
298
595
602
253
293
592
624
272
594
605
613
603
591
268
596
583
601
255
256
254
598
572
608
609
622
628
611
626
257
617
619
249
263
70
643
621
618
630
616
641
614
639
600
620
627
629
259
623
248
604
633
795
212
231
277
743
182
688
758
696
768
789
691
754
763
803
191
219
332
723
777
804
163
282
689
726
729
778
783
797
233
251
762
775
785
806
195
343
373
401
432
666
680
711
718
796
176
202
220
225
262
269
323
417
686
692
703
750
771
790
199
228
229
287
290
309
327
336
358
366
382
460
677
704
709
714
731
736
749
779
791
809
209
239
240
394
424
612
624
670
672
690
724
738
765
781
813
826
162
242
253
281
294
300
359
372
392
441
673
674
740
741
742
752
755
766
794
805
192
214
243
244
247
254
257
260
304
312
360
388
405
581
650
662
707
713
715
730
733
737
747
774
798
799
801
807
167
173
207
216
221
223
264
289
308
341
395
407
408
486
660
669
675
683
717
734
782
198
203
226
234
261
297
299
326
333
340
344
364
400
430
454
502
505
512
668
676
697
702
744
746
760
772
190
201
211
232
238
245
248
249
274
285
319
356
369
380
410
412
418
426
429
532
589
597
622
631
698
701
705
764
767
817
828
151
160
193
197
206
213
222
284
318
320
322
338
346
351
376
384
386
409
466
509
657
667
695
716
739
786
787
800
802
179
186
208
217
273
292
316
331
342
355
390
398
452
453
492
501
503
519
526
533
599
640
654
659
661
665
681
684
708
712
725
727
735
751
788
793
235
237
241
255
278
279
302
310
330
335
339
353
362
367
387
416
435
459
463
476
477
497
499
545
587
588
610
663
706
719
811
835
836
178
205
210
265
275
306
307
311
363
383
399
414
448
457
462
467
518
523
539
541
551
574
593
621
626
638
642
647
694
700
710
721
732
745
748
773
776
814
820
181
258
271
288
291
305
329
357
377
389
411
473
483
488
507
563
571
577
580
582
585
628
643
646
671
819
156
183
184
204
215
224
267
280
295
317
397
427
428
431
455
461
464
478
490
498
565
586
606
634
639
655
682
685
720
753
756
759
770
810
829
164
246
303
314
315
325
328
349
365
403
404
415
419
443
468
485
489
544
605
613
623
629
632
633
641
645
649
757
761
816
818
823
824
825
171
174
218
256
259
266
268
270
348
368
370
396
402
406
436
458
491
508
537
547
559
569
584
602
636
648
664
679
769
808
815
834
838
230
276
352
385
393
437
480
482
515
524
525
549
555
575
576
578
590
627
630
637
644
651
693
784
175
194
252
272
345
375
378
413
439
442
449
450
451
475
479
484
487
494
504
536
552
554
562
570
603
619
656
678
792
168
189
313
381
433
438
445
456
513
534
548
561
564
620
625
780
827
165
188
301
391
422
434
500
511
520
522
618
635
722
847
852
146
155
321
324
371
374
420
423
465
493
517
521
527
540
543
560
568
595
617
653
658
687
728
853
236
286
470
481
516
557
567
616
843
862
141
227
263
283
361
379
471
531
542
558
594
598
601
608
611
830
851
161
296
347
444
446
495
550
614
848
350
425
472
546
556
609
652
822
832
157
172
177
250
469
510
528
573
579
592
607
846
334
474
506
604
833
440
596
615
699
840
849
143
152
180
447
837
150
170
354
583
591
812
145
158
196
535
566
842
877
185
337
496
514
530
821
831
529
856
169
200
298
553
600
845
865
293
421
538
866
572
844
858
867
149
860
864
872
148
166
857
139
137
159
841
859
869
870
861
144
147
154
187
130
876
132
855
863
854
133
850
888
136
142
878
129
131
153
140
120
134
871
875
874
881
893
138
879
126
135
839
868
880
883
119
873
885
127
123
128
887
889
896
112
115
116
886
890
882
124
902
911
118
113
122
102
894
900
895
93
110
906
891
897
905
86
105
907
884
912
916
121
898
125
106
908
117
901
920
107
903
904
910
103
914
98
108
917
899
909
111
924
915
97
919
100
931
930
892
928
918
927
923
932
114
921
99
913
939
937
926
929
96
925
