44.3
44.4
44.4
44.4
44.4
44.4
44.4
44.4
44.4
44.4
44.4
44.4
44.5
44.5
44.5
44.5
44.5
44.5
44.5
44.6
44.6
44.6
44.6
44.6
44.6
44.6
44.6
44.6
44.6
44.7
44.7
44.7
44.7
44.7
44.7
44.7
44.7
44.8
44.8
44.8
44.8
44.8
44.8
44.9
44.9
44.9
45.0
45.0
45.0
45.0
45.0
45.1
45.1
45.1
45.1
45.1
45.2
45.2
45.3
45.3
45.3
45.4
45.4
45.4
45.4
45.4
45.5
45.5
45.6
45.7
45.8
46.0
46.0
46.1
46.2
46.3
46.4
46.8
47.3
47.4
47.5
47.9
48.3
48.7
48.8
48.8
48.8
48.9
48.9
49.0
49.0
49.0
49.0
49.0
49.1
49.1
49.1
49.1
49.1
49.1
49.2
49.2
49.2
49.2
49.2
49.2
49.3
49.3
49.3
49.3
49.3
49.3
49.4
49.4
49.4
49.4
49.4
49.4
49.4
49.4
49.5
49.5
49.5
49.6
49.6
49.6
49.6
49.7
49.7
49.7
49.7
49.7
49.8
49.8
49.8
49.9
49.9
49.9
50.0
50.0
50.0
50.1
50.1
50.2
50.2
50.2
50.2
50.3
50.3
50.4
50.4
50.4
50.4
50.5
50.5
50.6
50.6
50.6
50.7
50.8
50.8
50.9
50.9
51.0
51.0
51.1
51.4
51.8
51.8
51.9
52.0
52.2
52.2
52.5
52.6
53.5
53.8
53.8
54.6
54.9
55.1
55.1
55.2
55.4
55.6
55.6
55.8
55.8
55.9
55.9
55.9
56.0
56.0
56.0
56.0
56.1
56.1
56.1
56.1
56.1
56.2
56.2
56.3
56.5
56.5
56.5
56.5
56.5
56.5
56.6
56.6
56.7
56.7
56.7
56.8
56.8
56.8
56.8
56.9
56.9
56.9
57.0
57.0
57.0
57.0
57.1
57.1
57.1
57.2
57.3
57.3
57.3
57.3
57.4
57.5
57.5
57.5
57.5
57.6
57.6
57.6
57.6
57.7
57.9
57.9
58.0
58.1
58.2
58.3
58.5
58.5
58.6
58.6
58.6
58.7
58.8
58.8
58.8
58.8
59.3
59.5
59.6
59.7
59.9
60.2
60.2
60.3
60.5
60.8
60.8
61.4
61.7
62.2
64.0
64.3
64.5
64.7
65.3
66.2
66.6
66.8
68.0
68.0
68.1
68.2
68.2
68.3
69.2
69.6
71.9
72.1
72.5
72.6
72.8
73.1
73.1
73.2
73.5
73.8
74.3
74.4
74.5
74.6
75.9
76.2
76.4
76.5
76.9
76.9
77.0
77.1
77.2
77.4
77.6
77.6
77.6
77.7
77.9
77.9
77.9
78.0
78.0
78.2
78.3
78.4
78.5
78.5
78.6
78.6
78.7
78.8
78.9
78.9
78.9
79.1
79.1
79.1
79.1
79.2
79.2
79.3
79.3
79.3
79.3
79.4
79.4
79.4
79.5
79.5
79.5
79.6
79.6
79.8
79.9
79.9
79.9
79.9
80.0
80.0
80.0
80.0
80.1
80.2
80.4
80.6
80.6
80.7
80.8
80.8
80.8
80.8
80.9
81.0
81.1
81.2
81.2
81.3
81.3
81.3
81.5
81.7
81.7
81.9
81.9
81.9
82.0
82.0
82.2
82.3
82.4
82.4
82.5
82.7
82.8
82.8
82.9
82.9
83.0
83.0
83.2
83.2
83.3
83.3
83.3
83.5
83.7
83.8
83.9
83.9
83.9
83.9
84.0
84.1
84.1
84.3
84.3
84.3
84.4
84.4
84.5
84.5
84.5
84.7
84.8
84.8
84.8
84.8
84.9
84.9
85.0
85.0
85.0
85.0
85.3
85.3
85.4
85.4
85.5
85.6
85.6
85.6
85.6
85.9
85.9
86.0
86.3
86.5
86.7
86.8
87.0
87.1
87.1
87.2
87.2
87.2
87.3
87.4
87.6
87.8
87.8
87.8
87.9
88.1
88.2
88.2
88.3
88.3
88.3
88.5
88.6
88.6
88.6
88.7
88.7
88.9
88.9
89.1
89.4
89.6
89.6
89.6
89.6
89.7
90.0
90.1
90.1
90.3
90.4
90.7
90.7
91.0
91.0
91.3
91.3
91.3
91.3
91.3
91.3
91.3
91.4
91.4
91.4
91.5
91.5
91.7
91.7
91.7
91.8
91.8
91.8
91.9
91.9
92.1
92.1
92.2
92.3
92.3
92.6
92.6
92.7
92.8
92.8
92.9
92.9
93.1
93.2
93.2
93.3
93.5
93.6
93.8
93.9
94.0
94.2
94.2
94.4
94.6
94.8
94.8
95.1
95.1
95.5
95.6
95.7
95.8
96.0
96.1
96.1
96.2
96.2
96.3
96.4
96.4
96.4
96.5
96.8
96.8
96.9
97.0
97.0
97.1
97.4
97.4
97.5
97.6
98.2
98.6
98.8
99.3
99.6
99.7
100.0
100.3
100.3
100.6
100.6
100.8
100.9
101.1
101.1
101.5
102.3
102.5
102.9
103.2
103.5
104.1
104.5
104.8
104.9
105.1
106.1
106.7
106.7
107.4
107.5
107.6
107.8
108.3
109.3
109.9
110.0
110.0
111.2
111.4
111.5
111.6
113.6
113.9
114.3
114.3
116.6
118.6
120.8
125.2
125.4
126.2
130.2
131.8
229.7
229.8
229.8
229.8
229.8
229.8
229.8
229.8
229.8
229.8
229.8
229.8
229.8
229.8
229.9
229.9
229.9
229.9
229.9
229.9
229.9
230.0
230.0
230.0
230.0
230.1
230.1
230.1
230.1
230.1
230.2
230.2
230.3
230.3
230.4
230.5
230.5
230.5
230.6
230.6
230.7
230.7
230.7
230.8
230.8
230.8
230.8
230.8
230.9
230.9
230.9
231.0
231.0
231.0
231.0
231.1
231.1
231.1
231.1
231.1
231.1
231.1
231.2
231.2
231.2
231.4
231.4
231.4
231.4
231.5
231.6
231.6
231.6
231.8
231.8
231.8
231.9
231.9
232.0
232.0
232.2
232.3
232.3
232.4
232.4
232.4
232.4
232.7
232.9
233.0
233.8
234.2
234.3
234.4
234.5
234.5
234.5
234.5
234.5
234.5
234.5
234.5
234.5
234.5
234.6
234.6
234.6
234.7
234.7
234.7
234.7
234.7
234.8
234.8
234.8
234.9
234.9
235.0
235.0
235.0
235.1
235.1
235.1
235.1
235.1
235.1
235.1
235.2
235.2
235.2
235.3
235.3
235.3
235.3
235.4
235.4
235.5
235.6
235.6
235.6
235.6
235.7
235.7
235.8
235.8
235.9
235.9
235.9
235.9
236.0
236.1
236.1
236.1
236.1
236.1
236.1
236.3
236.3
236.3
236.3
236.3
236.3
236.4
236.4
236.5
236.5
236.5
236.7
236.7
236.9
237.2
237.4
237.4
237.4
237.4
237.6
237.7
237.9
239.1
240.1
240.1
240.3
240.3
240.3
240.4
240.7
240.7
240.9
241.0
241.0
241.0
241.0
241.0
241.0
241.1
241.1
241.1
241.1
241.1
241.1
241.1
241.2
241.2
241.2
241.2
241.2
241.3
241.5
241.5
241.5
241.6
241.6
241.7
241.7
241.7
241.7
241.8
241.9
241.9
241.9
241.9
242.0
242.1
242.1
242.1
242.1
242.2
242.3
242.4
242.4
242.4
242.5
242.6
242.6
242.6
242.6
242.6
242.7
242.8
242.8
242.8
242.9
242.9
242.9
242.9
243.0
243.0
243.1
243.1
243.6
243.7
243.8
243.9
244.0
244.1
244.1
244.3
244.4
244.4
244.5
244.5
244.7
244.7
244.9
244.9
245.7
245.8
245.8
245.9
246.2
246.3
246.6
247.4
247.8
248.7
250.3
251.8
252.2
252.2
252.6
253.4
254.4
254.6
254.7
255.0
255.1
255.4
255.9
256.0
257.3
257.5
257.9
258.0
258.0
258.2
258.3
258.8
259.1
259.1
259.1
259.4
259.4
259.5
259.6
259.7
259.8
260.0
260.4
260.4
261.2
261.4
261.4
261.5
261.7
262.3
262.4
262.5
262.9
263.0
263.1
263.4
263.6
263.6
263.8
263.9
263.9
263.9
264.1
264.1
264.9
264.9
265.2
266.0
266.2
266.3
266.4
267.1
267.3
267.3
267.5
267.9
267.9
267.9
268.0
268.4
268.4
270.5
271.0
271.2
271.3
271.4
272.0
272.2
272.5
272.5
272.6
272.6
272.7
272.7
272.8
272.8
272.8
272.8
272.8
272.9
272.9
273.0
273.0
273.1
273.3
273.3
273.3
273.3
273.4
273.5
273.6
273.7
273.9
274.1
274.1
274.3
274.3
274.4
274.9
275.2
275.4
275.4
275.6
275.7
276.4
276.6
276.6
276.7
276.7
277.2
277.8
277.9
278.0
278.0
278.1
278.3
278.3
278.3
278.4
278.5
278.5
278.5
278.6
278.6
278.7
278.7
278.9
279.1
279.5
279.5
279.5
279.5
279.8
280.0
280.1
280.2
280.4
280.7
281.2
281.9
281.9
282.4
282.6
283.0
283.2
283.4
283.5
283.9
284.1
284.6
285.2
285.8
286.0
286.0
286.1
286.5
286.7
286.9
286.9
287.0
287.1
287.2
287.5
287.8
288.1
288.1
288.2
288.5
288.5
288.5
289.1
289.1
289.2
289.4
289.8
289.9
289.9
290.4
291.2
291.3
291.6
291.8
292.6
294.1
294.9
295.1
295.4
298.9
302.5
303.5
316.4
411.6
411.6
411.7
411.7
411.7
411.7
411.7
411.8
411.8
411.8
411.8
411.8
411.8
411.8
411.8
411.9
411.9
411.9
411.9
411.9
411.9
411.9
412.0
412.0
412.0
412.0
412.0
412.0
412.1
412.1
412.2
412.2
412.2
412.2
412.2
412.3
412.3
412.4
412.4
412.5
412.5
412.5
412.5
412.5
412.5
412.5
412.6
412.6
412.6
412.6
412.6
412.7
412.7
412.7
412.7
412.8
412.8
412.8
412.8
412.8
412.9
412.9
412.9
412.9
412.9
413.0
413.0
413.0
413.0
413.0
413.0
413.0
413.0
413.0
413.0
413.0
413.0
413.1
413.1
413.3
413.6
413.7
414.0
414.1
414.8
415.2
415.3
415.3
415.3
415.3
415.3
416.3
416.3
416.4
416.4
416.5
416.5
416.5
416.6
416.6
416.7
416.7
416.7
416.8
416.8
416.8
416.8
416.8
416.8
416.9
416.9
416.9
417.0
417.0
417.0
417.0
417.1
417.1
417.1
417.1
417.1
417.1
417.1
417.1
417.2
417.2
417.2
417.2
417.2
417.2
417.3
417.3
417.3
417.3
417.3
417.3
417.4
417.4
417.4
417.4
417.4
417.4
417.5
417.5
417.5
417.5
417.6
417.6
417.6
417.6
417.6
417.6
417.7
417.7
417.7
417.7
417.7
417.8
417.8
417.8
417.8
417.8
417.9
417.9
418.1
418.1
418.1
418.2
418.2
418.4
418.5
418.6
418.9
418.9
419.4
419.8
420.6
420.7
420.7
421.0
422.0
422.0
422.2
422.2
422.5
422.7
422.7
422.7
422.7
422.8
422.8
422.9
422.9
423.1
423.2
423.2
423.2
423.2
423.3
423.3
423.3
423.4
423.4
423.4
423.4
423.5
423.5
423.5
423.5
423.5
423.6
423.6
423.7
423.7
423.7
423.8
423.8
423.8
423.8
423.9
423.9
423.9
424.0
424.0
424.0
424.0
424.1
424.1
424.1
424.2
424.2
424.2
424.3
424.3
424.3
424.3
424.4
424.4
424.4
424.4
424.5
424.5
424.5
424.5
424.6
424.6
424.7
424.7
424.8
424.8
424.8
424.9
424.9
424.9
425.0
425.1
425.5
425.5
425.6
425.7
425.9
426.0
426.3
426.4
426.4
426.5
427.4
427.6
427.7
428.7
428.9
429.8
430.3
430.9
431.2
432.4
432.5
433.6
434.0
434.1
434.4
435.7
435.8
437.5
437.5
438.1
438.3
438.5
438.6
439.0
439.5
439.7
439.8
440.4
440.6
440.6
441.0
441.8
442.0
442.0
442.1
442.1
442.2
442.3
442.6
443.0
443.1
443.1
443.5
443.9
443.9
444.0
444.1
444.6
445.0
445.0
445.1
445.4
445.4
445.5
445.6
446.0
446.1
446.2
446.2
446.4
446.5
446.9
447.1
447.6
448.0
448.0
448.2
448.4
448.5
448.7
448.8
448.9
449.2
449.2
449.3
449.4
449.5
449.7
449.8
450.2
450.4
450.6
450.6
450.7
451.3
451.6
451.8
452.0
452.3
452.6
453.0
453.3
453.9
454.5
454.5
455.0
455.2
456.5
457.0
457.6
457.7
460.8
461.3
462.4
462.7
466.4
469.3
475.2
593.0
593.0
593.1
593.1
593.1
593.1
593.1
593.1
593.1
593.1
593.1
593.1
593.1
593.2
593.2
593.2
593.2
593.2
593.2
593.2
593.2
593.2
593.2
593.3
593.3
593.3
593.3
593.3
593.3
593.4
593.4
593.4
593.4
593.4
593.5
593.5
593.5
593.5
593.5
593.5
593.5
593.5
593.5
593.6
593.6
593.6
593.6
593.6
593.6
593.6
593.6
593.6
593.6
593.6
593.6
593.7
593.7
593.7
593.7
593.7
593.7
593.7
593.8
593.8
593.8
593.8
593.8
593.8
593.8
593.8
593.9
593.9
594.0
594.0
594.3
594.3
594.3
594.5
594.6
595.3
595.5
595.6
595.6
595.6
595.7
595.7
595.8
595.9
596.6
596.7
597.3
597.4
597.6
597.7
597.7
597.7
597.7
597.7
597.7
597.7
597.7
597.8
597.8
597.8
597.8
597.9
597.9
597.9
597.9
597.9
597.9
597.9
597.9
598.0
598.0
598.0
598.1
598.1
598.1
598.1
598.1
598.2
598.2
598.2
598.2
598.3
598.3
598.3
598.3
598.3
598.3
598.4
598.4
598.4
598.4
598.4
598.4
598.4
598.5
598.5
598.5
598.5
598.5
598.5
598.5
598.5
598.6
598.6
598.6
598.7
598.7
598.8
598.8
598.8
598.8
598.8
599.0
599.0
599.0
599.0
599.1
599.1
599.2
599.2
599.2
599.3
599.4
599.4
599.4
599.6
600.0
600.2
600.4
600.7
600.8
600.8
601.1
602.3
602.4
602.8
603.1
603.2
603.2
603.5
603.6
603.7
603.7
603.8
603.8
603.9
603.9
603.9
603.9
604.0
604.0
604.0
604.0
604.0
604.0
604.1
604.1
604.1
604.2
604.2
604.3
604.3
604.4
604.5
604.6
604.6
604.6
604.7
604.7
604.7
604.7
604.8
604.8
604.9
604.9
604.9
605.0
605.0
605.0
605.1
605.1
605.1
605.1
605.2
605.2
605.2
605.2
605.2
605.3
605.3
605.3
605.3
605.4
605.4
605.4
605.5
605.5
605.7
605.8
605.8
605.9
606.0
606.0
606.1
606.2
606.3
606.3
606.4
606.6
606.6
606.8
606.8
606.9
607.1
607.1
607.1
607.1
607.2
607.3
607.4
607.4
607.8
607.9
608.3
608.9
609.1
609.4
609.5
609.8
610.0
610.0
612.3
612.6
613.7
614.1
614.8
615.5
615.8
615.9
616.6
617.3
617.9
618.7
618.9
619.9
620.1
620.1
620.1
620.3
620.5
620.6
620.9
621.3
621.3
621.6
621.6
621.7
621.8
622.0
622.0
622.0
622.0
622.2
622.5
622.6
622.7
622.9
623.0
623.1
623.2
623.2
623.3
623.4
624.2
624.3
624.3
624.5
624.6
624.7
625.2
625.2
625.3
625.4
625.4
625.4
625.6
625.7
626.0
626.0
626.1
626.4
626.4
626.5
626.6
626.6
626.6
626.7
626.8
626.8
626.9
627.0
627.0
627.0
627.0
627.1
627.1
627.1
627.2
627.2
627.2
627.3
627.3
627.3
627.4
627.4
627.4
627.5
627.5
627.5
627.5
627.5
627.6
627.6
627.6
627.8
628.0
628.2
628.2
628.3
628.3
628.3
628.4
628.6
628.9
629.0
629.0
629.1
629.2
629.3
629.3
629.3
629.3
629.4
629.4
629.5
629.5
629.6
629.6
629.7
629.8
630.0
630.1
630.2
630.2
630.4
630.5
630.5
630.6
630.6
631.0
631.0
631.1
631.2
631.2
631.2
631.2
631.3
631.3
631.4
631.5
631.7
631.8
631.9
631.9
632.0
632.0
632.0
632.0
632.0
632.1
632.3
632.3
632.4
632.4
632.4
632.4
632.4
632.4
632.5
632.5
632.5
632.6
632.6
632.7
632.7
632.8
632.9
633.0
633.1
633.3
633.3
633.4
633.4
633.4
633.5
633.7
633.7
633.7
633.8
633.9
634.0
634.0
634.0
634.3
634.5
634.5
634.6
634.6
634.6
635.0
635.1
635.2
635.2
635.2
635.5
635.6
635.7
635.7
635.8
635.9
636.0
636.1
636.3
636.4
636.4
636.5
636.6
636.6
636.8
637.0
637.1
637.1
637.6
637.7
637.7
637.8
638.0
638.0
638.1
638.2
638.2
638.3
638.3
638.4
638.5
638.5
638.6
638.7
638.8
638.9
638.9
639.0
639.0
639.3
639.4
639.4
639.4
639.5
639.5
639.6
639.6
639.6
639.7
639.8
639.8
640.0
640.0
640.0
640.3
640.3
640.5
640.5
640.7
640.7
640.7
640.8
640.8
640.9
640.9
640.9
641.0
641.1
641.3
641.4
641.5
641.5
641.8
642.0
642.7
642.7
642.7
643.0
643.6
643.7
643.7
643.8
644.0
644.0
644.2
644.5
644.6
644.7
644.9
644.9
645.2
645.4
645.4
645.6
645.7
645.7
645.8
645.8
645.9
646.3
646.4
646.6
646.6
646.9
646.9
647.5
647.9
648.1
648.5
649.1
649.3
649.4
649.4
649.6
651.1
651.4
651.7
651.7
651.9
652.1
652.6
652.8
652.8
653.4
654.3
654.9
655.0
655.6
656.6
656.8
657.3
657.8
659.3
659.5
659.5
659.6
662.4
663.3
669.1
672.1
687.5
783.5
783.6
783.6
783.6
783.6
783.6
783.6
783.6
783.6
783.7
783.7
783.7
783.7
783.7
783.7
783.7
783.7
783.7
783.7
783.8
783.8
783.8
783.8
783.8
783.9
783.9
783.9
783.9
784.0
784.0
784.0
784.0
784.0
784.0
784.0
784.0
784.0
784.1
784.1
784.1
784.1
784.1
784.2
784.2
784.2
784.2
784.2
784.3
784.3
784.3
784.3
784.3
784.3
784.4
784.4
784.5
784.5
784.6
784.6
784.6
785.0
785.2
785.2
785.2
785.3
785.3
785.3
785.4
785.4
785.4
785.4
785.4
785.5
785.5
785.5
785.6
785.6
785.6
785.7
785.8
786.0
786.1
786.1
786.3
786.9
787.0
787.2
787.2
787.3
787.4
787.5
788.0
788.2
788.3
788.3
788.3
788.3
788.3
788.3
788.3
788.3
788.4
788.4
788.4
788.5
788.5
788.5
788.5
788.5
788.5
788.6
788.6
788.7
788.7
788.7
788.7
788.7
788.7
788.8
788.8
788.8
788.9
788.9
788.9
788.9
788.9
789.0
789.0
789.0
789.0
789.0
789.0
789.1
789.1
789.2
789.2
789.2
789.2
789.3
789.3
789.3
789.3
789.3
789.3
789.4
789.4
789.4
789.5
789.5
789.5
789.6
789.6
789.7
789.9
790.1
790.1
790.2
790.2
790.2
790.3
790.3
790.3
790.4
790.4
790.4
790.5
790.6
790.7
790.8
790.8
790.8
790.9
790.9
791.4
791.5
792.1
792.3
792.9
792.9
793.4
793.9
794.1
794.2
794.3
794.4
794.5
794.5
794.7
794.7
794.7
794.7
794.7
794.7
794.7
794.7
794.7
794.7
794.7
794.8
794.8
794.9
794.9
795.0
795.0
795.0
795.1
795.1
795.3
795.3
795.3
795.3
795.3
795.4
795.4
795.4
795.5
795.5
795.7
795.7
795.7
795.7
795.8
795.8
795.9
795.9
795.9
796.0
796.0
796.0
796.0
796.1
796.1
796.1
796.1
796.1
796.2
796.3
796.4
796.7
796.7
796.8
796.9
796.9
796.9
797.0
797.0
797.1
797.1
797.2
797.3
797.3
797.4
797.6
797.6
797.6
797.7
797.8
797.9
798.0
798.1
798.2
798.5
798.8
798.9
799.0
799.1
799.3
799.4
799.7
800.0
800.4
800.5
802.5
802.7
803.4
803.8
804.6
806.1
806.3
807.3
807.7
808.0
808.6
809.2
809.3
809.9
810.1
810.1
810.4
810.4
811.0
811.1
811.1
811.2
811.2
811.4
811.5
811.7
811.8
811.8
811.9
812.2
812.2
812.3
812.4
812.4
812.5
813.2
813.3
813.8
813.9
813.9
814.2
814.6
814.7
814.9
814.9
814.9
815.1
815.2
815.2
815.4
815.6
815.9
816.6
816.9
816.9
817.1
817.3
817.6
817.8
817.9
817.9
817.9
818.0
818.0
818.1
818.2
818.2
818.2
818.4
818.5
818.5
818.5
818.7
818.7
818.8
819.2
819.3
819.4
819.4
819.4
819.5
819.5
819.5
819.5
819.6
819.6
819.6
819.7
819.7
819.7
819.7
819.7
819.8
819.9
819.9
819.9
819.9
819.9
820.0
820.0
820.2
820.2
820.3
820.4
820.5
820.6
820.9
821.2
821.2
821.6
821.7
822.0
822.1
822.1
822.3
822.4
822.7
822.9
823.3
823.4
823.5
823.5
823.6
823.6
823.7
823.7
823.8
823.8
823.8
823.9
824.2
824.3
824.4
824.4
824.4
824.5
824.6
824.6
824.6
824.6
824.7
824.7
824.7
824.7
824.7
824.8
824.8
824.9
824.9
824.9
825.0
825.1
825.1
825.1
825.1
825.1
825.2
825.2
825.2
825.5
825.5
825.6
825.8
825.9
826.2
826.4
827.0
827.0
827.1
827.3
827.3
827.4
827.6
828.0
828.2
828.4
828.5
828.5
828.5
828.6
828.6
828.7
829.1
829.4
829.5
829.5
829.5
829.7
830.0
830.1
830.1
830.2
830.5
830.5
830.5
830.6
830.6
830.7
830.9
830.9
831.0
831.1
831.3
831.4
831.5
831.5
831.6
831.9
832.1
832.2
832.2
832.2
832.2
832.3
832.4
832.5
832.5
832.6
832.6
832.6
832.8
832.9
832.9
833.0
833.1
833.4
833.7
833.7
833.8
833.9
834.0
834.2
834.3
834.4
834.4
834.8
835.0
835.4
836.1
836.4
836.5
837.1
837.7
838.2
838.2
838.3
838.8
839.4
839.9
841.4
842.0
842.3
842.5
842.5
842.5
842.8
843.1
844.0
844.7
845.2
847.8
849.1
850.6
851.0
852.9
853.3
853.5
854.6
856.5
857.9
859.1
859.6
861.0
862.0
863.3
903.8
969.9
969.9
969.9
970.0
970.1
970.1
970.2
970.2
970.2
970.2
970.3
970.3
970.4
970.4
970.5
970.5
970.6
970.7
970.8
970.8
970.8
970.8
970.8
970.9
970.9
970.9
970.9
971.0
971.0
971.0
971.1
971.1
971.1
971.1
971.2
971.2
971.2
971.2
971.2
971.3
971.3
971.3
971.3
971.3
971.4
971.4
971.4
971.5
971.5
971.5
971.5
971.5
971.5
971.5
971.5
971.5
971.5
971.6
971.6
971.6
971.6
971.6
971.6
971.6
971.7
971.7
971.7
971.7
971.7
971.7
971.8
971.8
971.8
971.8
971.8
971.9
971.9
971.9
971.9
971.9
972.0
972.0
972.1
972.1
972.5
972.7
972.8
972.8
972.9
972.9
973.3
974.3
974.5
974.7
974.7
974.9
975.0
975.0
975.1
975.1
975.2
975.2
975.2
975.2
975.3
975.3
975.4
975.5
975.5
975.5
975.5
975.6
975.6
975.7
975.7
975.7
975.7
975.7
975.8
975.8
975.8
975.8
975.9
975.9
975.9
976.0
976.0
976.0
976.0
976.0
976.1
976.1
976.1
976.1
976.1
976.1
976.2
976.2
976.2
976.2
976.2
976.2
976.3
976.3
976.3
976.3
976.3
976.3
976.3
976.3
976.3
976.4
976.4
976.4
976.4
976.4
976.5
976.5
976.5
976.6
976.6
976.7
976.7
976.7
976.7
976.7
976.7
976.8
976.8
976.8
976.8
976.9
976.9
977.0
977.5
977.6
977.7
978.2
978.9
979.3
979.5
979.9
980.3
980.4
980.6
980.7
980.8
980.8
981.0
981.0
981.2
981.3
981.7
981.7
981.8
981.8
981.9
981.9
981.9
982.0
982.2
982.2
982.2
982.2
982.2
982.2
982.2
982.4
982.4
982.4
982.4
982.5
982.5
982.5
982.5
982.5
982.5
982.6
982.6
982.6
982.6
982.6
982.6
982.6
982.6
982.6
982.7
982.7
982.7
982.7
982.7
982.8
982.8
982.8
982.9
983.0
983.0
983.0
983.0
983.0
983.0
983.1
983.1
983.2
983.2
983.2
983.3
983.3
983.3
983.4
983.4
983.4
983.4
983.4
983.6
983.6
983.7
983.7
983.7
983.8
984.1
984.2
984.3
984.4
984.4
984.5
984.6
984.7
984.7
984.7
985.2
985.3
986.6
986.6
986.9
988.9
988.9
989.2
989.4
989.9
990.2
990.4
991.1
991.6
991.8
994.0
995.3
995.4
995.4
995.7
996.7
996.7
996.9
996.9
997.1
997.3
997.5
997.5
997.8
998.0
998.4
998.4
998.6
998.8
998.8
999.0
999.1
999.2
999.3
999.4
999.7
999.7
999.7
999.9
