0
1
2
3
4
5
6
7
8
9
10
11
12
13
14
15
16
17
18
19
20
21
22
23
24
25
26
27
28
29
30
31
32
33
34
35
36
37
38
39
40
41
42
43
44
45
46
47
48
49
50
51
52
53
54
55
56
57
58
59
60
61
62
63
64
65
66
67
68
69
70
71
72
73
74
75
76
77
78
79
80
81
82
83
84
85
86
87
88
89
90
91
92
93
94
95
96
97
98
99
100
101
102
103
104
105
106
107
108
109
110
111
112
113
114
115
116
117
118
119
120
121
122
123
124
125
126
127
128
129
130
131
132
133
134
135
136
137
138
139
140
141
142
143
144
145
146
147
148
149
150
151
152
153
154
155
156
157
158
159
160
161
162
163
164
165
166
167
168
169
170
171
172
173
174
175
176
177
178
179
180
181
182
183
184
185
186
187
188
189
190
191
192
193
194
195
196
197
198
199
200
201
202
203
204
205
206
207
208
209
210
211
212
213
214
215
216
217
218
219
220
221
222
223
224
225
226
227
228
229
230
231
232
233
234
235
236
237
238
239
240
241
242
243
244
245
246
247
248
249
250
251
252
253
254
255
256
257
258
259
260
261
262
263
264
265
266
267
268
269
270
271
272
273
274
275
276
277
278
279
280
281
282
283
284
285
286
287
288
289
290
291
292
293
294
295
296
297
298
299
300
301
302
303
304
305
306
307
308
309
310
311
312
313
314
315
316
317
318
319
320
321
322
323
324
325
326
327
328
329
330
331
332
333
334
335
336
337
338
339
340
341
342
343
344
345
346
347
348
349
350
351
352
353
354
355
356
357
358
359
360
361
362
363
364
365
366
367
368
369
370
371
372
373
374
375
376
377
378
379
380
381
382
383
384
385
386
387
388
389
390
391
392
393
394
395
396
397
398
399
400
401
402
403
404
405
406
407
408
409
410
411
412
413
414
415
416
417
418
419
420
421
422
423
424
425
426
427
428
429
430
431
432
433
434
435
436
437
438
439
440
441
442
443
444
445
446
447
448
449
450
451
452
453
454
455
456
457
458
459
460
461
462
463
464
465
466
467
468
469
470
471
472
473
474
475
476
477
478
479
480
481
482
483
484
485
486
487
488
489
490
491
492
493
494
495
496
497
498
499
500
501
502
503
504
505
506
507
508
509
510
511
512
513
514
515
516
517
518
519
520
521
522
523
524
525
526
527
528
529
530
531
532
533
534
535
536
537
538
539
540
541
542
543
544
545
546
547
548
549
550
551
552
553
554
555
556
557
558
559
560
561
562
563
564
565
566
567
568
569
570
571
572
573
574
575
576
577
578
579
580
581
582
583
584
585
586
587
588
589
590
591
592
593
594
595
596
597
598
599
600
601
602
603
604
605
606
607
608
609
610
611
612
613
614
615
616
617
618
619
620
621
622
623
624
625
626
627
628
629
630
631
632
633
634
635
636
637
638
639
640
641
642
643
644
645
646
647
648
649
650
651
652
653
654
655
656
657
658
659
660
661
662
663
664
665
666
667
668
669
670
671
672
673
674
675
676
677
678
679
680
681
682
683
684
685
686
687
688
689
690
691
692
693
694
695
696
697
698
699
700
701
702
703
704
705
706
707
708
709
710
711
712
713
714
715
716
717
718
719
720
721
722
723
724
725
726
727
728
729
730
731
732
733
734
735
736
737
738
739
740
741
742
743
744
745
746
747
748
749
750
751
752
753
754
755
756
757
758
759
760
761
762
763
764
765
766
767
768
769
770
771
772
773
774
775
776
777
778
779
780
781
782
783
784
785
786
787
788
789
790
791
792
793
794
795
796
797
798
799
800
801
802
803
804
805
806
807
808
809
810
811
812
813
814
815
816
817
818
819
820
821
822
823
824
825
826
827
828
829
830
831
832
833
834
835
836
837
838
839
840
841
842
843
844
845
846
847
848
849
850
851
852
853
854
855
856
857
858
859
860
861
862
863
864
865
866
867
868
869
870
871
872
873
874
875
876
877
878
879
880
881
882
883
884
885
886
887
888
889
890
891
892
893
894
895
896
897
898
899
900
901
902
903
904
905
906
907
908
909
910
911
912
913
914
915
916
917
918
919
920
921
922
923
924
925
926
927
928
929
930
931
932
933
934
935
936
937
938
939
940
941
942
943
944
945
946
947
948
949
950
951
952
953
954
955
956
957
958
959
960
961
962
963
964
965
966
967
968
969
970
971
972
973
974
975
976
977
978
979
980
981
982
983
984
985
986
987
988
989
990
991
992
993
994
995
996
997
998
999
1
10
56
98
138
144
157
161
173
261
278
315
323
447
450
460
462
484
659
745
751
765
853
927
968
987
995
997
5
11
12
15
24
35
39
41
42
45
49
51
60
81
100
112
117
129
142
150
166
177
194
200
208
263
269
273
297
314
320
349
350
354
370
391
402
403
407
409
416
434
436
456
464
486
488
513
529
559
584
646
653
679
696
717
718
734
743
756
794
802
815
820
844
856
873
875
881
902
904
907
926
955
973
974
983
991
999
7
8
32
33
38
53
54
63
66
73
86
95
99
107
110
116
128
134
140
141
151
163
172
175
179
190
196
197
198
201
211
217
225
247
252
268
270
286
289
295
299
305
310
322
331
334
336
347
348
353
364
367
371
377
384
393
394
400
408
412
414
423
424
425
435
443
458
468
477
480
492
498
499
500
508
510
516
524
533
547
548
549
554
567
583
591
609
611
613
635
642
649
671
674
677
678
699
722
737
742
749
768
772
777
783
787
789
800
803
805
808
812
824
827
829
832
834
835
837
843
845
846
860
862
863
865
868
869
870
871
877
887
894
897
909
913
915
916
918
925
931
938
941
944
949
961
963
965
967
978
980
981
984
992
993
994
0
2
3
6
9
13
16
17
21
22
27
29
36
37
40
46
47
48
50
58
59
61
62
65
70
71
74
75
76
79
80
83
85
91
93
96
102
103
105
108
111
114
115
118
121
122
123
124
130
135
137
139
143
145
146
148
149
152
154
155
156
159
160
167
169
170
174
176
178
181
183
184
186
187
188
189
191
199
205
210
215
218
221
224
229
233
236
238
240
244
246
259
262
265
266
267
272
274
276
277
280
285
287
291
296
298
300
302
303
304
306
308
309
313
319
321
325
326
329
330
333
337
338
340
342
346
355
356
359
361
362
363
365
366
369
372
373
375
376
378
379
385
386
389
390
395
397
404
406
410
411
413
417
420
422
427
429
430
433
437
438
440
441
442
446
448
451
452
453
454
455
461
463
465
467
471
473
474
475
478
479
482
483
485
487
489
490
491
493
494
495
496
497
502
503
504
505
506
507
514
520
522
526
527
528
532
535
536
538
539
540
541
546
551
552
555
556
563
575
577
578
579
581
582
585
587
592
596
599
600
601
603
607
615
616
618
621
625
627
629
630
633
634
637
639
641
644
647
656
657
658
660
661
662
665
666
667
669
675
676
682
693
702
709
716
719
720
721
726
727
732
736
740
741
744
746
750
752
753
757
759
760
762
763
764
766
767
774
775
778
779
780
781
784
785
788
790
792
796
798
807
810
816
821
823
825
826
828
831
833
836
838
841
847
852
854
855
857
858
859
864
866
867
872
876
878
880
882
885
888
896
898
899
901
903
905
910
911
912
914
917
919
921
922
924
928
929
933
934
935
936
937
940
945
947
950
951
952
956
957
960
962
964
970
971
972
976
977
979
982
985
986
988
989
990
996
998
4
18
19
23
28
31
34
43
44
52
55
57
64
67
68
69
72
77
78
84
88
89
90
94
97
101
104
106
113
119
120
131
132
136
147
153
158
162
164
165
168
171
180
182
185
192
193
195
203
206
207
212
214
216
219
223
226
231
232
237
241
242
245
248
249
250
251
254
255
256
257
258
260
264
275
281
282
283
284
288
290
292
293
307
311
312
316
317
318
324
327
332
335
341
344
345
351
357
360
368
380
381
382
383
387
388
396
398
399
401
405
415
419
421
426
428
431
439
444
445
449
457
459
466
469
476
501
509
512
515
518
519
521
523
525
531
534
537
542
543
544
545
550
553
557
558
560
561
562
564
565
568
569
571
572
573
574
576
580
589
590
593
594
597
598
602
608
610
612
614
622
624
631
638
640
643
651
655
670
684
685
687
688
689
690
691
692
698
700
708
714
715
723
725
728
731
733
747
748
758
761
769
770
771
786
791
793
795
797
799
806
811
814
817
818
819
830
839
849
850
851
861
874
883
884
886
890
891
892
893
900
906
908
920
930
932
939
943
946
948
953
954
959
969
975
14
20
25
26
30
82
87
92
109
125
126
127
133
204
209
213
220
228
230
234
235
239
243
253
271
294
301
328
339
343
352
358
374
392
418
432
470
472
481
511
517
530
566
570
588
595
604
605
606
617
619
620
623
626
628
632
636
648
650
654
663
664
668
672
673
680
681
683
686
695
697
701
704
707
710
712
713
724
729
730
735
738
739
754
755
773
776
782
801
804
809
813
822
840
842
848
879
889
895
923
942
958
966
202
222
227
279
586
645
652
694
703
705
706
711
1
10
56
98
138
144
157
161
173
261
278
315
323
447
450
460
462
484
659
745
751
765
853
927
968
987
995
997
5
11
12
15
24
35
41
42
45
49
60
81
100
129
150
166
177
194
208
263
273
314
320
349
350
370
391
402
407
409
416
434
456
464
486
488
513
584
646
653
679
717
718
734
794
802
815
820
844
856
875
881
902
907
926
955
973
974
983
991
999
39
51
112
117
142
200
269
297
354
403
436
529
559
696
743
756
873
904
7
8
32
33
38
53
54
63
66
86
99
107
110
116
128
134
151
172
175
179
197
198
211
217
225
268
286
289
295
299
305
310
322
334
336
347
348
353
367
377
384
394
400
412
414
424
425
435
443
458
468
480
492
499
500
508
516
524
533
548
549
567
583
591
609
611
613
635
642
649
674
677
678
699
737
742
749
768
772
777
783
787
789
800
803
805
808
812
824
827
829
832
834
837
843
845
862
863
865
868
869
870
871
877
887
894
897
909
916
918
925
931
938
941
944
949
963
965
980
984
992
993
994
73
95
140
141
196
201
247
252
270
393
408
423
498
510
547
554
671
722
835
846
913
915
961
163
364
477
860
967
978
981
190
331
371
21
46
50
108
146
148
154
169
170
176
184
189
205
229
246
280
308
321
325
340
363
372
373
386
404
437
441
452
463
479
493
503
528
538
541
555
563
601
661
669
740
757
775
781
788
790
792
841
859
867
896
898
899
922
934
936
962
972
982
988
22
36
37
61
71
75
76
105
123
130
139
183
188
238
266
272
277
287
300
306
337
366
375
390
410
427
429
446
448
451
455
494
495
502
514
532
536
551
575
579
582
607
615
625
634
656
658
662
720
721
732
736
744
752
784
785
807
810
826
854
864
872
882
885
905
912
917
919
929
940
947
951
964
977
990
2
65
111
115
145
191
236
244
362
413
417
433
596
702
759
833
914
979
998
0
47
48
62
265
296
420
491
957
389
411
779
828
935
482
96
122
330
454
762
767
83
160
467
750
102
760
774
970
461
478
629
675
3
6
16
74
114
152
174
186
187
215
224
233
276
303
313
346
355
356
361
369
379
438
440
471
474
497
507
520
522
526
539
546
552
578
585
587
592
603
621
627
637
639
641
644
647
660
666
693
709
719
726
766
921
989
262
267
285
304
600
903
149
527
121
218
365
665
823
852
866
58
70
80
85
91
137
143
178
302
338
376
378
395
422
430
489
496
504
581
599
618
676
727
763
796
821
838
858
876
888
911
937
986
996
40
79
118
167
199
487
535
780
836
857
910
397
976
342
577
778
798
825
855
880
945
259
630
741
901
933
473
485
240
319
616
816
59
135
274
359
124
309
406
465
540
556
746
831
952
956
155
847
633
878
4
18
28
182
210
245
275
282
383
476
544
557
569
597
602
624
688
692
748
795
819
104
293
333
657
670
714
9
13
103
385
506
716
950
55
64
93
153
158
165
237
380
469
545
640
690
769
770
29
43
207
214
219
249
283
332
360
368
382
580
593
614
691
23
318
326
682
168
248
329
131
258
631
731
851
924
969
203
764
381
518
317
560
284
344
537
643
975
216
67
171
260
291
534
574
594
960
698
771
890
519
562
571
797
814
212
667
799
874
401
818
311
723
44
226
17
576
608
655
753
19
232
483
509
610
946
251
505
180
181
221
421
449
531
542
573
57
119
206
298
817
345
708
88
341
466
565
985
185
561
713
850
192
521
68
136
223
700
725
683
27
928
701
159
256
839
156
324
490
428
849
69
193
84
195
264
806
101
512
550
668
120
525
793
572
663
90
697
604
20
439
622
715
589
255
617
729
891
445
747
884
419
250
900
147
442
791
290
475
704
327
730
388
396
398
623
728
234
811
971
564
94
97
761
405
52
920
892
399
281
444
684
966
1
10
56
98
138
144
157
161
173
261
278
315
323
447
450
459
460
462
484
659
745
751
765
853
927
968
987
995
997
619
605
254
595
908
906
113
34
705
543
695
453
292
307
733
893
612
558
72
434
39
269
297
529
559
743
904
142
590
873
374
242
403
626
200
939
696
638
598
351
117
961
15
41
60
129
456
717
999
81
100
150
314
320
907
974
955
983
112
166
208
354
12
24
35
42
49
194
370
391
407
409
653
734
794
820
844
856
926
11
51
349
991
718
756
45
263
350
488
513
584
815
881
973
5
273
416
436
464
486
501
177
402
646
679
802
875
902
681
930
78
830
408
671
426
231
468
480
949
863
140
435
443
722
913
915
944
984
835
132
674
116
141
310
384
412
196
425
30
270
498
510
827
247
773
758
861
967
387
909
877
95
123
689
523
238
785
164
211
225
613
686
834
837
869
266
423
457
824
516
787
789
808
963
151
175
183
198
336
353
868
994
752
772
394
414
918
980
567
677
894
499
737
829
916
925
938
845
99
424
803
8
377
547
305
7
128
322
591
678
179
347
524
768
865
32
63
86
268
887
992
66
197
217
431
611
777
800
941
54
289
783
400
508
348
367
805
882
33
843
500
583
870
931
548
458
533
662
993
53
107
295
609
742
812
871
520
553
699
749
832
38
89
110
276
492
897
172
286
642
965
130
334
495
549
134
285
862
635
73
241
788
790
990
393
607
649
905
922
940
493
554
864
76
299
615
687
826
846
201
252
948
981
0
781
841
917
429
451
118
148
810
634
340
601
972
801
106
757
364
477
661
978
854
37
964
494
373
720
427
860
532
833
759
267
471
246
919
50
979
213
356
346
337
265
304
371
660
163
257
740
331
357
170
726
644
744
215
190
262
721
114
526
585
300
962
160
363
174
325
541
463
988
83
454
538
455
552
563
259
600
896
229
184
503
775
555
479
139
587
205
308
639
233
189
658
859
186
551
21
441
647
666
697
410
472
237
989
228
280
287
404
771
732
736
921
75
96
275
277
318
461
641
656
61
146
176
369
417
438
522
691
795
982
1
10
43
56
65
98
115
138
144
157
161
173
182
261
278
315
321
323
330
339
383
447
450
460
462
484
580
582
603
659
700
702
725
745
751
762
765
767
792
853
872
927
968
987
995
997
4
74
153
187
188
245
272
359
430
481
536
557
575
624
625
627
665
670
688
719
799
936
947
16
19
20
26
39
46
59
105
168
169
203
244
297
306
361
433
446
596
602
640
692
698
709
724
743
784
851
904
951
952
2
22
71
80
85
108
111
121
122
142
195
200
224
311
319
362
386
390
403
448
465
469
514
527
529
569
592
610
614
623
668
696
701
706
707
708
714
730
770
797
814
836
873
890
895
914
961
3
5
6
11
18
45
48
51
64
79
81
100
102
112
116
117
119
135
141
149
150
152
166
177
192
208
232
240
248
273
283
294
309
313
314
317
320
332
338
354
365
366
378
382
402
406
416
434
436
452
456
464
476
482
486
488
496
519
539
540
543
544
559
584
593
595
597
604
616
617
646
663
679
683
705
710
718
756
760
763
774
776
796
802
807
835
852
857
875
885
899
902
907
911
913
915
929
946
955
974
983
996
13
15
25
28
29
30
41
47
60
93
103
120
129
137
140
145
165
171
178
183
196
234
235
236
247
253
254
298
302
307
375
376
379
401
407
408
425
439
442
453
467
491
498
504
507
510
512
521
545
588
594
599
631
643
653
657
667
669
671
672
695
711
713
715
717
723
734
741
752
753
766
818
823
858
866
874
876
889
950
957
958
967
970
975
999
12
17
23
24
33
35
36
38
42
49
55
62
63
66
67
91
95
97
107
110
124
134
143
181
201
218
221
230
242
252
260
269
285
286
289
291
292
295
299
305
322
333
334
342
347
348
367
370
372
381
384
391
392
393
395
399
405
409
411
412
420
423
424
443
458
466
475
478
506
508
516
520
533
534
547
549
554
560
566
567
568
571
572
574
579
591
611
613
621
629
635
638
642
649
652
675
678
699
727
749
764
778
779
781
783
794
798
803
805
812
817
819
820
825
827
832
843
844
845
855
856
862
865
870
879
894
897
925
926
931
935
937
945
949
965
977
992
8
9
27
32
37
50
52
57
73
87
94
99
101
132
148
151
172
175
180
193
194
197
198
207
209
212
214
217
219
220
226
255
258
271
274
290
336
337
340
341
345
346
353
356
377
380
388
389
400
421
428
432
440
449
468
471
480
485
492
494
500
513
532
537
589
607
618
619
620
630
632
634
637
651
660
673
674
676
693
729
746
747
748
759
768
772
780
787
789
806
815
821
828
846
854
867
880
881
884
901
909
910
912
918
920
934
938
939
944
954
960
972
976
980
984
990
991
998
0
7
14
34
40
44
53
70
76
78
84
86
88
118
123
125
136
163
213
215
216
223
231
241
256
263
266
276
282
284
293
296
310
331
344
349
358
371
385
394
397
398
414
435
473
483
489
495
499
505
518
523
525
546
548
561
573
577
590
598
608
609
615
644
648
661
681
685
716
721
726
737
742
750
757
769
785
788
790
808
811
824
826
829
838
839
850
860
864
868
869
871
877
887
892
900
905
906
908
917
928
940
941
963
964
979
981
993
54
77
131
160
167
170
190
206
211
225
246
251
262
264
270
301
303
312
352
374
418
457
474
477
490
501
502
509
526
531
542
558
576
612
626
633
636
655
664
682
686
687
690
704
722
731
761
777
782
810
813
830
831
833
834
837
841
847
849
863
878
882
886
888
891
903
919
922
923
933
943
953
959
962
978
985
68
69
83
89
92
113
147
156
159
162
174
204
210
249
267
281
300
324
351
355
357
364
373
427
429
437
454
493
515
517
662
677
680
684
735
793
800
801
916
942
956
971
988
994
31
106
109
154
158
164
250
257
265
327
350
363
368
396
415
451
455
463
528
581
628
654
689
720
728
744
755
804
816
822
840
842
932
969
973
114
127
243
259
316
326
328
329
497
552
563
565
601
650
694
733
739
740
754
758
773
848
930
966
986
128
130
133
227
288
304
325
343
387
413
419
600
703
786
791
948
58
72
82
126
185
222
239
335
422
445
530
553
606
645
738
809
360
470
535
538
556
564
712
104
459
487
562
583
268
444
541
585
426
511
524
550
202
605
622
431
896
90
570
578
898
586
229
924
199
883
893
238
861
191
179
155
184
1
10
56
98
138
144
157
161
173
261
278
315
323
447
450
460
462
484
659
745
751
765
853
927
968
987
995
997
297
756
584
904
5
11
15
39
45
51
81
100
112
117
129
142
150
166
200
208
273
314
320
354
402
403
416
434
436
456
464
486
488
529
646
679
696
718
743
802
873
875
907
955
974
983
999
41
49
60
407
559
653
717
902
12
24
35
42
177
194
269
370
391
409
734
794
820
844
856
881
926
349
513
815
991
263
973
350
503
548
524
865
510
347
458
468
591
107
116
286
289
295
348
516
678
915
33
63
66
86
99
110
134
140
141
196
247
305
322
336
367
424
443
492
547
554
567
611
635
671
699
775
803
812
835
843
845
862
868
894
913
925
961
992
8
32
38
54
95
172
198
252
270
299
334
353
377
384
393
394
400
408
412
414
423
425
498
499
500
508
549
613
642
674
737
749
768
772
783
787
789
805
824
827
832
846
869
870
897
918
931
949
963
965
980
984
993
7
53
73
151
175
197
201
211
217
225
480
533
609
742
808
829
834
837
871
887
938
941
944
994
649
677
777
800
916
967
128
190
310
331
435
722
860
909
981
163
268
364
371
477
479
583
863
877
978
555
139
205
308
502
189
807
658
859
551
21
410
441
732
179
277
280
287
404
75
188
340
495
582
736
936
947
22
61
71
146
246
321
417
446
514
536
575
625
656
872
885
951
982
105
169
176
272
390
784
792
972
37
46
108
115
148
183
306
366
386
452
579
702
781
788
790
810
854
899
929
934
962
36
50
65
111
300
302
362
363
372
373
375
433
448
463
596
601
607
615
634
757
785
841
919
922
964
988
2
47
48
123
170
244
266
276
285
337
437
493
494
532
541
661
662
669
752
826
867
905
912
914
917
940
977
62
96
154
420
427
528
720
721
740
759
828
864
990
76
145
236
325
389
411
491
538
563
744
762
767
779
935
957
979
998
0
130
296
429
451
833
102
330
413
455
482
882
898
122
265
587
760
774
229
454
467
639
750
233
896
970
149
238
603
83
160
187
527
666
186
461
627
647
709
16
224
438
487
522
6
369
641
976
989
262
275
313
365
478
592
675
719
857
3
79
121
361
539
546
644
766
152
267
279
303
379
471
474
504
507
599
629
660
665
763
74
80
114
215
218
304
338
440
621
726
796
823
852
858
866
876
911
13
40
70
85
103
167
174
178
191
258
346
356
376
430
465
496
497
520
676
693
903
921
937
986
996
91
137
284
309
355
378
526
618
836
838
880
118
143
342
359
395
473
485
489
552
578
637
727
741
780
821
945
58
577
600
630
888
901
135
240
259
319
581
778
798
910
933
952
59
274
397
406
746
816
825
855
124
422
585
616
633
535
831
956
385
506
540
557
878
9
29
93
333
469
657
847
950
203
210
670
688
692
716
4
18
28
691
43
168
214
237
245
476
580
602
682
795
383
556
614
624
714
764
770
153
283
293
318
332
569
640
748
819
17
64
165
248
326
329
382
544
545
597
851
23
158
219
249
380
381
631
769
960
55
131
291
360
368
593
182
207
667
690
969
282
643
753
731
975
104
199
317
483
537
560
594
171
260
505
924
985
216
344
518
519
521
890
928
298
534
574
818
874
44
67
181
698
723
27
401
156
221
421
466
946
159
490
573
771
88
226
311
571
797
799
814
180
192
345
428
449
561
562
19
68
232
576
610
850
101
155
206
251
341
655
212
708
264
442
531
700
185
542
725
793
57
817
84
193
608
713
195
509
900
69
223
849
565
572
90
398
806
971
256
701
791
839
119
136
419
445
512
747
811
388
475
622
663
683
761
589
697
884
120
290
668
20
525
255
439
715
604
324
564
52
281
550
617
250
405
891
893
97
396
399
729
147
728
94
684
730
704
292
920
254
459
307
327
457
566
72
113
234
558
374
543
34
453
242
501
595
623
638
830
966
241
892
351
733
78
523
590
444
906
908
553
612
619
231
930
26
695
939
30
776
948
605
598
705
689
758
106
626
387
257
1
10
56
98
138
144
157
161
173
261
278
315
323
447
450
460
462
484
659
745
751
765
853
927
968
987
995
997
801
164
357
861
426
132
681
517
271
297
39
743
904
339
672
228
954
559
873
434
529
654
142
269
773
568
213
481
696
89
200
687
112
81
100
150
209
314
320
403
472
756
907
974
117
943
15
129
208
354
999
41
51
60
166
456
717
11
436
718
955
961
983
5
45
273
402
464
486
488
584
653
679
24
42
49
391
407
409
416
646
794
802
844
856
875
902
926
12
35
177
194
370
734
820
886
349
513
588
648
815
881
953
991
263
686
973
350
431
77
294
671
822
140
408
415
468
651
510
915
949
196
913
116
247
835
967
141
425
984
310
674
722
288
184
498
706
301
863
423
435
813
384
270
412
869
95
524
787
789
963
548
808
846
944
336
803
824
834
183
211
225
348
394
414
516
837
865
894
918
353
480
613
868
925
7
198
443
547
591
772
783
845
931
99
151
175
179
347
508
752
870
889
980
994
8
73
424
492
499
500
567
678
737
768
827
829
897
993
32
33
63
86
107
172
289
295
305
322
377
400
812
938
992
66
197
217
367
458
611
909
916
54
677
749
805
843
38
110
286
554
609
699
877
887
941
128
134
201
268
299
334
371
533
635
742
777
800
832
871
965
53
123
190
238
331
393
862
981
14
252
549
642
842
860
632
649
335
583
680
266
707
364
978
477
312
0
163
662
895
788
790
615
786
340
826
864
917
922
990
130
133
759
781
785
530
76
148
979
37
757
601
634
810
841
854
919
337
451
494
495
532
31
118
720
503
754
833
429
267
316
502
905
940
721
300
607
964
775
807
50
71
346
454
661
685
306
784
356
455
551
934
160
366
520
867
479
644
46
441
885
726
882
75
204
235
555
972
215
389
736
188
205
276
375
579
139
154
308
463
526
656
962
36
189
272
363
669
779
936
83
446
541
792
872
21
253
296
493
528
898
146
372
514
536
538
575
660
859
988
48
105
417
658
285
325
404
585
600
741
170
280
386
390
912
947
22
176
410
427
373
942
47
108
115
246
277
287
437
563
732
740
471
896
452
639
899
929
977
413
448
491
702
951
982
321
606
65
96
145
169
828
61
433
552
582
744
625
143
186
229
237
265
355
647
62
262
420
883
932
174
411
596
767
957
236
362
762
914
998
80
935
162
369
774
778
798
825
855
2
85
114
313
430
760
330
467
621
122
244
304
727
111
191
3
102
359
593
126
127
137
378
461
693
989
750
74
232
482
383
440
725
952
522
379
697
124
259
438
603
970
675
857
167
478
497
149
921
233
629
79
328
182
587
187
274
358
87
275
93
338
121
361
365
627
245
487
640
665
691
319
620
16
474
666
527
709
763
766
780
796
631
546
976
153
326
624
986
852
303
302
578
4
539
866
152
823
858
489
996
6
224
724
1
10
56
98
138
144
157
161
173
261
278
315
323
447
450
460
462
484
659
745
751
765
853
927
968
987
995
997
602
641
507
592
212
465
975
876
719
956
397
901
178
18
670
933
714
40
218
13
318
880
911
207
504
535
616
630
910
240
103
890
496
599
637
950
597
608
903
569
937
230
676
344
485
577
29
203
395
20
25
836
406
557
838
743
544
135
309
376
878
59
797
91
192
821
847
565
28
698
55
401
946
814
748
746
819
9
70
333
540
657
168
381
556
352
618
795
43
342
692
180
888
58
360
199
434
529
559
873
291
142
269
284
764
770
382
696
200
668
112
297
756
403
667
688
64
476
716
117
710
208
354
166
456
506
11
51
210
422
436
718
955
983
633
904
945
5
39
469
177
298
311
723
875
317
402
817
57
646
283
682
614
831
104
473
332
902
839
545
380
165
195
214
518
924
581
282
560
999
683
851
802
15
41
60
961
120
580
717
196
129
273
771
81
100
150
260
314
320
907
974
464
486
653
88
584
734
407
49
416
794
391
24
370
409
488
820
856
926
12
42
690
844
45
17
181
194
35
679
349
991
408
881
263
513
815
731
439
973
155
293
350
368
498
385
140
752
449
483
223
547
816
329
221
84
201
251
252
510
984
258
913
915
769
835
247
515
220
534
531
722
248
480
562
468
753
874
768
863
197
217
793
32
918
909
721
216
435
492
548
877
95
131
574
594
609
742
871
944
53
305
443
516
812
295
384
412
674
960
38
66
67
73
116
134
270
583
613
827
27
69
211
225
266
334
425
554
567
649
749
785
834
837
925
949
965
141
393
455
582
625
829
74
86
99
123
151
163
169
175
198
310
336
337
345
353
375
677
737
772
868
916
929
964
994
1
10
36
37
56
98
114
118
128
138
144
147
157
161
170
173
179
188
206
219
238
261
262
272
276
278
289
315
321
322
323
400
404
424
427
429
447
450
451
460
462
484
499
502
509
524
561
579
591
610
626
634
659
678
715
745
751
765
777
788
790
800
807
853
854
865
882
891
912
917
919
927
938
967
968
977
980
987
990
995
997
8
23
33
54
71
83
105
110
148
154
156
158
246
300
302
324
347
364
367
377
444
477
490
493
495
503
507
514
526
532
533
538
573
575
585
592
611
662
671
713
732
741
826
843
860
864
867
887
896
922
941
969
971
978
981
982
992
40
44
46
61
63
68
76
85
107
130
137
142
146
174
176
215
242
267
269
286
306
313
340
363
372
386
390
397
405
419
426
434
454
458
471
487
489
520
525
529
536
559
577
587
599
601
602
603
607
644
647
660
696
699
714
728
740
743
775
778
781
784
787
789
798
805
808
810
832
841
861
862
869
873
898
899
905
934
940
963
966
970
972
988
993
7
21
39
51
58
70
90
91
94
96
101
102
111
112
121
122
143
160
167
182
186
190
200
207
212
224
226
245
281
285
297
299
303
325
341
342
348
354
369
376
394
399
403
414
415
422
431
452
456
459
463
467
474
479
494
496
535
537
541
595
600
604
615
618
623
633
635
637
639
640
642
643
645
648
658
661
669
670
675
687
694
698
705
730
759
760
767
774
783
803
811
825
836
855
859
888
893
903
904
906
920
932
933
936
948
955
962
975
979
983
989
996
998
0
3
5
12
14
22
24
48
49
62
79
81
89
100
104
106
126
127
132
133
139
145
150
164
172
177
193
199
233
239
241
243
249
257
273
277
280
296
304
312
314
320
331
344
351
356
361
362
365
370
371
378
383
388
389
391
395
402
407
409
413
416
420
433
436
438
441
461
464
470
476
486
488
491
508
519
521
528
539
544
550
551
560
576
578
581
584
589
608
612
614
617
619
621
627
629
641
646
653
654
676
681
689
691
695
701
704
709
718
719
720
724
725
726
729
736
762
763
770
779
786
794
799
802
818
820
823
831
833
844
850
856
870
872
875
878
883
884
897
901
902
907
908
926
930
931
935
937
943
961
974
985
986
6
16
31
35
42
45
50
52
75
80
82
87
88
92
108
115
124
129
149
162
165
171
178
184
185
189
191
203
210
236
244
263
265
288
291
292
293
316
317
327
349
350
359
366
373
381
382
387
398
417
423
440
442
445
448
453
465
472
481
497
498
513
545
546
552
553
557
565
566
568
571
572
580
588
593
597
598
606
616
620
622
624
630
631
636
650
651
655
666
679
686
688
690
693
700
708
711
712
738
739
747
750
756
761
764
771
773
796
815
846
848
857
858
881
889
895
910
914
924
928
939
942
957
973
991
2
11
18
19
26
28
29
30
41
43
47
55
59
60
65
84
93
97
119
120
140
153
159
166
168
187
205
235
254
284
287
290
308
309
311
326
330
332
335
338
360
374
396
401
406
410
430
475
478
504
512
547
555
605
628
632
656
663
680
683
684
692
697
702
706
717
746
757
780
797
819
822
824
830
838
840
847
849
866
876
880
890
892
894
900
921
945
952
976
999
4
15
20
25
77
113
125
135
136
155
195
214
221
253
258
271
283
301
307
318
333
358
368
392
408
428
482
510
590
596
652
657
664
668
672
673
682
707
710
733
754
769
792
795
835
842
845
852
913
915
950
953
954
956
958
984
9
17
57
103
117
152
192
208
228
229
247
268
294
298
319
329
339
343
346
355
357
379
380
385
411
432
469
505
517
530
569
586
638
667
685
722
723
752
755
766
791
801
804
813
814
817
851
885
13
34
64
72
109
183
201
237
256
264
279
437
483
501
511
531
570
703
731
946
947
951
181
194
248
259
352
542
716
735
744
748
782
806
809
839
879
911
78
196
202
232
234
250
252
275
282
457
522
523
558
665
727
776
828
222
230
251
506
527
734
816
886
923
180
213
274
518
758
821
959
204
209
218
227
240
220
223
255
328
500
549
260
485
515
562
446
563
564
231
540
556
543
534
421
466
439
480
449
418
473
468
1
10
56
98
138
144
157
161
173
261
278
315
323
447
450
460
462
484
659
745
751
765
853
927
968
987
995
997
42
35
49
354
51
269
391
407
434
456
559
696
743
820
873
955
983
12
24
39
81
100
112
142
150
177
297
314
320
370
402
403
409
436
488
513
646
653
679
794
815
844
856
881
902
904
907
926
973
974
991
5
45
129
200
263
273
349
350
416
464
486
529
584
718
756
802
875
999
11
15
41
60
166
117
208
717
194
734
32
197
217
768
863
909
918
742
211
225
435
829
877
949
53
95
305
548
609
871
944
38
295
384
400
613
674
737
812
965
8
66
73
99
116
134
151
175
270
334
336
353
412
425
516
554
583
749
827
837
925
86
141
198
310
393
424
443
492
591
649
677
678
772
834
868
916
980
994
63
110
128
322
347
367
524
567
611
777
808
860
865
887
938
941
963
992
993
33
54
107
163
179
289
377
394
414
458
533
671
787
789
800
803
805
832
843
869
7
286
299
348
364
477
498
508
635
642
699
783
846
862
897
967
978
981
408
423
499
547
722
824
870
931
961
140
172
190
894
984
268
331
371
510
835
845
913
915
247
196
201
252
549
872
721
154
579
36
71
429
451
455
582
784
130
266
375
427
625
867
882
898
917
929
934
964
977
37
46
76
123
139
146
169
170
188
246
300
337
495
502
503
575
607
634
658
662
785
807
826
854
864
896
912
919
922
988
105
148
176
238
272
306
321
363
372
390
463
494
532
536
538
541
551
601
615
661
669
732
775
788
790
810
841
899
905
935
936
940
972
982
990
21
22
48
50
75
108
236
325
340
366
386
441
452
493
500
555
656
720
740
779
859
962
61
189
205
265
277
287
296
308
373
404
413
479
514
736
781
957
62
65
111
145
184
244
280
362
389
420
437
491
752
757
759
792
833
885
914
998
0
47
115
191
229
417
433
448
744
979
411
596
702
750
947
951
2
183
528
970
96
102
122
160
467
760
767
828
83
330
454
482
762
774
410
480
563
149
753
852
876
976
592
74
507
603
627
903
114
178
215
276
303
361
422
440
446
461
471
474
478
497
546
578
587
621
629
639
647
709
716
888
989
3
40
85
121
137
152
174
186
224
304
313
356
369
376
438
487
489
520
526
539
552
577
585
600
637
641
644
660
666
675
726
763
796
836
921
986
996
6
16
70
118
143
167
187
233
262
267
285
302
338
365
379
395
581
599
618
676
693
719
937
13
58
79
91
103
199
355
378
496
504
522
527
766
778
798
823
838
858
933
80
342
346
397
430
535
825
855
857
866
910
630
633
665
727
741
780
831
901
816
878
911
945
124
259
616
746
821
880
9
210
218
309
319
359
465
847
59
135
155
406
874
956
93
274
385
952
326
329
657
960
333
682
851
240
505
602
950
29
764
924
158
245
485
557
714
890
104
131
182
207
506
597
614
624
670
4
28
55
153
249
282
476
540
544
545
569
688
690
692
748
819
18
23
64
293
318
380
483
640
691
770
795
27
43
165
168
214
237
275
291
360
368
382
580
593
667
769
850
928
969
985
67
258
283
332
381
594
631
203
219
556
17
156
216
284
383
490
537
643
731
793
975
317
344
560
171
818
574
44
248
518
519
521
159
181
260
298
401
573
946
68
88
206
345
531
698
723
311
69
221
341
212
226
442
561
571
576
610
971
101
428
608
655
771
799
814
136
251
509
542
725
797
19
180
192
811
57
84
185
193
469
525
534
562
445
421
708
119
232
264
565
700
817
891
90
398
900
713
791
324
419
475
550
622
893
388
512
572
849
195
806
839
223
701
52
747
396
589
683
120
327
473
564
715
604
663
668
884
147
256
290
399
761
20
281
697
97
255
466
617
94
728
558
729
113
250
459
684
920
449
892
553
704
72
241
453
730
830
292
444
351
405
78
307
566
595
733
34
501
590
638
612
623
948
234
254
930
966
543
242
387
619
861
906
908
523
776
605
758
939
257
106
598
26
231
30
374
357
457
689
695
426
626
164
468
705
439
801
517
132
1
10
56
98
138
144
157
161
173
261
278
315
323
447
450
460
462
484
659
681
745
751
765
853
927
968
987
995
997
339
954
228
431
568
943
588
89
209
481
687
271
822
39
297
743
904
654
953
559
648
773
672
269
434
529
142
873
886
696
200
213
415
77
686
403
42
81
100
112
150
314
320
354
651
907
974
51
35
49
407
456
129
294
391
756
820
955
983
999
12
15
24
41
60
117
370
409
436
653
679
794
844
991
5
11
45
166
177
349
350
402
488
513
646
718
802
815
856
881
902
926
973
208
263
273
416
464
486
584
717
875
961
288
706
194
734
949
632
671
14
408
140
301
967
116
141
425
310
674
472
707
722
984
913
915
247
510
835
196
435
813
863
918
530
225
909
95
211
197
217
768
32
270
443
498
680
808
829
944
963
31
423
837
316
384
335
412
516
787
789
846
869
877
883
889
925
8
73
151
175
312
353
400
613
737
742
834
99
238
305
336
609
803
868
994
7
53
198
394
414
772
786
812
827
871
980
38
66
492
548
567
677
749
754
824
842
860
938
993
295
348
424
508
591
895
897
916
86
128
134
334
377
547
583
611
678
783
870
887
931
965
992
63
107
322
347
367
524
554
649
777
865
941
981
54
133
289
393
752
800
805
894
33
110
179
371
533
685
845
190
331
364
458
832
843
978
123
172
183
268
477
499
642
699
862
266
286
299
635
163
162
201
252
130
864
0
76
662
826
917
990
235
615
922
495
785
788
790
932
549
634
721
759
979
148
620
854
601
841
919
781
253
337
340
494
757
810
500
720
37
118
532
905
940
204
429
451
160
300
276
71
267
607
454
480
784
154
867
934
964
285
779
36
46
127
306
346
375
515
661
882
898
83
366
389
872
942
50
356
427
579
833
215
296
455
885
551
644
669
726
75
188
328
502
585
48
272
372
441
463
807
896
363
493
538
541
929
936
988
325
600
606
656
912
962
972
146
413
520
575
105
170
503
536
775
935
386
390
736
792
555
977
145
176
514
526
740
859
21
22
108
139
265
437
491
899
957
47
115
184
191
230
741
169
229
236
417
658
87
205
246
280
358
373
404
452
479
126
143
189
308
321
420
582
625
732
744
828
947
982
62
65
411
471
528
552
277
433
702
998
287
448
660
96
61
563
951
355
446
760
825
855
914
639
774
174
362
596
959
467
647
767
85
762
186
244
430
778
798
2
114
621
80
111
262
369
410
122
727
750
102
330
970
74
137
378
3
302
482
693
352
124
304
313
359
259
593
440
470
725
461
167
182
921
976
989
149
379
522
497
724
890
952
629
675
25
274
383
438
857
237
478
603
852
79
93
338
361
578
474
121
489
796
823
199
487
232
546
587
763
858
986
275
627
876
996
220
365
933
535
539
666
709
187
233
245
507
866
326
624
631
16
152
40
397
527
640
901
592
641
780
602
903
6
224
665
697
910
956
4
178
465
710
847
153
975
13
766
319
303
719
103
207
376
630
664
1
10
56
98
138
144
157
161
173
243
261
278
315
323
447
450
460
462
484
659
716
745
751
765
853
927
968
987
995
997
577
599
616
637
880
395
496
212
691
70
504
714
878
888
911
485
581
608
937
18
218
344
676
91
836
838
670
753
821
946
544
831
406
565
422
240
746
950
342
59
135
309
569
29
203
318
58
381
618
9
557
764
682
924
55
291
809
168
192
633
958
333
657
155
401
743
797
284
28
851
556
840
43
104
540
210
667
560
748
814
819
88
360
597
945
688
698
329
692
180
770
64
258
795
545
793
476
506
382
559
614
214
269
297
434
874
283
529
873
142
696
668
200
112
354
403
483
904
51
195
456
580
723
731
817
643
955
983
380
385
468
756
165
368
816
436
571
39
117
11
166
27
208
718
839
518
5
298
131
683
317
646
293
181
875
960
402
17
771
969
158
505
690
332
802
902
84
177
221
260
311
23
57
81
100
150
314
320
907
974
999
129
15
41
60
120
42
273
769
49
653
35
407
717
464
486
820
391
794
12
24
370
409
490
594
844
850
488
584
856
926
991
349
513
679
263
416
973
45
350
881
928
815
171
734
248
194
985
156
251
469
67
140
509
534
542
147
562
673
498
249
216
531
574
961
449
159
547
573
704
722
206
729
136
715
247
913
95
915
196
835
201
345
752
439
918
909
519
863
252
473
73
217
197
44
768
69
466
610
435
492
877
270
721
425
674
521
613
116
442
510
949
53
871
944
609
925
384
412
649
19
671
305
393
516
443
812
324
66
295
567
38
749
827
334
537
818
134
264
193
219
554
94
408
971
310
141
256
561
285
32
394
414
548
225
891
837
984
266
583
211
834
785
993
421
967
151
175
634
808
824
353
737
772
994
787
789
377
198
336
868
123
337
677
238
8
829
980
791
916
742
107
424
713
938
86
282
919
128
642
322
854
626
7
965
423
963
869
475
777
941
800
289
591
611
678
887
992
170
367
524
865
347
788
790
803
805
54
499
500
33
63
179
480
525
110
299
400
455
83
533
625
832
894
931
286
458
502
807
843
978
114
321
477
148
163
246
635
699
732
862
929
1
10
56
98
138
144
157
161
173
261
262
278
315
323
348
447
450
460
462
484
493
508
520
526
538
549
585
659
745
751
765
781
845
853
896
897
927
968
987
995
997
61
99
720
783
870
899
172
176
268
386
503
600
601
623
661
730
740
775
846
21
22
46
74
111
160
174
183
190
267
313
331
340
363
371
397
419
445
454
743
882
917
972
37
50
68
96
112
122
142
200
269
280
297
325
369
373
396
399
403
434
441
452
463
487
496
529
535
541
550
551
559
581
587
589
644
660
693
726
774
833
860
873
904
977
981
39
76
79
104
108
212
215
224
228
233
277
302
304
356
361
362
383
427
429
431
438
451
467
468
471
474
491
494
532
544
552
555
595
605
608
621
637
639
640
670
701
708
719
736
757
767
770
778
798
823
872
901
962
979
989
2
3
5
6
11
18
24
45
47
59
81
100
113
115
117
118
119
124
131
150
152
166
177
184
189
191
205
229
232
244
250
263
272
273
287
293
314
320
330
346
349
350
355
381
398
402
404
405
409
416
417
436
440
453
461
464
476
486
488
489
495
497
513
528
545
546
557
578
584
593
597
603
604
622
629
631
641
646
655
679
691
700
709
718
725
744
756
759
762
802
806
815
844
847
848
856
857
859
875
880
885
890
895
902
907
914
921
924
926
973
974
982
988
991
4
15
28
29
41
43
60
65
72
90
120
129
130
139
140
149
156
169
181
185
199
201
203
208
221
223
237
242
247
248
274
283
291
307
308
311
317
318
335
338
354
357
359
360
368
372
374
379
382
390
401
406
435
446
456
465
470
478
479
481
482
490
509
514
522
536
547
553
563
564
565
566
582
606
607
616
617
618
620
624
628
662
663
666
675
684
686
688
696
697
702
717
722
727
748
764
768
769
784
811
835
849
863
866
877
898
913
915
934
947
952
955
956
961
966
969
983
996
998
999
17
48
49
51
52
58
62
66
73
85
89
95
101
102
103
106
116
134
146
168
187
194
195
207
210
213
214
226
230
234
240
265
270
276
290
298
305
309
319
332
364
376
378
380
384
388
392
393
412
422
425
437
443
448
459
473
485
498
501
510
516
527
539
540
554
567
575
576
592
596
609
613
614
615
638
649
665
668
672
674
692
695
715
731
734
738
746
749
752
766
786
795
799
812
813
819
825
826
827
828
839
842
850
851
855
858
864
871
874
906
908
920
925
936
944
945
951
953
954
957
958
985
13
16
19
23
35
55
71
77
97
121
125
126
136
141
143
153
155
158
159
165
182
186
192
204
209
219
236
241
257
294
296
310
339
344
351
358
365
395
407
408
413
430
433
442
444
483
519
521
543
556
569
570
571
572
574
579
580
586
588
598
599
602
610
652
653
667
671
689
721
723
729
747
750
782
785
816
817
821
831
878
879
888
889
892
893
905
909
910
911
918
928
937
940
946
948
949
950
964
984
20
26
30
38
42
53
57
67
87
93
135
147
171
178
180
196
198
218
231
284
329
337
353
370
421
426
512
517
523
530
537
548
560
583
590
594
643
657
681
690
712
733
754
763
772
796
801
809
820
830
838
923
939
943
967
990
25
34
36
64
78
82
109
137
162
216
227
238
245
252
254
255
281
292
295
301
324
334
336
341
343
366
375
391
410
415
492
504
506
534
561
577
630
648
669
673
676
677
683
685
735
758
760
761
792
793
797
818
822
840
868
916
935
9
27
69
86
107
132
154
164
167
188
197
217
259
266
288
328
377
387
411
424
428
469
505
507
511
518
558
562
573
612
704
705
713
728
742
753
773
776
791
794
814
829
876
891
975
986
8
151
175
206
220
222
225
251
256
312
333
420
432
457
466
515
568
647
714
716
739
771
834
852
919
922
959
994
70
75
88
123
128
133
211
243
282
316
342
389
418
472
531
542
658
682
698
779
780
804
836
861
883
980
993
32
80
84
105
127
193
202
239
260
264
327
345
439
449
627
703
706
711
724
787
789
824
837
903
912
938
970
91
94
394
414
707
737
741
755
808
884
900
932
960
258
275
303
385
650
710
933
92
145
285
886
930
249
271
642
694
279
971
253
235
656
687
976
0
633
664
651
12
942
322
300
40
306
326
44
31
14
881
841
810
352
867
634
619
854
654
680
7
965
636
1
10
56
98
138
144
157
161
173
261
278
315
323
447
450
460
462
484
659
745
751
765
853
927
968
987
995
997
963
423
869
409
844
24
743
926
991
81
100
112
142
150
200
269
297
314
320
349
350
403
434
513
529
559
777
856
873
904
907
974
5
11
45
129
166
177
208
263
273
402
436
456
464
486
488
584
646
718
875
973
15
41
60
117
194
416
679
696
717
734
756
802
902
941
955
983
999
35
39
49
354
407
653
42
815
51
370
391
820
794
678
800
591
887
524
611
865
992
289
347
499
500
54
367
803
805
33
63
179
400
480
12
299
533
894
110
286
458
832
843
931
336
348
477
635
699
845
99
468
508
549
768
862
870
897
978
163
268
353
783
812
846
980
172
772
868
938
73
190
201
331
371
393
425
435
547
609
662
722
877
913
66
95
116
134
140
198
247
270
310
384
408
443
498
516
554
613
677
742
827
829
835
860
863
871
915
925
944
961
38
53
295
412
510
548
567
583
671
674
749
909
916
918
981
984
86
128
141
364
492
649
834
837
949
994
107
196
217
252
305
334
424
993
8
32
151
175
197
211
225
394
414
808
824
967
377
737
787
789
642
788
790
170
502
626
807
634
455
503
148
321
493
538
732
246
541
551
575
601
775
784
872
882
896
929
22
61
146
176
373
386
404
441
452
463
536
555
720
740
781
881
885
977
21
46
47
130
139
287
340
363
429
437
446
451
494
528
661
744
898
899
962
972
988
50
76
108
111
169
183
184
189
205
229
277
280
308
322
372
375
390
427
491
532
582
615
625
736
859
934
936
71
191
272
362
366
448
479
495
514
563
579
660
752
757
759
826
864
917
947
951
982
83
115
188
244
337
410
413
417
607
702
828
914
964
979
998
2
62
75
154
265
296
389
433
669
721
774
792
912
957
990
36
48
65
105
236
238
467
596
658
905
919
922
940
37
123
325
330
935
96
266
420
454
482
762
785
833
102
122
160
411
767
779
145
750
149
527
760
656
306
487
535
114
262
338
546
578
585
621
637
778
798
167
267
440
471
474
478
497
526
552
581
600
629
816
970
74
224
304
313
356
361
369
379
422
438
461
489
496
507
520
587
641
675
693
719
726
821
857
989
6
13
16
79
103
174
186
187
199
233
522
539
592
603
639
666
796
921
996
58
121
215
365
397
485
644
727
823
866
888
901
118
430
577
640
647
709
746
763
766
858
880
910
911
937
3
85
143
152
300
302
355
376
395
504
618
627
780
825
831
838
855
945
986
70
80
137
178
218
473
616
676
852
878
903
976
59
276
303
346
359
465
599
630
665
810
841
91
124
135
155
240
274
406
876
956
309
378
540
556
285
319
329
342
632
741
933
210
764
836
93
259
333
475
506
657
847
924
950
952
0
9
29
682
716
104
385
633
544
557
597
624
688
692
4
18
28
158
360
368
380
383
483
545
569
748
214
219
245
291
293
382
476
505
610
614
670
691
770
795
819
854
17
43
153
165
283
318
332
381
580
593
602
690
769
985
64
182
203
248
631
667
714
731
851
969
131
156
168
207
490
537
867
249
282
469
560
753
67
181
237
275
317
975
40
159
171
221
284
326
344
594
890
928
216
518
534
562
643
874
55
260
519
574
723
27
258
298
401
525
793
818
960
311
421
521
850
23
68
573
946
88
101
180
571
192
206
449
576
608
655
226
428
442
531
561
698
771
797
799
69
136
193
251
542
814
19
212
445
466
811
232
509
708
185
345
565
725
264
398
791
817
84
119
849
900
44
223
550
617
622
90
700
839
893
195
341
57
324
388
572
891
52
419
512
806
564
589
713
256
663
715
747
971
290
668
683
701
120
250
396
604
761
20
884
147
255
327
595
97
281
405
439
113
459
684
399
697
728
729
558
94
920
453
566
704
638
72
292
892
351
501
553
34
254
444
733
234
241
307
374
730
242
612
830
930
590
948
758
966
78
457
543
231
387
523
906
908
776
257
605
939
106
861
26
598
164
357
426
689
695
30
801
623
705
822
517
1
10
56
98
138
144
157
161
173
261
278
315
323
447
450
460
462
484
659
745
751
765
853
927
968
987
995
997
132
681
228
954
339
209
672
89
481
431
568
651
943
7
687
773
743
297
904
953
213
39
559
271
965
529
269
873
77
434
142
200
472
886
415
81
100
112
150
314
320
403
696
907
974
409
844
24
117
129
294
926
963
991
15
41
60
166
208
354
436
756
856
999
11
349
456
513
717
718
955
983
5
12
45
177
263
273
350
402
464
486
488
584
646
875
973
49
51
194
407
416
679
734
802
902
35
653
961
42
288
391
820
370
815
794
706
301
423
468
140
408
530
671
869
686
722
913
247
835
915
949
310
425
967
984
116
141
196
510
777
786
941
674
312
480
499
316
678
800
803
335
498
500
524
591
846
887
889
347
611
865
992
336
895
931
54
367
400
435
768
863
894
980
63
289
348
353
508
805
938
33
179
533
813
845
870
881
897
95
588
754
772
783
868
99
685
837
110
183
198
270
299
371
458
516
677
808
829
832
834
843
918
944
73
172
190
238
268
286
331
384
443
477
812
877
925
412
567
635
699
752
787
789
862
978
201
211
225
547
549
609
613
824
827
860
909
994
133
394
414
619
871
883
981
66
128
151
163
175
492
742
749
916
993
31
53
295
393
424
548
583
8
38
86
107
134
197
217
554
620
707
737
32
377
305
364
649
252
334
842
788
790
162
634
123
130
642
266
661
76
148
230
615
759
826
864
917
601
781
979
990
322
340
494
720
757
942
922
932
14
235
662
37
253
337
118
204
625
532
721
919
83
495
785
267
127
429
451
454
784
160
882
905
940
71
455
502
807
885
934
276
389
551
585
898
959
50
346
356
366
493
606
607
669
375
441
515
726
463
538
541
575
46
503
154
170
215
296
528
872
896
47
146
285
358
363
372
427
579
600
644
936
962
964
988
75
188
386
446
491
660
740
775
929
972
36
272
536
555
779
792
413
437
514
736
828
21
48
176
184
520
977
191
373
390
404
563
22
229
306
321
744
108
139
205
246
452
526
732
899
947
105
189
280
308
417
448
479
841
115
126
552
702
810
859
25
169
265
287
300
741
912
957
61
62
277
325
433
471
951
982
145
352
410
582
935
998
656
65
96
143
236
658
774
914
362
411
87
467
825
833
855
174
355
420
710
596
2
762
778
798
111
262
639
854
186
244
621
727
767
114
330
430
369
647
724
80
328
482
760
0
85
102
122
693
470
74
124
750
359
3
313
302
304
378
440
137
167
379
383
461
593
149
522
867
921
497
629
675
182
259
274
725
989
578
438
478
857
970
79
338
487
535
809
474
489
199
220
232
361
527
603
640
121
365
796
237
546
93
952
187
587
397
986
763
996
233
539
624
245
507
780
901
16
275
666
691
823
866
627
152
631
852
858
709
224
641
910
956
958
13
602
6
465
103
766
592
697
976
178
903
975
637
719
821
847
880
153
878
1
10
56
98
138
144
157
161
173
261
278
315
319
323
447
450
460
462
484
496
616
630
659
745
751
765
853
911
927
968
987
995
997
376
831
876
840
4
212
395
485
648
218
243
599
890
933
207
504
577
303
608
665
888
937
240
746
838
70
406
544
344
565
581
676
714
422
670
556
59
764
91
135
58
203
654
18
29
309
381
540
569
924
557
618
318
291
155
192
342
950
326
716
836
560
946
9
168
329
333
664
284
401
28
473
657
743
180
43
88
104
667
360
748
816
945
506
819
210
332
633
692
597
688
814
40
382
797
55
476
545
770
795
214
380
64
731
559
682
851
283
483
753
529
195
269
434
668
873
258
297
142
580
643
793
469
698
200
311
723
112
368
403
904
965
696
165
614
117
166
181
208
756
11
354
385
436
456
571
955
983
298
718
17
518
5
51
562
293
969
39
221
23
131
771
817
683
646
248
27
158
260
317
402
874
902
680
875
594
610
690
490
12
505
120
802
177
769
81
100
150
314
320
907
974
475
960
999
129
273
985
15
41
60
84
409
717
534
844
24
156
464
486
926
991
439
856
171
350
584
349
513
734
263
416
653
45
488
673
973
49
194
679
407
839
35
391
159
820
928
42
251
370
7
449
794
815
67
509
19
147
249
140
715
850
542
136
573
216
498
574
704
729
961
531
617
818
206
247
442
547
722
44
201
913
915
835
196
519
480
537
252
468
752
510
219
626
521
69
95
421
73
345
466
768
791
264
423
324
193
256
963
863
492
425
881
116
877
909
918
671
435
94
634
674
270
561
812
609
613
871
944
925
393
53
408
443
516
217
197
649
384
412
567
949
891
66
525
827
721
134
295
749
310
869
554
38
305
984
141
334
394
414
837
285
583
834
499
548
336
353
980
938
68
266
299
777
772
993
225
967
941
211
868
677
971
500
931
198
824
803
678
808
994
32
800
151
175
238
286
887
894
337
282
524
785
787
789
829
611
367
347
455
591
992
123
737
799
377
549
54
865
400
916
713
845
742
86
289
424
33
63
805
128
179
919
788
790
533
662
107
8
635
458
170
832
83
110
348
699
508
870
929
862
897
843
163
172
477
981
118
978
99
846
321
268
322
405
625
148
246
642
732
783
114
781
262
720
538
585
882
1
10
56
98
138
144
157
161
173
261
278
315
323
447
450
460
462
484
520
526
659
745
751
765
853
896
927
968
987
995
997
61
223
371
730
740
119
190
331
386
454
600
708
899
22
111
174
176
183
340
419
445
550
564
576
601
775
807
21
74
160
267
313
399
589
660
726
743
860
972
50
76
112
122
142
200
228
269
280
297
363
369
373
396
403
404
429
434
452
463
529
532
541
559
587
693
841
873
977
37
39
96
212
224
277
325
356
362
364
427
451
471
474
494
528
552
605
621
637
639
640
644
655
719
736
744
757
759
767
810
833
904
962
979
989
2
3
5
6
45
81
100
115
150
177
184
191
215
229
233
242
244
250
263
272
273
287
293
304
314
320
346
349
350
355
361
383
398
402
416
436
438
464
476
486
488
495
513
544
546
555
563
578
582
584
597
603
608
622
629
641
646
670
679
691
701
718
725
762
770
802
875
902
907
914
924
973
974
982
988
4
11
18
65
117
129
131
139
140
149
152
166
169
189
201
205
208
232
234
247
248
283
308
330
332
357
359
360
368
374
379
381
382
388
390
401
406
417
440
453
456
461
465
478
479
481
482
497
503
514
545
547
557
565
566
593
607
616
620
624
631
656
663
666
675
684
688
696
697
700
702
709
722
727
756
769
815
835
847
859
895
913
915
921
934
955
961
965
966
969
983
998
999
0
7
12
15
16
19
28
29
41
43
51
52
57
60
85
102
116
120
130
181
182
186
187
194
195
203
207
213
214
219
221
226
230
237
240
265
274
276
290
309
311
318
326
335
341
354
372
378
380
392
425
433
435
437
446
448
470
498
509
510
522
527
539
540
543
553
556
596
604
606
609
614
615
618
628
638
665
674
692
695
715
717
734
738
748
752
812
819
826
849
863
864
871
877
881
898
906
908
920
936
944
947
951
952
954
956
957
964
976
13
17
20
23
26
30
35
48
49
62
66
95
97
103
106
121
134
141
143
153
159
165
168
192
257
270
292
296
298
305
307
310
319
339
351
358
376
384
393
395
407
408
410
412
413
430
442
443
475
480
483
501
516
519
554
567
569
571
579
580
586
595
613
649
652
653
667
668
671
672
687
689
723
729
731
747
749
766
771
795
813
827
839
842
851
854
892
905
911
917
922
925
928
937
940
946
950
963
984
985
990
25
36
38
40
44
46
53
55
67
71
93
125
126
135
136
155
158
171
196
209
218
231
236
238
241
245
254
284
295
299
302
337
344
352
365
370
391
397
423
469
473
512
517
523
530
548
560
572
583
590
592
598
599
602
610
617
623
634
643
683
690
705
721
733
750
754
760
763
777
780
785
796
797
800
801
809
817
820
867
893
909
918
923
939
941
948
949
967
14
31
33
34
42
54
59
63
64
70
75
78
137
178
179
188
216
227
252
255
259
281
286
289
300
324
329
334
343
367
409
420
421
424
428
472
492
500
504
506
507
524
534
536
549
591
594
611
647
651
657
664
673
676
678
712
713
714
735
753
784
791
792
803
805
811
814
818
836
838
865
872
876
885
887
894
916
919
926
931
935
986
992
24
47
73
79
82
107
132
145
170
198
222
256
266
275
291
301
306
317
328
333
387
400
411
455
457
458
466
468
505
518
521
533
551
562
568
575
581
612
635
658
661
682
698
704
711
716
742
755
758
761
768
774
788
790
794
799
806
825
829
832
844
845
852
855
857
884
890
900
903
912
945
953
960
975
996
9
27
69
83
110
154
193
197
199
217
220
243
260
282
285
288
342
347
348
377
422
432
439
441
459
485
493
496
499
535
537
558
573
574
627
633
699
706
724
728
764
773
776
778
779
798
822
828
831
874
888
889
938
942
970
980
994
8
80
105
123
133
146
151
175
206
225
264
294
327
338
345
353
375
444
449
508
531
542
588
662
707
710
739
746
808
821
824
830
837
843
862
870
879
883
897
929
933
993
68
87
91
94
104
127
185
211
239
249
258
303
366
394
414
415
418
426
431
491
502
525
561
570
619
626
650
654
669
677
703
737
741
772
786
787
789
804
959
32
58
90
101
163
172
251
316
336
385
389
489
511
632
636
856
891
932
164
167
235
253
477
487
630
793
823
861
84
128
271
279
312
577
648
681
686
694
858
866
869
958
981
77
118
202
680
685
782
816
868
72
92
210
467
834
840
880
901
108
645
848
886
124
850
162
180
204
89
86
930
88
515
878
147
156
490
971
991
113
910
943
109
978
1
10
56
98
138
144
157
161
173
261
278
315
323
447
450
460
462
484
659
745
751
765
853
927
968
987
995
997
99
846
112
743
81
100
150
200
269
297
314
320
349
403
434
529
559
873
907
974
39
129
263
273
350
402
436
464
486
488
584
718
815
904
973
5
11
12
15
41
45
60
142
166
177
194
208
416
513
646
679
696
717
734
756
802
875
902
955
983
999
49
51
117
354
407
653
881
35
456
24
268
370
391
409
820
844
926
42
322
794
856
783
642
991
198
678
201
347
371
190
331
336
722
393
609
674
742
812
829
837
860
877
887
7
63
66
247
270
364
408
435
498
516
533
547
591
649
777
863
871
913
915
925
944
963
965
53
54
116
134
179
295
299
305
310
384
412
425
443
458
510
524
548
554
567
583
613
749
800
835
865
894
909
916
918
961
984
992
33
38
107
141
196
286
289
348
400
423
468
480
492
500
549
635
671
768
803
827
845
931
941
949
994
73
110
140
252
334
367
424
499
611
699
805
824
832
938
980
993
95
151
175
197
217
321
353
377
394
414
508
772
808
868
967
8
32
128
211
225
677
737
787
789
843
862
869
172
870
897
477
834
981
86
148
163
246
625
732
538
720
775
601
781
896
130
386
404
541
22
61
306
373
452
463
555
656
740
807
882
898
972
977
37
111
176
277
287
300
340
363
437
494
528
744
899
988
21
169
183
184
189
205
229
280
308
325
372
390
427
429
451
514
532
563
615
736
757
788
790
810
841
934
936
947
962
71
76
139
272
362
410
448
479
495
582
752
759
867
951
46
50
188
191
413
417
446
536
551
575
579
607
702
785
826
833
854
919
922
979
982
998
2
36
62
115
154
238
244
265
296
337
433
441
493
503
658
721
859
872
885
912
914
917
929
957
990
0
48
65
105
420
455
502
596
634
784
864
905
940
123
146
170
266
330
375
454
482
661
662
669
792
935
47
96
236
366
411
828
964
102
122
145
160
389
762
767
779
75
491
750
83
774
108
149
527
760
114
262
976
546
585
637
526
578
600
621
267
338
440
471
474
497
520
587
629
693
719
726
970
6
224
313
355
356
361
369
379
467
478
507
603
641
644
675
989
3
13
16
74
103
187
233
438
461
522
581
639
660
666
121
174
186
215
304
346
365
539
552
647
709
727
766
40
378
395
496
592
627
665
763
780
796
143
152
155
199
218
303
376
422
430
504
618
838
888
903
937
986
996
85
178
276
616
816
836
857
911
921
58
70
79
80
135
167
285
302
359
397
473
599
676
823
825
855
945
240
274
342
406
535
540
556
633
847
866
876
137
309
326
465
485
487
630
821
852
858
880
956
91
933
952
319
329
577
741
778
798
831
259
489
657
746
950
59
93
506
901
924
9
29
333
383
158
544
557
597
688
124
210
385
624
682
692
716
748
4
18
28
118
360
368
380
476
545
569
691
878
960
17
43
104
245
382
505
670
690
770
795
985
153
214
219
283
293
318
332
381
593
602
640
667
714
731
764
910
23
55
165
203
207
248
421
580
614
631
769
819
969
131
168
181
182
249
282
291
469
64
237
275
483
537
928
159
753
221
560
643
851
258
284
344
518
975
44
67
216
260
317
534
594
27
298
519
562
574
171
401
723
818
311
890
946
449
521
571
136
156
192
442
573
576
608
698
226
341
345
428
466
531
542
561
655
771
799
101
251
797
850
874
212
708
793
814
19
69
180
185
419
490
206
232
264
509
525
610
900
68
398
445
565
725
791
119
550
817
223
622
700
57
90
475
405
811
849
893
84
193
195
839
324
388
512
564
713
806
256
572
589
52
88
250
747
663
668
891
971
701
715
290
396
683
120
884
255
20
761
281
327
399
439
459
97
604
684
697
617
728
729
566
558
920
453
147
704
94
292
553
34
254
638
730
830
892
351
234
457
501
241
242
733
612
948
307
374
543
590
595
72
966
231
444
523
930
623
78
906
908
387
758
113
605
26
106
257
939
619
689
776
598
357
30
695
861
426
626
801
228
517
705
1
10
56
98
138
144
157
161
164
173
261
278
315
323
447
450
460
462
484
659
745
751
765
853
927
968
987
995
997
132
954
681
672
209
339
822
481
651
568
271
431
687
588
773
953
654
743
297
648
904
39
559
978
213
529
142
269
943
434
873
886
200
112
81
100
150
314
320
907
974
89
403
696
117
415
129
349
756
999
15
41
60
166
208
288
436
472
717
11
51
77
273
350
354
456
718
955
983
991
5
12
45
177
194
263
294
402
464
486
488
584
646
679
734
802
815
875
902
973
49
407
416
513
653
881
35
632
961
370
391
409
686
820
926
24
42
794
844
856
706
14
99
301
530
408
846
671
722
140
247
915
913
949
196
310
468
835
895
967
984
141
510
116
425
674
813
268
335
31
322
312
754
783
889
316
863
498
198
435
837
423
786
336
642
963
95
371
842
331
707
7
190
270
347
547
678
808
829
183
238
516
918
925
944
133
201
348
384
412
443
480
752
787
789
803
869
877
394
414
609
613
824
860
883
894
994
211
225
400
500
567
742
812
845
887
909
931
63
66
73
305
353
492
508
533
591
685
768
772
777
868
871
916
980
992
993
53
54
151
175
179
289
295
393
499
548
583
680
749
800
827
834
865
938
965
33
38
107
364
458
524
620
649
737
870
941
8
134
197
217
367
377
424
554
611
677
897
32
286
299
334
549
805
110
128
172
252
635
699
832
843
981
862
86
130
230
235
477
0
123
148
615
253
601
759
781
788
790
76
163
266
720
979
826
917
990
757
864
932
340
494
785
204
841
922
810
634
854
37
495
337
662
919
532
721
942
267
300
454
451
162
429
306
882
905
940
160
346
898
934
127
585
71
321
606
726
867
46
276
356
50
83
328
463
538
607
118
154
296
541
551
600
644
656
775
784
807
896
215
358
363
372
515
885
964
126
285
325
389
427
528
272
366
386
579
625
779
833
936
962
972
988
36
188
246
375
413
441
661
732
740
404
437
446
514
555
736
22
390
455
493
520
563
669
744
977
21
48
184
373
502
575
912
176
191
229
452
536
947
105
205
280
417
448
479
526
792
872
899
189
308
503
828
929
959
115
139
146
169
170
265
702
957
47
61
75
277
287
410
433
62
951
998
471
552
859
935
982
411
420
658
741
65
143
145
352
355
491
96
362
582
87
236
111
262
724
914
2
174
596
639
25
114
621
660
727
108
762
767
774
330
430
647
825
855
244
369
482
760
186
710
80
85
102
122
378
693
470
3
750
359
74
304
467
313
383
440
302
379
593
149
522
461
497
778
798
970
274
629
725
976
137
675
989
952
182
338
438
578
478
664
124
603
921
167
474
527
857
93
121
361
546
840
199
365
326
79
237
587
796
187
763
986
232
535
233
220
507
624
809
996
16
245
539
627
666
40
487
780
13
259
275
631
691
709
847
397
958
224
641
823
152
6
489
640
852
866
933
903
956
103
465
637
858
697
1
10
56
98
138
144
157
161
173
261
278
315
323
447
450
460
462
484
659
719
745
751
765
766
853
927
968
975
987
995
997
4
178
616
592
901
376
602
303
319
630
218
395
665
876
207
599
153
496
880
911
70
504
608
240
485
838
544
937
212
406
714
344
821
565
888
556
577
670
676
18
831
950
135
581
155
890
946
29
203
309
422
540
342
381
557
836
924
91
243
569
746
878
910
318
618
59
473
58
192
291
284
633
764
9
168
401
28
55
329
657
333
560
743
43
360
682
667
506
748
692
716
797
945
688
819
545
382
597
104
210
476
258
770
731
795
214
380
816
283
643
753
180
559
814
529
269
64
195
297
434
668
873
142
614
698
469
580
112
200
368
723
181
403
904
483
696
165
298
851
332
756
17
117
11
166
208
436
571
39
51
354
385
955
983
221
456
518
718
5
969
158
293
683
248
562
646
771
27
260
875
960
793
317
402
690
311
505
88
902
23
131
120
802
991
985
81
100
150
314
320
907
974
177
769
171
999
129
534
874
273
15
41
60
439
717
84
464
486
928
159
349
584
734
263
350
416
488
594
653
973
12
45
194
679
513
815
49
407
449
35
820
251
817
881
926
370
391
24
409
42
794
844
715
249
509
856
67
673
19
542
136
839
704
818
574
156
140
216
531
442
498
147
961
729
247
490
44
547
201
421
206
722
850
196
573
915
537
913
519
835
521
978
345
252
752
510
610
791
219
264
69
95
256
466
480
863
475
73
324
468
492
674
877
918
909
425
435
671
768
561
116
270
609
613
393
408
871
925
944
516
53
649
812
99
412
217
305
384
443
197
949
567
642
193
66
94
295
749
827
134
310
405
554
721
891
38
282
837
141
984
334
394
414
285
846
198
583
525
785
548
336
834
993
967
266
971
225
211
423
824
322
634
742
808
238
994
268
829
799
625
787
789
32
151
175
377
353
337
772
713
868
737
7
123
626
916
980
919
499
564
347
341
677
938
107
678
223
424
963
8
894
887
783
965
289
128
777
854
869
788
790
803
845
800
57
549
992
591
941
54
931
321
63
179
865
533
524
86
400
286
33
299
611
367
805
170
458
455
445
732
246
83
348
110
635
832
720
148
981
576
699
929
114
262
843
500
172
508
708
781
119
477
862
526
1
10
56
98
138
144
157
161
173
261
278
315
323
447
450
460
462
484
585
659
745
751
765
853
897
927
968
987
995
997
371
520
538
870
896
493
61
331
163
807
190
364
600
806
386
454
550
601
740
860
899
22
37
111
176
183
313
340
399
661
21
74
160
174
363
404
589
726
743
882
972
76
269
280
325
373
396
429
434
452
463
529
532
541
559
644
660
693
757
833
873
977
39
50
96
112
122
142
200
224
255
272
277
297
362
369
388
403
427
451
471
474
494
528
552
605
639
655
662
719
736
744
904
962
979
989
3
5
6
108
118
177
212
215
233
242
244
273
287
304
346
349
355
356
361
398
402
436
438
467
476
491
495
502
555
578
587
608
621
622
640
641
646
670
701
718
725
759
762
767
802
875
902
914
982
988
2
11
18
45
59
65
68
81
100
115
117
124
129
131
139
149
150
152
166
169
184
189
191
205
208
229
232
234
248
263
293
314
320
330
350
359
368
374
381
382
416
417
440
453
461
464
479
486
488
497
513
514
545
547
563
565
582
584
593
597
607
616
620
624
629
631
663
675
679
684
696
702
709
722
727
756
769
815
823
847
856
907
921
922
924
934
955
961
969
973
974
983
998
4
15
28
29
36
41
43
51
52
60
85
120
130
140
186
187
203
207
214
219
221
226
237
240
247
265
274
276
283
290
308
309
311
318
332
335
354
357
360
372
378
379
380
390
401
406
410
419
433
435
437
448
456
465
470
478
481
482
489
509
510
522
527
539
544
553
596
606
615
618
628
638
665
666
674
688
692
695
717
748
752
826
835
842
849
859
863
864
877
895
898
905
906
913
915
920
940
947
951
952
954
956
964
966
978
991
999
0
13
16
17
19
20
23
48
49
62
66
73
95
97
102
103
106
116
121
134
141
143
153
165
168
182
192
194
195
210
213
270
292
296
298
305
310
319
339
351
358
376
383
384
392
393
412
413
425
430
442
443
446
468
490
498
501
503
516
543
546
554
557
567
571
572
579
580
592
595
603
609
613
614
623
649
653
671
672
705
715
729
734
749
766
771
795
812
813
819
827
839
866
871
892
908
911
925
928
936
937
944
946
950
957
984
985
990
26
30
35
38
53
55
67
71
99
113
135
159
180
188
196
204
209
218
236
238
241
245
254
257
275
284
295
322
344
365
370
395
407
408
475
480
483
487
512
517
519
548
560
566
569
583
586
590
598
599
602
610
642
647
652
656
667
668
714
721
723
733
747
750
754
760
763
785
796
797
809
817
820
836
841
846
851
858
878
893
909
918
923
939
948
958
967
7
12
25
34
42
64
93
126
137
158
171
178
252
259
268
281
324
326
329
334
337
343
391
405
420
423
424
428
469
472
473
485
504
506
507
523
530
534
594
604
625
643
648
657
658
669
673
676
677
683
687
698
711
713
742
761
791
792
794
801
810
818
829
838
868
884
900
903
910
912
916
917
919
935
949
986
40
46
54
77
78
107
132
154
216
222
223
227
228
243
256
266
282
285
289
301
321
328
377
387
411
421
457
492
499
505
518
536
562
564
568
573
591
612
617
627
632
681
706
753
755
773
776
777
783
799
800
803
814
822
825
840
855
872
876
887
894
941
965
975
992
9
27
33
57
63
69
80
86
105
109
145
162
179
181
193
197
198
201
217
220
250
260
286
299
300
333
352
367
397
432
439
466
524
533
540
549
551
556
558
611
664
686
704
707
710
716
728
737
741
779
788
790
830
834
845
852
865
869
881
885
931
943
994
8
14
31
70
75
79
82
91
94
123
133
151
170
175
206
225
230
249
264
302
306
327
394
400
414
449
515
521
531
542
575
581
633
634
678
682
685
738
739
764
784
787
789
804
805
808
811
824
854
867
880
883
888
901
926
970
976
993
996
24
32
47
88
127
199
211
231
239
253
258
294
303
307
317
341
366
385
409
418
574
651
703
746
758
768
774
780
821
828
857
874
886
889
890
945
953
960
235
291
455
458
535
537
588
650
730
831
844
932
963
87
89
185
246
271
342
347
561
570
680
694
732
837
879
891
933
938
980
44
83
146
251
338
345
348
353
375
415
441
496
772
775
778
793
798
850
861
942
959
84
164
167
267
336
389
626
654
930
316
431
619
636
782
92
202
279
312
444
525
645
691
697
700
770
816
426
577
58
786
136
155
104
128
511
125
147
445
724
971
90
288
110
72
422
635
459
101
637
156
630
731
690
832
689
735
848
712
1
10
56
98
138
144
157
161
173
261
278
315
323
447
450
460
462
484
659
745
751
765
853
927
968
987
995
997
720
112
981
349
513
856
81
100
150
200
269
297
314
320
403
434
529
559
873
907
974
39
129
142
350
436
488
743
904
973
5
11
15
41
45
60
166
177
208
263
273
402
416
464
486
584
646
679
696
718
756
802
815
875
902
955
983
999
49
117
456
653
717
734
991
35
51
194
354
407
699
12
370
794
820
42
391
148
881
926
24
409
844
843
172
500
508
477
862
897
371
870
331
468
868
190
812
364
499
860
163
609
677
742
869
877
66
140
247
270
393
498
516
547
674
829
834
863
871
915
925
944
53
54
73
95
116
295
310
322
384
408
412
435
443
510
533
548
554
613
649
749
887
913
916
918
978
7
38
63
86
99
107
141
179
268
289
299
305
425
458
480
492
567
583
591
671
722
777
827
835
846
894
909
961
984
992
994
33
134
196
198
201
252
286
334
400
423
524
549
678
737
783
800
808
824
845
865
941
949
993
151
175
197
217
348
377
394
414
424
611
768
787
789
803
805
929
931
963
965
967
8
32
211
225
367
642
837
980
347
772
938
336
353
110
128
635
493
538
781
601
896
130
22
111
386
404
541
61
452
463
555
898
977
37
183
340
363
373
437
491
494
502
528
661
662
740
744
807
899
972
108
169
176
184
189
205
272
277
280
287
308
325
372
390
427
429
532
615
736
757
788
790
934
962
988
21
50
71
229
362
451
479
495
514
563
582
832
882
919
922
936
947
951
982
36
46
76
139
188
244
296
321
410
413
446
448
503
551
579
658
669
702
759
810
826
833
864
964
998
2
62
115
154
191
238
246
337
417
433
536
607
625
785
841
859
905
914
940
979
990
48
65
75
105
236
265
306
467
575
721
854
867
885
912
957
0
123
266
300
330
420
454
775
792
872
917
47
96
170
366
411
482
634
656
752
784
935
122
146
160
455
596
732
762
767
828
102
375
441
546
779
145
262
389
750
114
149
527
760
83
585
587
603
774
719
526
578
600
621
440
471
474
489
497
520
629
970
224
369
379
507
641
644
675
976
3
6
13
16
186
187
233
313
355
356
361
438
478
522
581
639
666
989
74
103
215
304
346
461
539
552
627
647
660
709
766
866
921
121
174
365
592
665
763
823
143
218
303
376
378
395
430
487
618
693
796
858
903
986
996
40
70
152
167
178
267
276
338
485
496
504
637
676
780
816
838
901
910
911
937
80
118
135
285
599
836
857
878
880
888
945
79
359
397
406
535
726
852
85
155
199
240
302
309
465
473
847
876
58
59
91
124
329
821
956
137
210
259
274
342
540
556
616
633
727
741
933
952
544
557
746
831
93
319
506
577
657
924
950
9
29
158
682
326
385
422
597
688
748
778
798
333
624
716
4
28
368
569
630
17
18
43
219
245
360
380
476
483
505
545
692
795
819
214
283
332
381
382
383
490
593
667
670
714
769
985
104
153
203
207
248
249
293
318
602
614
640
764
825
855
55
165
168
237
275
282
469
580
631
928
969
23
131
182
291
537
770
960
64
643
691
753
975
159
258
344
560
851
171
181
216
260
284
518
576
818
27
221
298
317
401
519
534
574
594
67
723
44
311
562
946
88
180
421
571
874
890
192
206
428
442
449
608
708
797
68
521
531
542
573
655
771
799
251
561
814
226
341
466
690
791
850
193
212
698
793
19
136
156
185
232
264
345
610
811
69
90
101
900
565
725
817
119
398
550
839
57
700
893
475
525
849
971
84
195
731
806
223
388
509
324
419
256
572
668
713
747
891
564
622
512
884
120
255
396
683
701
52
250
589
290
761
663
20
399
327
439
566
604
684
281
715
113
147
405
728
617
697
445
558
830
920
292
453
97
459
704
254
553
351
94
638
34
892
457
241
242
730
948
234
374
501
612
966
543
590
72
729
930
307
523
387
595
908
623
758
906
78
257
106
231
939
776
26
605
444
733
598
357
619
861
689
30
695
164
801
339
517
626
1
10
56
98
138
144
157
161
173
261
278
315
323
447
450
460
462
484
659
745
751
765
853
927
968
987
995
997
705
426
228
132
681
954
209
431
481
672
822
568
89
271
654
588
953
213
773
943
39
297
904
743
651
472
559
529
269
886
648
873
434
112
142
77
200
696
81
100
150
314
320
403
907
974
349
117
129
513
756
856
15
41
60
208
436
686
999
11
166
273
350
354
717
718
955
983
5
45
51
263
402
456
464
486
488
584
646
679
875
973
49
177
415
416
653
720
734
802
815
902
991
35
194
407
12
370
820
961
42
294
391
794
288
926
24
409
844
881
687
895
301
140
408
468
530
671
706
247
915
14
674
913
949
981
967
984
141
196
310
835
116
425
722
335
813
510
699
508
31
316
889
148
172
312
435
498
500
863
869
371
477
843
870
897
423
868
331
842
499
547
680
834
862
95
190
846
183
480
707
808
133
238
270
516
787
789
812
829
877
918
925
944
963
7
73
384
677
860
394
412
414
443
609
613
742
783
786
803
824
837
994
198
211
225
348
364
632
883
894
909
916
66
99
151
175
268
400
492
567
685
737
845
871
993
53
54
63
179
295
305
322
393
533
548
591
749
887
931
992
38
86
107
377
554
583
649
678
752
768
772
777
800
827
980
8
33
163
197
217
289
336
353
524
865
938
941
32
201
334
424
458
611
978
252
299
805
134
286
347
367
549
620
965
642
128
130
662
110
123
0
253
601
635
781
788
790
235
266
615
759
864
826
979
76
990
494
757
917
932
340
785
37
832
204
922
162
634
841
754
810
854
942
337
532
118
721
919
929
454
495
160
661
346
905
940
267
451
493
71
126
300
585
898
934
230
429
276
606
724
306
538
46
50
296
356
463
600
644
882
896
154
328
541
551
607
867
964
215
285
363
372
502
83
272
427
491
528
669
784
833
959
36
127
188
366
386
515
579
807
885
936
962
972
988
75
325
358
389
437
555
736
779
413
514
22
390
404
446
520
526
726
740
744
977
48
184
373
503
912
21
176
229
375
452
563
899
105
191
205
280
479
575
792
947
108
189
308
417
441
536
872
115
169
448
656
47
61
146
265
277
287
433
702
775
957
62
139
170
828
951
982
998
246
321
410
471
552
741
143
355
420
455
658
859
65
236
262
352
411
582
935
25
96
111
467
87
145
362
914
625
660
2
114
732
621
639
174
244
762
767
186
330
430
647
369
774
482
596
760
80
102
122
378
470
85
3
304
750
727
74
313
359
124
440
693
593
825
855
302
379
149
522
780
497
664
970
383
461
629
921
603
675
220
546
989
578
137
167
182
274
438
778
798
952
958
259
478
489
766
976
93
587
725
237
361
474
527
121
338
809
857
79
365
232
796
187
986
199
397
763
535
233
624
996
16
245
275
487
507
539
666
901
627
866
709
823
13
631
224
641
40
152
640
847
852
903
910
1
6
10
56
98
138
144
157
161
173
261
278
315
323
447
450
460
462
484
659
745
751
765
840
853
858
927
933
968
987
995
997
326
665
719
956
103
465
178
243
975
592
691
4
303
376
602
878
218
395
544
599
876
880
911
207
319
485
496
212
504
616
153
240
838
937
70
608
714
344
581
406
565
637
670
676
821
888
630
557
697
577
18
135
890
203
556
836
29
59
309
381
924
950
569
831
91
618
946
318
746
342
540
192
168
9
58
155
291
764
284
360
401
329
657
28
560
710
55
88
333
795
43
633
667
748
506
682
743
422
797
210
688
819
945
473
716
180
382
545
692
814
258
476
597
770
214
816
380
283
753
483
559
297
529
668
104
195
269
873
112
434
64
142
469
614
200
368
723
851
580
696
165
403
904
