67
68
71
77
78
79
80
82
83
84
85
41
43
44
45
46
47
48
49
50
51
52
53
54
55
56
57
58
59
60
61
62
63
64
65
66
69
70
72
73
74
75
76
81
86
87
37
38
39
40
42
88
9
12
13
14
15
16
17
18
19
20
21
22
23
24
25
26
27
28
29
30
31
32
34
35
36
4
5
6
7
8
10
11
33
89
90
3
91
92
93
2
94
95
1
0
96
97
98
99
84
79
82
77
80
78
83
85
50
72
74
81
86
67
68
69
71
75
52
53
54
58
60
61
62
64
65
48
70
76
41
49
51
55
57
59
66
73
87
47
43
44
46
63
45
56
42
39
37
38
40
88
22
35
21
34
36
16
25
13
29
26
30
31
12
18
20
27
28
17
23
32
9
14
19
24
7
15
11
33
10
6
8
5
89
4
90
3
91
92
93
2
94
58
59
60
62
63
64
65
66
67
68
69
71
72
74
77
78
79
80
81
82
83
84
85
86
41
43
44
45
46
47
48
49
50
51
52
53
54
55
56
57
61
70
73
75
76
87
36
37
38
39
40
42
88
9
12
13
14
15
16
17
18
19
20
21
22
23
24
25
26
27
28
29
30
31
32
34
35
4
5
6
7
8
10
11
33
89
90
3
91
92
93
2
94
95
0
1
96
97
98
99
84
79
80
82
77
85
78
83
74
81
50
68
69
71
72
86
64
67
75
52
53
54
58
60
61
62
65
48
49
51
70
76
41
47
55
57
59
66
73
87
44
63
43
46
45
56
42
39
38
88
22
35
37
40
21
34
36
16
13
25
29
26
12
18
20
27
28
30
31
17
9
14
19
23
24
32
7
15
11
33
10
6
8
5
89
4
90
3
91
92
93
2
94
79
84
41
47
48
49
50
51
52
53
54
55
57
58
59
60
61
62
63
64
65
66
67
68
69
70
71
72
73
74
75
76
77
78
80
81
82
83
85
86
87
22
35
37
38
39
40
42
43
44
45
46
56
88
7
9
11
12
13
14
15
16
17
18
19
20
21
23
24
25
26
27
28
29
30
31
32
33
34
36
4
5
6
8
10
89
90
3
91
92
2
93
94
95
0
1
96
97
98
99
84
79
80
82
77
78
85
83
50
72
74
81
68
69
71
86
52
53
54
64
67
75
48
58
60
61
62
65
41
49
51
55
70
76
47
57
59
66
73
87
43
44
46
63
45
56
42
39
37
38
40
22
35
88
21
34
36
16
13
25
29
26
31
12
20
27
28
30
18
14
17
19
23
24
32
9
15
7
11
10
33
6
8
5
4
89
90
3
91
92
93
2
94
78
79
84
41
48
49
50
51
52
53
54
55
57
58
59
60
61
62
63
64
65
66
67
68
69
70
71
72
73
74
75
76
77
80
81
82
83
85
86
87
39
42
43
44
45
46
47
56
13
16
20
21
22
25
26
27
29
30
34
35
36
37
38
40
88
6
7
8
9
10
11
12
14
15
17
18
19
23
24
28
31
32
33
89
4
5
90
3
91
92
95
93
1
2
0
96
94
97
98
99
79
82
84
77
78
80
85
72
74
83
67
68
69
71
75
81
86
50
53
54
58
61
62
64
65
70
52
57
59
60
66
76
48
49
51
55
63
73
41
47
87
44
46
56
43
45
42
39
37
38
88
35
40
34
36
22
21
25
26
29
31
30
27
28
32
13
16
20
18
24
33
23
89
12
17
19
9
14
15
90
7
11
10
6
8
5
4
91
92
93
3
95
94
2
96
97
1
0
98
99
77
78
79
80
82
84
85
41
43
44
45
46
47
48
49
50
51
52
53
54
55
56
57
58
59
60
61
62
63
64
65
66
67
68
69
70
71
72
73
74
75
76
81
83
86
87
13
16
21
22
25
29
34
35
36
37
38
39
40
42
88
6
7
8
9
10
11
12
14
15
17
18
19
20
23
24
26
27
28
30
31
32
33
4
5
89
90
3
91
92
2
93
94
95
1
0
96
97
98
99
79
82
84
77
80
85
78
83
74
50
72
81
86
67
68
69
71
75
41
48
52
53
54
58
60
61
62
64
65
49
51
55
57
59
70
76
47
66
73
87
44
46
63
43
56
45
42
39
37
38
88
35
40
22
34
36
21
25
29
13
16
26
30
31
27
28
18
20
32
12
24
17
23
9
14
19
33
15
7
11
89
90
10
8
6
5
4
91
92
3
93
94
95
2
96
97
1
41
98
0
48
99
47
46
58
51
50
44
45
54
42
61
62
39
43
49
53
57
64
65
67
69
35
38
52
55
59
60
68
71
72
74
75
77
78
79
80
82
83
84
22
25
26
34
36
37
40
56
63
66
70
73
76
81
85
86
87
13
16
18
20
21
23
24
27
28
29
30
31
32
41
46
47
48
58
88
7
8
9
10
11
12
14
15
17
19
33
50
51
4
5
6
44
89
90
3
91
92
93
2
94
95
1
96
0
97
98
99
45
54
61
62
64
42
53
65
67
57
69
49
59
71
74
43
52
55
60
75
77
78
56
58
63
66
68
70
72
79
80
82
84
39
76
41
47
48
51
73
83
85
35
37
38
46
50
81
86
34
44
36
40
26
31
87
25
29
30
22
32
33
24
27
28
20
21
23
16
88
13
17
18
19
15
9
10
12
14
11
7
8
6
89
90
5
4
91
3
92
93
2
94
95
1
96
0
97
98
99
41
48
49
50
51
52
53
54
55
57
58
59
60
61
62
64
65
66
67
68
69
70
71
72
73
74
75
76
77
78
79
80
81
82
83
84
85
86
87
22
35
37
38
39
40
42
43
44
45
46
47
56
63
88
7
9
11
12
13
14
15
16
17
18
19
20
21
23
24
25
26
27
28
29
30
31
32
33
34
36
4
5
6
8
10
89
90
3
91
92
93
2
94
95
0
1
96
97
98
99
58
41
47
48
50
51
54
57
61
62
64
65
67
69
46
53
59
71
74
42
44
45
49
52
55
56
60
70
72
75
77
78
39
43
63
66
68
79
80
82
35
37
38
73
76
84
83
85
34
81
86
31
36
40
25
26
29
30
33
22
24
32
20
27
28
87
21
23
16
17
18
13
15
19
88
10
14
9
12
7
11
8
6
5
89
90
4
3
91
92
93
2
94
95
1
96
0
97
98
99
48
50
52
53
54
58
60
61
62
64
65
67
68
69
71
72
74
75
77
78
79
80
81
82
83
84
85
86
39
41
42
43
44
45
46
47
49
51
55
56
57
59
63
66
70
73
76
87
9
12
13
14
15
16
17
18
19
20
21
22
23
24
25
26
27
28
29
30
31
32
34
35
36
37
38
40
88
4
5
6
7
8
10
11
33
89
90
3
91
92
93
2
94
95
0
1
96
97
98
99
58
41
47
48
50
51
54
61
62
64
65
67
69
46
53
57
59
71
74
42
44
45
49
52
55
56
60
70
75
78
43
63
66
68
72
77
80
82
35
37
38
39
73
76
79
84
83
85
34
81
86
31
36
40
26
22
25
29
30
32
33
20
24
27
28
87
21
23
16
18
13
17
19
15
88
14
9
10
12
7
11
8
6
5
89
90
4
3
91
92
93
2
94
95
1
96
0
97
98
99
50
53
67
68
69
71
72
74
75
77
78
79
80
81
82
83
84
85
86
39
41
42
43
44
45
46
47
48
49
51
52
54
55
56
57
58
59
60
61
62
63
64
65
66
70
73
76
87
9
12
13
14
16
17
18
19
20
21
22
23
24
25
26
27
28
29
30
31
32
34
35
36
37
38
40
88
4
5
6
7
8
10
11
15
33
89
90
3
91
92
93
2
94
95
1
0
96
97
98
99
58
41
47
48
51
54
61
62
64
65
67
69
46
50
53
57
59
71
42
44
45
49
52
55
56
60
74
75
78
43
63
66
68
70
72
77
80
82
37
38
39
76
79
84
35
73
83
85
34
81
86
31
36
40
26
22
25
29
30
32
33
24
28
20
21
23
27
87
16
18
17
13
19
15
88
14
9
10
12
11
7
8
6
5
89
90
4
3
91
92
93
2
94
95
1
96
0
97
98
99
50
53
67
68
69
71
72
74
75
77
78
79
80
81
82
83
84
85
86
39
41
42
43
44
45
46
47
48
49
51
52
54
55
56
57
58
59
60
61
62
63
64
65
66
70
73
76
87
9
12
13
14
16
17
18
19
20
21
22
23
24
25
26
27
28
29
30
31
32
34
35
36
37
38
40
88
4
5
6
7
8
10
11
15
33
89
90
3
91
92
93
2
94
95
1
0
96
97
98
99
58
41
47
48
51
54
61
62
64
65
67
69
46
50
53
57
59
71
42
44
45
49
52
55
56
60
74
75
43
63
66
68
70
72
77
78
80
82
38
39
76
79
84
35
37
73
83
85
34
81
31
36
40
86
26
22
25
29
30
32
33
24
28
20
21
23
27
87
16
18
17
13
19
15
88
9
10
12
14
11
7
8
6
5
89
90
4
3
91
92
93
2
94
95
1
96
0
97
98
99
50
53
67
68
69
71
72
74
75
77
78
79
80
81
82
83
84
85
86
39
41
42
43
44
45
46
47
48
49
51
52
54
55
56
57
58
59
60
61
62
63
64
65
66
70
73
76
87
9
12
13
14
16
17
18
19
20
21
22
23
24
25
26
27
28
29
30
31
32
34
35
36
37
38
40
88
4
5
6
7
8
10
11
15
33
89
90
3
91
92
93
2
94
95
1
0
96
97
98
99
58
41
47
48
51
54
61
62
64
65
67
46
50
53
57
59
69
71
42
44
45
49
52
55
56
60
74
75
43
63
66
68
70
72
77
78
80
82
38
39
76
79
84
35
37
73
83
85
34
81
36
40
86
26
31
22
25
29
30
32
33
24
28
20
21
23
27
87
18
16
17
13
19
15
88
9
10
12
14
11
7
8
6
5
89
90
4
3
91
92
93
2
94
95
1
96
0
97
98
99
50
53
67
68
69
71
72
74
75
77
78
79
80
81
82
83
84
85
86
39
41
42
43
44
45
46
47
48
49
51
52
54
55
56
57
58
59
60
61
62
63
64
65
66
70
73
76
87
9
12
13
14
16
17
18
19
20
21
22
23
24
25
26
27
28
29
30
31
32
34
35
36
37
38
40
88
4
5
6
7
8
10
11
15
33
89
90
3
91
92
93
2
94
95
1
0
96
97
98
99
58
41
47
48
51
54
61
62
64
65
67
46
50
53
57
59
69
71
42
44
45
49
52
55
56
60
74
75
43
63
66
68
70
72
77
78
80
82
38
39
76
79
84
35
37
73
83
85
34
81
36
40
86
26
31
22
25
29
30
32
33
24
28
20
21
23
27
87
18
16
17
13
19
15
88
9
10
12
14
11
7
8
6
5
89
90
4
3
91
92
93
2
94
95
1
96
0
97
98
99
50
53
67
68
69
71
72
74
75
77
78
79
80
81
82
83
84
85
86
39
41
42
43
44
45
46
47
48
49
51
52
54
55
56
57
58
59
60
61
62
63
64
65
66
70
73
76
87
9
12
13
14
16
17
18
19
20
21
22
23
24
25
26
27
28
29
30
31
32
34
35
36
37
38
40
88
4
5
6
7
8
10
11
15
33
89
90
3
91
92
93
2
94
95
1
0
96
97
98
99
58
41
47
48
51
54
61
62
64
65
67
46
50
53
57
59
69
71
42
44
45
49
52
55
56
60
74
75
43
63
66
68
70
72
77
78
80
82
38
39
76
79
84
35
37
73
83
85
34
81
36
40
86
26
31
22
25
29
30
32
33
24
28
20
21
23
27
87
18
16
17
13
19
15
88
9
10
12
14
11
7
8
6
5
89
90
4
3
91
92
93
2
94
95
1
96
0
97
98
99
50
53
67
68
69
71
72
74
75
77
78
79
80
81
82
83
84
85
86
39
41
42
43
44
45
46
47
48
49
51
52
54
55
56
57
58
59
60
61
62
63
64
65
66
70
73
76
87
9
12
13
14
16
17
18
19
20
21
22
23
24
25
26
27
28
29
30
31
32
34
35
36
37
38
40
88
4
5
6
7
8
10
11
15
33
89
90
3
91
92
93
2
94
95
1
0
96
97
98
99
58
41
47
48
51
54
61
62
64
65
67
46
50
53
57
59
69
71
42
44
45
49
52
55
56
60
74
75
43
63
66
68
70
72
77
78
80
82
38
39
76
79
84
35
37
73
83
85
34
81
36
40
86
26
31
22
25
29
30
32
33
24
28
20
21
23
27
87
18
16
17
13
19
15
88
9
10
12
14
11
7
8
6
5
89
90
4
3
91
92
93
2
94
95
1
96
0
97
98
99
50
53
67
68
69
71
72
74
75
77
78
79
80
81
82
83
84
85
86
39
41
42
43
44
45
46
47
48
49
51
52
54
55
56
57
58
59
60
61
62
63
64
65
66
70
73
76
87
9
12
13
14
16
17
18
19
20
21
22
23
24
25
26
27
28
29
30
31
32
34
35
36
37
38
40
88
4
5
6
7
8
10
11
15
33
89
90
3
91
92
93
2
94
95
1
0
96
97
98
99
58
41
47
48
51
54
61
62
64
65
67
46
50
53
57
59
69
71
42
44
45
49
52
55
56
60
74
75
43
63
66
68
70
72
77
78
80
82
38
39
76
79
84
35
37
73
83
85
34
81
36
40
86
26
31
22
25
29
30
32
33
24
28
20
21
23
27
87
18
16
17
13
19
15
88
9
10
12
14
11
7
8
6
5
89
90
4
3
91
92
93
2
94
95
1
96
0
97
98
99
50
53
67
68
69
71
72
74
75
77
78
79
80
81
82
83
84
85
86
39
41
42
43
44
45
46
47
48
49
51
52
54
55
56
57
58
59
60
61
62
63
64
65
66
70
73
76
87
9
12
13
14
16
17
18
19
20
21
22
23
24
25
26
27
28
29
30
31
32
34
35
36
37
38
40
88
4
5
6
7
8
10
11
15
33
89
90
3
91
92
93
2
94
95
1
0
96
97
98
99
58
41
47
48
51
54
61
62
64
65
67
46
50
53
57
59
69
71
42
44
45
49
52
55
56
60
74
75
43
63
66
68
70
72
77
78
80
82
38
39
76
79
84
35
37
73
83
85
34
81
36
40
86
26
31
22
25
29
30
32
33
24
28
20
21
23
27
87
18
16
17
13
19
15
88
9
10
12
14
11
7
8
6
5
89
90
4
3
91
92
93
2
94
95
1
96
0
97
98
99
50
53
67
68
69
71
72
74
75
77
78
79
80
81
82
83
84
85
86
39
41
42
43
44
45
46
47
48
49
51
52
54
55
56
57
58
59
60
61
62
63
64
65
66
70
73
76
87
9
12
13
14
16
17
18
19
20
21
22
23
24
25
26
27
28
29
30
31
32
34
35
36
37
38
40
88
4
5
6
7
8
10
11
15
33
89
90
3
91
92
93
2
94
95
1
0
96
97
98
99
58
41
47
48
51
54
61
62
64
65
67
46
50
53
57
59
69
71
42
44
45
49
52
55
56
60
74
75
43
63
66
68
70
72
77
78
80
82
38
39
76
79
84
35
37
73
83
85
34
81
36
40
86
26
31
22
25
29
30
32
33
24
28
20
21
23
27
87
18
16
17
13
19
15
88
9
10
12
14
11
7
8
6
5
89
90
4
3
91
92
93
2
94
95
1
96
0
97
98
99
50
53
67
68
69
71
72
74
75
77
78
79
80
81
82
83
84
85
86
39
41
42
43
44
45
46
47
48
49
51
52
54
55
56
57
58
59
60
61
62
63
64
65
66
70
73
76
87
9
12
13
14
16
17
18
19
20
21
22
23
24
25
26
27
28
29
30
31
32
34
35
36
37
38
40
88
4
5
6
7
8
10
11
15
33
89
90
3
91
92
93
2
94
95
1
0
96
97
98
99
58
41
47
48
51
54
61
62
64
65
67
46
50
53
57
59
69
71
42
44
45
49
52
55
56
60
74
75
43
63
66
68
70
72
77
78
80
82
38
39
76
79
84
35
37
73
83
85
34
81
36
40
86
26
31
22
25
29
30
32
33
24
28
20
21
23
27
87
18
16
17
13
19
15
88
9
10
12
14
11
7
8
6
5
89
90
4
3
91
92
93
2
94
95
1
96
0
97
98
99
