132
204
282
290
298
302
308
310
316
317
318
319
320
322
323
324
325
326
327
328
330
331
332
333
335
336
337
340
341
342
343
344
346
347
348
349
350
351
352
353
354
355
356
358
359
360
361
362
364
365
367
368
369
370
371
374
375
376
378
379
381
382
383
384
386
387
389
390
393
394
395
399
400
402
408
409
410
411
413
417
418
421
422
423
430
431
436
438
439
441
442
443
444
445
446
447
449
450
451
453
457
458
460
466
468
471
475
476
487
493
515
562
589
593
597
598
608
610
627
631
632
700
726
742
755
759
764
98
103
104
105
106
108
109
110
111
113
114
115
116
117
118
119
120
121
122
123
124
125
126
127
128
129
130
131
133
134
135
136
137
138
139
140
141
142
143
144
146
147
148
149
150
152
153
154
156
157
158
159
160
161
162
163
164
165
167
168
170
171
172
174
175
176
177
179
183
185
186
187
188
189
190
191
192
193
194
195
196
197
198
199
200
202
203
205
206
207
208
209
210
211
213
214
215
216
217
218
219
220
221
222
223
224
225
226
227
228
229
230
231
234
235
237
238
239
240
241
242
243
244
246
247
248
249
250
251
252
253
254
255
256
257
258
259
260
262
263
264
265
266
267
268
269
270
271
272
273
274
275
276
277
278
279
280
281
283
284
285
286
287
288
289
291
292
293
294
295
296
297
299
300
301
303
304
305
306
307
309
311
312
313
314
315
321
329
334
338
339
345
357
363
366
372
373
377
380
385
388
391
392
396
397
398
401
403
404
406
407
412
414
415
416
419
420
424
425
426
427
428
429
432
433
434
435
437
440
448
452
454
455
456
459
461
462
463
464
465
467
469
470
472
473
474
477
478
479
480
481
482
483
484
485
486
488
489
490
491
492
494
495
496
497
498
499
500
501
502
503
504
505
506
507
508
509
510
511
512
513
514
516
517
519
520
521
522
523
524
525
527
528
529
530
531
532
533
534
535
536
537
538
539
540
541
542
543
544
545
546
547
548
549
550
551
552
553
554
555
556
557
558
559
560
561
563
564
565
566
567
568
569
570
571
572
573
574
575
576
577
578
579
580
581
582
583
584
585
586
587
588
590
591
592
594
595
596
599
600
601
602
603
604
605
606
607
609
611
612
613
614
615
616
617
618
619
620
621
622
623
624
625
626
628
629
630
633
634
635
636
637
638
639
640
641
642
643
644
645
646
647
648
649
650
651
652
653
654
655
657
658
659
660
661
662
663
664
665
666
667
668
669
670
671
672
673
674
675
676
677
678
679
680
681
682
683
684
685
686
687
688
689
690
691
692
693
694
695
696
697
698
701
702
703
704
705
706
708
709
710
711
712
713
714
715
718
719
720
721
722
723
724
725
727
728
729
730
731
732
733
734
735
736
738
739
740
741
743
744
745
746
747
748
749
750
751
752
753
754
756
757
758
760
761
762
763
765
766
767
768
769
770
771
772
773
774
775
776
777
778
779
782
783
784
785
786
788
790
791
792
793
795
796
798
799
801
804
805
806
807
809
814
821
833
837
841
846
75
76
77
78
79
80
81
82
83
84
85
86
87
88
89
90
91
92
93
94
95
96
97
99
100
101
102
107
112
145
151
155
166
169
173
178
180
181
182
184
201
212
232
233
236
245
261
405
518
526
656
699
707
716
717
737
780
781
787
789
794
797
800
802
803
808
810
811
812
813
815
816
817
818
819
820
822
823
824
825
826
827
828
829
830
831
832
834
835
836
838
839
840
842
843
845
847
848
849
852
853
854
855
856
857
858
860
861
862
863
864
865
866
867
869
871
872
873
874
875
876
877
878
879
880
882
888
65
66
67
68
69
70
71
72
73
74
844
850
851
859
868
870
881
883
884
885
886
887
889
890
891
892
893
894
895
898
901
902
55
59
60
61
62
63
64
896
897
899
900
903
904
905
906
907
908
909
910
911
912
913
918
46
48
49
50
52
53
54
56
57
58
914
915
916
917
919
920
921
922
923
924
925
926
927
928
929
933
45
47
51
930
931
932
934
935
936
938
940
944
39
40
41
42
43
44
937
939
941
942
943
945
946
947
948
949
37
38
950
951
952
953
955
30
31
32
33
34
35
36
954
956
957
958
959
960
27
28
29
961
962
963
20
22
23
24
25
26
964
965
966
969
11
14
15
17
18
19
21
967
968
970
971
972
973
975
976
4
7
8
9
10
12
16
974
977
978
980
2
3
5
6
13
979
981
982
984
0
1
983
986
988
985
987
989
990
991
992
993
994
997
998
995
996
999
138
157
278
323
350
436
447
450
460
462
484
129
144
161
173
177
194
200
297
315
320
349
354
370
402
407
434
456
458
659
751
98
142
150
179
190
208
261
263
269
273
310
314
331
336
347
348
364
391
400
403
408
409
416
425
435
464
468
480
486
488
510
513
547
549
559
584
609
613
646
653
679
743
745
756
112
117
134
140
141
166
172
175
198
217
225
252
268
286
305
322
325
334
340
353
367
371
377
384
386
393
394
412
414
417
423
424
443
446
477
479
492
493
494
498
499
500
508
524
529
533
548
554
563
567
583
591
601
611
635
642
671
696
734
742
765
100
110
122
128
154
160
163
170
183
188
189
191
196
197
205
211
229
238
247
270
277
280
289
295
299
308
330
337
346
355
362
375
389
390
404
410
411
413
422
427
437
441
448
451
453
455
463
473
475
482
487
491
495
516
538
551
579
596
607
615
625
634
649
674
678
717
718
722
736
768
853
99
116
130
135
139
145
146
148
149
151
176
199
201
244
265
266
272
287
291
296
298
300
302
306
321
326
333
342
356
359
360
361
365
366
369
372
373
376
378
379
420
429
433
438
442
452
454
467
471
497
502
503
505
507
514
522
527
528
532
536
541
555
575
578
582
585
587
592
600
618
627
629
641
644
658
662
669
677
699
702
732
737
740
744
749
750
752
759
762
775
777
794
805
815
820
95
103
105
107
108
111
115
121
123
124
137
143
152
156
159
167
169
174
178
184
186
187
210
218
221
224
236
246
259
274
303
313
317
319
329
363
381
385
395
397
430
440
445
461
465
466
474
476
483
485
489
490
496
504
506
539
540
546
552
556
577
581
593
599
603
621
630
633
637
647
656
657
660
661
666
667
675
676
709
720
721
726
727
746
757
760
772
783
784
787
789
792
802
824
827
837
846
873
875
81
118
153
155
158
181
192
193
203
215
219
233
240
249
262
267
276
282
285
304
309
311
332
338
344
345
368
382
383
399
406
421
449
457
478
520
525
526
531
535
542
544
545
557
562
574
597
616
624
631
639
665
670
719
764
774
779
790
800
803
808
812
829
833
834
835
841
843
844
845
856
862
863
869
86
96
102
114
131
162
165
168
171
180
185
206
207
237
248
258
264
275
283
284
293
318
324
341
351
380
387
388
398
401
428
431
439
469
515
519
521
534
537
560
561
564
569
573
580
589
590
602
608
614
638
640
682
688
693
716
731
741
753
763
766
767
781
785
788
807
810
826
832
860
865
868
871
877
881
93
113
132
136
147
164
182
195
214
223
231
245
251
256
257
290
307
352
357
396
426
444
509
518
523
543
553
558
565
568
571
594
598
610
612
643
651
691
692
714
723
758
778
798
821
828
864
867
870
872
76
83
91
104
106
120
216
241
242
250
254
255
260
292
316
327
335
358
374
415
432
459
512
550
572
576
595
622
655
690
700
708
728
748
769
770
780
791
796
823
831
836
854
857
882
887
894
902
73
75
79
101
119
125
209
212
226
232
234
288
294
312
343
405
419
501
566
604
619
663
684
685
687
689
698
715
725
761
795
816
825
838
847
852
858
859
866
876
885
80
85
88
97
126
127
133
230
281
301
328
339
470
481
530
588
654
664
672
713
733
747
771
793
811
818
819
855
878
880
904
66
228
271
472
517
606
617
623
626
668
681
686
701
704
730
754
799
830
888
897
898
907
56
71
84
90
94
204
213
220
235
570
605
620
648
680
683
697
786
797
801
806
851
874
896
909
60
74
89
253
418
511
628
729
739
776
814
817
839
850
861
899
916
927
63
65
70
109
392
632
636
673
710
735
849
886
890
893
905
912
913
915
77
243
650
695
773
842
883
884
891
892
901
903
918
926
78
87
239
755
782
804
809
813
822
840
910
49
51
53
61
62
69
227
645
707
712
724
738
848
900
914
917
919
925
54
68
72
222
279
922
67
586
652
694
705
706
889
911
931
58
82
202
703
879
924
929
45
48
50
59
64
92
895
921
938
46
711
906
908
928
934
941
944
41
42
47
935
936
52
55
933
940
39
57
949
920
930
947
955
35
38
937
945
40
951
32
33
37
923
932
943
950
24
43
44
946
961
36
939
952
957
963
10
948
956
962
968
11
29
323
450
460
942
965
12
22
27
34
315
349
370
402
403
436
468
513
960
964
973
974
15
21
28
297
320
331
348
350
393
400
407
425
435
447
458
464
486
498
500
548
559
584
659
967
1
5
8
31
273
278
299
314
322
334
364
371
384
386
391
404
408
412
416
443
446
455
456
462
479
480
484
492
499
510
533
609
613
953
954
7
18
23
161
173
200
263
268
269
289
295
305
308
330
336
337
340
347
362
377
394
410
413
417
433
437
441
448
473
477
488
493
495
524
538
563
583
591
615
635
642
646
649
959
13
16
177
179
194
208
229
252
280
296
298
302
310
325
346
354
355
359
361
369
372
373
379
390
409
414
422
423
427
429
434
451
454
463
467
482
494
507
516
528
532
536
541
547
549
551
554
555
578
587
596
601
653
674
696
734
743
751
756
765
958
972
976
978
983
2
3
6
9
17
19
25
138
144
157
190
196
198
247
272
277
353
356
360
381
397
411
424
438
442
452
461
466
483
485
490
491
502
503
504
505
506
508
522
539
546
575
581
582
585
600
603
618
633
634
644
658
671
678
722
745
969
970
977
980
0
4
20
26
30
129
142
166
191
217
225
238
246
266
287
300
303
306
366
367
376
378
382
389
395
406
445
465
471
475
487
496
520
526
529
545
552
567
597
599
621
624
625
627
629
641
647
656
660
679
699
702
717
718
720
752
979
982
984
987
14
117
150
170
172
183
184
186
188
201
244
259
261
265
270
285
309
313
321
326
329
344
363
365
368
375
383
398
399
401
420
421
430
449
474
478
489
514
519
531
535
542
556
557
569
607
616
630
631
637
640
657
666
675
676
677
709
727
732
736
740
744
749
759
783
802
966
971
975
981
98
112
140
146
163
175
176
197
199
211
221
240
262
267
276
282
286
304
311
332
338
342
351
380
387
388
431
440
453
457
476
497
521
527
537
540
544
560
579
580
589
590
592
593
611
639
661
662
665
670
721
726
750
757
768
775
777
794
991
997
128
134
148
169
174
189
205
210
218
219
233
236
249
274
284
319
324
385
426
439
469
515
518
523
553
562
565
571
608
638
667
669
693
719
731
742
760
766
784
803
815
820
988
116
130
139
141
145
152
159
167
178
215
224
237
248
258
264
275
291
293
333
396
415
428
444
509
525
558
564
573
574
598
612
690
714
762
772
787
789
800
807
808
837
853
992
993
994
99
107
108
181
193
256
260
283
317
318
327
335
341
352
357
374
459
512
534
550
576
577
594
614
643
651
682
688
691
716
723
737
746
763
785
805
812
827
829
863
985
989
990
995
110
111
135
143
149
151
155
156
158
168
187
207
245
290
419
432
561
602
610
622
684
692
700
715
728
758
764
769
774
778
779
780
791
798
810
824
833
841
843
996
998
999
95
100
115
122
153
165
171
180
206
223
231
250
251
254
255
307
339
343
345
358
405
566
572
595
619
655
687
689
708
725
748
753
770
792
826
832
834
846
860
881
986
105
114
118
124
154
160
182
185
203
226
241
242
257
281
292
312
472
501
517
543
663
698
713
733
747
767
795
796
823
844
856
862
864
871
873
86
121
131
136
137
164
192
212
214
216
232
288
316
328
481
568
664
672
704
741
761
788
790
835
836
847
854
865
867
868
102
103
123
147
530
588
604
606
654
685
701
754
771
781
825
831
838
845
875
877
96
162
209
234
271
570
626
668
681
697
730
799
811
819
852
857
858
866
872
887
81
83
91
104
195
230
294
301
470
605
617
620
623
683
818
828
870
882
76
113
204
213
235
511
628
648
673
776
786
797
801
859
876
885
894
75
106
119
120
710
729
739
806
814
817
821
855
869
904
79
93
97
125
220
228
253
418
686
695
735
793
816
830
898
73
101
126
392
636
680
839
851
861
880
888
80
88
132
850
874
878
896
897
902
66
650
773
849
899
907
85
94
632
707
822
71
84
243
712
804
809
813
840
842
74
90
239
724
738
755
890
909
63
65
89
127
903
912
926
927
56
70
133
883
901
109
694
705
706
891
910
913
915
918
222
586
652
848
884
886
892
893
925
60
279
645
916
919
51
54
62
782
914
53
61
72
77
900
917
922
49
69
78
87
703
931
711
905
58
67
921
929
889
50
227
460
944
64
68
879
911
934
315
323
349
450
513
924
59
202
370
403
436
464
468
584
659
895
906
908
936
320
348
402
486
498
548
559
928
935
938
45
46
297
393
400
407
425
435
447
492
499
500
533
609
92
273
299
314
322
331
334
371
384
416
443
455
458
613
646
47
295
350
364
386
391
404
412
446
456
477
479
480
484
495
510
615
642
649
674
696
765
941
955
42
48
173
200
269
278
289
408
410
413
433
437
493
524
536
555
591
635
734
756
949
39
55
268
296
305
330
337
362
369
377
441
454
462
473
528
532
538
563
583
601
653
722
743
751
937
161
272
298
308
394
417
448
463
467
482
488
541
554
587
600
678
920
52
82
177
208
229
263
280
302
340
346
347
372
373
379
390
422
423
427
429
451
483
490
504
505
507
516
539
547
551
578
581
585
603
634
745
38
41
179
190
196
198
246
247
252
325
336
354
356
359
361
406
409
414
466
485
494
502
506
508
520
526
549
582
596
633
644
658
671
699
702
717
718
720
752
783
802
933
947
194
310
355
360
397
411
434
438
442
452
461
503
522
546
552
575
616
618
621
627
647
656
660
759
35
138
142
144
157
238
266
285
300
306
395
445
465
491
545
597
599
624
625
629
640
641
675
709
736
749
57
166
225
277
287
303
353
363
376
381
424
478
496
529
531
637
679
727
732
740
744
930
184
191
313
329
366
378
382
383
389
421
471
489
519
535
569
590
630
631
661
665
666
670
676
677
757
768
775
777
794
803
820
951
117
129
170
186
201
217
259
261
262
309
368
398
401
487
521
542
567
639
657
693
721
726
784
940
945
963
150
172
183
188
244
270
282
321
326
365
367
514
537
544
557
560
580
589
638
731
750
766
807
815
968
24
32
33
40
146
221
240
265
267
276
284
304
332
338
388
431
449
474
475
518
556
592
607
662
690
714
719
800
808
961
37
98
140
176
199
211
249
311
344
351
380
399
469
579
593
667
760
785
787
789
812
829
837
853
943
957
112
163
169
233
274
275
286
387
420
430
439
440
497
515
565
571
611
669
763
962
128
148
174
175
197
218
236
237
375
385
415
426
457
523
527
540
553
643
691
772
780
843
189
215
219
248
258
264
342
476
573
576
598
742
778
805
863
923
946
950
10
159
205
260
293
319
324
509
558
564
608
612
688
715
723
762
810
824
827
832
973
116
134
145
167
178
210
374
428
444
525
562
594
651
682
684
716
737
769
779
791
798
833
932
965
107
130
139
152
193
396
453
512
550
574
622
692
700
728
746
748
774
881
939
956
99
141
224
256
283
327
335
357
419
459
614
689
725
758
826
841
860
974
155
181
245
291
341
534
708
764
770
795
846
952
36
44
108
151
333
405
753
823
834
844
847
854
865
873
11
12
168
207
255
318
352
566
655
687
733
747
796
856
862
864
871
960
43
110
111
143
149
165
250
251
281
432
610
868
948
964
1
29
95
135
156
180
187
206
290
339
517
577
602
698
792
836
867
100
153
182
226
254
595
713
767
788
838
114
115
158
171
223
825
831
835
877
983
8
21
124
232
312
317
343
561
572
619
672
704
741
761
771
790
799
845
942
967
972
5
105
118
231
242
257
472
781
811
819
858
875
887
86
292
358
663
664
701
754
852
866
978
22
122
212
216
241
307
697
818
857
102
136
185
203
214
501
870
872
904
976
7
15
27
83
160
859
885
121
345
481
685
882
894
953
982
131
154
164
797
828
977
987
28
96
668
681
730
814
954
34
103
137
328
530
543
776
806
876
991
81
192
626
969
997
76
91
316
786
801
817
855
6
75
123
271
288
588
898
959
979
984
147
683
861
869
897
902
980
0
23
568
604
896
209
606
104
710
821
830
851
17
234
617
654
850
899
729
888
907
73
79
793
816
839
3
874
981
66
570
673
880
994
2
13
16
18
119
460
849
926
927
975
988
992
605
113
739
878
993
995
97
315
106
230
323
909
990
450
695
912
970
659
903
9
56
513
958
19
63
71
80
213
349
620
31
88
120
403
584
648
915
918
996
93
195
822
925
966
989
51
370
464
765
971
65
162
320
436
468
486
999
85
447
559
890
901
913
204
235
548
998
101
297
402
623
756
173
498
646
696
734
54
609
273
314
348
931
60
70
161
407
499
500
743
751
922
4
299
425
492
533
910
985
49
74
393
400
416
435
484
919
84
278
613
642
914
200
253
269
371
649
674
295
443
615
653
745
916
917
331
334
456
722
322
391
802
944
289
350
384
462
635
53
455
458
773
783
929
591
628
62
510
138
412
477
718
144
364
408
480
177
208
268
524
583
891
142
157
813
842
196
820
61
263
717
752
247
305
404
495
699
794
853
166
555
678
921
955
986
117
194
198
296
479
488
815
934
893
936
190
413
179
272
437
446
554
98
410
493
516
536
538
671
759
840
252
377
386
720
50
129
354
433
803
892
58
229
394
409
528
532
45
601
634
337
362
563
454
600
777
905
20
749
150
261
547
768
883
94
679
441
42
423
658
330
308
434
837
112
246
280
656
336
347
448
541
807
808
812
529
736
800
968
140
266
372
414
417
829
886
39
373
702
757
900
369
881
46
238
549
310
508
784
884
429
463
843
938
551
775
285
201
863
225
935
184
427
520
949
709
494
785
740
873
677
721
941
35
789
172
582
827
38
170
217
340
467
502
963
390
732
787
47
744
856
353
451
585
191
482
128
146
526
587
660
844
924
41
832
24
116
302
10
596
325
621
860
603
865
805
824
575
973
647
211
503
107
772
726
424
287
904
99
625
539
961
974
452
163
175
270
141
148
183
262
868
134
871
644
1
846
862
661
834
875
130
877
176
33
363
32
987
951
965
11
12
947
169
854
997
983
902
100
95
810
567
367
693
937
37
927
887
315
460
110
300
86
991
659
197
81
765
317
323
324
325
331
336
340
343
344
346
348
350
352
360
364
369
374
381
386
399
417
453
457
475
121
122
125
129
132
135
138
156
157
158
164
168
177
190
199
204
205
223
256
263
268
273
277
278
282
284
286
287
288
290
291
294
295
297
298
301
302
303
304
305
307
308
310
311
312
313
314
315
316
318
319
320
321
322
326
327
328
329
330
332
333
334
335
337
338
339
341
342
345
347
349
351
353
354
355
356
357
358
359
361
362
365
366
367
368
370
371
372
373
375
376
377
378
379
380
382
383
384
387
388
389
390
391
392
393
394
395
396
397
398
400
401
402
403
404
407
408
409
410
411
413
414
415
418
420
421
422
423
424
425
426
427
428
430
431
432
434
435
436
437
438
439
440
441
442
443
444
445
446
447
448
449
450
451
455
456
458
460
461
462
463
466
468
469
470
471
473
474
476
479
480
482
487
488
491
493
494
497
499
502
505
507
509
511
515
519
522
534
537
538
539
541
543
544
546
547
548
549
550
552
553
554
556
557
558
562
563
565
566
567
568
570
571
574
578
581
583
584
585
586
587
589
592
593
595
596
597
598
600
601
604
605
606
607
608
609
610
611
612
613
615
619
621
623
624
627
629
630
631
632
634
635
636
637
641
644
645
650
651
654
657
658
659
662
663
664
668
670
672
675
678
680
681
688
694
700
702
704
705
709
713
719
721
726
727
728
730
731
732
735
736
738
740
742
743
744
746
747
750
751
752
753
754
755
756
758
759
760
762
764
775
784
792
804
88
93
98
99
100
101
102
103
104
105
106
108
109
110
111
112
113
114
115
116
117
118
119
120
123
124
126
127
128
130
131
133
134
136
137
139
140
141
142
143
144
145
146
147
148
149
150
152
153
154
159
160
161
162
163
165
166
167
170
171
172
173
174
175
176
178
179
182
183
185
186
187
188
189
191
192
193
194
195
196
197
198
200
202
203
206
207
208
209
210
211
213
214
215
216
217
218
219
220
221
222
224
225
226
227
228
229
230
231
233
234
235
236
237
238
239
240
241
242
243
244
246
247
248
249
250
251
252
253
254
255
257
258
259
260
262
264
265
266
267
269
270
271
272
274
275
276
279
280
281
283
285
289
292
293
296
299
300
306
309
363
385
405
406
412
416
419
429
433
452
454
459
464
465
467
472
477
478
481
483
484
485
486
489
490
492
495
496
498
500
501
503
504
506
508
510
512
513
514
516
517
518
520
521
523
524
525
526
527
528
529
530
531
532
533
535
536
540
542
545
551
555
559
560
561
564
569
572
573
575
576
577
579
580
582
588
590
591
594
599
602
603
614
616
617
618
620
622
625
626
628
633
638
639
640
642
643
646
647
648
649
652
653
655
656
660
661
665
666
667
669
671
673
674
676
677
679
682
683
684
685
686
687
689
690
691
692
693
695
696
697
698
699
701
703
706
707
708
710
711
712
714
715
716
717
718
720
722
723
724
725
729
733
734
737
739
741
745
748
749
757
761
763
765
766
767
768
769
770
771
772
773
774
776
777
778
779
780
781
782
783
785
786
787
788
790
791
793
795
796
797
798
799
801
805
806
807
809
812
814
816
817
821
823
824
826
827
829
831
833
837
841
842
846
847
857
75
76
77
78
79
80
81
82
83
84
86
87
89
90
91
92
94
95
96
97
107
151
155
169
180
181
184
201
212
232
245
261
789
794
800
802
803
808
810
811
813
815
818
819
820
822
825
828
830
832
834
835
836
838
839
840
843
845
848
849
852
853
854
856
858
860
861
862
863
864
865
866
867
869
871
872
873
874
875
876
877
878
879
880
882
888
66
67
69
71
72
73
74
85
844
850
851
855
859
868
870
881
883
884
885
886
887
889
890
892
893
894
898
902
60
63
64
65
68
70
891
895
896
897
899
900
901
903
904
905
906
908
909
910
912
913
55
56
57
58
59
61
62
907
911
914
915
916
918
919
920
46
48
49
50
52
53
54
917
921
922
923
924
925
926
927
928
929
932
933
45
47
51
930
931
934
935
936
938
944
40
41
42
43
44
937
939
940
941
942
943
945
946
947
37
39
948
949
950
35
38
951
952
953
954
955
30
31
32
33
34
36
956
957
958
959
960
27
28
29
961
962
963
22
24
26
964
965
966
969
17
18
19
20
23
25
968
971
9
10
11
14
15
16
21
967
970
972
973
974
975
976
4
5
6
7
8
12
13
977
978
980
981
2
3
979
982
984
986
0
1
983
988
985
987
989
990
991
992
993
994
995
996
997
998
999
323
447
450
460
278
350
402
436
462
138
157
315
320
349
354
364
370
403
407
409
434
456
458
484
488
659
751
129
144
161
173
177
194
200
263
297
310
314
331
336
348
367
391
394
400
408
416
424
435
464
468
480
486
513
584
98
142
150
261
269
273
322
325
334
340
347
353
371
377
384
386
393
412
423
425
443
446
477
498
510
529
549
559
567
609
613
646
743
745
756
765
100
112
117
134
140
172
175
179
190
208
268
286
295
305
330
337
362
375
404
410
413
414
417
437
441
448
453
455
479
492
493
494
495
499
500
508
524
533
547
548
554
583
611
635
653
679
696
718
734
742
128
141
163
166
196
197
198
211
217
225
252
270
289
299
308
346
355
356
361
366
369
372
373
376
379
389
390
411
420
422
427
429
433
438
442
451
452
463
467
475
482
487
491
502
516
536
538
541
563
591
596
601
607
634
642
649
671
674
678
717
722
853
110
116
122
130
139
146
154
160
170
176
183
188
189
191
201
205
229
238
244
247
265
277
280
287
296
298
302
306
319
321
326
333
342
359
360
363
365
378
381
395
397
430
440
454
461
471
473
503
505
507
514
527
528
532
551
555
575
578
579
615
625
658
662
677
699
702
732
736
737
740
749
750
759
762
768
775
777
794
802
805
815
820
875
81
95
99
107
108
111
123
135
145
148
149
151
156
199
246
259
266
272
291
300
303
317
329
344
382
385
406
449
465
466
474
476
478
483
485
489
490
496
497
504
506
522
539
540
546
552
556
581
582
585
587
592
593
599
600
618
621
627
629
630
637
641
644
657
661
669
720
721
726
744
746
752
760
772
783
784
787
789
792
824
827
829
837
846
873
103
105
115
121
124
137
143
152
167
169
174
184
186
187
210
218
221
224
236
262
267
274
276
304
309
313
332
338
368
380
383
387
399
401
421
445
457
520
526
535
557
562
574
577
603
631
633
639
647
656
660
666
667
675
676
709
719
727
757
764
774
779
790
800
803
808
812
833
834
835
844
845
856
862
863
869
86
96
102
118
155
158
159
178
181
192
215
219
233
240
249
282
285
311
318
324
341
345
351
388
398
428
431
439
444
469
519
521
525
531
534
537
542
544
545
564
569
580
590
597
616
624
665
670
693
753
763
766
767
781
785
788
807
826
832
841
843
860
868
871
877
881
114
131
153
165
168
171
193
203
206
207
237
248
258
264
275
283
284
293
396
426
459
509
515
523
553
560
561
565
573
589
602
608
614
638
640
682
688
714
716
731
741
778
798
810
821
828
864
865
867
870
76
91
93
104
113
136
162
164
180
182
185
214
216
231
251
256
257
260
290
307
316
327
335
352
357
374
415
512
518
543
550
558
568
571
594
598
610
612
643
690
691
692
700
723
748
758
769
770
780
796
831
854
857
872
882
887
902
73
83
101
106
120
132
147
195
223
241
242
245
250
255
292
312
358
405
419
432
481
501
572
576
595
622
651
687
708
715
728
791
795
816
823
825
836
847
858
859
894
75
79
80
88
97
212
232
254
281
288
294
328
339
343
470
566
619
655
663
684
689
698
725
761
771
793
811
819
838
852
855
866
876
880
885
904
66
85
119
125
133
209
226
230
234
301
472
517
530
588
604
654
664
672
685
713
733
747
818
878
888
897
898
907
56
71
126
127
271
606
617
623
626
668
686
701
704
730
754
786
799
806
830
909
60
74
84
90
94
204
220
228
235
570
605
620
681
683
697
797
801
814
839
850
851
861
874
896
927
63
65
89
213
253
418
511
628
648
680
729
739
776
817
899
913
916
70
392
632
636
673
710
735
849
886
890
893
905
912
915
918
926
77
78
109
650
695
773
842
883
884
891
892
901
903
49
51
53
61
87
243
782
804
813
910
54
62
69
239
724
755
809
822
840
900
914
917
919
925
68
72
645
707
712
738
848
931
67
222
227
279
911
922
652
694
889
929
45
50
58
59
64
82
586
705
706
879
921
924
938
48
895
944
41
46
92
202
703
908
928
934
941
42
47
906
935
936
933
940
55
711
39
52
949
920
947
955
57
930
937
35
38
945
951
40
950
932
943
923
961
37
946
963
32
33
957
968
952
24
43
939
44
965
36
956
962
973
948
974
10
960
964
967
15
11
942
12
980
22
970
29
978
987
5
983
1
976
981
972
8
27
984
997
315
323
450
460
7
34
349
436
447
977
21
278
320
348
370
402
403
407
464
484
513
173
297
314
331
350
364
371
391
393
400
404
416
425
435
443
455
456
458
462
468
486
498
161
269
273
289
295
299
322
334
347
362
369
377
384
386
394
408
409
410
412
413
414
417
434
446
477
480
492
499
500
559
995
138
157
200
208
263
268
280
296
298
305
310
330
336
337
340
354
372
373
379
406
422
423
429
433
437
438
441
452
454
463
473
479
488
493
495
510
524
533
548
584
659
971
144
177
194
229
252
261
272
300
308
313
325
329
346
353
355
356
359
360
361
363
381
390
395
397
398
401
411
421
424
427
442
445
448
451
461
465
466
467
478
482
483
485
490
494
507
508
516
528
532
547
554
591
609
28
179
190
198
238
246
247
266
270
277
285
287
302
303
321
338
366
368
374
378
380
382
383
388
389
399
415
430
431
471
474
489
491
496
502
503
504
505
506
520
522
526
529
536
538
539
541
549
551
555
563
583
613
615
646
142
166
196
225
259
262
265
282
284
304
306
309
311
326
332
344
351
365
367
376
385
387
419
420
426
428
432
439
440
449
469
487
519
521
531
545
546
552
575
582
587
601
635
642
649
653
696
953
991
98
129
150
170
172
184
191
201
217
221
240
244
260
283
286
293
312
319
324
327
335
342
343
357
375
396
405
444
457
459
475
476
481
497
509
512
514
515
518
535
537
542
544
567
569
578
581
585
596
600
603
674
751
112
117
186
188
199
211
218
233
248
249
258
264
267
274
275
276
307
318
328
339
341
352
358
453
472
501
517
523
527
556
557
560
565
576
580
590
597
599
616
618
633
634
640
671
678
734
745
765
140
148
163
169
175
176
183
189
197
205
215
219
236
237
250
254
255
256
281
290
292
333
418
511
525
550
553
571
589
592
594
598
607
611
621
624
625
627
629
630
644
647
658
660
677
679
722
743
756
128
146
159
167
181
210
224
231
245
251
253
257
291
316
392
470
530
540
558
562
566
573
579
593
631
637
638
641
656
665
675
717
718
18
99
100
107
116
130
134
141
145
151
152
155
174
178
193
212
223
226
232
242
288
317
534
564
570
574
608
612
614
639
657
661
662
666
676
699
709
720
0
2
6
16
108
139
149
180
187
203
206
214
216
234
235
241
271
279
294
345
561
588
595
622
643
667
669
693
702
740
979
3
9
13
31
111
143
156
165
168
171
182
207
230
301
543
572
577
602
610
626
651
670
684
721
727
736
744
749
752
759
783
802
17
95
110
115
124
135
153
158
192
204
209
213
220
228
604
605
606
617
619
620
682
689
690
691
726
731
732
742
750
757
777
982
86
102
105
118
154
164
185
239
243
568
586
628
655
664
688
692
700
714
716
719
723
733
760
766
794
815
81
96
103
114
121
122
131
136
147
222
648
672
673
687
704
708
725
728
768
772
775
803
820
853
4
23
137
160
162
195
654
663
681
683
698
701
713
715
737
762
763
778
784
787
789
808
75
83
91
104
123
623
636
668
685
697
710
747
800
805
812
992
994
999
73
76
113
119
650
652
695
707
746
748
753
774
779
780
785
807
824
837
988
19
66
79
80
88
106
120
125
126
202
227
632
645
729
754
758
761
769
770
791
827
829
975
56
97
680
694
703
712
724
730
741
764
795
798
810
844
863
993
20
25
63
65
70
71
84
93
686
705
739
767
771
776
788
796
832
841
843
856
954
26
51
54
85
89
90
94
101
109
735
738
790
792
811
826
833
834
846
873
49
62
74
132
706
786
799
823
835
836
865
881
969
30
53
58
711
755
773
781
797
801
819
825
838
847
854
860
862
864
871
875
61
72
77
127
818
845
867
868
877
990
50
60
87
793
806
814
831
887
39
68
809
817
822
852
858
859
866
872
904
59
78
133
804
828
857
885
47
64
67
69
92
821
830
839
855
869
870
882
894
46
48
813
816
850
851
861
876
902
959
986
998
14
42
45
840
842
897
898
57
848
849
874
880
907
38
55
896
35
82
782
899
926
927
966
41
52
878
888
912
989
891
909
915
958
24
33
901
903
918
996
37
883
884
890
910
925
985
32
892
919
921
913
916
922
40
460
886
893
931
323
889
900
934
936
944
10
315
349
450
879
914
917
929
436
464
513
43
44
348
370
403
468
895
911
928
320
402
407
447
486
955
36
314
371
393
400
416
425
435
455
492
498
559
905
908
924
949
273
297
331
384
404
412
443
456
458
484
499
500
548
584
659
930
938
278
295
299
322
334
350
364
391
410
413
477
479
480
533
935
937
289
362
369
377
386
408
433
437
441
446
462
493
495
510
609
906
947
11
173
269
296
298
330
337
394
406
417
422
429
454
463
467
473
483
524
591
920
941
961
200
268
305
308
372
373
379
414
427
438
448
488
490
528
532
536
538
555
613
615
646
962
161
263
272
280
347
356
359
390
409
423
445
452
461
465
466
485
504
507
516
520
563
583
642
649
933
951
963
968
208
229
336
340
346
354
360
361
397
398
401
411
421
434
442
451
478
482
494
502
503
505
506
526
539
541
545
551
554
587
635
653
696
946
12
246
247
252
285
300
302
310
313
329
355
363
368
381
383
395
415
431
508
546
547
601
674
734
194
266
303
325
353
378
382
388
424
426
469
471
489
491
496
519
522
531
549
575
578
581
582
603
765
943
945
956
957
157
177
198
277
284
287
306
309
351
366
374
376
380
389
399
419
439
449
518
521
529
552
569
585
596
600
616
633
640
678
745
751
756
923
939
950
973
138
144
179
190
196
238
262
282
311
332
338
387
474
515
535
537
542
544
590
599
618
634
660
722
940
225
261
304
321
326
344
365
367
405
430
432
457
459
487
557
560
597
621
627
644
658
671
743
948
965
974
142
166
259
270
385
396
420
428
440
444
475
509
512
517
523
576
580
589
624
625
629
647
656
717
932
184
240
249
260
265
275
276
324
327
335
357
472
476
497
514
556
565
567
641
675
699
718
170
191
201
217
221
244
264
267
293
312
375
553
630
631
638
665
677
783
967
15
129
186
248
283
339
343
352
481
525
550
571
573
592
598
637
639
661
666
676
679
702
709
720
952
172
188
258
274
281
286
319
328
341
342
358
527
566
579
593
594
607
612
657
693
752
802
960
964
29
117
183
211
218
233
237
453
501
511
540
558
562
608
727
749
983
98
150
169
199
215
255
256
290
530
564
611
622
643
670
690
736
740
759
1
176
219
236
250
318
574
614
662
684
726
731
732
744
112
146
163
197
245
254
292
307
534
570
651
667
689
714
721
757
140
159
189
205
226
251
291
333
418
595
669
750
766
777
803
148
174
175
210
224
392
610
682
691
719
794
5
167
178
181
193
253
257
561
572
588
602
619
723
733
760
768
784
815
820
942
22
128
232
271
317
470
577
626
688
716
728
775
978
155
206
212
223
231
288
316
655
664
692
700
715
725
800
808
853
987
99
134
145
207
242
605
606
617
620
628
687
704
708
742
763
772
778
780
787
789
807
107
116
130
151
152
180
216
241
543
672
747
785
837
972
139
141
604
673
737
812
165
168
235
345
681
698
701
713
762
829
976
108
187
648
663
697
746
769
791
149
182
214
234
301
568
668
683
710
748
758
798
805
824
8
100
156
654
770
774
779
810
827
863
95
143
153
158
171
203
230
294
586
685
753
754
843
980
110
111
204
209
213
695
795
832
707
730
761
844
21
115
623
729
764
841
977
997
114
135
185
636
771
826
7
86
124
192
741
796
833
164
650
776
788
799
823
834
881
984
105
136
239
735
767
846
860
102
118
228
712
739
792
836
847
856
873
27
83
131
160
220
790
811
871
819
825
838
854
865
991
154
279
680
786
797
864
147
243
686
694
781
835
862
121
122
724
867
868
981
34
81
96
460
818
831
76
103
652
705
801
806
814
970
995
75
91
137
845
875
877
887
703
738
817
104
315
632
706
852
858
123
323
450
773
793
904
66
195
73
119
859
866
870
872
513
828
349
659
857
885
51
222
979
162
464
822
882
54
370
403
436
584
894
80
320
447
468
559
855
876
56
79
88
830
851
63
97
755
809
816
821
839
849
850
861
348
402
407
486
548
711
813
898
982
65
71
297
314
492
498
804
113
393
484
869
897
106
273
435
500
646
971
299
371
400
416
425
533
609
840
902
28
443
455
499
765
49
62
173
278
456
696
896
899
70
331
384
391
734
874
926
953
74
85
289
295
334
462
615
642
907
927
101
125
322
350
412
613
751
756
53
120
458
477
591
649
674
269
510
524
58
84
200
404
653
842
880
410
479
635
745
93
364
433
480
495
161
408
888
39
60
94
413
446
493
555
743
925
992
454
583
909
912
50
268
296
437
538
994
61
532
536
722
263
272
305
386
441
488
903
362
377
394
717
718
878
208
528
678
601
783
915
988
45
337
463
541
802
993
999
177
247
467
516
554
918
427
563
901
308
330
372
409
919
6
144
157
280
369
429
699
890
414
448
922
354
423
451
473
551
634
671
72
482
508
520
658
194
298
373
417
539
547
582
752
944
138
196
229
434
910
198
246
379
633
913
252
390
483
502
640
660
720
142
336
347
406
490
549
587
603
679
42
504
507
656
931
179
190
485
526
3
452
506
581
585
803
848
955
529
794
166
261
600
702
990
35
38
578
749
503
505
777
820
891
340
575
596
625
929
677
921
46
266
346
494
618
644
914
2
18
225
302
759
310
411
465
616
621
461
546
552
815
853
10
285
757
916
936
968
16
363
424
675
47
422
627
90
117
736
917
129
287
325
356
359
545
647
975
24
478
599
892
0
353
800
98
201
629
661
784
768
709
883
33
150
300
934
217
740
744
808
884
949
491
522
775
732
355
787
184
837
306
126
693
13
41
238
262
624
807
438
567
969
666
789
812
641
727
277
270
361
637
313
665
766
829
893
535
785
938
112
721
597
191
397
961
32
172
639
772
170
59
89
140
905
303
941
750
367
843
844
211
824
676
863
64
726
963
67
611
832
881
827
973
321
962
146
11
395
460
805
974
188
873
569
937
37
389
197
496
514
998
366
983
286
856
737
659
690
965
935
760
163
719
315
12
742
810
116
607
128
169
175
765
323
860
450
972
186
141
947
834
1
987
662
865
176
244
107
183
204
282
290
298
302
308
310
316
317
318
319
320
322
323
324
325
327
330
331
332
333
336
340
342
343
344
346
347
348
349
350
351
352
355
356
358
360
361
362
364
365
367
369
371
374
375
376
379
381
386
389
390
393
394
395
399
400
402
408
409
410
413
417
418
421
422
423
430
431
436
438
439
440
441
442
443
444
445
446
451
453
457
458
460
466
468
471
475
487
493
589
593
104
105
113
117
119
120
121
122
124
125
126
127
128
129
130
132
133
134
135
137
138
139
140
141
142
143
144
147
150
152
153
156
157
158
159
160
162
163
164
168
170
171
172
174
175
176
177
179
183
185
186
187
188
190
191
192
193
194
195
196
197
198
199
200
202
205
206
207
209
211
213
215
217
218
219
220
221
222
223
224
225
227
228
229
230
231
234
235
237
238
239
240
241
242
243
244
247
249
250
251
252
253
254
255
256
259
262
263
264
265
266
267
268
269
270
271
272
273
274
275
276
277
278
279
280
281
283
284
285
286
287
288
289
291
292
293
294
295
296
297
299
300
301
303
304
305
306
307
309
311
312
313
314
315
321
326
328
329
334
335
337
338
339
341
345
353
354
357
359
363
366
368
370
372
373
377
378
380
382
383
384
385
387
388
391
392
396
397
398
401
403
404
406
407
411
412
414
415
416
419
420
424
425
426
427
428
429
432
433
434
435
437
447
448
449
450
452
454
455
456
459
461
462
463
464
465
467
469
470
472
473
474
476
477
478
479
480
481
482
483
484
485
486
488
489
490
491
492
494
495
496
497
498
499
500
501
502
503
504
505
506
507
508
509
510
511
512
513
514
515
516
517
519
520
522
523
524
525
527
528
531
532
533
534
536
537
538
539
540
541
542
543
544
545
546
547
548
549
550
551
552
553
554
555
556
557
558
559
560
561
562
563
564
565
566
567
568
569
570
571
573
574
576
577
578
579
580
581
583
584
585
586
587
588
590
592
594
595
596
597
598
599
600
601
602
604
605
606
607
608
609
610
611
612
613
615
618
619
620
621
622
623
624
625
626
627
629
630
631
632
633
634
635
636
637
639
640
641
642
644
645
646
647
648
650
651
653
654
657
658
659
660
661
662
663
664
668
669
670
671
672
674
675
676
678
679
680
681
682
686
687
688
694
696
700
702
704
705
706
709
710
713
714
719
720
721
722
723
724
726
727
728
730
731
732
735
736
738
739
740
742
743
744
746
747
748
749
750
751
752
753
754
755
756
758
759
760
761
762
764
766
768
769
770
771
774
775
784
791
792
795
801
804
805
846
79
81
86
87
88
89
90
91
92
93
94
95
96
97
98
99
100
101
102
103
106
107
108
109
110
111
112
114
115
116
118
123
131
136
145
146
148
149
151
154
155
161
165
166
167
169
173
178
180
181
182
184
189
201
203
208
210
212
214
216
226
232
233
236
245
246
248
257
258
260
261
405
518
521
526
529
530
535
572
575
582
591
603
614
616
617
628
638
643
649
652
655
656
665
666
667
673
677
683
684
685
689
690
691
692
693
695
697
698
699
701
703
707
708
711
712
715
716
717
718
725
729
733
734
737
741
745
757
763
765
767
772
773
776
777
778
779
780
781
782
783
785
786
787
788
789
790
793
794
796
797
798
799
800
802
803
806
807
808
809
810
811
812
814
815
816
817
818
819
820
821
823
824
825
826
827
828
829
831
832
833
834
835
836
837
838
839
840
841
842
845
847
853
854
857
858
862
864
866
867
869
871
875
876
877
880
72
73
74
75
76
77
78
80
82
83
84
85
813
822
830
843
844
848
849
850
851
852
855
856
859
860
861
863
865
868
870
872
873
874
878
879
881
882
883
884
885
888
892
893
894
63
65
66
67
68
69
70
71
886
887
889
890
891
895
896
897
898
900
901
902
903
904
908
909
910
912
55
56
58
59
60
61
62
64
899
905
906
907
911
913
915
916
918
919
920
48
49
50
52
53
54
57
914
917
921
922
923
924
925
926
927
928
932
46
47
51
929
930
931
933
934
935
936
938
40
41
43
44
45
937
939
940
941
942
943
944
945
947
39
42
946
948
949
950
35
37
38
951
952
953
954
955
30
31
32
33
34
36
956
957
958
959
960
27
29
961
962
963
22
24
26
28
964
965
966
969
17
18
19
20
23
25
967
968
971
973
8
9
10
11
14
15
16
21
970
972
974
975
976
4
5
6
7
12
13
977
978
980
982
2
3
979
981
984
986
0
1
983
988
985
987
989
990
991
992
993
994
997
995
996
998
999
323
350
402
436
447
450
460
138
157
278
315
349
407
409
434
456
462
484
144
161
297
320
348
354
364
367
370
391
400
403
408
416
435
458
488
659
751
98
129
142
173
177
194
200
263
269
273
310
314
322
331
336
347
371
384
386
393
394
423
424
425
443
446
464
468
480
486
513
117
150
190
261
305
325
334
353
362
377
404
412
413
414
417
441
477
479
498
500
510
524
549
559
584
743
745
756
765
100
112
128
134
140
141
163
166
172
175
179
208
217
268
286
289
295
308
330
337
340
372
375
389
390
410
411
420
422
437
448
451
453
455
463
475
492
493
494
495
499
508
529
533
547
548
554
567
583
609
611
613
646
653
679
718
734
742
853
110
116
122
154
160
170
183
188
191
196
197
198
205
211
225
247
252
270
277
280
287
299
346
355
356
361
365
366
369
373
376
378
379
395
427
429
430
433
438
440
442
452
467
473
482
487
491
502
516
532
536
538
541
563
591
596
601
607
635
696
722
759
768
794
805
815
820
99
107
123
130
139
145
146
148
149
151
176
189
199
201
229
238
244
265
296
298
300
302
306
319
321
326
329
333
342
359
360
363
381
397
454
461
471
503
505
507
514
527
528
551
579
615
634
642
649
671
674
678
702
717
732
736
740
749
760
777
783
792
802
824
827
846
873
875
81
95
103
105
108
111
115
135
137
143
152
156
174
186
187
236
246
259
266
272
274
291
303
313
317
344
382
385
399
401
406
445
449
457
465
466
474
476
478
483
485
489
490
496
497
504
506
522
539
540
546
552
555
556
575
578
585
600
625
627
658
661
662
669
677
699
721
737
744
750
752
762
772
774
775
784
787
789
812
829
833
834
837
844
856
862
863
869
881
86
96
102
118
121
124
158
159
167
169
178
184
210
215
218
219
221
224
240
262
276
304
309
311
318
332
338
345
368
380
383
387
388
398
421
428
520
526
535
581
582
587
592
593
599
618
621
629
630
637
641
644
656
657
675
709
720
726
727
746
757
764
779
781
790
800
803
807
808
826
832
835
841
843
845
860
871
877
114
153
155
168
171
181
192
193
207
233
237
249
267
282
284
285
324
341
351
396
431
439
444
469
519
521
525
531
542
544
545
557
562
574
577
597
603
631
633
639
647
660
666
667
676
719
753
763
766
767
785
788
828
864
865
867
868
870
91
93
113
131
136
162
165
180
182
185
203
206
214
248
258
264
275
283
293
352
415
426
459
509
515
523
534
537
560
561
564
569
573
580
590
616
624
665
670
682
693
716
741
748
778
798
810
821
831
854
857
858
872
882
887
894
902
73
76
83
104
106
120
132
147
164
195
216
223
231
241
242
245
251
256
257
260
290
307
316
327
335
357
358
374
419
518
543
553
565
568
571
589
598
602
608
610
614
638
640
688
692
714
723
731
758
769
770
780
795
796
816
823
825
836
838
847
859
866
876
885
75
79
97
101
250
254
288
292
312
339
405
432
470
481
501
512
550
558
572
594
612
643
651
690
691
700
728
791
811
819
852
855
880
904
80
85
88
119
125
126
127
133
212
226
232
234
255
281
294
343
566
576
595
622
687
708
715
725
761
771
793
818
878
888
897
898
907
909
56
60
66
71
209
230
301
328
472
517
530
619
655
663
684
689
698
713
747
799
830
861
74
84
89
90
94
204
271
588
604
626
654
664
685
686
701
730
733
754
786
797
801
806
814
839
850
851
874
896
899
913
927
63
65
213
220
228
235
418
570
605
606
617
623
668
672
681
683
697
704
817
849
890
893
905
916
70
253
511
620
680
729
739
776
883
884
886
891
892
901
903
912
915
918
926
49
77
78
109
392
628
636
648
710
735
773
813
842
910
51
53
61
62
69
87
243
632
673
695
782
804
822
840
900
914
917
919
925
54
72
239
650
755
809
848
911
922
931
67
68
222
279
712
724
227
645
707
738
879
889
924
929
50
58
59
82
694
895
921
938
45
48
64
92
652
705
906
908
928
941
944
41
46
202
586
706
934
935
936
42
703
933
940
47
55
949
52
920
955
39
711
930
947
57
937
945
35
38
951
923
932
943
950
40
961
939
946
963
32
37
952
957
968
33
43
24
44
948
956
965
36
962
973
974
942
960
964
10
967
15
11
12
953
970
980
22
29
976
978
983
5
972
27
987
1
34
981
977
984
8
971
21
954
7
997
28
315
323
450
460
349
436
447
995
278
320
348
370
402
403
407
462
464
484
513
959
991
161
173
273
297
314
331
350
364
371
391
393
400
404
416
425
435
443
456
458
468
486
138
157
200
263
269
289
295
299
322
334
337
347
354
362
377
384
386
408
409
410
412
413
417
434
446
455
477
480
492
498
499
500
979
144
177
194
208
252
261
268
280
296
298
305
308
310
330
336
340
369
372
373
379
394
414
422
423
424
429
433
437
438
441
463
473
479
488
495
510
533
548
559
584
659
982
142
179
190
229
247
272
300
302
303
313
325
329
346
353
355
356
359
360
361
363
366
378
381
383
389
390
395
397
398
401
406
411
421
427
442
445
448
451
452
454
461
465
466
467
478
482
483
490
493
507
524
528
591
31
98
129
166
196
198
225
238
246
262
266
270
277
284
285
287
306
321
326
338
365
367
368
374
376
380
382
388
399
415
430
431
439
449
471
474
485
489
491
494
496
502
503
504
505
506
508
516
529
532
536
538
539
547
549
554
563
583
609
613
958
13
16
18
117
150
170
172
184
188
191
201
217
221
244
259
260
265
282
286
304
309
311
324
327
332
344
351
357
375
385
387
396
419
420
426
428
432
440
457
469
475
487
519
520
522
526
531
541
545
546
551
555
587
615
646
653
2
6
17
112
163
175
176
183
186
197
199
211
218
233
236
240
248
249
258
264
267
274
275
276
283
293
312
318
319
335
339
342
343
352
358
405
444
459
476
497
509
512
514
515
518
521
535
537
542
544
552
567
569
575
578
581
582
585
596
601
603
635
642
649
674
696
751
0
9
128
140
146
148
169
189
205
210
215
219
237
250
251
254
255
256
281
290
292
307
328
333
341
453
472
481
517
523
527
556
557
560
565
580
590
597
599
600
616
633
634
671
678
734
745
756
765
969
3
99
107
116
130
134
141
145
151
159
167
174
178
181
193
224
226
231
245
257
291
392
418
501
511
525
540
550
553
571
576
589
592
607
611
618
624
625
627
629
630
640
644
658
677
722
743
975
100
108
139
149
152
155
180
206
212
216
223
232
234
235
242
253
271
288
316
317
470
530
558
562
564
566
573
579
593
594
598
621
631
637
638
641
647
656
660
665
675
679
699
717
718
999
23
95
110
111
143
156
158
165
168
171
182
187
203
207
214
230
241
279
294
345
534
570
574
608
612
614
639
657
661
662
666
676
693
702
709
720
988
994
115
124
135
153
154
204
209
213
220
301
561
588
595
602
622
643
651
667
669
670
684
721
736
740
744
749
759
783
802
992
4
86
102
105
114
118
122
131
136
164
185
192
228
239
243
543
572
577
606
610
619
690
726
727
731
732
750
752
993
19
81
96
103
121
137
147
160
162
222
568
586
604
605
617
620
626
655
664
682
689
691
692
700
714
719
723
733
742
757
760
766
768
777
794
815
820
853
75
83
91
104
123
195
628
648
672
673
688
698
704
708
715
716
725
728
763
772
775
803
25
76
113
119
126
654
663
681
683
687
697
701
713
737
747
762
778
784
787
789
800
805
808
812
20
26
66
73
79
80
88
97
106
120
623
636
650
668
685
695
710
746
748
753
769
774
779
780
785
807
824
827
829
837
990
30
125
202
652
707
729
754
758
761
764
770
791
795
798
810
832
843
863
56
63
65
71
84
93
94
101
227
632
645
680
694
712
724
730
741
767
771
776
796
833
841
844
856
873
70
85
89
90
109
132
686
703
735
739
788
792
811
826
834
846
860
881
51
54
62
74
705
706
738
781
786
799
801
823
825
835
836
838
847
854
862
865
868
871
986
49
53
72
77
127
711
755
773
790
797
819
845
864
867
875
877
58
60
61
87
806
814
818
831
852
858
866
887
68
793
817
822
859
872
904
50
67
78
133
804
809
828
839
857
870
882
885
966
998
14
39
59
64
69
92
813
821
830
850
855
861
869
894
985
816
840
842
851
876
989
46
47
48
848
849
874
880
896
897
898
902
907
42
45
57
782
878
888
899
926
38
55
82
912
927
996
35
901
903
909
52
884
891
910
915
918
41
883
890
921
925
913
922
24
32
33
37
886
892
893
916
919
931
40
889
914
929
900
917
934
936
944
879
895
911
928
10
43
44
460
924
935
955
323
450
906
315
908
949
349
905
937
938
36
370
403
436
464
513
920
930
963
320
348
402
447
468
486
941
947
962
393
407
425
435
11
297
299
314
371
400
404
416
443
455
492
498
499
500
548
559
659
951
961
968
273
322
331
334
384
391
412
456
458
480
484
533
584
933
943
946
957
278
289
295
350
362
364
386
410
413
433
437
446
462
477
479
945
956
973
12
173
269
296
337
369
377
408
441
493
495
510
609
965
161
200
268
298
305
330
372
406
417
429
448
454
463
473
483
524
536
591
646
923
939
950
272
308
373
379
390
394
422
423
427
467
490
528
555
613
615
649
974
208
229
263
280
346
347
356
361
395
409
438
445
461
466
482
485
488
504
506
507
532
538
539
563
635
642
696
932
940
948
340
354
355
359
360
397
398
401
411
414
421
434
442
451
452
465
478
505
516
520
526
541
554
583
587
674
734
765
29
157
198
246
247
252
285
300
302
310
313
325
336
363
368
381
382
383
388
415
494
502
503
508
545
546
547
551
601
653
756
967
144
177
179
194
196
266
303
306
329
374
426
431
489
491
519
522
531
578
581
582
585
603
751
952
960
964
138
190
282
287
309
351
353
366
376
378
380
389
399
419
424
439
469
471
496
518
521
549
552
569
575
596
600
616
633
640
743
745
983
142
238
262
277
284
332
338
387
405
449
515
529
535
537
618
634
678
722
15
166
225
259
261
304
311
344
365
474
487
542
580
590
597
599
621
627
644
658
660
1
184
321
326
335
367
396
430
432
444
457
459
523
544
560
589
624
625
647
656
671
675
699
717
718
5
22
129
170
186
191
201
221
240
249
260
270
275
276
324
327
339
357
428
440
509
512
517
557
565
576
629
702
720
783
802
942
972
978
117
188
217
244
264
265
267
343
352
385
420
472
475
497
514
556
567
571
630
631
637
638
641
665
709
98
172
233
237
274
281
293
476
553
598
639
666
676
677
693
752
146
150
169
183
211
248
312
342
358
375
550
558
573
592
661
679
749
759
199
215
218
256
258
283
286
319
328
341
525
540
566
593
612
657
670
690
727
732
736
953
976
987
112
176
219
236
250
255
481
511
527
564
579
594
607
608
622
684
731
740
744
140
163
197
245
254
290
318
501
530
562
643
662
721
726
757
766
794
803
820
8
148
167
174
175
189
226
251
453
570
611
651
667
689
714
719
777
815
21
128
159
193
205
210
292
418
534
574
614
691
715
750
768
775
784
853
27
107
178
181
307
392
669
723
733
34
99
116
134
145
155
232
257
271
291
333
595
619
760
763
800
807
808
954
977
130
152
206
207
223
224
253
682
688
700
728
780
785
812
7
139
212
231
241
242
572
588
606
610
655
664
672
692
716
725
772
778
789
837
980
984
151
165
168
180
216
288
605
626
687
704
708
747
769
787
829
141
317
561
602
628
697
698
701
748
791
843
997
108
235
316
470
577
620
673
713
737
742
798
805
810
827
863
991
111
182
663
710
758
762
770
779
795
824
95
110
143
187
214
234
345
604
617
681
832
149
158
171
543
668
746
774
100
114
153
156
204
213
683
685
695
754
833
841
881
115
135
185
209
230
586
654
730
753
761
981
982
86
203
648
729
764
771
776
796
823
826
844
847
860
979
124
136
164
707
799
834
871
873
83
301
568
846
854
959
102
118
865
970
105
623
735
741
767
811
825
836
838
856
131
294
739
792
819
864
868
220
239
636
786
788
797
862
995
28
75
122
228
650
712
801
818
867
91
192
243
781
814
831
147
154
160
694
835
877
76
81
96
121
790
806
845
852
858
887
103
738
866
875
66
817
460
724
859
904
104
680
706
773
51
73
119
137
705
857
870
872
652
686
885
63
279
315
793
79
222
323
450
822
882
894
971
97
828
850
861
195
839
849
851
876
969
994
54
56
71
80
123
809
830
855
88
513
659
804
898
65
113
349
703
896
897
988
162
403
755
821
62
84
106
464
584
813
840
899
992
6
370
468
816
874
902
907
926
49
85
320
436
447
869
53
486
559
70
402
548
842
975
993
74
125
498
927
0
101
297
348
632
646
880
50
273
407
492
499
765
903
299
314
425
500
609
888
958
173
393
435
533
58
93
94
120
484
696
756
909
999
2
18
39
60
371
400
416
734
912
925
443
455
456
751
61
642
3
278
322
331
334
878
126
161
289
295
350
391
462
613
649
674
711
200
384
458
615
918
13
72
269
477
591
635
990
412
480
745
404
510
524
743
890
915
364
653
922
45
495
479
901
910
919
16
555
802
921
931
46
268
410
413
437
722
913
944
296
446
493
536
718
35
433
583
955
17
42
208
386
38
144
157
717
783
914
272
408
454
538
929
177
263
305
362
678
23
47
138
554
488
528
532
699
24
441
916
67
247
337
377
891
934
936
90
196
198
541
601
848
64
142
372
394
516
563
89
448
658
10
33
752
917
968
179
194
308
409
429
463
720
820
884
229
427
634
671
794
59
467
853
166
330
354
369
41
117
246
423
815
190
280
373
551
803
252
417
482
520
656
749
949
98
508
539
547
585
603
702
69
414
883
129
451
473
582
587
660
261
390
526
679
893
600
32
347
759
777
434
502
506
633
640
935
9
19
150
549
962
298
529
336
581
596
677
768
900
938
490
963
675
736
800
892
775
973
998
266
379
483
503
507
616
625
37
784
807
905
340
504
575
621
837
937
225
644
757
808
941
184
310
812
406
578
112
201
346
452
744
11
829
843
140
285
627
740
961
461
618
881
485
732
325
494
709
363
647
863
789
55
217
661
983
353
552
785
787
974
170
886
951
287
546
965
302
721
172
238
693
832
873
947
191
306
924
928
629
146
411
827
12
424
824
666
68
4
128
772
996
300
957
750
1
116
355
844
48
805
478
766
107
599
860
911
356
641
989
132
987
972
665
856
637
567
211
5
169
865
99
676
270
727
871
868
491
904
833
846
277
262
460
834
810
175
997
188
197
141
862
659
875
854
967
134
163
176
877
186
422
465
148
315
956
367
183
450
887
991
927
765
978
835
964
95
100
323
737
780
40
982
902
597
359
15
395
51
86
317
343
346
457
263
277
278
282
284
286
290
291
294
295
297
298
302
303
304
305
307
308
310
311
312
313
314
315
316
318
319
320
321
322
323
324
325
326
327
328
329
330
331
332
333
334
335
336
337
338
339
340
341
342
344
345
347
348
349
350
351
352
353
354
355
356
357
358
359
360
361
362
364
365
366
367
368
369
370
371
372
373
374
375
376
377
378
379
380
381
382
383
384
385
386
387
388
389
390
391
392
393
394
395
396
397
398
399
400
401
402
403
404
406
407
408
409
410
411
412
413
414
415
416
417
418
419
420
421
422
423
424
425
426
427
428
429
430
431
432
433
434
435
436
437
438
439
440
441
442
443
444
445
446
447
448
449
450
451
452
453
455
456
458
459
460
461
462
463
465
466
467
468
469
470
471
472
473
474
475
476
478
479
480
482
483
485
486
487
488
490
491
493
494
495
496
497
499
500
502
504
505
507
509
510
511
514
515
519
522
523
527
531
532
533
534
536
537
538
539
540
541
542
543
544
545
547
548
549
550
551
552
553
554
556
557
558
560
561
562
563
564
565
566
567
568
570
571
574
576
577
578
579
581
583
584
586
587
589
592
593
595
596
597
598
599
600
601
602
604
605
607
608
609
610
611
612
613
615
618
619
621
623
624
627
629
630
631
632
634
636
641
644
645
650
651
653
654
657
659
662
663
664
668
672
675
678
680
681
700
702
704
726
727
728
731
735
740
742
751
755
759
764
156
158
164
168
171
172
174
175
177
179
183
185
186
187
188
190
191
192
193
194
195
198
199
200
202
203
204
205
206
207
208
209
210
211
213
214
215
217
218
219
220
221
222
223
224
225
226
227
228
229
230
231
234
235
236
237
238
239
240
241
242
243
244
246
247
248
249
250
251
252
253
254
255
256
257
258
259
260
262
264
265
266
267
268
269
270
271
272
273
274
275
276
279
280
281
283
285
287
288
289
292
293
296
299
300
301
306
309
363
405
454
464
477
481
484
489
492
498
501
503
506
508
512
513
516
517
518
520
521
524
525
526
528
529
530
535
546
555
559
569
572
573
575
580
582
585
588
590
591
594
603
606
614
616
617
620
622
625
626
628
633
635
637
638
639
640
642
643
646
647
648
649
652
655
656
658
660
661
665
666
667
669
670
671
673
674
676
677
679
682
683
684
685
686
687
688
689
690
691
692
693
694
695
696
697
698
699
701
703
705
706
707
708
709
710
711
712
713
714
715
716
717
718
719
720
721
722
723
724
725
729
730
732
733
734
736
737
738
739
741
743
744
745
746
747
748
749
750
752
753
754
756
757
758
760
761
762
763
765
766
767
768
769
770
771
772
773
774
775
776
777
778
779
782
784
785
791
792
795
801
804
805
113
117
119
120
121
122
123
124
125
126
127
128
129
130
132
133
134
135
136
137
138
139
140
141
142
143
144
145
146
147
148
149
150
152
153
154
155
157
159
160
161
162
163
165
166
167
169
170
173
176
178
180
181
182
184
189
196
197
201
212
216
232
233
245
261
780
781
783
786
787
788
789
790
793
794
796
797
798
799
800
802
803
806
807
808
809
810
811
812
814
815
816
817
818
819
820
821
823
824
826
827
829
831
833
837
841
842
846
88
92
93
94
95
96
97
98
99
100
101
102
103
104
105
106
107
108
109
110
111
112
114
115
116
118
131
151
813
822
825
828
830
832
834
835
836
838
839
840
843
844
845
847
848
849
852
853
854
857
858
860
862
864
866
867
875
75
76
77
78
79
80
81
82
83
84
85
86
87
89
90
91
850
851
855
856
859
861
863
865
868
869
870
871
872
873
874
876
877
878
879
880
881
882
883
884
888
69
71
72
73
74
885
886
887
889
890
891
892
893
894
898
64
65
66
67
68
70
895
896
897
900
901
902
903
904
906
908
909
910
55
56
57
58
59
60
61
62
63
899
905
907
911
912
913
915
916
917
918
919
920
48
49
50
52
53
54
914
921
922
923
924
925
926
928
46
47
51
927
929
930
931
932
933
934
935
40
43
45
936
937
938
939
940
941
942
944
945
39
41
42
44
943
946
947
948
949
37
38
950
951
953
32
33
34
35
36
952
954
955
957
958
959
30
31
956
960
22
26
27
28
29
961
962
963
20
24
25
964
965
966
969
11
15
17
18
19
21
23
968
971
8
9
10
12
14
16
967
970
972
973
974
975
976
4
5
6
7
13
977
978
979
980
981
2
3
982
984
986
0
1
983
988
985
987
989
991
992
993
994
990
995
996
997
998
999
323
447
450
460
315
350
402
407
436
462
484
278
320
349
354
403
409
416
424
434
456
488
297
336
348
364
370
391
393
394
400
408
423
425
435
458
464
468
480
486
513
549
659
751
157
194
200
263
310
314
322
325
331
347
367
371
377
384
386
412
414
441
443
446
479
500
510
529
567
584
646
653
743
138
144
161
173
177
261
269
273
286
295
305
330
334
337
340
353
362
375
404
410
411
413
417
420
427
437
448
451
455
477
492
493
494
495
498
524
533
547
548
554
559
583
609
611
613
679
696
718
734
742
745
756
765
129
190
208
217
252
268
289
308
346
355
356
366
372
373
376
379
389
390
422
429
430
433
442
452
453
463
467
475
482
487
491
499
502
508
516
536
538
541
563
591
596
607
635
649
674
678
142
150
163
172
175
179
211
225
247
270
277
280
287
299
302
321
361
363
365
369
378
395
397
438
440
454
471
473
503
505
507
514
527
532
551
575
579
601
615
634
642
671
702
717
722
736
737
740
749
759
98
117
140
141
166
183
188
191
196
197
198
205
229
244
265
291
296
298
300
303
306
319
326
329
333
342
344
359
360
381
385
406
457
461
465
466
476
478
483
490
496
497
504
522
528
539
540
555
556
578
582
599
600
625
627
629
630
644
658
661
662
677
726
732
750
760
762
768
777
805
820
100
112
128
134
170
176
189
201
236
238
246
266
272
276
309
313
317
368
380
382
383
398
399
401
421
428
445
449
474
485
489
506
526
546
552
577
581
587
592
618
621
641
656
657
660
669
675
699
720
721
727
744
746
752
757
772
775
783
784
787
789
792
794
802
815
853
122
139
146
154
160
174
186
187
199
210
224
259
262
267
274
282
285
304
318
338
387
388
431
469
519
520
531
535
542
544
545
557
562
574
585
593
603
631
633
637
647
666
667
676
709
719
764
767
774
779
790
800
808
812
824
827
829
846
110
116
123
130
143
145
148
149
151
152
156
184
215
218
219
221
240
258
284
311
324
332
341
345
351
426
439
444
515
521
525
534
537
561
564
569
573
580
597
602
616
624
639
665
693
753
763
766
781
785
803
807
834
837
875
99
107
108
115
135
137
158
159
167
169
178
181
192
193
203
207
233
237
249
264
275
283
293
307
335
352
357
396
415
459
509
518
523
543
553
560
565
571
589
590
608
612
614
638
640
670
682
688
692
714
716
741
748
788
832
833
835
841
844
845
856
862
873
81
95
103
105
111
118
121
124
153
155
168
171
206
214
248
260
290
312
316
327
358
374
405
419
550
558
568
594
598
610
643
690
691
700
723
731
769
770
778
780
798
810
826
843
860
863
869
86
96
102
165
180
182
185
195
216
223
231
241
242
245
250
251
256
257
292
343
432
470
481
501
512
572
576
595
622
651
708
715
728
758
791
795
796
816
821
828
831
865
871
877
881
114
131
136
162
164
255
281
288
294
339
472
517
566
655
684
687
725
761
771
823
825
836
864
867
868
870
93
113
132
147
212
226
232
254
301
328
530
588
604
619
654
663
664
672
685
689
698
713
747
793
811
847
854
857
872
83
91
104
106
120
209
230
234
271
418
617
626
668
686
701
704
733
754
818
819
838
858
859
882
76
101
125
204
235
570
605
606
623
681
683
697
730
786
797
799
806
852
855
866
876
880
885
887
894
902
73
75
79
80
88
97
119
127
133
213
220
228
253
392
511
620
648
680
729
735
739
776
801
817
830
839
85
126
628
632
636
673
773
814
850
878
888
897
904
66
71
650
695
710
849
851
861
898
907
56
60
74
84
90
94
243
782
842
874
896
909
65
89
239
712
724
755
804
809
813
927
63
70
109
279
645
707
738
822
840
886
890
892
893
899
913
916
77
78
222
883
884
891
901
905
912
915
918
87
227
586
652
694
705
706
848
903
926
49
51
53
54
61
62
69
703
900
910
917
919
68
72
914
925
67
202
911
931
711
879
889
922
50
58
59
64
82
92
929
45
48
895
921
924
938
906
944
908
928
934
935
941
41
42
46
47
936
55
933
940
39
52
57
920
949
947
955
930
937
35
38
945
40
951
932
943
950
923
961
32
37
946
963
33
957
43
952
968
44
939
24
36
948
956
965
962
973
974
10
960
964
942
967
15
11
12
450
460
29
315
323
436
447
22
349
402
407
462
464
484
513
980
278
320
348
350
370
400
403
416
425
435
456
458
468
486
1
297
314
331
364
371
377
384
391
393
404
408
409
412
434
443
455
480
488
492
498
499
500
548
559
659
970
5
27
34
173
263
269
273
295
299
322
334
336
337
347
354
362
369
386
394
410
413
414
417
422
423
424
429
433
437
441
446
463
477
479
493
495
510
524
533
584
978
157
161
200
261
268
280
289
296
298
305
308
310
330
340
372
373
379
390
406
411
427
438
442
445
448
451
452
454
461
465
466
467
473
482
483
490
494
507
508
516
528
529
532
536
538
547
549
554
583
591
609
613
646
976
983
987
8
138
144
194
208
229
252
272
300
302
303
313
325
329
346
353
355
356
359
360
361
363
366
367
368
378
381
383
389
395
397
398
399
401
415
420
421
430
431
471
474
478
485
489
491
496
502
503
504
505
506
520
522
526
539
541
551
555
563
615
649
653
696
21
177
179
190
225
238
246
247
266
270
277
285
287
306
309
321
326
338
365
374
376
380
382
385
387
388
419
426
428
439
440
449
457
469
475
487
514
519
521
531
545
546
552
567
575
578
582
587
596
601
635
642
674
745
751
953
972
981
7
142
166
196
198
217
262
265
282
284
286
304
311
324
332
344
351
357
375
396
405
432
444
453
459
476
497
509
512
515
518
523
527
535
537
542
544
556
557
569
580
581
585
599
600
603
616
633
634
671
678
734
756
765
28
129
172
184
191
201
211
221
240
244
259
260
275
276
283
293
312
319
327
333
335
342
343
352
358
472
481
517
525
553
560
565
576
589
590
592
597
607
611
618
621
624
625
627
629
630
640
644
647
658
660
677
679
718
722
743
150
170
183
186
188
197
199
205
218
233
236
248
249
258
264
267
274
281
290
291
307
318
328
339
341
501
511
540
550
558
562
564
571
573
579
593
594
598
631
641
656
661
665
675
717
977
984
98
112
117
140
163
175
176
189
210
215
219
224
237
250
254
255
256
292
392
418
470
530
534
561
566
570
574
608
612
614
637
638
639
657
662
666
676
699
702
709
720
997
146
148
159
169
181
231
245
251
253
257
316
317
577
595
602
622
643
667
669
670
693
727
736
740
749
752
759
783
971
128
134
141
151
152
167
174
178
193
206
212
223
226
232
242
271
288
345
543
572
588
610
651
684
690
721
726
732
742
744
750
757
802
100
116
130
139
145
149
155
168
180
182
187
203
207
214
216
234
235
241
279
294
301
568
606
617
619
620
626
655
664
682
689
691
692
714
719
731
760
766
777
18
31
99
107
108
143
156
158
165
171
192
230
586
604
605
628
687
688
700
708
716
723
725
728
733
737
768
772
775
794
803
815
954
2
6
13
16
110
111
135
153
185
204
209
213
220
228
648
654
663
672
673
681
698
704
715
762
763
784
787
789
820
991
995
0
3
9
17
95
115
124
154
164
239
243
636
683
697
701
713
746
747
778
800
807
808
812
853
979
86
102
105
118
122
131
136
147
160
195
222
623
650
668
685
695
710
748
753
774
779
780
785
805
824
23
96
103
114
121
137
162
652
707
730
741
754
758
761
764
769
770
791
827
829
837
982
81
123
632
645
680
686
703
712
729
767
795
798
810
969
4
75
83
91
104
119
694
724
739
771
776
788
790
792
796
832
841
843
844
863
19
76
113
120
126
227
705
735
738
781
811
826
833
834
856
975
25
73
79
88
106
125
202
706
786
799
823
846
873
959
992
20
26
80
97
711
755
773
819
835
836
838
860
862
865
988
994
66
84
93
101
793
797
801
818
825
845
847
854
864
871
875
881
958
999
30
56
65
70
71
94
109
132
806
831
867
868
993
63
74
85
89
90
809
814
817
858
877
51
54
822
828
852
857
859
866
872
887
62
127
804
816
821
839
990
49
53
72
77
830
855
869
870
882
885
904
58
61
87
133
813
851
14
60
840
842
850
861
876
894
966
998
50
68
78
849
897
898
986
59
67
782
848
874
880
902
39
64
69
92
878
989
46
47
48
888
896
899
907
985
45
996
42
926
927
57
884
891
903
909
912
915
55
82
460
883
890
901
38
892
910
918
450
925
35
41
52
315
323
886
913
919
349
436
513
921
922
447
464
893
916
931
320
348
370
402
403
407
468
486
889
944
425
435
500
584
879
900
914
917
929
934
936
37
297
371
393
400
416
443
455
484
492
498
548
559
659
314
331
384
391
404
412
456
458
462
499
533
33
273
278
299
322
334
350
364
410
433
446
477
479
480
495
609
895
911
928
24
32
295
362
386
408
413
437
441
454
493
510
524
613
615
40
289
296
337
369
377
417
429
463
467
473
483
536
591
646
924
173
269
305
330
372
379
394
406
422
427
448
488
490
528
532
538
555
583
642
649
905
908
955
200
268
272
298
308
373
390
409
414
423
434
438
451
452
461
465
466
482
485
504
505
506
507
516
520
539
541
563
635
653
674
696
949
263
280
336
340
346
347
354
356
359
397
411
442
445
478
502
508
526
547
551
554
587
601
734
906
935
937
938
161
355
360
361
398
401
421
494
503
522
545
546
549
578
751
765
930
208
229
285
302
310
313
363
368
381
383
395
415
424
431
489
491
496
531
552
581
582
585
596
600
603
633
678
756
947
246
247
252
300
303
325
329
378
382
388
426
469
471
518
519
521
529
569
575
616
640
722
743
745
10
177
194
266
287
306
351
353
374
376
419
439
449
535
537
542
597
599
618
621
634
920
941
190
196
198
277
284
309
366
380
389
399
474
487
515
544
557
560
590
625
627
644
658
660
671
717
718
961
43
144
157
179
225
238
262
282
332
338
344
387
457
459
523
576
580
589
624
629
647
656
933
968
259
261
304
311
321
326
365
367
405
420
428
430
432
444
509
512
514
517
556
565
567
630
641
675
699
720
951
963
36
44
138
142
166
270
357
385
396
440
472
475
476
497
553
571
631
637
638
639
665
677
679
702
709
783
962
240
260
276
324
327
335
598
661
666
676
752
802
184
191
217
244
249
264
275
375
525
550
558
573
592
593
607
657
693
727
943
946
201
221
265
267
293
339
343
352
527
540
566
579
594
612
670
690
736
740
749
759
170
186
188
274
319
341
342
481
562
564
608
611
643
732
744
945
957
129
172
233
237
248
281
283
286
312
328
358
453
501
622
662
721
726
757
117
150
183
199
211
258
511
534
667
684
714
731
766
777
794
803
940
956
965
176
215
218
219
236
255
256
530
574
614
651
689
691
719
923
973
11
98
146
169
290
318
669
750
820
932
939
950
245
250
333
570
595
768
775
784
974
140
163
197
251
254
292
682
688
715
716
723
728
733
760
815
112
159
175
189
205
291
307
392
561
572
577
602
610
619
655
700
708
808
12
148
174
178
210
224
226
418
588
664
687
692
725
742
763
778
780
787
800
807
167
181
193
626
704
772
785
789
853
232
257
317
605
606
737
812
128
271
543
628
672
747
762
837
967
145
155
206
207
212
253
288
470
617
620
673
698
829
948
952
130
134
152
223
231
242
604
663
681
697
701
713
746
748
758
769
791
964
99
107
241
116
141
180
216
316
345
668
710
770
774
779
798
805
810
824
960
139
151
165
168
648
683
753
754
827
843
863
187
568
654
685
795
1
29
182
695
832
983
108
149
214
235
729
761
764
15
234
730
833
841
153
156
171
796
826
844
111
158
209
707
741
771
95
100
110
143
203
204
301
623
788
799
860
185
213
230
767
776
823
834
881
115
135
636
739
846
856
114
294
790
819
836
792
847
978
105
586
811
854
865
873
987
86
118
136
460
712
781
825
864
871
972
124
650
735
838
5
164
192
786
831
862
83
102
131
797
835
21
160
818
868
686
814
867
22
239
450
680
801
976
8
122
220
228
315
724
817
942
147
323
694
806
845
121
154
513
852
875
877
887
980
96
75
81
91
349
659
705
858
7
76
103
866
464
584
828
904
997
403
793
870
872
370
436
447
468
859
104
137
486
559
773
27
885
320
548
738
73
123
402
857
66
54
297
348
407
498
882
894
991
51
484
500
646
822
977
492
855
435
499
609
765
816
876
273
314
393
416
425
533
706
299
696
839
851
79
119
371
400
443
456
821
898
34
278
613
615
734
751
756
830
455
462
642
861
984
63
173
334
674
850
56
80
391
649
653
295
331
350
384
412
591
897
71
458
809
869
995
322
477
524
849
289
635
743
745
200
269
480
510
896
902
88
364
813
195
243
433
479
899
161
404
495
722
555
652
926
979
982
65
410
583
718
907
927
49
446
408
437
493
536
717
981
454
488
538
678
268
755
802
28
296
413
263
528
532
874
97
377
386
554
783
62
70
305
208
394
925
53
272
362
441
699
880
563
60
177
247
516
601
840
74
634
752
804
101
541
39
58
85
106
337
144
409
463
467
429
888
330
354
970
157
308
547
658
909
423
671
196
372
720
912
194
434
582
138
427
448
508
539
679
794
918
113
373
992
142
551
587
50
252
603
61
229
417
633
656
903
179
347
520
915
414
451
482
529
702
280
600
777
803
820
45
84
166
336
549
660
6
198
759
878
585
640
749
246
261
390
502
507
677
120
369
994
190
452
575
473
988
919
526
815
596
944
117
853
922
93
302
581
285
621
503
647
901
494
504
757
910
340
675
993
999
266
424
625
483
616
42
225
310
955
736
129
768
98
490
800
3
890
931
546
578
740
150
990
644
298
744
913
35
184
406
38
379
721
732
929
201
916
287
775
808
353
661
709
968
325
346
552
618
812
363
784
217
837
953
0
789
787
914
627
829
18
478
936
506
772
567
785
917
10
355
807
112
485
921
629
934
693
844
975
460
24
411
881
41
2
356
863
33
270
949
238
873
961
659
662
140
843
46
827
805
172
611
938
315
317
343
352
360
93
98
104
105
106
108
111
113
114
117
118
119
120
121
122
123
124
125
126
127
128
129
132
133
134
135
137
138
139
140
143
156
157
158
162
164
168
171
190
204
205
263
277
278
282
284
290
294
295
298
302
305
308
310
311
312
314
315
316
318
319
320
322
323
324
325
326
327
328
329
330
331
332
333
334
335
336
337
338
339
340
341
342
344
345
346
347
348
349
350
351
353
354
355
356
357
358
359
361
362
364
365
367
368
369
370
371
372
374
375
376
377
378
379
380
381
382
383
384
386
387
388
389
390
391
392
393
394
395
396
397
398
399
400
401
402
403
404
407
408
409
410
411
413
414
415
417
418
421
422
423
424
425
427
430
431
432
434
435
436
438
439
440
441
442
443
444
445
446
447
448
449
450
451
453
457
458
460
461
466
468
471
473
475
476
487
493
505
511
515
553
556
562
565
567
568
574
578
587
589
593
595
597
598
601
607
608
609
610
611
613
623
627
629
631
632
634
641
644
651
654
662
663
670
672
675
680
700
702
704
713
719
726
727
728
730
731
732
735
736
738
740
742
743
744
746
747
750
751
752
753
754
755
756
758
759
760
761
762
764
770
771
775
776
784
785
791
792
795
801
804
805
806
809
814
821
824
826
831
833
837
841
842
846
847
857
858
862
864
866
867
871
875
876
877
878
880
882
75
76
77
78
79
80
81
82
83
84
86
87
88
89
90
91
92
94
95
96
97
99
100
101
102
103
107
109
110
112
115
116
130
131
136
141
142
144
145
146
147
148
149
150
151
152
153
154
155
159
160
161
163
165
166
167
170
172
173
174
175
176
177
178
179
182
183
185
186
187
188
189
191
192
193
194
195
196
197
198
199
200
202
203
206
207
208
209
210
211
213
214
215
216
217
218
219
220
221
222
223
224
225
226
227
228
229
230
231
234
235
237
238
239
240
241
242
243
244
246
247
248
249
250
251
252
253
254
255
256
257
258
259
260
262
264
265
266
267
268
269
270
271
272
273
274
275
276
279
280
281
283
285
286
287
288
289
291
292
293
296
297
299
300
301
303
304
306
307
309
313
321
363
366
373
385
406
412
416
419
420
426
428
429
433
437
452
454
455
456
459
462
463
464
465
467
469
470
472
474
477
478
479
480
481
482
483
484
485
486
488
489
490
491
492
494
495
496
497
498
499
500
501
502
503
504
506
507
508
509
510
512
513
514
516
517
519
520
521
522
523
524
525
527
528
529
531
532
533
534
536
537
538
539
540
541
542
543
544
545
546
547
548
549
550
551
552
554
555
557
558
559
560
561
563
564
566
569
570
571
572
573
575
576
577
579
580
581
583
584
585
586
588
590
591
592
594
596
599
600
602
603
604
605
606
612
614
615
616
617
618
619
620
621
622
624
625
626
628
630
633
635
636
637
638
639
640
642
643
645
646
647
648
649
650
652
653
655
656
657
658
659
660
661
664
665
666
667
668
669
671
673
674
676
677
678
679
681
682
683
684
685
686
687
688
689
690
691
692
693
694
695
696
697
698
701
703
705
706
707
708
709
710
711
712
714
715
716
717
718
720
721
722
723
724
725
729
733
734
737
739
741
745
748
749
757
763
765
766
767
768
769
772
773
774
777
778
779
780
781
782
783
786
787
788
789
790
793
794
796
797
798
799
800
802
803
807
808
810
811
812
813
815
816
817
818
819
820
822
823
825
827
828
829
830
832
834
835
836
838
839
840
843
844
845
848
849
850
851
852
853
854
855
856
859
860
861
863
865
868
869
870
872
873
874
879
881
883
884
885
886
887
888
889
890
891
892
893
894
898
902
66
67
69
71
72
73
74
85
169
180
181
184
201
212
232
233
236
245
261
405
518
526
530
535
582
699
895
896
897
899
900
901
903
904
905
906
907
908
909
910
911
912
913
60
62
63
64
65
68
70
914
915
916
917
918
919
920
921
922
924
926
928
52
53
55
56
57
58
59
61
923
925
927
929
930
931
932
933
934
935
46
47
48
49
50
51
54
936
937
938
939
940
941
942
943
944
945
40
45
946
947
948
949
950
39
41
42
43
44
951
952
953
954
955
958
37
38
956
957
959
960
30
31
32
33
34
35
36
961
962
963
27
29
964
965
966
969
22
24
26
28
968
971
17
18
19
20
23
25
967
970
972
973
974
975
976
8
9
10
11
14
15
16
21
977
978
979
980
981
982
4
5
6
7
12
13
983
984
986
0
2
3
985
988
1
987
989
991
990
992
993
994
997
995
996
998
999
323
138
157
350
447
450
460
129
144
278
315
349
402
407
409
436
462
98
142
161
297
320
348
354
364
370
391
400
403
434
456
458
484
488
659
751
853
100
112
117
150
173
177
194
200
310
314
322
331
336
347
367
386
394
408
416
424
425
435
464
468
480
486
513
743
756
765
110
128
134
140
141
175
190
261
263
269
273
325
334
353
362
371
377
384
393
412
423
441
443
446
477
510
549
584
646
742
745
805
820
846
873
875
99
116
122
139
163
166
172
179
208
217
268
286
295
305
308
330
337
340
375
389
404
410
413
414
417
437
448
451
453
455
479
492
493
495
498
500
524
529
533
548
559
567
583
609
611
613
653
679
696
718
734
759
794
815
824
827
834
837
862
863
881
81
95
105
107
108
123
130
135
146
148
154
160
183
196
197
198
205
211
225
252
270
289
299
346
355
356
361
365
366
369
372
373
376
378
379
390
395
411
420
422
427
429
433
438
442
452
463
475
482
491
494
499
508
516
538
547
554
563
596
635
671
674
678
717
722
736
749
760
768
777
783
787
792
802
812
829
833
835
844
856
860
869
871
877
86
103
111
115
118
137
143
145
149
151
156
170
176
188
191
229
238
247
265
277
280
287
296
298
306
319
321
333
342
360
363
381
397
430
440
454
461
467
471
473
487
502
503
507
527
532
536
541
551
591
601
607
634
642
649
662
702
732
737
740
744
750
752
762
772
775
784
789
800
803
808
826
832
841
843
845
864
865
867
868
870
96
102
121
124
152
174
187
189
199
201
244
266
272
291
300
302
303
313
317
326
329
344
359
385
406
449
465
466
483
489
504
505
514
528
555
575
578
579
600
615
625
627
644
658
661
669
677
699
721
746
757
764
774
779
781
785
807
828
854
857
872
882
887
894
902
113
114
158
167
169
184
186
210
224
236
246
259
274
309
338
368
380
382
383
399
401
421
445
457
474
476
478
485
490
496
497
506
522
539
540
546
552
556
581
582
585
587
592
593
599
618
629
630
641
656
657
675
709
719
720
726
727
766
767
788
790
821
831
858
859
876
880
885
76
83
91
93
104
131
136
153
155
159
171
178
181
192
193
215
218
219
221
240
262
267
276
282
285
304
311
318
324
332
341
345
351
387
388
398
428
439
469
519
520
526
531
535
544
562
574
577
603
621
624
631
633
637
639
647
660
666
667
676
753
763
778
796
798
810
823
825
836
838
847
866
897
904
907
73
75
79
101
106
120
132
162
165
168
203
206
207
233
237
249
258
283
284
396
426
431
444
521
525
534
537
542
545
557
569
580
597
616
665
670
682
693
716
741
748
769
770
780
791
795
816
852
855
878
888
898
909
80
88
97
147
164
180
182
185
214
231
248
251
257
264
275
293
307
316
327
335
352
357
374
415
459
509
515
518
523
553
560
561
564
573
589
590
602
614
638
640
688
691
692
714
723
731
758
811
818
819
874
896
927
56
66
71
85
119
125
195
216
223
241
242
245
250
256
260
290
312
339
358
405
419
512
543
550
558
565
568
571
594
598
608
610
612
643
651
690
700
708
715
728
761
771
793
830
850
861
893
899
913
916
60
84
126
127
133
254
255
281
288
292
343
432
470
481
501
572
595
622
687
725
799
806
839
849
851
886
890
901
903
905
912
915
918
926
63
65
74
89
90
94
212
226
232
234
294
301
328
472
566
576
655
663
684
689
698
713
733
747
754
786
797
801
814
817
883
884
891
892
70
204
209
230
517
530
588
604
619
626
654
664
672
685
686
701
704
730
842
900
910
914
919
271
605
668
681
697
776
813
840
917
925
931
49
53
77
78
87
109
213
220
228
235
418
570
606
617
623
680
683
729
735
739
773
822
848
911
922
51
54
61
62
69
253
392
511
620
628
648
710
782
804
809
889
924
929
67
68
72
632
636
673
695
879
921
938
243
650
755
895
908
928
941
944
50
58
59
82
239
724
738
906
933
934
935
936
45
48
64
707
712
940
41
46
92
222
279
645
949
42
227
652
694
705
920
947
955
47
55
706
930
937
39
52
202
586
703
57
945
711
951
932
950
35
923
943
38
939
946
961
40
952
957
963
968
37
956
32
948
33
962
965
43
44
942
24
960
973
974
36
964
967
10
953
11
15
12
970
980
976
978
972
983
22
954
29
5
981
987
27
959
971
977
984
34
1
958
8
21
997
7
979
991
995
28
969
982
975
31
315
323
450
460
278
320
349
370
402
436
447
16
157
161
173
297
314
331
348
350
400
403
407
416
435
456
462
464
484
486
513
988
999
13
18
138
144
200
269
273
295
299
322
334
364
371
377
384
386
391
393
404
408
409
412
425
434
443
455
458
468
480
498
500
992
994
2
17
142
177
194
208
261
263
268
280
289
296
298
305
310
330
336
337
347
354
362
369
372
373
394
410
413
414
417
422
423
429
433
437
441
446
477
479
488
492
499
510
533
548
559
584
659
993
6
9
98
129
179
190
198
229
247
252
272
300
302
308
313
325
340
346
353
355
356
359
360
361
363
366
379
381
390
395
397
401
406
411
421
424
427
438
442
445
448
451
452
454
461
463
465
467
473
482
483
490
493
495
524
528
591
609
613
0
112
117
150
166
172
196
217
225
238
246
262
265
266
270
277
284
285
287
303
306
309
321
326
329
338
365
367
368
374
376
378
380
382
383
388
389
398
399
415
430
431
449
466
471
474
478
485
491
494
496
502
503
504
505
506
507
508
516
529
532
536
538
539
541
547
549
551
554
555
563
583
615
646
653
696
751
3
140
170
175
184
188
191
201
211
221
240
244
259
260
276
282
286
293
304
311
319
324
327
332
335
344
351
357
375
385
387
396
419
420
426
428
439
440
457
469
475
487
489
519
520
521
522
526
531
545
546
552
575
578
581
582
587
596
601
635
642
649
674
734
745
756
765
990
23
116
128
134
141
146
148
163
169
176
183
186
189
197
199
205
218
233
236
237
248
249
255
258
264
267
274
275
281
283
312
318
328
333
339
342
343
352
358
405
432
444
453
459
472
476
497
509
512
514
515
518
535
537
542
544
556
567
569
580
585
590
597
599
600
603
616
618
625
633
634
671
678
718
722
743
99
100
107
130
139
145
151
159
167
174
178
181
193
210
215
219
224
245
250
251
254
256
257
290
291
292
307
341
481
501
517
523
525
527
553
557
560
565
576
579
589
592
607
611
621
624
627
629
630
640
644
647
656
658
660
665
675
677
679
699
702
717
802
853
4
95
108
110
111
143
149
152
155
168
180
206
212
223
226
231
232
242
253
316
317
392
418
470
511
530
540
550
558
562
564
566
571
573
574
593
594
598
631
637
638
639
641
657
661
662
666
669
676
693
709
720
736
740
749
752
759
783
815
820
986
115
124
135
153
156
158
165
171
182
187
203
207
214
216
234
235
241
271
288
294
345
534
561
570
595
608
612
614
622
643
651
667
670
684
690
721
726
727
731
732
742
744
750
757
760
766
768
775
777
794
803
966
19
86
102
105
114
118
122
154
164
185
192
204
209
213
220
230
279
301
543
572
577
588
602
610
619
682
689
691
692
714
716
719
723
733
763
772
784
787
789
800
805
808
812
837
25
81
96
103
121
123
131
136
137
147
160
162
228
239
243
568
604
605
606
617
620
626
628
655
664
672
687
688
698
700
704
708
715
725
728
737
747
762
774
778
780
785
807
824
827
829
832
843
863
20
26
75
83
91
104
195
222
586
648
654
663
673
681
683
685
697
701
710
713
746
748
753
758
764
769
770
779
791
795
798
810
833
834
841
844
846
856
860
862
873
881
985
30
73
76
97
106
113
119
120
623
636
650
668
695
754
761
767
771
792
826
836
847
854
864
865
868
871
875
998
66
79
80
88
125
126
632
652
680
694
707
712
724
729
730
735
739
741
776
786
788
796
799
811
819
823
825
835
838
845
867
877
887
989
56
65
71
84
93
94
101
202
227
645
686
703
738
773
781
790
797
801
806
818
831
852
858
859
866
904
63
70
85
90
109
132
705
706
711
755
814
817
822
839
857
870
872
882
885
894
51
54
62
74
89
793
804
809
813
828
830
850
855
861
869
876
902
996
49
53
72
77
127
816
821
840
842
849
851
874
880
896
897
898
907
58
60
61
87
848
878
888
899
14
50
68
78
133
909
926
927
59
64
67
69
92
782
901
903
912
918
39
883
884
890
891
910
913
915
925
46
47
48
919
921
922
42
886
892
893
916
931
45
57
82
889
900
914
929
944
35
38
55
879
895
917
934
936
52
911
928
41
906
908
924
935
955
905
938
24
33
37
40
920
937
949
32
930
941
947
951
963
933
946
962
968
43
44
939
943
945
957
961
10
923
956
965
973
932
940
950
36
948
974
11
460
952
960
315
323
450
942
964
349
967
12
370
403
436
513
983
320
348
402
447
464
468
953
972
29
297
393
407
425
435
486
659
954
978
273
299
314
331
371
400
416
455
492
498
500
548
559
584
173
278
289
322
334
350
384
391
404
412
443
456
458
484
499
533
976
269
295
296
362
364
386
410
413
433
437
446
462
477
479
480
495
510
609
15
22
161
200
268
298
305
337
369
377
408
417
441
454
473
493
524
591
613
615
646
959
5
157
272
280
308
330
372
373
379
394
422
427
429
448
463
467
483
536
555
642
649
696
734
765
208
229
263
346
390
406
409
414
423
482
488
490
506
528
532
538
539
583
635
653
674
751
756
987
1
138
144
177
198
246
247
302
336
340
347
354
356
359
360
361
395
397
434
438
442
445
451
461
465
466
485
504
505
507
516
520
526
541
551
554
563
587
601
977
27
34
142
179
190
194
196
252
285
300
303
310
313
325
355
363
368
381
383
398
401
411
421
452
478
502
503
508
545
603
722
743
745
980
266
306
329
382
388
415
431
489
494
522
531
546
547
549
552
578
581
582
585
600
633
678
718
802
984
21
129
166
225
238
262
277
282
284
287
309
351
353
366
374
376
378
389
419
424
426
469
471
491
496
518
519
569
575
596
597
599
616
618
627
634
640
644
658
671
699
783
8
117
184
191
259
261
332
338
380
387
399
439
449
521
529
535
537
542
590
621
624
656
660
675
702
717
720
958
98
170
186
217
304
311
321
326
344
365
405
474
487
515
544
560
580
589
625
629
647
709
752
759
150
188
201
221
240
244
249
260
267
270
275
276
335
367
430
457
459
523
557
565
576
630
631
637
638
641
665
666
676
677
693
749
820
979
982
991
997
172
183
233
264
265
274
293
324
327
339
357
385
396
420
428
432
440
444
472
475
509
512
514
517
553
556
567
571
639
661
679
690
727
732
736
740
744
777
794
803
853
981
7
112
146
169
176
199
211
237
248
258
281
343
352
476
497
598
657
670
731
757
766
768
775
815
969
140
218
256
283
286
319
358
375
525
550
558
566
573
592
593
612
643
684
714
721
726
750
784
807
970
128
148
163
197
215
219
236
255
312
342
527
564
579
594
607
608
622
667
689
800
808
837
159
175
226
245
250
290
328
341
481
540
562
651
662
691
715
719
760
763
780
785
812
107
116
167
174
178
181
189
193
205
254
318
453
501
511
530
611
669
723
733
778
787
789
829
843
99
130
134
145
155
210
251
292
534
570
574
614
688
692
700
725
728
772
863
28
139
152
224
232
271
291
307
333
418
595
664
682
687
708
716
747
769
791
805
810
824
827
832
151
207
253
257
392
619
655
672
704
742
748
762
795
798
971
108
141
168
180
206
212
223
231
242
572
610
698
737
758
770
779
833
881
165
241
288
588
602
605
606
626
673
697
701
710
713
746
754
774
841
860
995
95
111
143
171
182
216
316
317
561
577
620
628
663
681
826
834
844
847
854
865
873
100
110
149
187
235
683
685
753
761
764
771
796
799
823
846
856
871
115
153
156
158
214
470
604
617
668
695
776
836
862
864
86
135
204
213
234
345
543
648
729
730
819
838
867
868
114
124
185
203
230
654
707
767
811
136
209
586
712
739
741
788
792
825
877
975
83
102
105
118
164
568
735
786
797
801
818
831
835
887
131
301
817
845
852
858
866
875
988
994
220
294
623
781
790
806
814
122
857
904
992
75
96
147
192
239
243
636
650
694
859
872
885
91
121
154
160
228
738
773
822
870
76
81
103
652
724
809
861
882
894
279
680
686
706
839
850
137
793
828
855
876
993
66
104
705
755
830
849
851
119
804
813
896
898
73
79
97
123
195
222
703
840
897
6
874
899
999
51
63
113
162
632
816
821
842
869
902
907
106
711
926
990
54
56
71
80
460
0
65
88
125
927
18
888
13
84
315
878
880
2
16
70
323
450
925
85
120
126
903
909
912
17
62
101
49
93
659
3
53
74
513
94
349
848
890
918
50
901
915
72
370
403
464
584
922
58
447
910
931
320
436
468
486
919
921
23
60
548
559
944
31
61
297
402
765
39
348
913
173
314
498
646
884
891
90
273
299
407
492
500
609
914
393
425
435
499
533
696
734
756
883
929
89
371
400
416
484
751
955
9
161
278
916
443
455
613
200
295
322
331
334
350
456
642
674
936
269
289
391
615
649
893
917
934
45
46
384
458
462
653
743
745
412
477
591
64
480
510
635
645
42
67
364
404
495
524
998
802
892
38
59
144
268
479
722
35
47
132
138
157
296
410
555
583
783
968
19
413
437
493
718
69
177
208
272
305
386
408
433
446
536
886
900
949
263
538
935
24
142
454
678
337
362
488
528
699
717
196
377
532
33
441
554
190
198
247
394
820
963
179
229
429
794
962
10
166
194
372
516
541
563
601
937
41
117
308
448
467
938
989
246
252
330
409
427
671
720
752
853
985
4
77
354
369
463
815
98
280
373
417
539
551
634
803
32
129
473
656
658
973
68
298
390
423
482
547
587
702
109
414
603
749
347
451
520
585
633
759
905
924
941
150
434
502
506
508
526
777
261
582
928
37
48
490
660
679
961
483
549
336
379
529
600
504
581
596
775
340
406
507
640
768
807
911
947
310
503
677
784
951
266
346
411
485
575
736
808
184
225
285
452
616
201
300
302
494
578
744
837
957
974
55
621
644
757
618
675
800
812
829
112
325
552
627
740
983
625
709
140
217
363
505
843
986
11
461
965
996
238
306
647
732
287
356
422
785
170
353
546
693
789
191
787
881
478
661
906
359
491
146
424
629
465
172
863
12
361
262
355
522
599
721
766
832
395
1
827
277
303
313
772
972
128
641
666
873
908
727
270
824
211
844
987
545
188
860
567
186
676
107
116
163
665
750
805
169
637
856
40
597
624
956
183
389
438
175
176
366
865
535
99
997
197
141
134
569
726
5
244
810
148
286
367
967
834
871
321
868
611
933
862
904
460
737
719
397
690
833
978
964
875
991
760
854
846
945
315
659
100
496
742
450
323
835
887
151
765
466
662
841
36
95
15
130
877
110
927
982
995
86
317
323
324
325
331
336
340
343
344
346
348
350
352
360
364
369
374
381
386
399
417
453
457
475
121
122
125
129
132
135
138
156
157
158
164
168
177
190
199
204
205
223
256
263
268
273
277
278
282
284
286
287
288
290
291
294
295
297
298
301
302
303
304
305
307
308
310
311
312
313
314
315
316
318
319
320
321
322
326
327
328
329
330
332
333
334
335
337
338
339
341
342
345
347
349
351
353
354
355
356
357
358
359
361
362
365
366
367
368
370
371
372
373
375
376
377
378
379
380
382
383
384
387
388
389
390
391
392
393
394
395
396
397
398
400
401
402
403
404
407
408
409
410
411
413
414
415
418
420
421
422
423
424
425
426
427
428
430
431
432
434
435
436
437
438
439
440
441
442
443
444
445
446
447
448
449
450
451
455
456
458
460
461
462
463
466
468
469
470
471
473
474
476
479
480
482
487
488
491
493
494
497
499
502
505
507
509
511
515
519
522
534
537
538
539
541
543
544
546
547
548
549
550
552
553
554
556
557
558
562
563
565
566
567
568
570
571
574
578
581
583
584
585
586
587
589
592
593
595
596
597
598
600
601
604
605
606
607
608
609
610
611
612
613
615
619
621
623
624
627
629
630
631
632
634
635
636
637
641
644
645
650
651
654
657
658
659
662
663
664
668
670
672
675
678
680
681
688
694
700
702
704
705
709
713
719
721
726
727
728
730
731
732
735
736
738
740
742
743
744
746
747
750
751
752
753
754
755
756
758
759
760
762
764
775
784
792
804
88
93
98
99
100
101
102
103
104
105
106
108
109
110
111
112
113
114
115
116
117
118
119
120
123
124
126
127
128
130
131
133
134
136
137
139
140
141
142
143
144
145
146
147
148
149
150
152
153
154
159
160
161
162
163
165
166
167
170
171
172
173
174
175
176
178
179
182
183
185
186
187
188
189
191
192
193
194
195
196
197
198
200
202
203
206
207
208
209
210
211
213
214
215
216
217
218
219
220
221
222
224
225
226
227
228
229
230
231
233
234
235
236
237
238
239
240
241
242
243
244
246
247
248
249
250
251
252
253
254
255
257
258
259
260
262
264
265
266
267
269
270
271
272
274
275
276
279
280
281
283
285
289
292
293
296
299
300
306
309
363
385
405
406
412
416
419
429
433
452
454
459
464
465
467
472
477
478
481
483
484
485
486
489
490
492
495
496
498
500
501
503
504
506
508
510
512
513
514
516
517
518
520
521
523
524
525
526
527
528
529
530
531
532
533
535
536
540
542
545
551
555
559
560
561
564
569
572
573
575
576
577
579
580
582
588
590
591
594
599
602
603
614
616
617
618
620
622
625
626
628
633
638
639
640
642
643
646
647
648
649
652
653
655
656
660
661
665
666
667
669
671
673
674
676
677
679
682
683
684
685
686
687
689
690
691
692
693
695
696
697
698
699
701
703
706
707
708
710
711
712
714
715
716
717
718
720
722
723
724
725
729
733
734
737
739
741
745
748
749
757
761
763
765
766
767
768
769
770
771
772
773
774
776
777
778
779
780
781
782
783
785
786
787
788
790
791
793
795
796
797
798
799
801
805
806
807
809
812
814
816
817
821
823
824
826
827
829
831
833
837
841
842
846
847
857
75
76
77
78
79
80
81
82
83
84
86
87
89
90
91
92
94
95
96
97
107
151
155
169
180
181
184
201
212
232
245
261
789
794
800
802
803
808
810
811
813
815
818
819
820
822
825
828
830
832
834
835
836
838
839
840
843
845
848
849
852
853
854
856
858
860
861
862
863
864
865
866
867
869
871
872
873
874
875
876
877
878
879
880
882
888
66
67
69
71
72
73
74
85
844
850
851
855
859
868
870
881
883
884
885
886
887
889
890
892
893
894
898
902
60
63
64
65
68
70
891
895
896
897
899
900
901
903
904
905
908
909
910
912
913
55
56
57
58
59
61
62
906
907
911
914
915
916
918
919
920
46
48
49
50
52
53
54
917
921
922
923
924
925
926
927
928
932
933
47
51
929
930
931
934
935
936
938
40
41
43
44
45
937
939
940
941
942
943
944
945
947
39
42
946
948
949
37
38
950
951
952
953
955
30
32
33
34
35
36
954
956
957
958
959
960
27
29
31
961
963
22
26
28
962
965
966
18
20
23
24
25
964
969
971
10
11
14
15
17
19
21
967
968
972
973
975
4
7
8
9
12
16
970
974
976
980
3
5
6
13
977
978
979
981
982
984
0
2
983
986
1
985
988
987
989
991
992
990
993
994
997
998
995
996
999
323
447
450
460
157
278
315
349
350
402
436
462
138
297
320
354
364
370
391
403
407
409
434
456
458
484
488
659
751
144
161
310
314
336
348
367
394
400
408
416
424
435
464
480
486
513
98
129
173
177
194
200
263
269
273
322
325
331
347
353
371
377
384
386
393
423
425
443
446
468
549
584
743
745
756
117
142
150
190
261
305
334
340
362
375
404
412
414
417
441
477
479
498
500
510
524
529
548
559
567
609
611
613
646
653
679
742
765
100
112
134
140
172
175
179
208
217
268
286
289
295
330
337
346
372
389
410
411
413
420
427
437
448
451
453
455
463
492
493
494
495
499
508
533
538
547
554
583
635
696
718
734
128
141
163
166
196
197
198
211
225
252
270
277
299
308
355
356
361
365
366
369
373
376
378
379
390
395
422
429
433
438
442
452
467
475
482
487
491
502
516
536
541
563
591
596
601
607
634
642
649
671
674
678
717
722
759
820
853
110
116
122
139
160
170
183
188
191
205
229
238
247
265
280
287
296
302
306
319
321
326
333
342
359
360
363
397
430
440
454
461
471
473
503
507
514
527
528
532
551
579
615
625
658
662
677
702
732
736
737
740
749
768
777
794
802
805
815
99
107
123
130
146
148
154
176
189
199
201
244
266
272
291
298
300
303
317
329
344
381
385
406
465
466
483
490
496
497
505
522
539
552
555
556
575
578
582
600
627
630
644
661
669
699
720
721
744
750
752
760
762
772
775
783
784
787
789
792
824
827
846
873
875
81
95
105
108
111
115
135
143
145
149
151
152
156
174
186
187
210
236
246
259
274
309
313
338
368
382
383
399
401
421
445
449
457
474
476
478
485
489
504
506
526
540
546
581
585
587
592
593
599
618
621
629
637
641
656
657
660
675
709
726
727
746
757
764
774
779
790
800
812
829
834
837
844
856
862
86
103
121
124
137
167
169
184
218
219
221
224
240
262
267
276
282
285
304
311
318
332
345
351
380
387
388
398
428
519
520
531
535
544
557
562
574
577
597
603
631
633
639
647
666
667
676
719
766
767
781
785
788
803
807
808
832
833
835
841
843
845
860
863
869
871
877
881
96
102
118
155
158
159
178
181
192
215
233
249
284
324
341
431
439
444
469
521
525
534
537
542
545
560
564
569
580
616
624
665
682
693
753
763
826
865
868
114
153
165
168
171
193
203
206
207
237
248
258
264
275
283
293
396
426
459
509
515
523
553
561
565
573
589
590
602
614
638
640
670
688
714
716
741
748
778
798
810
821
828
864
867
870
76
91
93
113
131
136
162
180
182
185
214
231
251
257
260
290
307
316
327
335
352
357
374
415
518
543
550
558
568
571
594
598
608
610
612
643
690
691
692
723
731
758
769
770
780
796
831
854
857
872
882
887
902
73
83
104
106
120
132
147
164
195
216
223
241
242
245
250
256
312
358
405
419
432
512
572
622
651
700
708
715
728
791
795
816
823
825
836
847
858
859
894
75
79
101
254
255
281
288
292
339
343
470
481
501
566
576
595
655
684
687
725
761
771
838
852
866
876
880
885
904
56
80
85
88
97
212
226
232
294
301
328
472
517
619
663
685
689
698
747
793
811
818
819
855
897
907
66
71
119
125
133
209
230
234
530
588
604
626
654
664
672
701
713
733
754
830
878
888
898
909
60
84
126
127
271
605
606
617
623
668
686
704
730
786
797
799
806
896
927
63
65
74
89
90
94
204
220
228
235
570
620
681
683
697
801
814
817
839
850
851
861
874
899
913
213
253
418
511
628
648
680
729
739
776
890
893
905
916
918
70
392
632
636
673
735
849
886
901
912
915
926
49
78
695
710
773
842
883
884
891
892
903
51
53
54
61
62
77
87
109
243
650
782
804
813
910
914
919
69
239
809
822
840
900
917
925
68
72
724
755
848
911
922
931
67
645
707
712
738
50
222
279
929
45
48
58
59
64
227
694
705
889
921
924
938
82
652
706
879
941
944
41
42
46
586
895
928
934
47
92
906
908
935
936
202
703
933
940
39
55
949
52
711
955
947
920
35
57
930
937
38
945
951
40
950
943
961
932
32
37
923
963
968
33
946
957
952
24
939
43
44
965
36
956
962
973
974
10
948
960
967
964
15
11
12
942
980
22
970
983
987
29
978
1
5
976
981
972
984
997
977
8
27
7
995
34
971
21
953
991
