4.8
6.4
6.4
6.4
6.5
6.5
6.5
6.6
6.8
6.9
7.0
7.1
7.1
7.1
7.2
7.4
7.5
7.5
7.6
7.7
7.9
8.0
8.0
8.1
8.1
8.1
8.3
8.3
8.3
8.4
8.4
8.4
8.4
8.5
8.7
8.7
8.8
8.8
8.8
8.9
9.0
9.0
9.0
9.0
9.1
9.1
9.1
9.2
9.3
9.3
9.3
9.4
9.4
9.5
9.5
9.5
9.5
9.5
9.5
9.6
9.6
9.6
9.7
9.7
9.7
9.8
9.8
9.9
9.9
9.9
10.0
10.1
10.1
10.1
10.1
10.2
10.2
10.2
10.2
10.3
10.3
10.3
10.3
10.4
10.4
10.4
10.5
10.5
10.5
10.5
10.6
10.6
10.7
10.7
10.7
10.7
10.7
10.7
10.8
10.8
10.8
10.9
10.9
10.9
10.9
10.9
10.9
10.9
10.9
10.9
10.9
11.0
11.1
11.1
11.1
11.1
11.1
11.2
11.2
11.2
11.2
11.2
11.2
11.3
11.3
11.3
11.3
11.3
11.4
11.4
11.4
11.4
11.4
11.5
11.5
11.5
11.5
11.5
11.6
11.6
11.6
11.6
11.6
11.6
11.6
11.6
11.7
11.7
11.7
11.7
11.7
11.7
11.7
11.7
11.7
11.8
11.8
11.8
11.8
11.8
11.8
11.8
11.8
11.9
11.9
12.0
12.0
12.0
12.0
12.0
12.1
12.1
12.1
12.1
12.1
12.1
12.1
12.1
12.1
12.1
12.1
12.2
12.2
12.2
12.2
12.2
12.2
12.3
12.3
12.3
12.4
12.4
12.4
12.4
12.4
12.4
12.5
12.5
12.5
12.6
12.6
12.6
12.6
12.7
12.7
12.7
12.8
12.8
12.8
12.8
12.8
12.8
12.9
12.9
13.0
13.0
13.0
13.0
13.1
13.1
13.1
13.1
13.1
13.1
13.2
13.2
13.3
13.3
13.3
13.3
13.3
13.3
13.4
13.4
13.4
13.5
13.5
13.5
13.5
13.5
13.5
13.5
13.5
13.6
13.6
13.6
13.6
13.6
13.6
13.7
13.7
13.7
13.7
13.7
13.7
13.7
13.7
13.7
13.7
13.7
13.8
13.8
13.8
13.9
13.9
13.9
13.9
13.9
13.9
13.9
14.0
14.0
14.0
14.0
14.0
14.0
14.0
14.0
14.1
14.1
14.1
14.2
14.2
14.2
14.2
14.2
14.2
14.2
14.2
14.2
14.2
14.3
14.3
14.3
14.3
14.3
14.4
14.4
14.4
14.4
14.4
14.4
14.4
14.5
14.5
14.5
14.5
14.5
14.5
14.6
14.6
14.6
14.6
14.7
14.7
14.7
14.7
14.7
14.8
14.8
14.8
14.8
14.8
14.8
14.8
14.8
14.8
14.8
14.8
14.8
14.8
14.9
14.9
14.9
14.9
14.9
15.0
15.0
15.0
15.0
15.0
15.0
15.0
15.1
15.1
15.1
15.1
15.1
15.1
15.1
15.2
15.2
15.2
15.2
15.2
15.3
15.3
15.3
15.3
15.4
15.4
15.4
15.4
15.4
15.4
15.4
15.4
15.4
15.5
15.5
15.5
15.5
15.5
15.5
15.5
15.6
15.6
15.6
15.6
15.6
15.6
15.6
15.6
15.7
15.7
15.7
15.7
15.7
15.8
15.9
15.9
15.9
15.9
15.9
15.9
15.9
16.0
16.0
16.0
16.0
16.0
16.0
16.0
16.0
16.0
16.0
16.0
16.1
16.1
16.1
16.1
16.1
16.1
16.2
16.2
16.2
16.2
16.2
16.2
16.2
16.3
16.3
16.3
16.3
16.3
16.4
16.4
16.4
16.4
16.4
16.4
16.4
16.4
16.4
16.4
16.5
16.5
16.5
16.5
16.5
16.5
16.5
16.5
16.5
16.5
16.6
16.6
16.6
16.6
16.7
16.7
16.7
16.7
16.7
16.7
16.8
16.8
16.8
16.8
16.8
16.9
16.9
16.9
16.9
16.9
17.0
17.0
17.0
17.0
17.0
17.0
17.1
17.1
17.1
17.1
17.1
17.2
17.2
17.2
17.2
17.2
17.2
17.2
17.2
17.2
17.3
17.3
17.3
17.3
17.3
17.3
17.3
17.4
17.4
17.4
17.4
17.4
17.4
17.5
17.5
17.5
17.5
17.5
17.5
17.6
17.6
17.7
17.7
17.7
17.7
17.7
17.7
17.8
17.8
17.9
17.9
17.9
17.9
17.9
18.0
18.0
18.0
18.0
18.0
18.0
18.0
18.1
18.1
18.1
18.1
18.1
18.1
18.1
18.1
18.1
18.2
18.2
18.2
18.2
18.2
18.3
18.3
18.3
18.3
18.3
18.3
18.3
18.4
18.4
18.4
18.4
18.4
18.4
18.4
18.5
18.5
18.5
18.5
18.5
18.5
18.6
18.6
18.6
18.6
18.7
18.7
18.7
18.7
18.7
18.7
18.8
18.8
18.8
18.8
18.8
18.8
18.9
18.9
18.9
18.9
18.9
19.0
19.0
19.0
19.0
19.1
19.1
19.1
19.1
19.1
19.1
19.2
19.2
19.2
19.2
19.3
19.3
19.3
19.3
19.3
19.3
19.3
19.3
19.3
19.4
19.4
19.4
19.4
19.4
19.4
19.4
19.4
19.5
19.5
19.5
19.5
19.5
19.5
19.5
19.5
19.5
19.6
19.6
19.6
19.6
19.6
19.6
19.6
19.6
19.6
19.6
19.7
19.7
19.7
19.7
19.7
19.7
19.7
19.8
19.8
19.8
19.8
19.8
19.8
19.8
19.9
19.9
19.9
19.9
19.9
19.9
19.9
20.0
20.0
20.0
20.0
20.0
20.0
20.0
20.0
20.1
20.1
20.1
20.1
20.1
20.1
20.1
20.1
20.1
20.1
20.2
20.2
20.2
20.2
20.2
20.2
20.2
20.2
20.2
20.2
20.3
20.3
20.3
20.3
20.3
20.3
20.4
20.4
20.4
20.5
20.5
20.5
20.5
20.5
20.5
20.5
20.5
20.5
20.5
20.6
20.7
20.7
20.7
20.7
20.7
20.7
20.7
20.7
20.8
20.8
20.8
20.8
20.8
20.9
20.9
20.9
20.9
20.9
20.9
20.9
20.9
20.9
20.9
20.9
21.0
21.0
21.0
21.0
21.0
21.0
21.0
21.0
21.1
21.1
21.1
21.1
21.1
21.1
21.1
21.1
21.2
21.2
21.2
21.2
21.2
21.2
21.2
21.2
21.3
21.3
21.3
21.3
21.4
21.4
21.4
21.4
21.4
21.5
21.5
21.5
21.5
21.5
21.5
21.6
21.6
21.6
21.6
21.6
21.7
21.7
21.7
21.7
21.7
21.8
21.8
21.8
21.8
21.8
21.8
21.8
21.9
21.9
21.9
21.9
21.9
21.9
21.9
22.0
22.0
22.0
22.0
22.1
22.1
22.1
22.1
22.1
22.2
22.2
22.2
22.2
22.3
22.3
22.3
22.3
22.3
22.4
22.4
22.4
22.4
22.4
22.4
22.4
22.5
22.5
22.6
22.6
22.6
22.6
22.6
22.6
22.6
22.6
22.7
22.7
22.7
22.7
22.7
22.7
22.7
22.7
22.8
22.8
22.8
22.8
22.8
22.8
22.9
22.9
22.9
22.9
22.9
22.9
22.9
22.9
23.0
23.0
23.0
23.0
23.0
23.0
23.0
23.0
23.0
23.0
23.0
23.1
23.1
23.1
23.1
23.1
23.1
23.2
23.2
23.2
23.2
23.2
23.2
23.2
23.2
23.3
23.3
23.3
23.3
23.3
23.4
23.4
23.4
23.4
23.4
23.4
23.5
23.5
23.5
23.5
23.5
23.5
23.6
23.6
23.6
23.7
23.7
23.7
23.7
23.8
23.8
23.8
23.8
23.8
23.9
23.9
23.9
23.9
23.9
23.9
23.9
23.9
24.0
24.0
24.0
24.0
24.0
24.0
24.0
24.0
24.0
24.1
24.1
24.1
24.1
24.2
24.2
24.2
24.2
24.2
24.2
24.2
24.2
24.3
24.3
24.3
24.4
24.4
24.4
24.4
24.5
24.5
24.5
24.5
24.5
24.5
24.5
24.5
24.6
24.6
24.6
24.6
24.6
24.7
24.7
24.7
24.8
24.8
24.8
24.8
24.8
24.8
24.9
24.9
24.9
24.9
24.9
24.9
25.0
25.0
25.0
25.0
25.0
25.0
25.0
25.0
25.1
25.1
25.1
25.1
25.2
25.2
25.2
25.2
25.2
25.2
25.3
25.3
25.3
25.3
25.3
25.3
25.3
25.4
25.4
25.4
25.5
25.5
25.5
25.5
25.6
25.6
25.6
25.6
25.6
25.6
25.7
25.7
25.8
25.8
25.8
25.8
25.8
25.8
25.8
25.8
25.8
25.8
25.9
25.9
25.9
25.9
25.9
26.0
26.0
26.0
26.0
26.0
26.1
26.1
26.1
26.1
26.1
26.1
26.1
26.1
26.1
26.2
26.2
26.2
26.2
26.2
26.2
26.2
26.2
26.3
26.3
26.3
26.3
26.3
26.3
26.3
26.3
26.4
26.4
26.4
26.4
26.4
26.4
26.4
26.4
26.4
26.4
26.4
26.4
26.5
26.5
26.5
26.5
26.5
26.5
26.5
26.6
26.6
26.6
26.6
26.6
26.6
26.7
26.7
26.7
26.7
26.7
26.8
26.8
26.9
26.9
26.9
26.9
26.9
26.9
26.9
27.0
27.0
27.0
27.0
27.1
27.1
27.1
27.1
27.1
27.2
27.2
27.2
27.3
27.3
27.3
27.3
27.4
27.4
27.4
27.4
27.4
27.4
27.4
27.5
27.5
27.5
27.5
27.5
27.5
27.5
27.6
27.6
27.6
27.6
27.6
27.6
27.6
27.6
27.6
27.7
27.7
27.7
27.7
27.7
27.7
27.7
27.8
27.8
27.8
27.8
27.8
27.9
27.9
27.9
28.0
28.0
28.0
28.0
28.0
28.0
28.1
28.1
28.1
28.2
28.2
28.2
28.2
28.2
28.2
28.2
28.3
28.3
28.3
28.3
28.3
28.3
28.4
28.4
28.4
28.4
28.4
28.4
28.4
28.5
28.5
28.5
28.5
28.5
28.6
28.7
28.7
28.7
28.7
28.7
28.7
28.8
28.8
28.8
28.8
28.8
28.8
28.8
28.8
28.8
28.9
28.9
28.9
28.9
28.9
28.9
28.9
28.9
28.9
29.0
29.0
29.0
29.0
29.0
29.1
29.1
29.1
29.1
29.1
29.1
29.2
29.2
29.2
29.2
29.2
29.2
29.3
29.3
29.3
29.3
29.4
29.4
29.4
29.4
29.4
29.4
29.5
29.5
29.5
29.5
29.5
29.6
29.6
29.6
29.6
29.6
29.6
29.7
29.7
29.7
29.8
29.8
29.8
29.8
29.9
29.9
29.9
29.9
30.0
30.0
30.0
30.0
30.1
30.1
30.1
30.1
30.1
30.2
30.2
30.2
30.2
30.3
30.3
30.3
30.3
30.3
30.4
30.4
30.4
30.4
30.4
30.4
30.4
30.5
30.5
30.5
30.5
30.5
30.6
30.6
30.6
30.6
30.6
30.6
30.7
30.8
30.8
30.8
30.8
30.8
30.8
30.9
30.9
30.9
31.0
31.0
31.1
31.1
31.1
31.1
31.1
31.2
31.2
31.2
31.2
31.3
31.3
31.3
31.3
31.4
31.4
31.4
31.5
31.5
31.5
31.5
31.5
31.5
31.5
31.5
31.6
31.6
31.6
31.6
31.7
31.7
31.7
31.7
31.7
31.7
31.8
31.8
31.8
31.9
31.9
31.9
31.9
31.9
31.9
31.9
32.0
32.0
32.0
32.1
32.1
32.1
32.1
32.1
32.1
32.1
32.1
32.2
32.2
32.2
32.2
32.2
32.2
32.3
32.4
32.4
32.4
32.4
32.4
32.4
32.4
32.4
32.4
32.5
32.5
32.5
32.5
32.5
32.5
32.5
32.6
32.6
32.6
32.6
32.6
32.6
32.6
32.7
32.7
32.7
32.7
32.8
32.8
32.8
32.8
32.8
32.8
32.8
32.9
32.9
32.9
33.0
33.0
33.0
33.0
33.0
33.0
33.0
33.0
33.1
33.1
33.1
33.1
33.1
33.1
33.1
33.1
33.1
33.2
33.2
33.3
33.3
33.4
33.4
33.5
33.5
33.5
33.5
33.6
33.6
33.6
33.6
33.6
33.6
33.6
33.6
33.7
33.7
33.8
33.8
33.8
33.8
33.9
33.9
33.9
33.9
33.9
33.9
33.9
34.0
34.1
34.1
34.1
34.2
34.2
34.2
34.2
34.2
34.2
34.2
34.3
34.3
34.3
34.3
34.3
34.4
34.4
34.4
34.5
34.5
34.5
34.6
34.6
34.6
34.7
34.8
34.8
34.8
34.8
34.8
34.9
34.9
34.9
34.9
35.0
35.0
35.0
35.1
35.1
35.1
35.1
35.1
35.1
35.1
35.2
35.2
35.2
35.2
35.3
35.3
35.3
35.3
35.4
35.4
35.4
35.4
35.4
35.4
35.4
35.4
35.4
35.4
35.5
35.5
35.5
35.5
35.6
35.6
35.6
35.6
35.7
35.7
35.7
35.7
35.7
35.7
35.8
35.8
35.8
35.8
35.8
35.9
35.9
35.9
35.9
35.9
36.0
36.0
36.0
36.1
36.1
36.1
36.1
36.1
36.2
36.2
36.2
36.2
36.2
36.3
36.4
36.4
36.5
36.5
36.5
36.5
36.5
36.6
36.6
36.6
36.6
36.6
36.6
36.7
36.7
36.7
36.7
36.7
36.8
36.8
36.8
36.9
36.9
36.9
36.9
36.9
36.9
36.9
36.9
37.0
37.0
37.0
37.1
37.1
37.1
37.1
37.1
37.1
37.2
37.3
37.3
37.3
37.3
37.3
37.3
37.3
37.4
37.4
37.4
37.6
37.6
37.6
37.6
37.6
37.7
37.7
37.7
37.7
37.7
37.8
37.8
37.8
37.8
37.9
37.9
37.9
37.9
38.1
38.1
38.1
38.1
38.1
38.2
38.2
38.2
38.2
38.3
38.3
38.3
38.4
38.5
38.6
38.6
38.6
38.6
38.6
38.7
38.7
38.7
38.8
38.8
38.8
38.8
38.9
38.9
39.0
39.1
39.1
39.1
39.2
39.2
39.3
39.3
39.3
39.3
39.4
39.4
39.4
39.4
39.5
39.5
39.5
39.5
39.5
39.5
39.5
39.6
39.6
39.6
39.7
39.7
39.7
39.7
39.8
40.0
40.0
40.0
40.1
40.2
40.2
40.2
40.2
40.2
40.2
40.2
40.2
40.3
40.3
40.3
40.3
40.3
40.4
40.4
40.4
40.5
40.5
40.5
40.6
40.6
40.6
40.6
40.6
40.7
40.7
40.7
40.7
40.7
40.9
40.9
40.9
40.9
40.9
41.0
41.0
41.0
41.0
41.0
41.0
41.1
41.1
41.1
41.1
41.2
41.2
41.2
41.2
41.3
41.3
41.3
41.3
41.4
41.4
41.5
41.5
41.5
41.7
41.7
41.7
41.7
41.8
41.8
41.8
41.8
41.9
41.9
42.0
42.0
42.0
42.0
42.1
42.1
42.1
42.1
42.1
42.2
42.2
42.2
42.2
42.3
42.3
42.3
42.4
42.4
42.5
42.5
42.5
42.6
42.6
42.6
42.6
42.7
42.7
42.7
42.8
42.8
42.8
42.9
42.9
42.9
43.0
43.0
43.1
43.2
43.2
43.2
43.2
43.3
43.3
43.4
43.4
43.5
43.6
43.6
43.7
43.7
43.7
43.7
43.8
43.8
43.9
43.9
43.9
43.9
44.0
44.0
44.0
44.1
44.1
44.1
44.2
44.2
44.2
44.3
44.3
44.3
44.4
44.5
44.5
44.5
44.5
44.5
44.5
44.6
44.6
44.6
44.6
44.7
44.8
44.8
44.8
44.8
44.8
44.8
44.9
45.0
45.1
45.1
45.1
45.1
45.1
45.2
45.2
45.2
45.2
45.3
45.3
45.3
45.4
45.4
45.4
45.5
45.5
45.5
45.5
45.5
45.5
45.6
45.6
45.6
45.6
45.7
45.7
45.7
45.7
45.7
45.8
45.9
45.9
45.9
45.9
46.0
46.0
46.0
46.1
46.1
46.2
46.2
46.2
46.2
46.3
46.3
46.3
46.4
46.4
46.4
46.4
46.5
46.5
46.5
46.5
46.5
46.5
46.6
46.6
46.6
46.6
46.7
46.7
46.7
46.7
46.9
47.0
47.0
47.0
47.1
47.1
47.2
47.2
47.2
47.2
47.3
47.3
47.3
47.3
47.4
47.4
47.4
47.4
47.5
47.5
47.5
47.5
47.5
47.6
47.6
47.6
47.6
47.7
47.7
47.8
47.8
47.9
47.9
47.9
47.9
47.9
47.9
48.0
48.0
48.0
48.0
48.0
48.1
48.1
48.1
48.1
48.1
48.2
48.2
48.2
48.3
48.3
48.5
48.5
48.5
48.6
48.6
48.6
48.6
48.6
48.7
48.7
48.7
48.7
48.7
48.7
48.9
48.9
49.0
49.0
49.1
49.1
49.2
49.2
49.3
49.3
49.4
49.4
49.4
49.5
49.5
49.6
49.7
49.7
49.8
49.8
49.9
49.9
49.9
50.0
50.0
50.0
50.1
50.1
50.1
50.2
50.2
50.2
50.2
50.2
50.2
50.2
50.3
50.3
50.3
50.3
50.4
50.4
50.6
50.6
50.7
50.7
50.8
50.8
50.9
50.9
51.1
51.1
51.1
51.3
51.3
51.3
51.4
51.5
51.5
51.6
51.6
51.7
51.7
51.8
51.8
51.9
51.9
51.9
52.0
52.0
52.0
52.1
52.1
52.1
52.2
52.2
52.3
52.3
52.3
52.3
52.4
52.4
52.4
52.4
52.5
52.5
52.5
52.6
52.6
52.6
52.7
52.7
52.8
52.8
52.8
52.8
52.8
52.9
53.0
53.0
53.2
53.2
53.2
53.2
53.2
53.2
53.2
53.3
53.3
53.3
53.3
53.4
53.4
53.5
53.5
53.6
53.6
53.7
53.7
53.7
53.7
53.7
53.7
53.8
53.8
53.8
53.8
53.9
53.9
53.9
53.9
53.9
53.9
54.0
54.0
54.1
54.2
54.2
54.3
54.3
54.3
54.4
54.4
54.5
54.5
54.5
54.5
54.5
54.6
54.6
54.6
54.6
54.7
54.8
54.8
54.9
54.9
55.0
55.0
55.2
55.2
55.2
55.3
55.3
55.4
55.4
55.6
55.6
55.6
55.7
55.7
55.8
55.8
55.8
55.8
55.8
55.9
56.0
56.0
56.0
56.1
56.2
56.2
56.3
56.3
56.4
56.4
56.4
56.4
56.5
56.5
56.6
56.7
56.7
56.7
56.8
56.8
56.8
56.8
56.8
56.9
56.9
56.9
56.9
56.9
56.9
57.0
57.0
57.1
57.1
57.2
57.2
57.2
57.3
57.3
57.4
57.4
57.5
57.5
57.6
57.6
57.7
57.7
57.8
57.8
57.8
57.8
57.8
57.8
57.8
57.9
57.9
58.0
58.0
58.0
58.0
58.1
58.1
58.2
58.2
58.2
58.2
58.2
58.3
58.4
58.4
58.4
58.4
58.6
58.7
58.7
58.7
58.7
58.7
58.8
58.8
58.8
58.8
58.9
59.0
59.0
59.1
59.1
59.1
59.2
59.3
59.4
59.5
59.6
59.6
59.6
59.7
59.7
59.8
59.8
59.8
59.9
59.9
59.9
60.0
60.0
60.0
60.1
60.1
60.1
60.2
60.2
60.3
60.3
60.3
60.3
60.4
60.4
60.4
60.5
60.5
60.8
60.8
60.8
60.9
60.9
61.0
61.1
61.2
61.3
61.3
61.4
61.5
61.5
61.5
61.7
61.7
61.7
61.7
61.7
61.8
61.9
62.0
62.0
62.0
62.1
62.2
62.2
62.4
62.4
62.5
62.5
62.6
62.6
62.7
62.8
62.8
62.9
62.9
63.0
63.1
63.1
63.1
63.1
63.1
63.2
63.2
63.3
63.3
63.3
63.4
63.6
63.6
63.7
63.8
63.8
63.8
63.9
64.0
64.0
64.1
64.1
64.1
64.2
64.3
64.3
64.5
64.5
64.6
64.7
64.8
64.8
64.8
64.9
64.9
65.0
65.0
65.0
65.2
65.2
65.2
65.2
65.2
65.3
65.4
65.4
65.6
65.7
65.7
65.8
65.8
65.9
65.9
66.0
66.0
66.0
66.0
66.1
66.1
66.1
66.1
66.2
66.2
66.4
66.4
66.4
66.6
66.6
66.6
66.7
66.8
66.8
66.8
66.8
66.8
66.9
66.9
67.0
67.0
67.0
67.1
67.1
67.2
67.2
67.3
67.3
67.4
67.4
67.4
67.6
67.6
67.7
67.8
67.8
67.8
67.9
67.9
68.0
68.0
68.0
68.0
68.1
68.1
68.2
68.2
68.2
68.3
68.3
68.3
68.4
68.4
68.5
68.5
68.5
68.6
68.6
68.6
68.7
68.7
68.7
68.8
68.8
68.8
68.8
68.9
68.9
69.0
69.0
69.0
69.1
69.1
69.2
69.3
69.3
69.3
69.3
69.3
69.3
69.4
69.4
69.5
69.5
69.6
69.6
69.6
69.6
69.7
69.7
69.7
69.8
70.1
70.1
70.3
70.3
70.3
70.4
70.5
70.5
70.6
70.8
70.9
71.0
71.0
71.1
71.1
71.2
71.2
71.2
71.2
71.2
71.2
71.4
71.4
71.4
71.5
71.5
71.5
71.6
71.7
71.7
71.8
71.8
71.8
71.8
72.0
72.0
72.1
72.2
72.3
72.3
72.3
72.4
72.4
72.4
72.5
72.6
72.6
72.7
72.7
72.7
72.8
72.9
73.0
73.1
73.1
73.1
73.3
73.3
73.3
73.3
73.4
73.5
73.5
73.5
73.6
73.6
73.7
73.7
73.7
73.7
73.8
74.0
74.0
74.1
74.1
74.1
74.1
74.2
74.3
74.3
74.3
74.4
74.4
74.4
74.6
74.6
74.7
74.7
74.8
74.8
74.9
74.9
74.9
75.1
75.2
75.3
75.3
75.3
75.3
75.3
75.5
75.5
75.6
75.6
75.7
75.8
75.9
76.0
76.0
76.1
76.2
76.2
76.2
76.4
76.7
76.8
76.8
77.0
77.0
77.1
77.2
77.3
77.3
77.3
77.4
77.4
77.5
77.5
77.5
77.6
77.6
77.6
77.7
77.7
77.8
77.8
77.8
77.9
77.9
77.9
78.0
78.1
78.4
78.4
78.5
78.5
78.6
78.7
78.8
78.8
78.8
78.9
79.1
79.3
79.3
79.4
79.4
79.5
79.5
79.6
79.6
79.6
79.7
79.8
79.8
80.0
80.2
80.5
80.6
80.7
80.7
81.0
81.0
81.0
81.1
81.2
81.2
81.2
81.2
81.3
81.3
81.3
81.4
81.4
81.6
81.6
81.7
81.7
81.7
81.8
81.9
81.9
81.9
82.0
82.0
82.1
82.1
82.2
82.2
82.3
82.3
82.4
82.5
82.5
82.6
82.8
82.8
82.9
83.0
83.0
83.0
83.0
83.1
83.1
83.2
83.2
83.5
83.5
83.5
83.6
83.6
83.7
83.8
83.8
83.8
84.0
84.1
84.1
84.1
84.1
84.2
84.2
84.3
84.3
84.5
84.6
84.6
84.6
84.6
84.6
84.7
84.7
84.9
85.0
85.1
85.1
85.2
85.2
85.3
85.4
85.4
85.4
85.5
85.6
85.6
85.9
86.0
86.0
86.1
86.2
86.3
86.3
86.3
86.4
86.4
86.6
86.6
86.8
86.8
86.9
87.0
87.0
87.2
87.3
87.5
87.6
87.6
87.6
87.8
87.8
87.8
87.9
88.0
88.1
88.2
88.2
88.4
88.4
88.5
88.5
88.6
88.7
88.9
89.0
89.0
89.1
89.2
89.2
89.3
89.4
89.5
89.5
89.6
89.6
89.7
89.7
89.7
89.7
89.8
89.9
90.0
90.1
90.3
90.4
90.6
90.6
90.7
90.8
91.1
91.4
91.5
91.5
91.5
91.6
91.7
91.8
91.9
92.0
92.1
92.2
92.2
92.3
92.3
92.3
92.3
92.4
92.4
92.4
92.6
92.7
92.8
92.8
92.9
92.9
92.9
93.1
93.4
93.6
93.6
93.6
93.7
93.8
93.8
93.9
93.9
93.9
94.1
94.1
94.2
94.2
94.2
94.5
94.6
94.7
94.8
94.8
94.8
94.9
95.0
95.1
95.2
95.2
95.3
95.3
95.5
95.6
95.6
95.6
95.7
95.8
95.8
95.8
95.9
96.1
96.4
96.4
96.5
96.5
96.5
96.6
96.7
96.8
96.8
96.9
96.9
97.1
97.1
97.2
97.2
97.3
97.3
97.3
97.3
97.4
97.4
97.4
97.5
97.5
97.8
97.8
97.9
98.1
98.1
98.2
98.3
98.4
98.5
98.5
98.6
98.6
98.6
98.6
98.7
98.7
98.8
99.0
99.1
99.2
99.3
99.5
99.7
99.8
99.9
99.9
99.9
100.0
100.0
100.1
100.1
100.1
100.2
100.3
100.3
100.3
100.6
100.6
100.6
100.7
100.7
100.8
101.1
101.2
101.2
101.2
101.3
101.3
101.5
101.5
101.6
101.7
101.8
101.9
102.0
102.1
102.2
102.3
102.4
102.6
102.7
102.7
102.9
102.9
103.0
103.1
103.2
103.3
103.3
103.6
103.7
103.9
104.1
104.1
104.1
104.2
104.2
104.3
104.3
104.4
104.5
104.5
104.8
104.8
104.9
104.9
105.1
105.3
105.4
105.5
105.5
105.5
105.8
105.9
106.0
106.0
106.0
106.0
106.1
106.2
106.4
106.4
106.4
106.5
106.5
106.5
106.7
106.8
106.9
107.0
107.0
107.4
107.4
107.5
107.5
107.6
107.6
107.7
107.8
107.9
108.0
108.0
108.1
108.1
108.1
108.1
108.1
108.1
108.2
108.3
108.3
108.4
108.4
108.5
108.7
109.2
109.3
109.5
109.5
109.6
109.6
109.6
109.7
109.8
109.8
110.0
110.2
110.4
110.4
110.4
110.4
110.5
110.6
110.6
111.0
111.0
111.1
111.1
111.1
111.5
111.5
111.5
111.6
111.6
112.2
112.2
112.4
112.4
112.9
113.0
113.1
113.1
113.2
113.2
113.3
113.3
113.4
113.5
113.6
113.6
113.7
113.9
114.1
114.5
114.5
114.5
114.5
114.7
114.8
114.8
114.9
115.3
115.3
115.3
115.5
115.5
115.7
115.8
116.0
116.1
116.2
116.2
116.3
116.4
116.6
116.7
116.9
116.9
117.0
117.2
117.2
117.2
117.3
117.3
117.3
117.3
117.6
117.7
117.7
117.8
117.9
117.9
118.0
118.1
118.1
118.1
118.2
118.2
118.4
118.4
118.7
118.7
118.8
118.9
119.2
119.4
119.5
119.7
119.8
119.9
120.1
120.1
120.1
120.1
120.1
120.2
120.2
120.4
120.5
120.5
120.6
120.6
120.7
120.8
120.8
120.9
120.9
121.2
121.2
121.6
121.6
121.7
121.9
121.9
122.0
122.1
122.3
122.3
122.5
122.5
122.5
122.5
122.7
122.8
123.2
123.4
123.4
123.5
123.5
123.7
123.8
123.8
123.9
124.0
124.0
124.0
124.0
124.4
124.4
124.9
125.2
125.2
125.3
125.5
125.7
125.7
125.8
125.8
125.9
126.0
126.0
126.3
126.4
126.4
126.5
126.7
126.8
126.9
127.0
127.0
127.0
127.1
127.1
127.2
127.3
127.4
127.5
127.6
127.7
127.7
127.7
127.9
128.0
128.2
128.2
128.4
128.4
128.7
128.8
129.3
129.4
129.5
129.6
129.7
130.1
130.3
130.3
130.5
130.6
130.6
130.7
130.7
130.8
131.0
131.0
131.0
131.2
131.2
131.2
131.4
131.4
131.4
131.5
131.8
131.8
132.0
132.1
132.2
132.7
132.8
133.1
133.1
133.2
133.2
133.3
133.4
133.5
133.5
133.6
133.6
133.8
133.9
133.9
134.1
134.2
134.2
134.3
134.3
134.3
134.5
134.5
134.6
134.6
134.6
134.8
134.9
135.0
135.0
135.2
135.3
135.5
135.6
135.6
135.7
135.8
135.8
135.9
135.9
136.0
136.1
136.1
136.2
136.2
136.5
136.6
136.6
136.6
136.8
136.8
136.9
137.1
137.2
137.3
137.5
137.5
137.6
137.6
137.7
137.8
137.9
138.0
138.0
138.1
138.5
138.5
138.6
138.8
138.8
138.8
138.8
139.1
139.1
139.3
139.3
139.4
139.4
139.5
139.7
139.8
139.9
140.0
140.2
140.3
140.5
140.6
140.8
140.9
140.9
141.0
141.0
141.3
141.4
142.1
142.2
142.3
142.6
142.6
142.6
142.8
142.8
142.9
142.9
143.0
143.2
143.3
143.5
143.7
143.7
144.1
144.1
144.3
144.3
144.3
144.3
144.6
144.6
145.0
145.1
145.2
145.2
145.2
145.2
145.3
145.3
145.4
145.5
145.6
145.6
145.7
145.8
145.9
146.1
146.2
146.5
146.9
147.1
147.2
147.4
147.5
147.7
147.8
148.2
148.3
148.3
148.5
148.7
148.8
149.0
149.0
149.0
149.1
149.1
149.1
149.3
149.3
149.5
149.5
149.5
149.7
149.8
150.1
150.1
150.2
150.6
150.9
150.9
151.0
151.5
151.7
151.8
151.8
152.1
152.2
152.2
152.4
152.6
152.7
152.8
152.8
152.9
153.3
153.4
153.7
153.7
153.8
153.8
153.8
153.8
154.0
154.1
154.2
154.4
154.4
154.7
154.7
155.0
155.3
155.3
155.3
155.4
155.7
155.8
156.0
156.0
156.3
156.6
156.6
156.9
157.0
157.0
157.2
157.5
157.6
157.7
157.8
157.9
158.0
158.3
158.4
158.5
158.5
158.6
158.7
158.7
158.8
158.8
158.9
158.9
159.1
159.1
159.1
159.1
159.1
159.1
159.2
159.3
159.7
159.8
159.9
160.0
160.0
160.1
160.4
160.5
161.0
161.3
161.3
161.5
161.8
161.8
161.9
162.0
162.1
162.2
162.3
162.3
162.4
162.7
162.8
162.8
162.9
162.9
163.3
163.4
163.4
163.5
163.5
163.5
163.6
163.8
163.9
164.0
164.0
164.0
164.3
164.5
164.7
164.8
164.9
164.9
165.1
165.1
165.4
165.6
165.6
165.9
166.7
166.8
166.8
166.9
167.0
167.0
167.1
167.1
167.1
167.3
167.6
167.7
167.8
168.2
168.2
168.2
168.3
168.4
168.4
168.6
168.6
168.7
168.8
168.9
169.2
169.4
169.5
169.6
169.7
170.0
170.4
170.7
170.7
170.9
171.0
171.0
171.0
171.1
171.1
171.2
171.3
171.4
171.5
171.6
171.7
171.7
171.9
172.2
172.4
172.8
173.5
173.8
173.8
174.1
174.3
174.4
174.5
174.5
174.6
174.7
174.8
174.9
175.2
175.2
175.2
175.4
175.6
175.8
175.8
175.8
175.9
176.1
176.2
176.4
176.4
176.8
176.8
177.1
177.1
177.1
177.2
177.5
177.5
177.7
177.7
177.9
177.9
178.0
178.0
178.8
178.9
178.9
179.2
179.4
179.4
179.8
179.9
180.2
180.3
180.6
180.9
181.1
181.3
181.4
181.5
181.5
181.6
182.0
182.2
182.4
182.6
182.8
182.9
183.1
183.3
183.4
183.6
183.8
183.8
183.8
183.9
184.0
184.1
184.2
184.3
184.4
184.4
184.5
184.7
184.9
185.0
185.3
185.4
185.4
185.4
185.5
185.5
185.6
185.6
185.7
185.8
185.9
185.9
186.1
186.4
186.4
186.6
186.6
186.8
186.9
186.9
187.0
187.0
187.1
187.2
187.6
187.7
187.8
188.1
188.1
188.6
188.8
188.8
188.9
189.3
189.4
189.8
189.8
189.9
190.0
190.3
191.2
191.5
191.6
191.8
192.0
192.2
192.5
192.8
193.0
193.5
193.5
193.5
193.6
193.8
194.1
194.3
194.4
194.4
194.4
194.6
194.6
194.8
194.9
194.9
194.9
195.0
195.1
195.2
195.5
195.7
196.1
196.1
196.1
196.3
196.4
196.4
196.7
196.9
197.2
197.5
197.6
197.8
197.8
198.2
198.5
198.5
198.5
198.6
198.6
198.7
198.7
198.7
198.8
198.8
199.0
199.0
199.0
199.1
199.3
199.3
199.5
199.5
199.6
199.6
200.2
200.2
200.3
200.5
200.8
200.9
200.9
200.9
200.9
201.1
201.6
201.7
202.3
202.5
202.5
202.7
202.8
202.9
203.2
203.6
203.6
203.7
203.8
204.7
204.8
204.9
205.0
205.0
205.2
205.5
205.6
205.8
205.8
205.8
205.9
206.0
206.0
206.4
206.5
206.7
206.7
206.8
206.9
206.9
206.9
207.0
207.1
207.1
207.1
207.2
207.3
207.4
207.5
207.6
207.9
208.0
208.3
208.6
208.7
208.7
208.8
208.9
209.5
209.8
209.9
210.5
210.6
210.6
210.7
210.7
210.8
210.8
211.1
211.1
211.5
211.6
211.7
211.8
212.4
212.5
212.6
212.7
212.7
213.2
213.3
213.3
213.4
213.4
213.6
213.7
213.9
214.1
214.2
214.2
214.3
214.4
214.8
214.8
215.0
215.4
216.3
216.3
216.7
216.8
216.9
217.1
217.2
217.4
217.4
217.5
217.5
217.5
217.6
217.7
217.7
217.8
217.8
217.9
217.9
218.2
218.2
218.5
218.7
218.8
219.0
219.0
219.2
219.2
219.5
219.7
219.7
219.9
219.9
220.0
220.0
220.2
220.3
220.4
220.4
220.5
220.7
220.9
221.4
221.5
221.7
221.8
221.9
222.1
222.4
222.5
222.7
222.9
223.0
223.0
223.2
223.3
223.7
223.7
223.9
224.1
224.2
224.3
224.3
224.5
224.7
225.0
225.0
225.2
225.4
225.5
225.6
225.7
225.7
225.8
225.8
225.9
226.1
226.2
226.4
227.2
227.3
227.3
227.4
227.5
227.5
227.8
228.0
228.1
228.1
228.4
228.5
228.8
228.8
228.8
229.3
229.6
229.7
229.7
229.8
230.1
230.2
230.2
230.2
230.3
230.7
230.9
230.9
231.0
231.1
231.3
231.3
231.3
231.4
231.8
231.8
231.9
232.8
232.8
232.9
233.1
233.9
234.1
234.4
234.8
234.9
235.1
235.2
235.3
235.6
235.6
235.7
235.9
235.9
236.0
236.3
236.5
237.0
237.1
237.3
237.4
237.6
237.6
237.8
238.2
238.3
238.3
238.4
238.7
238.9
239.1
239.1
239.2
239.2
239.2
239.3
239.3
239.4
240.2
240.9
240.9
241.0
241.3
241.5
241.6
241.8
242.1
242.5
242.6
242.7
242.8
242.9
242.9
243.5
243.7
243.7
244.0
244.1
244.3
244.3
244.5
244.6
244.8
244.8
245.1
245.2
245.2
245.4
245.4
245.6
245.7
245.8
245.9
246.0
246.2
246.3
246.7
247.1
247.4
247.5
247.5
247.6
247.7
247.8
247.9
248.1
248.3
248.4
248.5
248.6
248.7
248.8
248.9
249.1
249.5
249.8
250.1
250.2
250.3
250.3
250.4
250.6
250.8
251.1
251.5
251.6
251.7
251.8
251.9
252.2
252.5
252.6
252.8
253.0
253.3
253.3
253.6
253.7
253.8
253.8
253.8
253.8
253.9
253.9
254.0
254.0
254.3
254.7
254.8
255.0
255.1
255.4
255.6
255.7
255.7
255.8
255.8
255.8
256.1
256.2
256.5
256.7
256.7
256.9
257.2
257.5
257.6
257.9
257.9
258.2
258.4
258.6
258.6
258.7
258.8
258.9
259.0
259.1
259.1
259.3
259.3
259.4
260.0
260.2
260.6
260.7
260.7
260.8
261.0
261.0
261.1
261.1
261.1
261.1
261.2
261.2
261.3
261.7
261.7
261.8
261.9
262.2
262.2
262.3
262.4
262.5
262.6
262.7
262.9
262.9
263.2
263.2
263.4
263.4
263.7
263.8
263.9
264.0
264.0
264.4
264.8
265.0
265.1
265.1
265.1
265.5
265.5
265.6
265.8
266.0
266.2
266.4
266.6
266.6
266.9
267.0
267.4
267.6
267.8
267.8
268.1
268.3
268.5
268.6
268.6
269.1
269.2
269.3
269.5
270.0
270.0
270.1
270.2
270.2
270.3
270.4
270.4
270.5
270.5
270.9
271.2
271.5
271.9
272.0
272.5
272.6
272.8
272.9
273.0
273.1
273.2
273.5
273.7
274.1
274.1
274.1
274.2
274.3
274.4
274.5
275.2
275.6
275.9
276.0
276.2
276.4
276.5
276.5
276.5
276.6
276.7
276.7
276.8
277.0
277.0
277.1
277.3
277.3
277.6
277.7
277.8
278.0
278.0
278.4
278.4
278.4
278.7
278.7
278.9
279.2
279.2
279.2
279.5
279.8
280.0
280.2
280.6
281.0
281.2
281.2
281.8
282.0
282.6
282.9
282.9
282.9
283.1
283.2
283.2
283.2
283.4
283.6
283.8
283.8
284.3
284.3
284.5
285.1
285.4
285.5
285.6
285.9
286.0
286.1
286.4
287.0
287.3
287.5
287.6
288.0
288.0
288.1
288.3
288.4
288.8
288.8
288.8
289.1
289.2
289.3
289.4
289.4
289.6
289.6
289.6
289.7
290.0
290.5
290.6
291.5
291.6
291.6
291.7
291.8
291.9
292.2
292.3
292.3
292.3
292.4
292.4
292.7
292.8
293.0
293.0
293.1
293.6
294.0
294.1
294.5
294.5
294.7
294.9
294.9
295.0
295.3
295.4
295.5
296.0
296.2
296.2
296.7
296.9
297.0
297.0
297.1
297.3
297.3
297.5
298.1
298.1
298.9
298.9
299.2
299.5
299.9
300.0
300.1
300.4
300.4
300.4
300.7
300.8
300.9
301.0
301.0
301.1
301.2
301.3
301.4
301.6
301.8
301.8
301.9
301.9
302.2
302.5
302.5
302.7
302.8
303.1
303.2
303.2
303.4
304.2
304.6
304.8
304.9
304.9
304.9
305.3
305.4
305.4
305.7
306.3
306.3
306.4
306.4
306.7
306.9
307.0
307.0
307.3
307.4
307.5
307.6
307.8
308.0
308.1
309.0
309.2
309.3
309.5
309.9
309.9
310.0
310.0
310.1
310.2
310.4
310.4
310.6
310.6
310.9
311.2
311.2
311.2
311.3
311.4
311.4
311.9
312.1
312.1
312.1
312.2
312.4
312.4
312.5
312.6
312.7
312.8
312.9
312.9
313.4
313.6
314.2
314.2
314.2
314.4
314.4
314.6
314.7
315.0
315.3
315.4
315.4
315.9
316.1
316.1
316.1
316.2
316.3
316.3
316.5
316.9
317.0
317.1
317.1
317.7
317.8
317.8
318.1
318.2
318.3
318.4
318.5
318.6
318.9
319.0
319.1
319.1
319.3
319.5
319.7
319.9
319.9
319.9
320.0
320.0
320.1
320.6
320.7
320.9
321.1
321.4
321.4
321.6
321.7
321.7
322.0
322.0
322.2
322.2
322.3
322.4
322.8
322.8
322.9
323.1
324.1
324.7
324.8
324.9
324.9
325.2
325.3
325.3
325.4
325.4
325.5
325.9
326.0
326.0
326.5
326.6
326.8
326.8
327.1
327.3
327.3
327.4
327.8
327.9
328.0
328.1
328.1
328.3
328.6
328.6
328.8
328.8
329.0
329.1
329.1
329.3
329.4
329.6
330.1
330.2
330.3
330.3
330.4
330.4
330.6
330.9
332.0
332.2
332.6
332.8
332.9
333.0
333.4
333.4
333.5
333.6
333.7
333.7
333.8
334.0
334.1
334.6
334.6
335.0
335.3
335.4
335.8
335.9
335.9
336.0
336.0
336.3
336.5
336.5
336.8
337.1
337.1
337.1
337.4
337.5
337.5
337.5
337.8
337.9
338.2
338.2
338.2
338.3
338.4
338.5
338.8
338.9
338.9
339.0
339.4
339.7
339.7
339.8
340.2
340.5
340.5
340.7
340.7
340.9
341.0
341.1
341.4
341.5
341.5
341.6
341.6
341.7
341.7
341.9
341.9
342.1
342.2
342.2
342.7
342.8
343.1
343.4
343.5
343.6
343.7
343.8
343.8
343.9
343.9
344.0
344.1
344.3
344.3
344.4
344.4
344.5
344.6
344.7
344.8
345.2
345.3
345.4
345.8
345.9
346.1
346.2
346.7
346.9
346.9
347.1
347.4
347.8
347.8
348.1
348.1
348.3
348.4
349.0
349.1
349.2
349.2
349.7
349.7
349.8
349.9
350.0
350.1
350.3
350.3
350.3
350.8
350.8
350.9
351.0
351.3
351.5
351.8
351.9
351.9
352.0
352.1
352.3
352.4
352.9
352.9
352.9
353.0
353.1
353.1
353.3
353.3
353.3
353.3
353.4
353.7
353.7
353.9
353.9
354.0
354.1
354.2
354.4
354.8
354.9
355.1
355.4
355.7
355.8
355.8
355.9
355.9
355.9
356.1
356.1
356.2
356.7
356.7
356.7
357.1
357.1
357.2
357.4
357.5
357.6
357.6
357.6
357.6
357.8
357.8
358.1
358.1
358.2
358.2
358.4
358.8
359.0
359.0
359.1
359.1
359.1
359.1
359.1
359.2
359.2
359.5
359.5
360.2
360.5
360.5
360.7
360.7
360.7
360.8
360.8
360.8
361.0
361.2
361.3
361.4
361.4
361.5
361.9
361.9
361.9
362.0
362.1
362.3
362.4
362.6
362.6
362.7
362.7
362.8
363.1
363.2
363.4
364.0
364.4
364.4
364.4
364.6
364.9
364.9
365.0
365.1
365.1
365.2
365.2
365.3
365.8
365.9
366.4
366.4
366.7
366.8
367.1
367.1
367.2
367.2
367.4
367.8
368.1
368.2
368.3
368.4
368.4
368.4
368.4
368.7
368.7
368.8
368.8
368.8
369.2
369.4
369.6
369.7
369.7
369.7
369.8
370.3
370.9
371.0
371.6
371.6
371.7
371.7
371.8
372.0
372.1
372.2
372.3
372.6
373.0
373.5
373.8
373.9
374.2
374.3
374.5
374.9
375.0
375.2
375.2
375.2
375.4
375.7
375.7
375.8
375.8
375.8
376.1
376.9
377.0
377.3
377.4
377.4
377.5
377.7
377.8
378.0
378.0
378.1
378.3
378.3
378.5
379.0
379.1
379.2
379.3
379.4
379.4
379.5
379.5
379.5
379.7
379.9
379.9
380.0
380.0
380.2
380.2
380.3
380.4
380.4
380.5
380.5
380.6
380.9
381.4
381.7
381.8
381.9
382.2
382.3
382.3
382.4
382.4
382.4
382.6
383.1
383.1
383.2
383.2
383.4
383.5
383.6
383.8
383.8
383.9
384.0
384.2
384.6
384.6
384.7
384.8
385.2
385.2
385.3
385.5
385.6
385.6
385.7
385.7
385.8
386.4
386.7
386.8
387.1
387.2
387.4
387.5
387.9
388.0
388.0
388.0
388.4
388.5
388.6
388.7
388.8
388.9
388.9
389.1
389.3
389.6
389.6
389.6
389.9
389.9
390.0
390.0
390.3
390.4
390.4
390.4
390.4
390.9
391.0
391.1
391.1
391.2
391.4
391.6
391.7
391.8
392.0
392.3
392.3
392.5
392.6
392.7
392.9
393.0
393.0
393.1
393.2
393.2
393.5
393.6
393.6
393.6
393.8
393.9
394.0
394.2
394.5
394.6
394.7
394.8
395.0
395.3
395.3
395.6
395.7
395.8
395.9
396.3
396.5
396.5
396.7
396.9
397.0
397.0
397.1
397.3
397.7
397.8
398.0
398.1
398.4
398.4
399.2
399.2
399.4
399.4
399.5
399.7
399.9
399.9
400.0
400.6
400.8
400.8
401.2
401.2
401.2
401.4
401.4
401.4
401.7
401.8
401.9
401.9
402.0
402.0
402.2
402.2
402.4
402.6
402.6
403.1
403.2
403.9
403.9
404.0
404.1
404.3
404.3
404.3
404.4
404.6
404.7
404.7
404.7
404.7
404.8
405.0
405.2
405.3
405.3
405.7
405.8
405.8
405.9
406.0
406.0
406.3
406.6
406.8
406.9
407.0
407.0
407.1
407.4
407.4
407.4
407.5
407.5
407.8
407.9
408.3
408.4
408.9
409.0
409.1
409.7
409.8
410.1
410.1
410.1
410.3
410.4
410.6
410.7
411.1
411.2
411.2
411.7
411.8
411.9
412.3
412.3
412.4
412.4
412.4
412.5
412.5
412.5
413.0
413.3
413.4
413.4
413.4
413.5
414.2
414.7
414.9
415.0
415.2
415.4
415.6
415.6
415.6
415.8
415.8
415.8
416.1
416.2
416.4
416.4
416.5
417.0
417.3
417.3
417.5
417.5
417.7
417.8
417.9
418.0
418.3
418.4
418.7
418.7
418.7
418.8
419.3
419.4
419.6
419.8
419.9
419.9
420.0
420.1
420.1
420.2
420.3
420.4
420.5
420.5
420.5
420.5
420.5
420.7
420.8
420.8
421.0
421.2
421.3
421.5
421.8
421.8
421.9
421.9
422.1
422.2
422.3
422.9
423.1
423.1
423.3
423.3
423.4
423.7
423.8
423.9
424.1
424.1
424.1
424.4
425.2
425.3
425.3
425.5
425.6
425.6
425.6
425.6
425.6
426.0
426.0
426.3
426.4
426.4
426.5
426.6
426.8
426.9
427.0
427.2
427.3
427.4
427.6
427.7
427.8
427.8
428.0
428.1
428.3
428.3
428.4
428.6
428.7
428.8
429.1
429.4
429.7
430.1
430.2
430.3
430.4
430.5
430.7
430.8
430.8
431.0
431.2
431.2
431.5
431.9
432.1
432.3
432.5
432.5
432.8
433.2
433.3
433.4
433.5
434.1
434.1
434.4
434.6
434.7
434.7
434.9
434.9
435.5
435.8
435.8
435.9
436.2
436.3
436.4
436.8
436.9
436.9
437.1
437.2
437.3
437.9
438.2
439.1
439.3
439.3
439.4
439.4
439.4
439.6
439.8
440.0
440.0
440.8
440.8
441.1
441.2
441.6
442.1
442.2
442.2
442.5
442.6
442.8
442.9
442.9
442.9
442.9
443.0
443.2
443.4
443.5
443.5
443.7
443.9
443.9
444.0
444.3
444.4
444.9
445.0
445.1
445.5
445.5
445.6
445.7
445.9
446.0
446.0
446.0
446.3
446.4
446.6
446.7
446.8
446.8
447.1
447.3
447.5
447.5
447.5
447.6
447.7
447.8
447.9
447.9
447.9
448.1
448.2
448.3
448.5
448.5
448.6
448.6
448.8
448.8
448.8
448.9
448.9
448.9
449.1
449.2
449.2
449.2
449.4
449.4
449.4
449.4
449.6
449.7
449.7
450.1
450.1
450.4
450.4
450.8
451.1
451.1
451.8
452.2
452.3
452.5
452.5
452.8
452.8
453.1
453.1
453.1
453.2
453.5
453.5
453.6
453.7
454.0
454.3
454.8
455.3
455.4
455.7
455.8
455.9
456.0
456.0
456.1
456.6
457.0
457.1
457.3
457.5
457.5
457.6
457.7
457.7
457.7
458.4
458.5
458.7
458.7
459.4
459.4
459.5
459.7
460.1
460.3
460.4
460.5
460.6
460.6
460.6
461.1
461.3
461.6
461.6
461.7
461.8
461.8
462.2
462.3
462.4
462.5
462.6
462.7
462.9
463.2
463.5
463.5
463.6
463.8
463.9
464.0
464.1
464.1
464.8
465.0
465.1
465.3
465.4
465.5
465.6
465.7
465.8
465.9
466.0
466.2
466.2
466.7
466.7
466.8
466.8
467.0
467.6
467.7
467.8
467.9
468.1
468.7
468.9
468.9
469.1
469.2
469.4
469.9
469.9
470.0
470.5
470.6
470.9
471.0
471.1
471.2
471.7
471.9
472.1
472.2
472.3
472.5
472.8
473.0
473.2
473.2
473.3
473.5
473.5
473.6
473.6
474.5
474.8
475.2
475.4
475.8
475.8
476.0
476.2
476.2
476.4
476.4
476.7
476.9
477.2
477.5
477.8
477.9
478.3
478.5
478.7
478.8
478.8
478.9
478.9
478.9
479.3
479.4
479.5
479.6
479.7
480.2
480.5
480.6
480.9
480.9
481.3
481.3
481.4
481.4
481.5
481.5
481.7
481.7
481.8
482.1
482.2
482.2
482.3
482.6
482.9
483.0
483.5
483.8
483.9
484.0
484.6
484.8
484.8
485.0
485.0
485.1
485.1
485.2
485.2
485.8
485.8
485.9
486.4
487.1
487.2
487.3
487.4
487.6
487.8
488.4
488.5
488.6
488.6
488.8
488.9
489.1
489.2
489.3
489.6
489.7
489.9
489.9
490.0
490.0
490.1
490.2
490.3
490.6
490.7
490.9
491.0
491.1
491.1
491.2
491.3
491.6
491.6
492.1
492.3
492.4
492.4
492.5
492.6
493.4
493.6
493.6
493.7
493.8
493.9
494.3
494.3
494.5
494.7
494.8
494.8
495.2
495.7
495.8
496.0
496.5
496.9
497.0
497.0
497.1
497.4
497.4
497.6
497.7
497.7
497.8
497.9
498.0
498.1
498.3
498.5
499.5
499.8
499.9
500.0
500.0
500.9
501.2
501.3
501.4
501.5
501.5
501.8
502.2
502.3
502.4
502.7
502.7
502.9
502.9
503.1
503.4
503.8
503.8
503.9
504.1
504.2
504.6
504.8
504.8
505.2
505.3
505.3
505.7
505.7
505.8
505.9
505.9
505.9
506.0
506.5
506.6
506.8
507.1
507.1
507.3
507.3
507.3
507.4
507.5
507.5
507.5
507.7
507.7
507.9
508.3
508.4
509.0
509.1
509.2
509.2
509.4
509.5
509.5
509.5
509.6
509.7
509.8
509.8
510.0
510.1
510.1
510.2
510.3
510.4
510.6
510.9
511.1
511.1
511.1
511.2
511.3
511.3
511.3
511.4
511.4
511.5
511.6
511.8
512.0
512.1
512.1
512.2
512.3
512.4
512.6
512.7
513.1
513.3
513.3
513.3
513.3
513.8
514.0
514.1
514.2
514.2
514.2
514.4
514.4
514.5
514.6
514.6
515.2
515.4
515.4
515.4
515.6
515.8
515.9
516.1
516.3
516.6
516.6
516.7
516.8
517.3
517.4
517.4
517.6
518.0
518.0
518.1
518.3
518.4
518.5
518.6
518.6
518.7
518.7
518.8
518.9
518.9
519.1
519.2
519.6
519.6
519.7
519.9
520.0
520.1
520.2
520.3
520.5
520.5
520.8
520.9
521.2
521.2
521.2
521.3
521.6
521.7
521.7
522.0
522.4
522.5
522.5
522.6
522.7
522.8
522.9
522.9
522.9
522.9
523.2
523.2
523.3
523.5
523.5
523.5
523.6
523.8
523.9
523.9
524.1
524.2
524.4
524.5
524.7
524.9
525.1
525.2
525.2
525.3
525.3
525.4
525.4
525.6
525.6
525.6
525.7
525.9
526.2
526.3
526.4
526.6
526.7
526.7
526.7
526.8
526.8
526.8
526.9
526.9
526.9
527.0
527.0
527.0
527.2
527.4
527.5
527.5
527.6
527.6
527.8
528.0
528.0
528.1
528.1
528.2
528.5
528.8
528.9
529.1
529.2
529.3
529.6
529.7
529.7
530.0
530.4
530.6
530.6
530.9
531.1
531.2
531.3
531.4
531.5
531.6
531.8
532.3
532.5
532.9
532.9
532.9
533.3
533.6
533.8
534.1
534.4
534.5
534.6
534.6
534.9
535.1
535.2
535.3
535.3
535.4
535.4
535.5
535.6
535.6
535.8
535.8
535.9
536.1
536.2
536.5
536.6
537.1
537.5
537.6
537.7
537.9
537.9
537.9
538.0
538.1
538.3
538.3
538.5
538.5
539.0
539.1
539.3
539.3
539.5
539.6
539.6
539.7
539.7
539.8
539.9
539.9
540.1
540.1
540.2
540.3
540.6
541.3
541.4
541.6
541.7
541.8
542.1
542.4
542.4
542.5
542.7
543.0
543.1
543.4
543.8
543.8
544.1
544.1
544.4
544.4
544.4
544.5
544.6
544.8
544.8
545.0
545.1
545.6
545.7
545.7
545.7
545.8
546.0
546.3
546.6
546.7
546.9
547.1
547.1
547.2
547.4
547.4
547.5
548.0
548.1
548.3
548.5
548.5
548.5
548.7
549.1
549.2
549.5
549.6
549.6
549.9
550.0
550.7
551.2
551.2
551.3
551.4
551.5
551.6
551.7
551.9
552.1
552.5
552.6
552.8
553.1
553.1
553.3
553.4
553.4
553.5
553.6
553.7
553.7
554.0
554.5
554.9
555.0
555.2
555.3
555.4
555.8
556.4
556.7
556.7
556.8
556.9
557.1
557.2
557.3
557.4
557.5
557.7
557.8
557.8
558.4
558.5
558.7
558.8
558.9
559.1
559.1
559.3
559.5
559.6
559.7
559.8
560.0
560.3
561.1
561.1
561.5
561.5
561.6
561.7
561.9
561.9
561.9
561.9
562.3
562.5
562.6
562.6
562.9
563.0
563.0
563.1
563.1
563.1
563.8
563.8
564.0
564.2
564.3
564.4
564.4
564.4
564.6
564.6
564.7
564.7
564.7
564.8
564.9
564.9
565.1
565.2
565.4
565.7
565.7
565.7
565.8
565.9
566.1
566.3
566.5
566.6
567.1
567.4
567.5
567.7
567.9
568.3
568.8
569.0
569.3
569.4
569.6
569.7
569.7
569.9
570.0
570.0
570.0
570.2
570.3
570.4
570.4
570.5
570.5
570.6
570.6
570.7
570.7
571.0
571.4
571.7
571.8
571.9
572.2
572.3
572.4
572.5
572.6
572.7
573.0
573.1
573.2
573.3
573.4
573.6
573.6
573.8
573.8
574.1
574.4
574.4
574.5
574.8
574.8
574.9
575.1
575.3
575.4
575.4
575.4
575.5
575.7
575.8
575.9
576.1
576.1
576.2
576.2
576.7
576.7
576.7
576.7
577.1
577.3
577.4
577.4
577.6
577.8
578.1
578.3
578.3
578.5
578.5
578.7
578.8
578.9
579.0
579.4
579.7
579.8
580.3
580.4
580.4
580.7
580.9
580.9
581.1
581.3
581.5
581.6
581.9
582.1
582.2
582.2
582.4
582.7
583.5
583.5
583.5
583.6
583.6
583.6
583.8
583.9
584.1
584.2
584.7
585.1
585.1
585.4
585.5
585.7
585.9
586.1
586.2
586.4
586.7
586.8
586.8
587.0
587.0
587.2
587.3
587.4
587.5
587.6
587.7
587.8
587.9
588.1
588.4
588.4
588.5
588.7
588.8
589.2
589.4
589.5
589.6
589.7
589.8
589.8
590.2
590.2
590.2
590.2
590.3
590.3
590.9
591.0
591.0
591.1
591.3
591.7
592.3
592.5
592.5
592.5
592.7
592.9
593.1
593.2
593.2
593.6
593.6
593.7
593.8
593.8
593.8
593.9
593.9
594.1
594.2
594.7
594.8
595.0
595.0
595.1
595.1
595.4
595.7
595.7
595.8
596.0
596.2
596.4
596.5
596.5
596.5
596.8
596.8
596.9
597.3
597.8
597.8
598.2
598.4
598.4
598.6
598.8
598.8
598.9
599.0
599.1
599.2
599.4
599.9
599.9
599.9
600.1
600.2
600.2
600.4
600.6
601.0
601.0
601.3
601.3
601.5
601.5
601.6
602.3
602.5
602.7
602.8
602.9
603.0
603.0
603.0
603.1
603.1
603.2
603.4
603.4
603.6
603.6
603.6
603.8
603.8
603.8
604.0
604.0
604.2
604.3
604.4
604.4
604.4
604.5
604.9
605.1
605.2
605.4
605.7
605.9
606.1
606.2
606.2
606.4
606.5
606.5
606.6
606.6
606.6
606.7
606.8
606.8
606.9
606.9
607.0
607.3
607.3
607.4
607.4
607.8
607.8
608.0
608.1
608.1
608.2
608.2
609.1
609.2
609.3
609.4
609.5
609.5
609.7
609.7
609.8
610.0
610.2
610.3
610.9
610.9
611.0
611.2
611.4
611.6
611.6
611.8
611.8
612.0
612.1
612.2
612.7
612.8
613.1
613.2
613.3
613.4
613.6
613.8
613.9
614.1
614.1
614.2
614.4
614.5
614.6
614.8
614.9
615.0
615.2
615.2
615.6
615.8
615.9
616.1
616.1
616.4
616.5
616.6
616.9
617.0
617.0
617.1
617.2
617.3
617.4
617.6
617.6
617.8
618.0
618.0
618.1
618.3
618.4
618.5
618.7
618.7
618.8
618.9
619.0
619.1
619.3
619.4
619.5
619.6
619.8
619.9
620.0
620.1
620.2
620.4
620.9
621.0
621.0
621.1
621.1
621.2
621.8
621.8
621.9
622.0
622.1
622.2
622.4
622.5
622.7
622.7
622.8
622.8
622.9
622.9
623.0
623.1
623.3
623.6
623.6
623.7
623.7
623.8
624.0
624.1
624.1
624.2
624.4
624.4
624.4
624.6
624.6
624.7
624.8
624.9
624.9
624.9
625.1
625.1
625.7
625.7
626.0
626.0
626.2
626.3
626.4
626.4
626.7
627.5
627.5
627.5
627.5
627.9
627.9
628.0
628.3
628.8
628.9
628.9
629.1
629.2
629.2
629.5
629.6
629.6
629.6
629.6
629.6
629.8
629.8
629.8
630.3
630.4
630.8
631.4
631.6
631.8
631.9
631.9
632.1
632.2
632.2
632.4
632.5
632.6
632.7
632.8
632.9
632.9
632.9
633.0
633.3
633.5
633.9
634.1
634.4
634.4
634.5
634.6
634.9
635.1
635.2
635.4
635.5
635.7
635.7
635.9
636.0
636.0
636.3
636.3
636.5
636.6
636.8
637.0
637.0
637.6
637.8
638.0
638.2
638.2
638.3
638.4
638.5
638.7
638.9
639.1
639.2
639.2
639.3
639.5
639.5
639.5
639.5
639.5
639.9
640.2
640.2
640.2
640.2
640.2
640.3
640.3
640.7
641.0
641.0
641.1
641.1
641.1
641.2
641.4
641.5
641.6
641.8
641.8
641.8
642.0
642.2
642.3
642.4
642.5
642.7
643.0
643.0
643.2
643.3
643.4
643.6
643.6
644.1
644.2
644.2
644.3
644.4
644.6
644.8
644.9
645.2
645.5
645.7
645.7
645.8
645.8
645.9
646.0
646.2
646.7
646.8
647.1
647.2
647.3
647.6
647.8
648.3
648.7
649.0
649.1
649.2
649.3
649.3
649.4
649.4
649.7
649.7
649.9
650.1
650.1
650.8
651.3
651.6
651.7
651.8
652.0
652.1
652.1
652.2
652.3
652.5
652.5
652.8
652.8
652.8
653.0
653.1
653.1
653.2
653.2
653.4
653.7
654.1
654.5
654.9
655.2
655.4
655.5
655.6
655.7
656.0
656.1
656.9
657.0
657.0
657.0
657.2
657.3
657.4
657.7
657.7
657.8
658.0
658.0
658.1
658.2
658.3
658.3
658.6
658.6
658.6
658.9
659.1
659.2
659.3
659.4
659.4
659.6
659.6
659.7
660.4
660.6
660.7
660.9
661.0
661.1
661.3
661.3
661.4
661.6
661.8
661.8
662.1
662.2
662.4
662.4
662.5
662.6
662.6
662.6
662.8
662.9
662.9
663.0
663.2
663.3
663.4
663.4
663.5
663.6
663.7
663.8
663.8
663.9
663.9
664.0
664.2
664.3
664.4
664.5
664.5
664.6
664.6
664.8
665.3
665.4
665.6
665.7
665.8
665.8
665.8
666.0
666.0
666.1
666.4
666.5
666.6
666.6
666.6
666.6
666.7
667.1
667.4
667.5
667.5
667.5
667.5
667.6
667.8
667.8
667.9
667.9
667.9
668.0
668.2
668.2
668.2
668.2
668.3
668.3
668.5
668.5
668.6
668.7
668.8
668.9
669.1
669.3
669.3
669.3
669.4
669.6
669.7
670.0
670.5
670.6
670.7
670.7
670.7
670.8
670.9
671.0
671.2
671.3
671.3
671.6
671.6
671.8
671.9
672.0
672.0
672.4
673.1
673.1
673.2
673.3
673.4
673.6
673.7
673.7
673.9
674.0
674.1
674.3
674.3
674.6
674.8
675.2
675.2
675.2
675.2
675.3
675.3
675.3
675.5
675.8
676.1
676.5
676.8
677.0
677.0
677.1
677.1
677.2
677.3
677.5
677.5
677.6
678.1
678.1
678.2
678.3
678.6
678.7
678.8
678.8
679.2
679.3
679.3
679.4
679.5
679.6
679.6
680.0
680.0
680.0
680.0
680.2
680.3
680.3
680.4
680.7
680.9
680.9
681.1
681.1
681.1
681.3
681.5
681.7
681.8
681.9
681.9
682.4
682.5
682.5
682.6
682.6
682.7
683.1
683.2
683.2
683.2
683.3
683.4
683.5
683.5
683.6
683.6
684.2
684.3
684.3
684.5
684.6
684.6
684.6
684.8
684.9
684.9
685.0
685.0
685.2
685.2
685.6
685.7
686.0
686.1
686.2
686.2
686.2
686.5
686.5
686.5
686.6
686.8
687.0
687.2
687.2
687.2
687.3
687.6
687.6
687.7
687.7
687.8
687.9
687.9
688.0
688.3
688.3
688.5
688.5
688.6
688.8
689.1
689.3
689.3
689.4
689.5
689.7
689.7
690.0
690.1
690.3
690.6
690.6
690.6
690.7
690.7
690.8
691.0
691.0
691.0
691.2
691.2
691.4
691.6
691.7
691.7
691.8
691.9
692.0
692.3
692.4
692.6
692.7
692.8
692.8
693.1
693.2
693.3
693.3
693.4
693.5
693.6
694.1
694.1
695.0
695.2
695.2
695.5
695.5
696.1
696.2
696.2
696.3
696.4
696.5
696.8
696.9
697.1
697.1
697.3
697.3
697.4
697.4
697.4
697.6
698.1
698.1
698.3
698.3
698.4
698.7
698.8
699.0
699.1
699.1
699.1
699.3
699.3
699.4
699.6
699.6
699.7
699.9
700.2
700.2
700.5
700.5
700.7
700.8
701.1
701.2
701.2
701.3
701.5
701.6
702.0
702.1
702.3
702.4
702.5
702.8
702.9
703.0
703.0
703.0
703.2
703.3
703.6
703.6
703.6
703.8
703.8
703.9
704.1
704.6
704.8
704.9
705.0
705.0
705.1
705.1
705.2
705.4
705.4
705.4
705.5
705.5
705.7
705.9
706.1
706.2
706.3
706.3
706.4
706.5
706.6
706.8
706.9
706.9
707.1
707.2
707.3
707.4
707.6
707.8
707.9
708.0
708.2
708.5
708.6
708.8
709.0
709.4
709.4
709.6
710.1
710.3
710.6
710.7
710.8
711.0
711.2
711.4
711.4
711.5
711.6
711.9
712.2
712.5
712.6
712.9
713.1
713.2
713.2
713.4
713.5
713.6
713.8
713.8
713.9
714.0
714.0
714.0
714.4
714.5
714.6
714.9
714.9
715.0
715.0
715.0
715.0
715.0
715.1
715.1
715.2
715.3
715.3
715.4
715.6
715.8
715.9
716.0
716.1
716.8
716.8
717.0
717.3
717.4
717.4
717.7
717.8
717.9
718.0
718.1
718.1
718.2
718.2
718.2
718.3
718.5
718.6
718.8
718.9
718.9
718.9
719.0
719.1
719.1
719.3
719.4
719.5
719.9
720.0
720.2
720.3
720.7
721.1
721.2
721.2
721.5
721.6
721.7
721.7
721.8
721.8
721.9
722.2
722.2
722.4
722.4
722.5
722.8
722.8
722.8
722.9
722.9
723.0
723.1
723.5
723.5
723.6
723.7
723.8
723.8
723.9
724.0
724.0
724.3
724.3
724.4
724.4
724.4
724.5
724.7
724.9
725.1
725.1
725.3
725.4
725.9
725.9
726.0
726.0
726.5
726.5
726.5
726.7
726.8
726.8
726.9
727.0
727.0
727.0
727.1
727.2
727.3
727.3
727.4
727.6
727.6
727.8
727.9
728.2
728.3
728.4
728.7
728.7
729.6
729.7
730.2
730.6
730.6
730.8
731.1
731.3
731.4
731.4
731.6
731.7
731.7
732.0
732.2
732.3
732.9
732.9
732.9
733.0
733.1
733.3
733.4
733.4
733.4
733.6
733.7
733.9
734.0
734.1
734.2
734.3
734.4
734.4
734.7
735.1
735.4
735.4
735.9
736.2
736.2
736.4
736.5
736.5
736.7
736.9
737.0
737.2
737.2
737.5
737.6
738.0
738.3
738.3
738.4
738.5
738.7
738.7
738.7
738.8
738.9
738.9
739.0
739.2
739.4
739.6
739.7
739.7
740.9
741.0
741.1
741.1
741.3
741.3
741.4
741.7
742.0
742.3
742.4
742.5
742.6
742.6
743.0
743.1
743.3
743.6
743.7
743.8
744.1
744.2
744.2
744.2
744.4
744.4
744.5
744.5
744.6
744.8
744.9
744.9
745.0
745.2
745.2
745.6
745.9
746.0
746.1
746.1
746.1
746.3
746.3
746.7
746.9
746.9
747.1
747.5
747.6
747.9
748.0
748.1
748.3
748.5
748.6
749.1
749.3
749.4
749.7
749.8
749.8
749.9
750.9
751.0
751.0
751.4
751.5
751.6
751.6
751.6
751.9
751.9
752.1
752.3
752.5
752.6
752.8
752.9
753.0
753.1
753.4
753.4
753.8
754.1
754.1
754.2
754.3
754.4
754.8
754.9
754.9
755.2
755.7
755.9
756.0
756.1
756.3
756.4
756.5
756.5
756.5
756.6
756.8
757.0
757.2
757.4
757.6
757.7
757.9
757.9
758.1
758.1
758.2
758.4
758.5
758.8
759.1
759.2
759.5
759.5
759.5
759.6
759.7
760.0
760.0
760.1
760.2
760.3
760.4
760.6
760.7
760.8
760.9
760.9
761.4
761.4
761.7
761.8
762.1
762.3
762.3
762.4
762.7
762.7
762.7
762.7
762.9
763.0
763.0
763.1
763.1
763.7
763.9
764.1
764.1
764.3
764.6
764.8
765.0
765.1
765.1
765.1
765.1
765.1
765.2
765.6
765.6
765.7
766.0
766.0
766.2
766.7
766.9
767.2
767.2
767.5
767.7
767.8
768.1
768.1
768.4
768.5
768.5
768.7
768.8
768.9
769.0
769.3
769.5
769.6
769.6
769.6
769.7
769.8
769.8
770.1
770.3
770.5
770.7
770.9
770.9
771.3
771.3
771.5
771.8
771.9
772.2
772.2
772.4
772.5
772.5
772.6
772.6
772.6
772.7
772.8
773.2
773.4
773.5
773.7
773.7
773.7
773.9
774.0
774.1
774.4
774.4
774.5
774.6
774.7
775.1
775.6
775.8
775.9
775.9
776.3
776.3
776.5
776.6
776.7
776.9
777.3
777.3
777.3
777.7
777.7
777.8
777.9
778.1
778.1
778.2
778.4
778.5
778.5
778.5
778.7
778.8
779.1
779.1
779.2
779.2
779.4
779.5
779.7
779.9
780.0
780.0
780.2
780.2
780.3
780.4
780.7
780.9
781.0
781.0
781.2
781.3
781.3
781.4
781.6
781.6
781.7
782.1
782.2
782.2
782.4
783.1
783.2
783.3
783.3
783.4
783.5
783.5
783.5
783.7
783.7
783.8
784.1
784.2
784.4
784.5
784.5
784.6
784.7
785.2
785.2
785.2
785.4
785.4
785.5
785.6
785.7
785.9
786.1
786.1
786.3
786.4
786.4
786.5
786.6
786.9
787.3
787.3
788.0
788.1
788.2
788.5
788.6
788.7
788.7
788.8
788.9
789.1
789.1
789.1
789.1
789.1
789.2
789.2
789.5
789.5
789.6
789.6
789.7
789.8
790.0
790.0
790.0
790.1
790.3
790.3
790.4
790.8
791.0
791.1
791.2
791.5
791.5
791.8
791.9
791.9
792.1
792.2
792.3
792.3
792.5
792.8
793.1
793.1
793.1
793.2
793.4
793.4
793.4
793.6
793.9
794.1
794.3
794.3
794.7
795.1
795.3
795.4
795.4
795.5
795.5
795.5
795.6
795.7
796.0
796.4
796.4
796.6
796.7
796.7
796.9
797.0
797.0
797.0
797.1
797.2
797.2
797.3
797.5
797.8
797.9
798.1
798.2
798.2
798.2
798.4
798.4
798.6
798.7
798.7
798.8
798.8
798.9
799.4
799.6
799.8
800.0
800.0
800.4
800.6
800.8
800.8
800.9
800.9
801.0
801.0
801.1
801.2
801.2
801.4
801.5
801.5
801.6
801.6
801.9
802.0
802.0
802.2
802.2
802.2
802.4
802.5
802.5
802.8
802.9
802.9
803.0
803.1
803.1
803.2
803.3
803.4
803.5
803.6
803.6
803.7
803.9
803.9
804.0
804.6
804.6
804.8
804.8
804.9
805.2
805.3
805.3
805.4
805.7
805.8
805.9
805.9
806.2
806.3
806.4
806.4
806.4
806.7
807.4
807.5
807.6
808.1
808.2
808.2
808.2
808.3
808.4
808.5
808.6
808.6
808.9
809.0
809.1
809.2
809.3
809.7
809.8
810.0
810.1
810.1
810.1
810.2
810.5
810.8
811.6
811.9
811.9
812.1
812.2
812.3
812.3
812.6
812.7
812.9
813.1
813.2
813.4
813.5
813.5
813.7
813.9
814.1
814.1
814.5
814.6
814.7
814.8
814.8
814.9
814.9
815.0
815.0
815.1
815.2
815.2
815.2
815.3
815.4
815.4
815.7
815.8
815.9
816.2
816.3
816.4
816.4
816.4
816.5
816.7
816.8
816.8
817.0
817.4
817.5
817.8
817.8
818.1
818.1
818.2
818.3
818.3
818.3
818.4
818.4
818.5
818.5
818.5
818.7
818.8
818.8
818.8
818.9
819.3
819.6
819.6
820.3
820.4
820.5
820.6
820.7
820.7
820.9
821.2
821.2
821.2
821.4
821.5
821.6
821.6
821.6
821.7
821.7
821.9
822.0
822.0
822.1
822.2
822.4
822.5
822.5
822.7
822.8
822.8
823.0
823.1
823.2
823.3
823.4
823.5
823.6
824.1
824.1
824.2
824.3
824.7
824.8
825.0
825.1
825.3
825.3
825.3
825.4
825.5
825.5
826.0
826.3
826.4
826.6
826.7
826.8
826.8
826.9
826.9
827.4
827.5
827.8
827.9
828.0
828.1
828.1
828.2
828.4
828.5
828.6
828.6
828.6
828.7
828.9
829.0
829.0
829.1
829.4
829.5
829.7
829.7
829.9
830.1
830.2
830.4
830.4
830.5
830.5
830.6
830.7
830.7
830.9
831.2
831.3
831.4
831.4
831.4
831.5
831.8
831.9
832.0
832.0
832.1
832.2
832.4
832.6
832.7
832.7
833.3
833.4
833.4
833.5
833.6
833.7
833.7
833.8
833.8
833.8
834.0
834.2
834.5
834.7
834.7
834.7
835.3
835.3
835.4
835.5
835.7
836.0
836.5
836.7
836.8
836.8
837.2
837.4
837.5
837.7
837.8
837.8
837.9
837.9
838.2
838.2
838.4
838.6
838.6
838.8
838.9
839.2
839.3
839.4
839.5
839.7
839.8
839.8
839.9
840.2
840.3
840.4
840.4
840.6
840.7
840.8
841.1
841.4
841.4
841.7
841.9
842.0
842.0
842.4
842.6
842.7
842.8
843.1
843.4
843.4
843.5
843.5
843.9
844.2
844.7
844.8
844.9
845.2
845.3
845.4
845.4
845.5
845.7
845.7
845.7
846.1
846.3
846.3
846.4
846.4
846.5
846.5
846.8
846.8
847.2
847.2
847.5
847.7
847.9
847.9
848.1
848.1
848.2
848.2
848.3
848.3
848.5
848.6
848.6
849.0
849.0
849.2
849.3
849.5
849.7
849.7
850.9
851.0
851.1
851.1
851.1
851.1
851.2
851.3
851.5
851.6
851.7
851.7
851.7
851.9
851.9
852.0
852.2
852.4
852.6
852.6
852.8
853.4
853.5
853.6
853.7
854.1
854.1
854.4
854.7
854.7
855.0
855.1
855.1
855.1
855.3
855.4
855.8
855.9
856.0
856.1
856.3
856.8
857.1
857.2
857.3
857.4
857.5
857.7
858.0
858.2
858.2
858.2
858.7
858.8
858.9
859.2
859.6
860.0
860.0
860.2
860.3
860.6
860.8
860.8
860.8
861.1
861.3
861.4
861.9
862.0
862.0
862.7
862.7
862.9
863.0
863.2
863.4
863.6
863.9
863.9
864.2
864.4
864.7
865.0
865.0
865.1
865.3
865.3
865.3
865.3
865.4
865.6
865.7
866.0
866.0
866.1
866.1
866.1
866.2
866.2
866.3
866.8
866.8
867.2
867.2
867.4
867.5
867.6
868.0
868.1
868.2
868.2
868.7
869.3
869.3
869.4
869.4
869.6
870.1
870.1
870.2
870.2
870.5
870.7
870.9
871.4
871.4
871.5
871.6
871.6
871.9
872.4
872.6
872.6
872.7
872.7
872.8
873.0
873.7
873.8
873.8
874.0
874.9
875.4
875.4
875.5
875.9
875.9
876.1
876.1
876.2
876.5
876.5
876.6
877.0
877.2
877.4
877.5
877.5
877.6
877.6
877.7
877.7
877.9
878.0
878.2
878.2
878.4
878.6
878.7
878.8
879.2
879.3
879.3
879.4
879.5
879.6
879.7
879.9
880.1
880.4
880.5
880.6
880.8
880.9
880.9
881.0
881.5
881.7
881.8
882.0
882.0
882.1
882.1
882.2
882.2
882.3
882.3
882.6
882.6
882.7
882.7
882.7
882.8
882.8
882.9
883.1
883.3
883.5
883.5
883.6
883.7
883.7
883.8
883.9
884.1
884.1
884.2
884.5
884.6
884.7
884.7
884.8
884.9
884.9
885.0
885.1
885.7
885.9
885.9
886.0
886.0
886.1
886.3
886.4
886.5
886.6
886.6
886.6
886.7
886.7
886.7
886.7
886.8
887.0
887.2
887.2
887.2
887.3
887.7
887.9
888.1
888.2
888.2
888.6
888.6
888.6
888.7
888.9
889.0
889.1
889.1
889.4
890.0
890.0
890.0
890.3
890.4
890.5
890.5
890.5
890.5
890.6
890.7
890.7
891.2
891.2
891.4
891.4
891.5
891.5
891.6
891.6
891.6
891.7
891.7
892.0
892.1
892.4
892.5
892.6
892.7
892.9
892.9
893.1
893.2
893.2
893.6
893.6
893.8
894.0
894.2
894.4
894.5
894.7
894.9
894.9
895.4
895.4
895.5
895.7
895.8
895.8
895.9
896.0
896.0
896.1
896.2
896.3
896.4
896.4
896.4
896.5
896.5
896.6
897.0
897.0
897.4
898.1
898.1
898.2
898.2
898.4
898.5
898.6
898.8
898.9
898.9
899.0
899.4
899.4
899.6
899.9
900.1
900.1
900.3
900.8
901.1
901.3
901.5
901.6
901.6
901.8
901.8
901.8
901.9
901.9
902.2
902.2
902.2
902.4
902.7
902.7
902.7
902.9
903.2
903.3
903.3
903.4
903.5
903.5
903.6
903.6
903.6
903.6
903.7
903.9
903.9
904.0
904.1
904.1
904.4
904.5
904.6
904.7
904.7
905.1
905.1
905.5
905.7
905.9
906.0
906.1
906.2
906.3
906.4
906.5
906.6
907.0
907.2
907.4
907.5
907.6
908.2
908.2
908.4
908.4
908.6
908.6
908.7
909.1
909.8
909.9
910.1
910.1
910.2
910.2
910.3
910.4
910.4
910.5
911.0
911.2
911.2
911.3
911.4
912.1
912.4
913.0
913.7
914.1
914.1
914.1
914.2
914.4
914.4
914.5
914.6
914.8
914.9
914.9
915.0
915.3
915.3
915.3
915.3
915.4
915.5
915.5
916.3
916.3
916.5
916.8
916.8
916.9
917.0
917.0
917.0
917.1
917.1
917.2
917.4
917.7
918.1
918.2
918.3
918.5
918.6
918.6
918.7
918.7
918.8
918.8
919.1
919.1
919.1
919.2
919.2
919.2
919.5
919.5
919.6
919.6
919.7
920.0
920.0
920.1
920.6
920.7
920.9
921.0
921.0
921.1
921.1
921.1
921.4
921.5
921.7
921.8
921.9
922.0
922.0
922.2
922.2
922.4
923.0
923.2
923.2
923.3
923.3
923.3
923.5
923.6
923.8
924.0
924.0
924.0
924.1
924.2
924.5
924.5
924.6
924.7
924.8
924.8
924.9
924.9
924.9
925.2
925.2
925.2
925.4
925.5
925.5
925.6
925.9
926.0
926.1
926.3
926.4
926.4
926.8
927.1
927.5
927.8
927.8
927.9
927.9
927.9
928.1
928.6
928.7
928.9
929.0
929.2
929.5
929.6
929.6
929.8
929.8
930.0
930.1
930.2
930.6
930.8
930.9
931.1
931.2
931.2
931.3
931.4
931.5
931.8
932.0
932.0
932.1
932.2
932.2
932.6
932.8
932.9
933.0
933.0
933.1
933.6
933.7
933.7
933.8
934.0
934.2
934.4
934.5
934.6
935.2
935.3
935.3
935.4
935.5
935.9
936.2
936.4
936.6
936.8
937.0
937.1
937.2
937.2
937.3
937.7
937.8
937.9
938.1
938.3
938.4
938.4
938.5
938.5
938.6
938.8
938.9
939.0
939.1
939.3
939.4
939.9
940.1
940.1
940.3
940.3
940.4
940.6
940.7
940.8
940.8
940.9
941.2
941.6
942.1
942.1
942.1
942.2
942.3
942.7
942.7
943.0
943.1
943.5
943.5
943.6
943.7
943.8
943.8
944.0
944.1
944.1
944.4
944.8
944.8
945.5
945.6
945.8
945.9
945.9
946.0
946.0
946.2
946.3
946.3
946.4
946.5
946.6
946.6
946.7
946.7
946.8
947.0
947.0
947.1
947.1
947.1
947.2
947.2
947.4
947.5
947.8
948.2
948.4
948.5
948.8
949.0
949.0
949.2
949.5
949.7
949.7
949.8
950.3
950.4
950.7
951.1
951.1
951.1
951.3
951.4
951.5
951.8
951.8
951.8
951.9
952.4
952.5
952.7
952.9
953.4
953.5
953.7
953.8
953.8
954.1
954.2
954.5
954.5
954.7
954.7
954.8
955.0
955.1
955.4
955.6
955.6
955.7
955.9
956.3
956.5
956.6
956.6
956.8
957.0
957.2
957.2
957.2
957.2
957.2
957.6
957.6
957.6
957.8
957.8
957.9
957.9
958.0
958.2
958.6
958.9
959.2
959.2
959.3
960.0
960.3
960.8
960.8
961.1
961.2
961.2
961.3
961.3
961.3
961.6
961.8
961.8
961.8
961.8
962.1
962.1
962.4
962.9
962.9
963.4
963.6
964.0
964.1
964.7
964.8
964.8
964.9
965.0
965.0
965.3
965.4
965.4
965.4
965.6
965.9
966.0
966.0
966.1
966.3
966.3
966.4
966.5
966.6
966.6
966.7
966.7
966.8
967.0
967.1
967.2
967.2
967.3
967.4
967.8
968.5
968.6
968.6
968.9
969.0
969.2
969.7
969.9
969.9
970.2
970.3
970.7
970.8
970.8
970.8
971.1
971.3
971.7
971.7
971.9
971.9
972.0
972.3
972.5
972.5
972.6
972.6
972.6
972.8
972.9
973.1
973.2
973.2
973.6
974.1
974.1
974.3
974.5
974.6
974.8
974.9
974.9
975.1
975.1
975.2
975.3
975.4
975.8
975.8
976.1
976.2
976.3
976.5
976.5
976.7
977.0
977.3
977.8
977.8
978.0
978.0
978.1
978.2
978.3
978.4
978.5
978.6
978.7
978.9
979.1
979.1
979.1
979.2
979.3
979.4
979.5
979.7
979.8
979.9
979.9
979.9
979.9
980.3
980.3
980.4
980.5
980.5
980.5
980.8
980.8
980.8
981.0
981.2
981.4
981.5
981.5
981.5
981.5
981.8
982.1
982.1
982.2
982.4
982.4
982.5
982.6
982.8
983.0
983.0
983.0
983.1
983.8
983.8
984.1
984.1
984.1
984.2
984.3
984.4
984.4
984.6
984.8
984.8
985.1
985.3
985.3
985.4
985.9
986.2
986.3
986.5
986.6
986.6
986.6
986.7
986.9
987.2
987.4
987.5
987.6
988.4
988.4
988.4
988.5
988.9
988.9
989.0
989.1
989.1
989.3
989.4
989.8
990.2
990.2
990.5
990.5
990.7
990.7
990.7
991.0
991.1
991.3
991.4
991.6
992.0
992.2
992.2
992.3
992.5
992.7
992.7
992.9
993.4
993.5
993.5
993.8
993.8
994.1
994.1
994.2
994.5
994.7
994.7
995.0
995.1
995.2
995.5
996.5
996.5
996.8
996.8
996.9
997.0
997.0
997.3
997.3
997.5
997.6
997.7
997.9
998.0
998.2
998.8
999.2
999.2
999.4
999.5
999.7
999.7
999.8
999.8
