182.7
182.7
182.8
182.8
182.8
182.8
182.8
182.8
182.8
182.8
182.8
182.8
182.8
182.8
182.8
182.8
182.8
182.8
182.8
182.8
182.8
182.8
182.8
182.8
182.8
182.8
182.8
182.8
182.8
182.8
182.8
182.8
182.8
182.8
182.8
182.8
182.8
182.8
182.8
182.8
182.8
182.8
182.8
182.8
182.8
182.8
182.8
182.8
182.8
182.8
182.8
182.8
182.8
182.8
182.8
182.8
182.8
182.8
182.8
182.8
182.8
182.8
182.8
182.8
182.8
182.9
182.9
182.9
182.9
182.9
182.9
182.9
182.9
182.9
182.9
183.0
183.0
183.2
183.2
183.2
183.2
183.3
183.3
183.3
183.3
183.4
183.4
183.5
183.6
183.6
183.7
183.8
183.8
183.8
183.8
183.9
184.0
184.2
184.3
184.5
187.6
187.6
187.6
187.6
187.6
187.6
187.6
187.6
187.6
187.6
187.6
187.6
187.6
187.6
187.6
187.6
187.6
187.6
187.6
187.6
187.6
187.6
187.6
187.6
187.6
187.6
187.6
187.6
187.7
187.7
187.7
187.7
187.7
187.7
187.7
187.7
187.7
187.7
187.7
187.7
187.7
187.7
187.7
187.7
187.7
187.7
187.7
187.7
187.7
187.7
187.7
187.7
187.7
187.7
187.7
187.7
187.7
187.7
187.7
187.7
187.8
187.8
187.8
187.8
187.8
187.8
187.8
187.8
187.9
187.9
187.9
187.9
187.9
187.9
187.9
188.1
188.1
188.7
188.8
188.8
188.8
188.8
188.8
188.9
189.0
189.1
189.1
189.4
189.5
189.7
189.7
190.0
190.0
190.0
190.0
190.2
190.4
190.7
191.0
191.1
191.2
191.2
191.2
191.2
191.2
191.2
191.2
191.2
191.2
191.2
191.2
191.3
191.3
191.3
191.3
191.3
191.3
191.3
191.3
191.3
191.3
191.3
191.3
191.3
191.4
191.4
191.4
191.4
191.4
191.4
191.4
191.4
191.4
191.4
191.4
191.4
191.4
191.4
191.4
191.4
191.4
191.5
191.5
191.5
191.5
191.5
191.5
191.5
191.5
191.5
191.5
191.5
191.6
191.6
191.6
191.6
191.6
191.6
191.6
191.6
191.7
191.7
191.7
191.7
191.7
191.7
191.8
191.9
191.9
192.0
192.0
192.0
192.0
192.1
192.1
192.4
192.5
193.6
193.6
193.7
193.7
193.8
193.9
193.9
194.3
194.5
194.6
194.8
195.0
195.0
195.4
195.7
195.7
195.7
195.8
195.8
195.8
195.8
195.8
195.9
195.9
195.9
196.0
196.0
196.0
196.0
196.0
196.0
196.1
196.1
196.1
196.1
196.1
196.1
196.1
196.2
196.2
196.2
196.2
196.2
196.2
196.2
196.2
196.3
196.3
196.3
196.3
196.3
196.4
196.4
196.4
196.4
196.4
196.4
196.5
196.5
196.5
196.5
196.6
196.6
196.6
196.6
196.6
196.6
196.6
196.6
196.7
196.7
196.7
196.7
196.7
196.8
196.8
196.8
196.8
196.8
196.8
196.8
196.9
196.9
197.0
197.1
197.2
197.2
197.2
197.2
197.3
197.4
197.4
197.4
197.5
197.7
197.9
197.9
198.2
198.4
199.0
200.4
200.6
200.7
201.1
201.2
201.3
201.9
202.0
203.1
203.1
203.2
203.2
203.2
203.3
203.3
203.4
203.5
203.6
203.7
203.7
203.8
203.8
204.1
204.2
204.3
204.3
204.4
204.4
204.4
204.5
204.5
204.5
204.5
204.6
204.6
204.8
204.9
205.0
205.0
205.0
205.2
205.2
205.2
205.3
205.6
205.6
205.6
205.7
205.7
205.7
205.8
205.8
205.9
205.9
205.9
206.0
206.0
206.0
206.0
206.1
206.2
206.2
206.4
206.4
206.5
206.6
206.6
206.8
206.9
206.9
206.9
207.0
207.1
207.2
207.2
207.2
207.3
207.3
207.5
207.5
207.7
207.8
208.2
208.3
208.7
208.8
208.9
209.3
209.4
209.4
209.6
209.6
210.1
212.7
214.7
215.2
215.5
222.9
228.5
233.1
239.1
241.9
351.0
351.0
351.0
351.0
351.0
351.0
351.0
351.0
351.0
351.0
351.0
351.0
351.0
351.0
351.0
351.0
351.0
351.0
351.0
351.0
351.0
351.0
351.0
351.0
351.0
351.0
351.0
351.0
351.0
351.0
351.0
351.0
351.0
351.0
351.0
351.0
351.0
351.0
351.0
351.0
351.0
351.0
351.0
351.0
351.0
351.0
351.0
351.0
351.0
351.0
351.0
351.0
351.0
351.0
351.0
351.0
351.0
351.0
351.0
351.0
351.0
351.0
351.1
351.1
351.1
351.1
351.1
351.1
351.1
351.1
351.1
351.1
351.1
351.1
351.1
351.2
351.2
351.5
351.5
351.5
351.5
351.5
351.5
351.5
351.6
351.7
351.7
351.8
351.9
352.0
352.1
352.2
352.2
352.2
352.2
352.3
352.4
352.7
352.9
353.1
356.0
356.0
356.0
356.1
356.1
356.1
356.1
356.1
356.1
356.1
356.1
356.1
356.1
356.1
356.1
356.1
356.2
356.2
356.2
356.2
356.2
356.2
356.2
356.2
356.2
356.2
356.2
356.2
356.2
356.2
356.2
356.2
356.2
356.2
356.2
356.2
356.2
356.2
356.2
356.2
356.2
356.2
356.2
356.2
356.2
356.2
356.2
356.2
356.2
356.3
356.3
356.3
356.3
356.3
356.3
356.3
356.3
356.3
356.3
356.3
356.4
356.4
356.4
356.4
356.4
356.4
356.4
356.5
356.5
356.5
356.5
356.5
356.5
356.5
356.6
356.8
356.8
357.7
357.7
357.7
357.7
357.7
357.8
357.8
358.0
358.2
358.2
358.7
358.8
359.0
359.2
359.5
359.5
359.7
359.7
360.1
360.3
360.9
360.9
360.9
360.9
360.9
360.9
360.9
360.9
360.9
360.9
360.9
360.9
361.0
361.0
361.0
361.0
361.0
361.0
361.0
361.0
361.0
361.0
361.0
361.0
361.0
361.0
361.0
361.0
361.0
361.0
361.0
361.0
361.1
361.1
361.1
361.1
361.1
361.1
361.1
361.1
361.1
361.1
361.1
361.2
361.2
361.2
361.2
361.2
361.2
361.2
361.2
361.2
361.2
361.2
361.2
361.2
361.2
361.3
361.3
361.3
361.3
361.3
361.5
361.5
361.5
361.5
361.5
361.6
361.6
361.6
361.7
361.7
361.7
361.9
361.9
361.9
361.9
362.0
362.3
362.3
362.9
363.1
363.1
363.2
363.3
363.3
363.3
363.8
363.9
363.9
364.1
364.5
364.8
364.9
365.4
365.4
365.4
365.4
365.5
365.5
365.5
365.6
365.6
365.6
365.6
365.7
365.7
365.7
365.7
365.7
365.7
365.7
365.8
365.8
365.8
365.8
365.8
365.8
365.9
365.9
365.9
365.9
365.9
365.9
366.0
366.0
366.0
366.0
366.0
366.0
366.0
366.0
366.1
366.1
366.2
366.2
366.2
366.2
366.2
366.3
366.3
366.3
366.3
366.3
366.3
366.4
366.4
366.4
366.4
366.4
366.4
366.5
366.5
366.6
366.6
366.7
366.7
366.8
366.8
366.8
366.9
366.9
367.0
367.0
367.1
367.1
367.5
367.5
367.5
367.6
367.7
367.8
367.9
368.0
368.4
368.5
368.8
369.1
370.0
370.1
370.5
370.5
370.6
370.8
370.8
371.2
371.2
371.4
371.7
371.7
371.8
371.8
371.8
371.9
371.9
372.0
372.0
372.1
372.2
372.2
372.2
372.2
372.3
372.3
372.3
372.3
372.4
372.4
372.4
372.5
372.5
372.6
372.6
372.6
372.6
372.7
372.7
372.8
372.9
373.0
373.0
373.1
373.1
373.1
373.2
373.2
373.2
373.3
373.4
373.4
373.4
373.4
373.5
373.5
373.6
373.6
373.6
373.7
373.8
373.8
373.9
373.9
373.9
374.0
374.0
374.0
374.1
374.1
374.2
374.2
374.3
374.3
374.4
374.6
374.7
374.8
374.8
374.9
375.2
375.5
375.7
376.1
376.2
376.2
376.3
376.7
376.7
377.0
377.6
377.8
378.1
378.3
378.9
380.1
380.8
387.0
387.8
392.8
404.4
509.1
509.1
509.1
509.1
509.1
509.1
509.1
509.1
509.1
509.1
509.1
509.1
509.1
509.1
509.1
509.1
509.1
509.1
509.1
509.1
509.1
509.1
509.1
509.1
509.1
509.1
509.1
509.1
509.1
509.1
509.1
509.1
509.1
509.1
509.1
509.1
509.1
509.1
509.1
509.1
509.1
509.1
509.1
509.1
509.1
509.1
509.1
509.1
509.1
509.1
509.1
509.1
509.1
509.1
509.1
509.1
509.1
509.1
509.1
509.1
509.1
509.1
509.2
509.2
509.2
509.2
509.2
509.2
509.2
509.2
509.2
509.2
509.2
509.2
509.2
509.3
509.3
509.5
509.6
509.6
509.6
509.6
509.6
509.6
509.7
509.7
509.7
509.9
509.9
510.0
510.1
510.2
510.2
510.2
510.2
510.3
510.4
510.6
510.9
511.0
513.9
513.9
514.0
514.0
514.0
514.0
514.0
514.0
514.0
514.0
514.0
514.0
514.0
514.0
514.0
514.0
514.1
514.1
514.1
514.1
514.1
514.1
514.1
514.1
514.1
514.1
514.1
514.1
514.1
514.1
514.1
514.1
514.1
514.1
514.1
514.1
514.1
514.1
514.1
514.1
514.1
514.1
514.1
514.1
514.1
514.1
514.1
514.1
514.2
514.2
514.2
514.2
514.2
514.2
514.2
514.2
514.2
514.2
514.2
514.2
514.3
514.3
514.3
514.3
514.3
514.3
514.3
514.3
514.4
514.4
514.4
514.4
514.4
514.4
514.4
514.6
514.7
515.5
515.5
515.5
515.6
515.6
515.6
515.6
515.9
516.0
516.0
516.5
516.6
516.8
517.0
517.2
517.3
517.5
517.5
517.9
518.1
518.5
518.7
518.7
518.7
518.7
518.7
518.7
518.7
518.7
518.7
518.7
518.8
518.8
518.8
518.8
518.8
518.8
518.8
518.8
518.8
518.8
518.8
518.8
518.8
518.8
518.8
518.8
518.9
518.9
518.9
518.9
518.9
518.9
518.9
518.9
518.9
518.9
518.9
518.9
518.9
518.9
518.9
518.9
518.9
518.9
518.9
518.9
519.0
519.0
519.0
519.0
519.0
519.0
519.0
519.0
519.0
519.0
519.0
519.1
519.1
519.1
519.1
519.1
519.3
519.3
519.3
519.3
519.3
519.3
519.4
519.4
519.4
519.5
519.6
519.6
519.6
519.6
519.6
519.9
519.9
520.5
520.7
520.7
520.9
520.9
520.9
521.0
521.4
521.5
521.6
521.8
522.2
522.4
522.5
523.1
523.1
523.1
523.1
523.2
523.2
523.2
523.3
523.3
523.3
523.3
523.4
523.4
523.4
523.4
523.4
523.4
523.4
523.5
523.5
523.5
523.5
523.5
523.6
523.6
523.6
523.6
523.6
523.6
523.6
523.6
523.7
523.7
523.7
523.7
523.7
523.7
523.7
523.7
523.8
523.8
523.9
523.9
523.9
523.9
523.9
523.9
524.0
524.0
524.0
524.0
524.0
524.0
524.0
524.0
524.0
524.0
524.1
524.1
524.2
524.2
524.3
524.3
524.4
524.4
524.4
524.5
524.5
524.6
524.6
524.6
524.7
525.0
525.0
525.1
525.1
525.2
525.3
525.4
525.5
525.9
526.0
526.1
526.7
527.7
528.1
528.2
528.3
528.5
528.5
528.8
529.0
529.1
529.6
530.1
530.4
530.4
530.5
530.6
530.6
530.6
530.7
530.7
530.8
530.8
530.9
531.0
531.1
531.1
531.1
531.2
531.2
531.3
531.3
531.3
531.4
531.4
531.5
531.6
531.8
531.9
531.9
532.0
532.0
532.1
532.1
532.3
532.6
532.6
532.7
532.7
532.8
532.8
532.9
532.9
532.9
532.9
532.9
533.1
533.2
533.2
533.3
533.3
533.3
533.3
533.4
533.4
533.4
533.5
533.5
533.6
533.6
533.8
533.9
533.9
534.2
534.3
534.4
534.5
534.5
534.6
534.8
534.8
534.8
534.8
534.9
535.0
535.4
535.4
535.8
535.9
536.2
536.6
536.6
536.9
537.0
537.6
537.8
538.1
538.6
539.5
540.3
545.3
545.6
547.3
548.2
549.1
551.5
552.2
553.8
554.9
555.7
565.6
666.9
666.9
666.9
666.9
666.9
667.0
667.0
667.0
667.0
667.0
667.0
667.0
667.0
667.0
667.0
667.0
667.0
667.0
667.0
667.0
667.0
667.0
667.0
667.0
667.0
667.0
667.0
667.0
667.0
667.0
667.0
667.0
667.0
667.0
667.0
667.0
667.0
667.0
667.0
667.0
667.0
667.0
667.0
667.0
667.0
667.0
667.0
667.0
667.0
667.0
667.0
667.0
667.0
667.0
667.0
667.0
667.0
667.1
667.1
667.1
667.1
667.1
667.1
667.1
667.1
667.1
667.1
667.1
667.2
667.2
667.2
667.2
667.2
667.2
667.2
667.3
667.3
667.6
667.6
667.6
667.6
667.6
667.6
667.6
667.7
667.8
667.8
668.0
668.0
668.1
668.2
668.3
668.3
668.3
668.3
668.4
668.5
668.8
669.0
669.2
671.7
671.7
671.7
671.7
671.8
671.8
671.8
671.8
671.8
671.8
671.8
671.8
671.8
671.8
671.8
671.8
671.8
671.8
671.8
671.8
671.8
671.8
671.8
671.8
671.8
671.8
671.8
671.8
671.9
671.9
671.9
671.9
671.9
671.9
671.9
671.9
671.9
671.9
671.9
671.9
671.9
671.9
671.9
671.9
671.9
671.9
671.9
671.9
671.9
671.9
671.9
671.9
671.9
671.9
672.0
672.0
672.0
672.0
672.0
672.0
672.0
672.0
672.1
672.1
672.1
672.1
672.2
672.2
672.2
672.3
672.3
672.3
672.3
672.3
672.4
672.6
672.7
673.6
673.6
673.6
673.7
673.7
673.7
673.8
674.0
674.2
674.2
674.7
674.9
675.1
675.3
675.6
675.6
675.8
675.8
676.1
676.3
676.3
676.3
676.4
676.4
676.4
676.4
676.4
676.4
676.4
676.4
676.4
676.4
676.4
676.5
676.5
676.5
676.5
676.5
676.5
676.5
676.5
676.5
676.5
676.5
676.5
676.5
676.5
676.5
676.5
676.5
676.5
676.5
676.5
676.5
676.6
676.6
676.6
676.6
676.6
676.6
676.6
676.6
676.6
676.7
676.7
676.7
676.7
676.7
676.7
676.7
676.7
676.7
676.7
676.7
676.7
676.7
676.7
676.7
676.8
676.8
676.8
676.9
676.9
677.0
677.0
677.0
677.1
677.1
677.1
677.1
677.2
677.3
677.4
677.4
677.4
677.5
677.5
677.8
677.8
677.9
678.6
678.7
678.8
679.0
679.0
679.0
679.0
679.7
679.7
679.8
680.2
680.5
680.7
680.7
680.7
680.8
680.8
680.8
680.8
680.9
680.9
680.9
680.9
681.0
681.0
681.0
681.0
681.0
681.0
681.0
681.0
681.1
681.1
681.1
681.1
681.1
681.1
681.1
681.1
681.1
681.2
681.2
681.2
681.2
681.2
681.2
681.2
681.2
681.3
681.3
681.4
681.4
681.4
681.4
681.4
681.5
681.5
681.5
681.5
681.6
681.6
681.6
681.6
681.6
681.7
681.7
681.7
681.7
681.8
681.8
681.8
681.8
681.9
681.9
682.0
682.0
682.1
682.1
682.2
682.2
682.2
682.2
682.3
682.3
682.4
682.7
682.7
682.8
682.9
683.0
683.0
683.1
683.3
683.3
683.9
684.5
684.6
685.1
685.8
686.3
686.6
686.9
686.9
687.0
687.3
687.6
687.6
687.6
687.8
687.9
687.9
688.0
688.0
688.2
688.2
688.3
688.4
688.4
688.4
688.5
688.5
688.5
688.6
688.6
688.6
688.7
688.8
689.0
689.0
689.0
689.1
689.1
689.1
689.1
689.3
689.3
689.4
689.6
689.7
689.8
689.8
689.9
689.9
689.9
689.9
689.9
690.0
690.0
690.1
690.2
690.3
690.3
690.4
690.5
690.6
690.6
690.8
690.8
690.8
690.8
690.8
691.0
691.0
691.1
691.2
691.2
691.2
691.2
691.2
691.5
691.6
691.8
692.1
692.2
692.3
692.4
692.5
692.7
693.6
693.7
693.8
693.9
693.9
694.4
694.4
695.5
695.7
696.1
696.8
697.3
698.0
698.6
699.6
699.9
707.1
825.9
825.9
825.9
825.9
825.9
825.9
825.9
825.9
825.9
825.9
825.9
825.9
825.9
825.9
825.9
825.9
825.9
825.9
825.9
825.9
825.9
825.9
825.9
825.9
825.9
825.9
825.9
825.9
825.9
825.9
825.9
825.9
825.9
825.9
825.9
825.9
825.9
825.9
825.9
825.9
825.9
825.9
826.0
826.0
826.0
826.0
826.0
826.0
826.0
826.0
826.0
826.0
826.0
826.0
826.0
826.0
826.0
826.0
826.0
826.0
826.0
826.0
826.0
826.0
826.0
826.0
826.0
826.0
826.0
826.0
826.0
826.0
826.0
826.0
826.0
826.0
826.0
826.2
826.3
826.3
826.3
826.3
826.3
826.4
826.4
826.5
826.5
826.6
826.7
826.7
826.7
826.8
826.8
826.9
826.9
827.1
827.1
827.2
827.5
827.6
830.7
830.7
830.7
830.8
830.8
830.8
830.8
830.8
830.8
830.8
830.8
830.8
830.8
830.8
830.8
830.8
830.8
830.8
830.8
830.8
830.8
830.9
830.9
830.9
830.9
830.9
830.9
830.9
830.9
830.9
830.9
830.9
830.9
830.9
830.9
830.9
830.9
830.9
830.9
830.9
830.9
830.9
830.9
830.9
830.9
830.9
830.9
830.9
830.9
830.9
830.9
830.9
830.9
830.9
830.9
830.9
830.9
830.9
830.9
831.0
831.0
831.0
831.0
831.0
831.0
831.0
831.0
831.0
831.0
831.0
831.0
831.0
831.0
831.0
831.0
831.1
831.1
832.0
832.0
832.1
832.1
832.2
832.2
832.2
832.4
832.5
832.6
833.2
833.2
833.3
833.4
833.7
833.7
834.1
834.2
834.5
834.7
834.9
835.5
835.5
835.5
835.5
835.5
835.5
835.5
835.5
835.5
835.5
835.5
835.6
835.6
835.6
835.6
835.6
835.6
835.6
835.6
835.6
835.6
835.6
835.6
835.6
835.6
835.6
835.6
835.6
835.6
835.6
835.7
835.7
835.7
835.7
835.7
835.7
835.7
835.7
835.7
835.7
835.7
835.7
835.7
835.7
835.7
835.7
835.7
835.7
835.7
835.7
835.7
835.7
835.7
835.8
835.8
835.8
835.8
835.8
835.8
835.8
835.8
835.8
835.9
835.9
835.9
835.9
835.9
835.9
835.9
836.0
836.0
836.0
836.0
836.1
836.1
836.1
836.1
836.3
836.4
837.1
837.2
837.2
837.3
837.3
837.4
837.5
837.7
838.0
838.1
838.3
838.6
838.6
838.7
839.3
839.5
839.8
839.8
839.8
839.8
839.8
839.8
839.9
839.9
839.9
840.0
840.0
840.0
840.0
840.0
840.0
840.0
840.0
840.0
840.0
840.1
840.1
840.1
840.1
840.1
840.1
840.1
840.1
840.2
840.2
840.2
840.2
840.2
840.2
840.2
840.2
840.2
840.3
840.3
840.3
840.3
840.4
840.4
840.4
840.4
840.4
840.4
840.4
840.4
840.4
840.4
840.5
840.5
840.5
840.5
840.5
840.5
840.6
840.6
840.6
840.6
840.7
840.7
840.7
840.7
840.8
840.8
840.8
840.8
840.9
840.9
841.1
841.1
841.1
841.2
841.3
841.3
841.3
841.6
841.8
841.8
841.9
842.2
843.1
843.3
843.5
843.6
843.9
844.0
844.0
844.1
844.4
844.5
845.4
845.5
845.7
845.7
846.0
846.0
846.1
846.1
846.2
846.2
846.2
846.2
846.3
846.5
846.5
846.5
846.6
846.6
846.7
846.7
846.7
846.8
846.8
846.8
846.8
846.8
846.9
847.0
847.0
847.0
847.0
847.1
847.1
847.2
847.2
847.3
847.4
847.5
847.5
847.5
847.6
847.6
847.7
847.7
847.7
847.8
847.8
847.8
847.9
847.9
847.9
847.9
847.9
847.9
847.9
848.0
848.0
848.0
848.1
848.1
848.2
848.4
848.4
848.5
848.5
848.5
848.5
848.6
848.7
848.8
848.9
848.9
849.0
849.0
849.2
849.2
849.3
849.6
849.7
849.7
850.2
850.3
850.3
850.7
850.9
851.1
852.7
853.1
858.3
858.4
859.3
860.2
861.0
863.6
864.3
865.4
865.5
867.2
984.8
984.8
984.8
984.8
984.8
984.8
984.8
984.8
984.8
984.8
984.8
984.8
984.8
984.8
984.8
984.8
984.8
984.8
984.8
984.8
984.8
984.8
984.8
984.8
984.8
984.8
984.8
984.8
984.8
984.8
984.8
984.8
984.8
984.8
984.8
984.8
984.8
984.8
984.8
984.8
984.8
984.8
984.8
984.8
984.8
984.8
984.8
984.8
984.8
984.8
984.8
984.8
984.8
984.8
984.8
984.8
984.8
984.8
984.8
984.8
984.8
984.8
984.9
984.9
984.9
984.9
984.9
984.9
984.9
984.9
984.9
984.9
984.9
984.9
984.9
985.0
985.0
985.3
985.3
985.3
985.3
985.3
985.3
985.3
985.4
985.5
985.5
985.6
985.7
985.8
985.9
986.0
986.0
986.0
986.0
986.1
986.2
986.5
986.7
986.9
989.8
989.8
989.8
989.8
989.9
989.9
989.9
989.9
989.9
989.9
989.9
989.9
989.9
989.9
989.9
989.9
989.9
989.9
989.9
989.9
989.9
989.9
989.9
989.9
990.0
990.0
990.0
990.0
990.0
990.0
990.0
990.0
990.0
990.0
990.0
990.0
990.0
990.0
990.0
990.0
990.0
990.0
990.0
990.0
990.0
990.0
990.0
990.0
990.0
990.0
990.0
990.0
990.0
990.0
990.0
990.1
990.1
990.1
990.1
990.1
990.1
990.1
990.1
990.1
990.2
990.2
990.2
990.2
990.3
990.3
990.3
990.3
990.3
990.3
990.3
990.5
990.6
991.6
991.6
991.6
991.6
991.6
991.7
991.7
992.0
992.1
992.1
992.7
992.8
993.1
993.3
993.6
993.6
993.8
993.8
994.2
994.5
995.1
995.2
995.2
995.2
995.2
995.2
995.2
995.2
995.2
995.2
995.2
995.3
995.3
995.3
995.3
995.3
995.3
995.3
995.3
995.3
995.3
995.3
995.3
995.3
995.3
995.3
995.3
995.3
995.3
995.3
995.3
995.3
995.3
995.3
995.4
995.4
995.4
995.4
995.4
995.4
995.4
995.4
995.4
995.4
995.4
995.4
995.4
995.4
995.4
995.4
995.4
995.4
995.5
995.5
995.5
995.5
995.5
995.5
995.5
995.5
995.6
995.6
995.7
995.8
995.8
995.8
995.8
995.8
995.8
995.9
995.9
995.9
996.0
996.1
996.1
996.1
996.2
996.4
996.5
996.5
997.1
997.2
997.2
997.4
997.5
997.5
997.6
998.0
998.0
998.1
998.2
998.5
998.9
998.9
999.6
999.6
999.6
999.7
999.7
999.7
999.7
999.7
999.7
999.8
999.8
999.8
999.8
999.9
999.9
999.9
999.9
999.9
999.9
999.9
